REGION,SETTLEMENTDATE,TOTALDEMAND,RRP,PERIODTYPE
NSW1,2008/1/1 0:30,7767.6,26.66,TRADE
NSW1,2008/1/1 1:00,7516.08,24.75,TRADE
NSW1,2008/1/1 1:30,7140.78,25.07,TRADE
NSW1,2008/1/1 2:00,6781.78,24.94,TRADE
NSW1,2008/1/1 2:30,6544.73,23.78,TRADE
NSW1,2008/1/1 3:00,6376.97,21,TRADE
NSW1,2008/1/1 3:30,6228.76,19.62,TRADE
NSW1,2008/1/1 4:00,6122.14,15.81,TRADE
NSW1,2008/1/1 4:30,6121.98,17.78,TRADE
NSW1,2008/1/1 5:00,6078.71,16.55,TRADE
NSW1,2008/1/1 5:30,6121.64,17.51,TRADE
NSW1,2008/1/1 6:00,6229.92,18.45,TRADE
NSW1,2008/1/1 6:30,6377.99,19.66,TRADE
NSW1,2008/1/1 7:00,6630.34,20,TRADE
NSW1,2008/1/1 7:30,6900.02,19.71,TRADE
NSW1,2008/1/1 8:00,7172.56,20.94,TRADE
NSW1,2008/1/1 8:30,7463.28,20.5,TRADE
NSW1,2008/1/1 9:00,7698.77,20.72,TRADE
NSW1,2008/1/1 9:30,7942.73,21,TRADE
NSW1,2008/1/1 10:00,8113.22,22.78,TRADE
NSW1,2008/1/1 10:30,8294.56,26.55,TRADE
NSW1,2008/1/1 11:00,8451.14,31.02,TRADE
NSW1,2008/1/1 11:30,8542.46,34.58,TRADE
NSW1,2008/1/1 12:00,8629.24,34.33,TRADE
NSW1,2008/1/1 12:30,8658.49,32.12,TRADE
NSW1,2008/1/1 13:00,8697.97,35,TRADE
NSW1,2008/1/1 13:30,8802.36,35,TRADE
NSW1,2008/1/1 14:00,8833.77,34.7,TRADE
NSW1,2008/1/1 14:30,8892.45,33.17,TRADE
NSW1,2008/1/1 15:00,8949.26,32.26,TRADE
NSW1,2008/1/1 15:30,8983.29,33.53,TRADE
NSW1,2008/1/1 16:00,9064.86,40.35,TRADE
NSW1,2008/1/1 16:30,9140.04,36.24,TRADE
NSW1,2008/1/1 17:00,9226.07,42.17,TRADE
NSW1,2008/1/1 17:30,9159.59,31.06,TRADE
NSW1,2008/1/1 18:00,9036.32,32.11,TRADE
NSW1,2008/1/1 18:30,8850.16,28,TRADE
NSW1,2008/1/1 19:00,8657.79,27.34,TRADE
NSW1,2008/1/1 19:30,8587.08,25.13,TRADE
NSW1,2008/1/1 20:00,8658.7,26.46,TRADE
NSW1,2008/1/1 20:30,8564.32,24.12,TRADE
NSW1,2008/1/1 21:00,8327.97,21.25,TRADE
NSW1,2008/1/1 21:30,8294.47,20.83,TRADE
NSW1,2008/1/1 22:00,8106.12,19.18,TRADE
NSW1,2008/1/1 22:30,8027.06,22.02,TRADE
NSW1,2008/1/1 23:00,7830.96,20.95,TRADE
NSW1,2008/1/1 23:30,7672.99,21,TRADE
NSW1,2008/1/2 0:00,7504.05,20.83,TRADE
NSW1,2008/1/2 0:30,7285.52,19.98,TRADE
NSW1,2008/1/2 1:00,7042.94,19.98,TRADE
NSW1,2008/1/2 1:30,6752.32,20.03,TRADE
NSW1,2008/1/2 2:00,6472.4,18.27,TRADE
NSW1,2008/1/2 2:30,6304.34,14.61,TRADE
NSW1,2008/1/2 3:00,6265.09,15.5,TRADE
NSW1,2008/1/2 3:30,6229.64,14.12,TRADE
NSW1,2008/1/2 4:00,6255.13,16.2,TRADE
NSW1,2008/1/2 4:30,6459.5,18.09,TRADE
NSW1,2008/1/2 5:00,6589.23,19.79,TRADE
NSW1,2008/1/2 5:30,6906.22,20.9,TRADE
NSW1,2008/1/2 6:00,7280.12,20.28,TRADE
NSW1,2008/1/2 6:30,7598.16,21.71,TRADE
NSW1,2008/1/2 7:00,8041.98,20.83,TRADE
NSW1,2008/1/2 7:30,8462.92,20.82,TRADE
NSW1,2008/1/2 8:00,8854.11,23.02,TRADE
NSW1,2008/1/2 8:30,9265.61,34.37,TRADE
NSW1,2008/1/2 9:00,9494.32,33.15,TRADE
NSW1,2008/1/2 9:30,9656.76,33.48,TRADE
NSW1,2008/1/2 10:00,9754.07,33.65,TRADE
NSW1,2008/1/2 10:30,9879.1,39.64,TRADE
NSW1,2008/1/2 11:00,10021.9,42.66,TRADE
NSW1,2008/1/2 11:30,10067.73,42.76,TRADE
NSW1,2008/1/2 12:00,10195.88,43.27,TRADE
NSW1,2008/1/2 12:30,10284.13,43.46,TRADE
NSW1,2008/1/2 13:00,10391.96,44.16,TRADE
NSW1,2008/1/2 13:30,10485.34,44.55,TRADE
NSW1,2008/1/2 14:00,10571.71,44.54,TRADE
NSW1,2008/1/2 14:30,10635.35,44.89,TRADE
NSW1,2008/1/2 15:00,10718.24,45.43,TRADE
NSW1,2008/1/2 15:30,10777.78,45.45,TRADE
NSW1,2008/1/2 16:00,10791.48,45.26,TRADE
NSW1,2008/1/2 16:30,10716.57,45.18,TRADE
NSW1,2008/1/2 17:00,10574.47,45.55,TRADE
NSW1,2008/1/2 17:30,10227.73,35.07,TRADE
NSW1,2008/1/2 18:00,10002.78,33.64,TRADE
NSW1,2008/1/2 18:30,9655.28,27.89,TRADE
NSW1,2008/1/2 19:00,9419.67,21.88,TRADE
NSW1,2008/1/2 19:30,9331.85,21.32,TRADE
NSW1,2008/1/2 20:00,9369.69,27.84,TRADE
NSW1,2008/1/2 20:30,9229.62,28.82,TRADE
NSW1,2008/1/2 21:00,8890.07,23.59,TRADE
NSW1,2008/1/2 21:30,8918,23.03,TRADE
NSW1,2008/1/2 22:00,8547.37,20.67,TRADE
NSW1,2008/1/2 22:30,8588.86,22.06,TRADE
NSW1,2008/1/2 23:00,8376.06,23.77,TRADE
NSW1,2008/1/2 23:30,8154.71,26.52,TRADE
NSW1,2008/1/3 0:00,7961.44,25.55,TRADE
NSW1,2008/1/3 0:30,7733.99,22.46,TRADE
NSW1,2008/1/3 1:00,7466.35,21,TRADE
NSW1,2008/1/3 1:30,7148.08,21.42,TRADE
NSW1,2008/1/3 2:00,6803.41,20.15,TRADE
NSW1,2008/1/3 2:30,6624.41,19.97,TRADE
NSW1,2008/1/3 3:00,6507.7,19.99,TRADE
NSW1,2008/1/3 3:30,6471.72,20.06,TRADE
NSW1,2008/1/3 4:00,6512.59,20,TRADE
NSW1,2008/1/3 4:30,6628.9,19.98,TRADE
NSW1,2008/1/3 5:00,6818.23,20,TRADE
NSW1,2008/1/3 5:30,7176.78,20.89,TRADE
NSW1,2008/1/3 6:00,7529.31,20,TRADE
NSW1,2008/1/3 6:30,7894.82,21.4,TRADE
NSW1,2008/1/3 7:00,8337.38,21.03,TRADE
NSW1,2008/1/3 7:30,8711.68,20.86,TRADE
NSW1,2008/1/3 8:00,9050.3,24.05,TRADE
NSW1,2008/1/3 8:30,9465.76,33.15,TRADE
NSW1,2008/1/3 9:00,9630.58,33.72,TRADE
NSW1,2008/1/3 9:30,9755.02,33.9,TRADE
NSW1,2008/1/3 10:00,9769.82,33.33,TRADE
NSW1,2008/1/3 10:30,9819.61,33.41,TRADE
NSW1,2008/1/3 11:00,9903.27,37.53,TRADE
NSW1,2008/1/3 11:30,9875.14,37.28,TRADE
NSW1,2008/1/3 12:00,9911.4,34.7,TRADE
NSW1,2008/1/3 12:30,9948.09,38.38,TRADE
NSW1,2008/1/3 13:00,9964.31,37.23,TRADE
NSW1,2008/1/3 13:30,9947.91,42.85,TRADE
NSW1,2008/1/3 14:00,9973.47,53.92,TRADE
NSW1,2008/1/3 14:30,9996.43,54.38,TRADE
NSW1,2008/1/3 15:00,9980.88,44.53,TRADE
NSW1,2008/1/3 15:30,10037.86,52.74,TRADE
NSW1,2008/1/3 16:00,10097.99,61.34,TRADE
NSW1,2008/1/3 16:30,10049.77,62.46,TRADE
NSW1,2008/1/3 17:00,10054.99,71.94,TRADE
NSW1,2008/1/3 17:30,9791.93,61.27,TRADE
NSW1,2008/1/3 18:00,9599.21,46.47,TRADE
NSW1,2008/1/3 18:30,9357.1,41.51,TRADE
NSW1,2008/1/3 19:00,9190.93,41.45,TRADE
NSW1,2008/1/3 19:30,9186.8,41.37,TRADE
NSW1,2008/1/3 20:00,9247.99,40.38,TRADE
NSW1,2008/1/3 20:30,9025.41,35.02,TRADE
NSW1,2008/1/3 21:00,8685.13,28.86,TRADE
NSW1,2008/1/3 21:30,8720.29,27.18,TRADE
NSW1,2008/1/3 22:00,8597.95,25.03,TRADE
NSW1,2008/1/3 22:30,8515.11,31.57,TRADE
NSW1,2008/1/3 23:00,8269.37,33.66,TRADE
NSW1,2008/1/3 23:30,8038.28,29.23,TRADE
NSW1,2008/1/4 0:00,7861.26,27.48,TRADE
NSW1,2008/1/4 0:30,7630.22,22.07,TRADE
NSW1,2008/1/4 1:00,7415.57,20.94,TRADE
NSW1,2008/1/4 1:30,7038.45,20.83,TRADE
NSW1,2008/1/4 2:00,6738.33,19.87,TRADE
NSW1,2008/1/4 2:30,6556.69,19.93,TRADE
NSW1,2008/1/4 3:00,6486.18,19.96,TRADE
NSW1,2008/1/4 3:30,6468.22,19.98,TRADE
NSW1,2008/1/4 4:00,6503.67,20.48,TRADE
NSW1,2008/1/4 4:30,6651.24,20,TRADE
NSW1,2008/1/4 5:00,6791.83,20.33,TRADE
NSW1,2008/1/4 5:30,7166.18,22.75,TRADE
NSW1,2008/1/4 6:00,7571.48,28.05,TRADE
NSW1,2008/1/4 6:30,7910.27,32.46,TRADE
NSW1,2008/1/4 7:00,8298.72,33.33,TRADE
NSW1,2008/1/4 7:30,8685.48,29.11,TRADE
NSW1,2008/1/4 8:00,9097.81,41.02,TRADE
NSW1,2008/1/4 8:30,9421.1,44.62,TRADE
NSW1,2008/1/4 9:00,9594.07,47.21,TRADE
NSW1,2008/1/4 9:30,9707.58,70.77,TRADE
NSW1,2008/1/4 10:00,9772.51,76,TRADE
NSW1,2008/1/4 10:30,9787.33,82.74,TRADE
NSW1,2008/1/4 11:00,9818.1,84.22,TRADE
NSW1,2008/1/4 11:30,9751.09,63.66,TRADE
NSW1,2008/1/4 12:00,9735.87,68.59,TRADE
NSW1,2008/1/4 12:30,9781.07,73.99,TRADE
NSW1,2008/1/4 13:00,9836.38,88.05,TRADE
NSW1,2008/1/4 13:30,9785.67,88.86,TRADE
NSW1,2008/1/4 14:00,9865.1,91.99,TRADE
NSW1,2008/1/4 14:30,9865.67,98.67,TRADE
NSW1,2008/1/4 15:00,9919.85,91.16,TRADE
NSW1,2008/1/4 15:30,9842.14,74.33,TRADE
NSW1,2008/1/4 16:00,9826.6,69.91,TRADE
NSW1,2008/1/4 16:30,9799.08,78.5,TRADE
NSW1,2008/1/4 17:00,9648.07,72.62,TRADE
NSW1,2008/1/4 17:30,9408.8,53.34,TRADE
NSW1,2008/1/4 18:00,9213.08,48.55,TRADE
NSW1,2008/1/4 18:30,8926.41,60.97,TRADE
NSW1,2008/1/4 19:00,8831.49,51.12,TRADE
NSW1,2008/1/4 19:30,8766.01,38.27,TRADE
NSW1,2008/1/4 20:00,8914.01,37.85,TRADE
NSW1,2008/1/4 20:30,8711.24,31.17,TRADE
NSW1,2008/1/4 21:00,8503.16,29.19,TRADE
NSW1,2008/1/4 21:30,8577.43,29.33,TRADE
NSW1,2008/1/4 22:00,8556.2,27,TRADE
NSW1,2008/1/4 22:30,8582.21,32.36,TRADE
NSW1,2008/1/4 23:00,8480.22,31.58,TRADE
NSW1,2008/1/4 23:30,8235.55,33.29,TRADE
NSW1,2008/1/5 0:00,8068.67,28.39,TRADE
NSW1,2008/1/5 0:30,7714.01,23.07,TRADE
NSW1,2008/1/5 1:00,7435.38,20.75,TRADE
NSW1,2008/1/5 1:30,7099.81,20.67,TRADE
NSW1,2008/1/5 2:00,6822.42,19.73,TRADE
NSW1,2008/1/5 2:30,6588.17,19.97,TRADE
NSW1,2008/1/5 3:00,6526.27,20.27,TRADE
NSW1,2008/1/5 3:30,6454.39,20.25,TRADE
NSW1,2008/1/5 4:00,6453.67,20,TRADE
NSW1,2008/1/5 4:30,6476.42,20,TRADE
NSW1,2008/1/5 5:00,6555.36,20,TRADE
NSW1,2008/1/5 5:30,6679.97,20.17,TRADE
NSW1,2008/1/5 6:00,6859.44,20.4,TRADE
NSW1,2008/1/5 6:30,7185.5,21.11,TRADE
NSW1,2008/1/5 7:00,7552.34,20.88,TRADE
NSW1,2008/1/5 7:30,7912.82,25.51,TRADE
NSW1,2008/1/5 8:00,8278.93,29.51,TRADE
NSW1,2008/1/5 8:30,8685.62,40.16,TRADE
NSW1,2008/1/5 9:00,8843.01,43.41,TRADE
NSW1,2008/1/5 9:30,9033.3,48.41,TRADE
NSW1,2008/1/5 10:00,9021.71,59.14,TRADE
NSW1,2008/1/5 10:30,9057.13,67.07,TRADE
NSW1,2008/1/5 11:00,9107.27,71.43,TRADE
NSW1,2008/1/5 11:30,9076,74.86,TRADE
NSW1,2008/1/5 12:00,9131.93,81.04,TRADE
NSW1,2008/1/5 12:30,9033.04,81.16,TRADE
NSW1,2008/1/5 13:00,9044.54,123.98,TRADE
NSW1,2008/1/5 13:30,8977,97.91,TRADE
NSW1,2008/1/5 14:00,8937.9,76.03,TRADE
NSW1,2008/1/5 14:30,8919.24,60.44,TRADE
NSW1,2008/1/5 15:00,8994.42,72.72,TRADE
NSW1,2008/1/5 15:30,8927.91,77.99,TRADE
NSW1,2008/1/5 16:00,8997.27,83.2,TRADE
NSW1,2008/1/5 16:30,8900.96,83.88,TRADE
NSW1,2008/1/5 17:00,8914.75,83.56,TRADE
NSW1,2008/1/5 17:30,8867.69,79.47,TRADE
NSW1,2008/1/5 18:00,8794.19,72.92,TRADE
NSW1,2008/1/5 18:30,8682.21,43.76,TRADE
NSW1,2008/1/5 19:00,8511.32,35.01,TRADE
NSW1,2008/1/5 19:30,8570.03,43.19,TRADE
NSW1,2008/1/5 20:00,8665.49,37.89,TRADE
NSW1,2008/1/5 20:30,8578.63,42.59,TRADE
NSW1,2008/1/5 21:00,8427.81,33.99,TRADE
NSW1,2008/1/5 21:30,8389.91,33.43,TRADE
NSW1,2008/1/5 22:00,8314.28,31.17,TRADE
NSW1,2008/1/5 22:30,8212.91,35.28,TRADE
NSW1,2008/1/5 23:00,7949.6,34.76,TRADE
NSW1,2008/1/5 23:30,7785.58,34.99,TRADE
NSW1,2008/1/6 0:00,7533.11,28.51,TRADE
NSW1,2008/1/6 0:30,7367.44,25.03,TRADE
NSW1,2008/1/6 1:00,7142.51,22.29,TRADE
NSW1,2008/1/6 1:30,6840.14,25.28,TRADE
NSW1,2008/1/6 2:00,6609.15,20.33,TRADE
NSW1,2008/1/6 2:30,6456.97,19.98,TRADE
NSW1,2008/1/6 3:00,6350.37,20,TRADE
NSW1,2008/1/6 3:30,6351.81,20,TRADE
NSW1,2008/1/6 4:00,6318.24,19.95,TRADE
NSW1,2008/1/6 4:30,6355.32,19.95,TRADE
NSW1,2008/1/6 5:00,6391.09,19.96,TRADE
NSW1,2008/1/6 5:30,6470.99,19.97,TRADE
NSW1,2008/1/6 6:00,6534.39,19.98,TRADE
NSW1,2008/1/6 6:30,6757.57,20.2,TRADE
NSW1,2008/1/6 7:00,7056.4,20.43,TRADE
NSW1,2008/1/6 7:30,7506.23,21,TRADE
NSW1,2008/1/6 8:00,7797.93,21.49,TRADE
NSW1,2008/1/6 8:30,8223.28,26.29,TRADE
NSW1,2008/1/6 9:00,8482.56,29.42,TRADE
NSW1,2008/1/6 9:30,8740.1,29.08,TRADE
NSW1,2008/1/6 10:00,8852.1,33.63,TRADE
NSW1,2008/1/6 10:30,8988.51,40.9,TRADE
NSW1,2008/1/6 11:00,9115.08,53.36,TRADE
NSW1,2008/1/6 11:30,9210.35,54.28,TRADE
NSW1,2008/1/6 12:00,9338.71,56.44,TRADE
NSW1,2008/1/6 12:30,9392.11,63.42,TRADE
NSW1,2008/1/6 13:00,9513.07,73.08,TRADE
NSW1,2008/1/6 13:30,9607.8,64.74,TRADE
NSW1,2008/1/6 14:00,9819.7,56.79,TRADE
NSW1,2008/1/6 14:30,9910.98,56.2,TRADE
NSW1,2008/1/6 15:00,10075.81,55.48,TRADE
NSW1,2008/1/6 15:30,10093.61,55.63,TRADE
NSW1,2008/1/6 16:00,10193.4,56.21,TRADE
NSW1,2008/1/6 16:30,10197.74,56.36,TRADE
NSW1,2008/1/6 17:00,10317.44,59.95,TRADE
NSW1,2008/1/6 17:30,10263.24,59.46,TRADE
NSW1,2008/1/6 18:00,10230.4,51.71,TRADE
NSW1,2008/1/6 18:30,10165.87,47.06,TRADE
NSW1,2008/1/6 19:00,10029.18,47.68,TRADE
NSW1,2008/1/6 19:30,9927.27,46.09,TRADE
NSW1,2008/1/6 20:00,10028.41,49.12,TRADE
NSW1,2008/1/6 20:30,9869.23,41.36,TRADE
NSW1,2008/1/6 21:00,9551.32,33.34,TRADE
NSW1,2008/1/6 21:30,9345.27,29.98,TRADE
NSW1,2008/1/6 22:00,8994.97,24.34,TRADE
NSW1,2008/1/6 22:30,8729.79,27.34,TRADE
NSW1,2008/1/6 23:00,8352.64,25.26,TRADE
NSW1,2008/1/6 23:30,7980.24,23.84,TRADE
NSW1,2008/1/7 0:00,7804.27,21.41,TRADE
NSW1,2008/1/7 0:30,7567.43,20.41,TRADE
NSW1,2008/1/7 1:00,7431.69,19.99,TRADE
NSW1,2008/1/7 1:30,7113.46,20.11,TRADE
NSW1,2008/1/7 2:00,6852.41,19.92,TRADE
NSW1,2008/1/7 2:30,6737.64,19.94,TRADE
NSW1,2008/1/7 3:00,6687.12,19.95,TRADE
NSW1,2008/1/7 3:30,6642,19.7,TRADE
NSW1,2008/1/7 4:00,6596.4,18.74,TRADE
NSW1,2008/1/7 4:30,6837.78,19.44,TRADE
NSW1,2008/1/7 5:00,7082.57,20,TRADE
NSW1,2008/1/7 5:30,7484.02,20.59,TRADE
NSW1,2008/1/7 6:00,7981.69,21.75,TRADE
NSW1,2008/1/7 6:30,8429.24,31.69,TRADE
NSW1,2008/1/7 7:00,8877.56,30.96,TRADE
NSW1,2008/1/7 7:30,9376.28,34.67,TRADE
NSW1,2008/1/7 8:00,9824.38,40.34,TRADE
NSW1,2008/1/7 8:30,10094.6,43.03,TRADE
NSW1,2008/1/7 9:00,10206.4,45.81,TRADE
NSW1,2008/1/7 9:30,10354.58,57.97,TRADE
NSW1,2008/1/7 10:00,10408.46,67.69,TRADE
NSW1,2008/1/7 10:30,10461.43,67.95,TRADE
NSW1,2008/1/7 11:00,10510.86,67.94,TRADE
NSW1,2008/1/7 11:30,10603.26,68.12,TRADE
NSW1,2008/1/7 12:00,10654.42,68.02,TRADE
NSW1,2008/1/7 12:30,10629,66.33,TRADE
NSW1,2008/1/7 13:00,10752.1,66.69,TRADE
NSW1,2008/1/7 13:30,10889.59,67.44,TRADE
NSW1,2008/1/7 14:00,10953.64,67.49,TRADE
NSW1,2008/1/7 14:30,10971.08,65.13,TRADE
NSW1,2008/1/7 15:00,11027.21,62.87,TRADE
NSW1,2008/1/7 15:30,11082.49,67.23,TRADE
NSW1,2008/1/7 16:00,11120.11,56.77,TRADE
NSW1,2008/1/7 16:30,11038.78,58.67,TRADE
NSW1,2008/1/7 17:00,10910,50.62,TRADE
NSW1,2008/1/7 17:30,10597.19,37.73,TRADE
NSW1,2008/1/7 18:00,10428.95,34.65,TRADE
NSW1,2008/1/7 18:30,10094.8,35.61,TRADE
NSW1,2008/1/7 19:00,9838.03,33.41,TRADE
NSW1,2008/1/7 19:30,9608.42,32.56,TRADE
NSW1,2008/1/7 20:00,9696.32,32.75,TRADE
NSW1,2008/1/7 20:30,9501.69,33.03,TRADE
NSW1,2008/1/7 21:00,9126.3,31.99,TRADE
NSW1,2008/1/7 21:30,9167.05,33.03,TRADE
NSW1,2008/1/7 22:00,8864.19,28.79,TRADE
NSW1,2008/1/7 22:30,8808.6,29.06,TRADE
NSW1,2008/1/7 23:00,8521.08,27.55,TRADE
NSW1,2008/1/7 23:30,8338.41,28.3,TRADE
NSW1,2008/1/8 0:00,8123.57,25.23,TRADE
NSW1,2008/1/8 0:30,7854.19,20.73,TRADE
NSW1,2008/1/8 1:00,7615.24,19.96,TRADE
NSW1,2008/1/8 1:30,7243.71,19.9,TRADE
NSW1,2008/1/8 2:00,6964.34,18.26,TRADE
NSW1,2008/1/8 2:30,6793.41,19.66,TRADE
NSW1,2008/1/8 3:00,6744.66,18.85,TRADE
NSW1,2008/1/8 3:30,6781.26,18.75,TRADE
NSW1,2008/1/8 4:00,6742.35,19.18,TRADE
NSW1,2008/1/8 4:30,7002.86,20,TRADE
NSW1,2008/1/8 5:00,7174.88,19.99,TRADE
NSW1,2008/1/8 5:30,7606.02,19.63,TRADE
NSW1,2008/1/8 6:00,8095.2,20.75,TRADE
NSW1,2008/1/8 6:30,8492.86,28.64,TRADE
NSW1,2008/1/8 7:00,8909.68,31.59,TRADE
NSW1,2008/1/8 7:30,9250.3,30.71,TRADE
NSW1,2008/1/8 8:00,9640.49,33.67,TRADE
NSW1,2008/1/8 8:30,9939.61,36.66,TRADE
NSW1,2008/1/8 9:00,10109.47,40.58,TRADE
NSW1,2008/1/8 9:30,10121.1,35.97,TRADE
NSW1,2008/1/8 10:00,10171.73,36.63,TRADE
NSW1,2008/1/8 10:30,10202.35,35.97,TRADE
NSW1,2008/1/8 11:00,10202.57,36,TRADE
NSW1,2008/1/8 11:30,10224.55,40.84,TRADE
NSW1,2008/1/8 12:00,10276.9,44.69,TRADE
NSW1,2008/1/8 12:30,10287.85,43.61,TRADE
NSW1,2008/1/8 13:00,10356.28,43.69,TRADE
NSW1,2008/1/8 13:30,10382.54,44.03,TRADE
NSW1,2008/1/8 14:00,10444.8,45.59,TRADE
NSW1,2008/1/8 14:30,10462.31,45.22,TRADE
NSW1,2008/1/8 15:00,10524.34,44.63,TRADE
NSW1,2008/1/8 15:30,10529.72,45.13,TRADE
NSW1,2008/1/8 16:00,10555.3,45.87,TRADE
NSW1,2008/1/8 16:30,10459.32,45.86,TRADE
NSW1,2008/1/8 17:00,10450.91,44.61,TRADE
NSW1,2008/1/8 17:30,10129.6,35.46,TRADE
NSW1,2008/1/8 18:00,9962.16,34.46,TRADE
NSW1,2008/1/8 18:30,9661.35,33.37,TRADE
NSW1,2008/1/8 19:00,9511.24,33.08,TRADE
NSW1,2008/1/8 19:30,9521.28,34.07,TRADE
NSW1,2008/1/8 20:00,9512.39,33.42,TRADE
NSW1,2008/1/8 20:30,9316.91,30.91,TRADE
NSW1,2008/1/8 21:00,9006.23,28.92,TRADE
NSW1,2008/1/8 21:30,9011.49,30.3,TRADE
NSW1,2008/1/8 22:00,8818.61,27.11,TRADE
NSW1,2008/1/8 22:30,8683.9,26.18,TRADE
NSW1,2008/1/8 23:00,8501.81,27.65,TRADE
NSW1,2008/1/8 23:30,8312.88,28.58,TRADE
NSW1,2008/1/9 0:00,8089.05,27.73,TRADE
NSW1,2008/1/9 0:30,7890.79,22.78,TRADE
NSW1,2008/1/9 1:00,7594.25,20.16,TRADE
NSW1,2008/1/9 1:30,7226.16,20.33,TRADE
NSW1,2008/1/9 2:00,6924.74,20,TRADE
NSW1,2008/1/9 2:30,6760.28,19.72,TRADE
NSW1,2008/1/9 3:00,6685.84,18.63,TRADE
NSW1,2008/1/9 3:30,6693.24,19.96,TRADE
NSW1,2008/1/9 4:00,6738.75,19.99,TRADE
NSW1,2008/1/9 4:30,6928.41,20,TRADE
NSW1,2008/1/9 5:00,7156.01,20,TRADE
NSW1,2008/1/9 5:30,7634.49,21.32,TRADE
NSW1,2008/1/9 6:00,8079.64,23.75,TRADE
NSW1,2008/1/9 6:30,8509.08,27.52,TRADE
NSW1,2008/1/9 7:00,8980.39,30.05,TRADE
NSW1,2008/1/9 7:30,9321.79,30.47,TRADE
NSW1,2008/1/9 8:00,9653.51,33.96,TRADE
NSW1,2008/1/9 8:30,9989.32,38.7,TRADE
NSW1,2008/1/9 9:00,10136.47,43.23,TRADE
NSW1,2008/1/9 9:30,10300.43,43.91,TRADE
NSW1,2008/1/9 10:00,10440.17,44.28,TRADE
NSW1,2008/1/9 10:30,10464.43,44.21,TRADE
NSW1,2008/1/9 11:00,10520.14,44.14,TRADE
NSW1,2008/1/9 11:30,10561.26,44.29,TRADE
NSW1,2008/1/9 12:00,10647.14,44.73,TRADE
NSW1,2008/1/9 12:30,10709.14,45.49,TRADE
NSW1,2008/1/9 13:00,10760.78,47.9,TRADE
NSW1,2008/1/9 13:30,10802.6,53.42,TRADE
NSW1,2008/1/9 14:00,10853.97,54.78,TRADE
NSW1,2008/1/9 14:30,10937.17,56.31,TRADE
NSW1,2008/1/9 15:00,10973.72,58.21,TRADE
NSW1,2008/1/9 15:30,11029.79,60.37,TRADE
NSW1,2008/1/9 16:00,11108.17,69.72,TRADE
NSW1,2008/1/9 16:30,11042.56,63.36,TRADE
NSW1,2008/1/9 17:00,10872.17,56.3,TRADE
NSW1,2008/1/9 17:30,10526.27,45.35,TRADE
NSW1,2008/1/9 18:00,10345.2,44.66,TRADE
NSW1,2008/1/9 18:30,10001.09,40.52,TRADE
NSW1,2008/1/9 19:00,9865.46,37.46,TRADE
NSW1,2008/1/9 19:30,9804.61,37.12,TRADE
NSW1,2008/1/9 20:00,9837.4,37.23,TRADE
NSW1,2008/1/9 20:30,9624.39,39.17,TRADE
NSW1,2008/1/9 21:00,9380.7,35.29,TRADE
NSW1,2008/1/9 21:30,9339.24,33.93,TRADE
NSW1,2008/1/9 22:00,9043.44,27.52,TRADE
NSW1,2008/1/9 22:30,8996.34,32.34,TRADE
NSW1,2008/1/9 23:00,8703.45,28.54,TRADE
NSW1,2008/1/9 23:30,8540.05,32.39,TRADE
NSW1,2008/1/10 0:00,8257.76,29.63,TRADE
NSW1,2008/1/10 0:30,8054.73,25.19,TRADE
NSW1,2008/1/10 1:00,7792.12,21.46,TRADE
NSW1,2008/1/10 1:30,7444.62,20.33,TRADE
NSW1,2008/1/10 2:00,7194.38,19.52,TRADE
NSW1,2008/1/10 2:30,6990.7,19.99,TRADE
NSW1,2008/1/10 3:00,6874.34,19.57,TRADE
NSW1,2008/1/10 3:30,6842,19.99,TRADE
NSW1,2008/1/10 4:00,6927.18,19.23,TRADE
NSW1,2008/1/10 4:30,7085.36,20.17,TRADE
NSW1,2008/1/10 5:00,7305.57,20.6,TRADE
NSW1,2008/1/10 5:30,7714.43,20.83,TRADE
NSW1,2008/1/10 6:00,8192.08,21.55,TRADE
NSW1,2008/1/10 6:30,8649.16,27.14,TRADE
NSW1,2008/1/10 7:00,9150.06,31.23,TRADE
NSW1,2008/1/10 7:30,9573.46,34.3,TRADE
NSW1,2008/1/10 8:00,9920.44,40.96,TRADE
NSW1,2008/1/10 8:30,10279.04,43.9,TRADE
NSW1,2008/1/10 9:00,10417.16,48.27,TRADE
NSW1,2008/1/10 9:30,10574.45,59.16,TRADE
NSW1,2008/1/10 10:00,10657.16,63.59,TRADE
NSW1,2008/1/10 10:30,10721.15,63.08,TRADE
NSW1,2008/1/10 11:00,10839.85,67.92,TRADE
NSW1,2008/1/10 11:30,10857.21,58.68,TRADE
NSW1,2008/1/10 12:00,10931.64,64.02,TRADE
NSW1,2008/1/10 12:30,11043.2,67.77,TRADE
NSW1,2008/1/10 13:00,11184.5,72.53,TRADE
NSW1,2008/1/10 13:30,11280.76,73.42,TRADE
NSW1,2008/1/10 14:00,11338.94,91.48,TRADE
NSW1,2008/1/10 14:30,11402.6,91,TRADE
NSW1,2008/1/10 15:00,11446.55,94.15,TRADE
NSW1,2008/1/10 15:30,11520.59,99.89,TRADE
NSW1,2008/1/10 16:00,11584.81,169,TRADE
NSW1,2008/1/10 16:30,11472.57,75.58,TRADE
NSW1,2008/1/10 17:00,11411.06,74.36,TRADE
NSW1,2008/1/10 17:30,11107.96,57.92,TRADE
NSW1,2008/1/10 18:00,10898.09,58.33,TRADE
NSW1,2008/1/10 18:30,10588.28,68.19,TRADE
NSW1,2008/1/10 19:00,10358.41,77.63,TRADE
NSW1,2008/1/10 19:30,10207.58,70.65,TRADE
NSW1,2008/1/10 20:00,10267.53,68.37,TRADE
NSW1,2008/1/10 20:30,10006.67,65.89,TRADE
NSW1,2008/1/10 21:00,9600.39,57.54,TRADE
NSW1,2008/1/10 21:30,9555.96,59.86,TRADE
NSW1,2008/1/10 22:00,9235.81,39.11,TRADE
NSW1,2008/1/10 22:30,9054.99,41.3,TRADE
NSW1,2008/1/10 23:00,8805.67,35.02,TRADE
NSW1,2008/1/10 23:30,8536.71,33.84,TRADE
NSW1,2008/1/11 0:00,8333.86,29.35,TRADE
NSW1,2008/1/11 0:30,8041.34,25.35,TRADE
NSW1,2008/1/11 1:00,7808.43,24.36,TRADE
NSW1,2008/1/11 1:30,7481.73,21.5,TRADE
NSW1,2008/1/11 2:00,7199.61,20.48,TRADE
NSW1,2008/1/11 2:30,6987.91,20,TRADE
NSW1,2008/1/11 3:00,6859.77,20,TRADE
NSW1,2008/1/11 3:30,6904.89,20,TRADE
NSW1,2008/1/11 4:00,6908.16,20,TRADE
NSW1,2008/1/11 4:30,7083.48,20.17,TRADE
NSW1,2008/1/11 5:00,7240.33,20.83,TRADE
NSW1,2008/1/11 5:30,7650.39,23.36,TRADE
NSW1,2008/1/11 6:00,8159.8,27.79,TRADE
NSW1,2008/1/11 6:30,8648.55,33.94,TRADE
NSW1,2008/1/11 7:00,9165.61,41.67,TRADE
NSW1,2008/1/11 7:30,9586.26,51.15,TRADE
NSW1,2008/1/11 8:00,9951.45,60.42,TRADE
NSW1,2008/1/11 8:30,10347.52,74.63,TRADE
NSW1,2008/1/11 9:00,10530.69,62.14,TRADE
NSW1,2008/1/11 9:30,10668.15,68.51,TRADE
NSW1,2008/1/11 10:00,10803.29,68.97,TRADE
NSW1,2008/1/11 10:30,10878.96,69.78,TRADE
NSW1,2008/1/11 11:00,10886.44,69.13,TRADE
NSW1,2008/1/11 11:30,11038.29,69.9,TRADE
NSW1,2008/1/11 12:00,11140.25,68.99,TRADE
NSW1,2008/1/11 12:30,11287.37,59.85,TRADE
NSW1,2008/1/11 13:00,11378.12,59.94,TRADE
NSW1,2008/1/11 13:30,11408.35,69.57,TRADE
NSW1,2008/1/11 14:00,11489.08,59.88,TRADE
NSW1,2008/1/11 14:30,11566.02,59.33,TRADE
NSW1,2008/1/11 15:00,11629.37,59.48,TRADE
NSW1,2008/1/11 15:30,11687.33,59.22,TRADE
NSW1,2008/1/11 16:00,11702.6,59.2,TRADE
NSW1,2008/1/11 16:30,11586.42,58.24,TRADE
NSW1,2008/1/11 17:00,11376.83,48.16,TRADE
NSW1,2008/1/11 17:30,10999.33,44.93,TRADE
NSW1,2008/1/11 18:00,10743.24,39.79,TRADE
NSW1,2008/1/11 18:30,10409.73,34.27,TRADE
NSW1,2008/1/11 19:00,10101.49,28.95,TRADE
NSW1,2008/1/11 19:30,9983.64,28.87,TRADE
NSW1,2008/1/11 20:00,9980.87,32.52,TRADE
NSW1,2008/1/11 20:30,9785.53,29.17,TRADE
NSW1,2008/1/11 21:00,9425.86,28.02,TRADE
NSW1,2008/1/11 21:30,9459.23,28.05,TRADE
NSW1,2008/1/11 22:00,9205.21,22.62,TRADE
NSW1,2008/1/11 22:30,9065.5,23.43,TRADE
NSW1,2008/1/11 23:00,8782.79,24.3,TRADE
NSW1,2008/1/11 23:30,8523.45,28.4,TRADE
NSW1,2008/1/12 0:00,8324.81,28.08,TRADE
NSW1,2008/1/12 0:30,8007.69,22.81,TRADE
NSW1,2008/1/12 1:00,7733.53,21.03,TRADE
NSW1,2008/1/12 1:30,7384.05,21.04,TRADE
NSW1,2008/1/12 2:00,7059.5,19.5,TRADE
NSW1,2008/1/12 2:30,6885.41,19.45,TRADE
NSW1,2008/1/12 3:00,6749.86,17.48,TRADE
NSW1,2008/1/12 3:30,6718.3,16.79,TRADE
NSW1,2008/1/12 4:00,6683.98,16.78,TRADE
NSW1,2008/1/12 4:30,6785.45,17.77,TRADE
NSW1,2008/1/12 5:00,6858.5,17.65,TRADE
NSW1,2008/1/12 5:30,6951.23,18.28,TRADE
NSW1,2008/1/12 6:00,7132.18,19.01,TRADE
NSW1,2008/1/12 6:30,7470.89,20.47,TRADE
NSW1,2008/1/12 7:00,7860.27,21,TRADE
NSW1,2008/1/12 7:30,8326.78,21.32,TRADE
NSW1,2008/1/12 8:00,8782.48,24.87,TRADE
NSW1,2008/1/12 8:30,9266.34,27.38,TRADE
NSW1,2008/1/12 9:00,9505.15,31.07,TRADE
NSW1,2008/1/12 9:30,9757.59,30.54,TRADE
NSW1,2008/1/12 10:00,9854.56,29.72,TRADE
NSW1,2008/1/12 10:30,10033.39,28.86,TRADE
NSW1,2008/1/12 11:00,10125.96,30.78,TRADE
NSW1,2008/1/12 11:30,10291.78,32.8,TRADE
NSW1,2008/1/12 12:00,10344.58,34.33,TRADE
NSW1,2008/1/12 12:30,10406.46,34.49,TRADE
NSW1,2008/1/12 13:00,10453.86,35.39,TRADE
NSW1,2008/1/12 13:30,10538.93,35.68,TRADE
NSW1,2008/1/12 14:00,10553.48,36.62,TRADE
NSW1,2008/1/12 14:30,10560.27,37.42,TRADE
NSW1,2008/1/12 15:00,10460.77,35.52,TRADE
NSW1,2008/1/12 15:30,10342.19,35.01,TRADE
NSW1,2008/1/12 16:00,10329.76,35.01,TRADE
NSW1,2008/1/12 16:30,10066.96,32.73,TRADE
NSW1,2008/1/12 17:00,9912.21,31.31,TRADE
NSW1,2008/1/12 17:30,9720.84,29.02,TRADE
NSW1,2008/1/12 18:00,9583.64,26.97,TRADE
NSW1,2008/1/12 18:30,9389.23,27.76,TRADE
NSW1,2008/1/12 19:00,9266.28,27.72,TRADE
NSW1,2008/1/12 19:30,9190.52,26.77,TRADE
NSW1,2008/1/12 20:00,9378.79,29.81,TRADE
NSW1,2008/1/12 20:30,9233.28,28.12,TRADE
NSW1,2008/1/12 21:00,9026.94,26.4,TRADE
NSW1,2008/1/12 21:30,8879.05,24.08,TRADE
NSW1,2008/1/12 22:00,8702.22,22.61,TRADE
NSW1,2008/1/12 22:30,8564.08,23.93,TRADE
NSW1,2008/1/12 23:00,8224.15,21.78,TRADE
NSW1,2008/1/12 23:30,8030.57,24.6,TRADE
NSW1,2008/1/13 0:00,7758.83,23.32,TRADE
NSW1,2008/1/13 0:30,7538.51,19.76,TRADE
NSW1,2008/1/13 1:00,7267.06,19.68,TRADE
NSW1,2008/1/13 1:30,7004.16,20.33,TRADE
NSW1,2008/1/13 2:00,6743.3,19.77,TRADE
NSW1,2008/1/13 2:30,6630.97,18.78,TRADE
NSW1,2008/1/13 3:00,6595.15,18.97,TRADE
NSW1,2008/1/13 3:30,6567.7,16.87,TRADE
NSW1,2008/1/13 4:00,6527.93,16.76,TRADE
NSW1,2008/1/13 4:30,6596.69,16.66,TRADE
NSW1,2008/1/13 5:00,6627.97,16.88,TRADE
NSW1,2008/1/13 5:30,6655.25,15.61,TRADE
NSW1,2008/1/13 6:00,6739.63,17,TRADE
NSW1,2008/1/13 6:30,6982.84,18.9,TRADE
NSW1,2008/1/13 7:00,7340.77,20.12,TRADE
NSW1,2008/1/13 7:30,7765.68,20.62,TRADE
NSW1,2008/1/13 8:00,8187.73,21,TRADE
NSW1,2008/1/13 8:30,8635.49,22.02,TRADE
NSW1,2008/1/13 9:00,8960.12,26.89,TRADE
NSW1,2008/1/13 9:30,9333.01,31.71,TRADE
NSW1,2008/1/13 10:00,9531.76,32.18,TRADE
NSW1,2008/1/13 10:30,9844.93,35.07,TRADE
NSW1,2008/1/13 11:00,10094.17,38.02,TRADE
NSW1,2008/1/13 11:30,10339.34,41.69,TRADE
NSW1,2008/1/13 12:00,10477.89,45,TRADE
NSW1,2008/1/13 12:30,10637.92,46.14,TRADE
NSW1,2008/1/13 13:00,10799.36,50.44,TRADE
NSW1,2008/1/13 13:30,10891.22,55.07,TRADE
NSW1,2008/1/13 14:00,10971.5,65.12,TRADE
NSW1,2008/1/13 14:30,10847.34,69.09,TRADE
NSW1,2008/1/13 15:00,10693.71,61.21,TRADE
NSW1,2008/1/13 15:30,10468.29,48.34,TRADE
NSW1,2008/1/13 16:00,10427.28,56.75,TRADE
NSW1,2008/1/13 16:30,10240.34,50.05,TRADE
NSW1,2008/1/13 17:00,10202.81,47.08,TRADE
NSW1,2008/1/13 17:30,10102.66,44.74,TRADE
NSW1,2008/1/13 18:00,9995.98,38.99,TRADE
NSW1,2008/1/13 18:30,9870.51,33.62,TRADE
NSW1,2008/1/13 19:00,9728.7,34.92,TRADE
NSW1,2008/1/13 19:30,9699.2,44.35,TRADE
NSW1,2008/1/13 20:00,9670.96,44.01,TRADE
NSW1,2008/1/13 20:30,9402.24,42.84,TRADE
NSW1,2008/1/13 21:00,9143.41,36.24,TRADE
NSW1,2008/1/13 21:30,8893.47,32.65,TRADE
NSW1,2008/1/13 22:00,8573.39,26.85,TRADE
NSW1,2008/1/13 22:30,8316.15,25.86,TRADE
NSW1,2008/1/13 23:00,7987.11,26.46,TRADE
NSW1,2008/1/13 23:30,7745.34,25.08,TRADE
NSW1,2008/1/14 0:00,7499.52,23.35,TRADE
NSW1,2008/1/14 0:30,7334.72,20.83,TRADE
NSW1,2008/1/14 1:00,7190.56,20.46,TRADE
NSW1,2008/1/14 1:30,6909.58,20.64,TRADE
NSW1,2008/1/14 2:00,6717.47,20.32,TRADE
NSW1,2008/1/14 2:30,6645.46,19.98,TRADE
NSW1,2008/1/14 3:00,6628.96,20,TRADE
NSW1,2008/1/14 3:30,6625.92,19.98,TRADE
NSW1,2008/1/14 4:00,6734.42,20.15,TRADE
NSW1,2008/1/14 4:30,6984.79,20.17,TRADE
NSW1,2008/1/14 5:00,7233.46,20.69,TRADE
NSW1,2008/1/14 5:30,7763.14,23.23,TRADE
NSW1,2008/1/14 6:00,8193.1,25.82,TRADE
NSW1,2008/1/14 6:30,8668.47,33.05,TRADE
NSW1,2008/1/14 7:00,9100.1,28,TRADE
NSW1,2008/1/14 7:30,9468.65,34.21,TRADE
NSW1,2008/1/14 8:00,9756.8,35.87,TRADE
NSW1,2008/1/14 8:30,10030.99,42.96,TRADE
NSW1,2008/1/14 9:00,10175.16,43.59,TRADE
NSW1,2008/1/14 9:30,10242.89,44.01,TRADE
NSW1,2008/1/14 10:00,10283.88,43.24,TRADE
NSW1,2008/1/14 10:30,10293.94,42.8,TRADE
NSW1,2008/1/14 11:00,10328.8,43.45,TRADE
NSW1,2008/1/14 11:30,10283.33,43.97,TRADE
NSW1,2008/1/14 12:00,10160.01,43.32,TRADE
NSW1,2008/1/14 12:30,10189.65,43.18,TRADE
NSW1,2008/1/14 13:00,10287.44,41.08,TRADE
NSW1,2008/1/14 13:30,10252.1,36.18,TRADE
NSW1,2008/1/14 14:00,10202.19,40.31,TRADE
NSW1,2008/1/14 14:30,10186.85,39.39,TRADE
NSW1,2008/1/14 15:00,10155.91,40.68,TRADE
NSW1,2008/1/14 15:30,10163.83,40.51,TRADE
NSW1,2008/1/14 16:00,10157.98,42.17,TRADE
NSW1,2008/1/14 16:30,10029.07,38.09,TRADE
NSW1,2008/1/14 17:00,9996.91,42.67,TRADE
NSW1,2008/1/14 17:30,9767.41,36.51,TRADE
NSW1,2008/1/14 18:00,9653.11,33.82,TRADE
NSW1,2008/1/14 18:30,9377.7,31.22,TRADE
NSW1,2008/1/14 19:00,9090.79,28.18,TRADE
NSW1,2008/1/14 19:30,8987.21,27.93,TRADE
NSW1,2008/1/14 20:00,8993.54,27.93,TRADE
NSW1,2008/1/14 20:30,8998.5,29.06,TRADE
NSW1,2008/1/14 21:00,8733.88,26.29,TRADE
NSW1,2008/1/14 21:30,8722.89,27.53,TRADE
NSW1,2008/1/14 22:00,8494.39,21.17,TRADE
NSW1,2008/1/14 22:30,8523.69,23.79,TRADE
NSW1,2008/1/14 23:00,8375.96,25.82,TRADE
NSW1,2008/1/14 23:30,8180.94,28.34,TRADE
NSW1,2008/1/15 0:00,8000.2,23.95,TRADE
NSW1,2008/1/15 0:30,7735.55,20.67,TRADE
NSW1,2008/1/15 1:00,7585.45,19.98,TRADE
NSW1,2008/1/15 1:30,7196.41,19.98,TRADE
NSW1,2008/1/15 2:00,6922.77,19.91,TRADE
NSW1,2008/1/15 2:30,6713.51,19.08,TRADE
NSW1,2008/1/15 3:00,6657.67,16.4,TRADE
NSW1,2008/1/15 3:30,6604.89,14.71,TRADE
NSW1,2008/1/15 4:00,6629.49,14.82,TRADE
NSW1,2008/1/15 4:30,6851.07,19.38,TRADE
NSW1,2008/1/15 5:00,7096.47,19.99,TRADE
NSW1,2008/1/15 5:30,7613.16,20.67,TRADE
NSW1,2008/1/15 6:00,8081.29,26.22,TRADE
NSW1,2008/1/15 6:30,8510.71,32.78,TRADE
NSW1,2008/1/15 7:00,8960.09,33.06,TRADE
NSW1,2008/1/15 7:30,9250.2,33.3,TRADE
NSW1,2008/1/15 8:00,9582.06,37.34,TRADE
NSW1,2008/1/15 8:30,9897.89,42.24,TRADE
NSW1,2008/1/15 9:00,10011.15,43.56,TRADE
NSW1,2008/1/15 9:30,10148.99,43.76,TRADE
NSW1,2008/1/15 10:00,10205.19,43.97,TRADE
NSW1,2008/1/15 10:30,10285.46,43.96,TRADE
NSW1,2008/1/15 11:00,10322.79,44,TRADE
NSW1,2008/1/15 11:30,10353.97,44,TRADE
NSW1,2008/1/15 12:00,10425.38,44.66,TRADE
NSW1,2008/1/15 12:30,10492.38,50.6,TRADE
NSW1,2008/1/15 13:00,10609.22,55.5,TRADE
NSW1,2008/1/15 13:30,10613.11,52.17,TRADE
NSW1,2008/1/15 14:00,10688.43,55.39,TRADE
NSW1,2008/1/15 14:30,10735.98,53.84,TRADE
NSW1,2008/1/15 15:00,10800.96,55.47,TRADE
NSW1,2008/1/15 15:30,10850.66,56.88,TRADE
NSW1,2008/1/15 16:00,10907.37,64.56,TRADE
NSW1,2008/1/15 16:30,10807.62,59.42,TRADE
NSW1,2008/1/15 17:00,10688.08,64.96,TRADE
NSW1,2008/1/15 17:30,10476.84,60.49,TRADE
NSW1,2008/1/15 18:00,10237.15,48,TRADE
NSW1,2008/1/15 18:30,9973.84,42.94,TRADE
NSW1,2008/1/15 19:00,9730.63,42.63,TRADE
NSW1,2008/1/15 19:30,9721.95,42.7,TRADE
NSW1,2008/1/15 20:00,9753.96,42.69,TRADE
NSW1,2008/1/15 20:30,9583.68,41.98,TRADE
NSW1,2008/1/15 21:00,9299.52,39.98,TRADE
NSW1,2008/1/15 21:30,9200.94,35.52,TRADE
NSW1,2008/1/15 22:00,8990.94,31.71,TRADE
NSW1,2008/1/15 22:30,8819.8,32.57,TRADE
NSW1,2008/1/15 23:00,8412.2,28.94,TRADE
NSW1,2008/1/15 23:30,8429.55,32.65,TRADE
NSW1,2008/1/16 0:00,8191.87,26.86,TRADE
NSW1,2008/1/16 0:30,7943.74,22.89,TRADE
NSW1,2008/1/16 1:00,7743.07,21,TRADE
NSW1,2008/1/16 1:30,7408.39,21.5,TRADE
NSW1,2008/1/16 2:00,7111.82,19.96,TRADE
NSW1,2008/1/16 2:30,6887.16,19.79,TRADE
NSW1,2008/1/16 3:00,6824.46,19.95,TRADE
NSW1,2008/1/16 3:30,6798.94,19.89,TRADE
NSW1,2008/1/16 4:00,6869.41,21.27,TRADE
NSW1,2008/1/16 4:30,7117.84,21,TRADE
NSW1,2008/1/16 5:00,7365.9,21.63,TRADE
NSW1,2008/1/16 5:30,7840.14,27.07,TRADE
NSW1,2008/1/16 6:00,8253.32,33.97,TRADE
NSW1,2008/1/16 6:30,8758.26,36.69,TRADE
NSW1,2008/1/16 7:00,9258.59,37.05,TRADE
NSW1,2008/1/16 7:30,9666.97,41.39,TRADE
NSW1,2008/1/16 8:00,10059.27,43.13,TRADE
NSW1,2008/1/16 8:30,10422.22,44.56,TRADE
NSW1,2008/1/16 9:00,10588.54,46.17,TRADE
NSW1,2008/1/16 9:30,10892.2,47.82,TRADE
NSW1,2008/1/16 10:00,11058.98,48.63,TRADE
NSW1,2008/1/16 10:30,11180.63,48.61,TRADE
NSW1,2008/1/16 11:00,11402.04,52.84,TRADE
NSW1,2008/1/16 11:30,11521.62,51.84,TRADE
NSW1,2008/1/16 12:00,11732.22,57.02,TRADE
NSW1,2008/1/16 12:30,11930.24,63.1,TRADE
NSW1,2008/1/16 13:00,12086.75,71.01,TRADE
NSW1,2008/1/16 13:30,12140.86,69.97,TRADE
NSW1,2008/1/16 14:00,12188.42,71.81,TRADE
NSW1,2008/1/16 14:30,12218.51,66.83,TRADE
NSW1,2008/1/16 15:00,12192.12,63.07,TRADE
NSW1,2008/1/16 15:30,11894.07,60.05,TRADE
NSW1,2008/1/16 16:00,11649.63,53.53,TRADE
NSW1,2008/1/16 16:30,11269.06,46.38,TRADE
NSW1,2008/1/16 17:00,10993.15,45.42,TRADE
NSW1,2008/1/16 17:30,10586.32,36.15,TRADE
NSW1,2008/1/16 18:00,10291.68,33.5,TRADE
NSW1,2008/1/16 18:30,9912.56,30.31,TRADE
NSW1,2008/1/16 19:00,9606.25,28.31,TRADE
NSW1,2008/1/16 19:30,9413.72,28.28,TRADE
NSW1,2008/1/16 20:00,9373.12,28,TRADE
NSW1,2008/1/16 20:30,9231.69,27.68,TRADE
NSW1,2008/1/16 21:00,8914.77,24.27,TRADE
NSW1,2008/1/16 21:30,8869.44,25.96,TRADE
NSW1,2008/1/16 22:00,8658.47,24.26,TRADE
NSW1,2008/1/16 22:30,8613.12,29.62,TRADE
NSW1,2008/1/16 23:00,8456.52,26.53,TRADE
NSW1,2008/1/16 23:30,8309.5,29.33,TRADE
NSW1,2008/1/17 0:00,8067.97,26.68,TRADE
NSW1,2008/1/17 0:30,7874.13,21.42,TRADE
NSW1,2008/1/17 1:00,7586.54,19.99,TRADE
NSW1,2008/1/17 1:30,7277.78,19.9,TRADE
NSW1,2008/1/17 2:00,7011.2,19.3,TRADE
NSW1,2008/1/17 2:30,6803.11,19.83,TRADE
NSW1,2008/1/17 3:00,6764.97,17.67,TRADE
NSW1,2008/1/17 3:30,6743,17.6,TRADE
NSW1,2008/1/17 4:00,6805.97,18.72,TRADE
NSW1,2008/1/17 4:30,7039.15,20,TRADE
NSW1,2008/1/17 5:00,7288.79,20.45,TRADE
NSW1,2008/1/17 5:30,7772.99,25.11,TRADE
NSW1,2008/1/17 6:00,8234.27,32,TRADE
NSW1,2008/1/17 6:30,8648.37,33.1,TRADE
NSW1,2008/1/17 7:00,9150.01,34.75,TRADE
NSW1,2008/1/17 7:30,9421.84,34.21,TRADE
NSW1,2008/1/17 8:00,9672.66,35,TRADE
NSW1,2008/1/17 8:30,9918.97,39.27,TRADE
NSW1,2008/1/17 9:00,10062.74,42.37,TRADE
NSW1,2008/1/17 9:30,10123.09,42.93,TRADE
NSW1,2008/1/17 10:00,10197.95,43.13,TRADE
NSW1,2008/1/17 10:30,10120.32,42.75,TRADE
NSW1,2008/1/17 11:00,10064.79,42.49,TRADE
NSW1,2008/1/17 11:30,10084.29,42.55,TRADE
NSW1,2008/1/17 12:00,10099.67,42.76,TRADE
NSW1,2008/1/17 12:30,10086.3,42.45,TRADE
NSW1,2008/1/17 13:00,10044.41,42.34,TRADE
NSW1,2008/1/17 13:30,10034.52,42.18,TRADE
NSW1,2008/1/17 14:00,10030.4,41.88,TRADE
NSW1,2008/1/17 14:30,9971.55,38.05,TRADE
NSW1,2008/1/17 15:00,9957.52,35.31,TRADE
NSW1,2008/1/17 15:30,9976.83,35,TRADE
NSW1,2008/1/17 16:00,9913.85,35.25,TRADE
NSW1,2008/1/17 16:30,9882.88,34.29,TRADE
NSW1,2008/1/17 17:00,9834.85,33.46,TRADE
NSW1,2008/1/17 17:30,9715.71,32.09,TRADE
NSW1,2008/1/17 18:00,9635.35,29.56,TRADE
NSW1,2008/1/17 18:30,9513.3,28.22,TRADE
NSW1,2008/1/17 19:00,9368.21,27.49,TRADE
NSW1,2008/1/17 19:30,9342.9,29.29,TRADE
NSW1,2008/1/17 20:00,9333.69,28.83,TRADE
NSW1,2008/1/17 20:30,9038.52,26.34,TRADE
NSW1,2008/1/17 21:00,8703.73,21.92,TRADE
NSW1,2008/1/17 21:30,8761.32,25.96,TRADE
NSW1,2008/1/17 22:00,8597.11,22.17,TRADE
NSW1,2008/1/17 22:30,8522.25,25.39,TRADE
NSW1,2008/1/17 23:00,8382.64,24.29,TRADE
NSW1,2008/1/17 23:30,8251.36,27,TRADE
NSW1,2008/1/18 0:00,8081.42,23.76,TRADE
NSW1,2008/1/18 0:30,7827.89,20.49,TRADE
NSW1,2008/1/18 1:00,7553.17,19.46,TRADE
NSW1,2008/1/18 1:30,7228.74,19.57,TRADE
NSW1,2008/1/18 2:00,6939.13,16.35,TRADE
NSW1,2008/1/18 2:30,6744.34,14.36,TRADE
NSW1,2008/1/18 3:00,6687.32,18.14,TRADE
NSW1,2008/1/18 3:30,6614.23,16.96,TRADE
NSW1,2008/1/18 4:00,6693.84,18.16,TRADE
NSW1,2008/1/18 4:30,6916.09,19.57,TRADE
NSW1,2008/1/18 5:00,7181,20,TRADE
NSW1,2008/1/18 5:30,7661.31,20.69,TRADE
NSW1,2008/1/18 6:00,8194.94,23.04,TRADE
NSW1,2008/1/18 6:30,8586.92,28.68,TRADE
NSW1,2008/1/18 7:00,8960.77,28,TRADE
NSW1,2008/1/18 7:30,9331.58,32.61,TRADE
NSW1,2008/1/18 8:00,9592.34,35.19,TRADE
NSW1,2008/1/18 8:30,9887.57,39.69,TRADE
NSW1,2008/1/18 9:00,9948.71,38.34,TRADE
NSW1,2008/1/18 9:30,10006.56,40.87,TRADE
NSW1,2008/1/18 10:00,9950.48,41.18,TRADE
NSW1,2008/1/18 10:30,9984.87,41.82,TRADE
NSW1,2008/1/18 11:00,9979.72,43.17,TRADE
NSW1,2008/1/18 11:30,9985.68,43.28,TRADE
NSW1,2008/1/18 12:00,9877.79,42.52,TRADE
NSW1,2008/1/18 12:30,9860.13,41.87,TRADE
NSW1,2008/1/18 13:00,9775.65,40.01,TRADE
NSW1,2008/1/18 13:30,9763.67,42.59,TRADE
NSW1,2008/1/18 14:00,9714.87,42.13,TRADE
NSW1,2008/1/18 14:30,9666.34,36.15,TRADE
NSW1,2008/1/18 15:00,9657.41,35.2,TRADE
NSW1,2008/1/18 15:30,9615.4,32.85,TRADE
NSW1,2008/1/18 16:00,9610.35,34.63,TRADE
NSW1,2008/1/18 16:30,9513.89,32.79,TRADE
NSW1,2008/1/18 17:00,9439.03,33.78,TRADE
NSW1,2008/1/18 17:30,9198.32,31.22,TRADE
NSW1,2008/1/18 18:00,9103.16,31.27,TRADE
NSW1,2008/1/18 18:30,8968.17,27.45,TRADE
NSW1,2008/1/18 19:00,8832.1,26.59,TRADE
NSW1,2008/1/18 19:30,8895.89,26.56,TRADE
NSW1,2008/1/18 20:00,8870.95,26.89,TRADE
NSW1,2008/1/18 20:30,8680.2,24.64,TRADE
NSW1,2008/1/18 21:00,8396.21,20.67,TRADE
NSW1,2008/1/18 21:30,8499.22,20.78,TRADE
NSW1,2008/1/18 22:00,8433.91,20.16,TRADE
NSW1,2008/1/18 22:30,8460.7,22.52,TRADE
NSW1,2008/1/18 23:00,8412.09,24.18,TRADE
NSW1,2008/1/18 23:30,8201.9,26.55,TRADE
NSW1,2008/1/19 0:00,8015.81,22.47,TRADE
NSW1,2008/1/19 0:30,7799.6,20.69,TRADE
NSW1,2008/1/19 1:00,7452.26,19.98,TRADE
NSW1,2008/1/19 1:30,7145.37,19.47,TRADE
NSW1,2008/1/19 2:00,6808.07,17.43,TRADE
NSW1,2008/1/19 2:30,6671.6,16.42,TRADE
NSW1,2008/1/19 3:00,6527.1,14.33,TRADE
NSW1,2008/1/19 3:30,6492.18,14.33,TRADE
NSW1,2008/1/19 4:00,6454.18,14.73,TRADE
NSW1,2008/1/19 4:30,6490.38,15.95,TRADE
NSW1,2008/1/19 5:00,6567.85,16.02,TRADE
NSW1,2008/1/19 5:30,6780.14,17.87,TRADE
NSW1,2008/1/19 6:00,7018.89,18.77,TRADE
NSW1,2008/1/19 6:30,7385.56,19.86,TRADE
NSW1,2008/1/19 7:00,7707.41,19.99,TRADE
NSW1,2008/1/19 7:30,8031.99,19.38,TRADE
NSW1,2008/1/19 8:00,8458.77,20.83,TRADE
NSW1,2008/1/19 8:30,8907.27,26.61,TRADE
NSW1,2008/1/19 9:00,9102.11,27.86,TRADE
NSW1,2008/1/19 9:30,9243.97,29.14,TRADE
NSW1,2008/1/19 10:00,9277.81,30.08,TRADE
NSW1,2008/1/19 10:30,9207.26,28.21,TRADE
NSW1,2008/1/19 11:00,9171.96,28,TRADE
NSW1,2008/1/19 11:30,9095.29,28,TRADE
NSW1,2008/1/19 12:00,8949.75,25.87,TRADE
NSW1,2008/1/19 12:30,8895.57,23.82,TRADE
NSW1,2008/1/19 13:00,8762.68,24.53,TRADE
NSW1,2008/1/19 13:30,8690.79,23.27,TRADE
NSW1,2008/1/19 14:00,8610.18,21,TRADE
NSW1,2008/1/19 14:30,8597.18,20.37,TRADE
NSW1,2008/1/19 15:00,8611.96,20.39,TRADE
NSW1,2008/1/19 15:30,8630.09,20.6,TRADE
NSW1,2008/1/19 16:00,8587.03,20.4,TRADE
NSW1,2008/1/19 16:30,8541.44,20.48,TRADE
NSW1,2008/1/19 17:00,8509.77,20.17,TRADE
NSW1,2008/1/19 17:30,8532.79,20.19,TRADE
NSW1,2008/1/19 18:00,8438.47,20.33,TRADE
NSW1,2008/1/19 18:30,8290.06,19.99,TRADE
NSW1,2008/1/19 19:00,8287.12,20,TRADE
NSW1,2008/1/19 19:30,8335.15,20,TRADE
NSW1,2008/1/19 20:00,8354.82,20,TRADE
NSW1,2008/1/19 20:30,8151.72,20,TRADE
NSW1,2008/1/19 21:00,8010.94,19.99,TRADE
NSW1,2008/1/19 21:30,8046.1,20.33,TRADE
NSW1,2008/1/19 22:00,7929.67,19.94,TRADE
NSW1,2008/1/19 22:30,7935.53,22.7,TRADE
NSW1,2008/1/19 23:00,7735.54,20.6,TRADE
NSW1,2008/1/19 23:30,7585.07,21.05,TRADE
NSW1,2008/1/20 0:00,7369.41,20.63,TRADE
NSW1,2008/1/20 0:30,7194.04,18.79,TRADE
NSW1,2008/1/20 1:00,7036.19,17.22,TRADE
NSW1,2008/1/20 1:30,6729.09,18.72,TRADE
NSW1,2008/1/20 2:00,6516.08,17.04,TRADE
NSW1,2008/1/20 2:30,6347.38,15.65,TRADE
NSW1,2008/1/20 3:00,6270.32,15.39,TRADE
NSW1,2008/1/20 3:30,6236.84,15.26,TRADE
NSW1,2008/1/20 4:00,6268.23,16.16,TRADE
NSW1,2008/1/20 4:30,6304.32,14.98,TRADE
NSW1,2008/1/20 5:00,6327.71,17.09,TRADE
NSW1,2008/1/20 5:30,6262.33,17.53,TRADE
NSW1,2008/1/20 6:00,6156.37,11.41,TRADE
NSW1,2008/1/20 6:30,6382.4,18.26,TRADE
NSW1,2008/1/20 7:00,6939.96,19.98,TRADE
NSW1,2008/1/20 7:30,7449.93,19.17,TRADE
NSW1,2008/1/20 8:00,7781.43,19.25,TRADE
NSW1,2008/1/20 8:30,8169.2,20.25,TRADE
NSW1,2008/1/20 9:00,8408.92,20.67,TRADE
NSW1,2008/1/20 9:30,8657.48,21,TRADE
NSW1,2008/1/20 10:00,8745.24,21.06,TRADE
NSW1,2008/1/20 10:30,8827.55,21.47,TRADE
NSW1,2008/1/20 11:00,8879.77,24.18,TRADE
NSW1,2008/1/20 11:30,8890.93,25.29,TRADE
NSW1,2008/1/20 12:00,8988.53,25,TRADE
NSW1,2008/1/20 12:30,9067.45,25.69,TRADE
NSW1,2008/1/20 13:00,9045.44,24.56,TRADE
NSW1,2008/1/20 13:30,9116.01,24.97,TRADE
NSW1,2008/1/20 14:00,9162.91,22.1,TRADE
NSW1,2008/1/20 14:30,9185.25,21.51,TRADE
NSW1,2008/1/20 15:00,9267.01,22.95,TRADE
NSW1,2008/1/20 15:30,9338.31,25.04,TRADE
NSW1,2008/1/20 16:00,9375.26,25.49,TRADE
NSW1,2008/1/20 16:30,9333.52,24.9,TRADE
NSW1,2008/1/20 17:00,9348.65,24.87,TRADE
NSW1,2008/1/20 17:30,9262.48,21.51,TRADE
NSW1,2008/1/20 18:00,9159.7,21.24,TRADE
NSW1,2008/1/20 18:30,9039.43,21,TRADE
NSW1,2008/1/20 19:00,8959.44,21,TRADE
NSW1,2008/1/20 19:30,8945.24,20.94,TRADE
NSW1,2008/1/20 20:00,9034.09,21,TRADE
NSW1,2008/1/20 20:30,8878.72,21.12,TRADE
NSW1,2008/1/20 21:00,8602.6,19.99,TRADE
NSW1,2008/1/20 21:30,8469.14,20.06,TRADE
NSW1,2008/1/20 22:00,8183.43,18.86,TRADE
NSW1,2008/1/20 22:30,8093.24,20.04,TRADE
NSW1,2008/1/20 23:00,7800.41,19.19,TRADE
NSW1,2008/1/20 23:30,7575.41,19.98,TRADE
NSW1,2008/1/21 0:00,7349.6,20.05,TRADE
NSW1,2008/1/21 0:30,7199.29,18.55,TRADE
NSW1,2008/1/21 1:00,7067.19,17.77,TRADE
NSW1,2008/1/21 1:30,6788.27,16.52,TRADE
NSW1,2008/1/21 2:00,6585.68,11.88,TRADE
NSW1,2008/1/21 2:30,6435.67,8.74,TRADE
NSW1,2008/1/21 3:00,6393.7,10.01,TRADE
NSW1,2008/1/21 3:30,6371.82,9.59,TRADE
NSW1,2008/1/21 4:00,6540.12,10.76,TRADE
NSW1,2008/1/21 4:30,6748.03,14.58,TRADE
NSW1,2008/1/21 5:00,7052.36,17.78,TRADE
NSW1,2008/1/21 5:30,7546.9,19.79,TRADE
NSW1,2008/1/21 6:00,7986.12,22.23,TRADE
NSW1,2008/1/21 6:30,8495,24.59,TRADE
NSW1,2008/1/21 7:00,8938.72,28.17,TRADE
NSW1,2008/1/21 7:30,9329.09,30.59,TRADE
NSW1,2008/1/21 8:00,9567.37,32.72,TRADE
NSW1,2008/1/21 8:30,9848.09,33.6,TRADE
NSW1,2008/1/21 9:00,9987.6,36.64,TRADE
NSW1,2008/1/21 9:30,10046.74,32.21,TRADE
NSW1,2008/1/21 10:00,10108.92,32.93,TRADE
NSW1,2008/1/21 10:30,10076.54,34.01,TRADE
NSW1,2008/1/21 11:00,10100.64,35.34,TRADE
NSW1,2008/1/21 11:30,10071.66,37.45,TRADE
NSW1,2008/1/21 12:00,10019.41,44.22,TRADE
NSW1,2008/1/21 12:30,9972.39,42.12,TRADE
NSW1,2008/1/21 13:00,9883.1,43.73,TRADE
NSW1,2008/1/21 13:30,9610.99,37.69,TRADE
NSW1,2008/1/21 14:00,9755.45,43.77,TRADE
NSW1,2008/1/21 14:30,9814.69,44.11,TRADE
NSW1,2008/1/21 15:00,9770.76,44.12,TRADE
NSW1,2008/1/21 15:30,9734,33.64,TRADE
NSW1,2008/1/21 16:00,9666.24,33.97,TRADE
NSW1,2008/1/21 16:30,9651.88,35.02,TRADE
NSW1,2008/1/21 17:00,9624.74,43.39,TRADE
NSW1,2008/1/21 17:30,9433.14,32.1,TRADE
NSW1,2008/1/21 18:00,9293.18,30.79,TRADE
NSW1,2008/1/21 18:30,9109.87,29.57,TRADE
NSW1,2008/1/21 19:00,9006.67,28.93,TRADE
NSW1,2008/1/21 19:30,8941.9,28.19,TRADE
NSW1,2008/1/21 20:00,8938.35,28.96,TRADE
NSW1,2008/1/21 20:30,8725.38,26.95,TRADE
NSW1,2008/1/21 21:00,8458.53,23.79,TRADE
NSW1,2008/1/21 21:30,8483.96,25.6,TRADE
NSW1,2008/1/21 22:00,8368.07,22.4,TRADE
NSW1,2008/1/21 22:30,8341.22,24.52,TRADE
NSW1,2008/1/21 23:00,8193.34,23.84,TRADE
NSW1,2008/1/21 23:30,8060.22,28.77,TRADE
NSW1,2008/1/22 0:00,7873.25,23.46,TRADE
NSW1,2008/1/22 0:30,7703.57,21.7,TRADE
NSW1,2008/1/22 1:00,7477.8,21.29,TRADE
NSW1,2008/1/22 1:30,7147.22,20.33,TRADE
NSW1,2008/1/22 2:00,6860.39,19.93,TRADE
NSW1,2008/1/22 2:30,6619.48,19.24,TRADE
NSW1,2008/1/22 3:00,6534.56,18.01,TRADE
NSW1,2008/1/22 3:30,6545.07,15.81,TRADE
NSW1,2008/1/22 4:00,6549.2,15.65,TRADE
NSW1,2008/1/22 4:30,6815.17,19.52,TRADE
NSW1,2008/1/22 5:00,7073.04,20.11,TRADE
NSW1,2008/1/22 5:30,7576.35,23.24,TRADE
NSW1,2008/1/22 6:00,8110.92,25.83,TRADE
NSW1,2008/1/22 6:30,8420.21,28.9,TRADE
NSW1,2008/1/22 7:00,8792.47,27.26,TRADE
NSW1,2008/1/22 7:30,9022.98,27.5,TRADE
NSW1,2008/1/22 8:00,9263.08,31.97,TRADE
NSW1,2008/1/22 8:30,9570.81,30.78,TRADE
NSW1,2008/1/22 9:00,9682.86,33.49,TRADE
NSW1,2008/1/22 9:30,9799.67,34.48,TRADE
NSW1,2008/1/22 10:00,9847.6,32.19,TRADE
NSW1,2008/1/22 10:30,9821.14,32.36,TRADE
NSW1,2008/1/22 11:00,9843.17,34.22,TRADE
NSW1,2008/1/22 11:30,9746.31,34.43,TRADE
NSW1,2008/1/22 12:00,9674.57,37.22,TRADE
NSW1,2008/1/22 12:30,9786.36,38.08,TRADE
NSW1,2008/1/22 13:00,9793.56,38.18,TRADE
NSW1,2008/1/22 13:30,9766.46,36.59,TRADE
NSW1,2008/1/22 14:00,9722.2,36.4,TRADE
NSW1,2008/1/22 14:30,9744.15,36.43,TRADE
NSW1,2008/1/22 15:00,9769.25,33.52,TRADE
NSW1,2008/1/22 15:30,9718.32,33.27,TRADE
NSW1,2008/1/22 16:00,9715.49,32.11,TRADE
NSW1,2008/1/22 16:30,9648.89,32.51,TRADE
NSW1,2008/1/22 17:00,9549.49,28.84,TRADE
NSW1,2008/1/22 17:30,9267.41,29.62,TRADE
NSW1,2008/1/22 18:00,9128.41,29.25,TRADE
NSW1,2008/1/22 18:30,8959.38,24.47,TRADE
NSW1,2008/1/22 19:00,8800.57,24,TRADE
NSW1,2008/1/22 19:30,8810.04,20.56,TRADE
NSW1,2008/1/22 20:00,8918.16,23.57,TRADE
NSW1,2008/1/22 20:30,8817.11,23.57,TRADE
NSW1,2008/1/22 21:00,8555.19,21.31,TRADE
NSW1,2008/1/22 21:30,8600.95,23.98,TRADE
NSW1,2008/1/22 22:00,8449.35,23.01,TRADE
NSW1,2008/1/22 22:30,8374.78,24.31,TRADE
NSW1,2008/1/22 23:00,8225.05,22.82,TRADE
NSW1,2008/1/22 23:30,8117.41,25.14,TRADE
NSW1,2008/1/23 0:00,7948.7,21.66,TRADE
NSW1,2008/1/23 0:30,7748.62,19.96,TRADE
NSW1,2008/1/23 1:00,7537.18,19.3,TRADE
NSW1,2008/1/23 1:30,7187.82,19.92,TRADE
NSW1,2008/1/23 2:00,6824.67,15.27,TRADE
NSW1,2008/1/23 2:30,6562.4,11.21,TRADE
NSW1,2008/1/23 3:00,6533.23,15.86,TRADE
NSW1,2008/1/23 3:30,6439.04,11.39,TRADE
NSW1,2008/1/23 4:00,6511.19,16.64,TRADE
NSW1,2008/1/23 4:30,6749.53,17.48,TRADE
NSW1,2008/1/23 5:00,7015.84,20.47,TRADE
NSW1,2008/1/23 5:30,7523.45,21.22,TRADE
NSW1,2008/1/23 6:00,7991.55,23.01,TRADE
NSW1,2008/1/23 6:30,8384.42,27.26,TRADE
NSW1,2008/1/23 7:00,8790.47,31.81,TRADE
NSW1,2008/1/23 7:30,9083.29,28.48,TRADE
NSW1,2008/1/23 8:00,9331.92,33.55,TRADE
NSW1,2008/1/23 8:30,9649.1,34.05,TRADE
NSW1,2008/1/23 9:00,9768.39,34.39,TRADE
NSW1,2008/1/23 9:30,9902.59,36.04,TRADE
NSW1,2008/1/23 10:00,9890.35,35.14,TRADE
NSW1,2008/1/23 10:30,9924.71,37.4,TRADE
NSW1,2008/1/23 11:00,9957.24,37.29,TRADE
NSW1,2008/1/23 11:30,9870.77,36.21,TRADE
NSW1,2008/1/23 12:00,9856.25,35.55,TRADE
NSW1,2008/1/23 12:30,9880.2,36.72,TRADE
NSW1,2008/1/23 13:00,9861.8,36.31,TRADE
NSW1,2008/1/23 13:30,9878.41,36.54,TRADE
NSW1,2008/1/23 14:00,9901.88,38.17,TRADE
NSW1,2008/1/23 14:30,9881.75,36.71,TRADE
NSW1,2008/1/23 15:00,9857.12,35.94,TRADE
NSW1,2008/1/23 15:30,9792.18,36.07,TRADE
NSW1,2008/1/23 16:00,9811.27,36.1,TRADE
NSW1,2008/1/23 16:30,9745.51,34.98,TRADE
NSW1,2008/1/23 17:00,9672.71,33.64,TRADE
NSW1,2008/1/23 17:30,9388.11,31.83,TRADE
NSW1,2008/1/23 18:00,9228.75,32.75,TRADE
NSW1,2008/1/23 18:30,9002.31,25.7,TRADE
NSW1,2008/1/23 19:00,8883.76,24.42,TRADE
NSW1,2008/1/23 19:30,8857.91,23.54,TRADE
NSW1,2008/1/23 20:00,9007.67,24.02,TRADE
NSW1,2008/1/23 20:30,8889.11,25.32,TRADE
NSW1,2008/1/23 21:00,8633.31,22.51,TRADE
NSW1,2008/1/23 21:30,8630.66,22.91,TRADE
NSW1,2008/1/23 22:00,8426.58,20.53,TRADE
NSW1,2008/1/23 22:30,8395.18,22.64,TRADE
NSW1,2008/1/23 23:00,8213.27,21.24,TRADE
NSW1,2008/1/23 23:30,8076.88,23.67,TRADE
NSW1,2008/1/24 0:00,7903.37,21.23,TRADE
NSW1,2008/1/24 0:30,7689.87,20.56,TRADE
NSW1,2008/1/24 1:00,7527.7,20.31,TRADE
NSW1,2008/1/24 1:30,7163.08,20.22,TRADE
NSW1,2008/1/24 2:00,6815.36,18.71,TRADE
NSW1,2008/1/24 2:30,6651.79,17.84,TRADE
NSW1,2008/1/24 3:00,6534.92,16.11,TRADE
NSW1,2008/1/24 3:30,6488.44,15.67,TRADE
NSW1,2008/1/24 4:00,6563.52,16.22,TRADE
NSW1,2008/1/24 4:30,6808.43,20.06,TRADE
NSW1,2008/1/24 5:00,7035.31,20.35,TRADE
NSW1,2008/1/24 5:30,7474.73,21.7,TRADE
NSW1,2008/1/24 6:00,7974.53,23.65,TRADE
NSW1,2008/1/24 6:30,8345.39,29.59,TRADE
NSW1,2008/1/24 7:00,8730.33,26.29,TRADE
NSW1,2008/1/24 7:30,9017.81,25.73,TRADE
NSW1,2008/1/24 8:00,9113.42,28.86,TRADE
NSW1,2008/1/24 8:30,9699.23,32.73,TRADE
NSW1,2008/1/24 9:00,9830.28,34.23,TRADE
NSW1,2008/1/24 9:30,9905.12,33.95,TRADE
NSW1,2008/1/24 10:00,10036.78,36.44,TRADE
NSW1,2008/1/24 10:30,10016.7,35.58,TRADE
NSW1,2008/1/24 11:00,10093.22,36.18,TRADE
NSW1,2008/1/24 11:30,10080.02,34.27,TRADE
NSW1,2008/1/24 12:00,10043.12,32.6,TRADE
NSW1,2008/1/24 12:30,10085,33.59,TRADE
NSW1,2008/1/24 13:00,10130.08,35.78,TRADE
NSW1,2008/1/24 13:30,10176.42,34.21,TRADE
NSW1,2008/1/24 14:00,10197.95,34.09,TRADE
NSW1,2008/1/24 14:30,10186.23,33.46,TRADE
NSW1,2008/1/24 15:00,10214.88,38.54,TRADE
NSW1,2008/1/24 15:30,10203.12,34.18,TRADE
NSW1,2008/1/24 16:00,10190.73,33.4,TRADE
NSW1,2008/1/24 16:30,10051.8,32.78,TRADE
NSW1,2008/1/24 17:00,10024.99,33.45,TRADE
NSW1,2008/1/24 17:30,9797.66,32.04,TRADE
NSW1,2008/1/24 18:00,9631.98,33.99,TRADE
NSW1,2008/1/24 18:30,9404.73,29.76,TRADE
NSW1,2008/1/24 19:00,9259.05,26.6,TRADE
NSW1,2008/1/24 19:30,9320.22,32.13,TRADE
NSW1,2008/1/24 20:00,9293.44,29.98,TRADE
NSW1,2008/1/24 20:30,9068.03,28.74,TRADE
NSW1,2008/1/24 21:00,8732.98,23.91,TRADE
NSW1,2008/1/24 21:30,8814.12,27.09,TRADE
NSW1,2008/1/24 22:00,8638.65,22.11,TRADE
NSW1,2008/1/24 22:30,8528.21,24.39,TRADE
NSW1,2008/1/24 23:00,8410.24,23.17,TRADE
NSW1,2008/1/24 23:30,8231.84,26.41,TRADE
NSW1,2008/1/25 0:00,8028.37,22.41,TRADE
NSW1,2008/1/25 0:30,7765.14,20.37,TRADE
NSW1,2008/1/25 1:00,7518.51,20.21,TRADE
NSW1,2008/1/25 1:30,7235.21,21.19,TRADE
NSW1,2008/1/25 2:00,6878.3,19.69,TRADE
NSW1,2008/1/25 2:30,6728.72,19.1,TRADE
NSW1,2008/1/25 3:00,6607.53,15.2,TRADE
NSW1,2008/1/25 3:30,6594.39,15.11,TRADE
NSW1,2008/1/25 4:00,6654.91,15.65,TRADE
NSW1,2008/1/25 4:30,6895.21,19.41,TRADE
NSW1,2008/1/25 5:00,7138.67,20.16,TRADE
NSW1,2008/1/25 5:30,7684.44,22.33,TRADE
NSW1,2008/1/25 6:00,8112.31,23.66,TRADE
NSW1,2008/1/25 6:30,8529.77,28.09,TRADE
NSW1,2008/1/25 7:00,8908.05,28.57,TRADE
NSW1,2008/1/25 7:30,9278.04,29.3,TRADE
NSW1,2008/1/25 8:00,9609.23,33.14,TRADE
NSW1,2008/1/25 8:30,9847.04,33.16,TRADE
NSW1,2008/1/25 9:00,9961.33,33.75,TRADE
NSW1,2008/1/25 9:30,10012.47,35.29,TRADE
NSW1,2008/1/25 10:00,10172.88,35.14,TRADE
NSW1,2008/1/25 10:30,10172.54,39.84,TRADE
NSW1,2008/1/25 11:00,10237.18,42.05,TRADE
NSW1,2008/1/25 11:30,10136.82,43.14,TRADE
NSW1,2008/1/25 12:00,10104.94,46.18,TRADE
NSW1,2008/1/25 12:30,10101.97,43.9,TRADE
NSW1,2008/1/25 13:00,10120.96,46.45,TRADE
NSW1,2008/1/25 13:30,10077.12,44.03,TRADE
NSW1,2008/1/25 14:00,10049.47,42.44,TRADE
NSW1,2008/1/25 14:30,10000.59,42,TRADE
NSW1,2008/1/25 15:00,10029.7,42.1,TRADE
NSW1,2008/1/25 15:30,9995.17,42.07,TRADE
NSW1,2008/1/25 16:00,9985.45,41.9,TRADE
NSW1,2008/1/25 16:30,9882.31,36.86,TRADE
NSW1,2008/1/25 17:00,9778.89,33.88,TRADE
NSW1,2008/1/25 17:30,9408.7,32.13,TRADE
NSW1,2008/1/25 18:00,9194.56,32.33,TRADE
NSW1,2008/1/25 18:30,9031.88,28.49,TRADE
NSW1,2008/1/25 19:00,8979.57,27.29,TRADE
NSW1,2008/1/25 19:30,8950.29,28.67,TRADE
NSW1,2008/1/25 20:00,9025.95,28.04,TRADE
NSW1,2008/1/25 20:30,8837.99,24.91,TRADE
NSW1,2008/1/25 21:00,8568.3,23.48,TRADE
NSW1,2008/1/25 21:30,8694.16,24.23,TRADE
NSW1,2008/1/25 22:00,8585.79,22.97,TRADE
NSW1,2008/1/25 22:30,8597.76,25.23,TRADE
NSW1,2008/1/25 23:00,8489.61,26.59,TRADE
NSW1,2008/1/25 23:30,8149.66,26.72,TRADE
NSW1,2008/1/26 0:00,8050.06,23.97,TRADE
NSW1,2008/1/26 0:30,7780.32,20.62,TRADE
NSW1,2008/1/26 1:00,7570.59,20.81,TRADE
NSW1,2008/1/26 1:30,7237.42,22.31,TRADE
NSW1,2008/1/26 2:00,6857.09,19.99,TRADE
NSW1,2008/1/26 2:30,6568.34,19.39,TRADE
NSW1,2008/1/26 3:00,6525.68,19.71,TRADE
NSW1,2008/1/26 3:30,6538.43,18.89,TRADE
NSW1,2008/1/26 4:00,6501.91,16.86,TRADE
NSW1,2008/1/26 4:30,6546.93,17.18,TRADE
NSW1,2008/1/26 5:00,6677.07,20,TRADE
NSW1,2008/1/26 5:30,6767.7,20,TRADE
NSW1,2008/1/26 6:00,6933.32,20,TRADE
NSW1,2008/1/26 6:30,7232.19,21.04,TRADE
NSW1,2008/1/26 7:00,7550.51,21.45,TRADE
NSW1,2008/1/26 7:30,7975.3,20.44,TRADE
NSW1,2008/1/26 8:00,8327.51,22.64,TRADE
NSW1,2008/1/26 8:30,8757.99,26.89,TRADE
NSW1,2008/1/26 9:00,8934.9,28.89,TRADE
NSW1,2008/1/26 9:30,9077.74,34,TRADE
NSW1,2008/1/26 10:00,9135.71,34.44,TRADE
NSW1,2008/1/26 10:30,9118.58,34.01,TRADE
NSW1,2008/1/26 11:00,9177.51,35.16,TRADE
NSW1,2008/1/26 11:30,9164.31,33.99,TRADE
NSW1,2008/1/26 12:00,9074.63,36.47,TRADE
NSW1,2008/1/26 12:30,9093.7,33.68,TRADE
NSW1,2008/1/26 13:00,9014.19,30.99,TRADE
NSW1,2008/1/26 13:30,9021.54,34.92,TRADE
NSW1,2008/1/26 14:00,9062.8,35,TRADE
NSW1,2008/1/26 14:30,9075.25,34.33,TRADE
NSW1,2008/1/26 15:00,9135.15,34.73,TRADE
NSW1,2008/1/26 15:30,9137.31,34.52,TRADE
NSW1,2008/1/26 16:00,9127.56,34.04,TRADE
NSW1,2008/1/26 16:30,8995.41,33.15,TRADE
NSW1,2008/1/26 17:00,9026.38,32.84,TRADE
NSW1,2008/1/26 17:30,8947.09,31.63,TRADE
NSW1,2008/1/26 18:00,8798.81,31.96,TRADE
NSW1,2008/1/26 18:30,8670.94,29.36,TRADE
NSW1,2008/1/26 19:00,8603.52,28,TRADE
NSW1,2008/1/26 19:30,8625.9,28.88,TRADE
NSW1,2008/1/26 20:00,8675.9,29.3,TRADE
NSW1,2008/1/26 20:30,8549.38,25.32,TRADE
NSW1,2008/1/26 21:00,8336.27,24.58,TRADE
NSW1,2008/1/26 21:30,8328.56,24.6,TRADE
NSW1,2008/1/26 22:00,8185.82,22.5,TRADE
NSW1,2008/1/26 22:30,8200.76,24.01,TRADE
NSW1,2008/1/26 23:00,7956.94,22.41,TRADE
NSW1,2008/1/26 23:30,7723.13,23.08,TRADE
NSW1,2008/1/27 0:00,7509.35,22.69,TRADE
NSW1,2008/1/27 0:30,7306.34,18.95,TRADE
NSW1,2008/1/27 1:00,7117.87,20.03,TRADE
NSW1,2008/1/27 1:30,6813.11,20.29,TRADE
NSW1,2008/1/27 2:00,6602.64,19.62,TRADE
NSW1,2008/1/27 2:30,6454.64,18.22,TRADE
NSW1,2008/1/27 3:00,6403.95,15.9,TRADE
NSW1,2008/1/27 3:30,6365.73,15.27,TRADE
NSW1,2008/1/27 4:00,6360.95,16.81,TRADE
NSW1,2008/1/27 4:30,6386.97,13.87,TRADE
NSW1,2008/1/27 5:00,6401.39,12.35,TRADE
NSW1,2008/1/27 5:30,6461.95,16.25,TRADE
NSW1,2008/1/27 6:00,6540.15,14.33,TRADE
NSW1,2008/1/27 6:30,6743.57,18.84,TRADE
NSW1,2008/1/27 7:00,7069.2,20.06,TRADE
NSW1,2008/1/27 7:30,7443.84,17.86,TRADE
NSW1,2008/1/27 8:00,7783.05,17.93,TRADE
NSW1,2008/1/27 8:30,8157.24,20.73,TRADE
NSW1,2008/1/27 9:00,8373.4,21.1,TRADE
NSW1,2008/1/27 9:30,8624.22,21.25,TRADE
NSW1,2008/1/27 10:00,8730.61,23.12,TRADE
NSW1,2008/1/27 10:30,8806.16,25.37,TRADE
NSW1,2008/1/27 11:00,8924.17,25.48,TRADE
NSW1,2008/1/27 11:30,9013.59,28.37,TRADE
NSW1,2008/1/27 12:00,9122.64,29.89,TRADE
NSW1,2008/1/27 12:30,9167.18,31.36,TRADE
NSW1,2008/1/27 13:00,9210.03,31.18,TRADE
NSW1,2008/1/27 13:30,9307.11,32.59,TRADE
NSW1,2008/1/27 14:00,9414.51,33,TRADE
NSW1,2008/1/27 14:30,9510.4,33.29,TRADE
NSW1,2008/1/27 15:00,9594.82,32.93,TRADE
NSW1,2008/1/27 15:30,9656.93,33.17,TRADE
NSW1,2008/1/27 16:00,9730.22,33.67,TRADE
NSW1,2008/1/27 16:30,9653.42,33.04,TRADE
NSW1,2008/1/27 17:00,9685,32.89,TRADE
NSW1,2008/1/27 17:30,9554.35,32.53,TRADE
NSW1,2008/1/27 18:00,9504.56,30.9,TRADE
NSW1,2008/1/27 18:30,9328.81,26.42,TRADE
NSW1,2008/1/27 19:00,9191.3,24.69,TRADE
NSW1,2008/1/27 19:30,9128.27,26.34,TRADE
NSW1,2008/1/27 20:00,9224.14,28.31,TRADE
NSW1,2008/1/27 20:30,9013.25,27.33,TRADE
NSW1,2008/1/27 21:00,8777.02,24.5,TRADE
NSW1,2008/1/27 21:30,8682.95,24.32,TRADE
NSW1,2008/1/27 22:00,8497.86,22.34,TRADE
NSW1,2008/1/27 22:30,8408.51,23.55,TRADE
NSW1,2008/1/27 23:00,8128.41,23.04,TRADE
NSW1,2008/1/27 23:30,7838.76,22.64,TRADE
NSW1,2008/1/28 0:00,7599.93,20.83,TRADE
NSW1,2008/1/28 0:30,7354.82,20.13,TRADE
NSW1,2008/1/28 1:00,7120.94,19.19,TRADE
NSW1,2008/1/28 1:30,6813.31,17.67,TRADE
NSW1,2008/1/28 2:00,6582.09,18.35,TRADE
NSW1,2008/1/28 2:30,6503.14,17.62,TRADE
NSW1,2008/1/28 3:00,6416.55,15.22,TRADE
NSW1,2008/1/28 3:30,6431.89,15.28,TRADE
NSW1,2008/1/28 4:00,6414.66,15.08,TRADE
NSW1,2008/1/28 4:30,6481.61,15.53,TRADE
NSW1,2008/1/28 5:00,6567.19,15.71,TRADE
NSW1,2008/1/28 5:30,6674.27,17.2,TRADE
NSW1,2008/1/28 6:00,6826.21,17.88,TRADE
NSW1,2008/1/28 6:30,7034.84,19.98,TRADE
NSW1,2008/1/28 7:00,7365.42,20.58,TRADE
NSW1,2008/1/28 7:30,7701.95,19.02,TRADE
NSW1,2008/1/28 8:00,8035.23,20.9,TRADE
NSW1,2008/1/28 8:30,8417.15,21.03,TRADE
NSW1,2008/1/28 9:00,8708.83,22.42,TRADE
NSW1,2008/1/28 9:30,8994.74,25.2,TRADE
NSW1,2008/1/28 10:00,9183,28,TRADE
NSW1,2008/1/28 10:30,9271.53,27.5,TRADE
NSW1,2008/1/28 11:00,9377.96,30.91,TRADE
NSW1,2008/1/28 11:30,9518.06,32.18,TRADE
NSW1,2008/1/28 12:00,9572.39,33.14,TRADE
NSW1,2008/1/28 12:30,9612.54,31.61,TRADE
NSW1,2008/1/28 13:00,9662.31,32.37,TRADE
NSW1,2008/1/28 13:30,9731.96,34.27,TRADE
NSW1,2008/1/28 14:00,9835.04,35.16,TRADE
NSW1,2008/1/28 14:30,9885.92,39.12,TRADE
NSW1,2008/1/28 15:00,9949.88,40.38,TRADE
NSW1,2008/1/28 15:30,10027.08,49.08,TRADE
NSW1,2008/1/28 16:00,9863.23,49.28,TRADE
NSW1,2008/1/28 16:30,9804.16,50.5,TRADE
NSW1,2008/1/28 17:00,10158.86,66.52,TRADE
NSW1,2008/1/28 17:30,10005.07,46.33,TRADE
NSW1,2008/1/28 18:00,9834.54,42.69,TRADE
NSW1,2008/1/28 18:30,9484.14,34.51,TRADE
NSW1,2008/1/28 19:00,9321.29,33,TRADE
NSW1,2008/1/28 19:30,9309.84,33.07,TRADE
NSW1,2008/1/28 20:00,9434.34,33.06,TRADE
NSW1,2008/1/28 20:30,9218.11,31.81,TRADE
NSW1,2008/1/28 21:00,8882.31,26.82,TRADE
NSW1,2008/1/28 21:30,8808.99,24.4,TRADE
NSW1,2008/1/28 22:00,8550.32,22.67,TRADE
NSW1,2008/1/28 22:30,8503.67,25.01,TRADE
NSW1,2008/1/28 23:00,8309.37,25.9,TRADE
NSW1,2008/1/28 23:30,8127.13,27.21,TRADE
NSW1,2008/1/29 0:00,7954.59,24.83,TRADE
NSW1,2008/1/29 0:30,7763.18,22.28,TRADE
NSW1,2008/1/29 1:00,7536.2,21,TRADE
NSW1,2008/1/29 1:30,7203.13,21.38,TRADE
NSW1,2008/1/29 2:00,6899.34,20.01,TRADE
NSW1,2008/1/29 2:30,6612.23,16.68,TRADE
NSW1,2008/1/29 3:00,6599.34,15.99,TRADE
NSW1,2008/1/29 3:30,6593.7,16.11,TRADE
NSW1,2008/1/29 4:00,6651.29,16.77,TRADE
NSW1,2008/1/29 4:30,6936.06,18.03,TRADE
NSW1,2008/1/29 5:00,7197.16,20.11,TRADE
NSW1,2008/1/29 5:30,7790.71,22.46,TRADE
NSW1,2008/1/29 6:00,8268.34,22.81,TRADE
NSW1,2008/1/29 6:30,8770.94,30.15,TRADE
NSW1,2008/1/29 7:00,9289.09,32.98,TRADE
NSW1,2008/1/29 7:30,9696.47,32.43,TRADE
NSW1,2008/1/29 8:00,10032.22,33.62,TRADE
NSW1,2008/1/29 8:30,10462.16,37.7,TRADE
NSW1,2008/1/29 9:00,10733.78,43.75,TRADE
NSW1,2008/1/29 9:30,10945.3,44.53,TRADE
NSW1,2008/1/29 10:00,11172.17,46.71,TRADE
NSW1,2008/1/29 10:30,11408.49,53.62,TRADE
NSW1,2008/1/29 11:00,11691.23,58.14,TRADE
NSW1,2008/1/29 11:30,11821.02,62.86,TRADE
NSW1,2008/1/29 12:00,12025.95,72.14,TRADE
NSW1,2008/1/29 12:30,12228.84,86.21,TRADE
NSW1,2008/1/29 13:00,12412.75,92.61,TRADE
NSW1,2008/1/29 13:30,12493.23,82.61,TRADE
NSW1,2008/1/29 14:00,12660.3,93.82,TRADE
NSW1,2008/1/29 14:30,12750.49,96.56,TRADE
NSW1,2008/1/29 15:00,12700.75,97.04,TRADE
NSW1,2008/1/29 15:30,12630.07,96.79,TRADE
NSW1,2008/1/29 16:00,12533.58,91.61,TRADE
NSW1,2008/1/29 16:30,12382.99,76.87,TRADE
NSW1,2008/1/29 17:00,12146.7,67.41,TRADE
NSW1,2008/1/29 17:30,11767.75,49.23,TRADE
NSW1,2008/1/29 18:00,11506.08,46.19,TRADE
NSW1,2008/1/29 18:30,11059.68,44.12,TRADE
NSW1,2008/1/29 19:00,10828.29,43.77,TRADE
NSW1,2008/1/29 19:30,10729.4,43.73,TRADE
NSW1,2008/1/29 20:00,10767.29,43.69,TRADE
NSW1,2008/1/29 20:30,10433.91,41.51,TRADE
NSW1,2008/1/29 21:00,9939.71,34.97,TRADE
NSW1,2008/1/29 21:30,9814.37,33.68,TRADE
NSW1,2008/1/29 22:00,9397.88,28.13,TRADE
NSW1,2008/1/29 22:30,9205.09,28.27,TRADE
NSW1,2008/1/29 23:00,8908.78,27.1,TRADE
NSW1,2008/1/29 23:30,8639.26,29.32,TRADE
NSW1,2008/1/30 0:00,8464.09,24.91,TRADE
NSW1,2008/1/30 0:30,8180.38,23.63,TRADE
NSW1,2008/1/30 1:00,7921.04,22.28,TRADE
NSW1,2008/1/30 1:30,7660.11,22.76,TRADE
NSW1,2008/1/30 2:00,7284.64,20.8,TRADE
NSW1,2008/1/30 2:30,7067.87,20.01,TRADE
NSW1,2008/1/30 3:00,6963.85,20.03,TRADE
NSW1,2008/1/30 3:30,6974.25,20.33,TRADE
NSW1,2008/1/30 4:00,7002.61,20.08,TRADE
NSW1,2008/1/30 4:30,7221.95,20.72,TRADE
NSW1,2008/1/30 5:00,7525.43,21.05,TRADE
NSW1,2008/1/30 5:30,8112.87,25.8,TRADE
NSW1,2008/1/30 6:00,8713.2,27.45,TRADE
NSW1,2008/1/30 6:30,9199.88,33.36,TRADE
NSW1,2008/1/30 7:00,9745.5,40.15,TRADE
NSW1,2008/1/30 7:30,10178.14,40.48,TRADE
NSW1,2008/1/30 8:00,10535.85,41.74,TRADE
NSW1,2008/1/30 8:30,10938.01,43.73,TRADE
NSW1,2008/1/30 9:00,11217.7,44.98,TRADE
NSW1,2008/1/30 9:30,11493.55,52.14,TRADE
NSW1,2008/1/30 10:00,11702.96,56.34,TRADE
NSW1,2008/1/30 10:30,11827.61,59.65,TRADE
NSW1,2008/1/30 11:00,12050.04,83.23,TRADE
NSW1,2008/1/30 11:30,12149.56,106.93,TRADE
NSW1,2008/1/30 12:00,12313.86,111.77,TRADE
NSW1,2008/1/30 12:30,12438.48,129.2,TRADE
NSW1,2008/1/30 13:00,12613.81,146.38,TRADE
NSW1,2008/1/30 13:30,12738.83,105.7,TRADE
NSW1,2008/1/30 14:00,12884.21,110.81,TRADE
NSW1,2008/1/30 14:30,12908.7,101.66,TRADE
NSW1,2008/1/30 15:00,12954.11,95.85,TRADE
NSW1,2008/1/30 15:30,12904.86,93.41,TRADE
NSW1,2008/1/30 16:00,12753.26,92.23,TRADE
NSW1,2008/1/30 16:30,12535.25,63.6,TRADE
NSW1,2008/1/30 17:00,12271.75,65.11,TRADE
NSW1,2008/1/30 17:30,11886.61,55.16,TRADE
NSW1,2008/1/30 18:00,11606.5,46.67,TRADE
NSW1,2008/1/30 18:30,11262.49,44.01,TRADE
NSW1,2008/1/30 19:00,11012.99,43.74,TRADE
NSW1,2008/1/30 19:30,10905.35,43.71,TRADE
NSW1,2008/1/30 20:00,10799.83,43.03,TRADE
NSW1,2008/1/30 20:30,10499.58,42.03,TRADE
NSW1,2008/1/30 21:00,10044.51,36.35,TRADE
NSW1,2008/1/30 21:30,9908.63,33.61,TRADE
NSW1,2008/1/30 22:00,9518.41,26.58,TRADE
NSW1,2008/1/30 22:30,9313.28,25.58,TRADE
NSW1,2008/1/30 23:00,8974.77,25.54,TRADE
NSW1,2008/1/30 23:30,8677.3,25.68,TRADE
NSW1,2008/1/31 0:00,8465.49,24.58,TRADE
NSW1,2008/1/31 0:30,8192.7,22.57,TRADE
NSW1,2008/1/31 1:00,7935.48,21.99,TRADE
NSW1,2008/1/31 1:30,7621.69,21.54,TRADE
NSW1,2008/1/31 2:00,7313.78,20.42,TRADE
NSW1,2008/1/31 2:30,7115.93,19.93,TRADE
NSW1,2008/1/31 3:00,7019.92,19.97,TRADE
NSW1,2008/1/31 3:30,7016.87,20.63,TRADE
NSW1,2008/1/31 4:00,7101.74,20.89,TRADE
NSW1,2008/1/31 4:30,7281.74,20.36,TRADE
NSW1,2008/1/31 5:00,7565.32,21.69,TRADE
NSW1,2008/1/31 5:30,8199.13,26.39,TRADE
NSW1,2008/1/31 6:00,8796.99,30.19,TRADE
NSW1,2008/1/31 6:30,9400.33,35.26,TRADE
NSW1,2008/1/31 7:00,9900.99,40.74,TRADE
NSW1,2008/1/31 7:30,10183.84,42.83,TRADE
NSW1,2008/1/31 8:00,10562.17,43.6,TRADE
NSW1,2008/1/31 8:30,10955.42,44.07,TRADE
NSW1,2008/1/31 9:00,11185.35,44.19,TRADE
NSW1,2008/1/31 9:30,11395.02,47.15,TRADE
NSW1,2008/1/31 10:00,11608.15,52.14,TRADE
NSW1,2008/1/31 10:30,11758.5,52.92,TRADE
NSW1,2008/1/31 11:00,11875.17,54.74,TRADE
NSW1,2008/1/31 11:30,12046,62.25,TRADE
NSW1,2008/1/31 12:00,12171.81,63.32,TRADE
NSW1,2008/1/31 12:30,12265.54,67,TRADE
NSW1,2008/1/31 13:00,12363.41,73.06,TRADE
NSW1,2008/1/31 13:30,12421.21,77.16,TRADE
NSW1,2008/1/31 14:00,12426.46,82.3,TRADE
NSW1,2008/1/31 14:30,12332.87,70.69,TRADE
NSW1,2008/1/31 15:00,12514.85,77.15,TRADE
NSW1,2008/1/31 15:30,12633.74,75.16,TRADE
NSW1,2008/1/31 16:00,12581.04,70.41,TRADE
NSW1,2008/1/31 16:30,12412.65,63.73,TRADE
NSW1,2008/1/31 17:00,12165.81,56,TRADE
NSW1,2008/1/31 17:30,11884.52,48.44,TRADE
NSW1,2008/1/31 18:00,11447.61,45.93,TRADE
NSW1,2008/1/31 18:30,10886.97,43.25,TRADE
NSW1,2008/1/31 19:00,10605.39,41.54,TRADE
NSW1,2008/1/31 19:30,10524.09,43.6,TRADE
NSW1,2008/1/31 20:00,10329.21,42.19,TRADE
NSW1,2008/1/31 20:30,9869.48,35.37,TRADE
NSW1,2008/1/31 21:00,9410.92,31.3,TRADE
NSW1,2008/1/31 21:30,9274.01,28.7,TRADE
NSW1,2008/1/31 22:00,8936.48,24,TRADE
NSW1,2008/1/31 22:30,8782.82,26.1,TRADE
NSW1,2008/1/31 23:00,8536.04,23.87,TRADE
NSW1,2008/1/31 23:30,8305.45,26.7,TRADE
NSW1,2008/2/1 0:00,8093.83,24.5,TRADE
?NSW1,2008/2/1 0:30,7876.98,21.47,TRADE
NSW1,2008/2/1 1:00,7635.15,20.84,TRADE
NSW1,2008/2/1 1:30,7296.83,20.39,TRADE
NSW1,2008/2/1 2:00,7010.89,19.4,TRADE
NSW1,2008/2/1 2:30,6857.15,16.74,TRADE
NSW1,2008/2/1 3:00,6790.5,13.77,TRADE
NSW1,2008/2/1 3:30,6781.39,15.05,TRADE
NSW1,2008/2/1 4:00,6893.93,16.25,TRADE
NSW1,2008/2/1 4:30,7129.59,19.37,TRADE
NSW1,2008/2/1 5:00,7385.13,20.37,TRADE
NSW1,2008/2/1 5:30,8039.45,22.94,TRADE
NSW1,2008/2/1 6:00,8575.8,24.2,TRADE
NSW1,2008/2/1 6:30,9065.65,31.42,TRADE
NSW1,2008/2/1 7:00,9577.05,40.16,TRADE
NSW1,2008/2/1 7:30,9782.27,38,TRADE
NSW1,2008/2/1 8:00,9927.3,37.46,TRADE
NSW1,2008/2/1 8:30,10172.18,39.1,TRADE
NSW1,2008/2/1 9:00,10240.88,37.56,TRADE
NSW1,2008/2/1 9:30,10342.33,39.76,TRADE
NSW1,2008/2/1 10:00,10335.36,37.41,TRADE
NSW1,2008/2/1 10:30,10362.64,37.08,TRADE
NSW1,2008/2/1 11:00,10399.95,40.87,TRADE
NSW1,2008/2/1 11:30,10310.22,37.94,TRADE
NSW1,2008/2/1 12:00,10357.39,40.95,TRADE
NSW1,2008/2/1 12:30,10351.13,39.61,TRADE
NSW1,2008/2/1 13:00,10274.75,37.96,TRADE
NSW1,2008/2/1 13:30,10278.38,38.66,TRADE
NSW1,2008/2/1 14:00,10166.7,37.76,TRADE
NSW1,2008/2/1 14:30,10140.86,37.46,TRADE
NSW1,2008/2/1 15:00,10121.81,40.31,TRADE
NSW1,2008/2/1 15:30,10092.8,42.01,TRADE
NSW1,2008/2/1 16:00,10107.52,43.5,TRADE
NSW1,2008/2/1 16:30,10039.45,39.15,TRADE
NSW1,2008/2/1 17:00,9943.27,37.11,TRADE
NSW1,2008/2/1 17:30,9660.49,34.2,TRADE
NSW1,2008/2/1 18:00,9470.07,35.52,TRADE
NSW1,2008/2/1 18:30,9200.29,32.45,TRADE
NSW1,2008/2/1 19:00,9087.15,31.7,TRADE
NSW1,2008/2/1 19:30,9129.27,32.72,TRADE
NSW1,2008/2/1 20:00,9118.26,33.48,TRADE
NSW1,2008/2/1 20:30,8945.96,31.22,TRADE
NSW1,2008/2/1 21:00,8615.22,28.91,TRADE
NSW1,2008/2/1 21:30,8718.56,28.34,TRADE
NSW1,2008/2/1 22:00,8566.76,24.29,TRADE
NSW1,2008/2/1 22:30,8551.43,25.91,TRADE
NSW1,2008/2/1 23:00,8415.86,25.84,TRADE
NSW1,2008/2/1 23:30,8177.52,29.37,TRADE
NSW1,2008/2/2 0:00,7984.69,25.58,TRADE
NSW1,2008/2/2 0:30,7767.44,22.73,TRADE
NSW1,2008/2/2 1:00,7454.01,20.95,TRADE
NSW1,2008/2/2 1:30,7143.93,20.73,TRADE
NSW1,2008/2/2 2:00,6817.73,19.42,TRADE
NSW1,2008/2/2 2:30,6600.84,18.88,TRADE
NSW1,2008/2/2 3:00,6534.52,18.18,TRADE
NSW1,2008/2/2 3:30,6541.33,15.5,TRADE
NSW1,2008/2/2 4:00,6540.02,16.25,TRADE
NSW1,2008/2/2 4:30,6625.74,18.22,TRADE
NSW1,2008/2/2 5:00,6664.02,20.06,TRADE
NSW1,2008/2/2 5:30,6911.58,20.68,TRADE
NSW1,2008/2/2 6:00,7068.1,20.85,TRADE
NSW1,2008/2/2 6:30,7402.39,21.03,TRADE
NSW1,2008/2/2 7:00,7813.73,24.53,TRADE
NSW1,2008/2/2 7:30,8245.08,21.57,TRADE
NSW1,2008/2/2 8:00,8598,26.42,TRADE
NSW1,2008/2/2 8:30,8976.67,31.95,TRADE
NSW1,2008/2/2 9:00,9126.62,33.27,TRADE
NSW1,2008/2/2 9:30,9301.83,36.34,TRADE
NSW1,2008/2/2 10:00,9326.66,35.2,TRADE
NSW1,2008/2/2 10:30,9308.22,34.58,TRADE
NSW1,2008/2/2 11:00,9326.17,35,TRADE
NSW1,2008/2/2 11:30,9321.94,35.01,TRADE
NSW1,2008/2/2 12:00,9331.27,35.01,TRADE
NSW1,2008/2/2 12:30,9307.32,38.62,TRADE
NSW1,2008/2/2 13:00,9282.32,38.95,TRADE
NSW1,2008/2/2 13:30,9299.06,41.63,TRADE
NSW1,2008/2/2 14:00,9323.93,41.95,TRADE
NSW1,2008/2/2 14:30,9350.18,42.19,TRADE
NSW1,2008/2/2 15:00,9404.75,35.01,TRADE
NSW1,2008/2/2 15:30,9473.22,35.01,TRADE
NSW1,2008/2/2 16:00,9540,36.51,TRADE
NSW1,2008/2/2 16:30,9409.92,34.84,TRADE
NSW1,2008/2/2 17:00,9484.18,35.01,TRADE
NSW1,2008/2/2 17:30,9399.83,35.01,TRADE
NSW1,2008/2/2 18:00,9321.32,34.63,TRADE
NSW1,2008/2/2 18:30,9110.79,30.82,TRADE
NSW1,2008/2/2 19:00,8921.68,29,TRADE
NSW1,2008/2/2 19:30,9005.7,29.22,TRADE
NSW1,2008/2/2 20:00,9086.29,29.78,TRADE
NSW1,2008/2/2 20:30,8924.49,27.53,TRADE
NSW1,2008/2/2 21:00,8709.56,24.46,TRADE
NSW1,2008/2/2 21:30,8660.93,25.44,TRADE
NSW1,2008/2/2 22:00,8471.75,22.94,TRADE
NSW1,2008/2/2 22:30,8396.03,25.66,TRADE
NSW1,2008/2/2 23:00,8086.73,23.47,TRADE
NSW1,2008/2/2 23:30,7872.14,25.57,TRADE
NSW1,2008/2/3 0:00,7647.58,22.6,TRADE
NSW1,2008/2/3 0:30,7423.43,20.9,TRADE
NSW1,2008/2/3 1:00,7181.54,20.79,TRADE
NSW1,2008/2/3 1:30,6929.84,20.38,TRADE
NSW1,2008/2/3 2:00,6658.56,19.69,TRADE
NSW1,2008/2/3 2:30,6509.28,20.21,TRADE
NSW1,2008/2/3 3:00,6437.43,20,TRADE
NSW1,2008/2/3 3:30,6383.24,14.77,TRADE
NSW1,2008/2/3 4:00,6397.07,13.5,TRADE
NSW1,2008/2/3 4:30,6444.26,17.13,TRADE
NSW1,2008/2/3 5:00,6511.62,16.7,TRADE
NSW1,2008/2/3 5:30,6567.8,18.48,TRADE
NSW1,2008/2/3 6:00,6635.83,17.3,TRADE
NSW1,2008/2/3 6:30,6874.58,18.14,TRADE
NSW1,2008/2/3 7:00,7160.71,20.49,TRADE
NSW1,2008/2/3 7:30,7527.7,18.67,TRADE
NSW1,2008/2/3 8:00,7958.95,20.17,TRADE
NSW1,2008/2/3 8:30,8337.9,21.03,TRADE
NSW1,2008/2/3 9:00,8732.3,21.02,TRADE
NSW1,2008/2/3 9:30,8925.96,22.89,TRADE
NSW1,2008/2/3 10:00,9062.69,24.63,TRADE
NSW1,2008/2/3 10:30,9043.15,22.11,TRADE
NSW1,2008/2/3 11:00,9082.67,26.25,TRADE
NSW1,2008/2/3 11:30,9113.44,28.61,TRADE
NSW1,2008/2/3 12:00,9125.58,29,TRADE
NSW1,2008/2/3 12:30,9052.04,31.06,TRADE
NSW1,2008/2/3 13:00,9006.25,29.5,TRADE
NSW1,2008/2/3 13:30,9011.81,31.63,TRADE
NSW1,2008/2/3 14:00,8970.25,32.4,TRADE
NSW1,2008/2/3 14:30,9010.71,35.01,TRADE
NSW1,2008/2/3 15:00,8976.57,33.5,TRADE
NSW1,2008/2/3 15:30,8970.31,31.76,TRADE
NSW1,2008/2/3 16:00,8933.64,33.99,TRADE
NSW1,2008/2/3 16:30,8915.67,32.9,TRADE
NSW1,2008/2/3 17:00,9010.94,33.71,TRADE
NSW1,2008/2/3 17:30,9114.42,34.44,TRADE
NSW1,2008/2/3 18:00,9114.09,34.04,TRADE
NSW1,2008/2/3 18:30,9023.07,33,TRADE
NSW1,2008/2/3 19:00,9002.14,32.12,TRADE
NSW1,2008/2/3 19:30,9030.91,31.47,TRADE
NSW1,2008/2/3 20:00,8988.59,30.88,TRADE
NSW1,2008/2/3 20:30,8685.2,29.21,TRADE
NSW1,2008/2/3 21:00,8487.67,23.69,TRADE
NSW1,2008/2/3 21:30,8321.7,23.55,TRADE
NSW1,2008/2/3 22:00,8135.62,21.29,TRADE
NSW1,2008/2/3 22:30,8027.82,24,TRADE
NSW1,2008/2/3 23:00,7713.37,20.93,TRADE
NSW1,2008/2/3 23:30,7529.63,21.85,TRADE
NSW1,2008/2/4 0:00,7338.36,20.97,TRADE
NSW1,2008/2/4 0:30,7213.58,20.81,TRADE
NSW1,2008/2/4 1:00,7077.88,20.01,TRADE
NSW1,2008/2/4 1:30,6801.16,20.12,TRADE
NSW1,2008/2/4 2:00,6648.02,18.25,TRADE
NSW1,2008/2/4 2:30,6526.13,11.67,TRADE
NSW1,2008/2/4 3:00,6492.48,12,TRADE
NSW1,2008/2/4 3:30,6539.32,12,TRADE
NSW1,2008/2/4 4:00,6629.38,14.01,TRADE
NSW1,2008/2/4 4:30,6936.88,23.29,TRADE
NSW1,2008/2/4 5:00,7205.95,21.64,TRADE
NSW1,2008/2/4 5:30,7893.72,30.33,TRADE
NSW1,2008/2/4 6:00,8514.65,30,TRADE
NSW1,2008/2/4 6:30,9023.64,35.53,TRADE
NSW1,2008/2/4 7:00,9611.08,45.04,TRADE
NSW1,2008/2/4 7:30,9829.09,51.86,TRADE
NSW1,2008/2/4 8:00,9989.42,41.58,TRADE
NSW1,2008/2/4 8:30,10232.1,42.77,TRADE
NSW1,2008/2/4 9:00,10319.2,38.44,TRADE
NSW1,2008/2/4 9:30,10417.36,35.01,TRADE
NSW1,2008/2/4 10:00,10371.21,38.02,TRADE
NSW1,2008/2/4 10:30,10323.22,37,TRADE
NSW1,2008/2/4 11:00,10446.52,39.35,TRADE
NSW1,2008/2/4 11:30,10466.23,41.8,TRADE
NSW1,2008/2/4 12:00,10419.13,36.96,TRADE
NSW1,2008/2/4 12:30,10372.02,36.7,TRADE
NSW1,2008/2/4 13:00,10197.3,35.01,TRADE
NSW1,2008/2/4 13:30,10308.37,42.34,TRADE
NSW1,2008/2/4 14:00,10317.88,43.64,TRADE
NSW1,2008/2/4 14:30,10196.97,37.09,TRADE
NSW1,2008/2/4 15:00,10137.24,33.52,TRADE
NSW1,2008/2/4 15:30,10265.63,34.54,TRADE
NSW1,2008/2/4 16:00,10303.34,31.32,TRADE
NSW1,2008/2/4 16:30,10327.25,33.57,TRADE
NSW1,2008/2/4 17:00,10306.39,35.03,TRADE
NSW1,2008/2/4 17:30,10019.36,33.66,TRADE
NSW1,2008/2/4 18:00,9926.07,34.26,TRADE
NSW1,2008/2/4 18:30,9663.98,31.78,TRADE
NSW1,2008/2/4 19:00,9485.14,29.68,TRADE
NSW1,2008/2/4 19:30,9475.31,29.9,TRADE
NSW1,2008/2/4 20:00,9343.45,29.28,TRADE
NSW1,2008/2/4 20:30,9086.67,30.01,TRADE
NSW1,2008/2/4 21:00,8784.32,28.04,TRADE
NSW1,2008/2/4 21:30,8786.41,28.82,TRADE
NSW1,2008/2/4 22:00,8649.18,28.53,TRADE
NSW1,2008/2/4 22:30,8600.89,26.28,TRADE
NSW1,2008/2/4 23:00,8421.22,25.39,TRADE
NSW1,2008/2/4 23:30,8210.99,27.48,TRADE
NSW1,2008/2/5 0:00,8007.33,27.57,TRADE
NSW1,2008/2/5 0:30,7842.53,24.25,TRADE
NSW1,2008/2/5 1:00,7625.51,21.96,TRADE
NSW1,2008/2/5 1:30,7307.79,21.33,TRADE
NSW1,2008/2/5 2:00,7021.49,20.71,TRADE
NSW1,2008/2/5 2:30,6780.54,19.82,TRADE
NSW1,2008/2/5 3:00,6657.02,20,TRADE
NSW1,2008/2/5 3:30,6679.25,20,TRADE
NSW1,2008/2/5 4:00,6730.22,20.08,TRADE
NSW1,2008/2/5 4:30,7037.67,21.13,TRADE
NSW1,2008/2/5 5:00,7350.06,21.97,TRADE
NSW1,2008/2/5 5:30,8021.81,29.44,TRADE
NSW1,2008/2/5 6:00,8629.57,35.48,TRADE
NSW1,2008/2/5 6:30,9121.01,49.65,TRADE
NSW1,2008/2/5 7:00,9561.66,60.16,TRADE
NSW1,2008/2/5 7:30,9738.97,50.48,TRADE
NSW1,2008/2/5 8:00,9898.62,44.31,TRADE
NSW1,2008/2/5 8:30,10237.39,44.85,TRADE
NSW1,2008/2/5 9:00,10291.57,44.62,TRADE
NSW1,2008/2/5 9:30,10377.97,45.39,TRADE
NSW1,2008/2/5 10:00,10424.62,45.23,TRADE
NSW1,2008/2/5 10:30,10404.8,44.78,TRADE
NSW1,2008/2/5 11:00,10461.02,47.25,TRADE
NSW1,2008/2/5 11:30,10466.97,44.82,TRADE
NSW1,2008/2/5 12:00,10499.85,45.38,TRADE
NSW1,2008/2/5 12:30,10531.52,45.62,TRADE
NSW1,2008/2/5 13:00,10556.22,45.2,TRADE
NSW1,2008/2/5 13:30,10597.35,43.64,TRADE
NSW1,2008/2/5 14:00,10520.64,43.09,TRADE
NSW1,2008/2/5 14:30,10435.92,43.05,TRADE
NSW1,2008/2/5 15:00,10353.51,41.68,TRADE
NSW1,2008/2/5 15:30,10399.6,41.5,TRADE
NSW1,2008/2/5 16:00,10354.47,38.33,TRADE
NSW1,2008/2/5 16:30,10283.13,33.66,TRADE
NSW1,2008/2/5 17:00,10176.11,35.82,TRADE
NSW1,2008/2/5 17:30,9896.6,34.15,TRADE
NSW1,2008/2/5 18:00,9775.24,31.13,TRADE
NSW1,2008/2/5 18:30,9533.51,29.84,TRADE
NSW1,2008/2/5 19:00,9469.87,29.91,TRADE
NSW1,2008/2/5 19:30,9458.02,31.84,TRADE
NSW1,2008/2/5 20:00,9330.63,33.08,TRADE
NSW1,2008/2/5 20:30,9062.8,29.58,TRADE
NSW1,2008/2/5 21:00,8687.24,30.38,TRADE
NSW1,2008/2/5 21:30,8744.11,29.24,TRADE
NSW1,2008/2/5 22:00,8562.14,23.55,TRADE
NSW1,2008/2/5 22:30,8478.04,24.01,TRADE
NSW1,2008/2/5 23:00,8333.82,22.59,TRADE
NSW1,2008/2/5 23:30,8130.72,30.4,TRADE
NSW1,2008/2/6 0:00,7942.83,25.97,TRADE
NSW1,2008/2/6 0:30,7751.2,25.21,TRADE
NSW1,2008/2/6 1:00,7538.72,23.57,TRADE
NSW1,2008/2/6 1:30,7232.98,23.65,TRADE
NSW1,2008/2/6 2:00,6869.16,20.95,TRADE
NSW1,2008/2/6 2:30,6630.91,20.91,TRADE
NSW1,2008/2/6 3:00,6530.31,20.14,TRADE
NSW1,2008/2/6 3:30,6546.43,19.88,TRADE
NSW1,2008/2/6 4:00,6602.62,20.29,TRADE
NSW1,2008/2/6 4:30,6843.53,20.96,TRADE
NSW1,2008/2/6 5:00,7182.4,22.45,TRADE
NSW1,2008/2/6 5:30,7838.72,30.7,TRADE
NSW1,2008/2/6 6:00,8390.08,34.38,TRADE
NSW1,2008/2/6 6:30,8850.12,36.72,TRADE
NSW1,2008/2/6 7:00,9262.53,48.38,TRADE
NSW1,2008/2/6 7:30,9506.52,34.99,TRADE
NSW1,2008/2/6 8:00,9733.09,36.8,TRADE
NSW1,2008/2/6 8:30,10033.46,35.49,TRADE
NSW1,2008/2/6 9:00,10213.67,36.79,TRADE
NSW1,2008/2/6 9:30,10301.83,36.81,TRADE
NSW1,2008/2/6 10:00,10366.93,36.75,TRADE
NSW1,2008/2/6 10:30,10441.79,39.87,TRADE
NSW1,2008/2/6 11:00,10645.74,43.83,TRADE
NSW1,2008/2/6 11:30,10657.42,39.04,TRADE
NSW1,2008/2/6 12:00,10747.32,41.13,TRADE
NSW1,2008/2/6 12:30,10835.85,43.47,TRADE
NSW1,2008/2/6 13:00,10948.42,44.09,TRADE
NSW1,2008/2/6 13:30,11009.7,44.75,TRADE
NSW1,2008/2/6 14:00,10995.7,41.54,TRADE
NSW1,2008/2/6 14:30,10974.06,37.62,TRADE
NSW1,2008/2/6 15:00,10970.92,37.82,TRADE
NSW1,2008/2/6 15:30,10960.34,37.64,TRADE
NSW1,2008/2/6 16:00,10879.4,39.03,TRADE
NSW1,2008/2/6 16:30,10687.17,42.6,TRADE
NSW1,2008/2/6 17:00,10472.97,38.22,TRADE
NSW1,2008/2/6 17:30,10148.27,32.98,TRADE
NSW1,2008/2/6 18:00,9964.87,31.13,TRADE
NSW1,2008/2/6 18:30,9632.44,29.52,TRADE
NSW1,2008/2/6 19:00,9417.17,29.09,TRADE
NSW1,2008/2/6 19:30,9327.57,29.15,TRADE
NSW1,2008/2/6 20:00,9167.46,29,TRADE
NSW1,2008/2/6 20:30,8973.85,28.87,TRADE
NSW1,2008/2/6 21:00,8641.15,28.06,TRADE
NSW1,2008/2/6 21:30,8614.1,26.89,TRADE
NSW1,2008/2/6 22:00,8373.53,21.05,TRADE
NSW1,2008/2/6 22:30,8419.6,25.66,TRADE
NSW1,2008/2/6 23:00,8245.92,22.64,TRADE
NSW1,2008/2/6 23:30,8051.05,28.6,TRADE
NSW1,2008/2/7 0:00,7866.65,27.05,TRADE
NSW1,2008/2/7 0:30,7714.66,23.96,TRADE
NSW1,2008/2/7 1:00,7477.04,20.98,TRADE
NSW1,2008/2/7 1:30,7161.4,21.8,TRADE
NSW1,2008/2/7 2:00,6847,19.91,TRADE
NSW1,2008/2/7 2:30,6628.56,13.82,TRADE
NSW1,2008/2/7 3:00,6557.08,10.59,TRADE
NSW1,2008/2/7 3:30,6536.32,11.88,TRADE
NSW1,2008/2/7 4:00,6583.36,13.09,TRADE
NSW1,2008/2/7 4:30,6792.31,19.26,TRADE
NSW1,2008/2/7 5:00,7132.02,20.81,TRADE
NSW1,2008/2/7 5:30,7778.8,25.25,TRADE
NSW1,2008/2/7 6:00,8348.02,27.18,TRADE
NSW1,2008/2/7 6:30,8853.91,29.58,TRADE
NSW1,2008/2/7 7:00,9248.5,35.01,TRADE
NSW1,2008/2/7 7:30,9376.15,28.47,TRADE
NSW1,2008/2/7 8:00,9552.6,28.99,TRADE
NSW1,2008/2/7 8:30,9830.8,29.11,TRADE
NSW1,2008/2/7 9:00,10011.11,30.74,TRADE
NSW1,2008/2/7 9:30,10181.18,34.34,TRADE
NSW1,2008/2/7 10:00,10294.41,34.84,TRADE
NSW1,2008/2/7 10:30,10325.35,36.4,TRADE
NSW1,2008/2/7 11:00,10336.1,37.01,TRADE
NSW1,2008/2/7 11:30,10350.51,34.8,TRADE
NSW1,2008/2/7 12:00,10302.91,34.5,TRADE
NSW1,2008/2/7 12:30,10247.54,35,TRADE
NSW1,2008/2/7 13:00,10144.5,32.78,TRADE
NSW1,2008/2/7 13:30,10077.15,34.59,TRADE
NSW1,2008/2/7 14:00,10094.54,34.84,TRADE
NSW1,2008/2/7 14:30,10038.18,31.56,TRADE
NSW1,2008/2/7 15:00,10016.3,30.92,TRADE
NSW1,2008/2/7 15:30,9936.3,33.67,TRADE
NSW1,2008/2/7 16:00,9984.07,34.17,TRADE
NSW1,2008/2/7 16:30,9962.72,31.32,TRADE
NSW1,2008/2/7 17:00,9967.58,30.51,TRADE
NSW1,2008/2/7 17:30,9728.34,32.06,TRADE
NSW1,2008/2/7 18:00,9525.13,29.65,TRADE
NSW1,2008/2/7 18:30,9386.37,29.13,TRADE
NSW1,2008/2/7 19:00,9293.29,29.09,TRADE
NSW1,2008/2/7 19:30,9308.05,30.77,TRADE
NSW1,2008/2/7 20:00,9274.42,31.85,TRADE
NSW1,2008/2/7 20:30,8897.48,30.53,TRADE
NSW1,2008/2/7 21:00,8581.09,28.81,TRADE
NSW1,2008/2/7 21:30,8512.3,28.27,TRADE
NSW1,2008/2/7 22:00,8338.3,23.75,TRADE
NSW1,2008/2/7 22:30,8273.14,26.32,TRADE
NSW1,2008/2/7 23:00,8161.56,23.41,TRADE
NSW1,2008/2/7 23:30,8048.77,29.31,TRADE
NSW1,2008/2/8 0:00,7835.86,27.02,TRADE
NSW1,2008/2/8 0:30,7627.78,23.44,TRADE
NSW1,2008/2/8 1:00,7418.76,20.82,TRADE
NSW1,2008/2/8 1:30,7109.5,21.12,TRADE
NSW1,2008/2/8 2:00,6800.02,20.33,TRADE
NSW1,2008/2/8 2:30,6592.92,19.16,TRADE
NSW1,2008/2/8 3:00,6509.1,16.55,TRADE
NSW1,2008/2/8 3:30,6500.25,19.16,TRADE
NSW1,2008/2/8 4:00,6556.09,20.11,TRADE
NSW1,2008/2/8 4:30,6769.39,20.44,TRADE
NSW1,2008/2/8 5:00,7067.14,23.79,TRADE
NSW1,2008/2/8 5:30,7675.88,28.55,TRADE
NSW1,2008/2/8 6:00,8296.52,29.09,TRADE
NSW1,2008/2/8 6:30,8735.37,32.47,TRADE
NSW1,2008/2/8 7:00,9120.42,41.09,TRADE
NSW1,2008/2/8 7:30,9274.47,33.12,TRADE
NSW1,2008/2/8 8:00,9356.81,34.09,TRADE
NSW1,2008/2/8 8:30,9614.38,34.95,TRADE
NSW1,2008/2/8 9:00,9640.02,33.92,TRADE
NSW1,2008/2/8 9:30,9761.06,34.98,TRADE
NSW1,2008/2/8 10:00,9801.69,35.01,TRADE
NSW1,2008/2/8 10:30,9698.42,34.99,TRADE
NSW1,2008/2/8 11:00,9639.77,35.91,TRADE
NSW1,2008/2/8 11:30,9695.62,35.64,TRADE
NSW1,2008/2/8 12:00,9647.2,34.71,TRADE
NSW1,2008/2/8 12:30,9603.35,33.73,TRADE
NSW1,2008/2/8 13:00,9631.98,33.54,TRADE
NSW1,2008/2/8 13:30,9584.8,33.62,TRADE
NSW1,2008/2/8 14:00,9508.67,30.93,TRADE
NSW1,2008/2/8 14:30,9447.64,29.65,TRADE
NSW1,2008/2/8 15:00,9427.57,29.74,TRADE
NSW1,2008/2/8 15:30,9455.54,29.23,TRADE
NSW1,2008/2/8 16:00,9455.81,29.22,TRADE
NSW1,2008/2/8 16:30,9412.19,29.03,TRADE
NSW1,2008/2/8 17:00,9279.38,28.92,TRADE
NSW1,2008/2/8 17:30,9046.77,28.86,TRADE
NSW1,2008/2/8 18:00,8885.23,28.98,TRADE
NSW1,2008/2/8 18:30,8782.43,27.99,TRADE
NSW1,2008/2/8 19:00,8733.87,28.72,TRADE
NSW1,2008/2/8 19:30,8773.86,28.92,TRADE
NSW1,2008/2/8 20:00,8703.87,28.64,TRADE
NSW1,2008/2/8 20:30,8491.5,27.19,TRADE
NSW1,2008/2/8 21:00,8236.71,27.37,TRADE
NSW1,2008/2/8 21:30,8321.8,28.94,TRADE
NSW1,2008/2/8 22:00,8267.14,26.21,TRADE
NSW1,2008/2/8 22:30,8276.18,25.78,TRADE
NSW1,2008/2/8 23:00,8177.52,25.81,TRADE
NSW1,2008/2/8 23:30,7990.07,28.09,TRADE
NSW1,2008/2/9 0:00,7833.73,26.97,TRADE
NSW1,2008/2/9 0:30,7638.54,24.13,TRADE
NSW1,2008/2/9 1:00,7374.86,25.08,TRADE
NSW1,2008/2/9 1:30,7074.51,25.13,TRADE
NSW1,2008/2/9 2:00,6755.78,22.88,TRADE
NSW1,2008/2/9 2:30,6472.43,17.2,TRADE
NSW1,2008/2/9 3:00,6430.77,14.69,TRADE
NSW1,2008/2/9 3:30,6320.55,10.57,TRADE
NSW1,2008/2/9 4:00,6338.7,15.23,TRADE
NSW1,2008/2/9 4:30,6402.01,20.18,TRADE
NSW1,2008/2/9 5:00,6481.2,20.2,TRADE
NSW1,2008/2/9 5:30,6721.8,21.27,TRADE
NSW1,2008/2/9 6:00,6919.6,22.82,TRADE
NSW1,2008/2/9 6:30,7104.16,23.61,TRADE
NSW1,2008/2/9 7:00,7603.25,26.48,TRADE
NSW1,2008/2/9 7:30,8010.02,26.7,TRADE
NSW1,2008/2/9 8:00,8433.21,27.37,TRADE
NSW1,2008/2/9 8:30,8804.4,30.85,TRADE
NSW1,2008/2/9 9:00,8869.31,32.59,TRADE
NSW1,2008/2/9 9:30,9011.89,31.52,TRADE
NSW1,2008/2/9 10:00,8940.19,31.53,TRADE
NSW1,2008/2/9 10:30,8920.5,30.14,TRADE
NSW1,2008/2/9 11:00,8853.3,31.36,TRADE
NSW1,2008/2/9 11:30,8759.35,29.32,TRADE
NSW1,2008/2/9 12:00,8721.89,29,TRADE
NSW1,2008/2/9 12:30,8674.82,28.97,TRADE
NSW1,2008/2/9 13:00,8548.55,31.03,TRADE
NSW1,2008/2/9 13:30,8451.01,29.56,TRADE
NSW1,2008/2/9 14:00,8452.63,29,TRADE
NSW1,2008/2/9 14:30,8410.9,29,TRADE
NSW1,2008/2/9 15:00,8430.5,29,TRADE
NSW1,2008/2/9 15:30,8370.5,29,TRADE
NSW1,2008/2/9 16:00,8413.69,29,TRADE
NSW1,2008/2/9 16:30,8296,28.99,TRADE
NSW1,2008/2/9 17:00,8299.1,28.45,TRADE
NSW1,2008/2/9 17:30,8265.16,29,TRADE
NSW1,2008/2/9 18:00,8213.24,27.56,TRADE
NSW1,2008/2/9 18:30,8034.13,25.07,TRADE
NSW1,2008/2/9 19:00,7966.57,25.24,TRADE
NSW1,2008/2/9 19:30,8118.61,25.58,TRADE
NSW1,2008/2/9 20:00,8241.69,26.75,TRADE
NSW1,2008/2/9 20:30,8017.23,24.52,TRADE
NSW1,2008/2/9 21:00,7865.35,24.66,TRADE
NSW1,2008/2/9 21:30,7849.32,24.71,TRADE
NSW1,2008/2/9 22:00,7769.63,24.75,TRADE
NSW1,2008/2/9 22:30,7809.62,26.76,TRADE
NSW1,2008/2/9 23:00,7610.69,26.35,TRADE
NSW1,2008/2/9 23:30,7460.3,27.05,TRADE
NSW1,2008/2/10 0:00,7275.23,25.05,TRADE
NSW1,2008/2/10 0:30,7083.58,23.41,TRADE
NSW1,2008/2/10 1:00,6948.75,22.49,TRADE
NSW1,2008/2/10 1:30,6644.03,22.17,TRADE
NSW1,2008/2/10 2:00,6446,19.83,TRADE
NSW1,2008/2/10 2:30,6232.73,19.79,TRADE
NSW1,2008/2/10 3:00,6129.9,19.22,TRADE
NSW1,2008/2/10 3:30,6100.47,14.77,TRADE
NSW1,2008/2/10 4:00,6096.58,15.5,TRADE
NSW1,2008/2/10 4:30,6157.39,17.07,TRADE
NSW1,2008/2/10 5:00,6229.04,19.48,TRADE
NSW1,2008/2/10 5:30,6338.95,20.01,TRADE
NSW1,2008/2/10 6:00,6377.59,20,TRADE
NSW1,2008/2/10 6:30,6635.15,19,TRADE
NSW1,2008/2/10 7:00,6891.82,20,TRADE
NSW1,2008/2/10 7:30,7266.34,19.79,TRADE
NSW1,2008/2/10 8:00,7620.08,18.46,TRADE
NSW1,2008/2/10 8:30,7930.47,21.78,TRADE
NSW1,2008/2/10 9:00,8173.87,24.98,TRADE
NSW1,2008/2/10 9:30,8282.43,25.24,TRADE
NSW1,2008/2/10 10:00,8355.87,26.12,TRADE
NSW1,2008/2/10 10:30,8369.43,27.25,TRADE
NSW1,2008/2/10 11:00,8325.57,25.09,TRADE
NSW1,2008/2/10 11:30,8356.21,25.21,TRADE
NSW1,2008/2/10 12:00,8260.94,25.1,TRADE
NSW1,2008/2/10 12:30,8277.39,25.09,TRADE
NSW1,2008/2/10 13:00,8182.41,25.08,TRADE
NSW1,2008/2/10 13:30,8137.56,25.1,TRADE
NSW1,2008/2/10 14:00,8125.09,25.01,TRADE
NSW1,2008/2/10 14:30,8117.75,25.04,TRADE
NSW1,2008/2/10 15:00,8111.82,25.09,TRADE
NSW1,2008/2/10 15:30,8127.4,25.08,TRADE
NSW1,2008/2/10 16:00,8185.57,25.1,TRADE
NSW1,2008/2/10 16:30,8103.98,25.09,TRADE
NSW1,2008/2/10 17:00,8230.15,25.83,TRADE
NSW1,2008/2/10 17:30,8288.58,25.1,TRADE
NSW1,2008/2/10 18:00,8281.45,25.1,TRADE
NSW1,2008/2/10 18:30,8254.86,25.09,TRADE
NSW1,2008/2/10 19:00,8242.13,25.07,TRADE
NSW1,2008/2/10 19:30,8354.69,25.08,TRADE
NSW1,2008/2/10 20:00,8418.04,25.1,TRADE
NSW1,2008/2/10 20:30,8199.61,24.85,TRADE
NSW1,2008/2/10 21:00,7938.5,23.12,TRADE
NSW1,2008/2/10 21:30,7921.72,23.53,TRADE
NSW1,2008/2/10 22:00,7739.75,21.2,TRADE
NSW1,2008/2/10 22:30,7624.87,23,TRADE
NSW1,2008/2/10 23:00,7481.71,20.43,TRADE
NSW1,2008/2/10 23:30,7304.67,21.11,TRADE
NSW1,2008/2/11 0:00,7120,24.45,TRADE
NSW1,2008/2/11 0:30,7076.08,21.15,TRADE
NSW1,2008/2/11 1:00,6922.87,20.03,TRADE
NSW1,2008/2/11 1:30,6688.14,20.53,TRADE
NSW1,2008/2/11 2:00,6445.72,19.01,TRADE
NSW1,2008/2/11 2:30,6318.14,15.61,TRADE
NSW1,2008/2/11 3:00,6225.12,12.39,TRADE
NSW1,2008/2/11 3:30,6264.65,12.27,TRADE
NSW1,2008/2/11 4:00,6398.24,17.25,TRADE
NSW1,2008/2/11 4:30,6617.1,19.38,TRADE
NSW1,2008/2/11 5:00,6897.3,20.63,TRADE
NSW1,2008/2/11 5:30,7533.19,26.9,TRADE
NSW1,2008/2/11 6:00,8132.98,28.35,TRADE
NSW1,2008/2/11 6:30,8591.45,33.32,TRADE
NSW1,2008/2/11 7:00,8988.58,30.96,TRADE
NSW1,2008/2/11 7:30,9176.95,31.03,TRADE
NSW1,2008/2/11 8:00,9241.52,30.55,TRADE
NSW1,2008/2/11 8:30,9545.86,31.64,TRADE
NSW1,2008/2/11 9:00,9675.97,32.15,TRADE
NSW1,2008/2/11 9:30,9835.57,32.09,TRADE
NSW1,2008/2/11 10:00,9768.47,31.96,TRADE
NSW1,2008/2/11 10:30,9846.38,31.76,TRADE
NSW1,2008/2/11 11:00,9969.02,31.34,TRADE
NSW1,2008/2/11 11:30,9949.44,33.31,TRADE
NSW1,2008/2/11 12:00,9920.86,33.01,TRADE
NSW1,2008/2/11 12:30,9867.84,31.39,TRADE
NSW1,2008/2/11 13:00,9886.22,32.13,TRADE
NSW1,2008/2/11 13:30,9987.66,32.8,TRADE
NSW1,2008/2/11 14:00,9898.57,30.6,TRADE
NSW1,2008/2/11 14:30,9886.54,30.56,TRADE
NSW1,2008/2/11 15:00,9902.84,29.27,TRADE
NSW1,2008/2/11 15:30,10000.72,30.91,TRADE
NSW1,2008/2/11 16:00,9943.99,30.85,TRADE
NSW1,2008/2/11 16:30,9939.71,31.69,TRADE
NSW1,2008/2/11 17:00,9831.3,29.9,TRADE
NSW1,2008/2/11 17:30,9501.05,29.28,TRADE
NSW1,2008/2/11 18:00,9379.49,29.02,TRADE
NSW1,2008/2/11 18:30,9127.15,28.08,TRADE
NSW1,2008/2/11 19:00,9066.93,26.07,TRADE
NSW1,2008/2/11 19:30,9087.77,28.2,TRADE
NSW1,2008/2/11 20:00,9072.8,28.45,TRADE
NSW1,2008/2/11 20:30,8840.63,25.12,TRADE
NSW1,2008/2/11 21:00,8457.4,25.09,TRADE
NSW1,2008/2/11 21:30,8525.04,25.19,TRADE
NSW1,2008/2/11 22:00,8326.47,23.19,TRADE
NSW1,2008/2/11 22:30,8282.92,26.45,TRADE
NSW1,2008/2/11 23:00,8102.85,26.16,TRADE
NSW1,2008/2/11 23:30,7986.3,27.24,TRADE
NSW1,2008/2/12 0:00,7845.8,25.09,TRADE
NSW1,2008/2/12 0:30,7678.05,23.59,TRADE
NSW1,2008/2/12 1:00,7437.14,24.21,TRADE
NSW1,2008/2/12 1:30,7133.01,24.04,TRADE
NSW1,2008/2/12 2:00,6889.81,18.87,TRADE
NSW1,2008/2/12 2:30,6656.08,14.33,TRADE
NSW1,2008/2/12 3:00,6607.12,15.3,TRADE
NSW1,2008/2/12 3:30,6582.53,14.94,TRADE
NSW1,2008/2/12 4:00,6652.13,15.5,TRADE
NSW1,2008/2/12 4:30,6884.69,18.6,TRADE
NSW1,2008/2/12 5:00,7177.82,20.28,TRADE
NSW1,2008/2/12 5:30,7851.32,25.24,TRADE
NSW1,2008/2/12 6:00,8461.57,27.97,TRADE
NSW1,2008/2/12 6:30,8891.76,30.71,TRADE
NSW1,2008/2/12 7:00,9275.67,29.86,TRADE
NSW1,2008/2/12 7:30,9471.41,32.91,TRADE
NSW1,2008/2/12 8:00,9582.68,32.05,TRADE
NSW1,2008/2/12 8:30,9880.47,33.18,TRADE
NSW1,2008/2/12 9:00,9987.83,33.08,TRADE
NSW1,2008/2/12 9:30,10043.57,33.43,TRADE
NSW1,2008/2/12 10:00,10100.41,32.51,TRADE
NSW1,2008/2/12 10:30,10089.95,31.5,TRADE
NSW1,2008/2/12 11:00,10212.96,32.49,TRADE
NSW1,2008/2/12 11:30,10165.73,32.73,TRADE
NSW1,2008/2/12 12:00,10251.94,33.23,TRADE
NSW1,2008/2/12 12:30,10305.93,35.07,TRADE
NSW1,2008/2/12 13:00,10353.66,36.19,TRADE
NSW1,2008/2/12 13:30,10318.8,33.37,TRADE
NSW1,2008/2/12 14:00,10279.2,32.26,TRADE
NSW1,2008/2/12 14:30,10181.56,32.01,TRADE
NSW1,2008/2/12 15:00,10151.53,31.18,TRADE
NSW1,2008/2/12 15:30,10157.28,30.17,TRADE
NSW1,2008/2/12 16:00,10161.86,30.93,TRADE
NSW1,2008/2/12 16:30,10084.48,30.59,TRADE
NSW1,2008/2/12 17:00,10033.53,30.08,TRADE
NSW1,2008/2/12 17:30,9719.25,29.24,TRADE
NSW1,2008/2/12 18:00,9556.09,29,TRADE
NSW1,2008/2/12 18:30,9329.29,28.07,TRADE
NSW1,2008/2/12 19:00,9181.47,27.04,TRADE
NSW1,2008/2/12 19:30,9290.93,27.02,TRADE
NSW1,2008/2/12 20:00,9254.46,27.71,TRADE
NSW1,2008/2/12 20:30,9006.85,26.91,TRADE
NSW1,2008/2/12 21:00,8669.27,25.06,TRADE
NSW1,2008/2/12 21:30,8702.65,24.63,TRADE
NSW1,2008/2/12 22:00,8441.07,22.37,TRADE
NSW1,2008/2/12 22:30,8434.93,25.4,TRADE
NSW1,2008/2/12 23:00,8259.84,25.75,TRADE
NSW1,2008/2/12 23:30,8072.42,26.9,TRADE
NSW1,2008/2/13 0:00,7878.64,22.12,TRADE
NSW1,2008/2/13 0:30,7700.23,20.74,TRADE
NSW1,2008/2/13 1:00,7454.68,20.65,TRADE
NSW1,2008/2/13 1:30,7143.61,21.74,TRADE
NSW1,2008/2/13 2:00,6777.04,19.29,TRADE
NSW1,2008/2/13 2:30,6635.57,16.14,TRADE
NSW1,2008/2/13 3:00,6480.23,13.67,TRADE
NSW1,2008/2/13 3:30,6472.61,14.98,TRADE
NSW1,2008/2/13 4:00,6518.59,16.83,TRADE
NSW1,2008/2/13 4:30,6763.14,17.42,TRADE
NSW1,2008/2/13 5:00,7068.88,20.73,TRADE
NSW1,2008/2/13 5:30,7735.66,26.3,TRADE
NSW1,2008/2/13 6:00,8344.21,28.18,TRADE
NSW1,2008/2/13 6:30,8804.2,31.52,TRADE
NSW1,2008/2/13 7:00,9204.12,30.08,TRADE
NSW1,2008/2/13 7:30,9376.65,31.26,TRADE
NSW1,2008/2/13 8:00,9503.13,30.45,TRADE
NSW1,2008/2/13 8:30,9716.86,31.73,TRADE
NSW1,2008/2/13 9:00,9742.11,30.44,TRADE
NSW1,2008/2/13 9:30,9839.59,30.09,TRADE
NSW1,2008/2/13 10:00,9938.99,29.82,TRADE
NSW1,2008/2/13 10:30,9954.04,31.84,TRADE
NSW1,2008/2/13 11:00,9961.52,31.74,TRADE
NSW1,2008/2/13 11:30,9816.47,33.82,TRADE
NSW1,2008/2/13 12:00,9911.2,33.29,TRADE
NSW1,2008/2/13 12:30,9858.25,33.61,TRADE
NSW1,2008/2/13 13:00,9844.47,33.16,TRADE
NSW1,2008/2/13 13:30,9824.84,32.32,TRADE
NSW1,2008/2/13 14:00,9681.02,29.77,TRADE
NSW1,2008/2/13 14:30,9619.28,29.36,TRADE
NSW1,2008/2/13 15:00,9623.95,29,TRADE
NSW1,2008/2/13 15:30,9704.51,29,TRADE
NSW1,2008/2/13 16:00,9684.56,29,TRADE
NSW1,2008/2/13 16:30,9650.9,29,TRADE
NSW1,2008/2/13 17:00,9577.05,29,TRADE
NSW1,2008/2/13 17:30,9393.24,29,TRADE
NSW1,2008/2/13 18:00,9210.11,28.82,TRADE
NSW1,2008/2/13 18:30,8979.43,27.15,TRADE
NSW1,2008/2/13 19:00,8933.73,27.15,TRADE
NSW1,2008/2/13 19:30,9150.85,29,TRADE
NSW1,2008/2/13 20:00,9069.81,29.38,TRADE
NSW1,2008/2/13 20:30,8831.03,26.61,TRADE
NSW1,2008/2/13 21:00,8468.99,23.68,TRADE
NSW1,2008/2/13 21:30,8535.06,28.35,TRADE
NSW1,2008/2/13 22:00,8400.32,24.08,TRADE
NSW1,2008/2/13 22:30,8282.11,24.92,TRADE
NSW1,2008/2/13 23:00,8227.1,22.41,TRADE
NSW1,2008/2/13 23:30,8133.53,25.54,TRADE
NSW1,2008/2/14 0:00,7966.42,23.45,TRADE
NSW1,2008/2/14 0:30,7722.66,23.28,TRADE
NSW1,2008/2/14 1:00,7541.69,21.05,TRADE
NSW1,2008/2/14 1:30,7236.83,23.7,TRADE
NSW1,2008/2/14 2:00,6867.71,19.51,TRADE
NSW1,2008/2/14 2:30,6685.06,15.22,TRADE
NSW1,2008/2/14 3:00,6555.89,13.68,TRADE
NSW1,2008/2/14 3:30,6596.96,15.37,TRADE
NSW1,2008/2/14 4:00,6651.82,15.07,TRADE
NSW1,2008/2/14 4:30,6887.8,19.87,TRADE
NSW1,2008/2/14 5:00,7223.76,22.2,TRADE
NSW1,2008/2/14 5:30,7857.67,27.92,TRADE
NSW1,2008/2/14 6:00,8483.86,29,TRADE
NSW1,2008/2/14 6:30,8942.07,32.22,TRADE
NSW1,2008/2/14 7:00,9221.97,30.14,TRADE
NSW1,2008/2/14 7:30,9396.29,32.37,TRADE
NSW1,2008/2/14 8:00,9482.96,31.25,TRADE
NSW1,2008/2/14 8:30,9652.21,31.29,TRADE
NSW1,2008/2/14 9:00,9766.61,31.53,TRADE
NSW1,2008/2/14 9:30,9797.01,31.75,TRADE
NSW1,2008/2/14 10:00,9824.22,29.71,TRADE
NSW1,2008/2/14 10:30,9814.21,31.07,TRADE
NSW1,2008/2/14 11:00,9868.86,31.52,TRADE
NSW1,2008/2/14 11:30,9785.57,30.32,TRADE
NSW1,2008/2/14 12:00,9753.71,29.32,TRADE
NSW1,2008/2/14 12:30,9806.39,31.02,TRADE
NSW1,2008/2/14 13:00,9799.47,30.64,TRADE
NSW1,2008/2/14 13:30,9811.74,29.94,TRADE
NSW1,2008/2/14 14:00,9758.6,31.1,TRADE
NSW1,2008/2/14 14:30,9754.74,31.5,TRADE
NSW1,2008/2/14 15:00,9731.71,31.38,TRADE
NSW1,2008/2/14 15:30,9736.08,32.34,TRADE
NSW1,2008/2/14 16:00,9801.67,31.97,TRADE
NSW1,2008/2/14 16:30,9713.03,31.39,TRADE
NSW1,2008/2/14 17:00,9736.32,30.78,TRADE
NSW1,2008/2/14 17:30,9533.13,29.52,TRADE
NSW1,2008/2/14 18:00,9420.64,26.16,TRADE
NSW1,2008/2/14 18:30,9190.5,25.38,TRADE
NSW1,2008/2/14 19:00,9154.09,25.82,TRADE
NSW1,2008/2/14 19:30,9288.26,28.85,TRADE
NSW1,2008/2/14 20:00,9244.39,29,TRADE
NSW1,2008/2/14 20:30,8879.1,26.62,TRADE
NSW1,2008/2/14 21:00,8593.07,23.67,TRADE
NSW1,2008/2/14 21:30,8606.78,25.09,TRADE
NSW1,2008/2/14 22:00,8491.95,23.64,TRADE
NSW1,2008/2/14 22:30,8436.86,24.06,TRADE
NSW1,2008/2/14 23:00,8289.58,21.06,TRADE
NSW1,2008/2/14 23:30,8172.86,23.96,TRADE
NSW1,2008/2/15 0:00,7973.79,21.38,TRADE
NSW1,2008/2/15 0:30,7828.87,22.15,TRADE
NSW1,2008/2/15 1:00,7575.99,19.92,TRADE
NSW1,2008/2/15 1:30,7227.37,21.07,TRADE
NSW1,2008/2/15 2:00,6897.57,16.89,TRADE
NSW1,2008/2/15 2:30,6719.67,13.85,TRADE
NSW1,2008/2/15 3:00,6576.89,12.54,TRADE
NSW1,2008/2/15 3:30,6538.76,13.49,TRADE
NSW1,2008/2/15 4:00,6616.46,16.38,TRADE
NSW1,2008/2/15 4:30,6857.49,18.67,TRADE
NSW1,2008/2/15 5:00,7146.1,18.84,TRADE
NSW1,2008/2/15 5:30,7762.04,24.29,TRADE
NSW1,2008/2/15 6:00,8359.01,27.01,TRADE
NSW1,2008/2/15 6:30,8802.49,28.16,TRADE
NSW1,2008/2/15 7:00,9177.85,28.63,TRADE
NSW1,2008/2/15 7:30,9317.15,29.65,TRADE
NSW1,2008/2/15 8:00,9404.25,29.55,TRADE
NSW1,2008/2/15 8:30,9665.99,33.39,TRADE
NSW1,2008/2/15 9:00,9774.68,33.87,TRADE
NSW1,2008/2/15 9:30,9886.07,34.84,TRADE
NSW1,2008/2/15 10:00,9886.97,32.84,TRADE
NSW1,2008/2/15 10:30,9878.28,32.77,TRADE
NSW1,2008/2/15 11:00,9929.58,31.34,TRADE
NSW1,2008/2/15 11:30,9962.44,32.57,TRADE
NSW1,2008/2/15 12:00,9843.04,33.32,TRADE
NSW1,2008/2/15 12:30,9840.26,29.41,TRADE
NSW1,2008/2/15 13:00,9817.07,30.94,TRADE
NSW1,2008/2/15 13:30,9826.01,32.99,TRADE
NSW1,2008/2/15 14:00,9850.4,34.67,TRADE
NSW1,2008/2/15 14:30,9784.46,33.21,TRADE
NSW1,2008/2/15 15:00,9840.96,33.76,TRADE
NSW1,2008/2/15 15:30,9827.27,31.98,TRADE
NSW1,2008/2/15 16:00,9753.86,28.82,TRADE
NSW1,2008/2/15 16:30,9661.06,26.25,TRADE
NSW1,2008/2/15 17:00,9483.28,26.61,TRADE
NSW1,2008/2/15 17:30,9182.76,27.15,TRADE
NSW1,2008/2/15 18:00,9079.77,26.76,TRADE
NSW1,2008/2/15 18:30,8880.36,25.57,TRADE
NSW1,2008/2/15 19:00,8852.75,25.68,TRADE
NSW1,2008/2/15 19:30,8982.89,28.78,TRADE
NSW1,2008/2/15 20:00,8916.66,29,TRADE
NSW1,2008/2/15 20:30,8744.36,25.73,TRADE
NSW1,2008/2/15 21:00,8423.77,25.05,TRADE
NSW1,2008/2/15 21:30,8500.94,25.49,TRADE
NSW1,2008/2/15 22:00,8413.14,25.47,TRADE
NSW1,2008/2/15 22:30,8466.15,25.45,TRADE
NSW1,2008/2/15 23:00,8291.88,23.67,TRADE
NSW1,2008/2/15 23:30,8122.54,25.72,TRADE
NSW1,2008/2/16 0:00,7912.65,23.33,TRADE
NSW1,2008/2/16 0:30,7658.15,22.24,TRADE
NSW1,2008/2/16 1:00,7378.51,22.24,TRADE
NSW1,2008/2/16 1:30,7119.88,22.27,TRADE
NSW1,2008/2/16 2:00,6800.56,18.12,TRADE
NSW1,2008/2/16 2:30,6584.02,15.96,TRADE
NSW1,2008/2/16 3:00,6434.97,13.75,TRADE
NSW1,2008/2/16 3:30,6389.31,14.31,TRADE
NSW1,2008/2/16 4:00,6376.84,13.3,TRADE
NSW1,2008/2/16 4:30,6463.14,17.09,TRADE
NSW1,2008/2/16 5:00,6558.53,18.63,TRADE
NSW1,2008/2/16 5:30,6775.85,19.48,TRADE
NSW1,2008/2/16 6:00,6953.64,16.75,TRADE
NSW1,2008/2/16 6:30,7164.59,19.91,TRADE
NSW1,2008/2/16 7:00,7616.6,24.44,TRADE
NSW1,2008/2/16 7:30,8043.95,25.09,TRADE
NSW1,2008/2/16 8:00,8436.4,26.19,TRADE
NSW1,2008/2/16 8:30,8794.12,28.8,TRADE
NSW1,2008/2/16 9:00,8892.45,29.15,TRADE
NSW1,2008/2/16 9:30,9010.71,31.93,TRADE
NSW1,2008/2/16 10:00,8960.8,31.49,TRADE
NSW1,2008/2/16 10:30,8924.56,29,TRADE
NSW1,2008/2/16 11:00,8888.41,28.82,TRADE
NSW1,2008/2/16 11:30,8824.2,29,TRADE
NSW1,2008/2/16 12:00,8753.87,26.95,TRADE
NSW1,2008/2/16 12:30,8652.49,22.79,TRADE
NSW1,2008/2/16 13:00,8545.73,23.14,TRADE
NSW1,2008/2/16 13:30,8483.71,23.73,TRADE
NSW1,2008/2/16 14:00,8476.48,22.04,TRADE
NSW1,2008/2/16 14:30,8403.78,19.9,TRADE
NSW1,2008/2/16 15:00,8400.66,18.4,TRADE
NSW1,2008/2/16 15:30,8419.44,20.45,TRADE
NSW1,2008/2/16 16:00,8420.45,21.57,TRADE
NSW1,2008/2/16 16:30,8326.62,20.63,TRADE
NSW1,2008/2/16 17:00,8327.92,20.83,TRADE
NSW1,2008/2/16 17:30,8320.04,24.83,TRADE
NSW1,2008/2/16 18:00,8294.47,26.23,TRADE
NSW1,2008/2/16 18:30,8223.33,25.09,TRADE
NSW1,2008/2/16 19:00,8217.51,25.39,TRADE
NSW1,2008/2/16 19:30,8306.66,26.21,TRADE
NSW1,2008/2/16 20:00,8334.41,25.11,TRADE
NSW1,2008/2/16 20:30,8048.77,24.77,TRADE
NSW1,2008/2/16 21:00,7914.93,22.98,TRADE
NSW1,2008/2/16 21:30,7936.25,22.63,TRADE
NSW1,2008/2/16 22:00,7908.85,22.51,TRADE
NSW1,2008/2/16 22:30,7921.18,24.24,TRADE
NSW1,2008/2/16 23:00,7716.03,22.24,TRADE
NSW1,2008/2/16 23:30,7532.41,23.13,TRADE
NSW1,2008/2/17 0:00,7277.48,20.02,TRADE
NSW1,2008/2/17 0:30,7070.58,19.31,TRADE
NSW1,2008/2/17 1:00,7003.28,19.15,TRADE
NSW1,2008/2/17 1:30,6702.44,18.01,TRADE
NSW1,2008/2/17 2:00,6475.96,14.33,TRADE
NSW1,2008/2/17 2:30,6303.61,14.09,TRADE
NSW1,2008/2/17 3:00,6219.27,12,TRADE
NSW1,2008/2/17 3:30,6219.75,12,TRADE
NSW1,2008/2/17 4:00,6222.64,13.17,TRADE
NSW1,2008/2/17 4:30,6245.17,10.76,TRADE
NSW1,2008/2/17 5:00,6283.17,10.71,TRADE
NSW1,2008/2/17 5:30,6458.1,11.78,TRADE
NSW1,2008/2/17 6:00,6476.26,10.74,TRADE
NSW1,2008/2/17 6:30,6672.41,12.12,TRADE
NSW1,2008/2/17 7:00,6981.16,15.9,TRADE
NSW1,2008/2/17 7:30,7376.31,19.48,TRADE
NSW1,2008/2/17 8:00,7734.89,19.06,TRADE
NSW1,2008/2/17 8:30,8029.13,20.8,TRADE
NSW1,2008/2/17 9:00,8284.54,23.21,TRADE
NSW1,2008/2/17 9:30,8447.75,25.21,TRADE
NSW1,2008/2/17 10:00,8465.7,25.1,TRADE
NSW1,2008/2/17 10:30,8472.42,25.1,TRADE
NSW1,2008/2/17 11:00,8531.09,25.3,TRADE
NSW1,2008/2/17 11:30,8478.7,25.16,TRADE
NSW1,2008/2/17 12:00,8496.35,25.77,TRADE
NSW1,2008/2/17 12:30,8408.17,25.44,TRADE
NSW1,2008/2/17 13:00,8370.2,26.36,TRADE
NSW1,2008/2/17 13:30,8350.53,26.27,TRADE
NSW1,2008/2/17 14:00,8317.04,26.53,TRADE
NSW1,2008/2/17 14:30,8359.34,26.84,TRADE
NSW1,2008/2/17 15:00,8368.36,29,TRADE
NSW1,2008/2/17 15:30,8368.37,29,TRADE
NSW1,2008/2/17 16:00,8374.02,29,TRADE
NSW1,2008/2/17 16:30,8334.99,29,TRADE
NSW1,2008/2/17 17:00,8451.39,29,TRADE
NSW1,2008/2/17 17:30,8465.68,29,TRADE
NSW1,2008/2/17 18:00,8470.38,29,TRADE
NSW1,2008/2/17 18:30,8470.58,29,TRADE
NSW1,2008/2/17 19:00,8466.05,29,TRADE
NSW1,2008/2/17 19:30,8612.79,33.04,TRADE
NSW1,2008/2/17 20:00,8620.1,31.35,TRADE
NSW1,2008/2/17 20:30,8346.39,28.25,TRADE
NSW1,2008/2/17 21:00,8095.92,25.23,TRADE
NSW1,2008/2/17 21:30,8113.65,24.8,TRADE
NSW1,2008/2/17 22:00,7899.96,23.64,TRADE
NSW1,2008/2/17 22:30,7828.97,24.16,TRADE
NSW1,2008/2/17 23:00,7610.62,22.57,TRADE
NSW1,2008/2/17 23:30,7467.05,23.56,TRADE
NSW1,2008/2/18 0:00,7329.88,20.87,TRADE
NSW1,2008/2/18 0:30,7138.89,18.84,TRADE
NSW1,2008/2/18 1:00,7023.03,19.21,TRADE
NSW1,2008/2/18 1:30,6816.51,19.05,TRADE
NSW1,2008/2/18 2:00,6593.89,17.51,TRADE
NSW1,2008/2/18 2:30,6517.74,15.54,TRADE
NSW1,2008/2/18 3:00,6397.19,14.34,TRADE
NSW1,2008/2/18 3:30,6467.78,14.43,TRADE
NSW1,2008/2/18 4:00,6514.85,16.33,TRADE
NSW1,2008/2/18 4:30,6770.56,18.27,TRADE
NSW1,2008/2/18 5:00,7047.82,20.64,TRADE
NSW1,2008/2/18 5:30,7723.89,24.13,TRADE
NSW1,2008/2/18 6:00,8333.37,25.69,TRADE
NSW1,2008/2/18 6:30,8834.31,29.83,TRADE
NSW1,2008/2/18 7:00,9192.89,31.27,TRADE
NSW1,2008/2/18 7:30,9429.93,31.31,TRADE
NSW1,2008/2/18 8:00,9570.13,31.59,TRADE
NSW1,2008/2/18 8:30,9777.97,33.52,TRADE
NSW1,2008/2/18 9:00,9927.82,34.57,TRADE
NSW1,2008/2/18 9:30,10070.61,32.09,TRADE
NSW1,2008/2/18 10:00,10132.14,31.76,TRADE
NSW1,2008/2/18 10:30,10131.96,31.73,TRADE
NSW1,2008/2/18 11:00,10124.34,31.68,TRADE
NSW1,2008/2/18 11:30,10000.37,31.68,TRADE
NSW1,2008/2/18 12:00,10088.87,32.88,TRADE
NSW1,2008/2/18 12:30,10099.28,31.48,TRADE
NSW1,2008/2/18 13:00,10140.4,31.96,TRADE
NSW1,2008/2/18 13:30,10156.02,31.05,TRADE
NSW1,2008/2/18 14:00,10079.91,32.03,TRADE
NSW1,2008/2/18 14:30,10080.99,31.47,TRADE
NSW1,2008/2/18 15:00,10053.77,31.98,TRADE
NSW1,2008/2/18 15:30,10070.26,30.6,TRADE
NSW1,2008/2/18 16:00,9954.11,26.59,TRADE
NSW1,2008/2/18 16:30,9881.8,27.45,TRADE
NSW1,2008/2/18 17:00,9944.02,28.8,TRADE
NSW1,2008/2/18 17:30,9647.94,29,TRADE
NSW1,2008/2/18 18:00,9532.8,29.4,TRADE
NSW1,2008/2/18 18:30,9284.13,29.13,TRADE
NSW1,2008/2/18 19:00,9232.28,29,TRADE
NSW1,2008/2/18 19:30,9321.25,31.31,TRADE
NSW1,2008/2/18 20:00,9289.72,30.72,TRADE
NSW1,2008/2/18 20:30,9013.7,30.44,TRADE
NSW1,2008/2/18 21:00,8665.81,26.02,TRADE
NSW1,2008/2/18 21:30,8691.33,30.66,TRADE
NSW1,2008/2/18 22:00,8491.65,25.67,TRADE
NSW1,2008/2/18 22:30,8409.11,26.72,TRADE
NSW1,2008/2/18 23:00,8304.5,22.97,TRADE
NSW1,2008/2/18 23:30,8172.22,25.72,TRADE
NSW1,2008/2/19 0:00,7978.2,21.89,TRADE
NSW1,2008/2/19 0:30,7804.25,22.77,TRADE
NSW1,2008/2/19 1:00,7547.11,19.67,TRADE
NSW1,2008/2/19 1:30,7213.68,19.68,TRADE
NSW1,2008/2/19 2:00,6935.81,17.38,TRADE
NSW1,2008/2/19 2:30,6740.1,13.39,TRADE
NSW1,2008/2/19 3:00,6638.83,12.35,TRADE
NSW1,2008/2/19 3:30,6616.06,13.75,TRADE
NSW1,2008/2/19 4:00,6704.33,15.69,TRADE
NSW1,2008/2/19 4:30,6958.21,18.91,TRADE
NSW1,2008/2/19 5:00,7202.38,16.3,TRADE
NSW1,2008/2/19 5:30,7894.52,25.81,TRADE
NSW1,2008/2/19 6:00,8487.5,26.03,TRADE
NSW1,2008/2/19 6:30,8950.8,26.85,TRADE
NSW1,2008/2/19 7:00,9294.76,30.45,TRADE
NSW1,2008/2/19 7:30,9425.78,31.02,TRADE
NSW1,2008/2/19 8:00,9613.88,32.66,TRADE
NSW1,2008/2/19 8:30,9882.15,35.02,TRADE
NSW1,2008/2/19 9:00,10070.03,39.37,TRADE
NSW1,2008/2/19 9:30,10117.81,34.52,TRADE
NSW1,2008/2/19 10:00,10188.49,32.92,TRADE
NSW1,2008/2/19 10:30,10178.49,32.45,TRADE
NSW1,2008/2/19 11:00,10257.51,33.33,TRADE
NSW1,2008/2/19 11:30,10211.71,33.35,TRADE
NSW1,2008/2/19 12:00,10265.28,34.45,TRADE
NSW1,2008/2/19 12:30,10173.3,33.06,TRADE
NSW1,2008/2/19 13:00,10177.45,31.89,TRADE
NSW1,2008/2/19 13:30,10173.52,32.47,TRADE
NSW1,2008/2/19 14:00,10176.4,31.83,TRADE
NSW1,2008/2/19 14:30,10131.85,32.13,TRADE
NSW1,2008/2/19 15:00,10162.84,31.33,TRADE
NSW1,2008/2/19 15:30,10223.95,31.84,TRADE
NSW1,2008/2/19 16:00,10286.1,32.93,TRADE
NSW1,2008/2/19 16:30,10222.31,31.46,TRADE
NSW1,2008/2/19 17:00,10210.94,32.06,TRADE
NSW1,2008/2/19 17:30,9886.25,32.22,TRADE
NSW1,2008/2/19 18:00,9742.66,30.95,TRADE
NSW1,2008/2/19 18:30,9497.48,30.96,TRADE
NSW1,2008/2/19 19:00,9396.01,30.97,TRADE
NSW1,2008/2/19 19:30,9545.58,31.54,TRADE
NSW1,2008/2/19 20:00,9473.9,30.95,TRADE
NSW1,2008/2/19 20:30,9199.04,30.94,TRADE
NSW1,2008/2/19 21:00,8823.95,26.49,TRADE
NSW1,2008/2/19 21:30,8880.24,32.41,TRADE
NSW1,2008/2/19 22:00,8642.04,27.94,TRADE
NSW1,2008/2/19 22:30,8559.22,27.47,TRADE
NSW1,2008/2/19 23:00,8388.35,26.02,TRADE
NSW1,2008/2/19 23:30,8213.55,26.57,TRADE
NSW1,2008/2/20 0:00,8075.19,25.18,TRADE
NSW1,2008/2/20 0:30,7849.36,26.28,TRADE
NSW1,2008/2/20 1:00,7646.58,24.68,TRADE
NSW1,2008/2/20 1:30,7261.49,23.25,TRADE
NSW1,2008/2/20 2:00,6908.61,18.26,TRADE
NSW1,2008/2/20 2:30,6710.48,11.32,TRADE
NSW1,2008/2/20 3:00,6565.41,10.98,TRADE
NSW1,2008/2/20 3:30,6587.09,13.84,TRADE
NSW1,2008/2/20 4:00,6661.27,16.27,TRADE
NSW1,2008/2/20 4:30,6922.63,19.93,TRADE
NSW1,2008/2/20 5:00,7229.89,20.19,TRADE
NSW1,2008/2/20 5:30,7897.27,25.94,TRADE
NSW1,2008/2/20 6:00,8490.34,27.74,TRADE
NSW1,2008/2/20 6:30,8886.17,31.26,TRADE
NSW1,2008/2/20 7:00,9259.51,32.23,TRADE
NSW1,2008/2/20 7:30,9439.74,29.34,TRADE
NSW1,2008/2/20 8:00,9581.79,29.97,TRADE
NSW1,2008/2/20 8:30,9879.87,32.68,TRADE
NSW1,2008/2/20 9:00,10022.89,33.42,TRADE
NSW1,2008/2/20 9:30,10175.48,34.65,TRADE
NSW1,2008/2/20 10:00,10255.64,34.73,TRADE
NSW1,2008/2/20 10:30,10283.13,34.38,TRADE
NSW1,2008/2/20 11:00,10374.5,36.27,TRADE
NSW1,2008/2/20 11:30,10412.27,38.03,TRADE
NSW1,2008/2/20 12:00,10397.8,35.04,TRADE
NSW1,2008/2/20 12:30,10473.9,34.49,TRADE
NSW1,2008/2/20 13:00,10547.34,35.51,TRADE
NSW1,2008/2/20 13:30,10589.79,39.99,TRADE
NSW1,2008/2/20 14:00,10581.59,42.9,TRADE
NSW1,2008/2/20 14:30,10641.57,36,TRADE
NSW1,2008/2/20 15:00,10685.46,35.01,TRADE
NSW1,2008/2/20 15:30,10764.49,35.79,TRADE
NSW1,2008/2/20 16:00,10810.18,38.68,TRADE
NSW1,2008/2/20 16:30,10702.08,41.38,TRADE
NSW1,2008/2/20 17:00,10599.57,39.86,TRADE
NSW1,2008/2/20 17:30,10278.82,34.97,TRADE
NSW1,2008/2/20 18:00,10050.32,32.73,TRADE
NSW1,2008/2/20 18:30,9751.34,29.51,TRADE
NSW1,2008/2/20 19:00,9724.1,29.31,TRADE
NSW1,2008/2/20 19:30,9875.72,35,TRADE
NSW1,2008/2/20 20:00,9696.26,34,TRADE
NSW1,2008/2/20 20:30,9342.79,29.63,TRADE
NSW1,2008/2/20 21:00,8985.32,27.79,TRADE
NSW1,2008/2/20 21:30,9001.42,28.91,TRADE
NSW1,2008/2/20 22:00,8665.31,23.58,TRADE
NSW1,2008/2/20 22:30,8578.02,25.02,TRADE
NSW1,2008/2/20 23:00,8490.99,24.03,TRADE
NSW1,2008/2/20 23:30,8238.34,24.4,TRADE
NSW1,2008/2/21 0:00,8073.28,21.48,TRADE
NSW1,2008/2/21 0:30,7828.1,18.88,TRADE
NSW1,2008/2/21 1:00,7654.83,20,TRADE
NSW1,2008/2/21 1:30,7302.56,19.14,TRADE
NSW1,2008/2/21 2:00,7014.28,14.67,TRADE
NSW1,2008/2/21 2:30,6850.95,10.18,TRADE
NSW1,2008/2/21 3:00,6727.7,11.71,TRADE
NSW1,2008/2/21 3:30,6765.67,12.58,TRADE
NSW1,2008/2/21 4:00,6781.27,12.58,TRADE
NSW1,2008/2/21 4:30,7071.86,15.66,TRADE
NSW1,2008/2/21 5:00,7344.83,20.41,TRADE
NSW1,2008/2/21 5:30,8002,24.92,TRADE
NSW1,2008/2/21 6:00,8669.19,26.51,TRADE
NSW1,2008/2/21 6:30,9065.56,27.15,TRADE
NSW1,2008/2/21 7:00,9499.13,30.98,TRADE
NSW1,2008/2/21 7:30,9650.72,30.5,TRADE
NSW1,2008/2/21 8:00,9840.76,31.58,TRADE
NSW1,2008/2/21 8:30,10107.52,32.77,TRADE
NSW1,2008/2/21 9:00,10316.62,33.37,TRADE
NSW1,2008/2/21 9:30,10380.32,34.23,TRADE
NSW1,2008/2/21 10:00,10482.64,34.11,TRADE
NSW1,2008/2/21 10:30,10513.04,34.54,TRADE
NSW1,2008/2/21 11:00,10587.53,35.01,TRADE
NSW1,2008/2/21 11:30,10656.68,35.34,TRADE
NSW1,2008/2/21 12:00,10648.76,35.32,TRADE
NSW1,2008/2/21 12:30,10727.69,38.4,TRADE
NSW1,2008/2/21 13:00,10650.28,35.51,TRADE
NSW1,2008/2/21 13:30,10677.5,40.14,TRADE
NSW1,2008/2/21 14:00,10609.06,39.22,TRADE
NSW1,2008/2/21 14:30,10592.74,42.66,TRADE
NSW1,2008/2/21 15:00,10632.08,40.79,TRADE
NSW1,2008/2/21 15:30,10638.52,42.05,TRADE
NSW1,2008/2/21 16:00,10587.34,38.87,TRADE
NSW1,2008/2/21 16:30,10462.65,42.34,TRADE
NSW1,2008/2/21 17:00,10401.71,39.72,TRADE
NSW1,2008/2/21 17:30,10122.32,33.98,TRADE
NSW1,2008/2/21 18:00,9958.35,33.13,TRADE
NSW1,2008/2/21 18:30,9734.94,32.94,TRADE
NSW1,2008/2/21 19:00,9832.41,33.46,TRADE
NSW1,2008/2/21 19:30,9972.64,34.95,TRADE
NSW1,2008/2/21 20:00,9764.7,34.79,TRADE
NSW1,2008/2/21 20:30,9422.65,34.53,TRADE
NSW1,2008/2/21 21:00,8995.88,31.54,TRADE
NSW1,2008/2/21 21:30,8958.79,31.97,TRADE
NSW1,2008/2/21 22:00,8744.71,28.12,TRADE
NSW1,2008/2/21 22:30,8670.09,26.63,TRADE
NSW1,2008/2/21 23:00,8451.92,25.31,TRADE
NSW1,2008/2/21 23:30,8271.67,28.46,TRADE
NSW1,2008/2/22 0:00,8071.09,23.64,TRADE
NSW1,2008/2/22 0:30,7839.53,23.94,TRADE
NSW1,2008/2/22 1:00,7607.47,23.72,TRADE
NSW1,2008/2/22 1:30,7281.3,25.54,TRADE
NSW1,2008/2/22 2:00,6938.84,20.22,TRADE
NSW1,2008/2/22 2:30,6760.47,17.39,TRADE
NSW1,2008/2/22 3:00,6694.83,15.51,TRADE
NSW1,2008/2/22 3:30,6618.17,14.87,TRADE
NSW1,2008/2/22 4:00,6757.25,15.74,TRADE
NSW1,2008/2/22 4:30,6996.77,18.05,TRADE
NSW1,2008/2/22 5:00,7302.65,21.56,TRADE
NSW1,2008/2/22 5:30,7932.39,24.35,TRADE
NSW1,2008/2/22 6:00,8513.55,26.07,TRADE
NSW1,2008/2/22 6:30,8924.7,31.04,TRADE
NSW1,2008/2/22 7:00,9346.39,33.86,TRADE
NSW1,2008/2/22 7:30,9527.52,31.89,TRADE
NSW1,2008/2/22 8:00,9763.83,33.49,TRADE
NSW1,2008/2/22 8:30,10124.74,35.41,TRADE
NSW1,2008/2/22 9:00,10235.32,35.76,TRADE
NSW1,2008/2/22 9:30,10339.12,40.67,TRADE
NSW1,2008/2/22 10:00,10426.07,38,TRADE
NSW1,2008/2/22 10:30,10460.83,36.03,TRADE
NSW1,2008/2/22 11:00,10479.96,37.85,TRADE
NSW1,2008/2/22 11:30,10581.81,37.68,TRADE
NSW1,2008/2/22 12:00,10637.67,39.16,TRADE
NSW1,2008/2/22 12:30,10738.46,38.18,TRADE
NSW1,2008/2/22 13:00,10837.9,35.68,TRADE
NSW1,2008/2/22 13:30,10965.07,35.64,TRADE
NSW1,2008/2/22 14:00,11041.65,36.99,TRADE
NSW1,2008/2/22 14:30,11118,37.72,TRADE
NSW1,2008/2/22 15:00,11285.91,39.67,TRADE
NSW1,2008/2/22 15:30,11314.71,35.65,TRADE
NSW1,2008/2/22 16:00,11339.2,35.24,TRADE
NSW1,2008/2/22 16:30,11225.57,35.31,TRADE
NSW1,2008/2/22 17:00,11012.12,33.55,TRADE
NSW1,2008/2/22 17:30,10617.86,30.9,TRADE
NSW1,2008/2/22 18:00,10378.98,29.2,TRADE
NSW1,2008/2/22 18:30,9998.87,29,TRADE
NSW1,2008/2/22 19:00,9955.99,30.91,TRADE
NSW1,2008/2/22 19:30,10013.97,33.92,TRADE
NSW1,2008/2/22 20:00,9846.61,32.17,TRADE
NSW1,2008/2/22 20:30,9602.38,30.11,TRADE
NSW1,2008/2/22 21:00,9219.91,28.51,TRADE
NSW1,2008/2/22 21:30,9228.7,29.18,TRADE
NSW1,2008/2/22 22:00,9019.22,26.67,TRADE
NSW1,2008/2/22 22:30,8902.92,26.76,TRADE
NSW1,2008/2/22 23:00,8668.88,24.9,TRADE
NSW1,2008/2/22 23:30,8411.75,24.79,TRADE
NSW1,2008/2/23 0:00,8235.89,23.27,TRADE
NSW1,2008/2/23 0:30,7910.72,22.02,TRADE
NSW1,2008/2/23 1:00,7713.05,20.88,TRADE
NSW1,2008/2/23 1:30,7369,22.18,TRADE
NSW1,2008/2/23 2:00,7054.92,18.46,TRADE
NSW1,2008/2/23 2:30,6794.83,12,TRADE
NSW1,2008/2/23 3:00,6670.95,14.13,TRADE
NSW1,2008/2/23 3:30,6624.81,14.17,TRADE
NSW1,2008/2/23 4:00,6559.53,14.46,TRADE
NSW1,2008/2/23 4:30,6665.85,16.32,TRADE
NSW1,2008/2/23 5:00,6709.93,17,TRADE
NSW1,2008/2/23 5:30,7003.67,21.29,TRADE
NSW1,2008/2/23 6:00,7110.79,19.91,TRADE
NSW1,2008/2/23 6:30,7387.81,18.92,TRADE
NSW1,2008/2/23 7:00,7759.4,21.46,TRADE
NSW1,2008/2/23 7:30,8206.1,25.95,TRADE
NSW1,2008/2/23 8:00,8550.77,26.38,TRADE
NSW1,2008/2/23 8:30,8925.34,29.41,TRADE
NSW1,2008/2/23 9:00,9071.52,31.75,TRADE
NSW1,2008/2/23 9:30,9145.82,34.06,TRADE
NSW1,2008/2/23 10:00,9143.34,34.15,TRADE
NSW1,2008/2/23 10:30,9056.11,29.76,TRADE
NSW1,2008/2/23 11:00,9052.38,30.37,TRADE
NSW1,2008/2/23 11:30,9013.56,30.01,TRADE
NSW1,2008/2/23 12:00,8980.42,29,TRADE
NSW1,2008/2/23 12:30,8973.05,29,TRADE
NSW1,2008/2/23 13:00,8964.11,29,TRADE
NSW1,2008/2/23 13:30,8931.17,29,TRADE
NSW1,2008/2/23 14:00,8976.05,29,TRADE
NSW1,2008/2/23 14:30,8908.18,29,TRADE
NSW1,2008/2/23 15:00,8991.99,29.08,TRADE
NSW1,2008/2/23 15:30,8998.43,29.06,TRADE
NSW1,2008/2/23 16:00,8962.43,28.78,TRADE
NSW1,2008/2/23 16:30,8818.13,25.74,TRADE
NSW1,2008/2/23 17:00,8828.93,25.1,TRADE
NSW1,2008/2/23 17:30,8674.17,26.67,TRADE
NSW1,2008/2/23 18:00,8632.2,26.57,TRADE
NSW1,2008/2/23 18:30,8446.52,25.09,TRADE
NSW1,2008/2/23 19:00,8397.29,26.05,TRADE
NSW1,2008/2/23 19:30,8473.33,27.97,TRADE
NSW1,2008/2/23 20:00,8432.41,28.35,TRADE
NSW1,2008/2/23 20:30,8249.5,24.44,TRADE
NSW1,2008/2/23 21:00,8030.34,23.05,TRADE
NSW1,2008/2/23 21:30,8026.51,25.07,TRADE
NSW1,2008/2/23 22:00,7901.9,23.42,TRADE
NSW1,2008/2/23 22:30,7918.44,25.08,TRADE
NSW1,2008/2/23 23:00,7662.95,24.18,TRADE
NSW1,2008/2/23 23:30,7498.95,23.98,TRADE
NSW1,2008/2/24 0:00,7321.63,22.75,TRADE
NSW1,2008/2/24 0:30,7132.94,19.86,TRADE
NSW1,2008/2/24 1:00,7009.97,20.04,TRADE
NSW1,2008/2/24 1:30,6703.43,18.18,TRADE
NSW1,2008/2/24 2:00,6478.22,12.83,TRADE
NSW1,2008/2/24 2:30,6331.07,14.9,TRADE
NSW1,2008/2/24 3:00,6267.47,12.25,TRADE
NSW1,2008/2/24 3:30,6217.39,11.39,TRADE
NSW1,2008/2/24 4:00,6208.48,9.74,TRADE
NSW1,2008/2/24 4:30,6293.56,10.62,TRADE
NSW1,2008/2/24 5:00,6350.07,10.75,TRADE
NSW1,2008/2/24 5:30,6458.86,11.72,TRADE
NSW1,2008/2/24 6:00,6453.48,11.6,TRADE
NSW1,2008/2/24 6:30,6643.89,12.04,TRADE
NSW1,2008/2/24 7:00,6973.26,17.12,TRADE
NSW1,2008/2/24 7:30,7345.56,19.47,TRADE
NSW1,2008/2/24 8:00,7718.49,20.15,TRADE
NSW1,2008/2/24 8:30,8036.09,20.65,TRADE
NSW1,2008/2/24 9:00,8181.89,22.51,TRADE
NSW1,2008/2/24 9:30,8367,24.73,TRADE
NSW1,2008/2/24 10:00,8382.85,25.09,TRADE
NSW1,2008/2/24 10:30,8386.14,25.1,TRADE
NSW1,2008/2/24 11:00,8455.26,26.16,TRADE
NSW1,2008/2/24 11:30,8418.67,26.57,TRADE
NSW1,2008/2/24 12:00,8458.69,26.73,TRADE
NSW1,2008/2/24 12:30,8422.31,25.09,TRADE
NSW1,2008/2/24 13:00,8422.73,25.1,TRADE
NSW1,2008/2/24 13:30,8467.49,25.21,TRADE
NSW1,2008/2/24 14:00,8465.93,25.09,TRADE
NSW1,2008/2/24 14:30,8560.61,25.09,TRADE
NSW1,2008/2/24 15:00,8558.33,25.13,TRADE
NSW1,2008/2/24 15:30,8619.14,25.52,TRADE
NSW1,2008/2/24 16:00,8647.77,28.5,TRADE
NSW1,2008/2/24 16:30,8533.45,28.28,TRADE
NSW1,2008/2/24 17:00,8584.5,27.45,TRADE
NSW1,2008/2/24 17:30,8579.9,27.77,TRADE
NSW1,2008/2/24 18:00,8497.23,27.68,TRADE
NSW1,2008/2/24 18:30,8400.89,25.47,TRADE
NSW1,2008/2/24 19:00,8428.57,28.58,TRADE
NSW1,2008/2/24 19:30,8622.98,29,TRADE
NSW1,2008/2/24 20:00,8554.84,29,TRADE
NSW1,2008/2/24 20:30,8299.19,27.24,TRADE
NSW1,2008/2/24 21:00,8060.26,25.08,TRADE
NSW1,2008/2/24 21:30,7964.04,24.84,TRADE
NSW1,2008/2/24 22:00,7798.43,22.79,TRADE
NSW1,2008/2/24 22:30,7715.64,23.5,TRADE
NSW1,2008/2/24 23:00,7518.42,20.96,TRADE
NSW1,2008/2/24 23:30,7329.21,21.04,TRADE
NSW1,2008/2/25 0:00,7185.71,19.89,TRADE
NSW1,2008/2/25 0:30,7092.19,19.26,TRADE
NSW1,2008/2/25 1:00,6999.5,19.86,TRADE
NSW1,2008/2/25 1:30,6749.06,18.45,TRADE
NSW1,2008/2/25 2:00,6517.5,13.04,TRADE
NSW1,2008/2/25 2:30,6424.39,13.17,TRADE
NSW1,2008/2/25 3:00,6344.73,14.81,TRADE
NSW1,2008/2/25 3:30,6331.75,13.71,TRADE
NSW1,2008/2/25 4:00,6480.54,15.13,TRADE
NSW1,2008/2/25 4:30,6746.46,20,TRADE
NSW1,2008/2/25 5:00,7082.45,20.25,TRADE
NSW1,2008/2/25 5:30,7754.09,24.64,TRADE
NSW1,2008/2/25 6:00,8384.44,27.18,TRADE
NSW1,2008/2/25 6:30,8783.24,29.96,TRADE
NSW1,2008/2/25 7:00,9194.79,31.43,TRADE
NSW1,2008/2/25 7:30,9429.28,29.31,TRADE
NSW1,2008/2/25 8:00,9534.96,31.23,TRADE
NSW1,2008/2/25 8:30,9729.24,32.88,TRADE
NSW1,2008/2/25 9:00,9877.39,33.02,TRADE
NSW1,2008/2/25 9:30,9950.8,30.87,TRADE
NSW1,2008/2/25 10:00,9976.31,31.18,TRADE
NSW1,2008/2/25 10:30,9975.36,30.28,TRADE
NSW1,2008/2/25 11:00,9972.83,29,TRADE
NSW1,2008/2/25 11:30,9955.39,29,TRADE
NSW1,2008/2/25 12:00,9942.04,29,TRADE
NSW1,2008/2/25 12:30,9978.57,29.07,TRADE
NSW1,2008/2/25 13:00,10017.58,31.13,TRADE
NSW1,2008/2/25 13:30,10026.43,32.49,TRADE
NSW1,2008/2/25 14:00,9996.4,29.65,TRADE
NSW1,2008/2/25 14:30,10014.6,30.46,TRADE
NSW1,2008/2/25 15:00,10029.64,28.59,TRADE
NSW1,2008/2/25 15:30,10059.6,29,TRADE
NSW1,2008/2/25 16:00,10049.72,29,TRADE
NSW1,2008/2/25 16:30,9978.46,28.65,TRADE
NSW1,2008/2/25 17:00,9850.51,26.97,TRADE
NSW1,2008/2/25 17:30,9561.23,25.77,TRADE
NSW1,2008/2/25 18:00,9523.52,25.91,TRADE
NSW1,2008/2/25 18:30,9260.73,25.13,TRADE
NSW1,2008/2/25 19:00,9257.97,26.05,TRADE
NSW1,2008/2/25 19:30,9300.2,26.09,TRADE
NSW1,2008/2/25 20:00,9176.26,25.84,TRADE
NSW1,2008/2/25 20:30,8916.97,24.83,TRADE
NSW1,2008/2/25 21:00,8576.88,20.19,TRADE
NSW1,2008/2/25 21:30,8563.3,24.71,TRADE
NSW1,2008/2/25 22:00,8284,22.13,TRADE
NSW1,2008/2/25 22:30,8204.09,20.87,TRADE
NSW1,2008/2/25 23:00,8082.84,20.18,TRADE
NSW1,2008/2/25 23:30,7956.01,20.74,TRADE
NSW1,2008/2/26 0:00,7755.06,19.18,TRADE
NSW1,2008/2/26 0:30,7677.94,19.85,TRADE
NSW1,2008/2/26 1:00,7458.53,18.36,TRADE
NSW1,2008/2/26 1:30,7113.25,18.12,TRADE
NSW1,2008/2/26 2:00,6885.67,14.99,TRADE
NSW1,2008/2/26 2:30,6716.42,9.64,TRADE
NSW1,2008/2/26 3:00,6607.71,11.06,TRADE
NSW1,2008/2/26 3:30,6598.25,11.72,TRADE
NSW1,2008/2/26 4:00,6693.52,16.33,TRADE
NSW1,2008/2/26 4:30,6924.56,19.4,TRADE
NSW1,2008/2/26 5:00,7182.15,18.32,TRADE
NSW1,2008/2/26 5:30,7873.36,24.69,TRADE
NSW1,2008/2/26 6:00,8465.07,26.73,TRADE
NSW1,2008/2/26 6:30,8890.83,28.05,TRADE
NSW1,2008/2/26 7:00,9244.47,31.72,TRADE
NSW1,2008/2/26 7:30,9447.55,26.22,TRADE
NSW1,2008/2/26 8:00,9635.46,27.46,TRADE
NSW1,2008/2/26 8:30,9985.89,28.47,TRADE
NSW1,2008/2/26 9:00,10188.06,29,TRADE
NSW1,2008/2/26 9:30,10292.5,29.59,TRADE
NSW1,2008/2/26 10:00,10385.56,29.62,TRADE
NSW1,2008/2/26 10:30,10456.82,29.61,TRADE
NSW1,2008/2/26 11:00,10593.52,30.38,TRADE
NSW1,2008/2/26 11:30,10613.75,30.77,TRADE
NSW1,2008/2/26 12:00,10646.78,30.99,TRADE
NSW1,2008/2/26 12:30,10713.38,31.73,TRADE
NSW1,2008/2/26 13:00,10824.29,33.03,TRADE
NSW1,2008/2/26 13:30,10923.81,33,TRADE
NSW1,2008/2/26 14:00,10948.87,32.99,TRADE
NSW1,2008/2/26 14:30,11019.34,33.34,TRADE
NSW1,2008/2/26 15:00,11052.9,33.64,TRADE
NSW1,2008/2/26 15:30,10986.77,32.81,TRADE
NSW1,2008/2/26 16:00,10842.61,30.98,TRADE
NSW1,2008/2/26 16:30,10690.9,30.62,TRADE
NSW1,2008/2/26 17:00,10552.32,31.42,TRADE
NSW1,2008/2/26 17:30,10169.66,29.47,TRADE
NSW1,2008/2/26 18:00,9919.63,27.98,TRADE
NSW1,2008/2/26 18:30,9597.06,27.1,TRADE
NSW1,2008/2/26 19:00,9553.75,28.34,TRADE
NSW1,2008/2/26 19:30,9584.13,28.67,TRADE
NSW1,2008/2/26 20:00,9416.45,27.46,TRADE
NSW1,2008/2/26 20:30,9105.9,25.5,TRADE
NSW1,2008/2/26 21:00,8728.53,24.23,TRADE
NSW1,2008/2/26 21:30,8711.32,26.15,TRADE
NSW1,2008/2/26 22:00,8529.35,25.72,TRADE
NSW1,2008/2/26 22:30,8444.49,27.04,TRADE
NSW1,2008/2/26 23:00,8294.37,24.47,TRADE
NSW1,2008/2/26 23:30,8135.12,26.14,TRADE
NSW1,2008/2/27 0:00,7943.53,22.94,TRADE
NSW1,2008/2/27 0:30,7732.86,21.88,TRADE
NSW1,2008/2/27 1:00,7513.38,19.92,TRADE
NSW1,2008/2/27 1:30,7194.54,20.94,TRADE
NSW1,2008/2/27 2:00,6881.57,17.62,TRADE
NSW1,2008/2/27 2:30,6690.91,13.02,TRADE
NSW1,2008/2/27 3:00,6614.43,13.43,TRADE
NSW1,2008/2/27 3:30,6615.97,14.72,TRADE
NSW1,2008/2/27 4:00,6689.43,15.69,TRADE
NSW1,2008/2/27 4:30,6903.74,19.33,TRADE
NSW1,2008/2/27 5:00,7187.79,19.52,TRADE
NSW1,2008/2/27 5:30,7861.44,24.8,TRADE
NSW1,2008/2/27 6:00,8470.47,28.17,TRADE
NSW1,2008/2/27 6:30,8877.73,31.6,TRADE
NSW1,2008/2/27 7:00,9279.12,29.86,TRADE
NSW1,2008/2/27 7:30,9423.61,25.4,TRADE
NSW1,2008/2/27 8:00,9555.45,25.64,TRADE
NSW1,2008/2/27 8:30,9846.98,26.2,TRADE
NSW1,2008/2/27 9:00,10001.88,26.26,TRADE
NSW1,2008/2/27 9:30,10067.56,28.61,TRADE
NSW1,2008/2/27 10:00,10056.72,29.72,TRADE
NSW1,2008/2/27 10:30,10107.03,29.31,TRADE
NSW1,2008/2/27 11:00,10165.41,29.88,TRADE
NSW1,2008/2/27 11:30,10179.72,29,TRADE
NSW1,2008/2/27 12:00,10165.32,29,TRADE
NSW1,2008/2/27 12:30,10051.6,29,TRADE
NSW1,2008/2/27 13:00,10089.06,29,TRADE
NSW1,2008/2/27 13:30,10151.25,29,TRADE
NSW1,2008/2/27 14:00,10118.55,29.05,TRADE
NSW1,2008/2/27 14:30,10134.97,29,TRADE
NSW1,2008/2/27 15:00,10269.06,29,TRADE
NSW1,2008/2/27 15:30,10308.11,29,TRADE
NSW1,2008/2/27 16:00,10319.56,29,TRADE
NSW1,2008/2/27 16:30,10212.04,27.34,TRADE
NSW1,2008/2/27 17:00,10099.06,26.74,TRADE
NSW1,2008/2/27 17:30,9801.17,25.44,TRADE
NSW1,2008/2/27 18:00,9810.19,25.71,TRADE
NSW1,2008/2/27 18:30,9609.14,25.27,TRADE
NSW1,2008/2/27 19:00,9537.49,26.16,TRADE
NSW1,2008/2/27 19:30,9513.68,26.38,TRADE
NSW1,2008/2/27 20:00,9292.22,24.93,TRADE
NSW1,2008/2/27 20:30,8971.61,24.49,TRADE
NSW1,2008/2/27 21:00,8620.39,23.61,TRADE
NSW1,2008/2/27 21:30,8614.39,25.47,TRADE
NSW1,2008/2/27 22:00,8382,22.7,TRADE
NSW1,2008/2/27 22:30,8377.48,24.23,TRADE
NSW1,2008/2/27 23:00,8234.72,22.32,TRADE
NSW1,2008/2/27 23:30,8042,24.05,TRADE
NSW1,2008/2/28 0:00,7879.69,20.08,TRADE
NSW1,2008/2/28 0:30,7716.27,18.74,TRADE
NSW1,2008/2/28 1:00,7552.24,20.06,TRADE
NSW1,2008/2/28 1:30,7204.98,19.56,TRADE
NSW1,2008/2/28 2:00,6891.68,12.92,TRADE
NSW1,2008/2/28 2:30,6712.22,11.38,TRADE
NSW1,2008/2/28 3:00,6609.4,11.04,TRADE
NSW1,2008/2/28 3:30,6626.12,12.88,TRADE
NSW1,2008/2/28 4:00,6689.61,15.5,TRADE
NSW1,2008/2/28 4:30,6947.09,18.54,TRADE
NSW1,2008/2/28 5:00,7263.83,20.32,TRADE
NSW1,2008/2/28 5:30,7876.08,24.96,TRADE
NSW1,2008/2/28 6:00,8519.45,35.04,TRADE
NSW1,2008/2/28 6:30,9004.04,42.48,TRADE
NSW1,2008/2/28 7:00,9401.4,68.79,TRADE
NSW1,2008/2/28 7:30,9580.95,34.38,TRADE
NSW1,2008/2/28 8:00,9636.25,29.65,TRADE
NSW1,2008/2/28 8:30,9841.05,29,TRADE
NSW1,2008/2/28 9:00,9936.74,29.33,TRADE
NSW1,2008/2/28 9:30,10061.6,29.53,TRADE
NSW1,2008/2/28 10:00,10076.81,30.43,TRADE
NSW1,2008/2/28 10:30,10028.98,29.74,TRADE
NSW1,2008/2/28 11:00,10029.5,29.35,TRADE
NSW1,2008/2/28 11:30,9951.84,29.02,TRADE
NSW1,2008/2/28 12:00,9879.01,29,TRADE
NSW1,2008/2/28 12:30,9874.1,29,TRADE
NSW1,2008/2/28 13:00,9828.97,29,TRADE
NSW1,2008/2/28 13:30,9774.17,29,TRADE
NSW1,2008/2/28 14:00,9701.29,29,TRADE
NSW1,2008/2/28 14:30,9673.19,29,TRADE
NSW1,2008/2/28 15:00,9668.71,29,TRADE
NSW1,2008/2/28 15:30,9635.01,28.65,TRADE
NSW1,2008/2/28 16:00,9569.66,26.9,TRADE
NSW1,2008/2/28 16:30,9609.74,28.65,TRADE
NSW1,2008/2/28 17:00,9752.39,29.44,TRADE
NSW1,2008/2/28 17:30,9620.4,29,TRADE
NSW1,2008/2/28 18:00,9513.18,27.74,TRADE
NSW1,2008/2/28 18:30,9464.08,29.2,TRADE
NSW1,2008/2/28 19:00,9425.91,30.58,TRADE
NSW1,2008/2/28 19:30,9432.55,31.84,TRADE
NSW1,2008/2/28 20:00,9244.5,31.61,TRADE
NSW1,2008/2/28 20:30,8883.62,28.61,TRADE
NSW1,2008/2/28 21:00,8545.5,25.38,TRADE
NSW1,2008/2/28 21:30,8487.54,26.45,TRADE
NSW1,2008/2/28 22:00,8326.31,24.89,TRADE
NSW1,2008/2/28 22:30,8285.08,25.32,TRADE
NSW1,2008/2/28 23:00,8202.25,24.56,TRADE
NSW1,2008/2/28 23:30,8050.51,26.96,TRADE
NSW1,2008/2/29 0:00,7850.54,22.8,TRADE
NSW1,2008/2/29 0:30,7669.89,22.17,TRADE
NSW1,2008/2/29 1:00,7440.22,19.91,TRADE
NSW1,2008/2/29 1:30,7135.47,21.89,TRADE
NSW1,2008/2/29 2:00,6803.04,16.06,TRADE
NSW1,2008/2/29 2:30,6626.58,13.43,TRADE
NSW1,2008/2/29 3:00,6520.42,14.06,TRADE
NSW1,2008/2/29 3:30,6467.15,11.93,TRADE
NSW1,2008/2/29 4:00,6531.62,15.09,TRADE
NSW1,2008/2/29 4:30,6787.38,17.59,TRADE
NSW1,2008/2/29 5:00,7082.03,18.34,TRADE
NSW1,2008/2/29 5:30,7713.19,26.33,TRADE
NSW1,2008/2/29 6:00,8376.82,28.58,TRADE
NSW1,2008/2/29 6:30,8758.96,30.97,TRADE
NSW1,2008/2/29 7:00,9128.75,34,TRADE
NSW1,2008/2/29 7:30,9295.95,31.07,TRADE
NSW1,2008/2/29 8:00,9322.29,31.81,TRADE
NSW1,2008/2/29 8:30,9545.58,28.79,TRADE
NSW1,2008/2/29 9:00,9607.68,29.01,TRADE
NSW1,2008/2/29 9:30,9648.44,29.24,TRADE
NSW1,2008/2/29 10:00,9647.05,29,TRADE
NSW1,2008/2/29 10:30,9635.31,29,TRADE
NSW1,2008/2/29 11:00,9610.41,29.62,TRADE
NSW1,2008/2/29 11:30,9549.46,29.48,TRADE
NSW1,2008/2/29 12:00,9479.82,29,TRADE
NSW1,2008/2/29 12:30,9450.96,29,TRADE
NSW1,2008/2/29 13:00,9399.09,29,TRADE
NSW1,2008/2/29 13:30,9346.9,29,TRADE
NSW1,2008/2/29 14:00,9311.37,29,TRADE
NSW1,2008/2/29 14:30,9226.16,28.69,TRADE
NSW1,2008/2/29 15:00,9262.19,28.82,TRADE
NSW1,2008/2/29 15:30,9227.42,28.43,TRADE
NSW1,2008/2/29 16:00,9225.77,27.3,TRADE
NSW1,2008/2/29 16:30,9129.38,27.28,TRADE
NSW1,2008/2/29 17:00,9048.35,27.3,TRADE
NSW1,2008/2/29 17:30,8852.51,26.75,TRADE
NSW1,2008/2/29 18:00,8753.22,25.54,TRADE
NSW1,2008/2/29 18:30,8606.47,24.68,TRADE
NSW1,2008/2/29 19:00,8684.76,25.96,TRADE
NSW1,2008/2/29 19:30,8883.47,27.01,TRADE
NSW1,2008/2/29 20:00,8727.71,26.61,TRADE
NSW1,2008/2/29 20:30,8530.54,24.9,TRADE
NSW1,2008/2/29 21:00,8179.65,21.21,TRADE
NSW1,2008/2/29 21:30,8305.27,25.48,TRADE
NSW1,2008/2/29 22:00,8212.28,22.2,TRADE
NSW1,2008/2/29 22:30,8284.03,26.3,TRADE
NSW1,2008/2/29 23:00,8168.59,26.79,TRADE
NSW1,2008/2/29 23:30,8043.28,27.68,TRADE
NSW1,2008/3/1 0:00,7900.68,25.06,TRADE
?NSW1,2008/3/1 0:30,7666.59,23.56,TRADE
NSW1,2008/3/1 1:00,7410.02,19.92,TRADE
NSW1,2008/3/1 1:30,7123.88,21.9,TRADE
NSW1,2008/3/1 2:00,6778.36,18.29,TRADE
NSW1,2008/3/1 2:30,6568.94,10.6,TRADE
NSW1,2008/3/1 3:00,6463.49,14.37,TRADE
NSW1,2008/3/1 3:30,6393.12,14.93,TRADE
NSW1,2008/3/1 4:00,6349.51,16.47,TRADE
NSW1,2008/3/1 4:30,6491.14,20,TRADE
NSW1,2008/3/1 5:00,6555.37,18.67,TRADE
NSW1,2008/3/1 5:30,6769.81,19.81,TRADE
NSW1,2008/3/1 6:00,7006.08,19.84,TRADE
NSW1,2008/3/1 6:30,7303.11,19.71,TRADE
NSW1,2008/3/1 7:00,7705.85,22.45,TRADE
NSW1,2008/3/1 7:30,8111.54,24.01,TRADE
NSW1,2008/3/1 8:00,8428.47,25.93,TRADE
NSW1,2008/3/1 8:30,8752.65,26.12,TRADE
NSW1,2008/3/1 9:00,8798.89,25.38,TRADE
NSW1,2008/3/1 9:30,8928.22,25.56,TRADE
NSW1,2008/3/1 10:00,8759.36,25.18,TRADE
NSW1,2008/3/1 10:30,8718.27,25.31,TRADE
NSW1,2008/3/1 11:00,8626.62,24.83,TRADE
NSW1,2008/3/1 11:30,8560.17,24.99,TRADE
NSW1,2008/3/1 12:00,8468.24,24.15,TRADE
NSW1,2008/3/1 12:30,8400.01,24.64,TRADE
NSW1,2008/3/1 13:00,8338.65,22.77,TRADE
NSW1,2008/3/1 13:30,8270.6,23.41,TRADE
NSW1,2008/3/1 14:00,8218.27,23.06,TRADE
NSW1,2008/3/1 14:30,8172.27,23.22,TRADE
NSW1,2008/3/1 15:00,8180.91,23.74,TRADE
NSW1,2008/3/1 15:30,8141.5,23.86,TRADE
NSW1,2008/3/1 16:00,8180.49,24.97,TRADE
NSW1,2008/3/1 16:30,8045.91,22.32,TRADE
NSW1,2008/3/1 17:00,8119.29,24.55,TRADE
NSW1,2008/3/1 17:30,8126.83,25.2,TRADE
NSW1,2008/3/1 18:00,8139.6,24.48,TRADE
NSW1,2008/3/1 18:30,8063.81,20.6,TRADE
NSW1,2008/3/1 19:00,8120.56,24.04,TRADE
NSW1,2008/3/1 19:30,8219.61,25.5,TRADE
NSW1,2008/3/1 20:00,8209.18,25.15,TRADE
NSW1,2008/3/1 20:30,8001.96,24.71,TRADE
NSW1,2008/3/1 21:00,7832.02,24.29,TRADE
NSW1,2008/3/1 21:30,7831.62,27.09,TRADE
NSW1,2008/3/1 22:00,7756.94,22.16,TRADE
NSW1,2008/3/1 22:30,7802.21,20.46,TRADE
NSW1,2008/3/1 23:00,7574.05,20.15,TRADE
NSW1,2008/3/1 23:30,7453.91,22.07,TRADE
NSW1,2008/3/2 0:00,7280.71,20.65,TRADE
NSW1,2008/3/2 0:30,7095.86,17.15,TRADE
NSW1,2008/3/2 1:00,6973.72,20.25,TRADE
NSW1,2008/3/2 1:30,6699.23,20,TRADE
NSW1,2008/3/2 2:00,6453.89,15.96,TRADE
NSW1,2008/3/2 2:30,6321.11,12,TRADE
NSW1,2008/3/2 3:00,6210.93,13.75,TRADE
NSW1,2008/3/2 3:30,6125.49,12,TRADE
NSW1,2008/3/2 4:00,6128.96,12,TRADE
NSW1,2008/3/2 4:30,6189.74,12.17,TRADE
NSW1,2008/3/2 5:00,6271.79,12,TRADE
NSW1,2008/3/2 5:30,6398.53,15.09,TRADE
NSW1,2008/3/2 6:00,6492.02,17.14,TRADE
NSW1,2008/3/2 6:30,6707.43,16.95,TRADE
NSW1,2008/3/2 7:00,7020.14,18.84,TRADE
NSW1,2008/3/2 7:30,7366.14,18.57,TRADE
NSW1,2008/3/2 8:00,7696.59,18.06,TRADE
NSW1,2008/3/2 8:30,8063.07,20.37,TRADE
NSW1,2008/3/2 9:00,8215.71,22.01,TRADE
NSW1,2008/3/2 9:30,8353.41,24.95,TRADE
NSW1,2008/3/2 10:00,8358.72,25,TRADE
NSW1,2008/3/2 10:30,8311.43,24.99,TRADE
NSW1,2008/3/2 11:00,8305.37,24.92,TRADE
NSW1,2008/3/2 11:30,8259.62,25.1,TRADE
NSW1,2008/3/2 12:00,8227.99,25.1,TRADE
NSW1,2008/3/2 12:30,8164.51,25.1,TRADE
NSW1,2008/3/2 13:00,8085.63,24.36,TRADE
NSW1,2008/3/2 13:30,8041.34,24.85,TRADE
NSW1,2008/3/2 14:00,8019.17,24.54,TRADE
NSW1,2008/3/2 14:30,8002.7,24.85,TRADE
NSW1,2008/3/2 15:00,8026.65,25.1,TRADE
NSW1,2008/3/2 15:30,8051.16,25.25,TRADE
NSW1,2008/3/2 16:00,8125.72,25.12,TRADE
NSW1,2008/3/2 16:30,8071.13,24.81,TRADE
NSW1,2008/3/2 17:00,8155.2,25.1,TRADE
NSW1,2008/3/2 17:30,8284.65,25.1,TRADE
NSW1,2008/3/2 18:00,8294.66,25.1,TRADE
NSW1,2008/3/2 18:30,8293.28,25.13,TRADE
NSW1,2008/3/2 19:00,8412.81,25.6,TRADE
NSW1,2008/3/2 19:30,8569.88,25.33,TRADE
NSW1,2008/3/2 20:00,8498.53,26.37,TRADE
NSW1,2008/3/2 20:30,8240.31,23.61,TRADE
NSW1,2008/3/2 21:00,8006.26,22.93,TRADE
NSW1,2008/3/2 21:30,7908.73,23.66,TRADE
NSW1,2008/3/2 22:00,7701.24,19,TRADE
NSW1,2008/3/2 22:30,7701.08,20.64,TRADE
NSW1,2008/3/2 23:00,7491.45,18.97,TRADE
NSW1,2008/3/2 23:30,7362.42,20.19,TRADE
NSW1,2008/3/3 0:00,7166.38,18.41,TRADE
NSW1,2008/3/3 0:30,7060.07,16.75,TRADE
NSW1,2008/3/3 1:00,6967.31,17.31,TRADE
NSW1,2008/3/3 1:30,6761.75,17.33,TRADE
NSW1,2008/3/3 2:00,6514.81,13.48,TRADE
NSW1,2008/3/3 2:30,6376.02,12,TRADE
NSW1,2008/3/3 3:00,6316.5,12,TRADE
NSW1,2008/3/3 3:30,6301.31,11.18,TRADE
NSW1,2008/3/3 4:00,6377.1,11.45,TRADE
NSW1,2008/3/3 4:30,6650.54,17.94,TRADE
NSW1,2008/3/3 5:00,6945.74,19.72,TRADE
NSW1,2008/3/3 5:30,7633.93,25.44,TRADE
NSW1,2008/3/3 6:00,8223.97,27.4,TRADE
NSW1,2008/3/3 6:30,8730.1,25.18,TRADE
NSW1,2008/3/3 7:00,9081.4,26.15,TRADE
NSW1,2008/3/3 7:30,9212.72,25.51,TRADE
NSW1,2008/3/3 8:00,9278.23,26.02,TRADE
NSW1,2008/3/3 8:30,9509.16,26.51,TRADE
NSW1,2008/3/3 9:00,9615.65,26.62,TRADE
NSW1,2008/3/3 9:30,9744.96,26.66,TRADE
NSW1,2008/3/3 10:00,9818.8,26.6,TRADE
NSW1,2008/3/3 10:30,9768.24,26.25,TRADE
NSW1,2008/3/3 11:00,9871.13,26.72,TRADE
NSW1,2008/3/3 11:30,9808.68,25.43,TRADE
NSW1,2008/3/3 12:00,9836.89,25.48,TRADE
NSW1,2008/3/3 12:30,9894.02,25.84,TRADE
NSW1,2008/3/3 13:00,9907.62,27.15,TRADE
NSW1,2008/3/3 13:30,9901.88,26.42,TRADE
NSW1,2008/3/3 14:00,9828.41,25.8,TRADE
NSW1,2008/3/3 14:30,9828.85,25.51,TRADE
NSW1,2008/3/3 15:00,9856.35,26.34,TRADE
NSW1,2008/3/3 15:30,9908.94,27.75,TRADE
NSW1,2008/3/3 16:00,9845.25,28.12,TRADE
NSW1,2008/3/3 16:30,9876.74,28.49,TRADE
NSW1,2008/3/3 17:00,9850.92,27.9,TRADE
NSW1,2008/3/3 17:30,9567.31,27.09,TRADE
NSW1,2008/3/3 18:00,9390.47,25.13,TRADE
NSW1,2008/3/3 18:30,9181.14,25.07,TRADE
NSW1,2008/3/3 19:00,9224.94,25.73,TRADE
NSW1,2008/3/3 19:30,9370.37,29.33,TRADE
NSW1,2008/3/3 20:00,9150.93,26.39,TRADE
NSW1,2008/3/3 20:30,8810.54,26.89,TRADE
NSW1,2008/3/3 21:00,8491.91,25.09,TRADE
NSW1,2008/3/3 21:30,8474.6,25.29,TRADE
NSW1,2008/3/3 22:00,8224.55,21.73,TRADE
NSW1,2008/3/3 22:30,8224.48,21.25,TRADE
NSW1,2008/3/3 23:00,8099.3,20.33,TRADE
NSW1,2008/3/3 23:30,7914.81,21.2,TRADE
NSW1,2008/3/4 0:00,7790.69,20,TRADE
NSW1,2008/3/4 0:30,7631.47,17.97,TRADE
NSW1,2008/3/4 1:00,7472.27,17.41,TRADE
NSW1,2008/3/4 1:30,7161.54,18.38,TRADE
NSW1,2008/3/4 2:00,6882.72,15.69,TRADE
NSW1,2008/3/4 2:30,6738.83,16.86,TRADE
NSW1,2008/3/4 3:00,6592.1,10.4,TRADE
NSW1,2008/3/4 3:30,6586.7,9.39,TRADE
NSW1,2008/3/4 4:00,6631.16,14.31,TRADE
NSW1,2008/3/4 4:30,6877.65,16.82,TRADE
NSW1,2008/3/4 5:00,7195.99,16.77,TRADE
NSW1,2008/3/4 5:30,7843.73,25.02,TRADE
NSW1,2008/3/4 6:00,8492.3,28.38,TRADE
NSW1,2008/3/4 6:30,8901.52,26.91,TRADE
NSW1,2008/3/4 7:00,9239.84,26.68,TRADE
NSW1,2008/3/4 7:30,9297.14,25.65,TRADE
NSW1,2008/3/4 8:00,9419.92,25.56,TRADE
NSW1,2008/3/4 8:30,9616.9,25.29,TRADE
NSW1,2008/3/4 9:00,9773.89,25.21,TRADE
NSW1,2008/3/4 9:30,9860.02,25.43,TRADE
NSW1,2008/3/4 10:00,9965.13,25.09,TRADE
NSW1,2008/3/4 10:30,9984.21,25.02,TRADE
NSW1,2008/3/4 11:00,10082.38,25.34,TRADE
NSW1,2008/3/4 11:30,10122.04,25.13,TRADE
NSW1,2008/3/4 12:00,10087.87,25.09,TRADE
NSW1,2008/3/4 12:30,10258.47,25.13,TRADE
NSW1,2008/3/4 13:00,10312.54,25.14,TRADE
NSW1,2008/3/4 13:30,10394.96,25.4,TRADE
NSW1,2008/3/4 14:00,10423.3,25.93,TRADE
NSW1,2008/3/4 14:30,10402.04,25.16,TRADE
NSW1,2008/3/4 15:00,10464.39,25.2,TRADE
NSW1,2008/3/4 15:30,10470.61,25.37,TRADE
NSW1,2008/3/4 16:00,10496.95,26.08,TRADE
NSW1,2008/3/4 16:30,10347.27,26.25,TRADE
NSW1,2008/3/4 17:00,10201.66,25.53,TRADE
NSW1,2008/3/4 17:30,9837.91,25.79,TRADE
NSW1,2008/3/4 18:00,9675.39,26.08,TRADE
NSW1,2008/3/4 18:30,9457.23,25.68,TRADE
NSW1,2008/3/4 19:00,9455.74,25.86,TRADE
NSW1,2008/3/4 19:30,9503.71,26.15,TRADE
NSW1,2008/3/4 20:00,9387.88,25.89,TRADE
NSW1,2008/3/4 20:30,9046.79,25.17,TRADE
NSW1,2008/3/4 21:00,8721.52,25.05,TRADE
NSW1,2008/3/4 21:30,8678.45,24.96,TRADE
NSW1,2008/3/4 22:00,8472.7,22.56,TRADE
NSW1,2008/3/4 22:30,8403.45,24.35,TRADE
NSW1,2008/3/4 23:00,8229.02,21.72,TRADE
NSW1,2008/3/4 23:30,8084.09,23.54,TRADE
NSW1,2008/3/5 0:00,7869.38,20.23,TRADE
NSW1,2008/3/5 0:30,7666.56,20,TRADE
NSW1,2008/3/5 1:00,7430.43,20,TRADE
NSW1,2008/3/5 1:30,7165.14,19.93,TRADE
NSW1,2008/3/5 2:00,6870.82,18.51,TRADE
NSW1,2008/3/5 2:30,6646.58,12.02,TRADE
NSW1,2008/3/5 3:00,6569.04,17.12,TRADE
NSW1,2008/3/5 3:30,6607.82,15.19,TRADE
NSW1,2008/3/5 4:00,6623.61,15.15,TRADE
NSW1,2008/3/5 4:30,6855.98,17.24,TRADE
NSW1,2008/3/5 5:00,7195.64,20,TRADE
NSW1,2008/3/5 5:30,7850.39,25.54,TRADE
NSW1,2008/3/5 6:00,8505.78,29.03,TRADE
NSW1,2008/3/5 6:30,8921.13,31.45,TRADE
NSW1,2008/3/5 7:00,9294.12,34.11,TRADE
NSW1,2008/3/5 7:30,9450.24,31.53,TRADE
NSW1,2008/3/5 8:00,9566.45,27.78,TRADE
NSW1,2008/3/5 8:30,9793.5,29.21,TRADE
NSW1,2008/3/5 9:00,9945.15,30.71,TRADE
NSW1,2008/3/5 9:30,10003.72,33.76,TRADE
NSW1,2008/3/5 10:00,10100.85,36.59,TRADE
NSW1,2008/3/5 10:30,10082.98,41.41,TRADE
NSW1,2008/3/5 11:00,10126.49,49.46,TRADE
NSW1,2008/3/5 11:30,10097.67,59.67,TRADE
NSW1,2008/3/5 12:00,10145.95,62.39,TRADE
NSW1,2008/3/5 12:30,10144.8,63.52,TRADE
NSW1,2008/3/5 13:00,10177.04,72.57,TRADE
NSW1,2008/3/5 13:30,10266.37,84.92,TRADE
NSW1,2008/3/5 14:00,10231.62,76.83,TRADE
NSW1,2008/3/5 14:30,10210.95,75.88,TRADE
NSW1,2008/3/5 15:00,10266.41,87.58,TRADE
NSW1,2008/3/5 15:30,10259.84,86.99,TRADE
NSW1,2008/3/5 16:00,10271.46,87.05,TRADE
NSW1,2008/3/5 16:30,10120.4,74.87,TRADE
NSW1,2008/3/5 17:00,9983.79,62.62,TRADE
NSW1,2008/3/5 17:30,9656.64,35.41,TRADE
NSW1,2008/3/5 18:00,9367.58,29.54,TRADE
NSW1,2008/3/5 18:30,9187.03,26.69,TRADE
NSW1,2008/3/5 19:00,9234.45,27.23,TRADE
NSW1,2008/3/5 19:30,9295.73,31.19,TRADE
NSW1,2008/3/5 20:00,9180.85,28.78,TRADE
NSW1,2008/3/5 20:30,8879.82,26.7,TRADE
NSW1,2008/3/5 21:00,8642.2,26.51,TRADE
NSW1,2008/3/5 21:30,8619.94,26.59,TRADE
NSW1,2008/3/5 22:00,8440.31,23.97,TRADE
NSW1,2008/3/5 22:30,8387.86,25.13,TRADE
NSW1,2008/3/5 23:00,8236.62,24.82,TRADE
NSW1,2008/3/5 23:30,8097.25,27.33,TRADE
NSW1,2008/3/6 0:00,7875.23,23.76,TRADE
NSW1,2008/3/6 0:30,7648.1,22.76,TRADE
NSW1,2008/3/6 1:00,7478.58,20.66,TRADE
NSW1,2008/3/6 1:30,7189.46,19.98,TRADE
NSW1,2008/3/6 2:00,6911.8,17.57,TRADE
NSW1,2008/3/6 2:30,6696.13,14,TRADE
NSW1,2008/3/6 3:00,6529.19,14.5,TRADE
NSW1,2008/3/6 3:30,6573.03,16.5,TRADE
NSW1,2008/3/6 4:00,6685.83,17.24,TRADE
NSW1,2008/3/6 4:30,6923.54,18.02,TRADE
NSW1,2008/3/6 5:00,7195.65,19.5,TRADE
NSW1,2008/3/6 5:30,7815.94,26.23,TRADE
NSW1,2008/3/6 6:00,8441.63,33.39,TRADE
NSW1,2008/3/6 6:30,8868.96,35.49,TRADE
NSW1,2008/3/6 7:00,9239.71,43.66,TRADE
NSW1,2008/3/6 7:30,9374.83,29.05,TRADE
NSW1,2008/3/6 8:00,9533.51,32.13,TRADE
NSW1,2008/3/6 8:30,9815.11,38.61,TRADE
NSW1,2008/3/6 9:00,9952.86,42.64,TRADE
NSW1,2008/3/6 9:30,10076.84,48.64,TRADE
NSW1,2008/3/6 10:00,10141.34,44.35,TRADE
NSW1,2008/3/6 10:30,10224.65,47.26,TRADE
NSW1,2008/3/6 11:00,10303.37,61.8,TRADE
NSW1,2008/3/6 11:30,10363.11,78.04,TRADE
NSW1,2008/3/6 12:00,10415.5,77.6,TRADE
NSW1,2008/3/6 12:30,10473.22,67.2,TRADE
NSW1,2008/3/6 13:00,10587.55,87.12,TRADE
NSW1,2008/3/6 13:30,10678.41,90.91,TRADE
NSW1,2008/3/6 14:00,10722.51,90.81,TRADE
NSW1,2008/3/6 14:30,10774.2,93.46,TRADE
NSW1,2008/3/6 15:00,10924.9,93.31,TRADE
NSW1,2008/3/6 15:30,11052.79,96.1,TRADE
NSW1,2008/3/6 16:00,11069.85,95.15,TRADE
NSW1,2008/3/6 16:30,11045.28,90.75,TRADE
NSW1,2008/3/6 17:00,10933.06,89.28,TRADE
NSW1,2008/3/6 17:30,10682.53,72.82,TRADE
NSW1,2008/3/6 18:00,10460.72,41.77,TRADE
NSW1,2008/3/6 18:30,10254.82,36.44,TRADE
NSW1,2008/3/6 19:00,10248.06,37.2,TRADE
NSW1,2008/3/6 19:30,10252.62,54.74,TRADE
NSW1,2008/3/6 20:00,10020.26,46.94,TRADE
NSW1,2008/3/6 20:30,9572.65,34.63,TRADE
NSW1,2008/3/6 21:00,9133.95,30.24,TRADE
NSW1,2008/3/6 21:30,9063.36,31.18,TRADE
NSW1,2008/3/6 22:00,8838.15,26.78,TRADE
NSW1,2008/3/6 22:30,8744.73,26.87,TRADE
NSW1,2008/3/6 23:00,8444.33,25.04,TRADE
NSW1,2008/3/6 23:30,8279.56,26.69,TRADE
NSW1,2008/3/7 0:00,8088.24,25.35,TRADE
NSW1,2008/3/7 0:30,7839.87,22.4,TRADE
NSW1,2008/3/7 1:00,7605.86,21.01,TRADE
NSW1,2008/3/7 1:30,7245.65,20.53,TRADE
NSW1,2008/3/7 2:00,6969.86,17.07,TRADE
NSW1,2008/3/7 2:30,6772.63,15.24,TRADE
NSW1,2008/3/7 3:00,6700.07,15.43,TRADE
NSW1,2008/3/7 3:30,6721.48,15.87,TRADE
NSW1,2008/3/7 4:00,6781.87,16.96,TRADE
NSW1,2008/3/7 4:30,6991.27,17.22,TRADE
NSW1,2008/3/7 5:00,7282.48,20.93,TRADE
NSW1,2008/3/7 5:30,7948.39,26.13,TRADE
NSW1,2008/3/7 6:00,8550.65,37.03,TRADE
NSW1,2008/3/7 6:30,8923.21,33.92,TRADE
NSW1,2008/3/7 7:00,9274.85,40.15,TRADE
NSW1,2008/3/7 7:30,9470.25,31.53,TRADE
NSW1,2008/3/7 8:00,9640.98,34.29,TRADE
NSW1,2008/3/7 8:30,9955.32,35.77,TRADE
NSW1,2008/3/7 9:00,10054,37.38,TRADE
NSW1,2008/3/7 9:30,10227.39,46.11,TRADE
NSW1,2008/3/7 10:00,10240.5,45.26,TRADE
NSW1,2008/3/7 10:30,10275.52,44.96,TRADE
NSW1,2008/3/7 11:00,10377.47,48.88,TRADE
NSW1,2008/3/7 11:30,10483.83,65.65,TRADE
NSW1,2008/3/7 12:00,10513.42,83.16,TRADE
NSW1,2008/3/7 12:30,10533.74,80.2,TRADE
NSW1,2008/3/7 13:00,10495.47,81.17,TRADE
NSW1,2008/3/7 13:30,10471.33,80.72,TRADE
NSW1,2008/3/7 14:00,10399.72,81.9,TRADE
NSW1,2008/3/7 14:30,10383.63,66.93,TRADE
NSW1,2008/3/7 15:00,10308.37,75.71,TRADE
NSW1,2008/3/7 15:30,10352.45,83.98,TRADE
NSW1,2008/3/7 16:00,10272.86,81.77,TRADE
NSW1,2008/3/7 16:30,10028.67,43.82,TRADE
NSW1,2008/3/7 17:00,9830.94,43.85,TRADE
NSW1,2008/3/7 17:30,9653.09,40.58,TRADE
NSW1,2008/3/7 18:00,9546.51,36.1,TRADE
NSW1,2008/3/7 18:30,9317.32,33.63,TRADE
NSW1,2008/3/7 19:00,9312.08,34.19,TRADE
NSW1,2008/3/7 19:30,9217.8,38.5,TRADE
NSW1,2008/3/7 20:00,9051.19,36.36,TRADE
NSW1,2008/3/7 20:30,8755.18,30.66,TRADE
NSW1,2008/3/7 21:00,8364.1,26.62,TRADE
NSW1,2008/3/7 21:30,8536.82,29.54,TRADE
NSW1,2008/3/7 22:00,8436.45,26.44,TRADE
NSW1,2008/3/7 22:30,8485.74,26.58,TRADE
NSW1,2008/3/7 23:00,8256.84,23.34,TRADE
NSW1,2008/3/7 23:30,8042.05,25.72,TRADE
NSW1,2008/3/8 0:00,7813.62,23.14,TRADE
NSW1,2008/3/8 0:30,7591.39,22.67,TRADE
NSW1,2008/3/8 1:00,7365.6,20.63,TRADE
NSW1,2008/3/8 1:30,7062.42,20.49,TRADE
NSW1,2008/3/8 2:00,6736.05,16.66,TRADE
NSW1,2008/3/8 2:30,6553.78,14.35,TRADE
NSW1,2008/3/8 3:00,6404.54,15.23,TRADE
NSW1,2008/3/8 3:30,6387.61,12.28,TRADE
NSW1,2008/3/8 4:00,6398.94,16.27,TRADE
NSW1,2008/3/8 4:30,6499.43,10.71,TRADE
NSW1,2008/3/8 5:00,6589.61,18.06,TRADE
NSW1,2008/3/8 5:30,6760.51,17.68,TRADE
NSW1,2008/3/8 6:00,7008.97,18.79,TRADE
NSW1,2008/3/8 6:30,7229.71,19.74,TRADE
NSW1,2008/3/8 7:00,7659.22,21.4,TRADE
NSW1,2008/3/8 7:30,8025.04,25.32,TRADE
NSW1,2008/3/8 8:00,8415.67,26.3,TRADE
NSW1,2008/3/8 8:30,8845.27,27.65,TRADE
NSW1,2008/3/8 9:00,8925.32,27.46,TRADE
NSW1,2008/3/8 9:30,9051.11,26.58,TRADE
NSW1,2008/3/8 10:00,8983.7,26.42,TRADE
NSW1,2008/3/8 10:30,9008.16,28.66,TRADE
NSW1,2008/3/8 11:00,8977.04,28.81,TRADE
NSW1,2008/3/8 11:30,8957.18,28.02,TRADE
NSW1,2008/3/8 12:00,8922.22,30.25,TRADE
NSW1,2008/3/8 12:30,8848.28,29.79,TRADE
NSW1,2008/3/8 13:00,8827.89,28.52,TRADE
NSW1,2008/3/8 13:30,8751.9,27.51,TRADE
NSW1,2008/3/8 14:00,8740.21,26.41,TRADE
NSW1,2008/3/8 14:30,8706.9,27.37,TRADE
NSW1,2008/3/8 15:00,8751.42,28.66,TRADE
NSW1,2008/3/8 15:30,8744.98,29.41,TRADE
NSW1,2008/3/8 16:00,8747.4,29.79,TRADE
NSW1,2008/3/8 16:30,8659.9,27.01,TRADE
NSW1,2008/3/8 17:00,8687.07,30,TRADE
NSW1,2008/3/8 17:30,8606.39,28.34,TRADE
NSW1,2008/3/8 18:00,8553.3,25.18,TRADE
NSW1,2008/3/8 18:30,8535.87,25.14,TRADE
NSW1,2008/3/8 19:00,8647.18,27.87,TRADE
NSW1,2008/3/8 19:30,8587.43,29.21,TRADE
NSW1,2008/3/8 20:00,8425.82,25.86,TRADE
NSW1,2008/3/8 20:30,8218.95,24.63,TRADE
NSW1,2008/3/8 21:00,7969.08,25.05,TRADE
NSW1,2008/3/8 21:30,7978.24,24.88,TRADE
NSW1,2008/3/8 22:00,7901.56,23.71,TRADE
NSW1,2008/3/8 22:30,7830.03,23.38,TRADE
NSW1,2008/3/8 23:00,7652.89,22.17,TRADE
NSW1,2008/3/8 23:30,7474.28,22.45,TRADE
NSW1,2008/3/9 0:00,7360.42,21.26,TRADE
NSW1,2008/3/9 0:30,7138.76,19.96,TRADE
NSW1,2008/3/9 1:00,6975.71,18.08,TRADE
NSW1,2008/3/9 1:30,6658.01,17.78,TRADE
NSW1,2008/3/9 2:00,6493.63,15.89,TRADE
NSW1,2008/3/9 2:30,6306.06,16.93,TRADE
NSW1,2008/3/9 3:00,6268.9,13.84,TRADE
NSW1,2008/3/9 3:30,6207.56,13.96,TRADE
NSW1,2008/3/9 4:00,6216.18,13.19,TRADE
NSW1,2008/3/9 4:30,6268.68,16.21,TRADE
NSW1,2008/3/9 5:00,6262.9,15.49,TRADE
NSW1,2008/3/9 5:30,6427.02,18,TRADE
NSW1,2008/3/9 6:00,6560.24,16.76,TRADE
NSW1,2008/3/9 6:30,6738.06,18.65,TRADE
NSW1,2008/3/9 7:00,7005.63,14.93,TRADE
NSW1,2008/3/9 7:30,7454.57,18.75,TRADE
NSW1,2008/3/9 8:00,7736.56,20.73,TRADE
NSW1,2008/3/9 8:30,8056.12,24.68,TRADE
NSW1,2008/3/9 9:00,8295.29,26.08,TRADE
NSW1,2008/3/9 9:30,8459.84,25.71,TRADE
NSW1,2008/3/9 10:00,8576.33,25.82,TRADE
NSW1,2008/3/9 10:30,8579.25,25.49,TRADE
NSW1,2008/3/9 11:00,8590.81,26.07,TRADE
NSW1,2008/3/9 11:30,8590.79,25.86,TRADE
NSW1,2008/3/9 12:00,8668.97,28.9,TRADE
NSW1,2008/3/9 12:30,8587.18,27.77,TRADE
NSW1,2008/3/9 13:00,8574.72,28.12,TRADE
NSW1,2008/3/9 13:30,8586.46,27.91,TRADE
NSW1,2008/3/9 14:00,8628.24,26.49,TRADE
NSW1,2008/3/9 14:30,8665.04,25.75,TRADE
NSW1,2008/3/9 15:00,8726.25,26.56,TRADE
NSW1,2008/3/9 15:30,8754.93,29.76,TRADE
NSW1,2008/3/9 16:00,8800.1,30.3,TRADE
NSW1,2008/3/9 16:30,8739.32,30,TRADE
NSW1,2008/3/9 17:00,8850.75,30.97,TRADE
NSW1,2008/3/9 17:30,8832.18,30.52,TRADE
NSW1,2008/3/9 18:00,8746.3,30,TRADE
NSW1,2008/3/9 18:30,8742.45,29.98,TRADE
NSW1,2008/3/9 19:00,8937.19,31,TRADE
NSW1,2008/3/9 19:30,8955.55,31.1,TRADE
NSW1,2008/3/9 20:00,8832.66,30.37,TRADE
NSW1,2008/3/9 20:30,8569.21,25.09,TRADE
NSW1,2008/3/9 21:00,8285.04,24.58,TRADE
NSW1,2008/3/9 21:30,8202.63,24.84,TRADE
NSW1,2008/3/9 22:00,8031.21,24.23,TRADE
NSW1,2008/3/9 22:30,7927.66,22.97,TRADE
NSW1,2008/3/9 23:00,7721.02,20.33,TRADE
NSW1,2008/3/9 23:30,7523.95,20.28,TRADE
NSW1,2008/3/10 0:00,7387.49,19.81,TRADE
NSW1,2008/3/10 0:30,7252.1,17.6,TRADE
NSW1,2008/3/10 1:00,7167.87,17.54,TRADE
NSW1,2008/3/10 1:30,6861.34,18.5,TRADE
NSW1,2008/3/10 2:00,6650.89,14.15,TRADE
NSW1,2008/3/10 2:30,6547.06,15.49,TRADE
NSW1,2008/3/10 3:00,6488.69,12.24,TRADE
NSW1,2008/3/10 3:30,6508.26,15,TRADE
NSW1,2008/3/10 4:00,6571.68,14.99,TRADE
NSW1,2008/3/10 4:30,6852.07,17.47,TRADE
NSW1,2008/3/10 5:00,7099.58,19.6,TRADE
NSW1,2008/3/10 5:30,7777.5,21.33,TRADE
NSW1,2008/3/10 6:00,8355.98,23.67,TRADE
NSW1,2008/3/10 6:30,8691.26,25.44,TRADE
NSW1,2008/3/10 7:00,9093.6,25.09,TRADE
NSW1,2008/3/10 7:30,9275.24,24.69,TRADE
NSW1,2008/3/10 8:00,9479.28,26.79,TRADE
NSW1,2008/3/10 8:30,9817.17,27.59,TRADE
NSW1,2008/3/10 9:00,9966.35,27.47,TRADE
NSW1,2008/3/10 9:30,10142.92,27.65,TRADE
NSW1,2008/3/10 10:00,10212.78,29.44,TRADE
NSW1,2008/3/10 10:30,10313.74,30.11,TRADE
NSW1,2008/3/10 11:00,10403.58,32.89,TRADE
NSW1,2008/3/10 11:30,10408.88,34.98,TRADE
NSW1,2008/3/10 12:00,10436.93,39.68,TRADE
NSW1,2008/3/10 12:30,10471.98,34.59,TRADE
NSW1,2008/3/10 13:00,10524.15,35.31,TRADE
NSW1,2008/3/10 13:30,10665.27,41.21,TRADE
NSW1,2008/3/10 14:00,10662.56,40.07,TRADE
NSW1,2008/3/10 14:30,10699,41.5,TRADE
NSW1,2008/3/10 15:00,10754.73,45.91,TRADE
NSW1,2008/3/10 15:30,10758.38,42.37,TRADE
NSW1,2008/3/10 16:00,10831.35,46.52,TRADE
NSW1,2008/3/10 16:30,10758.35,49.62,TRADE
NSW1,2008/3/10 17:00,10630.83,35.64,TRADE
NSW1,2008/3/10 17:30,10332.13,33.59,TRADE
NSW1,2008/3/10 18:00,10108.88,30.08,TRADE
NSW1,2008/3/10 18:30,9924.4,29.91,TRADE
NSW1,2008/3/10 19:00,9933.69,31.81,TRADE
NSW1,2008/3/10 19:30,9869.56,35.24,TRADE
NSW1,2008/3/10 20:00,9585.34,31.71,TRADE
NSW1,2008/3/10 20:30,9231.85,27.36,TRADE
NSW1,2008/3/10 21:00,8870.33,25.11,TRADE
NSW1,2008/3/10 21:30,8791.38,24.26,TRADE
NSW1,2008/3/10 22:00,8570.31,21.02,TRADE
NSW1,2008/3/10 22:30,8508.97,25,TRADE
NSW1,2008/3/10 23:00,8324.61,25.51,TRADE
NSW1,2008/3/10 23:30,8111.15,25.83,TRADE
NSW1,2008/3/11 0:00,7976.56,24.93,TRADE
NSW1,2008/3/11 0:30,7745.22,22.98,TRADE
NSW1,2008/3/11 1:00,7500.45,21.39,TRADE
NSW1,2008/3/11 1:30,7210.74,22.22,TRADE
NSW1,2008/3/11 2:00,6920.93,20,TRADE
NSW1,2008/3/11 2:30,6729.46,19.98,TRADE
NSW1,2008/3/11 3:00,6683.85,19.31,TRADE
NSW1,2008/3/11 3:30,6677.72,17.91,TRADE
NSW1,2008/3/11 4:00,6709.95,19.54,TRADE
NSW1,2008/3/11 4:30,6990.63,20,TRADE
NSW1,2008/3/11 5:00,7260.85,21.5,TRADE
NSW1,2008/3/11 5:30,7902.73,28.99,TRADE
NSW1,2008/3/11 6:00,8560.82,32.84,TRADE
NSW1,2008/3/11 6:30,8928.4,32.44,TRADE
NSW1,2008/3/11 7:00,9312.15,40.91,TRADE
NSW1,2008/3/11 7:30,9488.55,30.76,TRADE
NSW1,2008/3/11 8:00,9679.23,31.99,TRADE
NSW1,2008/3/11 8:30,9982.25,36.9,TRADE
NSW1,2008/3/11 9:00,10152.51,43.11,TRADE
NSW1,2008/3/11 9:30,10268.51,51.3,TRADE
NSW1,2008/3/11 10:00,10428.62,45.67,TRADE
NSW1,2008/3/11 10:30,10482.22,43.58,TRADE
NSW1,2008/3/11 11:00,10614.03,49.17,TRADE
NSW1,2008/3/11 11:30,10659.33,63.42,TRADE
NSW1,2008/3/11 12:00,10717.37,63.85,TRADE
NSW1,2008/3/11 12:30,10841.82,67.25,TRADE
NSW1,2008/3/11 13:00,10910.58,76.08,TRADE
NSW1,2008/3/11 13:30,10993.79,83.43,TRADE
NSW1,2008/3/11 14:00,11043.18,79.69,TRADE
NSW1,2008/3/11 14:30,11077.35,78.03,TRADE
NSW1,2008/3/11 15:00,11152.3,75.22,TRADE
NSW1,2008/3/11 15:30,11238.96,77.93,TRADE
NSW1,2008/3/11 16:00,11224.67,74.41,TRADE
NSW1,2008/3/11 16:30,11099.66,71.68,TRADE
NSW1,2008/3/11 17:00,10890.5,63.93,TRADE
NSW1,2008/3/11 17:30,10526.86,47.41,TRADE
NSW1,2008/3/11 18:00,10325.46,45.64,TRADE
NSW1,2008/3/11 18:30,10107.9,43.83,TRADE
NSW1,2008/3/11 19:00,10187.98,47.61,TRADE
NSW1,2008/3/11 19:30,10010.21,44.34,TRADE
NSW1,2008/3/11 20:00,9814.39,34.52,TRADE
NSW1,2008/3/11 20:30,9393.74,32.42,TRADE
NSW1,2008/3/11 21:00,9017.35,28.62,TRADE
NSW1,2008/3/11 21:30,9007.92,30.83,TRADE
NSW1,2008/3/11 22:00,8768.28,24.77,TRADE
NSW1,2008/3/11 22:30,8640.81,25.18,TRADE
NSW1,2008/3/11 23:00,8457.38,25.07,TRADE
NSW1,2008/3/11 23:30,8249.51,27.47,TRADE
NSW1,2008/3/12 0:00,8064.57,24.67,TRADE
NSW1,2008/3/12 0:30,7831.63,24.62,TRADE
NSW1,2008/3/12 1:00,7625.75,23.86,TRADE
NSW1,2008/3/12 1:30,7285.74,24.99,TRADE
NSW1,2008/3/12 2:00,6973.71,21.24,TRADE
NSW1,2008/3/12 2:30,6754.72,18.73,TRADE
NSW1,2008/3/12 3:00,6646.23,15.75,TRADE
NSW1,2008/3/12 3:30,6639.84,16.61,TRADE
NSW1,2008/3/12 4:00,6686.79,19.03,TRADE
NSW1,2008/3/12 4:30,6954.78,20.69,TRADE
NSW1,2008/3/12 5:00,7264.41,24.25,TRADE
NSW1,2008/3/12 5:30,7925.35,30.18,TRADE
NSW1,2008/3/12 6:00,8580.13,31.28,TRADE
NSW1,2008/3/12 6:30,8916.28,30.59,TRADE
NSW1,2008/3/12 7:00,9313.93,39.15,TRADE
NSW1,2008/3/12 7:30,9476.08,30.44,TRADE
NSW1,2008/3/12 8:00,9677.55,31.57,TRADE
NSW1,2008/3/12 8:30,9972.67,35.17,TRADE
NSW1,2008/3/12 9:00,10135.37,39.3,TRADE
NSW1,2008/3/12 9:30,10271.91,39.28,TRADE
NSW1,2008/3/12 10:00,10392.77,54.38,TRADE
NSW1,2008/3/12 10:30,10395.42,43.9,TRADE
NSW1,2008/3/12 11:00,10492.37,45.74,TRADE
NSW1,2008/3/12 11:30,10590.13,44.92,TRADE
NSW1,2008/3/12 12:00,10622.12,44.63,TRADE
NSW1,2008/3/12 12:30,10696.18,45.51,TRADE
NSW1,2008/3/12 13:00,10778.26,62.75,TRADE
NSW1,2008/3/12 13:30,10899.2,63.24,TRADE
NSW1,2008/3/12 14:00,10974.39,69.47,TRADE
NSW1,2008/3/12 14:30,11007.25,69.53,TRADE
NSW1,2008/3/12 15:00,11094.37,79.93,TRADE
NSW1,2008/3/12 15:30,11181.73,78.51,TRADE
NSW1,2008/3/12 16:00,11191.81,74.87,TRADE
NSW1,2008/3/12 16:30,10949.02,64.43,TRADE
NSW1,2008/3/12 17:00,10868.43,55.21,TRADE
NSW1,2008/3/12 17:30,10450.99,36.18,TRADE
NSW1,2008/3/12 18:00,10281.94,34.59,TRADE
NSW1,2008/3/12 18:30,10035.87,35.09,TRADE
NSW1,2008/3/12 19:00,10129.63,39.93,TRADE
NSW1,2008/3/12 19:30,10054.96,40.31,TRADE
NSW1,2008/3/12 20:00,9763.45,37.59,TRADE
NSW1,2008/3/12 20:30,9377.53,33.96,TRADE
NSW1,2008/3/12 21:00,9043.61,30.97,TRADE
NSW1,2008/3/12 21:30,8954.07,30.29,TRADE
NSW1,2008/3/12 22:00,8734.46,24.89,TRADE
NSW1,2008/3/12 22:30,8607.8,28.68,TRADE
NSW1,2008/3/12 23:00,8348.43,23.59,TRADE
NSW1,2008/3/12 23:30,8168.62,26.86,TRADE
NSW1,2008/3/13 0:00,7952.93,25.75,TRADE
NSW1,2008/3/13 0:30,7737.55,23.27,TRADE
NSW1,2008/3/13 1:00,7510.82,23.16,TRADE
NSW1,2008/3/13 1:30,7225.61,23.56,TRADE
NSW1,2008/3/13 2:00,6941.75,20.31,TRADE
NSW1,2008/3/13 2:30,6753.89,19.54,TRADE
NSW1,2008/3/13 3:00,6676.69,18.8,TRADE
NSW1,2008/3/13 3:30,6710.6,19.35,TRADE
NSW1,2008/3/13 4:00,6799.76,19.78,TRADE
NSW1,2008/3/13 4:30,7019.51,20,TRADE
NSW1,2008/3/13 5:00,7343.87,23.76,TRADE
NSW1,2008/3/13 5:30,8006.1,29.47,TRADE
NSW1,2008/3/13 6:00,8642.72,28.79,TRADE
NSW1,2008/3/13 6:30,9002.56,30.4,TRADE
NSW1,2008/3/13 7:00,9389.39,33.89,TRADE
NSW1,2008/3/13 7:30,9692.56,29.22,TRADE
NSW1,2008/3/13 8:00,9795.36,28.63,TRADE
NSW1,2008/3/13 8:30,10176.99,32.77,TRADE
NSW1,2008/3/13 9:00,10355.22,34.84,TRADE
NSW1,2008/3/13 9:30,10528.48,41.33,TRADE
NSW1,2008/3/13 10:00,10675.5,43.33,TRADE
NSW1,2008/3/13 10:30,10696.97,41.65,TRADE
NSW1,2008/3/13 11:00,10846.5,54.99,TRADE
NSW1,2008/3/13 11:30,10953.4,63.82,TRADE
NSW1,2008/3/13 12:00,11050.95,82.12,TRADE
NSW1,2008/3/13 12:30,11119.33,85.84,TRADE
NSW1,2008/3/13 13:00,11191.21,88.54,TRADE
NSW1,2008/3/13 13:30,11262.34,90.31,TRADE
NSW1,2008/3/13 14:00,11163.64,90.27,TRADE
NSW1,2008/3/13 14:30,11219.03,116.41,TRADE
NSW1,2008/3/13 15:00,11311.84,151.73,TRADE
NSW1,2008/3/13 15:30,11289.64,273.4,TRADE
NSW1,2008/3/13 16:00,11260.45,278.86,TRADE
NSW1,2008/3/13 16:30,11100.93,100.14,TRADE
NSW1,2008/3/13 17:00,11042.54,98.67,TRADE
NSW1,2008/3/13 17:30,10732.52,72.55,TRADE
NSW1,2008/3/13 18:00,10557.76,63.41,TRADE
NSW1,2008/3/13 18:30,10364.15,75.47,TRADE
NSW1,2008/3/13 19:00,10479.41,78.89,TRADE
NSW1,2008/3/13 19:30,10367.85,75.17,TRADE
NSW1,2008/3/13 20:00,10117.13,71.76,TRADE
NSW1,2008/3/13 20:30,9659.32,57.67,TRADE
NSW1,2008/3/13 21:00,9240.37,45.84,TRADE
NSW1,2008/3/13 21:30,9144.14,44.07,TRADE
NSW1,2008/3/13 22:00,8917.07,34.15,TRADE
NSW1,2008/3/13 22:30,8812.32,35.07,TRADE
NSW1,2008/3/13 23:00,8539.39,29.97,TRADE
NSW1,2008/3/13 23:30,8322.5,28.36,TRADE
NSW1,2008/3/14 0:00,8087.94,26.72,TRADE
NSW1,2008/3/14 0:30,7893.18,24.69,TRADE
NSW1,2008/3/14 1:00,7641.8,25.16,TRADE
NSW1,2008/3/14 1:30,7280.16,26.39,TRADE
NSW1,2008/3/14 2:00,7032.76,23.6,TRADE
NSW1,2008/3/14 2:30,6859.46,21.38,TRADE
NSW1,2008/3/14 3:00,6801.38,21.2,TRADE
NSW1,2008/3/14 3:30,6743.78,20.27,TRADE
NSW1,2008/3/14 4:00,6799,21.5,TRADE
NSW1,2008/3/14 4:30,6982.64,23.18,TRADE
NSW1,2008/3/14 5:00,7334.76,26.23,TRADE
NSW1,2008/3/14 5:30,7957.49,32.46,TRADE
NSW1,2008/3/14 6:00,8587.69,33.87,TRADE
NSW1,2008/3/14 6:30,8977.02,30.05,TRADE
NSW1,2008/3/14 7:00,9384.96,44.39,TRADE
NSW1,2008/3/14 7:30,9569.61,37.11,TRADE
NSW1,2008/3/14 8:00,9793.96,42.49,TRADE
NSW1,2008/3/14 8:30,10073.06,55.24,TRADE
NSW1,2008/3/14 9:00,10259.75,60.69,TRADE
NSW1,2008/3/14 9:30,10407.28,45.52,TRADE
NSW1,2008/3/14 10:00,10471.16,37.28,TRADE
NSW1,2008/3/14 10:30,10544.54,38.92,TRADE
NSW1,2008/3/14 11:00,10665.79,50.68,TRADE
NSW1,2008/3/14 11:30,10830.3,63.09,TRADE
NSW1,2008/3/14 12:00,10847.06,68.3,TRADE
NSW1,2008/3/14 12:30,10790.8,63.88,TRADE
NSW1,2008/3/14 13:00,10971.14,82.71,TRADE
NSW1,2008/3/14 13:30,11121.3,137.98,TRADE
NSW1,2008/3/14 14:00,11163.11,115.11,TRADE
NSW1,2008/3/14 14:30,11136.31,69.71,TRADE
NSW1,2008/3/14 15:00,11314.95,96.8,TRADE
NSW1,2008/3/14 15:30,11446.77,225.95,TRADE
NSW1,2008/3/14 16:00,11422.64,277.34,TRADE
NSW1,2008/3/14 16:30,11239.83,171.15,TRADE
NSW1,2008/3/14 17:00,11034.21,82.64,TRADE
NSW1,2008/3/14 17:30,10629.75,64.24,TRADE
NSW1,2008/3/14 18:00,10373.18,39.67,TRADE
NSW1,2008/3/14 18:30,10102.13,65.46,TRADE
NSW1,2008/3/14 19:00,10137.46,73.09,TRADE
NSW1,2008/3/14 19:30,9908.49,58.48,TRADE
NSW1,2008/3/14 20:00,9652.59,58.29,TRADE
NSW1,2008/3/14 20:30,9331.42,43.39,TRADE
NSW1,2008/3/14 21:00,8950.41,31.86,TRADE
NSW1,2008/3/14 21:30,9013.66,35.64,TRADE
NSW1,2008/3/14 22:00,8869.09,33.27,TRADE
NSW1,2008/3/14 22:30,8834.99,32.97,TRADE
NSW1,2008/3/14 23:00,8599.77,28.22,TRADE
NSW1,2008/3/14 23:30,8404.42,29.15,TRADE
NSW1,2008/3/15 0:00,8102.21,25.15,TRADE
NSW1,2008/3/15 0:30,7826.58,23.79,TRADE
NSW1,2008/3/15 1:00,7556.17,24.79,TRADE
NSW1,2008/3/15 1:30,7177.21,25.28,TRADE
NSW1,2008/3/15 2:00,6915.41,22.8,TRADE
NSW1,2008/3/15 2:30,6738.78,20.33,TRADE
NSW1,2008/3/15 3:00,6636.68,20,TRADE
NSW1,2008/3/15 3:30,6511.19,20,TRADE
NSW1,2008/3/15 4:00,6523.2,20,TRADE
NSW1,2008/3/15 4:30,6636.39,20.41,TRADE
NSW1,2008/3/15 5:00,6725.08,22.46,TRADE
NSW1,2008/3/15 5:30,6990.35,25.08,TRADE
NSW1,2008/3/15 6:00,7180.72,23.56,TRADE
NSW1,2008/3/15 6:30,7441.31,24.54,TRADE
NSW1,2008/3/15 7:00,7858.24,27.54,TRADE
NSW1,2008/3/15 7:30,8230.29,24.84,TRADE
NSW1,2008/3/15 8:00,8607.84,28.9,TRADE
NSW1,2008/3/15 8:30,9085.93,36.66,TRADE
NSW1,2008/3/15 9:00,9229.55,48.56,TRADE
NSW1,2008/3/15 9:30,9421.19,63.45,TRADE
NSW1,2008/3/15 10:00,9424.12,86.92,TRADE
NSW1,2008/3/15 10:30,9514.36,75.88,TRADE
NSW1,2008/3/15 11:00,9561.71,63.2,TRADE
NSW1,2008/3/15 11:30,9605.12,71.33,TRADE
NSW1,2008/3/15 12:00,9703.3,79.68,TRADE
NSW1,2008/3/15 12:30,9790.2,87.19,TRADE
NSW1,2008/3/15 13:00,9849.44,87.18,TRADE
NSW1,2008/3/15 13:30,9904.13,87.35,TRADE
NSW1,2008/3/15 14:00,9975.84,88.59,TRADE
NSW1,2008/3/15 14:30,10003.46,88.06,TRADE
NSW1,2008/3/15 15:00,10129.71,100.83,TRADE
NSW1,2008/3/15 15:30,10159.28,109.83,TRADE
NSW1,2008/3/15 16:00,10165.09,103.46,TRADE
NSW1,2008/3/15 16:30,10015.81,93.29,TRADE
NSW1,2008/3/15 17:00,9959.57,88.03,TRADE
NSW1,2008/3/15 17:30,9786.3,85.01,TRADE
NSW1,2008/3/15 18:00,9592.71,73.38,TRADE
NSW1,2008/3/15 18:30,9460.25,60.95,TRADE
NSW1,2008/3/15 19:00,9492.01,61.14,TRADE
NSW1,2008/3/15 19:30,9365.16,60.36,TRADE
NSW1,2008/3/15 20:00,9135.34,44.83,TRADE
NSW1,2008/3/15 20:30,8868.95,32.43,TRADE
NSW1,2008/3/15 21:00,8653.43,30,TRADE
NSW1,2008/3/15 21:30,8602.55,30.17,TRADE
NSW1,2008/3/15 22:00,8395.79,22.87,TRADE
NSW1,2008/3/15 22:30,8279.61,26.62,TRADE
NSW1,2008/3/15 23:00,8036.69,25.05,TRADE
NSW1,2008/3/15 23:30,7760.22,25.21,TRADE
NSW1,2008/3/16 0:00,7586.22,24.33,TRADE
NSW1,2008/3/16 0:30,7368.68,22.82,TRADE
NSW1,2008/3/16 1:00,7212.33,23.72,TRADE
NSW1,2008/3/16 1:30,6874.63,23.88,TRADE
NSW1,2008/3/16 2:00,6630.9,22.12,TRADE
NSW1,2008/3/16 2:30,6506.73,20.07,TRADE
NSW1,2008/3/16 3:00,6426.76,20,TRADE
NSW1,2008/3/16 3:30,6375.02,20,TRADE
NSW1,2008/3/16 4:00,6350.28,20,TRADE
NSW1,2008/3/16 4:30,6433.06,20,TRADE
NSW1,2008/3/16 5:00,6468.03,20,TRADE
NSW1,2008/3/16 5:30,6655.22,20,TRADE
NSW1,2008/3/16 6:00,6751.52,20,TRADE
NSW1,2008/3/16 6:30,6930.36,20,TRADE
NSW1,2008/3/16 7:00,7205.79,20,TRADE
NSW1,2008/3/16 7:30,7614.94,20,TRADE
NSW1,2008/3/16 8:00,7908.02,22.46,TRADE
NSW1,2008/3/16 8:30,8323.83,25.97,TRADE
NSW1,2008/3/16 9:00,8538.28,29.31,TRADE
NSW1,2008/3/16 9:30,8786.76,32.4,TRADE
NSW1,2008/3/16 10:00,8850.46,34.53,TRADE
NSW1,2008/3/16 10:30,8954.98,43.18,TRADE
NSW1,2008/3/16 11:00,9016.13,45,TRADE
NSW1,2008/3/16 11:30,9014.06,56.6,TRADE
NSW1,2008/3/16 12:00,9107.24,62.45,TRADE
NSW1,2008/3/16 12:30,9119.33,72.15,TRADE
NSW1,2008/3/16 13:00,9128.81,75.24,TRADE
NSW1,2008/3/16 13:30,9171.49,70.62,TRADE
NSW1,2008/3/16 14:00,9269.3,72.22,TRADE
NSW1,2008/3/16 14:30,9355.6,69.82,TRADE
NSW1,2008/3/16 15:00,9450.88,64.42,TRADE
NSW1,2008/3/16 15:30,9500.03,57.75,TRADE
NSW1,2008/3/16 16:00,9487,45.01,TRADE
NSW1,2008/3/16 16:30,9420.01,51.5,TRADE
NSW1,2008/3/16 17:00,9392.94,39.45,TRADE
NSW1,2008/3/16 17:30,9377.33,51.54,TRADE
NSW1,2008/3/16 18:00,9301.11,78.21,TRADE
NSW1,2008/3/16 18:30,9275.32,73.87,TRADE
NSW1,2008/3/16 19:00,9418.83,65.43,TRADE
NSW1,2008/3/16 19:30,9296.65,63.12,TRADE
NSW1,2008/3/16 20:00,9129.75,57.56,TRADE
NSW1,2008/3/16 20:30,8844.72,37.83,TRADE
NSW1,2008/3/16 21:00,8486.67,31.16,TRADE
NSW1,2008/3/16 21:30,8364.41,34.19,TRADE
NSW1,2008/3/16 22:00,8154.05,26.81,TRADE
NSW1,2008/3/16 22:30,7932.39,25.61,TRADE
NSW1,2008/3/16 23:00,7740.25,24.51,TRADE
NSW1,2008/3/16 23:30,7580.42,24.87,TRADE
NSW1,2008/3/17 0:00,7371.06,24.5,TRADE
NSW1,2008/3/17 0:30,7279.16,24.13,TRADE
NSW1,2008/3/17 1:00,7146.42,23.56,TRADE
NSW1,2008/3/17 1:30,6895.81,24.81,TRADE
NSW1,2008/3/17 2:00,6683.51,21.36,TRADE
NSW1,2008/3/17 2:30,6543.61,20,TRADE
NSW1,2008/3/17 3:00,6523.49,20,TRADE
NSW1,2008/3/17 3:30,6504.92,20,TRADE
NSW1,2008/3/17 4:00,6595.8,20,TRADE
NSW1,2008/3/17 4:30,6851.57,20.41,TRADE
NSW1,2008/3/17 5:00,7214.4,23.85,TRADE
NSW1,2008/3/17 5:30,7914.21,27.96,TRADE
NSW1,2008/3/17 6:00,8550.85,32.45,TRADE
NSW1,2008/3/17 6:30,8988.87,35.79,TRADE
NSW1,2008/3/17 7:00,9416.85,45.2,TRADE
NSW1,2008/3/17 7:30,9679.11,34.74,TRADE
NSW1,2008/3/17 8:00,9833.45,35.96,TRADE
NSW1,2008/3/17 8:30,10179.23,41.07,TRADE
NSW1,2008/3/17 9:00,10310.6,53.35,TRADE
NSW1,2008/3/17 9:30,10513.49,63.61,TRADE
NSW1,2008/3/17 10:00,10578.29,65.46,TRADE
NSW1,2008/3/17 10:30,10498.08,65.44,TRADE
NSW1,2008/3/17 11:00,10595.3,74.91,TRADE
NSW1,2008/3/17 11:30,10737.84,85.94,TRADE
NSW1,2008/3/17 12:00,10625.19,73.07,TRADE
NSW1,2008/3/17 12:30,10763.91,52.28,TRADE
NSW1,2008/3/17 13:00,10790.87,88.16,TRADE
NSW1,2008/3/17 13:30,10903.68,86.88,TRADE
NSW1,2008/3/17 14:00,10879.19,91.82,TRADE
NSW1,2008/3/17 14:30,10943.35,98.45,TRADE
NSW1,2008/3/17 15:00,10957.56,503.11,TRADE
NSW1,2008/3/17 15:30,10979.52,353.23,TRADE
NSW1,2008/3/17 16:00,10988.17,1070.23,TRADE
NSW1,2008/3/17 16:30,10848.99,1068.07,TRADE
NSW1,2008/3/17 17:00,10726.84,87.83,TRADE
NSW1,2008/3/17 17:30,10414.66,57.93,TRADE
NSW1,2008/3/17 18:00,10280.53,55,TRADE
NSW1,2008/3/17 18:30,10065.43,91.07,TRADE
NSW1,2008/3/17 19:00,10151.8,99.95,TRADE
NSW1,2008/3/17 19:30,9977.5,91.44,TRADE
NSW1,2008/3/17 20:00,9710.64,71.7,TRADE
NSW1,2008/3/17 20:30,9417.88,58.39,TRADE
NSW1,2008/3/17 21:00,8990.88,38.92,TRADE
NSW1,2008/3/17 21:30,8918.15,48.55,TRADE
NSW1,2008/3/17 22:00,8676.2,32.51,TRADE
NSW1,2008/3/17 22:30,8567.7,31.79,TRADE
NSW1,2008/3/17 23:00,8383.16,28.85,TRADE
NSW1,2008/3/17 23:30,8229.54,27.79,TRADE
NSW1,2008/3/18 0:00,8103.97,26.66,TRADE
NSW1,2008/3/18 0:30,7843.64,24.72,TRADE
NSW1,2008/3/18 1:00,7561.35,25.24,TRADE
NSW1,2008/3/18 1:30,7239.16,25.06,TRADE
NSW1,2008/3/18 2:00,6989.11,24.31,TRADE
NSW1,2008/3/18 2:30,6824.74,23.86,TRADE
NSW1,2008/3/18 3:00,6703.46,22.28,TRADE
NSW1,2008/3/18 3:30,6694.97,23.97,TRADE
NSW1,2008/3/18 4:00,6807.42,25.73,TRADE
NSW1,2008/3/18 4:30,7050.47,26.57,TRADE
NSW1,2008/3/18 5:00,7332.05,28.63,TRADE
NSW1,2008/3/18 5:30,8019.97,30.1,TRADE
NSW1,2008/3/18 6:00,8676.96,37.27,TRADE
NSW1,2008/3/18 6:30,9080.51,35.41,TRADE
NSW1,2008/3/18 7:00,9417.04,58.57,TRADE
NSW1,2008/3/18 7:30,9587.56,36.61,TRADE
NSW1,2008/3/18 8:00,9800.42,42.15,TRADE
NSW1,2008/3/18 8:30,10079.76,61.23,TRADE
NSW1,2008/3/18 9:00,10293.61,63.99,TRADE
NSW1,2008/3/18 9:30,10424.12,75.75,TRADE
NSW1,2008/3/18 10:00,10531.76,83.8,TRADE
NSW1,2008/3/18 10:30,10572.71,87.33,TRADE
NSW1,2008/3/18 11:00,10660.72,87.54,TRADE
NSW1,2008/3/18 11:30,10684.32,88.87,TRADE
NSW1,2008/3/18 12:00,10788.57,89.17,TRADE
NSW1,2008/3/18 12:30,10855.46,88.8,TRADE
NSW1,2008/3/18 13:00,10915.27,89.27,TRADE
NSW1,2008/3/18 13:30,10965.96,89.62,TRADE
NSW1,2008/3/18 14:00,11045.04,90.26,TRADE
NSW1,2008/3/18 14:30,11098.62,90.92,TRADE
NSW1,2008/3/18 15:00,11196.99,91.61,TRADE
NSW1,2008/3/18 15:30,11292.42,92.03,TRADE
NSW1,2008/3/18 16:00,11263.26,83.71,TRADE
NSW1,2008/3/18 16:30,11231.87,68.76,TRADE
NSW1,2008/3/18 17:00,10992.6,60.63,TRADE
NSW1,2008/3/18 17:30,10648.25,38.84,TRADE
NSW1,2008/3/18 18:00,10419.6,36.66,TRADE
NSW1,2008/3/18 18:30,10185.44,41.56,TRADE
NSW1,2008/3/18 19:00,10304.64,46.85,TRADE
NSW1,2008/3/18 19:30,10174.82,39.89,TRADE
NSW1,2008/3/18 20:00,9938.37,35.29,TRADE
NSW1,2008/3/18 20:30,9579.3,34.02,TRADE
NSW1,2008/3/18 21:00,9214.81,32.06,TRADE
NSW1,2008/3/18 21:30,9114.48,31.47,TRADE
NSW1,2008/3/18 22:00,8881.51,26.46,TRADE
NSW1,2008/3/18 22:30,8753.83,29.78,TRADE
NSW1,2008/3/18 23:00,8569.91,28.47,TRADE
NSW1,2008/3/18 23:30,8335.51,28.63,TRADE
NSW1,2008/3/19 0:00,8127.02,27.72,TRADE
NSW1,2008/3/19 0:30,7915.5,24.46,TRADE
NSW1,2008/3/19 1:00,7663.75,24.72,TRADE
NSW1,2008/3/19 1:30,7375.89,24.88,TRADE
NSW1,2008/3/19 2:00,6984.11,22.21,TRADE
NSW1,2008/3/19 2:30,6733.18,20,TRADE
NSW1,2008/3/19 3:00,6626.63,20,TRADE
NSW1,2008/3/19 3:30,6664.16,20,TRADE
NSW1,2008/3/19 4:00,6751.93,20,TRADE
NSW1,2008/3/19 4:30,6987.16,20.82,TRADE
NSW1,2008/3/19 5:00,7328.53,22.65,TRADE
NSW1,2008/3/19 5:30,8027.75,27.92,TRADE
NSW1,2008/3/19 6:00,8674.36,30.31,TRADE
NSW1,2008/3/19 6:30,9073.04,32.46,TRADE
NSW1,2008/3/19 7:00,9478.59,40.27,TRADE
NSW1,2008/3/19 7:30,9660.96,38.38,TRADE
NSW1,2008/3/19 8:00,9806.78,35.59,TRADE
NSW1,2008/3/19 8:30,10132.71,36.28,TRADE
NSW1,2008/3/19 9:00,10307.09,36.14,TRADE
NSW1,2008/3/19 9:30,10395.82,39.83,TRADE
NSW1,2008/3/19 10:00,10420.07,45.46,TRADE
NSW1,2008/3/19 10:30,10410.9,39.04,TRADE
NSW1,2008/3/19 11:00,10421.43,45.39,TRADE
NSW1,2008/3/19 11:30,10471.58,45.95,TRADE
NSW1,2008/3/19 12:00,10535.15,50.04,TRADE
NSW1,2008/3/19 12:30,10634.87,61.3,TRADE
NSW1,2008/3/19 13:00,10659.36,65.05,TRADE
NSW1,2008/3/19 13:30,10700.57,64.8,TRADE
NSW1,2008/3/19 14:00,10666.34,58.32,TRADE
NSW1,2008/3/19 14:30,10629.81,52.53,TRADE
NSW1,2008/3/19 15:00,10629.74,51.38,TRADE
NSW1,2008/3/19 15:30,10628.19,52.74,TRADE
NSW1,2008/3/19 16:00,10590.91,55.81,TRADE
NSW1,2008/3/19 16:30,10504.77,50.27,TRADE
NSW1,2008/3/19 17:00,10361.59,41.88,TRADE
NSW1,2008/3/19 17:30,10050.17,35.24,TRADE
NSW1,2008/3/19 18:00,9956.49,35.31,TRADE
NSW1,2008/3/19 18:30,9919.29,43.47,TRADE
NSW1,2008/3/19 19:00,10015.34,43.2,TRADE
NSW1,2008/3/19 19:30,9871.22,45.93,TRADE
NSW1,2008/3/19 20:00,9669.13,40.94,TRADE
NSW1,2008/3/19 20:30,9301.28,32.74,TRADE
NSW1,2008/3/19 21:00,8950.97,31.61,TRADE
NSW1,2008/3/19 21:30,8924.63,31.18,TRADE
NSW1,2008/3/19 22:00,8774.22,27.51,TRADE
NSW1,2008/3/19 22:30,8711.48,27.21,TRADE
NSW1,2008/3/19 23:00,8522.51,28.33,TRADE
NSW1,2008/3/19 23:30,8295.13,28.38,TRADE
NSW1,2008/3/20 0:00,8121.08,24.93,TRADE
NSW1,2008/3/20 0:30,7871.16,24.3,TRADE
NSW1,2008/3/20 1:00,7612.6,24.93,TRADE
NSW1,2008/3/20 1:30,7292.36,25.07,TRADE
NSW1,2008/3/20 2:00,6982.45,23.04,TRADE
NSW1,2008/3/20 2:30,6799.14,20.74,TRADE
NSW1,2008/3/20 3:00,6701.88,20,TRADE
NSW1,2008/3/20 3:30,6693.54,20,TRADE
NSW1,2008/3/20 4:00,6776.33,20.02,TRADE
NSW1,2008/3/20 4:30,7030.76,20.2,TRADE
NSW1,2008/3/20 5:00,7314.74,22.68,TRADE
NSW1,2008/3/20 5:30,7974.83,27.11,TRADE
NSW1,2008/3/20 6:00,8546.8,28.87,TRADE
NSW1,2008/3/20 6:30,8987.71,31.71,TRADE
NSW1,2008/3/20 7:00,9385.33,36.24,TRADE
NSW1,2008/3/20 7:30,9553.94,35.11,TRADE
NSW1,2008/3/20 8:00,9671.35,31.22,TRADE
NSW1,2008/3/20 8:30,9924.38,33.52,TRADE
NSW1,2008/3/20 9:00,10126.55,33.31,TRADE
NSW1,2008/3/20 9:30,10269.37,31.73,TRADE
NSW1,2008/3/20 10:00,10379.03,33.64,TRADE
NSW1,2008/3/20 10:30,10422.97,34.95,TRADE
NSW1,2008/3/20 11:00,10548.35,36.25,TRADE
NSW1,2008/3/20 11:30,10588.49,36.45,TRADE
NSW1,2008/3/20 12:00,10630.19,36.71,TRADE
NSW1,2008/3/20 12:30,10741.8,41.74,TRADE
NSW1,2008/3/20 13:00,10815.81,41.77,TRADE
NSW1,2008/3/20 13:30,10926.89,41.1,TRADE
NSW1,2008/3/20 14:00,11031.16,44.31,TRADE
NSW1,2008/3/20 14:30,11093.96,37.62,TRADE
NSW1,2008/3/20 15:00,11156.16,36.97,TRADE
NSW1,2008/3/20 15:30,11203.92,37.42,TRADE
NSW1,2008/3/20 16:00,11136.42,41.56,TRADE
NSW1,2008/3/20 16:30,10998.09,37.39,TRADE
NSW1,2008/3/20 17:00,10922.84,39.9,TRADE
NSW1,2008/3/20 17:30,10585.95,32.48,TRADE
NSW1,2008/3/20 18:00,10439.96,29.34,TRADE
NSW1,2008/3/20 18:30,10334.23,29.56,TRADE
NSW1,2008/3/20 19:00,10338.24,30.13,TRADE
NSW1,2008/3/20 19:30,10080.04,31.83,TRADE
NSW1,2008/3/20 20:00,9877.93,31.32,TRADE
NSW1,2008/3/20 20:30,9425.64,30.71,TRADE
NSW1,2008/3/20 21:00,9012.83,25.41,TRADE
NSW1,2008/3/20 21:30,8989.91,24.21,TRADE
NSW1,2008/3/20 22:00,8697.36,22.82,TRADE
NSW1,2008/3/20 22:30,8627.4,28.15,TRADE
NSW1,2008/3/20 23:00,8358.04,23.92,TRADE
NSW1,2008/3/20 23:30,8082.33,25,TRADE
NSW1,2008/3/21 0:00,7884.97,24.79,TRADE
NSW1,2008/3/21 0:30,7639.4,20.33,TRADE
NSW1,2008/3/21 1:00,7404.12,20,TRADE
NSW1,2008/3/21 1:30,7101.15,20.68,TRADE
NSW1,2008/3/21 2:00,6759.16,20,TRADE
NSW1,2008/3/21 2:30,6550.18,19.67,TRADE
NSW1,2008/3/21 3:00,6435.99,18.9,TRADE
NSW1,2008/3/21 3:30,6405.51,19.55,TRADE
NSW1,2008/3/21 4:00,6351.63,18.44,TRADE
NSW1,2008/3/21 4:30,6387.83,19.73,TRADE
NSW1,2008/3/21 5:00,6437.68,19.95,TRADE
NSW1,2008/3/21 5:30,6614.36,20,TRADE
NSW1,2008/3/21 6:00,6739.82,20,TRADE
NSW1,2008/3/21 6:30,6867.87,20,TRADE
NSW1,2008/3/21 7:00,7047.1,20,TRADE
NSW1,2008/3/21 7:30,7368.15,20,TRADE
NSW1,2008/3/21 8:00,7609.38,20,TRADE
NSW1,2008/3/21 8:30,7878.9,22.88,TRADE
NSW1,2008/3/21 9:00,8057.21,24.24,TRADE
NSW1,2008/3/21 9:30,8179.25,24.96,TRADE
NSW1,2008/3/21 10:00,8174.61,24.22,TRADE
NSW1,2008/3/21 10:30,8154.22,24.59,TRADE
NSW1,2008/3/21 11:00,8171.67,24.04,TRADE
NSW1,2008/3/21 11:30,8155.94,24.72,TRADE
NSW1,2008/3/21 12:00,8105.44,23.98,TRADE
NSW1,2008/3/21 12:30,8054.48,21.66,TRADE
NSW1,2008/3/21 13:00,7966.57,20.37,TRADE
NSW1,2008/3/21 13:30,7792.19,20.16,TRADE
NSW1,2008/3/21 14:00,7748.14,21.21,TRADE
NSW1,2008/3/21 14:30,7779.96,22.57,TRADE
NSW1,2008/3/21 15:00,7772.23,23.69,TRADE
NSW1,2008/3/21 15:30,7820.75,23.39,TRADE
NSW1,2008/3/21 16:00,7893.19,21.72,TRADE
NSW1,2008/3/21 16:30,7970.71,21.93,TRADE
NSW1,2008/3/21 17:00,8190.74,25.7,TRADE
NSW1,2008/3/21 17:30,8249.9,25.09,TRADE
NSW1,2008/3/21 18:00,8199.92,24.49,TRADE
NSW1,2008/3/21 18:30,8250.11,24.81,TRADE
NSW1,2008/3/21 19:00,8244.5,25.09,TRADE
NSW1,2008/3/21 19:30,8152.27,24.9,TRADE
NSW1,2008/3/21 20:00,8004.35,22.48,TRADE
NSW1,2008/3/21 20:30,7823.5,20.25,TRADE
NSW1,2008/3/21 21:00,7618.99,20.19,TRADE
NSW1,2008/3/21 21:30,7731.12,21.2,TRADE
NSW1,2008/3/21 22:00,7752.36,20.25,TRADE
NSW1,2008/3/21 22:30,7836.29,23.61,TRADE
NSW1,2008/3/21 23:00,7763.68,23.37,TRADE
NSW1,2008/3/21 23:30,7633.77,25.33,TRADE
NSW1,2008/3/22 0:00,7511.26,25.16,TRADE
NSW1,2008/3/22 0:30,7341.31,20.06,TRADE
NSW1,2008/3/22 1:00,7131.63,20,TRADE
NSW1,2008/3/22 1:30,6830.35,20,TRADE
NSW1,2008/3/22 2:00,6502.08,19.72,TRADE
NSW1,2008/3/22 2:30,6311.31,19.05,TRADE
NSW1,2008/3/22 3:00,6205.97,17.32,TRADE
NSW1,2008/3/22 3:30,6153.7,16.01,TRADE
NSW1,2008/3/22 4:00,6099.45,15.15,TRADE
NSW1,2008/3/22 4:30,6168.57,16.25,TRADE
NSW1,2008/3/22 5:00,6301.63,16.99,TRADE
NSW1,2008/3/22 5:30,6426.92,19.17,TRADE
NSW1,2008/3/22 6:00,6665.73,20,TRADE
NSW1,2008/3/22 6:30,6865.72,20,TRADE
NSW1,2008/3/22 7:00,7266.1,20.27,TRADE
NSW1,2008/3/22 7:30,7658.42,20.02,TRADE
NSW1,2008/3/22 8:00,8063,21.68,TRADE
NSW1,2008/3/22 8:30,8455.1,25.15,TRADE
NSW1,2008/3/22 9:00,8512.99,25.09,TRADE
NSW1,2008/3/22 9:30,8584.62,25.09,TRADE
NSW1,2008/3/22 10:00,8559.67,25.09,TRADE
NSW1,2008/3/22 10:30,8557.55,25.08,TRADE
NSW1,2008/3/22 11:00,8428.42,25,TRADE
NSW1,2008/3/22 11:30,8305.1,25.03,TRADE
NSW1,2008/3/22 12:00,8333.96,24.97,TRADE
NSW1,2008/3/22 12:30,8240.83,24.96,TRADE
NSW1,2008/3/22 13:00,8205.15,25.05,TRADE
NSW1,2008/3/22 13:30,8113.42,24.2,TRADE
NSW1,2008/3/22 14:00,8120.21,25.06,TRADE
NSW1,2008/3/22 14:30,8081.2,24.48,TRADE
NSW1,2008/3/22 15:00,8133.4,24.54,TRADE
NSW1,2008/3/22 15:30,8098.21,25.03,TRADE
NSW1,2008/3/22 16:00,8164.43,24.65,TRADE
NSW1,2008/3/22 16:30,8079.34,24.54,TRADE
NSW1,2008/3/22 17:00,8174.75,25.09,TRADE
NSW1,2008/3/22 17:30,8203.1,24.44,TRADE
NSW1,2008/3/22 18:00,8205.67,24.73,TRADE
NSW1,2008/3/22 18:30,8315.05,25.07,TRADE
NSW1,2008/3/22 19:00,8342.27,25.09,TRADE
NSW1,2008/3/22 19:30,8185.56,24.6,TRADE
NSW1,2008/3/22 20:00,8093.88,23.05,TRADE
NSW1,2008/3/22 20:30,7879.19,21.88,TRADE
NSW1,2008/3/22 21:00,7699.68,20,TRADE
NSW1,2008/3/22 21:30,7760.48,20.2,TRADE
NSW1,2008/3/22 22:00,7695.6,20,TRADE
NSW1,2008/3/22 22:30,7661.92,21.02,TRADE
NSW1,2008/3/22 23:00,7531.86,21.42,TRADE
NSW1,2008/3/22 23:30,7346.86,23.42,TRADE
NSW1,2008/3/23 0:00,7177.04,20.45,TRADE
NSW1,2008/3/23 0:30,7050.71,20,TRADE
NSW1,2008/3/23 1:00,6804.64,19.39,TRADE
NSW1,2008/3/23 1:30,6456.11,18.89,TRADE
NSW1,2008/3/23 2:00,6248.86,16.65,TRADE
NSW1,2008/3/23 2:30,6111.58,13.2,TRADE
NSW1,2008/3/23 3:00,6031.12,15.05,TRADE
NSW1,2008/3/23 3:30,5983.74,16.21,TRADE
NSW1,2008/3/23 4:00,5990.13,15.51,TRADE
NSW1,2008/3/23 4:30,6028.02,15.51,TRADE
NSW1,2008/3/23 5:00,6072.01,14.94,TRADE
NSW1,2008/3/23 5:30,6229.59,17.1,TRADE
NSW1,2008/3/23 6:00,6352.31,17.37,TRADE
NSW1,2008/3/23 6:30,6491.03,16.42,TRADE
NSW1,2008/3/23 7:00,6798.16,19.55,TRADE
NSW1,2008/3/23 7:30,7190.53,19.89,TRADE
NSW1,2008/3/23 8:00,7477.61,20,TRADE
NSW1,2008/3/23 8:30,7796.86,20,TRADE
NSW1,2008/3/23 9:00,7879.1,20,TRADE
NSW1,2008/3/23 9:30,7966.6,20.81,TRADE
NSW1,2008/3/23 10:00,8026.67,23,TRADE
NSW1,2008/3/23 10:30,8045.89,23.29,TRADE
NSW1,2008/3/23 11:00,8076.62,22.62,TRADE
NSW1,2008/3/23 11:30,7979.76,22.36,TRADE
NSW1,2008/3/23 12:00,7952.57,22.88,TRADE
NSW1,2008/3/23 12:30,7852.8,20.68,TRADE
NSW1,2008/3/23 13:00,7789.63,21.3,TRADE
NSW1,2008/3/23 13:30,7692.82,20,TRADE
NSW1,2008/3/23 14:00,7654.05,20,TRADE
NSW1,2008/3/23 14:30,7666.62,20,TRADE
NSW1,2008/3/23 15:00,7688.12,20,TRADE
NSW1,2008/3/23 15:30,7760.11,21.67,TRADE
NSW1,2008/3/23 16:00,7737.48,23.28,TRADE
NSW1,2008/3/23 16:30,7734.11,24.86,TRADE
NSW1,2008/3/23 17:00,7825.11,25.18,TRADE
NSW1,2008/3/23 17:30,7912.9,24,TRADE
NSW1,2008/3/23 18:00,7979.49,25.07,TRADE
NSW1,2008/3/23 18:30,8196.01,25.76,TRADE
NSW1,2008/3/23 19:00,8307.7,25.48,TRADE
NSW1,2008/3/23 19:30,8164.33,25.09,TRADE
NSW1,2008/3/23 20:00,8069.03,23.73,TRADE
NSW1,2008/3/23 20:30,7843.12,23.95,TRADE
NSW1,2008/3/23 21:00,7649.65,21.38,TRADE
NSW1,2008/3/23 21:30,7636.91,20.01,TRADE
NSW1,2008/3/23 22:00,7595.53,20,TRADE
NSW1,2008/3/23 22:30,7631.67,20.49,TRADE
NSW1,2008/3/23 23:00,7478.42,20,TRADE
NSW1,2008/3/23 23:30,7307.73,20.55,TRADE
NSW1,2008/3/24 0:00,7149.18,20.33,TRADE
NSW1,2008/3/24 0:30,6942.25,19.8,TRADE
NSW1,2008/3/24 1:00,6746.9,19.82,TRADE
NSW1,2008/3/24 1:30,6531.72,19.39,TRADE
NSW1,2008/3/24 2:00,6312.03,18.29,TRADE
NSW1,2008/3/24 2:30,6175.31,17.22,TRADE
NSW1,2008/3/24 3:00,6088.12,15.61,TRADE
NSW1,2008/3/24 3:30,6068.3,15.95,TRADE
NSW1,2008/3/24 4:00,6064.27,15.88,TRADE
NSW1,2008/3/24 4:30,6168.17,16.24,TRADE
NSW1,2008/3/24 5:00,6267.47,17.38,TRADE
NSW1,2008/3/24 5:30,6461.75,16.89,TRADE
NSW1,2008/3/24 6:00,6658.83,19.5,TRADE
NSW1,2008/3/24 6:30,6760.46,18.57,TRADE
NSW1,2008/3/24 7:00,6985.35,20,TRADE
NSW1,2008/3/24 7:30,7331.81,20,TRADE
NSW1,2008/3/24 8:00,7648.11,20,TRADE
NSW1,2008/3/24 8:30,8075.05,22.54,TRADE
NSW1,2008/3/24 9:00,8268.42,25.31,TRADE
NSW1,2008/3/24 9:30,8578.82,26.03,TRADE
NSW1,2008/3/24 10:00,8627.94,25.4,TRADE
NSW1,2008/3/24 10:30,8588.45,25.09,TRADE
NSW1,2008/3/24 11:00,8612.51,25.42,TRADE
NSW1,2008/3/24 11:30,8612.25,24.82,TRADE
NSW1,2008/3/24 12:00,8635.08,24.8,TRADE
NSW1,2008/3/24 12:30,8594.15,25.09,TRADE
NSW1,2008/3/24 13:00,8584.45,27.23,TRADE
NSW1,2008/3/24 13:30,8566.95,25.1,TRADE
NSW1,2008/3/24 14:00,8593.82,24.55,TRADE
NSW1,2008/3/24 14:30,8583.03,25.34,TRADE
NSW1,2008/3/24 15:00,8678.93,25.16,TRADE
NSW1,2008/3/24 15:30,8711.71,25.65,TRADE
NSW1,2008/3/24 16:00,8736.94,24.68,TRADE
NSW1,2008/3/24 16:30,8748.43,25.37,TRADE
NSW1,2008/3/24 17:00,8829.06,25.12,TRADE
NSW1,2008/3/24 17:30,8792.09,25.15,TRADE
NSW1,2008/3/24 18:00,8832.73,25.39,TRADE
NSW1,2008/3/24 18:30,8913.4,25.74,TRADE
NSW1,2008/3/24 19:00,8903.2,25.71,TRADE
NSW1,2008/3/24 19:30,8728.55,24.46,TRADE
NSW1,2008/3/24 20:00,8461.52,22.88,TRADE
NSW1,2008/3/24 20:30,7968.03,20.02,TRADE
NSW1,2008/3/24 21:00,7669.2,20,TRADE
NSW1,2008/3/24 21:30,7984.32,20.61,TRADE
NSW1,2008/3/24 22:00,7940.94,20.49,TRADE
NSW1,2008/3/24 22:30,7982.45,22.19,TRADE
NSW1,2008/3/24 23:00,7885.64,23.02,TRADE
NSW1,2008/3/24 23:30,7771.91,24.58,TRADE
NSW1,2008/3/25 0:00,7668.36,23.97,TRADE
NSW1,2008/3/25 0:30,7496.7,20.05,TRADE
NSW1,2008/3/25 1:00,7320.47,20,TRADE
NSW1,2008/3/25 1:30,6975.05,19.93,TRADE
NSW1,2008/3/25 2:00,6671.61,16.38,TRADE
NSW1,2008/3/25 2:30,6514.77,13.27,TRADE
NSW1,2008/3/25 3:00,6406.02,14.81,TRADE
NSW1,2008/3/25 3:30,6371.63,13.67,TRADE
NSW1,2008/3/25 4:00,6457.32,15.76,TRADE
NSW1,2008/3/25 4:30,6669.54,16.68,TRADE
NSW1,2008/3/25 5:00,6965.62,19.31,TRADE
NSW1,2008/3/25 5:30,7580.37,23.25,TRADE
NSW1,2008/3/25 6:00,8247.8,27.25,TRADE
NSW1,2008/3/25 6:30,8653.88,27.85,TRADE
NSW1,2008/3/25 7:00,9100.96,28.4,TRADE
NSW1,2008/3/25 7:30,9300.68,25.17,TRADE
NSW1,2008/3/25 8:00,9477.91,25.81,TRADE
NSW1,2008/3/25 8:30,9708.84,26.22,TRADE
NSW1,2008/3/25 9:00,9875.04,26.38,TRADE
NSW1,2008/3/25 9:30,9940.25,26.61,TRADE
NSW1,2008/3/25 10:00,9964.6,26.56,TRADE
NSW1,2008/3/25 10:30,9919.87,26.03,TRADE
NSW1,2008/3/25 11:00,10017.07,26.31,TRADE
NSW1,2008/3/25 11:30,10022.45,26.22,TRADE
NSW1,2008/3/25 12:00,10091.94,26.67,TRADE
NSW1,2008/3/25 12:30,10107.11,26.88,TRADE
NSW1,2008/3/25 13:00,10118.49,26.85,TRADE
NSW1,2008/3/25 13:30,10148.59,27.36,TRADE
NSW1,2008/3/25 14:00,10129.42,26.33,TRADE
NSW1,2008/3/25 14:30,10082.47,28.96,TRADE
NSW1,2008/3/25 15:00,10162.28,30.53,TRADE
NSW1,2008/3/25 15:30,10084.93,30.06,TRADE
NSW1,2008/3/25 16:00,10064.28,29.62,TRADE
NSW1,2008/3/25 16:30,9950.45,26.5,TRADE
NSW1,2008/3/25 17:00,9905.41,26.29,TRADE
NSW1,2008/3/25 17:30,9723.28,26.33,TRADE
NSW1,2008/3/25 18:00,9674.77,26.47,TRADE
NSW1,2008/3/25 18:30,9665.73,26.84,TRADE
NSW1,2008/3/25 19:00,9531.2,27.05,TRADE
NSW1,2008/3/25 19:30,9390.06,28.12,TRADE
NSW1,2008/3/25 20:00,9129.67,25.25,TRADE
NSW1,2008/3/25 20:30,8831.86,24.57,TRADE
NSW1,2008/3/25 21:00,8517.26,24.09,TRADE
NSW1,2008/3/25 21:30,8534.15,24.4,TRADE
NSW1,2008/3/25 22:00,8347.3,23.97,TRADE
NSW1,2008/3/25 22:30,8341.56,26.38,TRADE
NSW1,2008/3/25 23:00,8181.37,24.1,TRADE
NSW1,2008/3/25 23:30,8000.85,27.32,TRADE
NSW1,2008/3/26 0:00,7832.5,26.16,TRADE
NSW1,2008/3/26 0:30,7673.08,24.63,TRADE
NSW1,2008/3/26 1:00,7446.73,23.02,TRADE
NSW1,2008/3/26 1:30,7138.47,23.36,TRADE
NSW1,2008/3/26 2:00,6731.65,19.15,TRADE
NSW1,2008/3/26 2:30,6574.19,17.69,TRADE
NSW1,2008/3/26 3:00,6467.82,15.88,TRADE
NSW1,2008/3/26 3:30,6482.46,16.28,TRADE
NSW1,2008/3/26 4:00,6525.47,16.8,TRADE
NSW1,2008/3/26 4:30,6740.05,19.94,TRADE
NSW1,2008/3/26 5:00,7030.28,21.18,TRADE
NSW1,2008/3/26 5:30,7714.49,24.89,TRADE
NSW1,2008/3/26 6:00,8333.4,25.96,TRADE
NSW1,2008/3/26 6:30,8748.63,29.91,TRADE
NSW1,2008/3/26 7:00,9115.79,31.41,TRADE
NSW1,2008/3/26 7:30,9294.96,28.24,TRADE
NSW1,2008/3/26 8:00,9386.79,28.25,TRADE
NSW1,2008/3/26 8:30,9661.21,31.7,TRADE
NSW1,2008/3/26 9:00,9785,32.34,TRADE
NSW1,2008/3/26 9:30,9897.11,33.08,TRADE
NSW1,2008/3/26 10:00,9887.18,32.7,TRADE
NSW1,2008/3/26 10:30,9928.41,33.34,TRADE
NSW1,2008/3/26 11:00,9922.36,33.12,TRADE
NSW1,2008/3/26 11:30,9971.52,31.26,TRADE
NSW1,2008/3/26 12:00,9982.14,33.41,TRADE
NSW1,2008/3/26 12:30,9977.79,30.54,TRADE
NSW1,2008/3/26 13:00,9950.08,30.49,TRADE
NSW1,2008/3/26 13:30,9970.71,30.05,TRADE
NSW1,2008/3/26 14:00,9971.53,30.64,TRADE
NSW1,2008/3/26 14:30,9954.37,33.4,TRADE
NSW1,2008/3/26 15:00,9974.13,32.31,TRADE
NSW1,2008/3/26 15:30,9987.21,33.59,TRADE
NSW1,2008/3/26 16:00,9941.81,30.95,TRADE
NSW1,2008/3/26 16:30,9845.38,30.77,TRADE
NSW1,2008/3/26 17:00,9757.96,29.22,TRADE
NSW1,2008/3/26 17:30,9524.19,28.94,TRADE
NSW1,2008/3/26 18:00,9508.25,30,TRADE
NSW1,2008/3/26 18:30,9610.02,31.24,TRADE
NSW1,2008/3/26 19:00,9618.94,31.04,TRADE
NSW1,2008/3/26 19:30,9493.93,31.99,TRADE
NSW1,2008/3/26 20:00,9227.31,30.32,TRADE
NSW1,2008/3/26 20:30,8877.75,26.87,TRADE
NSW1,2008/3/26 21:00,8632.53,26.3,TRADE
NSW1,2008/3/26 21:30,8576.25,24.87,TRADE
NSW1,2008/3/26 22:00,8397.54,20.36,TRADE
NSW1,2008/3/26 22:30,8375.94,26.77,TRADE
NSW1,2008/3/26 23:00,8221.23,26.55,TRADE
NSW1,2008/3/26 23:30,8041.64,27.28,TRADE
NSW1,2008/3/27 0:00,7836.94,24.67,TRADE
NSW1,2008/3/27 0:30,7656.44,22.8,TRADE
NSW1,2008/3/27 1:00,7488.01,21.06,TRADE
NSW1,2008/3/27 1:30,7149.85,23.55,TRADE
NSW1,2008/3/27 2:00,6863.41,20,TRADE
NSW1,2008/3/27 2:30,6645.51,18.2,TRADE
NSW1,2008/3/27 3:00,6520.33,15.02,TRADE
NSW1,2008/3/27 3:30,6480.33,14.63,TRADE
NSW1,2008/3/27 4:00,6581.76,14.8,TRADE
NSW1,2008/3/27 4:30,6833.63,20,TRADE
NSW1,2008/3/27 5:00,7138.67,20,TRADE
NSW1,2008/3/27 5:30,7750.17,22.26,TRADE
NSW1,2008/3/27 6:00,8368.63,26.41,TRADE
NSW1,2008/3/27 6:30,8784.06,30.72,TRADE
NSW1,2008/3/27 7:00,9109.61,32.66,TRADE
NSW1,2008/3/27 7:30,9203.56,26.41,TRADE
NSW1,2008/3/27 8:00,9226.12,25.49,TRADE
NSW1,2008/3/27 8:30,9448.26,23.82,TRADE
NSW1,2008/3/27 9:00,9499.12,26.68,TRADE
NSW1,2008/3/27 9:30,9552.68,25.3,TRADE
NSW1,2008/3/27 10:00,9544.39,25.09,TRADE
NSW1,2008/3/27 10:30,9545.25,24.66,TRADE
NSW1,2008/3/27 11:00,9586.57,25.09,TRADE
NSW1,2008/3/27 11:30,9537.82,23.97,TRADE
NSW1,2008/3/27 12:00,9492.99,26.35,TRADE
NSW1,2008/3/27 12:30,9534.79,25.05,TRADE
NSW1,2008/3/27 13:00,9461.09,24.43,TRADE
NSW1,2008/3/27 13:30,9492.23,25.07,TRADE
NSW1,2008/3/27 14:00,9469.47,25.06,TRADE
NSW1,2008/3/27 14:30,9372.05,25.47,TRADE
NSW1,2008/3/27 15:00,9447.36,25.05,TRADE
NSW1,2008/3/27 15:30,9429.44,25.71,TRADE
NSW1,2008/3/27 16:00,9404.91,26.57,TRADE
NSW1,2008/3/27 16:30,9346.86,26.38,TRADE
NSW1,2008/3/27 17:00,9374.48,26.27,TRADE
NSW1,2008/3/27 17:30,9325.56,26.59,TRADE
NSW1,2008/3/27 18:00,9339.79,27.1,TRADE
NSW1,2008/3/27 18:30,9447.03,28.92,TRADE
NSW1,2008/3/27 19:00,9522.04,29.91,TRADE
NSW1,2008/3/27 19:30,9362.33,30.04,TRADE
NSW1,2008/3/27 20:00,9180,27.08,TRADE
NSW1,2008/3/27 20:30,8840.6,25.26,TRADE
NSW1,2008/3/27 21:00,8470.32,23.99,TRADE
NSW1,2008/3/27 21:30,8421.47,24.09,TRADE
NSW1,2008/3/27 22:00,8274.07,21.13,TRADE
NSW1,2008/3/27 22:30,8277.95,25.36,TRADE
NSW1,2008/3/27 23:00,8164.52,24.15,TRADE
NSW1,2008/3/27 23:30,8011.51,25.32,TRADE
NSW1,2008/3/28 0:00,7853.77,24.88,TRADE
NSW1,2008/3/28 0:30,7666.92,23.12,TRADE
NSW1,2008/3/28 1:00,7493.14,20.81,TRADE
NSW1,2008/3/28 1:30,7169.19,22.59,TRADE
NSW1,2008/3/28 2:00,6832.14,18.97,TRADE
NSW1,2008/3/28 2:30,6671.2,18.74,TRADE
NSW1,2008/3/28 3:00,6522.14,15.26,TRADE
NSW1,2008/3/28 3:30,6513.23,16.29,TRADE
NSW1,2008/3/28 4:00,6564.56,16.58,TRADE
NSW1,2008/3/28 4:30,6809.47,19.06,TRADE
NSW1,2008/3/28 5:00,7079.71,19.9,TRADE
NSW1,2008/3/28 5:30,7710.75,23.54,TRADE
NSW1,2008/3/28 6:00,8377.26,27.15,TRADE
NSW1,2008/3/28 6:30,8725.19,30.58,TRADE
NSW1,2008/3/28 7:00,9134.21,32.14,TRADE
NSW1,2008/3/28 7:30,9280.13,26.13,TRADE
NSW1,2008/3/28 8:00,9327.38,26.13,TRADE
NSW1,2008/3/28 8:30,9456.67,26.21,TRADE
NSW1,2008/3/28 9:00,9608.39,26.16,TRADE
NSW1,2008/3/28 9:30,9636.68,26.21,TRADE
NSW1,2008/3/28 10:00,9691.54,26.15,TRADE
NSW1,2008/3/28 10:30,9622.95,25.45,TRADE
NSW1,2008/3/28 11:00,9609.61,25.71,TRADE
NSW1,2008/3/28 11:30,9568.14,25.66,TRADE
NSW1,2008/3/28 12:00,9512.16,25.76,TRADE
NSW1,2008/3/28 12:30,9426.38,25.62,TRADE
NSW1,2008/3/28 13:00,9370.39,25.5,TRADE
NSW1,2008/3/28 13:30,9447.94,25.85,TRADE
NSW1,2008/3/28 14:00,9314.48,25.84,TRADE
NSW1,2008/3/28 14:30,9290.79,26.28,TRADE
NSW1,2008/3/28 15:00,9288.74,26.37,TRADE
NSW1,2008/3/28 15:30,9352.31,26.43,TRADE
NSW1,2008/3/28 16:00,9331.83,27.1,TRADE
NSW1,2008/3/28 16:30,9262.22,26.96,TRADE
NSW1,2008/3/28 17:00,9144.39,26.11,TRADE
NSW1,2008/3/28 17:30,8992.52,26.16,TRADE
NSW1,2008/3/28 18:00,9001.79,26.01,TRADE
NSW1,2008/3/28 18:30,9064.46,26.15,TRADE
NSW1,2008/3/28 19:00,9125.79,30.13,TRADE
NSW1,2008/3/28 19:30,8973.26,29.12,TRADE
NSW1,2008/3/28 20:00,8778.92,25.3,TRADE
NSW1,2008/3/28 20:30,8571.21,25.15,TRADE
NSW1,2008/3/28 21:00,8325.79,25.93,TRADE
NSW1,2008/3/28 21:30,8417.72,28.69,TRADE
NSW1,2008/3/28 22:00,8355.69,25.27,TRADE
NSW1,2008/3/28 22:30,8418.33,30.28,TRADE
NSW1,2008/3/28 23:00,8253.07,28.37,TRADE
NSW1,2008/3/28 23:30,8157.94,29.82,TRADE
NSW1,2008/3/29 0:00,7980.47,29.64,TRADE
NSW1,2008/3/29 0:30,7756.48,24.52,TRADE
NSW1,2008/3/29 1:00,7469,23.14,TRADE
NSW1,2008/3/29 1:30,7102.06,22.4,TRADE
NSW1,2008/3/29 2:00,6809.02,20,TRADE
NSW1,2008/3/29 2:30,6539.2,19.46,TRADE
NSW1,2008/3/29 3:00,6461.67,17.27,TRADE
NSW1,2008/3/29 3:30,6361.53,15.2,TRADE
NSW1,2008/3/29 4:00,6346.63,13.57,TRADE
NSW1,2008/3/29 4:30,6440.19,17.61,TRADE
NSW1,2008/3/29 5:00,6557.04,19.76,TRADE
NSW1,2008/3/29 5:30,6809.35,20,TRADE
NSW1,2008/3/29 6:00,7006.79,20,TRADE
NSW1,2008/3/29 6:30,7326.17,22.4,TRADE
NSW1,2008/3/29 7:00,7748.65,24.57,TRADE
NSW1,2008/3/29 7:30,8156.05,25.89,TRADE
NSW1,2008/3/29 8:00,8474.11,26.12,TRADE
NSW1,2008/3/29 8:30,8798.77,30,TRADE
NSW1,2008/3/29 9:00,8888.56,30.58,TRADE
NSW1,2008/3/29 9:30,8953.11,33.08,TRADE
NSW1,2008/3/29 10:00,8893.76,32.3,TRADE
NSW1,2008/3/29 10:30,8847.81,31.5,TRADE
NSW1,2008/3/29 11:00,8773.17,30.85,TRADE
NSW1,2008/3/29 11:30,8706.99,29.63,TRADE
NSW1,2008/3/29 12:00,8650.44,27.99,TRADE
NSW1,2008/3/29 12:30,8555.42,25.04,TRADE
NSW1,2008/3/29 13:00,8481.54,24.98,TRADE
NSW1,2008/3/29 13:30,8351.28,25.07,TRADE
NSW1,2008/3/29 14:00,8328.15,25.25,TRADE
NSW1,2008/3/29 14:30,8286.98,25.09,TRADE
NSW1,2008/3/29 15:00,8299.73,25.1,TRADE
NSW1,2008/3/29 15:30,8264.4,25.1,TRADE
NSW1,2008/3/29 16:00,8257.96,25.12,TRADE
NSW1,2008/3/29 16:30,8200.97,25.09,TRADE
NSW1,2008/3/29 17:00,8243.16,25.18,TRADE
NSW1,2008/3/29 17:30,8252.37,25.09,TRADE
NSW1,2008/3/29 18:00,8300.32,24.86,TRADE
NSW1,2008/3/29 18:30,8442.39,27.72,TRADE
NSW1,2008/3/29 19:00,8451.28,26.32,TRADE
NSW1,2008/3/29 19:30,7996.66,24.87,TRADE
NSW1,2008/3/29 20:00,7851.62,25.27,TRADE
NSW1,2008/3/29 20:30,7805.6,25.26,TRADE
NSW1,2008/3/29 21:00,7680.48,24.56,TRADE
NSW1,2008/3/29 21:30,7766.34,24.7,TRADE
NSW1,2008/3/29 22:00,7688.42,25.48,TRADE
NSW1,2008/3/29 22:30,7720.46,24.08,TRADE
NSW1,2008/3/29 23:00,7590.58,24.87,TRADE
NSW1,2008/3/29 23:30,7407.29,25.63,TRADE
NSW1,2008/3/30 0:00,7296.05,26.41,TRADE
NSW1,2008/3/30 0:30,7076.92,23.89,TRADE
NSW1,2008/3/30 1:00,6946.63,22.9,TRADE
NSW1,2008/3/30 1:30,6667.01,20.17,TRADE
NSW1,2008/3/30 2:00,6430.89,19.79,TRADE
NSW1,2008/3/30 2:30,6255.59,20,TRADE
NSW1,2008/3/30 3:00,6186.67,19.69,TRADE
NSW1,2008/3/30 3:30,6135.81,16.01,TRADE
NSW1,2008/3/30 4:00,6121.51,17.56,TRADE
NSW1,2008/3/30 4:30,6167.28,13.46,TRADE
NSW1,2008/3/30 5:00,6230.81,16.15,TRADE
NSW1,2008/3/30 5:30,6387.25,20,TRADE
NSW1,2008/3/30 6:00,6539.92,17.41,TRADE
NSW1,2008/3/30 6:30,6698.52,17.86,TRADE
NSW1,2008/3/30 7:00,7017.77,20,TRADE
NSW1,2008/3/30 7:30,7384.84,21.66,TRADE
NSW1,2008/3/30 8:00,7695.05,22.03,TRADE
NSW1,2008/3/30 8:30,7975.22,24.85,TRADE
NSW1,2008/3/30 9:00,8148.82,25.07,TRADE
NSW1,2008/3/30 9:30,8272.53,25.1,TRADE
NSW1,2008/3/30 10:00,8277.76,25.1,TRADE
NSW1,2008/3/30 10:30,8219.27,24.83,TRADE
NSW1,2008/3/30 11:00,8211.58,25.07,TRADE
NSW1,2008/3/30 11:30,8136.05,24.58,TRADE
NSW1,2008/3/30 12:00,8136.31,24.73,TRADE
NSW1,2008/3/30 12:30,8046.37,24.65,TRADE
NSW1,2008/3/30 13:00,7992.53,24.27,TRADE
NSW1,2008/3/30 13:30,7935.02,25.05,TRADE
NSW1,2008/3/30 14:00,7937.87,25.01,TRADE
NSW1,2008/3/30 14:30,7972.14,25.08,TRADE
NSW1,2008/3/30 15:00,7954.64,24.82,TRADE
NSW1,2008/3/30 15:30,8004.93,25.06,TRADE
NSW1,2008/3/30 16:00,7997.88,25.07,TRADE
NSW1,2008/3/30 16:30,8034.27,25.06,TRADE
NSW1,2008/3/30 17:00,8150.42,25.2,TRADE
NSW1,2008/3/30 17:30,8234.66,25.01,TRADE
NSW1,2008/3/30 18:00,8387.11,25.5,TRADE
NSW1,2008/3/30 18:30,8637.39,28.4,TRADE
NSW1,2008/3/30 19:00,8674.5,27.46,TRADE
NSW1,2008/3/30 19:30,8552.96,26.61,TRADE
NSW1,2008/3/30 20:00,8408.45,25.45,TRADE
NSW1,2008/3/30 20:30,8157.68,24.65,TRADE
NSW1,2008/3/30 21:00,7893.93,25.07,TRADE
NSW1,2008/3/30 21:30,7787.84,24.08,TRADE
NSW1,2008/3/30 22:00,7633.81,22.04,TRADE
NSW1,2008/3/30 22:30,7602.44,23.17,TRADE
NSW1,2008/3/30 23:00,7427.84,22.26,TRADE
NSW1,2008/3/30 23:30,7227.01,24.92,TRADE
NSW1,2008/3/31 0:00,7163.43,25.35,TRADE
NSW1,2008/3/31 0:30,7058.98,22.32,TRADE
NSW1,2008/3/31 1:00,6937.11,20.83,TRADE
NSW1,2008/3/31 1:30,6701.48,24.34,TRADE
NSW1,2008/3/31 2:00,6461.21,20,TRADE
NSW1,2008/3/31 2:30,6394,20,TRADE
NSW1,2008/3/31 3:00,6298.13,18.82,TRADE
NSW1,2008/3/31 3:30,6321.2,16.78,TRADE
NSW1,2008/3/31 4:00,6374.74,17.28,TRADE
NSW1,2008/3/31 4:30,6630.51,19.39,TRADE
NSW1,2008/3/31 5:00,6946.48,22.56,TRADE
NSW1,2008/3/31 5:30,7617.07,29.24,TRADE
NSW1,2008/3/31 6:00,8322.08,30.83,TRADE
NSW1,2008/3/31 6:30,8800.2,32.87,TRADE
NSW1,2008/3/31 7:00,9221.87,29.65,TRADE
NSW1,2008/3/31 7:30,9252.93,25.32,TRADE
NSW1,2008/3/31 8:00,9252.92,24.73,TRADE
NSW1,2008/3/31 8:30,9446.05,25.08,TRADE
NSW1,2008/3/31 9:00,9523.84,25.27,TRADE
NSW1,2008/3/31 9:30,9616.98,25.1,TRADE
NSW1,2008/3/31 10:00,9601.81,24.29,TRADE
NSW1,2008/3/31 10:30,9551.94,25.09,TRADE
NSW1,2008/3/31 11:00,9628.68,25.1,TRADE
NSW1,2008/3/31 11:30,9518.35,25.1,TRADE
NSW1,2008/3/31 12:00,9489.24,25.1,TRADE
NSW1,2008/3/31 12:30,9580.21,25.11,TRADE
NSW1,2008/3/31 13:00,9578.42,25.34,TRADE
NSW1,2008/3/31 13:30,9613.71,25.48,TRADE
NSW1,2008/3/31 14:00,9531.22,24.58,TRADE
NSW1,2008/3/31 14:30,9513.87,25.09,TRADE
NSW1,2008/3/31 15:00,9548.78,25.1,TRADE
NSW1,2008/3/31 15:30,9603.7,25.1,TRADE
NSW1,2008/3/31 16:00,9567.74,25.09,TRADE
NSW1,2008/3/31 16:30,9532.08,25.2,TRADE
NSW1,2008/3/31 17:00,9558.45,26.32,TRADE
NSW1,2008/3/31 17:30,9362.18,26.21,TRADE
NSW1,2008/3/31 18:00,9402.88,26.37,TRADE
NSW1,2008/3/31 18:30,9451.86,28.92,TRADE
NSW1,2008/3/31 19:00,9492.2,30.87,TRADE
NSW1,2008/3/31 19:30,9301.75,29.79,TRADE
NSW1,2008/3/31 20:00,9098.85,25.93,TRADE
NSW1,2008/3/31 20:30,8793.81,25.2,TRADE
NSW1,2008/3/31 21:00,8461.8,25.16,TRADE
NSW1,2008/3/31 21:30,8392.57,25.15,TRADE
NSW1,2008/3/31 22:00,8265.78,24.33,TRADE
NSW1,2008/3/31 22:30,8295.51,25.76,TRADE
NSW1,2008/3/31 23:00,8185.97,24.85,TRADE
NSW1,2008/3/31 23:30,8055.53,28.01,TRADE
NSW1,2008/4/1 0:00,7953.54,26.26,TRADE
?NSW1,2008/4/1 0:30,7817.85,24.89,TRADE
NSW1,2008/4/1 1:00,7640.94,25.06,TRADE
NSW1,2008/4/1 1:30,7326.51,25.62,TRADE
NSW1,2008/4/1 2:00,6990.7,23.25,TRADE
NSW1,2008/4/1 2:30,6746.94,20.94,TRADE
NSW1,2008/4/1 3:00,6652.35,22.51,TRADE
NSW1,2008/4/1 3:30,6569.84,20,TRADE
NSW1,2008/4/1 4:00,6588.1,20.79,TRADE
NSW1,2008/4/1 4:30,6839.59,21.34,TRADE
NSW1,2008/4/1 5:00,7158.63,24.47,TRADE
NSW1,2008/4/1 5:30,7862.77,33.36,TRADE
NSW1,2008/4/1 6:00,8542.68,41.78,TRADE
NSW1,2008/4/1 6:30,8989.23,42.18,TRADE
NSW1,2008/4/1 7:00,9373.93,62.56,TRADE
NSW1,2008/4/1 7:30,9410.07,30.79,TRADE
NSW1,2008/4/1 8:00,9332.69,26.27,TRADE
NSW1,2008/4/1 8:30,9422.51,29.43,TRADE
NSW1,2008/4/1 9:00,9532.19,29.25,TRADE
NSW1,2008/4/1 9:30,9602.11,31.57,TRADE
NSW1,2008/4/1 10:00,9638.43,31.67,TRADE
NSW1,2008/4/1 10:30,9630.85,31.95,TRADE
NSW1,2008/4/1 11:00,9659.99,33.6,TRADE
NSW1,2008/4/1 11:30,9633.34,33.64,TRADE
NSW1,2008/4/1 12:00,9681.06,34.45,TRADE
NSW1,2008/4/1 12:30,9636.74,33.94,TRADE
NSW1,2008/4/1 13:00,9670.68,34.51,TRADE
NSW1,2008/4/1 13:30,9661.16,34.43,TRADE
NSW1,2008/4/1 14:00,9650.2,34.43,TRADE
NSW1,2008/4/1 14:30,9599.64,33.96,TRADE
NSW1,2008/4/1 15:00,9646.09,34.33,TRADE
NSW1,2008/4/1 15:30,9620.41,32.79,TRADE
NSW1,2008/4/1 16:00,9661.08,32.35,TRADE
NSW1,2008/4/1 16:30,9595.35,29.01,TRADE
NSW1,2008/4/1 17:00,9454.48,26.41,TRADE
NSW1,2008/4/1 17:30,9425.52,26.44,TRADE
NSW1,2008/4/1 18:00,9431.29,27.63,TRADE
NSW1,2008/4/1 18:30,9582.49,32.63,TRADE
NSW1,2008/4/1 19:00,9515.64,30.9,TRADE
NSW1,2008/4/1 19:30,9324.66,30.13,TRADE
NSW1,2008/4/1 20:00,9120.06,25.73,TRADE
NSW1,2008/4/1 20:30,8830.89,24.62,TRADE
NSW1,2008/4/1 21:00,8556.16,25.09,TRADE
NSW1,2008/4/1 21:30,8504.55,25.34,TRADE
NSW1,2008/4/1 22:00,8316.3,24.95,TRADE
NSW1,2008/4/1 22:30,8254.01,26.04,TRADE
NSW1,2008/4/1 23:00,8170.48,25.12,TRADE
NSW1,2008/4/1 23:30,7993.87,27.08,TRADE
NSW1,2008/4/2 0:00,7950.9,25.66,TRADE
NSW1,2008/4/2 0:30,7802.43,24.82,TRADE
NSW1,2008/4/2 1:00,7543.63,24.58,TRADE
NSW1,2008/4/2 1:30,7274.39,23.76,TRADE
NSW1,2008/4/2 2:00,6909.9,20.75,TRADE
NSW1,2008/4/2 2:30,6663.71,20.28,TRADE
NSW1,2008/4/2 3:00,6515.29,19.43,TRADE
NSW1,2008/4/2 3:30,6479.07,19.53,TRADE
NSW1,2008/4/2 4:00,6528.73,19.66,TRADE
NSW1,2008/4/2 4:30,6734.2,21.81,TRADE
NSW1,2008/4/2 5:00,7066.79,21.13,TRADE
NSW1,2008/4/2 5:30,7755.72,25.39,TRADE
NSW1,2008/4/2 6:00,8464.88,33.28,TRADE
NSW1,2008/4/2 6:30,8859.04,36.79,TRADE
NSW1,2008/4/2 7:00,9279.66,55.97,TRADE
NSW1,2008/4/2 7:30,9314.47,28.5,TRADE
NSW1,2008/4/2 8:00,9310.19,26.25,TRADE
NSW1,2008/4/2 8:30,9403.49,26.5,TRADE
NSW1,2008/4/2 9:00,9481.49,27.87,TRADE
NSW1,2008/4/2 9:30,9567.07,33.77,TRADE
NSW1,2008/4/2 10:00,9625.24,33.5,TRADE
NSW1,2008/4/2 10:30,9646.74,33.91,TRADE
NSW1,2008/4/2 11:00,9679.31,34.16,TRADE
NSW1,2008/4/2 11:30,9689.39,34.3,TRADE
NSW1,2008/4/2 12:00,9723.97,34.38,TRADE
NSW1,2008/4/2 12:30,9738.79,34.63,TRADE
NSW1,2008/4/2 13:00,9763.76,33.5,TRADE
NSW1,2008/4/2 13:30,9813.35,32.99,TRADE
NSW1,2008/4/2 14:00,9788.43,33.41,TRADE
NSW1,2008/4/2 14:30,9811.34,33.39,TRADE
NSW1,2008/4/2 15:00,9815.3,32.93,TRADE
NSW1,2008/4/2 15:30,9869.06,33.14,TRADE
NSW1,2008/4/2 16:00,9877.74,32.87,TRADE
NSW1,2008/4/2 16:30,9787.61,31.18,TRADE
NSW1,2008/4/2 17:00,9722.36,27.15,TRADE
NSW1,2008/4/2 17:30,9551.59,26.27,TRADE
NSW1,2008/4/2 18:00,9638.89,26.65,TRADE
NSW1,2008/4/2 18:30,9709,29.55,TRADE
NSW1,2008/4/2 19:00,9580.84,28.6,TRADE
NSW1,2008/4/2 19:30,9351.58,29.46,TRADE
NSW1,2008/4/2 20:00,9103.42,25.08,TRADE
NSW1,2008/4/2 20:30,8832.79,25.28,TRADE
NSW1,2008/4/2 21:00,8511,25.13,TRADE
NSW1,2008/4/2 21:30,8514.66,26.14,TRADE
NSW1,2008/4/2 22:00,8385.95,24.71,TRADE
NSW1,2008/4/2 22:30,8343.61,25.33,TRADE
NSW1,2008/4/2 23:00,8235.21,25.19,TRADE
NSW1,2008/4/2 23:30,8048.44,25.32,TRADE
NSW1,2008/4/3 0:00,7942.51,25.29,TRADE
NSW1,2008/4/3 0:30,7810.32,24.78,TRADE
NSW1,2008/4/3 1:00,7614.75,25.05,TRADE
NSW1,2008/4/3 1:30,7253.99,24.56,TRADE
NSW1,2008/4/3 2:00,6935.39,21.66,TRADE
NSW1,2008/4/3 2:30,6680.24,19.95,TRADE
NSW1,2008/4/3 3:00,6610.52,19.64,TRADE
NSW1,2008/4/3 3:30,6563.06,19.98,TRADE
NSW1,2008/4/3 4:00,6669.27,22.08,TRADE
NSW1,2008/4/3 4:30,6876.3,22.61,TRADE
NSW1,2008/4/3 5:00,7232.38,23.58,TRADE
NSW1,2008/4/3 5:30,7845.64,30,TRADE
NSW1,2008/4/3 6:00,8501.43,31.59,TRADE
NSW1,2008/4/3 6:30,8980.06,36.7,TRADE
NSW1,2008/4/3 7:00,9317.27,47.62,TRADE
NSW1,2008/4/3 7:30,9289.73,32.83,TRADE
NSW1,2008/4/3 8:00,9278.62,31.5,TRADE
NSW1,2008/4/3 8:30,9430.57,33.68,TRADE
NSW1,2008/4/3 9:00,9523.9,33.9,TRADE
NSW1,2008/4/3 9:30,9551.28,36.24,TRADE
NSW1,2008/4/3 10:00,9547.72,36.69,TRADE
NSW1,2008/4/3 10:30,9502.38,34.84,TRADE
NSW1,2008/4/3 11:00,9477.31,33.94,TRADE
NSW1,2008/4/3 11:30,9448.82,36.63,TRADE
NSW1,2008/4/3 12:00,9394.95,36.92,TRADE
NSW1,2008/4/3 12:30,9407.39,36.56,TRADE
NSW1,2008/4/3 13:00,9418.82,38.12,TRADE
NSW1,2008/4/3 13:30,9455.28,37.77,TRADE
NSW1,2008/4/3 14:00,9368.77,34.75,TRADE
NSW1,2008/4/3 14:30,9325.68,32.49,TRADE
NSW1,2008/4/3 15:00,9358.5,32.7,TRADE
NSW1,2008/4/3 15:30,9360.2,32,TRADE
NSW1,2008/4/3 16:00,9354.81,31.86,TRADE
NSW1,2008/4/3 16:30,9276.39,29.95,TRADE
NSW1,2008/4/3 17:00,9405.29,30.11,TRADE
NSW1,2008/4/3 17:30,9379.25,26.48,TRADE
NSW1,2008/4/3 18:00,9464.35,29.1,TRADE
NSW1,2008/4/3 18:30,9662.26,34.68,TRADE
NSW1,2008/4/3 19:00,9618.62,35.32,TRADE
NSW1,2008/4/3 19:30,9431.19,37.56,TRADE
NSW1,2008/4/3 20:00,9223.6,35.14,TRADE
NSW1,2008/4/3 20:30,8865.37,31.64,TRADE
NSW1,2008/4/3 21:00,8540.3,27.34,TRADE
NSW1,2008/4/3 21:30,8572.34,30.93,TRADE
NSW1,2008/4/3 22:00,8374.67,24.76,TRADE
NSW1,2008/4/3 22:30,8364.22,27.29,TRADE
NSW1,2008/4/3 23:00,8215.79,25.44,TRADE
NSW1,2008/4/3 23:30,8110.15,25.94,TRADE
NSW1,2008/4/4 0:00,7969.77,25.18,TRADE
NSW1,2008/4/4 0:30,7865.9,25.47,TRADE
NSW1,2008/4/4 1:00,7692.51,25.02,TRADE
NSW1,2008/4/4 1:30,7325.52,24.88,TRADE
NSW1,2008/4/4 2:00,6996.55,24.07,TRADE
NSW1,2008/4/4 2:30,6766.5,22.18,TRADE
NSW1,2008/4/4 3:00,6659.6,21.34,TRADE
NSW1,2008/4/4 3:30,6626.38,20.68,TRADE
NSW1,2008/4/4 4:00,6656.52,20.67,TRADE
NSW1,2008/4/4 4:30,6907.42,23.26,TRADE
NSW1,2008/4/4 5:00,7257.37,24.01,TRADE
NSW1,2008/4/4 5:30,7898.33,29.66,TRADE
NSW1,2008/4/4 6:00,8647.65,32.33,TRADE
NSW1,2008/4/4 6:30,9126.31,36.66,TRADE
NSW1,2008/4/4 7:00,9562.79,48.57,TRADE
NSW1,2008/4/4 7:30,9607.2,31.4,TRADE
NSW1,2008/4/4 8:00,9525.6,27.92,TRADE
NSW1,2008/4/4 8:30,9627.08,30.79,TRADE
NSW1,2008/4/4 9:00,9623.92,31.17,TRADE
NSW1,2008/4/4 9:30,9660.87,31.71,TRADE
NSW1,2008/4/4 10:00,9598.89,30.77,TRADE
NSW1,2008/4/4 10:30,9534.64,30.1,TRADE
NSW1,2008/4/4 11:00,9497.51,31.38,TRADE
NSW1,2008/4/4 11:30,9378.41,27.25,TRADE
NSW1,2008/4/4 12:00,9423.62,27.91,TRADE
NSW1,2008/4/4 12:30,9357.03,27.39,TRADE
NSW1,2008/4/4 13:00,9301.81,26.57,TRADE
NSW1,2008/4/4 13:30,9257.6,26.28,TRADE
NSW1,2008/4/4 14:00,9247.94,26.3,TRADE
NSW1,2008/4/4 14:30,9186.57,26.17,TRADE
NSW1,2008/4/4 15:00,9212.71,26.22,TRADE
NSW1,2008/4/4 15:30,9204.49,26.25,TRADE
NSW1,2008/4/4 16:00,9226.13,26.66,TRADE
NSW1,2008/4/4 16:30,9164.24,26.14,TRADE
NSW1,2008/4/4 17:00,9111.4,26.12,TRADE
NSW1,2008/4/4 17:30,9079.83,25.99,TRADE
NSW1,2008/4/4 18:00,9125.58,26.13,TRADE
NSW1,2008/4/4 18:30,9270.7,27.61,TRADE
NSW1,2008/4/4 19:00,9158.97,26.23,TRADE
NSW1,2008/4/4 19:30,9038.43,25.87,TRADE
NSW1,2008/4/4 20:00,8878.49,25.83,TRADE
NSW1,2008/4/4 20:30,8636.16,24.91,TRADE
NSW1,2008/4/4 21:00,8406.74,24.95,TRADE
NSW1,2008/4/4 21:30,8429.99,25.71,TRADE
NSW1,2008/4/4 22:00,8360.89,24.23,TRADE
NSW1,2008/4/4 22:30,8385.81,25.7,TRADE
NSW1,2008/4/4 23:00,8313.79,25.51,TRADE
NSW1,2008/4/4 23:30,8162.25,27.15,TRADE
NSW1,2008/4/5 0:00,8015.51,25.08,TRADE
NSW1,2008/4/5 0:30,7868.12,24.72,TRADE
NSW1,2008/4/5 1:00,7625.99,24.87,TRADE
NSW1,2008/4/5 1:30,7263.31,26.81,TRADE
NSW1,2008/4/5 2:00,6976.17,22.9,TRADE
NSW1,2008/4/5 2:30,6680.49,21.17,TRADE
NSW1,2008/4/5 3:00,6543.86,19.82,TRADE
NSW1,2008/4/5 3:30,6429.91,19.91,TRADE
NSW1,2008/4/5 4:00,6411.39,19.99,TRADE
NSW1,2008/4/5 4:30,6520.03,20,TRADE
NSW1,2008/4/5 5:00,6599.63,20.05,TRADE
NSW1,2008/4/5 5:30,6849.92,22.38,TRADE
NSW1,2008/4/5 6:00,7151.01,23.03,TRADE
NSW1,2008/4/5 6:30,7428.95,24.2,TRADE
NSW1,2008/4/5 7:00,7946.17,27.44,TRADE
NSW1,2008/4/5 7:30,8347.55,25.94,TRADE
NSW1,2008/4/5 8:00,8589.08,27.01,TRADE
NSW1,2008/4/5 8:30,8847.14,29.95,TRADE
NSW1,2008/4/5 9:00,8886.44,29.46,TRADE
NSW1,2008/4/5 9:30,8887.88,29.49,TRADE
NSW1,2008/4/5 10:00,8804.76,26.85,TRADE
NSW1,2008/4/5 10:30,8733.05,26.7,TRADE
NSW1,2008/4/5 11:00,8638.41,26.14,TRADE
NSW1,2008/4/5 11:30,8527.77,25.32,TRADE
NSW1,2008/4/5 12:00,8426.82,25.09,TRADE
NSW1,2008/4/5 12:30,8264.63,23.99,TRADE
NSW1,2008/4/5 13:00,8242.56,25.09,TRADE
NSW1,2008/4/5 13:30,8227.84,24.98,TRADE
NSW1,2008/4/5 14:00,8132.9,23.65,TRADE
NSW1,2008/4/5 14:30,8138.42,24.64,TRADE
NSW1,2008/4/5 15:00,8120.12,25.06,TRADE
NSW1,2008/4/5 15:30,8119.1,24.88,TRADE
NSW1,2008/4/5 16:00,8173.23,25.09,TRADE
NSW1,2008/4/5 16:30,8127.23,24.9,TRADE
NSW1,2008/4/5 17:00,8216.34,25.36,TRADE
NSW1,2008/4/5 17:30,8296.2,25.25,TRADE
NSW1,2008/4/5 18:00,8464.45,25.63,TRADE
NSW1,2008/4/5 18:30,8680.4,27.94,TRADE
NSW1,2008/4/5 19:00,8579.97,25.86,TRADE
NSW1,2008/4/5 19:30,8394.43,25.07,TRADE
NSW1,2008/4/5 20:00,8274.4,24.68,TRADE
NSW1,2008/4/5 20:30,8106.24,24.48,TRADE
NSW1,2008/4/5 21:00,7919.7,24.5,TRADE
NSW1,2008/4/5 21:30,7935.94,25.06,TRADE
NSW1,2008/4/5 22:00,7808.7,22.42,TRADE
NSW1,2008/4/5 22:30,7847.55,24.47,TRADE
NSW1,2008/4/5 23:00,7699.47,23.93,TRADE
NSW1,2008/4/5 23:30,7516.92,25.05,TRADE
NSW1,2008/4/6 0:00,7379.87,24.4,TRADE
NSW1,2008/4/6 0:30,7198.38,22.77,TRADE
NSW1,2008/4/6 1:00,7114.99,22.91,TRADE
NSW1,2008/4/6 1:30,6791.51,22.8,TRADE
NSW1,2008/4/6 2:00,6539.58,19.09,TRADE
NSW1,2008/4/6 2:30,6364.4,19.28,TRADE
NSW1,2008/4/6 3:00,6204.89,18.78,TRADE
NSW1,2008/4/6 3:30,6186.13,18.57,TRADE
NSW1,2008/4/6 4:00,6127.2,19.29,TRADE
NSW1,2008/4/6 4:30,6146.89,18,TRADE
NSW1,2008/4/6 5:00,6186.28,18,TRADE
NSW1,2008/4/6 5:30,6275.47,17.09,TRADE
NSW1,2008/4/6 6:00,6384.84,17.34,TRADE
NSW1,2008/4/6 6:30,6534.45,18.56,TRADE
NSW1,2008/4/6 7:00,6806.94,19.18,TRADE
NSW1,2008/4/6 7:30,7259.32,18.88,TRADE
NSW1,2008/4/6 8:00,7580.6,20.34,TRADE
NSW1,2008/4/6 8:30,7976.17,23.51,TRADE
NSW1,2008/4/6 9:00,8211.88,24.17,TRADE
NSW1,2008/4/6 9:30,8384.9,25.23,TRADE
NSW1,2008/4/6 10:00,8378.28,25.07,TRADE
NSW1,2008/4/6 10:30,8411.11,25.38,TRADE
NSW1,2008/4/6 11:00,8427.44,25.23,TRADE
NSW1,2008/4/6 11:30,8381.42,24.91,TRADE
NSW1,2008/4/6 12:00,8320.11,25.06,TRADE
NSW1,2008/4/6 12:30,8313.29,25.07,TRADE
NSW1,2008/4/6 13:00,8226.15,25.1,TRADE
NSW1,2008/4/6 13:30,8195.41,25.07,TRADE
NSW1,2008/4/6 14:00,8100.69,25.07,TRADE
NSW1,2008/4/6 14:30,8052.84,25.06,TRADE
NSW1,2008/4/6 15:00,8005.82,25.07,TRADE
NSW1,2008/4/6 15:30,7983.55,24.88,TRADE
NSW1,2008/4/6 16:00,8047.47,25.07,TRADE
NSW1,2008/4/6 16:30,8136.1,25.09,TRADE
NSW1,2008/4/6 17:00,8286.05,25.2,TRADE
NSW1,2008/4/6 17:30,8402.62,25.15,TRADE
NSW1,2008/4/6 18:00,8797.1,28.85,TRADE
NSW1,2008/4/6 18:30,9164.8,33.77,TRADE
NSW1,2008/4/6 19:00,9072.26,33.71,TRADE
NSW1,2008/4/6 19:30,8780.06,30.37,TRADE
NSW1,2008/4/6 20:00,8606.9,25.69,TRADE
NSW1,2008/4/6 20:30,8429.65,25.42,TRADE
NSW1,2008/4/6 21:00,8278.33,24.57,TRADE
NSW1,2008/4/6 21:30,8047.27,24.73,TRADE
NSW1,2008/4/6 22:00,7740.36,23.96,TRADE
NSW1,2008/4/6 22:30,7698.8,24.79,TRADE
NSW1,2008/4/6 23:00,7624.2,25.56,TRADE
NSW1,2008/4/6 23:30,7588.37,27.48,TRADE
NSW1,2008/4/7 0:00,7493.38,25.62,TRADE
NSW1,2008/4/7 0:30,7312.77,24.33,TRADE
NSW1,2008/4/7 1:00,7165.89,23.76,TRADE
NSW1,2008/4/7 1:30,7071.41,25.2,TRADE
NSW1,2008/4/7 2:00,6894.7,23.46,TRADE
NSW1,2008/4/7 2:30,6663.87,20.1,TRADE
NSW1,2008/4/7 3:00,6474.65,17.66,TRADE
NSW1,2008/4/7 3:30,6371.75,16.49,TRADE
NSW1,2008/4/7 4:00,6343.75,18.17,TRADE
NSW1,2008/4/7 4:30,6413.93,16.35,TRADE
NSW1,2008/4/7 5:00,6537.65,20.25,TRADE
NSW1,2008/4/7 5:30,6922.49,20.9,TRADE
NSW1,2008/4/7 6:00,7273.45,23.31,TRADE
NSW1,2008/4/7 6:30,8012.6,26.11,TRADE
NSW1,2008/4/7 7:00,8658.19,27.14,TRADE
NSW1,2008/4/7 7:30,8983.92,25.41,TRADE
NSW1,2008/4/7 8:00,9280.78,27.01,TRADE
NSW1,2008/4/7 8:30,9425,29.97,TRADE
NSW1,2008/4/7 9:00,9502.1,28.38,TRADE
NSW1,2008/4/7 9:30,9622.78,29.59,TRADE
NSW1,2008/4/7 10:00,9690.76,29.87,TRADE
NSW1,2008/4/7 10:30,9705.56,30.95,TRADE
NSW1,2008/4/7 11:00,9759.16,36.36,TRADE
NSW1,2008/4/7 11:30,9640.27,33.07,TRADE
NSW1,2008/4/7 12:00,9736.81,33.92,TRADE
NSW1,2008/4/7 12:30,9693.17,33.97,TRADE
NSW1,2008/4/7 13:00,9666.36,33.32,TRADE
NSW1,2008/4/7 13:30,9674.58,33.52,TRADE
NSW1,2008/4/7 14:00,9628.75,33.39,TRADE
NSW1,2008/4/7 14:30,9657.81,30.99,TRADE
NSW1,2008/4/7 15:00,9588.39,28.2,TRADE
NSW1,2008/4/7 15:30,9491.23,27.75,TRADE
NSW1,2008/4/7 16:00,9559.9,27.42,TRADE
NSW1,2008/4/7 16:30,9594.62,27.85,TRADE
NSW1,2008/4/7 17:00,9678.89,30.99,TRADE
NSW1,2008/4/7 17:30,9734.95,30.92,TRADE
NSW1,2008/4/7 18:00,10056.38,35.07,TRADE
NSW1,2008/4/7 18:30,10340.54,40.38,TRADE
NSW1,2008/4/7 19:00,10144.19,34.66,TRADE
NSW1,2008/4/7 19:30,9862.17,31.94,TRADE
NSW1,2008/4/7 20:00,9513.82,25.9,TRADE
NSW1,2008/4/7 20:30,9311.99,25.55,TRADE
NSW1,2008/4/7 21:00,9043.14,25.09,TRADE
NSW1,2008/4/7 21:30,8803.68,25.56,TRADE
NSW1,2008/4/7 22:00,8473.7,24.65,TRADE
NSW1,2008/4/7 22:30,8475.16,26.91,TRADE
NSW1,2008/4/7 23:00,8388.28,25.12,TRADE
NSW1,2008/4/7 23:30,8365.46,29.46,TRADE
NSW1,2008/4/8 0:00,8267.37,27.48,TRADE
NSW1,2008/4/8 0:30,8103.7,24.63,TRADE
NSW1,2008/4/8 1:00,7903.73,24.98,TRADE
NSW1,2008/4/8 1:30,7755.33,25.96,TRADE
NSW1,2008/4/8 2:00,7498.23,23.51,TRADE
NSW1,2008/4/8 2:30,7149.08,19.21,TRADE
NSW1,2008/4/8 3:00,6854.79,18.79,TRADE
NSW1,2008/4/8 3:30,6660.39,16.53,TRADE
NSW1,2008/4/8 4:00,6543.3,14.78,TRADE
NSW1,2008/4/8 4:30,6512.28,15.15,TRADE
NSW1,2008/4/8 5:00,6631.14,17.96,TRADE
NSW1,2008/4/8 5:30,6937.1,19.51,TRADE
NSW1,2008/4/8 6:00,7314.65,21.3,TRADE
NSW1,2008/4/8 6:30,8076.86,24.93,TRADE
NSW1,2008/4/8 7:00,8675.55,28.22,TRADE
NSW1,2008/4/8 7:30,8972.83,25.53,TRADE
NSW1,2008/4/8 8:00,9303.76,25.48,TRADE
NSW1,2008/4/8 8:30,9433.86,27.65,TRADE
NSW1,2008/4/8 9:00,9530.22,27.9,TRADE
NSW1,2008/4/8 9:30,9604.38,28.74,TRADE
NSW1,2008/4/8 10:00,9703.32,34.02,TRADE
NSW1,2008/4/8 10:30,9701.32,34.14,TRADE
NSW1,2008/4/8 11:00,9701.76,33.91,TRADE
NSW1,2008/4/8 11:30,9608.26,33.71,TRADE
NSW1,2008/4/8 12:00,9619.53,33.79,TRADE
NSW1,2008/4/8 12:30,9580.35,33.75,TRADE
NSW1,2008/4/8 13:00,9589.33,33.65,TRADE
NSW1,2008/4/8 13:30,9549.1,33.55,TRADE
NSW1,2008/4/8 14:00,9560.89,33.06,TRADE
NSW1,2008/4/8 14:30,9557.57,30.22,TRADE
NSW1,2008/4/8 15:00,9414.67,29.51,TRADE
NSW1,2008/4/8 15:30,9404.92,28.22,TRADE
NSW1,2008/4/8 16:00,9428.45,31.98,TRADE
NSW1,2008/4/8 16:30,9459.23,33.39,TRADE
NSW1,2008/4/8 17:00,9658.95,34.46,TRADE
NSW1,2008/4/8 17:30,9746.18,34.83,TRADE
NSW1,2008/4/8 18:00,10036.24,39.89,TRADE
NSW1,2008/4/8 18:30,10247.76,38.43,TRADE
NSW1,2008/4/8 19:00,10081.22,34.61,TRADE
NSW1,2008/4/8 19:30,9766.34,31.55,TRADE
NSW1,2008/4/8 20:00,9479.72,26.43,TRADE
NSW1,2008/4/8 20:30,9280.67,26.68,TRADE
NSW1,2008/4/8 21:00,9084.35,25.5,TRADE
NSW1,2008/4/8 21:30,8809.55,25.18,TRADE
NSW1,2008/4/8 22:00,8515.51,24.71,TRADE
NSW1,2008/4/8 22:30,8545.03,26.04,TRADE
NSW1,2008/4/8 23:00,8396.09,24.55,TRADE
NSW1,2008/4/8 23:30,8346.07,27.26,TRADE
NSW1,2008/4/9 0:00,8266.72,26.86,TRADE
NSW1,2008/4/9 0:30,8054.64,24.37,TRADE
NSW1,2008/4/9 1:00,7839.11,23.95,TRADE
NSW1,2008/4/9 1:30,7693.6,23.69,TRADE
NSW1,2008/4/9 2:00,7401.89,21.81,TRADE
NSW1,2008/4/9 2:30,7011.17,19.2,TRADE
NSW1,2008/4/9 3:00,6732.54,18.58,TRADE
NSW1,2008/4/9 3:30,6556.5,16.14,TRADE
NSW1,2008/4/9 4:00,6463.88,14.54,TRADE
NSW1,2008/4/9 4:30,6466.12,16.72,TRADE
NSW1,2008/4/9 5:00,6558.41,17.66,TRADE
NSW1,2008/4/9 5:30,6867.39,20.31,TRADE
NSW1,2008/4/9 6:00,7253.16,21.72,TRADE
NSW1,2008/4/9 6:30,7990.73,25.03,TRADE
NSW1,2008/4/9 7:00,8656.55,26.74,TRADE
NSW1,2008/4/9 7:30,8970.06,25.73,TRADE
NSW1,2008/4/9 8:00,9319.46,25.85,TRADE
NSW1,2008/4/9 8:30,9428.91,27.03,TRADE
NSW1,2008/4/9 9:00,9417.1,27.14,TRADE
NSW1,2008/4/9 9:30,9574.51,29.22,TRADE
NSW1,2008/4/9 10:00,9636.82,32.01,TRADE
NSW1,2008/4/9 10:30,9699.14,26.82,TRADE
NSW1,2008/4/9 11:00,9681.72,26.9,TRADE
NSW1,2008/4/9 11:30,9609.96,26.77,TRADE
NSW1,2008/4/9 12:00,9633.81,27.02,TRADE
NSW1,2008/4/9 12:30,9596.21,28.24,TRADE
NSW1,2008/4/9 13:00,9587.06,27.08,TRADE
NSW1,2008/4/9 13:30,9581.18,27.04,TRADE
NSW1,2008/4/9 14:00,9586.27,27.12,TRADE
NSW1,2008/4/9 14:30,9559.69,27.12,TRADE
NSW1,2008/4/9 15:00,9496.74,27.01,TRADE
NSW1,2008/4/9 15:30,9427.68,26.92,TRADE
NSW1,2008/4/9 16:00,9474.91,26.98,TRADE
NSW1,2008/4/9 16:30,9534.19,27.06,TRADE
NSW1,2008/4/9 17:00,9594.16,27.17,TRADE
NSW1,2008/4/9 17:30,9645.87,29.69,TRADE
NSW1,2008/4/9 18:00,9986.55,35.14,TRADE
NSW1,2008/4/9 18:30,10233.71,39.91,TRADE
NSW1,2008/4/9 19:00,10105.38,35.76,TRADE
NSW1,2008/4/9 19:30,9715.52,29.79,TRADE
NSW1,2008/4/9 20:00,9490.95,30.7,TRADE
NSW1,2008/4/9 20:30,9346.77,28.33,TRADE
NSW1,2008/4/9 21:00,9129.34,25.35,TRADE
NSW1,2008/4/9 21:30,8808.67,25.35,TRADE
NSW1,2008/4/9 22:00,8609.55,24.89,TRADE
NSW1,2008/4/9 22:30,8609.99,31.44,TRADE
NSW1,2008/4/9 23:00,8484.8,26.4,TRADE
NSW1,2008/4/9 23:30,8505.23,26.85,TRADE
NSW1,2008/4/10 0:00,8400.09,26.96,TRADE
NSW1,2008/4/10 0:30,8158.56,24.76,TRADE
NSW1,2008/4/10 1:00,7984.3,24.71,TRADE
NSW1,2008/4/10 1:30,7790.53,25.04,TRADE
NSW1,2008/4/10 2:00,7549.15,22.69,TRADE
NSW1,2008/4/10 2:30,7163.76,20.84,TRADE
NSW1,2008/4/10 3:00,6867.41,19.99,TRADE
NSW1,2008/4/10 3:30,6671.78,19.23,TRADE
NSW1,2008/4/10 4:00,6617.1,19.99,TRADE
NSW1,2008/4/10 4:30,6607.7,19.96,TRADE
NSW1,2008/4/10 5:00,6715.16,21.15,TRADE
NSW1,2008/4/10 5:30,6998.92,21.31,TRADE
NSW1,2008/4/10 6:00,7381.53,22.05,TRADE
NSW1,2008/4/10 6:30,8056,25.41,TRADE
NSW1,2008/4/10 7:00,8757.34,28.2,TRADE
NSW1,2008/4/10 7:30,8958.67,25.68,TRADE
NSW1,2008/4/10 8:00,9280.15,29.24,TRADE
NSW1,2008/4/10 8:30,9414.84,33.65,TRADE
NSW1,2008/4/10 9:00,9424.41,33.73,TRADE
NSW1,2008/4/10 9:30,9603.91,40.2,TRADE
NSW1,2008/4/10 10:00,9642.48,31.98,TRADE
NSW1,2008/4/10 10:30,9656.22,33.76,TRADE
NSW1,2008/4/10 11:00,9694.85,33.69,TRADE
NSW1,2008/4/10 11:30,9704.79,33.67,TRADE
NSW1,2008/4/10 12:00,9647.31,33.21,TRADE
NSW1,2008/4/10 12:30,9662.76,33.29,TRADE
NSW1,2008/4/10 13:00,9606.13,32.97,TRADE
NSW1,2008/4/10 13:30,9602.72,31.85,TRADE
NSW1,2008/4/10 14:00,9588.94,32.65,TRADE
NSW1,2008/4/10 14:30,9603.58,32.18,TRADE
NSW1,2008/4/10 15:00,9578.53,31.43,TRADE
NSW1,2008/4/10 15:30,9500.04,29.6,TRADE
NSW1,2008/4/10 16:00,9543.02,31.26,TRADE
NSW1,2008/4/10 16:30,9543.52,31.1,TRADE
NSW1,2008/4/10 17:00,9557.79,26.92,TRADE
NSW1,2008/4/10 17:30,9640.64,27.34,TRADE
NSW1,2008/4/10 18:00,9965.14,47.15,TRADE
NSW1,2008/4/10 18:30,10235.18,73.12,TRADE
NSW1,2008/4/10 19:00,10133.1,71.19,TRADE
NSW1,2008/4/10 19:30,9810.77,39.51,TRADE
NSW1,2008/4/10 20:00,9588.9,30.81,TRADE
NSW1,2008/4/10 20:30,9414.83,33.11,TRADE
NSW1,2008/4/10 21:00,9219.82,33.1,TRADE
NSW1,2008/4/10 21:30,8839.76,31.46,TRADE
NSW1,2008/4/10 22:00,8568.98,24.89,TRADE
NSW1,2008/4/10 22:30,8719.93,37,TRADE
NSW1,2008/4/10 23:00,8552.91,31.27,TRADE
NSW1,2008/4/10 23:30,8512.09,33.15,TRADE
NSW1,2008/4/11 0:00,8375.79,29.44,TRADE
NSW1,2008/4/11 0:30,8235.91,26.03,TRADE
NSW1,2008/4/11 1:00,8074.28,25.03,TRADE
NSW1,2008/4/11 1:30,7860.4,26.14,TRADE
NSW1,2008/4/11 2:00,7621.13,24.35,TRADE
NSW1,2008/4/11 2:30,7099.48,20.48,TRADE
NSW1,2008/4/11 3:00,6846.93,20.19,TRADE
NSW1,2008/4/11 3:30,6706.95,19.78,TRADE
NSW1,2008/4/11 4:00,6628.64,19.94,TRADE
NSW1,2008/4/11 4:30,6621.96,19.83,TRADE
NSW1,2008/4/11 5:00,6687.42,20.86,TRADE
NSW1,2008/4/11 5:30,7011.92,23.15,TRADE
NSW1,2008/4/11 6:00,7358.32,22.74,TRADE
NSW1,2008/4/11 6:30,8017.94,26.02,TRADE
NSW1,2008/4/11 7:00,8631.49,29.65,TRADE
NSW1,2008/4/11 7:30,8892.48,25.79,TRADE
NSW1,2008/4/11 8:00,9222.31,31.57,TRADE
NSW1,2008/4/11 8:30,9366.55,33.56,TRADE
NSW1,2008/4/11 9:00,9429.81,34,TRADE
NSW1,2008/4/11 9:30,9593.49,35.52,TRADE
NSW1,2008/4/11 10:00,9662.41,35.95,TRADE
NSW1,2008/4/11 10:30,9743.94,38.56,TRADE
NSW1,2008/4/11 11:00,9805.13,40.18,TRADE
NSW1,2008/4/11 11:30,9775.12,40.35,TRADE
NSW1,2008/4/11 12:00,9761.15,39.33,TRADE
NSW1,2008/4/11 12:30,9694.76,37.2,TRADE
NSW1,2008/4/11 13:00,9723.09,37.6,TRADE
NSW1,2008/4/11 13:30,9644.28,38.1,TRADE
NSW1,2008/4/11 14:00,9636.51,35.72,TRADE
NSW1,2008/4/11 14:30,9578.91,35.4,TRADE
NSW1,2008/4/11 15:00,9546.93,34.42,TRADE
NSW1,2008/4/11 15:30,9490.12,34.06,TRADE
NSW1,2008/4/11 16:00,9463.91,34.23,TRADE
NSW1,2008/4/11 16:30,9440.12,34.18,TRADE
NSW1,2008/4/11 17:00,9430.52,33.14,TRADE
NSW1,2008/4/11 17:30,9437.75,31.94,TRADE
NSW1,2008/4/11 18:00,9735.49,36.05,TRADE
NSW1,2008/4/11 18:30,9883.21,40.53,TRADE
NSW1,2008/4/11 19:00,9726.61,35.73,TRADE
NSW1,2008/4/11 19:30,9374.46,28.23,TRADE
NSW1,2008/4/11 20:00,9178.66,25.97,TRADE
NSW1,2008/4/11 20:30,8944.94,25.64,TRADE
NSW1,2008/4/11 21:00,8786.28,25.17,TRADE
NSW1,2008/4/11 21:30,8560.9,25.29,TRADE
NSW1,2008/4/11 22:00,8371.58,24.53,TRADE
NSW1,2008/4/11 22:30,8543.83,30.7,TRADE
NSW1,2008/4/11 23:00,8386.8,26.33,TRADE
NSW1,2008/4/11 23:30,8416.67,30.47,TRADE
NSW1,2008/4/12 0:00,8356.93,29.18,TRADE
NSW1,2008/4/12 0:30,8146,25.12,TRADE
NSW1,2008/4/12 1:00,7935.34,24.34,TRADE
NSW1,2008/4/12 1:30,7783.28,26.04,TRADE
NSW1,2008/4/12 2:00,7515.73,23.47,TRADE
NSW1,2008/4/12 2:30,7086.37,19.82,TRADE
NSW1,2008/4/12 3:00,6796.03,19.75,TRADE
NSW1,2008/4/12 3:30,6580.96,18.91,TRADE
NSW1,2008/4/12 4:00,6486.86,18.31,TRADE
NSW1,2008/4/12 4:30,6395.58,19.7,TRADE
NSW1,2008/4/12 5:00,6392.13,19.92,TRADE
NSW1,2008/4/12 5:30,6508.31,20.17,TRADE
NSW1,2008/4/12 6:00,6659.21,20.28,TRADE
NSW1,2008/4/12 6:30,6883.46,22.26,TRADE
NSW1,2008/4/12 7:00,7182.96,24.53,TRADE
NSW1,2008/4/12 7:30,7510.9,24.47,TRADE
NSW1,2008/4/12 8:00,7962.76,25.31,TRADE
NSW1,2008/4/12 8:30,8357.86,25.95,TRADE
NSW1,2008/4/12 9:00,8542.43,26.07,TRADE
NSW1,2008/4/12 9:30,8852.63,32.29,TRADE
NSW1,2008/4/12 10:00,8851.13,32.71,TRADE
NSW1,2008/4/12 10:30,8878.21,32.68,TRADE
NSW1,2008/4/12 11:00,8810.99,32.29,TRADE
NSW1,2008/4/12 11:30,8669.72,31.07,TRADE
NSW1,2008/4/12 12:00,8601.85,29.93,TRADE
NSW1,2008/4/12 12:30,8542.01,30.94,TRADE
NSW1,2008/4/12 13:00,8489.94,27.37,TRADE
NSW1,2008/4/12 13:30,8432.97,26.49,TRADE
NSW1,2008/4/12 14:00,8350.93,25.08,TRADE
NSW1,2008/4/12 14:30,8294.71,24.9,TRADE
NSW1,2008/4/12 15:00,8273.06,24.96,TRADE
NSW1,2008/4/12 15:30,8253.28,25.08,TRADE
NSW1,2008/4/12 16:00,8264.8,25.1,TRADE
NSW1,2008/4/12 16:30,8301.4,25.39,TRADE
NSW1,2008/4/12 17:00,8316.95,25.36,TRADE
NSW1,2008/4/12 17:30,8412.21,27.39,TRADE
NSW1,2008/4/12 18:00,8772.87,33.22,TRADE
NSW1,2008/4/12 18:30,9097.65,46.02,TRADE
NSW1,2008/4/12 19:00,8958.52,39.08,TRADE
NSW1,2008/4/12 19:30,8703.39,33.34,TRADE
NSW1,2008/4/12 20:00,8438.21,29.49,TRADE
NSW1,2008/4/12 20:30,8281.94,26.26,TRADE
NSW1,2008/4/12 21:00,8194.33,25.58,TRADE
NSW1,2008/4/12 21:30,8049.66,24.99,TRADE
NSW1,2008/4/12 22:00,7747.71,24,TRADE
NSW1,2008/4/12 22:30,7864.47,27.15,TRADE
NSW1,2008/4/12 23:00,7898.35,25.06,TRADE
NSW1,2008/4/12 23:30,7859.4,29.16,TRADE
NSW1,2008/4/13 0:00,7729.98,26.46,TRADE
NSW1,2008/4/13 0:30,7510.17,24.88,TRADE
NSW1,2008/4/13 1:00,7286.06,24.69,TRADE
NSW1,2008/4/13 1:30,7127.05,26.7,TRADE
NSW1,2008/4/13 2:00,6956.76,24.35,TRADE
NSW1,2008/4/13 2:30,6643.91,22.06,TRADE
NSW1,2008/4/13 3:00,6429.57,19.83,TRADE
NSW1,2008/4/13 3:30,6259.59,19.11,TRADE
NSW1,2008/4/13 4:00,6236.2,19.21,TRADE
NSW1,2008/4/13 4:30,6113.97,18.91,TRADE
NSW1,2008/4/13 5:00,6157.77,19.21,TRADE
NSW1,2008/4/13 5:30,6242.35,19.46,TRADE
NSW1,2008/4/13 6:00,6331.88,19.99,TRADE
NSW1,2008/4/13 6:30,6510.95,20.58,TRADE
NSW1,2008/4/13 7:00,6664.87,21.1,TRADE
NSW1,2008/4/13 7:30,6974.17,20.3,TRADE
NSW1,2008/4/13 8:00,7299.04,21.36,TRADE
NSW1,2008/4/13 8:30,7673.44,24.09,TRADE
NSW1,2008/4/13 9:00,7929.06,26.16,TRADE
NSW1,2008/4/13 9:30,8156.91,26.63,TRADE
NSW1,2008/4/13 10:00,8307.16,28.15,TRADE
NSW1,2008/4/13 10:30,8390.93,31.1,TRADE
NSW1,2008/4/13 11:00,8348.8,31.16,TRADE
NSW1,2008/4/13 11:30,8302.94,30.94,TRADE
NSW1,2008/4/13 12:00,8321.35,30.52,TRADE
NSW1,2008/4/13 12:30,8339.6,25.34,TRADE
NSW1,2008/4/13 13:00,8322.3,25.1,TRADE
NSW1,2008/4/13 13:30,8327.05,25.1,TRADE
NSW1,2008/4/13 14:00,8206.37,25.09,TRADE
NSW1,2008/4/13 14:30,8145.72,25.09,TRADE
NSW1,2008/4/13 15:00,8046.44,25.09,TRADE
NSW1,2008/4/13 15:30,8104.93,25.1,TRADE
NSW1,2008/4/13 16:00,8141.15,25.1,TRADE
NSW1,2008/4/13 16:30,8172.56,25.09,TRADE
NSW1,2008/4/13 17:00,8355.66,25.89,TRADE
NSW1,2008/4/13 17:30,8470.12,30.13,TRADE
NSW1,2008/4/13 18:00,8949.21,47.73,TRADE
NSW1,2008/4/13 18:30,9275.18,78.9,TRADE
NSW1,2008/4/13 19:00,9078.81,69.68,TRADE
NSW1,2008/4/13 19:30,8884.92,48.89,TRADE
NSW1,2008/4/13 20:00,8644.06,38.78,TRADE
NSW1,2008/4/13 20:30,8530.22,35.67,TRADE
NSW1,2008/4/13 21:00,8376.31,32.89,TRADE
NSW1,2008/4/13 21:30,8138.96,28.79,TRADE
NSW1,2008/4/13 22:00,7924.38,24.91,TRADE
NSW1,2008/4/13 22:30,7897.99,27.8,TRADE
NSW1,2008/4/13 23:00,7790.27,26.71,TRADE
NSW1,2008/4/13 23:30,7742.43,27.58,TRADE
NSW1,2008/4/14 0:00,7588.64,25.75,TRADE
NSW1,2008/4/14 0:30,7408.69,24.9,TRADE
NSW1,2008/4/14 1:00,7266.6,24.73,TRADE
NSW1,2008/4/14 1:30,7132.36,27.8,TRADE
NSW1,2008/4/14 2:00,7002.63,24.54,TRADE
NSW1,2008/4/14 2:30,6733.75,23.38,TRADE
NSW1,2008/4/14 3:00,6489.52,23,TRADE
NSW1,2008/4/14 3:30,6422.31,19.97,TRADE
NSW1,2008/4/14 4:00,6361.93,19.37,TRADE
NSW1,2008/4/14 4:30,6447.87,20.68,TRADE
NSW1,2008/4/14 5:00,6553.64,21.87,TRADE
NSW1,2008/4/14 5:30,6832.47,22.9,TRADE
NSW1,2008/4/14 6:00,7194.39,23.72,TRADE
NSW1,2008/4/14 6:30,7824.43,28.25,TRADE
NSW1,2008/4/14 7:00,8315.44,29.37,TRADE
NSW1,2008/4/14 7:30,8618.49,26.71,TRADE
NSW1,2008/4/14 8:00,8987.25,32.51,TRADE
NSW1,2008/4/14 8:30,9247.8,33.92,TRADE
NSW1,2008/4/14 9:00,9400.07,35.17,TRADE
NSW1,2008/4/14 9:30,9625.97,44.82,TRADE
NSW1,2008/4/14 10:00,9608.95,45.06,TRADE
NSW1,2008/4/14 10:30,9678.6,43.3,TRADE
NSW1,2008/4/14 11:00,9661.61,38.28,TRADE
NSW1,2008/4/14 11:30,9580.9,45.59,TRADE
NSW1,2008/4/14 12:00,9617.87,46.9,TRADE
NSW1,2008/4/14 12:30,9549.85,44.06,TRADE
NSW1,2008/4/14 13:00,9541.86,41,TRADE
NSW1,2008/4/14 13:30,9588.15,48.68,TRADE
NSW1,2008/4/14 14:00,9470.69,57.01,TRADE
NSW1,2008/4/14 14:30,9508.62,53.26,TRADE
NSW1,2008/4/14 15:00,9453.9,41.6,TRADE
NSW1,2008/4/14 15:30,9492.94,41.57,TRADE
NSW1,2008/4/14 16:00,9413.04,39.17,TRADE
NSW1,2008/4/14 16:30,9481.78,40.88,TRADE
NSW1,2008/4/14 17:00,9618.28,45.02,TRADE
NSW1,2008/4/14 17:30,9743.08,43.57,TRADE
NSW1,2008/4/14 18:00,10244.66,72.71,TRADE
NSW1,2008/4/14 18:30,10474.99,81.08,TRADE
NSW1,2008/4/14 19:00,10272.56,66.87,TRADE
NSW1,2008/4/14 19:30,9900.43,44.43,TRADE
NSW1,2008/4/14 20:00,9624.78,34.33,TRADE
NSW1,2008/4/14 20:30,9387.76,33.62,TRADE
NSW1,2008/4/14 21:00,9202.24,32.62,TRADE
NSW1,2008/4/14 21:30,8945.86,33.17,TRADE
NSW1,2008/4/14 22:00,8612.86,30.73,TRADE
NSW1,2008/4/14 22:30,8708.85,39,TRADE
NSW1,2008/4/14 23:00,8558.62,32.54,TRADE
NSW1,2008/4/14 23:30,8483.57,34.78,TRADE
NSW1,2008/4/15 0:00,8420.71,31.12,TRADE
NSW1,2008/4/15 0:30,8245.41,27.37,TRADE
NSW1,2008/4/15 1:00,8064.44,25.08,TRADE
NSW1,2008/4/15 1:30,7861.53,25.19,TRADE
NSW1,2008/4/15 2:00,7676.15,24.73,TRADE
NSW1,2008/4/15 2:30,7285.34,24.27,TRADE
NSW1,2008/4/15 3:00,6981.52,23.48,TRADE
NSW1,2008/4/15 3:30,6769.35,22.39,TRADE
NSW1,2008/4/15 4:00,6675.95,20.79,TRADE
NSW1,2008/4/15 4:30,6686.14,21.51,TRADE
NSW1,2008/4/15 5:00,6760.36,22.42,TRADE
NSW1,2008/4/15 5:30,7030.32,23.79,TRADE
NSW1,2008/4/15 6:00,7405.42,25.49,TRADE
NSW1,2008/4/15 6:30,8059.77,30.82,TRADE
NSW1,2008/4/15 7:00,8551.45,33.8,TRADE
NSW1,2008/4/15 7:30,8820.17,32.25,TRADE
NSW1,2008/4/15 8:00,9228.7,38.32,TRADE
NSW1,2008/4/15 8:30,9464.33,38.22,TRADE
NSW1,2008/4/15 9:00,9612.31,37.02,TRADE
NSW1,2008/4/15 9:30,9760.62,40.87,TRADE
NSW1,2008/4/15 10:00,9719.12,40.99,TRADE
NSW1,2008/4/15 10:30,9693.94,41.87,TRADE
NSW1,2008/4/15 11:00,9653.38,40.84,TRADE
NSW1,2008/4/15 11:30,9631.8,42.29,TRADE
NSW1,2008/4/15 12:00,9681.55,44.64,TRADE
NSW1,2008/4/15 12:30,9709.09,43.19,TRADE
NSW1,2008/4/15 13:00,9638.29,38.58,TRADE
NSW1,2008/4/15 13:30,9621.93,39.65,TRADE
NSW1,2008/4/15 14:00,9531.75,38.37,TRADE
NSW1,2008/4/15 14:30,9505.2,39.08,TRADE
NSW1,2008/4/15 15:00,9504.31,39.2,TRADE
NSW1,2008/4/15 15:30,9487.87,38.99,TRADE
NSW1,2008/4/15 16:00,9495.5,38.84,TRADE
NSW1,2008/4/15 16:30,9507.97,40.67,TRADE
NSW1,2008/4/15 17:00,9683.4,39.18,TRADE
NSW1,2008/4/15 17:30,9830.06,40.37,TRADE
NSW1,2008/4/15 18:00,10218.91,59.88,TRADE
NSW1,2008/4/15 18:30,10426.82,68.4,TRADE
NSW1,2008/4/15 19:00,10217.39,61.29,TRADE
NSW1,2008/4/15 19:30,9913.92,44.96,TRADE
NSW1,2008/4/15 20:00,9597.27,37.64,TRADE
NSW1,2008/4/15 20:30,9412.47,35.47,TRADE
NSW1,2008/4/15 21:00,9215.38,34.3,TRADE
NSW1,2008/4/15 21:30,8939.64,34.59,TRADE
NSW1,2008/4/15 22:00,8673.74,27.73,TRADE
NSW1,2008/4/15 22:30,8783.47,37.5,TRADE
NSW1,2008/4/15 23:00,8569.55,32.16,TRADE
NSW1,2008/4/15 23:30,8550.54,43.41,TRADE
NSW1,2008/4/16 0:00,8404.12,35.07,TRADE
NSW1,2008/4/16 0:30,8158.6,29.13,TRADE
NSW1,2008/4/16 1:00,8038.52,25.93,TRADE
NSW1,2008/4/16 1:30,7854.78,26.53,TRADE
NSW1,2008/4/16 2:00,7660.54,24.95,TRADE
NSW1,2008/4/16 2:30,7264.53,24.91,TRADE
NSW1,2008/4/16 3:00,6974.66,25.08,TRADE
NSW1,2008/4/16 3:30,6714.78,24,TRADE
NSW1,2008/4/16 4:00,6574.12,23.87,TRADE
NSW1,2008/4/16 4:30,6577.51,24.3,TRADE
NSW1,2008/4/16 5:00,6676.08,24.98,TRADE
NSW1,2008/4/16 5:30,6946.34,25.4,TRADE
NSW1,2008/4/16 6:00,7327.75,26.17,TRADE
NSW1,2008/4/16 6:30,7991.08,31.85,TRADE
NSW1,2008/4/16 7:00,8455.14,40.28,TRADE
NSW1,2008/4/16 7:30,8727.02,33.64,TRADE
NSW1,2008/4/16 8:00,9056.52,39.41,TRADE
NSW1,2008/4/16 8:30,9313.57,46.12,TRADE
NSW1,2008/4/16 9:00,9427.19,41.67,TRADE
NSW1,2008/4/16 9:30,9616.09,55.33,TRADE
NSW1,2008/4/16 10:00,9626.72,46.77,TRADE
NSW1,2008/4/16 10:30,9642.28,51.93,TRADE
NSW1,2008/4/16 11:00,9621.15,49.17,TRADE
NSW1,2008/4/16 11:30,9519.48,45.49,TRADE
NSW1,2008/4/16 12:00,9477.91,44.3,TRADE
NSW1,2008/4/16 12:30,9442.92,42.22,TRADE
NSW1,2008/4/16 13:00,9413.4,42.56,TRADE
NSW1,2008/4/16 13:30,9384.34,43.38,TRADE
NSW1,2008/4/16 14:00,9332.93,41.93,TRADE
NSW1,2008/4/16 14:30,9374.67,42.99,TRADE
NSW1,2008/4/16 15:00,9319.27,37.99,TRADE
NSW1,2008/4/16 15:30,9315.65,41.17,TRADE
NSW1,2008/4/16 16:00,9334.35,41,TRADE
NSW1,2008/4/16 16:30,9400.09,39.49,TRADE
NSW1,2008/4/16 17:00,9543.76,41.99,TRADE
NSW1,2008/4/16 17:30,9754.03,49.46,TRADE
NSW1,2008/4/16 18:00,10182.31,66.54,TRADE
NSW1,2008/4/16 18:30,10331.96,72.62,TRADE
NSW1,2008/4/16 19:00,10152.03,66.45,TRADE
NSW1,2008/4/16 19:30,9793.67,52.58,TRADE
NSW1,2008/4/16 20:00,9596.22,38.16,TRADE
NSW1,2008/4/16 20:30,9444.45,39.34,TRADE
NSW1,2008/4/16 21:00,9212.08,36.82,TRADE
NSW1,2008/4/16 21:30,8940.43,35.34,TRADE
NSW1,2008/4/16 22:00,8701.29,32.92,TRADE
NSW1,2008/4/16 22:30,8768.79,43.6,TRADE
NSW1,2008/4/16 23:00,8618.07,39.31,TRADE
NSW1,2008/4/16 23:30,8570.16,42.28,TRADE
NSW1,2008/4/17 0:00,8472.35,36.67,TRADE
NSW1,2008/4/17 0:30,8304.45,33,TRADE
NSW1,2008/4/17 1:00,8160.65,32.94,TRADE
NSW1,2008/4/17 1:30,7943.96,30.67,TRADE
NSW1,2008/4/17 2:00,7729.5,28.52,TRADE
NSW1,2008/4/17 2:30,7339.89,25.09,TRADE
NSW1,2008/4/17 3:00,7014.01,24.18,TRADE
NSW1,2008/4/17 3:30,6769.97,24,TRADE
NSW1,2008/4/17 4:00,6660.37,24,TRADE
NSW1,2008/4/17 4:30,6684.73,24,TRADE
NSW1,2008/4/17 5:00,6753.78,24.18,TRADE
NSW1,2008/4/17 5:30,7030.45,25.15,TRADE
NSW1,2008/4/17 6:00,7421.43,25.59,TRADE
NSW1,2008/4/17 6:30,8041.19,34.55,TRADE
NSW1,2008/4/17 7:00,8513.37,41.71,TRADE
NSW1,2008/4/17 7:30,8824.66,36.21,TRADE
NSW1,2008/4/17 8:00,9182.19,41.17,TRADE
NSW1,2008/4/17 8:30,9437.5,49.18,TRADE
NSW1,2008/4/17 9:00,9572.17,46.61,TRADE
NSW1,2008/4/17 9:30,9759.24,61.93,TRADE
NSW1,2008/4/17 10:00,9740.32,51.41,TRADE
NSW1,2008/4/17 10:30,9789.64,53.13,TRADE
NSW1,2008/4/17 11:00,9803.24,48.22,TRADE
NSW1,2008/4/17 11:30,9767.53,47.03,TRADE
NSW1,2008/4/17 12:00,9703.7,54.23,TRADE
NSW1,2008/4/17 12:30,9689.95,51.6,TRADE
NSW1,2008/4/17 13:00,9603.45,44.67,TRADE
NSW1,2008/4/17 13:30,9522.39,43.71,TRADE
NSW1,2008/4/17 14:00,9528.9,43.61,TRADE
NSW1,2008/4/17 14:30,9472.96,45.42,TRADE
NSW1,2008/4/17 15:00,9437.36,40.92,TRADE
NSW1,2008/4/17 15:30,9433.1,40.45,TRADE
NSW1,2008/4/17 16:00,9388.05,40.24,TRADE
NSW1,2008/4/17 16:30,9443.56,40.5,TRADE
NSW1,2008/4/17 17:00,9539.55,42.28,TRADE
NSW1,2008/4/17 17:30,9714.82,44.94,TRADE
NSW1,2008/4/17 18:00,10212.17,71.27,TRADE
NSW1,2008/4/17 18:30,10395.1,77.24,TRADE
NSW1,2008/4/17 19:00,10227.82,70.57,TRADE
NSW1,2008/4/17 19:30,10002.72,59.89,TRADE
NSW1,2008/4/17 20:00,9786.65,45.45,TRADE
NSW1,2008/4/17 20:30,9611.47,39.7,TRADE
NSW1,2008/4/17 21:00,9389.54,36.1,TRADE
NSW1,2008/4/17 21:30,9077.68,33.69,TRADE
NSW1,2008/4/17 22:00,8751.92,29.37,TRADE
NSW1,2008/4/17 22:30,8859.65,36.36,TRADE
NSW1,2008/4/17 23:00,8707.83,33.01,TRADE
NSW1,2008/4/17 23:30,8617.31,37.28,TRADE
NSW1,2008/4/18 0:00,8489.87,34.86,TRADE
NSW1,2008/4/18 0:30,8325.75,32.24,TRADE
NSW1,2008/4/18 1:00,8113.59,26.64,TRADE
NSW1,2008/4/18 1:30,7969.09,29.43,TRADE
NSW1,2008/4/18 2:00,7664.7,24.73,TRADE
NSW1,2008/4/18 2:30,7259.47,24,TRADE
NSW1,2008/4/18 3:00,7002,23.35,TRADE
NSW1,2008/4/18 3:30,6758.76,21.17,TRADE
NSW1,2008/4/18 4:00,6650.03,19.36,TRADE
NSW1,2008/4/18 4:30,6626.63,21.66,TRADE
NSW1,2008/4/18 5:00,6718.84,23.19,TRADE
NSW1,2008/4/18 5:30,6948.69,22.81,TRADE
NSW1,2008/4/18 6:00,7282.68,23.98,TRADE
NSW1,2008/4/18 6:30,7929.58,27.17,TRADE
NSW1,2008/4/18 7:00,8425.03,31.29,TRADE
NSW1,2008/4/18 7:30,8717.35,30.88,TRADE
NSW1,2008/4/18 8:00,9104.6,34.58,TRADE
NSW1,2008/4/18 8:30,9410.63,34.51,TRADE
NSW1,2008/4/18 9:00,9606.42,37.09,TRADE
NSW1,2008/4/18 9:30,9734.21,40.33,TRADE
NSW1,2008/4/18 10:00,9832.59,44.15,TRADE
NSW1,2008/4/18 10:30,9885.59,44.88,TRADE
NSW1,2008/4/18 11:00,9850.85,59.88,TRADE
NSW1,2008/4/18 11:30,9770.85,51.32,TRADE
NSW1,2008/4/18 12:00,9745.2,45.44,TRADE
NSW1,2008/4/18 12:30,9677.46,41.26,TRADE
NSW1,2008/4/18 13:00,9649.51,41.63,TRADE
NSW1,2008/4/18 13:30,9599.48,41,TRADE
NSW1,2008/4/18 14:00,9503.16,34.76,TRADE
NSW1,2008/4/18 14:30,9435.7,34.77,TRADE
NSW1,2008/4/18 15:00,9460.64,34.28,TRADE
NSW1,2008/4/18 15:30,9417.77,34.14,TRADE
NSW1,2008/4/18 16:00,9466.21,34.34,TRADE
NSW1,2008/4/18 16:30,9487.15,34.34,TRADE
NSW1,2008/4/18 17:00,9667.33,34.9,TRADE
NSW1,2008/4/18 17:30,9796.39,39.77,TRADE
NSW1,2008/4/18 18:00,10191.36,63.6,TRADE
NSW1,2008/4/18 18:30,10226.8,64.29,TRADE
NSW1,2008/4/18 19:00,10020.73,55.87,TRADE
NSW1,2008/4/18 19:30,9663.15,36.79,TRADE
NSW1,2008/4/18 20:00,9478.07,33.46,TRADE
NSW1,2008/4/18 20:30,9322.71,33.43,TRADE
NSW1,2008/4/18 21:00,9165.67,32.82,TRADE
NSW1,2008/4/18 21:30,8872.3,31.18,TRADE
NSW1,2008/4/18 22:00,8628.96,27.34,TRADE
NSW1,2008/4/18 22:30,8823.36,37.98,TRADE
NSW1,2008/4/18 23:00,8665.52,34.88,TRADE
NSW1,2008/4/18 23:30,8646.81,39.13,TRADE
NSW1,2008/4/19 0:00,8537.45,36.33,TRADE
NSW1,2008/4/19 0:30,8331.61,32.89,TRADE
NSW1,2008/4/19 1:00,8106.24,30.72,TRADE
NSW1,2008/4/19 1:30,7915.16,29.76,TRADE
NSW1,2008/4/19 2:00,7613.27,25.09,TRADE
NSW1,2008/4/19 2:30,7224.88,24.71,TRADE
NSW1,2008/4/19 3:00,6850.4,24.09,TRADE
NSW1,2008/4/19 3:30,6619.36,22.2,TRADE
NSW1,2008/4/19 4:00,6520.79,23.19,TRADE
NSW1,2008/4/19 4:30,6456.06,19.89,TRADE
NSW1,2008/4/19 5:00,6424.04,19.89,TRADE
NSW1,2008/4/19 5:30,6505.79,20.56,TRADE
NSW1,2008/4/19 6:00,6664.26,23.61,TRADE
NSW1,2008/4/19 6:30,6900.9,23.67,TRADE
NSW1,2008/4/19 7:00,7119.61,27.32,TRADE
NSW1,2008/4/19 7:30,7430.96,26.57,TRADE
NSW1,2008/4/19 8:00,7909.15,28.21,TRADE
NSW1,2008/4/19 8:30,8315.83,26.63,TRADE
NSW1,2008/4/19 9:00,8641.08,28.3,TRADE
NSW1,2008/4/19 9:30,8974.44,32.37,TRADE
NSW1,2008/4/19 10:00,8973.41,32.7,TRADE
NSW1,2008/4/19 10:30,9086.22,33.58,TRADE
NSW1,2008/4/19 11:00,8985.85,33.14,TRADE
NSW1,2008/4/19 11:30,8882.37,29.82,TRADE
NSW1,2008/4/19 12:00,8835.61,28.67,TRADE
NSW1,2008/4/19 12:30,8743.2,28.15,TRADE
NSW1,2008/4/19 13:00,8652.95,28.1,TRADE
NSW1,2008/4/19 13:30,8552.03,28.1,TRADE
NSW1,2008/4/19 14:00,8423.03,28.09,TRADE
NSW1,2008/4/19 14:30,8360.22,28.26,TRADE
NSW1,2008/4/19 15:00,8358.16,28.09,TRADE
NSW1,2008/4/19 15:30,8321.02,29.47,TRADE
NSW1,2008/4/19 16:00,8399.63,28.1,TRADE
NSW1,2008/4/19 16:30,8504.97,28.25,TRADE
NSW1,2008/4/19 17:00,8706.77,29.26,TRADE
NSW1,2008/4/19 17:30,8947.7,33.29,TRADE
NSW1,2008/4/19 18:00,9396.79,49.58,TRADE
NSW1,2008/4/19 18:30,9552.09,74.84,TRADE
NSW1,2008/4/19 19:00,9312.1,59.64,TRADE
NSW1,2008/4/19 19:30,9000.81,35.9,TRADE
NSW1,2008/4/19 20:00,8782.69,32.25,TRADE
NSW1,2008/4/19 20:30,8633.11,29.98,TRADE
NSW1,2008/4/19 21:00,8536.87,28.42,TRADE
NSW1,2008/4/19 21:30,8292.3,28.09,TRADE
NSW1,2008/4/19 22:00,8165.12,28.1,TRADE
NSW1,2008/4/19 22:30,8220.95,31.03,TRADE
NSW1,2008/4/19 23:00,8137.54,28.74,TRADE
NSW1,2008/4/19 23:30,8032.17,29.53,TRADE
NSW1,2008/4/20 0:00,7813.03,27.45,TRADE
NSW1,2008/4/20 0:30,7654.35,28.07,TRADE
NSW1,2008/4/20 1:00,7463.22,27.38,TRADE
NSW1,2008/4/20 1:30,7229.81,28.16,TRADE
NSW1,2008/4/20 2:00,7040.79,25.52,TRADE
NSW1,2008/4/20 2:30,6773.97,23.3,TRADE
NSW1,2008/4/20 3:00,6519.89,20.52,TRADE
NSW1,2008/4/20 3:30,6352.38,20.76,TRADE
NSW1,2008/4/20 4:00,6289.89,19.05,TRADE
NSW1,2008/4/20 4:30,6259.27,19.1,TRADE
NSW1,2008/4/20 5:00,6234.68,19.18,TRADE
NSW1,2008/4/20 5:30,6311.34,20.11,TRADE
NSW1,2008/4/20 6:00,6416.43,20.56,TRADE
NSW1,2008/4/20 6:30,6563.18,21.02,TRADE
NSW1,2008/4/20 7:00,6721.17,22.18,TRADE
NSW1,2008/4/20 7:30,6959.38,20.51,TRADE
NSW1,2008/4/20 8:00,7329.94,24.5,TRADE
NSW1,2008/4/20 8:30,7755.49,28.3,TRADE
NSW1,2008/4/20 9:00,8067.25,28.31,TRADE
NSW1,2008/4/20 9:30,8347.11,30.4,TRADE
NSW1,2008/4/20 10:00,8496.25,33.67,TRADE
NSW1,2008/4/20 10:30,8626.02,27.22,TRADE
NSW1,2008/4/20 11:00,8633.77,28.1,TRADE
NSW1,2008/4/20 11:30,8540.82,28.1,TRADE
NSW1,2008/4/20 12:00,8492.67,28.1,TRADE
NSW1,2008/4/20 12:30,8482.77,28.08,TRADE
NSW1,2008/4/20 13:00,8365.69,28.1,TRADE
NSW1,2008/4/20 13:30,8324.45,28.09,TRADE
NSW1,2008/4/20 14:00,8240,29.44,TRADE
NSW1,2008/4/20 14:30,8173.54,28.55,TRADE
NSW1,2008/4/20 15:00,8165.99,28.1,TRADE
NSW1,2008/4/20 15:30,8221.55,28.36,TRADE
NSW1,2008/4/20 16:00,8272.04,28.1,TRADE
NSW1,2008/4/20 16:30,8353.88,29.09,TRADE
NSW1,2008/4/20 17:00,8592.91,31.53,TRADE
NSW1,2008/4/20 17:30,8771.59,33.25,TRADE
NSW1,2008/4/20 18:00,9361.82,54.3,TRADE
NSW1,2008/4/20 18:30,9562.4,75.91,TRADE
NSW1,2008/4/20 19:00,9444.03,67.44,TRADE
NSW1,2008/4/20 19:30,9212.52,41.38,TRADE
NSW1,2008/4/20 20:00,8996.78,33.25,TRADE
NSW1,2008/4/20 20:30,8887.19,32.79,TRADE
NSW1,2008/4/20 21:00,8679.61,29.81,TRADE
NSW1,2008/4/20 21:30,8447.64,28.14,TRADE
NSW1,2008/4/20 22:00,8205.91,28.1,TRADE
NSW1,2008/4/20 22:30,8154.05,28.97,TRADE
NSW1,2008/4/20 23:00,7987.44,27.38,TRADE
NSW1,2008/4/20 23:30,7918.88,28.64,TRADE
NSW1,2008/4/21 0:00,7735.74,28.03,TRADE
NSW1,2008/4/21 0:30,7550.21,26.67,TRADE
NSW1,2008/4/21 1:00,7373.17,27.45,TRADE
NSW1,2008/4/21 1:30,7215.29,28.17,TRADE
NSW1,2008/4/21 2:00,7104.6,28.89,TRADE
NSW1,2008/4/21 2:30,6759.89,25.36,TRADE
NSW1,2008/4/21 3:00,6610.85,26.23,TRADE
NSW1,2008/4/21 3:30,6494.55,23.43,TRADE
NSW1,2008/4/21 4:00,6405.07,21.46,TRADE
NSW1,2008/4/21 4:30,6458.53,21.82,TRADE
NSW1,2008/4/21 5:00,6602.1,23.93,TRADE
NSW1,2008/4/21 5:30,6871.57,24.31,TRADE
NSW1,2008/4/21 6:00,7179.97,25.41,TRADE
NSW1,2008/4/21 6:30,7855.35,29.09,TRADE
NSW1,2008/4/21 7:00,8367.69,30,TRADE
NSW1,2008/4/21 7:30,8735.67,30.98,TRADE
NSW1,2008/4/21 8:00,9156.48,34.84,TRADE
NSW1,2008/4/21 8:30,9425.8,38.01,TRADE
NSW1,2008/4/21 9:00,9554.78,37.09,TRADE
NSW1,2008/4/21 9:30,9708.34,52.15,TRADE
NSW1,2008/4/21 10:00,9678.77,50.68,TRADE
NSW1,2008/4/21 10:30,9753.77,43.82,TRADE
NSW1,2008/4/21 11:00,9845.64,48.29,TRADE
NSW1,2008/4/21 11:30,9772.82,46.31,TRADE
NSW1,2008/4/21 12:00,9749.36,43.1,TRADE
NSW1,2008/4/21 12:30,9695.85,41,TRADE
NSW1,2008/4/21 13:00,9694.38,39.98,TRADE
NSW1,2008/4/21 13:30,9613.66,38.22,TRADE
NSW1,2008/4/21 14:00,9484.44,36.45,TRADE
NSW1,2008/4/21 14:30,9603.18,42.92,TRADE
NSW1,2008/4/21 15:00,9527.52,35,TRADE
NSW1,2008/4/21 15:30,9479.45,34.3,TRADE
NSW1,2008/4/21 16:00,9527.36,34.84,TRADE
NSW1,2008/4/21 16:30,9606.58,36.16,TRADE
NSW1,2008/4/21 17:00,9775.09,39.03,TRADE
NSW1,2008/4/21 17:30,9982.76,44.35,TRADE
NSW1,2008/4/21 18:00,10546.8,76.61,TRADE
NSW1,2008/4/21 18:30,10586.93,79.05,TRADE
NSW1,2008/4/21 19:00,10377.31,59.55,TRADE
NSW1,2008/4/21 19:30,10000,44.44,TRADE
NSW1,2008/4/21 20:00,9804.14,40.2,TRADE
NSW1,2008/4/21 20:30,9619.06,35.63,TRADE
NSW1,2008/4/21 21:00,9420.03,34.61,TRADE
NSW1,2008/4/21 21:30,9126.87,32.65,TRADE
NSW1,2008/4/21 22:00,8813.44,28.8,TRADE
NSW1,2008/4/21 22:30,8905.34,38.11,TRADE
NSW1,2008/4/21 23:00,8786.16,35.3,TRADE
NSW1,2008/4/21 23:30,8605,33.79,TRADE
NSW1,2008/4/22 0:00,8504.33,33.08,TRADE
NSW1,2008/4/22 0:30,8353.71,29.27,TRADE
NSW1,2008/4/22 1:00,8179.26,28.22,TRADE
NSW1,2008/4/22 1:30,8062.96,29.25,TRADE
NSW1,2008/4/22 2:00,7848.29,27.08,TRADE
NSW1,2008/4/22 2:30,7403.09,24.51,TRADE
NSW1,2008/4/22 3:00,7081.4,24.11,TRADE
NSW1,2008/4/22 3:30,6844.34,23.99,TRADE
NSW1,2008/4/22 4:00,6731.88,20.67,TRADE
NSW1,2008/4/22 4:30,6725.19,23.8,TRADE
NSW1,2008/4/22 5:00,6759.93,24.69,TRADE
NSW1,2008/4/22 5:30,7034.45,26.91,TRADE
NSW1,2008/4/22 6:00,7412.96,28.58,TRADE
NSW1,2008/4/22 6:30,8065.84,31.25,TRADE
NSW1,2008/4/22 7:00,8571.93,33.92,TRADE
NSW1,2008/4/22 7:30,8905.71,34.2,TRADE
NSW1,2008/4/22 8:00,9313.04,41.3,TRADE
NSW1,2008/4/22 8:30,9586.75,44.31,TRADE
NSW1,2008/4/22 9:00,9661.64,40.51,TRADE
NSW1,2008/4/22 9:30,9876.48,58.56,TRADE
NSW1,2008/4/22 10:00,9883.95,46.29,TRADE
NSW1,2008/4/22 10:30,9854.12,40.58,TRADE
NSW1,2008/4/22 11:00,9893.36,40.92,TRADE
NSW1,2008/4/22 11:30,9799,40.92,TRADE
NSW1,2008/4/22 12:00,9817.05,41.04,TRADE
NSW1,2008/4/22 12:30,9745.3,40.11,TRADE
NSW1,2008/4/22 13:00,9739.82,39.67,TRADE
NSW1,2008/4/22 13:30,9633.9,36.78,TRADE
NSW1,2008/4/22 14:00,9613.46,36.2,TRADE
NSW1,2008/4/22 14:30,9538.71,36.16,TRADE
NSW1,2008/4/22 15:00,9542.53,36.86,TRADE
NSW1,2008/4/22 15:30,9542.84,34.9,TRADE
NSW1,2008/4/22 16:00,9532.07,40.87,TRADE
NSW1,2008/4/22 16:30,9621.36,46.54,TRADE
NSW1,2008/4/22 17:00,9801.64,50.5,TRADE
NSW1,2008/4/22 17:30,10019.72,56.09,TRADE
NSW1,2008/4/22 18:00,10541.3,87.3,TRADE
NSW1,2008/4/22 18:30,10563.35,92.26,TRADE
NSW1,2008/4/22 19:00,10384.96,75.49,TRADE
NSW1,2008/4/22 19:30,10051.74,50.72,TRADE
NSW1,2008/4/22 20:00,9840.33,50.12,TRADE
NSW1,2008/4/22 20:30,9664.3,38.58,TRADE
NSW1,2008/4/22 21:00,9496.92,36.96,TRADE
NSW1,2008/4/22 21:30,9194.79,36.6,TRADE
NSW1,2008/4/22 22:00,8948.35,34.32,TRADE
NSW1,2008/4/22 22:30,9136.94,48.65,TRADE
NSW1,2008/4/22 23:00,8891.46,40.67,TRADE
NSW1,2008/4/22 23:30,8784.23,41.43,TRADE
NSW1,2008/4/23 0:00,8611.89,35.99,TRADE
NSW1,2008/4/23 0:30,8424.18,33.97,TRADE
NSW1,2008/4/23 1:00,8278.28,34.02,TRADE
NSW1,2008/4/23 1:30,8078.73,34.39,TRADE
NSW1,2008/4/23 2:00,7821.57,30.24,TRADE
NSW1,2008/4/23 2:30,7330.32,26.97,TRADE
NSW1,2008/4/23 3:00,7058.25,26.95,TRADE
NSW1,2008/4/23 3:30,6787.44,24.19,TRADE
NSW1,2008/4/23 4:00,6686.06,23.2,TRADE
NSW1,2008/4/23 4:30,6636,23.69,TRADE
NSW1,2008/4/23 5:00,6704.27,24.45,TRADE
NSW1,2008/4/23 5:30,6902.62,26.67,TRADE
NSW1,2008/4/23 6:00,7276.07,28.95,TRADE
NSW1,2008/4/23 6:30,7954.18,32.02,TRADE
NSW1,2008/4/23 7:00,8465.58,34.88,TRADE
NSW1,2008/4/23 7:30,8727.23,34.41,TRADE
NSW1,2008/4/23 8:00,9103.1,41.11,TRADE
NSW1,2008/4/23 8:30,9363.2,42.44,TRADE
NSW1,2008/4/23 9:00,9490.37,38.18,TRADE
NSW1,2008/4/23 9:30,9637.29,43.68,TRADE
NSW1,2008/4/23 10:00,9694.67,45.74,TRADE
NSW1,2008/4/23 10:30,9731.3,45.02,TRADE
NSW1,2008/4/23 11:00,9769.56,45.43,TRADE
NSW1,2008/4/23 11:30,9756.83,42.16,TRADE
NSW1,2008/4/23 12:00,9714.61,44.75,TRADE
NSW1,2008/4/23 12:30,9632.88,40.4,TRADE
NSW1,2008/4/23 13:00,9622.17,37.25,TRADE
NSW1,2008/4/23 13:30,9587.09,35,TRADE
NSW1,2008/4/23 14:00,9471.27,34.67,TRADE
NSW1,2008/4/23 14:30,9578.62,34.6,TRADE
NSW1,2008/4/23 15:00,9509.65,34.63,TRADE
NSW1,2008/4/23 15:30,9571.57,35.01,TRADE
NSW1,2008/4/23 16:00,9583.38,34.81,TRADE
NSW1,2008/4/23 16:30,9605.36,33.63,TRADE
NSW1,2008/4/23 17:00,9783.07,33.72,TRADE
NSW1,2008/4/23 17:30,10073.35,34.59,TRADE
NSW1,2008/4/23 18:00,10550.15,45.28,TRADE
NSW1,2008/4/23 18:30,10627.94,45.25,TRADE
NSW1,2008/4/23 19:00,10409.35,37.71,TRADE
NSW1,2008/4/23 19:30,10109.26,33.41,TRADE
NSW1,2008/4/23 20:00,9876.3,33.81,TRADE
NSW1,2008/4/23 20:30,9770.47,33.73,TRADE
NSW1,2008/4/23 21:00,9510.81,33.73,TRADE
NSW1,2008/4/23 21:30,9283.67,33.64,TRADE
NSW1,2008/4/23 22:00,8951.71,30.72,TRADE
NSW1,2008/4/23 22:30,9065.66,34.61,TRADE
NSW1,2008/4/23 23:00,8860.13,34.06,TRADE
NSW1,2008/4/23 23:30,8764.34,35.64,TRADE
NSW1,2008/4/24 0:00,8614.37,33.17,TRADE
NSW1,2008/4/24 0:30,8418.02,29.65,TRADE
NSW1,2008/4/24 1:00,8231.96,28.21,TRADE
NSW1,2008/4/24 1:30,8062.99,30.95,TRADE
NSW1,2008/4/24 2:00,7844.76,28.09,TRADE
NSW1,2008/4/24 2:30,7419.41,26.71,TRADE
NSW1,2008/4/24 3:00,7076.13,24.16,TRADE
NSW1,2008/4/24 3:30,6828.65,23.84,TRADE
NSW1,2008/4/24 4:00,6763.2,24.03,TRADE
NSW1,2008/4/24 4:30,6764.34,23.71,TRADE
NSW1,2008/4/24 5:00,6865.95,23.92,TRADE
NSW1,2008/4/24 5:30,7026.71,25.16,TRADE
NSW1,2008/4/24 6:00,7444.25,27.88,TRADE
NSW1,2008/4/24 6:30,8100.29,30.85,TRADE
NSW1,2008/4/24 7:00,8632.64,32.21,TRADE
NSW1,2008/4/24 7:30,8924.12,32.59,TRADE
NSW1,2008/4/24 8:00,9298.59,34.79,TRADE
NSW1,2008/4/24 8:30,9570.71,34.8,TRADE
NSW1,2008/4/24 9:00,9678.41,34.39,TRADE
NSW1,2008/4/24 9:30,9864.66,34.71,TRADE
NSW1,2008/4/24 10:00,9875.35,34.62,TRADE
NSW1,2008/4/24 10:30,9881.3,34.97,TRADE
NSW1,2008/4/24 11:00,9841.89,35.04,TRADE
NSW1,2008/4/24 11:30,9676,34.24,TRADE
NSW1,2008/4/24 12:00,9665.71,32.54,TRADE
NSW1,2008/4/24 12:30,9693.48,32.45,TRADE
NSW1,2008/4/24 13:00,9628.93,32.48,TRADE
NSW1,2008/4/24 13:30,9555.25,32.24,TRADE
NSW1,2008/4/24 14:00,9546.54,31.27,TRADE
NSW1,2008/4/24 14:30,9472.15,31.61,TRADE
NSW1,2008/4/24 15:00,9396,30.45,TRADE
NSW1,2008/4/24 15:30,9398.91,30.19,TRADE
NSW1,2008/4/24 16:00,9417.29,30.55,TRADE
NSW1,2008/4/24 16:30,9465.96,30.61,TRADE
NSW1,2008/4/24 17:00,9645.29,31.46,TRADE
NSW1,2008/4/24 17:30,9871.62,31.05,TRADE
NSW1,2008/4/24 18:00,10301.61,38.61,TRADE
NSW1,2008/4/24 18:30,10337.18,48.01,TRADE
NSW1,2008/4/24 19:00,10180.14,34.04,TRADE
NSW1,2008/4/24 19:30,9911.67,29.7,TRADE
NSW1,2008/4/24 20:00,9622.29,28.58,TRADE
NSW1,2008/4/24 20:30,9481.05,29.84,TRADE
NSW1,2008/4/24 21:00,9305.86,31.48,TRADE
NSW1,2008/4/24 21:30,8972.46,28.55,TRADE
NSW1,2008/4/24 22:00,8641.36,27.77,TRADE
NSW1,2008/4/24 22:30,8822.83,33.58,TRADE
NSW1,2008/4/24 23:00,8640.52,29.17,TRADE
NSW1,2008/4/24 23:30,8579.34,32.35,TRADE
NSW1,2008/4/25 0:00,8467,29.56,TRADE
NSW1,2008/4/25 0:30,8271.14,27.97,TRADE
NSW1,2008/4/25 1:00,8039.54,27.89,TRADE
NSW1,2008/4/25 1:30,7877.97,31.21,TRADE
NSW1,2008/4/25 2:00,7623.47,27.54,TRADE
NSW1,2008/4/25 2:30,7238.2,24.49,TRADE
NSW1,2008/4/25 3:00,6934.28,21.68,TRADE
NSW1,2008/4/25 3:30,6665.49,19.3,TRADE
NSW1,2008/4/25 4:00,6538.71,18.01,TRADE
NSW1,2008/4/25 4:30,6464.06,18,TRADE
NSW1,2008/4/25 5:00,6435.81,18,TRADE
NSW1,2008/4/25 5:30,6567.95,18,TRADE
NSW1,2008/4/25 6:00,6669.51,18.24,TRADE
NSW1,2008/4/25 6:30,6858.97,20.19,TRADE
NSW1,2008/4/25 7:00,6964.66,20.93,TRADE
NSW1,2008/4/25 7:30,7076.98,20.75,TRADE
NSW1,2008/4/25 8:00,7354.21,21.76,TRADE
NSW1,2008/4/25 8:30,7634.5,26.35,TRADE
NSW1,2008/4/25 9:00,7884.27,27.92,TRADE
NSW1,2008/4/25 9:30,8135.79,28.18,TRADE
NSW1,2008/4/25 10:00,8315.06,28.09,TRADE
NSW1,2008/4/25 10:30,8448.84,28.14,TRADE
NSW1,2008/4/25 11:00,8472.8,28.1,TRADE
NSW1,2008/4/25 11:30,8437.74,28.37,TRADE
NSW1,2008/4/25 12:00,8457.12,29.02,TRADE
NSW1,2008/4/25 12:30,8491.95,28.59,TRADE
NSW1,2008/4/25 13:00,8422.69,28.4,TRADE
NSW1,2008/4/25 13:30,8384.93,27.37,TRADE
NSW1,2008/4/25 14:00,8209.46,27.98,TRADE
NSW1,2008/4/25 14:30,8106.32,27.33,TRADE
NSW1,2008/4/25 15:00,8084.37,27.92,TRADE
NSW1,2008/4/25 15:30,8033.92,28.39,TRADE
NSW1,2008/4/25 16:00,8073.3,28.1,TRADE
NSW1,2008/4/25 16:30,8138.72,28.94,TRADE
NSW1,2008/4/25 17:00,8315.28,30.23,TRADE
NSW1,2008/4/25 17:30,8655.13,31.58,TRADE
NSW1,2008/4/25 18:00,9143.76,41.38,TRADE
NSW1,2008/4/25 18:30,9302.22,50.67,TRADE
NSW1,2008/4/25 19:00,9093.31,34.64,TRADE
NSW1,2008/4/25 19:30,8869.52,29.32,TRADE
NSW1,2008/4/25 20:00,8693.46,28.09,TRADE
NSW1,2008/4/25 20:30,8552.11,28.24,TRADE
NSW1,2008/4/25 21:00,8412.34,28.13,TRADE
NSW1,2008/4/25 21:30,8180.75,26.81,TRADE
NSW1,2008/4/25 22:00,7971.21,24.81,TRADE
NSW1,2008/4/25 22:30,8226.59,28.34,TRADE
NSW1,2008/4/25 23:00,8182.02,27.24,TRADE
NSW1,2008/4/25 23:30,8175.62,35.03,TRADE
NSW1,2008/4/26 0:00,8172.97,29.54,TRADE
NSW1,2008/4/26 0:30,8039.02,27.48,TRADE
NSW1,2008/4/26 1:00,7878.32,23.39,TRADE
NSW1,2008/4/26 1:30,7657.25,24.32,TRADE
NSW1,2008/4/26 2:00,7442.35,24.23,TRADE
NSW1,2008/4/26 2:30,7116.81,20.33,TRADE
NSW1,2008/4/26 3:00,6827.39,18.49,TRADE
NSW1,2008/4/26 3:30,6618,18,TRADE
NSW1,2008/4/26 4:00,6444.87,18,TRADE
NSW1,2008/4/26 4:30,6334.32,16.92,TRADE
NSW1,2008/4/26 5:00,6314.9,18,TRADE
NSW1,2008/4/26 5:30,6356.88,17,TRADE
NSW1,2008/4/26 6:00,6490.22,18,TRADE
NSW1,2008/4/26 6:30,6715.37,18.14,TRADE
NSW1,2008/4/26 7:00,6979.55,19.94,TRADE
NSW1,2008/4/26 7:30,7282.93,21.91,TRADE
NSW1,2008/4/26 8:00,7672.29,22.94,TRADE
NSW1,2008/4/26 8:30,8069.22,25.92,TRADE
NSW1,2008/4/26 9:00,8341.5,27.89,TRADE
NSW1,2008/4/26 9:30,8663.53,28.83,TRADE
NSW1,2008/4/26 10:00,8692.71,28.09,TRADE
NSW1,2008/4/26 10:30,8738.92,28.1,TRADE
NSW1,2008/4/26 11:00,8616.63,28.08,TRADE
NSW1,2008/4/26 11:30,8514.9,28.1,TRADE
NSW1,2008/4/26 12:00,8441.4,28.1,TRADE
NSW1,2008/4/26 12:30,8351.24,27.93,TRADE
NSW1,2008/4/26 13:00,8302.88,28.05,TRADE
NSW1,2008/4/26 13:30,8157.27,27.69,TRADE
NSW1,2008/4/26 14:00,8101.09,27.91,TRADE
NSW1,2008/4/26 14:30,8063.55,27.96,TRADE
NSW1,2008/4/26 15:00,8033.84,27.88,TRADE
NSW1,2008/4/26 15:30,8004.14,27.54,TRADE
NSW1,2008/4/26 16:00,8037.67,28.08,TRADE
NSW1,2008/4/26 16:30,8145.58,28.06,TRADE
NSW1,2008/4/26 17:00,8280.41,28.09,TRADE
NSW1,2008/4/26 17:30,8414.21,27.81,TRADE
NSW1,2008/4/26 18:00,9008.22,35.68,TRADE
NSW1,2008/4/26 18:30,9106.46,36.56,TRADE
NSW1,2008/4/26 19:00,8970.95,34.1,TRADE
NSW1,2008/4/26 19:30,8690.88,29,TRADE
NSW1,2008/4/26 20:00,8484.08,28.09,TRADE
NSW1,2008/4/26 20:30,8366.64,28.14,TRADE
NSW1,2008/4/26 21:00,8263.51,28.1,TRADE
NSW1,2008/4/26 21:30,8062.89,28.1,TRADE
NSW1,2008/4/26 22:00,7951.15,28.1,TRADE
NSW1,2008/4/26 22:30,8012.94,28.16,TRADE
NSW1,2008/4/26 23:00,7976.29,28.78,TRADE
NSW1,2008/4/26 23:30,7938.28,35.24,TRADE
NSW1,2008/4/27 0:00,7777.85,29.35,TRADE
NSW1,2008/4/27 0:30,7558.11,27.9,TRADE
NSW1,2008/4/27 1:00,7330.91,27.59,TRADE
NSW1,2008/4/27 1:30,7203.88,29.42,TRADE
NSW1,2008/4/27 2:00,7017.4,26.75,TRADE
NSW1,2008/4/27 2:30,6691.09,22.18,TRADE
NSW1,2008/4/27 3:00,6476.74,20.89,TRADE
NSW1,2008/4/27 3:30,6307.94,18.52,TRADE
NSW1,2008/4/27 4:00,6195.3,18.17,TRADE
NSW1,2008/4/27 4:30,6144.73,18,TRADE
NSW1,2008/4/27 5:00,6159.71,18,TRADE
NSW1,2008/4/27 5:30,6251.76,18.08,TRADE
NSW1,2008/4/27 6:00,6310.15,18.31,TRADE
NSW1,2008/4/27 6:30,6443.36,19.39,TRADE
NSW1,2008/4/27 7:00,6545.01,21.95,TRADE
NSW1,2008/4/27 7:30,6813.66,21.5,TRADE
NSW1,2008/4/27 8:00,7198.28,23.46,TRADE
NSW1,2008/4/27 8:30,7534.91,26.98,TRADE
NSW1,2008/4/27 9:00,7887.91,28.1,TRADE
NSW1,2008/4/27 9:30,8158.57,29.52,TRADE
NSW1,2008/4/27 10:00,8287.62,29.03,TRADE
NSW1,2008/4/27 10:30,8379.59,27.76,TRADE
NSW1,2008/4/27 11:00,8354.97,27.85,TRADE
NSW1,2008/4/27 11:30,8319.06,28.26,TRADE
NSW1,2008/4/27 12:00,8272.87,27.92,TRADE
NSW1,2008/4/27 12:30,8211.43,28.19,TRADE
NSW1,2008/4/27 13:00,8183.9,28.19,TRADE
NSW1,2008/4/27 13:30,8103.53,28.1,TRADE
NSW1,2008/4/27 14:00,8050.22,28.1,TRADE
NSW1,2008/4/27 14:30,8008.91,28.23,TRADE
NSW1,2008/4/27 15:00,7979.99,28.1,TRADE
NSW1,2008/4/27 15:30,8048.93,28.1,TRADE
NSW1,2008/4/27 16:00,8107.02,28.34,TRADE
NSW1,2008/4/27 16:30,8236.17,29.72,TRADE
NSW1,2008/4/27 17:00,8414.63,32.32,TRADE
NSW1,2008/4/27 17:30,8667.02,34.19,TRADE
NSW1,2008/4/27 18:00,9254.87,55.87,TRADE
NSW1,2008/4/27 18:30,9344.67,66.66,TRADE
NSW1,2008/4/27 19:00,9183.81,56.07,TRADE
NSW1,2008/4/27 19:30,8959.17,41.69,TRADE
NSW1,2008/4/27 20:00,8767.12,38.4,TRADE
NSW1,2008/4/27 20:30,8589.52,34.09,TRADE
NSW1,2008/4/27 21:00,8480.46,33.7,TRADE
NSW1,2008/4/27 21:30,8283.73,31.4,TRADE
NSW1,2008/4/27 22:00,8060.87,28.4,TRADE
NSW1,2008/4/27 22:30,8055.56,29.8,TRADE
NSW1,2008/4/27 23:00,7921.69,27.81,TRADE
NSW1,2008/4/27 23:30,7916.74,31.02,TRADE
NSW1,2008/4/28 0:00,7673.5,28.44,TRADE
NSW1,2008/4/28 0:30,7478.79,27.53,TRADE
NSW1,2008/4/28 1:00,7336.67,27.66,TRADE
NSW1,2008/4/28 1:30,7169.87,29.3,TRADE
NSW1,2008/4/28 2:00,7054.84,25.95,TRADE
NSW1,2008/4/28 2:30,6769.83,21.92,TRADE
NSW1,2008/4/28 3:00,6552.8,20.72,TRADE
NSW1,2008/4/28 3:30,6446.05,20.16,TRADE
NSW1,2008/4/28 4:00,6338.43,19.07,TRADE
NSW1,2008/4/28 4:30,6408.67,22.69,TRADE
NSW1,2008/4/28 5:00,6493.78,21.21,TRADE
NSW1,2008/4/28 5:30,6782.98,23.26,TRADE
NSW1,2008/4/28 6:00,7157.93,26.32,TRADE
NSW1,2008/4/28 6:30,7870.34,31.96,TRADE
NSW1,2008/4/28 7:00,8533.83,32.59,TRADE
NSW1,2008/4/28 7:30,8937.19,30.71,TRADE
NSW1,2008/4/28 8:00,9343.92,34.28,TRADE
NSW1,2008/4/28 8:30,9536.53,35.11,TRADE
NSW1,2008/4/28 9:00,9561.85,35.63,TRADE
NSW1,2008/4/28 9:30,9716.74,38.37,TRADE
NSW1,2008/4/28 10:00,9769.05,38,TRADE
NSW1,2008/4/28 10:30,9803.27,40.95,TRADE
NSW1,2008/4/28 11:00,9726.08,38.23,TRADE
NSW1,2008/4/28 11:30,9700.16,38.51,TRADE
NSW1,2008/4/28 12:00,9739.71,40.98,TRADE
NSW1,2008/4/28 12:30,9678.14,40.34,TRADE
NSW1,2008/4/28 13:00,9703.43,42.39,TRADE
NSW1,2008/4/28 13:30,9583.71,41.77,TRADE
NSW1,2008/4/28 14:00,9544.41,39.57,TRADE
NSW1,2008/4/28 14:30,9613.04,40.17,TRADE
NSW1,2008/4/28 15:00,9599.13,41.54,TRADE
NSW1,2008/4/28 15:30,9606.28,42.66,TRADE
NSW1,2008/4/28 16:00,9703.31,46.45,TRADE
NSW1,2008/4/28 16:30,9830.67,48.2,TRADE
NSW1,2008/4/28 17:00,10088.05,61.66,TRADE
NSW1,2008/4/28 17:30,10543.89,69.37,TRADE
NSW1,2008/4/28 18:00,11251.57,125.05,TRADE
NSW1,2008/4/28 18:30,11498.14,130.31,TRADE
NSW1,2008/4/28 19:00,11360.68,98.89,TRADE
NSW1,2008/4/28 19:30,11059.68,88.77,TRADE
NSW1,2008/4/28 20:00,10858.07,86.49,TRADE
NSW1,2008/4/28 20:30,10646.97,69.43,TRADE
NSW1,2008/4/28 21:00,10420.41,76.97,TRADE
NSW1,2008/4/28 21:30,10074.45,66.13,TRADE
NSW1,2008/4/28 22:00,9634.07,43.07,TRADE
NSW1,2008/4/28 22:30,9709.75,61.96,TRADE
NSW1,2008/4/28 23:00,9339.55,46.88,TRADE
NSW1,2008/4/28 23:30,9134.48,51.03,TRADE
NSW1,2008/4/29 0:00,9025.86,51.8,TRADE
NSW1,2008/4/29 0:30,8830.78,36.69,TRADE
NSW1,2008/4/29 1:00,8690.6,34.28,TRADE
NSW1,2008/4/29 1:30,8450.73,29.85,TRADE
NSW1,2008/4/29 2:00,8183.85,28.58,TRADE
NSW1,2008/4/29 2:30,7823.23,27.59,TRADE
NSW1,2008/4/29 3:00,7469.87,27.7,TRADE
NSW1,2008/4/29 3:30,7211.74,27,TRADE
NSW1,2008/4/29 4:00,7053.72,24.42,TRADE
NSW1,2008/4/29 4:30,7046.41,23.52,TRADE
NSW1,2008/4/29 5:00,7066.55,26.41,TRADE
NSW1,2008/4/29 5:30,7451.55,28,TRADE
NSW1,2008/4/29 6:00,7910.91,30.13,TRADE
NSW1,2008/4/29 6:30,8836.6,51.05,TRADE
NSW1,2008/4/29 7:00,9688.76,83.33,TRADE
NSW1,2008/4/29 7:30,10073.09,79.27,TRADE
NSW1,2008/4/29 8:00,10498.65,86.23,TRADE
NSW1,2008/4/29 8:30,10458.48,82.67,TRADE
NSW1,2008/4/29 9:00,10312.65,61.24,TRADE
NSW1,2008/4/29 9:30,10302.91,60.82,TRADE
NSW1,2008/4/29 10:00,10256.71,64.14,TRADE
NSW1,2008/4/29 10:30,10132.37,55.46,TRADE
NSW1,2008/4/29 11:00,10030.47,52.46,TRADE
NSW1,2008/4/29 11:30,9865.14,42.07,TRADE
NSW1,2008/4/29 12:00,9787.35,41.82,TRADE
NSW1,2008/4/29 12:30,9707.5,39.97,TRADE
NSW1,2008/4/29 13:00,9625.28,38.38,TRADE
NSW1,2008/4/29 13:30,9599.19,40.53,TRADE
NSW1,2008/4/29 14:00,9563.34,40.53,TRADE
NSW1,2008/4/29 14:30,9514.25,41.22,TRADE
NSW1,2008/4/29 15:00,9436.73,40.61,TRADE
NSW1,2008/4/29 15:30,9385.56,40.45,TRADE
NSW1,2008/4/29 16:00,9429.12,42.12,TRADE
NSW1,2008/4/29 16:30,9589.53,44.95,TRADE
NSW1,2008/4/29 17:00,9862.58,53.47,TRADE
NSW1,2008/4/29 17:30,10350,65.64,TRADE
NSW1,2008/4/29 18:00,11194.18,125.61,TRADE
NSW1,2008/4/29 18:30,11383.87,109.18,TRADE
NSW1,2008/4/29 19:00,11342.87,94.88,TRADE
NSW1,2008/4/29 19:30,11129.27,91.9,TRADE
NSW1,2008/4/29 20:00,10898.24,90.3,TRADE
NSW1,2008/4/29 20:30,10792.99,90.34,TRADE
NSW1,2008/4/29 21:00,10562.56,86.94,TRADE
NSW1,2008/4/29 21:30,10219.57,84.86,TRADE
NSW1,2008/4/29 22:00,9796.79,63.69,TRADE
NSW1,2008/4/29 22:30,9778.29,84.28,TRADE
NSW1,2008/4/29 23:00,9473.9,67.11,TRADE
NSW1,2008/4/29 23:30,9285.82,64.01,TRADE
NSW1,2008/4/30 0:00,9128.53,52.13,TRADE
NSW1,2008/4/30 0:30,8891.57,45.19,TRADE
NSW1,2008/4/30 1:00,8790.24,35.28,TRADE
NSW1,2008/4/30 1:30,8559.71,29.67,TRADE
NSW1,2008/4/30 2:00,8355.57,29.01,TRADE
NSW1,2008/4/30 2:30,7960.97,27.54,TRADE
NSW1,2008/4/30 3:00,7530.38,26.39,TRADE
NSW1,2008/4/30 3:30,7273.63,24.52,TRADE
NSW1,2008/4/30 4:00,7152.83,23.73,TRADE
NSW1,2008/4/30 4:30,7117.12,23,TRADE
NSW1,2008/4/30 5:00,7237.24,24.75,TRADE
NSW1,2008/4/30 5:30,7545.44,27.37,TRADE
NSW1,2008/4/30 6:00,8017.23,31.35,TRADE
NSW1,2008/4/30 6:30,8962.7,53.72,TRADE
NSW1,2008/4/30 7:00,9778.8,86.53,TRADE
NSW1,2008/4/30 7:30,10199.62,91.12,TRADE
NSW1,2008/4/30 8:00,10579.64,90.53,TRADE
NSW1,2008/4/30 8:30,10551.13,87.61,TRADE
NSW1,2008/4/30 9:00,10329.96,76.52,TRADE
NSW1,2008/4/30 9:30,10287.08,71,TRADE
NSW1,2008/4/30 10:00,10175.53,67.67,TRADE
NSW1,2008/4/30 10:30,10039.48,62.95,TRADE
NSW1,2008/4/30 11:00,9938.28,60.36,TRADE
NSW1,2008/4/30 11:30,9751.43,59.83,TRADE
NSW1,2008/4/30 12:00,9649.36,54.78,TRADE
NSW1,2008/4/30 12:30,9600.65,42.79,TRADE
NSW1,2008/4/30 13:00,9560.84,47.57,TRADE
NSW1,2008/4/30 13:30,9484.92,48.21,TRADE
NSW1,2008/4/30 14:00,9440.02,42.34,TRADE
NSW1,2008/4/30 14:30,9452.25,42.32,TRADE
NSW1,2008/4/30 15:00,9413.63,42.37,TRADE
NSW1,2008/4/30 15:30,9421.36,42.3,TRADE
NSW1,2008/4/30 16:00,9416.81,42.18,TRADE
NSW1,2008/4/30 16:30,9538.93,44.2,TRADE
NSW1,2008/4/30 17:00,9832.2,60.74,TRADE
NSW1,2008/4/30 17:30,10434.1,80.78,TRADE
NSW1,2008/4/30 18:00,11130.09,127.27,TRADE
NSW1,2008/4/30 18:30,11227.56,99.71,TRADE
NSW1,2008/4/30 19:00,11104.16,89.8,TRADE
NSW1,2008/4/30 19:30,10827.23,85.19,TRADE
NSW1,2008/4/30 20:00,10623.11,79.01,TRADE
NSW1,2008/4/30 20:30,10480.65,75.15,TRADE
NSW1,2008/4/30 21:00,10219.29,73.34,TRADE
NSW1,2008/4/30 21:30,9879.3,72.53,TRADE
NSW1,2008/4/30 22:00,9487.02,54.31,TRADE
NSW1,2008/4/30 22:30,9464.48,72.38,TRADE
NSW1,2008/4/30 23:00,9213.57,52.8,TRADE
NSW1,2008/4/30 23:30,9062.41,63.96,TRADE
NSW1,2008/5/1 0:00,8891.63,55.11,TRADE
?NSW1,2008/5/1 0:30,8711.03,44.99,TRADE
NSW1,2008/5/1 1:00,8544.47,35.35,TRADE
NSW1,2008/5/1 1:30,8373.13,32.07,TRADE
NSW1,2008/5/1 2:00,8120.6,29.03,TRADE
NSW1,2008/5/1 2:30,7735.89,28.06,TRADE
NSW1,2008/5/1 3:00,7366.74,27.25,TRADE
NSW1,2008/5/1 3:30,7108.13,26.25,TRADE
NSW1,2008/5/1 4:00,6948.52,22.24,TRADE
NSW1,2008/5/1 4:30,6914.95,21.5,TRADE
NSW1,2008/5/1 5:00,7007.33,23.19,TRADE
NSW1,2008/5/1 5:30,7379.47,27.48,TRADE
NSW1,2008/5/1 6:00,7801.36,28.53,TRADE
NSW1,2008/5/1 6:30,8665.71,40,TRADE
NSW1,2008/5/1 7:00,9365.95,58.94,TRADE
NSW1,2008/5/1 7:30,9757.02,48.46,TRADE
NSW1,2008/5/1 8:00,10121.63,61.04,TRADE
NSW1,2008/5/1 8:30,10156.17,64.01,TRADE
NSW1,2008/5/1 9:00,9990.96,46.83,TRADE
NSW1,2008/5/1 9:30,10020.44,44.01,TRADE
NSW1,2008/5/1 10:00,9962.71,42.29,TRADE
NSW1,2008/5/1 10:30,9900.48,41.77,TRADE
NSW1,2008/5/1 11:00,9890.34,41.12,TRADE
NSW1,2008/5/1 11:30,9776.92,40.05,TRADE
NSW1,2008/5/1 12:00,9782.64,41,TRADE
NSW1,2008/5/1 12:30,9678.57,39.31,TRADE
NSW1,2008/5/1 13:00,9612.88,34.19,TRADE
NSW1,2008/5/1 13:30,9625.43,33.92,TRADE
NSW1,2008/5/1 14:00,9590.53,33.79,TRADE
NSW1,2008/5/1 14:30,9603.52,37.46,TRADE
NSW1,2008/5/1 15:00,9506.72,33.09,TRADE
NSW1,2008/5/1 15:30,9548.9,33.24,TRADE
NSW1,2008/5/1 16:00,9683.31,35.58,TRADE
NSW1,2008/5/1 16:30,9887.05,48.66,TRADE
NSW1,2008/5/1 17:00,10235.88,69.65,TRADE
NSW1,2008/5/1 17:30,10606.41,79.16,TRADE
NSW1,2008/5/1 18:00,11205.98,97.95,TRADE
NSW1,2008/5/1 18:30,11227.61,97.9,TRADE
NSW1,2008/5/1 19:00,11128.17,87.77,TRADE
NSW1,2008/5/1 19:30,10894.6,80.86,TRADE
NSW1,2008/5/1 20:00,10643.78,81.49,TRADE
NSW1,2008/5/1 20:30,10464.62,74.06,TRADE
NSW1,2008/5/1 21:00,10238.65,57.46,TRADE
NSW1,2008/5/1 21:30,9885.06,36.35,TRADE
NSW1,2008/5/1 22:00,9502.43,28.23,TRADE
NSW1,2008/5/1 22:30,9528.52,57.33,TRADE
NSW1,2008/5/1 23:00,9286.4,39.21,TRADE
NSW1,2008/5/1 23:30,9140.13,33.58,TRADE
NSW1,2008/5/2 0:00,8923.41,30.7,TRADE
NSW1,2008/5/2 0:30,8730.36,28.09,TRADE
NSW1,2008/5/2 1:00,8545.99,28.4,TRADE
NSW1,2008/5/2 1:30,8398.62,27.93,TRADE
NSW1,2008/5/2 2:00,8127.69,28.07,TRADE
NSW1,2008/5/2 2:30,7706.83,28.08,TRADE
NSW1,2008/5/2 3:00,7387.31,28.38,TRADE
NSW1,2008/5/2 3:30,7145.12,27.83,TRADE
NSW1,2008/5/2 4:00,6982.52,27.72,TRADE
NSW1,2008/5/2 4:30,6958.94,28.04,TRADE
NSW1,2008/5/2 5:00,7034.22,28.37,TRADE
NSW1,2008/5/2 5:30,7378.59,28.09,TRADE
NSW1,2008/5/2 6:00,7752.85,27.74,TRADE
NSW1,2008/5/2 6:30,8488.07,34.98,TRADE
NSW1,2008/5/2 7:00,9269.05,50.41,TRADE
NSW1,2008/5/2 7:30,9688.87,39.98,TRADE
NSW1,2008/5/2 8:00,10009.29,56.91,TRADE
NSW1,2008/5/2 8:30,10000.16,41.53,TRADE
NSW1,2008/5/2 9:00,9868.63,37.23,TRADE
NSW1,2008/5/2 9:30,9858.26,39.85,TRADE
NSW1,2008/5/2 10:00,9714.76,39.1,TRADE
NSW1,2008/5/2 10:30,9686.16,41.73,TRADE
NSW1,2008/5/2 11:00,9677.29,42.24,TRADE
NSW1,2008/5/2 11:30,9544.92,42.46,TRADE
NSW1,2008/5/2 12:00,9464.11,42.38,TRADE
NSW1,2008/5/2 12:30,9425.84,41.57,TRADE
NSW1,2008/5/2 13:00,9360.85,40.83,TRADE
NSW1,2008/5/2 13:30,9304.86,40.33,TRADE
NSW1,2008/5/2 14:00,9284.53,36.51,TRADE
NSW1,2008/5/2 14:30,9312.57,32.47,TRADE
NSW1,2008/5/2 15:00,9167.79,28.73,TRADE
NSW1,2008/5/2 15:30,9169.87,28.61,TRADE
NSW1,2008/5/2 16:00,9214.89,28.58,TRADE
NSW1,2008/5/2 16:30,9239.92,31.56,TRADE
NSW1,2008/5/2 17:00,9330.89,28.85,TRADE
NSW1,2008/5/2 17:30,9648.67,37.89,TRADE
NSW1,2008/5/2 18:00,10261.4,67.47,TRADE
NSW1,2008/5/2 18:30,10326.03,59.42,TRADE
NSW1,2008/5/2 19:00,10195.43,51.74,TRADE
NSW1,2008/5/2 19:30,9944.7,49.47,TRADE
NSW1,2008/5/2 20:00,9786.73,43.31,TRADE
NSW1,2008/5/2 20:30,9650.68,53.9,TRADE
NSW1,2008/5/2 21:00,9520.71,58.07,TRADE
NSW1,2008/5/2 21:30,9258.99,50.48,TRADE
NSW1,2008/5/2 22:00,9015.92,35.67,TRADE
NSW1,2008/5/2 22:30,9190.28,59.25,TRADE
NSW1,2008/5/2 23:00,9031.16,48.56,TRADE
NSW1,2008/5/2 23:30,9036.07,68.71,TRADE
NSW1,2008/5/3 0:00,8919.45,51.39,TRADE
NSW1,2008/5/3 0:30,8722.35,45,TRADE
NSW1,2008/5/3 1:00,8518.87,35.44,TRADE
NSW1,2008/5/3 1:30,8310.94,30.26,TRADE
NSW1,2008/5/3 2:00,7993.69,28.63,TRADE
NSW1,2008/5/3 2:30,7621.6,28.29,TRADE
NSW1,2008/5/3 3:00,7222.51,27.95,TRADE
NSW1,2008/5/3 3:30,6941.16,28.05,TRADE
NSW1,2008/5/3 4:00,6791.96,28.08,TRADE
NSW1,2008/5/3 4:30,6705.8,28.25,TRADE
NSW1,2008/5/3 5:00,6739.82,28.09,TRADE
NSW1,2008/5/3 5:30,6862.49,28.04,TRADE
NSW1,2008/5/3 6:00,7012.77,28.17,TRADE
NSW1,2008/5/3 6:30,7325.98,28.88,TRADE
NSW1,2008/5/3 7:00,7661.58,29.3,TRADE
NSW1,2008/5/3 7:30,8135.98,31.33,TRADE
NSW1,2008/5/3 8:00,8648.2,41.25,TRADE
NSW1,2008/5/3 8:30,9005.43,56,TRADE
NSW1,2008/5/3 9:00,9092.54,60.79,TRADE
NSW1,2008/5/3 9:30,9332.44,64.18,TRADE
NSW1,2008/5/3 10:00,9204.94,61.49,TRADE
NSW1,2008/5/3 10:30,9132.41,57.18,TRADE
NSW1,2008/5/3 11:00,8956.85,49.1,TRADE
NSW1,2008/5/3 11:30,8883.15,48.2,TRADE
NSW1,2008/5/3 12:00,8752.24,42.74,TRADE
NSW1,2008/5/3 12:30,8643.91,34.41,TRADE
NSW1,2008/5/3 13:00,8555.79,32.67,TRADE
NSW1,2008/5/3 13:30,8412.19,30.73,TRADE
NSW1,2008/5/3 14:00,8328.12,29.9,TRADE
NSW1,2008/5/3 14:30,8232.09,29.23,TRADE
NSW1,2008/5/3 15:00,8182.64,28.72,TRADE
NSW1,2008/5/3 15:30,8203.13,28.88,TRADE
NSW1,2008/5/3 16:00,8220.47,29.08,TRADE
NSW1,2008/5/3 16:30,8358.57,31.09,TRADE
NSW1,2008/5/3 17:00,8700.9,35.51,TRADE
NSW1,2008/5/3 17:30,9039.22,39.65,TRADE
NSW1,2008/5/3 18:00,9809.24,58.22,TRADE
NSW1,2008/5/3 18:30,9928.78,64.31,TRADE
NSW1,2008/5/3 19:00,9801.63,58.42,TRADE
NSW1,2008/5/3 19:30,9536.65,45.41,TRADE
NSW1,2008/5/3 20:00,9365.07,45.55,TRADE
NSW1,2008/5/3 20:30,9234.14,40.89,TRADE
NSW1,2008/5/3 21:00,9164.63,39.75,TRADE
NSW1,2008/5/3 21:30,8995.42,35.17,TRADE
NSW1,2008/5/3 22:00,8833.99,32.93,TRADE
NSW1,2008/5/3 22:30,8840.68,37.94,TRADE
NSW1,2008/5/3 23:00,8746.99,35.66,TRADE
NSW1,2008/5/3 23:30,8642.12,39.56,TRADE
NSW1,2008/5/4 0:00,8412.17,41.02,TRADE
NSW1,2008/5/4 0:30,8180,34.41,TRADE
NSW1,2008/5/4 1:00,7969.28,30.78,TRADE
NSW1,2008/5/4 1:30,7693,28.09,TRADE
NSW1,2008/5/4 2:00,7466.62,27.89,TRADE
NSW1,2008/5/4 2:30,7157.88,27.36,TRADE
NSW1,2008/5/4 3:00,6906.12,27.88,TRADE
NSW1,2008/5/4 3:30,6696.22,27.35,TRADE
NSW1,2008/5/4 4:00,6643.57,27.16,TRADE
NSW1,2008/5/4 4:30,6583.56,27.52,TRADE
NSW1,2008/5/4 5:00,6563.52,27.82,TRADE
NSW1,2008/5/4 5:30,6667.98,27,TRADE
NSW1,2008/5/4 6:00,6768.01,27.33,TRADE
NSW1,2008/5/4 6:30,7006.25,27.48,TRADE
NSW1,2008/5/4 7:00,7199.47,28.24,TRADE
NSW1,2008/5/4 7:30,7571.5,28.04,TRADE
NSW1,2008/5/4 8:00,8074.89,29.9,TRADE
NSW1,2008/5/4 8:30,8522.25,31.31,TRADE
NSW1,2008/5/4 9:00,8789.75,33.26,TRADE
NSW1,2008/5/4 9:30,8908.46,34.71,TRADE
NSW1,2008/5/4 10:00,8941.01,35,TRADE
NSW1,2008/5/4 10:30,8892.79,35,TRADE
NSW1,2008/5/4 11:00,8734.09,33.26,TRADE
NSW1,2008/5/4 11:30,8554.97,31.17,TRADE
NSW1,2008/5/4 12:00,8454.49,30.5,TRADE
NSW1,2008/5/4 12:30,8354.64,30.02,TRADE
NSW1,2008/5/4 13:00,8272.47,29.51,TRADE
NSW1,2008/5/4 13:30,8154.22,28.76,TRADE
NSW1,2008/5/4 14:00,8033.89,28.1,TRADE
NSW1,2008/5/4 14:30,8017.68,28.08,TRADE
NSW1,2008/5/4 15:00,7942.43,27.9,TRADE
NSW1,2008/5/4 15:30,8005.52,28.37,TRADE
NSW1,2008/5/4 16:00,8095.23,26.95,TRADE
NSW1,2008/5/4 16:30,8243.68,28.04,TRADE
NSW1,2008/5/4 17:00,8533.11,32.1,TRADE
NSW1,2008/5/4 17:30,9064.98,37.34,TRADE
NSW1,2008/5/4 18:00,9955.19,66.63,TRADE
NSW1,2008/5/4 18:30,10179.7,89.66,TRADE
NSW1,2008/5/4 19:00,10094.23,80.69,TRADE
NSW1,2008/5/4 19:30,9922.78,55.61,TRADE
NSW1,2008/5/4 20:00,9756.13,66.7,TRADE
NSW1,2008/5/4 20:30,9651.89,52.76,TRADE
NSW1,2008/5/4 21:00,9553.09,42.62,TRADE
NSW1,2008/5/4 21:30,9292.8,39.38,TRADE
NSW1,2008/5/4 22:00,8935.4,33.06,TRADE
NSW1,2008/5/4 22:30,8864.3,38.99,TRADE
NSW1,2008/5/4 23:00,8569.36,33.15,TRADE
NSW1,2008/5/4 23:30,8465.11,36.74,TRADE
NSW1,2008/5/5 0:00,8203.72,32.53,TRADE
NSW1,2008/5/5 0:30,7941.18,28.82,TRADE
NSW1,2008/5/5 1:00,7770.45,28.06,TRADE
NSW1,2008/5/5 1:30,7586,28.08,TRADE
NSW1,2008/5/5 2:00,7443.34,27.89,TRADE
NSW1,2008/5/5 2:30,7087.64,27.71,TRADE
NSW1,2008/5/5 3:00,6883.49,27.51,TRADE
NSW1,2008/5/5 3:30,6786.49,27.7,TRADE
NSW1,2008/5/5 4:00,6703.79,26.68,TRADE
NSW1,2008/5/5 4:30,6780.71,23.27,TRADE
NSW1,2008/5/5 5:00,6883.82,24.37,TRADE
NSW1,2008/5/5 5:30,7277.07,27,TRADE
NSW1,2008/5/5 6:00,7738.74,26.49,TRADE
NSW1,2008/5/5 6:30,8685.53,33.42,TRADE
NSW1,2008/5/5 7:00,9475.62,53.94,TRADE
NSW1,2008/5/5 7:30,9900.3,37.69,TRADE
NSW1,2008/5/5 8:00,10258,36.81,TRADE
NSW1,2008/5/5 8:30,10266.66,36.2,TRADE
NSW1,2008/5/5 9:00,10154.23,35.73,TRADE
NSW1,2008/5/5 9:30,10102.6,35.58,TRADE
NSW1,2008/5/5 10:00,10011.8,35.37,TRADE
NSW1,2008/5/5 10:30,9931.45,35.22,TRADE
NSW1,2008/5/5 11:00,9886.18,35.06,TRADE
NSW1,2008/5/5 11:30,9748.55,35.07,TRADE
NSW1,2008/5/5 12:00,9707.4,34.71,TRADE
NSW1,2008/5/5 12:30,9597.46,33.75,TRADE
NSW1,2008/5/5 13:00,9474.44,32.92,TRADE
NSW1,2008/5/5 13:30,9408.41,32.26,TRADE
NSW1,2008/5/5 14:00,9325.39,31.76,TRADE
NSW1,2008/5/5 14:30,9379.29,32.3,TRADE
NSW1,2008/5/5 15:00,9339.89,32.19,TRADE
NSW1,2008/5/5 15:30,9328.49,32.28,TRADE
NSW1,2008/5/5 16:00,9412.31,32.46,TRADE
NSW1,2008/5/5 16:30,9528.89,32.59,TRADE
NSW1,2008/5/5 17:00,9782.08,32.53,TRADE
NSW1,2008/5/5 17:30,10293.69,42.28,TRADE
NSW1,2008/5/5 18:00,11083.33,84.02,TRADE
NSW1,2008/5/5 18:30,11044.5,88.18,TRADE
NSW1,2008/5/5 19:00,10954.76,70.15,TRADE
NSW1,2008/5/5 19:30,10644.05,50.96,TRADE
NSW1,2008/5/5 20:00,10454.96,60.02,TRADE
NSW1,2008/5/5 20:30,10255.17,45.52,TRADE
NSW1,2008/5/5 21:00,10065.01,41.97,TRADE
NSW1,2008/5/5 21:30,9702.52,46.09,TRADE
NSW1,2008/5/5 22:00,9344.12,37.65,TRADE
NSW1,2008/5/5 22:30,9386.24,47.43,TRADE
NSW1,2008/5/5 23:00,9128.57,39.68,TRADE
NSW1,2008/5/5 23:30,9004.86,45.83,TRADE
NSW1,2008/5/6 0:00,8851.06,38.86,TRADE
NSW1,2008/5/6 0:30,8674.25,34.27,TRADE
NSW1,2008/5/6 1:00,8476.22,30.94,TRADE
NSW1,2008/5/6 1:30,8316.89,30.32,TRADE
NSW1,2008/5/6 2:00,8089.88,28.04,TRADE
NSW1,2008/5/6 2:30,7702.39,27.35,TRADE
NSW1,2008/5/6 3:00,7360.71,27.66,TRADE
NSW1,2008/5/6 3:30,7099.76,25.58,TRADE
NSW1,2008/5/6 4:00,6962.59,26.4,TRADE
NSW1,2008/5/6 4:30,6986.82,26.26,TRADE
NSW1,2008/5/6 5:00,7062.26,27.18,TRADE
NSW1,2008/5/6 5:30,7385.3,28.4,TRADE
NSW1,2008/5/6 6:00,7818.91,30.92,TRADE
NSW1,2008/5/6 6:30,8673.07,46.35,TRADE
NSW1,2008/5/6 7:00,9400.89,64.63,TRADE
NSW1,2008/5/6 7:30,9842.36,41.72,TRADE
NSW1,2008/5/6 8:00,10266,44.7,TRADE
NSW1,2008/5/6 8:30,10206.7,43.89,TRADE
NSW1,2008/5/6 9:00,10126.28,42.98,TRADE
NSW1,2008/5/6 9:30,10109.7,44.61,TRADE
NSW1,2008/5/6 10:00,10033.14,44.29,TRADE
NSW1,2008/5/6 10:30,9969.45,43.66,TRADE
NSW1,2008/5/6 11:00,9917.74,43.84,TRADE
NSW1,2008/5/6 11:30,9768.9,41,TRADE
NSW1,2008/5/6 12:00,9677.07,38.17,TRADE
NSW1,2008/5/6 12:30,9648.27,35.41,TRADE
NSW1,2008/5/6 13:00,9622.06,35.22,TRADE
NSW1,2008/5/6 13:30,9627.64,35.26,TRADE
NSW1,2008/5/6 14:00,9535.23,34.87,TRADE
NSW1,2008/5/6 14:30,9537.27,35.07,TRADE
NSW1,2008/5/6 15:00,9511.14,35.1,TRADE
NSW1,2008/5/6 15:30,9485.1,35.07,TRADE
NSW1,2008/5/6 16:00,9583.98,35.14,TRADE
NSW1,2008/5/6 16:30,9667.05,34.39,TRADE
NSW1,2008/5/6 17:00,9970.48,36.09,TRADE
NSW1,2008/5/6 17:30,10390.25,51.86,TRADE
NSW1,2008/5/6 18:00,10993.5,90.68,TRADE
NSW1,2008/5/6 18:30,11006.94,81.93,TRADE
NSW1,2008/5/6 19:00,10849.25,67.77,TRADE
NSW1,2008/5/6 19:30,10580.58,46.46,TRADE
NSW1,2008/5/6 20:00,10292.39,42.8,TRADE
NSW1,2008/5/6 20:30,10184.39,43.93,TRADE
NSW1,2008/5/6 21:00,10002.22,41.52,TRADE
NSW1,2008/5/6 21:30,9713.73,41.56,TRADE
NSW1,2008/5/6 22:00,9341.92,37.17,TRADE
NSW1,2008/5/6 22:30,9401.42,47.95,TRADE
NSW1,2008/5/6 23:00,9179.08,42.59,TRADE
NSW1,2008/5/6 23:30,9037.04,48.37,TRADE
NSW1,2008/5/7 0:00,8859.28,39.44,TRADE
NSW1,2008/5/7 0:30,8675.85,34.97,TRADE
NSW1,2008/5/7 1:00,8545.43,34.43,TRADE
NSW1,2008/5/7 1:30,8350.19,31.23,TRADE
NSW1,2008/5/7 2:00,8082.84,28.09,TRADE
NSW1,2008/5/7 2:30,7648.92,27.18,TRADE
NSW1,2008/5/7 3:00,7296.64,26.95,TRADE
NSW1,2008/5/7 3:30,6984.27,27.09,TRADE
NSW1,2008/5/7 4:00,6851.2,27.22,TRADE
NSW1,2008/5/7 4:30,6803.62,27,TRADE
NSW1,2008/5/7 5:00,6891.17,26.96,TRADE
NSW1,2008/5/7 5:30,7195.74,27.18,TRADE
NSW1,2008/5/7 6:00,7673.28,28.76,TRADE
NSW1,2008/5/7 6:30,8549.66,36.93,TRADE
NSW1,2008/5/7 7:00,9289.12,53.67,TRADE
NSW1,2008/5/7 7:30,9640.03,37.96,TRADE
NSW1,2008/5/7 8:00,9935.86,34.78,TRADE
NSW1,2008/5/7 8:30,9931.59,33.68,TRADE
NSW1,2008/5/7 9:00,9750.82,32.73,TRADE
NSW1,2008/5/7 9:30,9716.77,32.38,TRADE
NSW1,2008/5/7 10:00,9654.49,32.81,TRADE
NSW1,2008/5/7 10:30,9636.71,33.63,TRADE
NSW1,2008/5/7 11:00,9576.84,32.11,TRADE
NSW1,2008/5/7 11:30,9472.33,32.16,TRADE
NSW1,2008/5/7 12:00,9480.93,33.04,TRADE
NSW1,2008/5/7 12:30,9403.51,33.85,TRADE
NSW1,2008/5/7 13:00,9288.71,33.81,TRADE
NSW1,2008/5/7 13:30,9225.86,34.09,TRADE
NSW1,2008/5/7 14:00,9154.36,33.13,TRADE
NSW1,2008/5/7 14:30,9224.49,33.57,TRADE
NSW1,2008/5/7 15:00,9161.88,32.79,TRADE
NSW1,2008/5/7 15:30,9194.22,33.49,TRADE
NSW1,2008/5/7 16:00,9194.76,33.82,TRADE
NSW1,2008/5/7 16:30,9292.98,34.17,TRADE
NSW1,2008/5/7 17:00,9506.8,32.69,TRADE
NSW1,2008/5/7 17:30,9943.59,36.32,TRADE
NSW1,2008/5/7 18:00,10567.82,50.35,TRADE
NSW1,2008/5/7 18:30,10613.94,64.34,TRADE
NSW1,2008/5/7 19:00,10510.83,59.36,TRADE
NSW1,2008/5/7 19:30,10299.77,46.09,TRADE
NSW1,2008/5/7 20:00,10098.46,44.52,TRADE
NSW1,2008/5/7 20:30,10029.52,47.09,TRADE
NSW1,2008/5/7 21:00,9827.32,38.3,TRADE
NSW1,2008/5/7 21:30,9521.83,39.37,TRADE
NSW1,2008/5/7 22:00,9186.58,33.11,TRADE
NSW1,2008/5/7 22:30,9315.27,56.89,TRADE
NSW1,2008/5/7 23:00,9086.34,46.16,TRADE
NSW1,2008/5/7 23:30,8978.21,48.64,TRADE
NSW1,2008/5/8 0:00,8796.91,37.41,TRADE
NSW1,2008/5/8 0:30,8638.99,34.87,TRADE
NSW1,2008/5/8 1:00,8486.42,31.79,TRADE
NSW1,2008/5/8 1:30,8311.72,29.47,TRADE
NSW1,2008/5/8 2:00,8084.52,27.89,TRADE
NSW1,2008/5/8 2:30,7690.32,27.36,TRADE
NSW1,2008/5/8 3:00,7376.24,27.9,TRADE
NSW1,2008/5/8 3:30,7113.49,27.2,TRADE
NSW1,2008/5/8 4:00,6933.02,27.16,TRADE
NSW1,2008/5/8 4:30,6957.99,27.16,TRADE
NSW1,2008/5/8 5:00,7041.99,27.62,TRADE
NSW1,2008/5/8 5:30,7347.24,29.46,TRADE
NSW1,2008/5/8 6:00,7862.18,33.72,TRADE
NSW1,2008/5/8 6:30,8726.89,48.11,TRADE
NSW1,2008/5/8 7:00,9483.86,82.07,TRADE
NSW1,2008/5/8 7:30,9857.88,67.17,TRADE
NSW1,2008/5/8 8:00,10180.51,77.78,TRADE
NSW1,2008/5/8 8:30,10154.14,63.77,TRADE
NSW1,2008/5/8 9:00,9993.85,51.52,TRADE
NSW1,2008/5/8 9:30,9958.47,52.44,TRADE
NSW1,2008/5/8 10:00,9885.52,42.96,TRADE
NSW1,2008/5/8 10:30,9831.11,47.59,TRADE
NSW1,2008/5/8 11:00,9717,44.04,TRADE
NSW1,2008/5/8 11:30,9636.23,41.46,TRADE
NSW1,2008/5/8 12:00,9545.04,41,TRADE
NSW1,2008/5/8 12:30,9516.93,41,TRADE
NSW1,2008/5/8 13:00,9436.24,41,TRADE
NSW1,2008/5/8 13:30,9457.84,41.19,TRADE
NSW1,2008/5/8 14:00,9388.81,41,TRADE
NSW1,2008/5/8 14:30,9377.88,41.63,TRADE
NSW1,2008/5/8 15:00,9317.91,36.76,TRADE
NSW1,2008/5/8 15:30,9277.79,35,TRADE
NSW1,2008/5/8 16:00,9328.18,36.2,TRADE
NSW1,2008/5/8 16:30,9390.16,40.28,TRADE
NSW1,2008/5/8 17:00,9567.05,40.34,TRADE
NSW1,2008/5/8 17:30,9978.43,49.93,TRADE
NSW1,2008/5/8 18:00,10655.39,80.14,TRADE
NSW1,2008/5/8 18:30,10818.91,93.45,TRADE
NSW1,2008/5/8 19:00,10685.95,90.79,TRADE
NSW1,2008/5/8 19:30,10483.41,74,TRADE
NSW1,2008/5/8 20:00,10357.23,85.56,TRADE
NSW1,2008/5/8 20:30,10228.34,85.88,TRADE
NSW1,2008/5/8 21:00,10033.98,73.1,TRADE
NSW1,2008/5/8 21:30,9724.2,66.41,TRADE
NSW1,2008/5/8 22:00,9346.4,58.48,TRADE
NSW1,2008/5/8 22:30,9483.77,85.59,TRADE
NSW1,2008/5/8 23:00,9181.03,73.55,TRADE
NSW1,2008/5/8 23:30,9043.74,82.31,TRADE
NSW1,2008/5/9 0:00,8914.65,65.9,TRADE
NSW1,2008/5/9 0:30,8705.58,35.58,TRADE
NSW1,2008/5/9 1:00,8536.31,29.76,TRADE
NSW1,2008/5/9 1:30,8364.89,27.54,TRADE
NSW1,2008/5/9 2:00,8100.11,27.55,TRADE
NSW1,2008/5/9 2:30,7738.56,27,TRADE
NSW1,2008/5/9 3:00,7373.54,26.94,TRADE
NSW1,2008/5/9 3:30,7116.36,24.25,TRADE
NSW1,2008/5/9 4:00,7005.54,24.59,TRADE
NSW1,2008/5/9 4:30,6975.54,24.45,TRADE
NSW1,2008/5/9 5:00,7063.36,25.02,TRADE
NSW1,2008/5/9 5:30,7369.5,26.07,TRADE
NSW1,2008/5/9 6:00,7839.17,28.52,TRADE
NSW1,2008/5/9 6:30,8710.87,44.92,TRADE
NSW1,2008/5/9 7:00,9471.72,81.56,TRADE
NSW1,2008/5/9 7:30,9841.57,64.93,TRADE
NSW1,2008/5/9 8:00,10141.92,65.92,TRADE
NSW1,2008/5/9 8:30,10196.68,65.18,TRADE
NSW1,2008/5/9 9:00,9986.89,54.82,TRADE
NSW1,2008/5/9 9:30,10016.04,55.79,TRADE
NSW1,2008/5/9 10:00,9841.33,46.08,TRADE
NSW1,2008/5/9 10:30,9805.37,48.69,TRADE
NSW1,2008/5/9 11:00,9607.9,42.67,TRADE
NSW1,2008/5/9 11:30,9596.76,42.48,TRADE
NSW1,2008/5/9 12:00,9551.21,42.38,TRADE
NSW1,2008/5/9 12:30,9477.67,41.04,TRADE
NSW1,2008/5/9 13:00,9412.6,41,TRADE
NSW1,2008/5/9 13:30,9368.54,39.75,TRADE
NSW1,2008/5/9 14:00,9325.03,38.18,TRADE
NSW1,2008/5/9 14:30,9285.71,36.2,TRADE
NSW1,2008/5/9 15:00,9221.29,34.88,TRADE
NSW1,2008/5/9 15:30,9145.74,36.19,TRADE
NSW1,2008/5/9 16:00,9170.49,37.57,TRADE
NSW1,2008/5/9 16:30,9160.1,38.07,TRADE
NSW1,2008/5/9 17:00,9449.86,40.82,TRADE
NSW1,2008/5/9 17:30,9869.17,45.67,TRADE
NSW1,2008/5/9 18:00,10409.49,60.81,TRADE
NSW1,2008/5/9 18:30,10342.91,52.59,TRADE
NSW1,2008/5/9 19:00,10199.59,47.06,TRADE
NSW1,2008/5/9 19:30,9968.64,44.16,TRADE
NSW1,2008/5/9 20:00,9796.93,43.19,TRADE
NSW1,2008/5/9 20:30,9700.73,47.89,TRADE
NSW1,2008/5/9 21:00,9496.15,42.68,TRADE
NSW1,2008/5/9 21:30,9375.93,55.15,TRADE
NSW1,2008/5/9 22:00,9064.2,41.93,TRADE
NSW1,2008/5/9 22:30,9226.69,75.49,TRADE
NSW1,2008/5/9 23:00,9049.65,58.79,TRADE
NSW1,2008/5/9 23:30,8961.53,78.18,TRADE
NSW1,2008/5/10 0:00,8860.41,66.71,TRADE
NSW1,2008/5/10 0:30,8647.39,51.08,TRADE
NSW1,2008/5/10 1:00,8492.47,38.43,TRADE
NSW1,2008/5/10 1:30,8248.43,33.04,TRADE
NSW1,2008/5/10 2:00,7994.62,27.73,TRADE
NSW1,2008/5/10 2:30,7637.85,27.18,TRADE
NSW1,2008/5/10 3:00,7265.07,27,TRADE
NSW1,2008/5/10 3:30,7002.6,26.75,TRADE
NSW1,2008/5/10 4:00,6771.36,26.54,TRADE
NSW1,2008/5/10 4:30,6714,26.63,TRADE
NSW1,2008/5/10 5:00,6713.46,26.16,TRADE
NSW1,2008/5/10 5:30,6847.64,26.3,TRADE
NSW1,2008/5/10 6:00,7002.9,27.73,TRADE
NSW1,2008/5/10 6:30,7325.25,28.25,TRADE
NSW1,2008/5/10 7:00,7655.76,29.44,TRADE
NSW1,2008/5/10 7:30,8065.76,31.37,TRADE
NSW1,2008/5/10 8:00,8571.7,39.1,TRADE
NSW1,2008/5/10 8:30,8966.88,52.63,TRADE
NSW1,2008/5/10 9:00,9093.63,58.33,TRADE
NSW1,2008/5/10 9:30,9311,75.71,TRADE
NSW1,2008/5/10 10:00,9170.16,64.11,TRADE
NSW1,2008/5/10 10:30,9132.7,72.02,TRADE
NSW1,2008/5/10 11:00,8986.4,52.32,TRADE
NSW1,2008/5/10 11:30,8883.2,44,TRADE
NSW1,2008/5/10 12:00,8740.54,42.21,TRADE
NSW1,2008/5/10 12:30,8666.23,41.05,TRADE
NSW1,2008/5/10 13:00,8579.69,37.8,TRADE
NSW1,2008/5/10 13:30,8514.9,37.05,TRADE
NSW1,2008/5/10 14:00,8408.15,33.63,TRADE
NSW1,2008/5/10 14:30,8314.31,31.64,TRADE
NSW1,2008/5/10 15:00,8280.9,29.02,TRADE
NSW1,2008/5/10 15:30,8309.56,29.88,TRADE
NSW1,2008/5/10 16:00,8333.76,31.37,TRADE
NSW1,2008/5/10 16:30,8463.22,33.81,TRADE
NSW1,2008/5/10 17:00,8756.56,39.47,TRADE
NSW1,2008/5/10 17:30,9118.03,49.66,TRADE
NSW1,2008/5/10 18:00,9754.41,102.05,TRADE
NSW1,2008/5/10 18:30,9735.51,90.81,TRADE
NSW1,2008/5/10 19:00,9536.75,80.78,TRADE
NSW1,2008/5/10 19:30,9281.94,54.88,TRADE
NSW1,2008/5/10 20:00,9106.81,56.51,TRADE
NSW1,2008/5/10 20:30,8921.55,49.03,TRADE
NSW1,2008/5/10 21:00,8826.37,44.7,TRADE
NSW1,2008/5/10 21:30,8661.91,41.56,TRADE
NSW1,2008/5/10 22:00,8467.51,39.6,TRADE
NSW1,2008/5/10 22:30,8495.58,52.38,TRADE
NSW1,2008/5/10 23:00,8416.4,47.91,TRADE
NSW1,2008/5/10 23:30,8383.6,58.07,TRADE
NSW1,2008/5/11 0:00,8160.92,46.82,TRADE
NSW1,2008/5/11 0:30,7960.72,38.75,TRADE
NSW1,2008/5/11 1:00,7751.42,33.38,TRADE
NSW1,2008/5/11 1:30,7530.61,28.04,TRADE
NSW1,2008/5/11 2:00,7296,26.62,TRADE
NSW1,2008/5/11 2:30,6985.51,22.41,TRADE
NSW1,2008/5/11 3:00,6787.49,24.76,TRADE
NSW1,2008/5/11 3:30,6623.47,23.37,TRADE
NSW1,2008/5/11 4:00,6461.46,18.68,TRADE
NSW1,2008/5/11 4:30,6402.86,27.11,TRADE
NSW1,2008/5/11 5:00,6427.48,27.42,TRADE
NSW1,2008/5/11 5:30,6483.04,26.89,TRADE
NSW1,2008/5/11 6:00,6567.84,27,TRADE
NSW1,2008/5/11 6:30,6788.61,28.07,TRADE
NSW1,2008/5/11 7:00,6990.5,28.1,TRADE
NSW1,2008/5/11 7:30,7262.36,29.56,TRADE
NSW1,2008/5/11 8:00,7725.35,29.59,TRADE
NSW1,2008/5/11 8:30,8139.4,35,TRADE
NSW1,2008/5/11 9:00,8406.93,39.94,TRADE
NSW1,2008/5/11 9:30,8658.09,46.4,TRADE
NSW1,2008/5/11 10:00,8772.36,53.53,TRADE
NSW1,2008/5/11 10:30,8842.37,60.09,TRADE
NSW1,2008/5/11 11:00,8755.95,54.6,TRADE
NSW1,2008/5/11 11:30,8695.12,49.86,TRADE
NSW1,2008/5/11 12:00,8615.12,48.52,TRADE
NSW1,2008/5/11 12:30,8462.9,44.03,TRADE
NSW1,2008/5/11 13:00,8369.35,41.3,TRADE
NSW1,2008/5/11 13:30,8198.68,37.06,TRADE
NSW1,2008/5/11 14:00,8138.67,34.59,TRADE
NSW1,2008/5/11 14:30,8082.9,32.8,TRADE
NSW1,2008/5/11 15:00,8024.57,32.38,TRADE
NSW1,2008/5/11 15:30,8081.05,32.74,TRADE
NSW1,2008/5/11 16:00,8138.36,32.5,TRADE
NSW1,2008/5/11 16:30,8267.9,33.08,TRADE
NSW1,2008/5/11 17:00,8520.17,40.56,TRADE
NSW1,2008/5/11 17:30,8840.46,42.27,TRADE
NSW1,2008/5/11 18:00,9487.18,63.03,TRADE
NSW1,2008/5/11 18:30,9623.3,69.72,TRADE
NSW1,2008/5/11 19:00,9541.38,60.1,TRADE
NSW1,2008/5/11 19:30,9363.15,56.41,TRADE
NSW1,2008/5/11 20:00,9195.83,61.67,TRADE
NSW1,2008/5/11 20:30,9156.58,52.76,TRADE
NSW1,2008/5/11 21:00,9053.69,47.17,TRADE
NSW1,2008/5/11 21:30,8807.55,41.53,TRADE
NSW1,2008/5/11 22:00,8488.81,36.32,TRADE
NSW1,2008/5/11 22:30,8445.38,40.08,TRADE
NSW1,2008/5/11 23:00,8213.54,37.34,TRADE
NSW1,2008/5/11 23:30,8128.36,46.49,TRADE
NSW1,2008/5/12 0:00,7932.2,38.48,TRADE
NSW1,2008/5/12 0:30,7723.23,32.66,TRADE
NSW1,2008/5/12 1:00,7618.49,28.76,TRADE
NSW1,2008/5/12 1:30,7418.12,31.23,TRADE
NSW1,2008/5/12 2:00,7279.96,29.43,TRADE
NSW1,2008/5/12 2:30,6973.68,27,TRADE
NSW1,2008/5/12 3:00,6764.3,23.93,TRADE
NSW1,2008/5/12 3:30,6649.42,25.13,TRADE
NSW1,2008/5/12 4:00,6591.64,24.17,TRADE
NSW1,2008/5/12 4:30,6620.43,21.2,TRADE
NSW1,2008/5/12 5:00,6772.98,22.39,TRADE
NSW1,2008/5/12 5:30,7117.35,29.04,TRADE
NSW1,2008/5/12 6:00,7533.66,30.35,TRADE
NSW1,2008/5/12 6:30,8368,44.83,TRADE
NSW1,2008/5/12 7:00,9077.55,71.21,TRADE
NSW1,2008/5/12 7:30,9499.9,52.47,TRADE
NSW1,2008/5/12 8:00,9784.72,62.57,TRADE
NSW1,2008/5/12 8:30,9859.95,64.01,TRADE
NSW1,2008/5/12 9:00,9767.77,62.39,TRADE
NSW1,2008/5/12 9:30,9832.34,62.59,TRADE
NSW1,2008/5/12 10:00,9796.93,62.39,TRADE
NSW1,2008/5/12 10:30,9773.14,61.31,TRADE
NSW1,2008/5/12 11:00,9745.52,60.34,TRADE
NSW1,2008/5/12 11:30,9527.48,48.17,TRADE
NSW1,2008/5/12 12:00,9596.67,53.83,TRADE
NSW1,2008/5/12 12:30,9548.92,53.81,TRADE
NSW1,2008/5/12 13:00,9539.49,54.85,TRADE
NSW1,2008/5/12 13:30,9485.41,48.66,TRADE
NSW1,2008/5/12 14:00,9508.36,48.76,TRADE
NSW1,2008/5/12 14:30,9456.55,47.77,TRADE
NSW1,2008/5/12 15:00,9422.28,43.88,TRADE
NSW1,2008/5/12 15:30,9378.43,42.81,TRADE
NSW1,2008/5/12 16:00,9364.85,42.82,TRADE
NSW1,2008/5/12 16:30,9501.33,44.58,TRADE
NSW1,2008/5/12 17:00,9712.43,57.96,TRADE
NSW1,2008/5/12 17:30,10189.72,76.43,TRADE
NSW1,2008/5/12 18:00,10498.5,98.35,TRADE
NSW1,2008/5/12 18:30,10164.15,90.18,TRADE
NSW1,2008/5/12 19:00,10144.44,75,TRADE
NSW1,2008/5/12 19:30,10313.37,79.54,TRADE
NSW1,2008/5/12 20:00,10067.08,66.01,TRADE
NSW1,2008/5/12 20:30,9943.81,84.9,TRADE
NSW1,2008/5/12 21:00,9712.69,67.98,TRADE
NSW1,2008/5/12 21:30,9387.59,55.88,TRADE
NSW1,2008/5/12 22:00,9095,48.38,TRADE
NSW1,2008/5/12 22:30,9092.08,65.58,TRADE
NSW1,2008/5/12 23:00,8860.86,48.09,TRADE
NSW1,2008/5/12 23:30,8762.14,55.14,TRADE
NSW1,2008/5/13 0:00,8645.03,53.12,TRADE
NSW1,2008/5/13 0:30,8471.29,44.26,TRADE
NSW1,2008/5/13 1:00,8416.51,39.62,TRADE
NSW1,2008/5/13 1:30,8186.95,32.5,TRADE
NSW1,2008/5/13 2:00,7949.63,27.72,TRADE
NSW1,2008/5/13 2:30,7534.27,27.16,TRADE
NSW1,2008/5/13 3:00,7242.14,24.1,TRADE
NSW1,2008/5/13 3:30,7051.2,18.9,TRADE
NSW1,2008/5/13 4:00,6956.13,22.64,TRADE
NSW1,2008/5/13 4:30,6915.24,27.19,TRADE
NSW1,2008/5/13 5:00,6975.38,27.25,TRADE
NSW1,2008/5/13 5:30,7305.15,28.76,TRADE
NSW1,2008/5/13 6:00,7765.3,32.02,TRADE
NSW1,2008/5/13 6:30,8606.17,49.59,TRADE
NSW1,2008/5/13 7:00,9317.88,79.24,TRADE
NSW1,2008/5/13 7:30,9670.66,55.26,TRADE
NSW1,2008/5/13 8:00,9977.66,73.3,TRADE
NSW1,2008/5/13 8:30,10014.9,75.3,TRADE
NSW1,2008/5/13 9:00,9896.99,86.18,TRADE
NSW1,2008/5/13 9:30,9854.32,90.54,TRADE
NSW1,2008/5/13 10:00,9842.06,74.25,TRADE
NSW1,2008/5/13 10:30,9776.53,68.33,TRADE
NSW1,2008/5/13 11:00,9771.27,70.2,TRADE
NSW1,2008/5/13 11:30,9658.16,67.86,TRADE
NSW1,2008/5/13 12:00,9614.71,66.93,TRADE
NSW1,2008/5/13 12:30,9541.79,64.6,TRADE
NSW1,2008/5/13 13:00,9502.78,62.65,TRADE
NSW1,2008/5/13 13:30,9535.45,62.84,TRADE
NSW1,2008/5/13 14:00,9480.03,54.88,TRADE
NSW1,2008/5/13 14:30,9445.21,51.45,TRADE
NSW1,2008/5/13 15:00,9421.95,47.38,TRADE
NSW1,2008/5/13 15:30,9392.32,53.2,TRADE
NSW1,2008/5/13 16:00,9446.57,67.12,TRADE
NSW1,2008/5/13 16:30,9598.92,68.24,TRADE
NSW1,2008/5/13 17:00,9846,76.86,TRADE
NSW1,2008/5/13 17:30,10326.59,74.85,TRADE
NSW1,2008/5/13 18:00,10906.52,120.92,TRADE
NSW1,2008/5/13 18:30,10855.06,143.81,TRADE
NSW1,2008/5/13 19:00,10636.17,137.78,TRADE
NSW1,2008/5/13 19:30,10421.47,121.55,TRADE
NSW1,2008/5/13 20:00,10215.26,118.61,TRADE
NSW1,2008/5/13 20:30,10061.7,128.23,TRADE
NSW1,2008/5/13 21:00,9871.29,99.29,TRADE
NSW1,2008/5/13 21:30,9583.97,92.84,TRADE
NSW1,2008/5/13 22:00,9284.82,79.25,TRADE
NSW1,2008/5/13 22:30,9288.53,106.85,TRADE
NSW1,2008/5/13 23:00,9061.05,84.41,TRADE
NSW1,2008/5/13 23:30,8922.74,84.32,TRADE
NSW1,2008/5/14 0:00,8802.19,71.69,TRADE
NSW1,2008/5/14 0:30,8561.75,58.6,TRADE
NSW1,2008/5/14 1:00,8527.1,51.36,TRADE
NSW1,2008/5/14 1:30,8313.14,47.61,TRADE
NSW1,2008/5/14 2:00,8112.08,40.87,TRADE
NSW1,2008/5/14 2:30,7738.32,27.88,TRADE
NSW1,2008/5/14 3:00,7412.4,26.32,TRADE
NSW1,2008/5/14 3:30,7123.1,28.08,TRADE
NSW1,2008/5/14 4:00,6993.65,27.82,TRADE
NSW1,2008/5/14 4:30,6903.74,28.59,TRADE
NSW1,2008/5/14 5:00,7018.66,28.15,TRADE
NSW1,2008/5/14 5:30,7331.45,23.67,TRADE
NSW1,2008/5/14 6:00,7782.18,28.35,TRADE
NSW1,2008/5/14 6:30,8662.9,46.45,TRADE
NSW1,2008/5/14 7:00,9419.32,78.32,TRADE
NSW1,2008/5/14 7:30,9768.75,65.04,TRADE
NSW1,2008/5/14 8:00,10095.23,85.11,TRADE
NSW1,2008/5/14 8:30,10117.02,61.77,TRADE
NSW1,2008/5/14 9:00,9938.67,40.17,TRADE
NSW1,2008/5/14 9:30,9941.63,38.08,TRADE
NSW1,2008/5/14 10:00,9877.17,39.36,TRADE
NSW1,2008/5/14 10:30,9803.93,40.44,TRADE
NSW1,2008/5/14 11:00,9761.15,38.21,TRADE
NSW1,2008/5/14 11:30,9635.54,39.5,TRADE
NSW1,2008/5/14 12:00,9598.23,39.7,TRADE
NSW1,2008/5/14 12:30,9522.27,37.46,TRADE
NSW1,2008/5/14 13:00,9466.43,37.48,TRADE
NSW1,2008/5/14 13:30,9440.47,37.17,TRADE
NSW1,2008/5/14 14:00,9440.8,35.84,TRADE
NSW1,2008/5/14 14:30,9468.1,38.66,TRADE
NSW1,2008/5/14 15:00,9349.99,38.83,TRADE
NSW1,2008/5/14 15:30,9325.82,35.73,TRADE
NSW1,2008/5/14 16:00,9347.47,39.85,TRADE
NSW1,2008/5/14 16:30,9439.05,40.26,TRADE
NSW1,2008/5/14 17:00,9676.23,39.55,TRADE
NSW1,2008/5/14 17:30,10178.09,55.1,TRADE
NSW1,2008/5/14 18:00,10792.66,90.07,TRADE
NSW1,2008/5/14 18:30,10780.9,83.43,TRADE
NSW1,2008/5/14 19:00,10621.99,57.5,TRADE
NSW1,2008/5/14 19:30,10346.83,44.35,TRADE
NSW1,2008/5/14 20:00,10209.19,41.14,TRADE
NSW1,2008/5/14 20:30,10037.47,41.2,TRADE
NSW1,2008/5/14 21:00,9846.16,37.42,TRADE
NSW1,2008/5/14 21:30,9566.2,38.53,TRADE
NSW1,2008/5/14 22:00,9211.12,33.82,TRADE
NSW1,2008/5/14 22:30,9285.33,42.81,TRADE
NSW1,2008/5/14 23:00,9034.59,37.85,TRADE
NSW1,2008/5/14 23:30,8972.77,40.5,TRADE
NSW1,2008/5/15 0:00,8828.49,36.62,TRADE
NSW1,2008/5/15 0:30,8667.48,33.48,TRADE
NSW1,2008/5/15 1:00,8467.54,29.06,TRADE
NSW1,2008/5/15 1:30,8334.85,29.51,TRADE
NSW1,2008/5/15 2:00,8071.21,27.42,TRADE
NSW1,2008/5/15 2:30,7716.05,27.17,TRADE
NSW1,2008/5/15 3:00,7367.68,27.16,TRADE
NSW1,2008/5/15 3:30,7095.35,21.09,TRADE
NSW1,2008/5/15 4:00,6951.12,20.03,TRADE
NSW1,2008/5/15 4:30,6905.29,19.69,TRADE
NSW1,2008/5/15 5:00,7054.33,21.37,TRADE
NSW1,2008/5/15 5:30,7379.79,27.06,TRADE
NSW1,2008/5/15 6:00,7794.02,27.26,TRADE
NSW1,2008/5/15 6:30,8637.05,37.55,TRADE
NSW1,2008/5/15 7:00,9370.99,54.33,TRADE
NSW1,2008/5/15 7:30,9788.62,42.23,TRADE
NSW1,2008/5/15 8:00,10138.19,56.64,TRADE
NSW1,2008/5/15 8:30,10087.01,50.34,TRADE
NSW1,2008/5/15 9:00,9947.9,41.97,TRADE
NSW1,2008/5/15 9:30,9930.22,41.6,TRADE
NSW1,2008/5/15 10:00,9903,38.91,TRADE
NSW1,2008/5/15 10:30,9814.6,38.8,TRADE
NSW1,2008/5/15 11:00,9749.95,40.14,TRADE
NSW1,2008/5/15 11:30,9639.84,37.62,TRADE
NSW1,2008/5/15 12:00,9570.22,36.43,TRADE
NSW1,2008/5/15 12:30,9528.86,37.27,TRADE
NSW1,2008/5/15 13:00,9512.11,36.26,TRADE
NSW1,2008/5/15 13:30,9475.16,38.89,TRADE
NSW1,2008/5/15 14:00,9488.05,35.98,TRADE
NSW1,2008/5/15 14:30,9441.31,34.42,TRADE
NSW1,2008/5/15 15:00,9409.98,34.13,TRADE
NSW1,2008/5/15 15:30,9326.55,34.05,TRADE
NSW1,2008/5/15 16:00,9386.32,34.12,TRADE
NSW1,2008/5/15 16:30,9465.88,34.17,TRADE
NSW1,2008/5/15 17:00,9608.03,34.51,TRADE
NSW1,2008/5/15 17:30,10137.26,47.87,TRADE
NSW1,2008/5/15 18:00,10706.32,83.26,TRADE
NSW1,2008/5/15 18:30,10710.87,86.55,TRADE
NSW1,2008/5/15 19:00,10561.61,63.73,TRADE
NSW1,2008/5/15 19:30,10343.29,53.92,TRADE
NSW1,2008/5/15 20:00,10140.53,42.51,TRADE
NSW1,2008/5/15 20:30,10043.5,43.06,TRADE
NSW1,2008/5/15 21:00,9855.71,44.15,TRADE
NSW1,2008/5/15 21:30,9487.19,42.62,TRADE
NSW1,2008/5/15 22:00,9146.03,34.7,TRADE
NSW1,2008/5/15 22:30,9240.73,43.61,TRADE
NSW1,2008/5/15 23:00,8988.21,39.42,TRADE
NSW1,2008/5/15 23:30,8964.62,49.21,TRADE
NSW1,2008/5/16 0:00,8792.57,39.14,TRADE
NSW1,2008/5/16 0:30,8615.32,34.59,TRADE
NSW1,2008/5/16 1:00,8452.34,30.62,TRADE
NSW1,2008/5/16 1:30,8204.72,27.97,TRADE
NSW1,2008/5/16 2:00,7954.11,27.46,TRADE
NSW1,2008/5/16 2:30,7547.63,26.38,TRADE
NSW1,2008/5/16 3:00,7279.85,24.54,TRADE
NSW1,2008/5/16 3:30,7051.67,19.73,TRADE
NSW1,2008/5/16 4:00,6897.54,17.85,TRADE
NSW1,2008/5/16 4:30,6850.62,17.8,TRADE
NSW1,2008/5/16 5:00,6933.07,19.81,TRADE
NSW1,2008/5/16 5:30,7229.62,22.98,TRADE
NSW1,2008/5/16 6:00,7645.39,25.29,TRADE
NSW1,2008/5/16 6:30,8414.01,36.31,TRADE
NSW1,2008/5/16 7:00,9103.08,65.51,TRADE
NSW1,2008/5/16 7:30,9477.9,41.83,TRADE
NSW1,2008/5/16 8:00,9801.97,59.88,TRADE
NSW1,2008/5/16 8:30,9966.07,60.83,TRADE
NSW1,2008/5/16 9:00,9859.79,58.03,TRADE
NSW1,2008/5/16 9:30,9966.69,56.05,TRADE
NSW1,2008/5/16 10:00,10001.84,59.21,TRADE
NSW1,2008/5/16 10:30,10012.85,58.81,TRADE
NSW1,2008/5/16 11:00,9948.72,56.93,TRADE
NSW1,2008/5/16 11:30,9804.19,46.46,TRADE
NSW1,2008/5/16 12:00,9735.86,50.06,TRADE
NSW1,2008/5/16 12:30,9683.9,46.09,TRADE
NSW1,2008/5/16 13:00,9616.92,43.81,TRADE
NSW1,2008/5/16 13:30,9548.65,41.48,TRADE
NSW1,2008/5/16 14:00,9524.22,41.88,TRADE
NSW1,2008/5/16 14:30,9435.39,41.35,TRADE
NSW1,2008/5/16 15:00,9372.37,41.01,TRADE
NSW1,2008/5/16 15:30,9361.22,41,TRADE
NSW1,2008/5/16 16:00,9347.62,40.87,TRADE
NSW1,2008/5/16 16:30,9439.93,41.3,TRADE
NSW1,2008/5/16 17:00,9613.29,41.77,TRADE
NSW1,2008/5/16 17:30,9990.72,47.24,TRADE
NSW1,2008/5/16 18:00,10439.19,70.29,TRADE
NSW1,2008/5/16 18:30,10374.97,66.75,TRADE
NSW1,2008/5/16 19:00,10172.59,55.07,TRADE
NSW1,2008/5/16 19:30,9872.77,42.72,TRADE
NSW1,2008/5/16 20:00,9670.93,37.68,TRADE
NSW1,2008/5/16 20:30,9524.46,34.33,TRADE
NSW1,2008/5/16 21:00,9374.82,28.02,TRADE
NSW1,2008/5/16 21:30,9121.03,31.42,TRADE
NSW1,2008/5/16 22:00,8893.9,27.6,TRADE
NSW1,2008/5/16 22:30,9004.3,49.43,TRADE
NSW1,2008/5/16 23:00,8905.84,39.46,TRADE
NSW1,2008/5/16 23:30,8894.38,68.05,TRADE
NSW1,2008/5/17 0:00,8753.76,52.36,TRADE
NSW1,2008/5/17 0:30,8565.19,34.22,TRADE
NSW1,2008/5/17 1:00,8414.13,31.47,TRADE
NSW1,2008/5/17 1:30,8233.45,29.56,TRADE
NSW1,2008/5/17 2:00,7895.76,27.39,TRADE
NSW1,2008/5/17 2:30,7500.63,27.18,TRADE
NSW1,2008/5/17 3:00,7196.1,27.35,TRADE
NSW1,2008/5/17 3:30,6907.51,26.91,TRADE
NSW1,2008/5/17 4:00,6755.05,25.74,TRADE
NSW1,2008/5/17 4:30,6651.87,27,TRADE
NSW1,2008/5/17 5:00,6665.35,27.67,TRADE
NSW1,2008/5/17 5:30,6738.15,27.49,TRADE
NSW1,2008/5/17 6:00,6925.17,27.35,TRADE
NSW1,2008/5/17 6:30,7243.02,30.36,TRADE
NSW1,2008/5/17 7:00,7551.96,29.34,TRADE
NSW1,2008/5/17 7:30,7898.01,26.66,TRADE
NSW1,2008/5/17 8:00,8387.89,31.4,TRADE
NSW1,2008/5/17 8:30,8810.78,40.7,TRADE
NSW1,2008/5/17 9:00,9010.67,60.37,TRADE
NSW1,2008/5/17 9:30,9224.28,81.72,TRADE
NSW1,2008/5/17 10:00,9195.47,81.83,TRADE
NSW1,2008/5/17 10:30,9211.19,81.65,TRADE
NSW1,2008/5/17 11:00,9093.97,67.73,TRADE
NSW1,2008/5/17 11:30,9002.81,64.01,TRADE
NSW1,2008/5/17 12:00,8890.23,47.27,TRADE
NSW1,2008/5/17 12:30,8855.89,36.63,TRADE
NSW1,2008/5/17 13:00,8774.62,35.01,TRADE
NSW1,2008/5/17 13:30,8697.73,34.84,TRADE
NSW1,2008/5/17 14:00,8659.12,34.16,TRADE
NSW1,2008/5/17 14:30,8560.16,34.13,TRADE
NSW1,2008/5/17 15:00,8561.29,33.66,TRADE
NSW1,2008/5/17 15:30,8572.8,38.09,TRADE
NSW1,2008/5/17 16:00,8755.82,42.16,TRADE
NSW1,2008/5/17 16:30,8917.29,49.22,TRADE
NSW1,2008/5/17 17:00,9356.29,67.98,TRADE
NSW1,2008/5/17 17:30,9827.01,79.77,TRADE
NSW1,2008/5/17 18:00,10211.57,106.92,TRADE
NSW1,2008/5/17 18:30,10164.75,85.32,TRADE
NSW1,2008/5/17 19:00,9967.5,74.85,TRADE
NSW1,2008/5/17 19:30,9731.55,57.02,TRADE
NSW1,2008/5/17 20:00,9535.68,51.62,TRADE
NSW1,2008/5/17 20:30,9337.59,42.3,TRADE
NSW1,2008/5/17 21:00,9258.71,40.82,TRADE
NSW1,2008/5/17 21:30,9066.17,35.68,TRADE
NSW1,2008/5/17 22:00,8881.17,34.81,TRADE
NSW1,2008/5/17 22:30,8929.37,41,TRADE
NSW1,2008/5/17 23:00,8843.64,38.67,TRADE
NSW1,2008/5/17 23:30,8725.45,47.09,TRADE
NSW1,2008/5/18 0:00,8530.32,38.92,TRADE
NSW1,2008/5/18 0:30,8209.74,29.74,TRADE
NSW1,2008/5/18 1:00,8017.07,28.09,TRADE
NSW1,2008/5/18 1:30,7781.08,27.35,TRADE
NSW1,2008/5/18 2:00,7534.26,27.32,TRADE
NSW1,2008/5/18 2:30,7202.56,26.81,TRADE
NSW1,2008/5/18 3:00,6974.23,24.16,TRADE
NSW1,2008/5/18 3:30,6769.41,20.74,TRADE
NSW1,2008/5/18 4:00,6673.84,20.71,TRADE
NSW1,2008/5/18 4:30,6673.81,21.34,TRADE
NSW1,2008/5/18 5:00,6623.82,20.83,TRADE
NSW1,2008/5/18 5:30,6777.69,21.16,TRADE
NSW1,2008/5/18 6:00,6843.53,21.48,TRADE
NSW1,2008/5/18 6:30,7120.11,26.15,TRADE
NSW1,2008/5/18 7:00,7266.01,27,TRADE
NSW1,2008/5/18 7:30,7657.04,23.9,TRADE
NSW1,2008/5/18 8:00,8238.65,28.94,TRADE
NSW1,2008/5/18 8:30,8702.03,29.28,TRADE
NSW1,2008/5/18 9:00,9096.12,32.93,TRADE
NSW1,2008/5/18 9:30,9260.3,35,TRADE
NSW1,2008/5/18 10:00,9301.44,34.45,TRADE
NSW1,2008/5/18 10:30,9271.24,33.91,TRADE
NSW1,2008/5/18 11:00,9133.54,30.54,TRADE
NSW1,2008/5/18 11:30,9013.65,29.13,TRADE
NSW1,2008/5/18 12:00,8937.97,28.95,TRADE
NSW1,2008/5/18 12:30,8866.54,28.75,TRADE
NSW1,2008/5/18 13:00,8765.31,28.55,TRADE
NSW1,2008/5/18 13:30,8630.64,27.9,TRADE
NSW1,2008/5/18 14:00,8574.62,28.72,TRADE
NSW1,2008/5/18 14:30,8499.69,28.25,TRADE
NSW1,2008/5/18 15:00,8506.86,28.09,TRADE
NSW1,2008/5/18 15:30,8569.74,28.26,TRADE
NSW1,2008/5/18 16:00,8662.2,28.82,TRADE
NSW1,2008/5/18 16:30,8939.97,31.5,TRADE
NSW1,2008/5/18 17:00,9345.4,36,TRADE
NSW1,2008/5/18 17:30,10026.1,67.33,TRADE
NSW1,2008/5/18 18:00,10676.91,133.82,TRADE
NSW1,2008/5/18 18:30,10808.71,141.63,TRADE
NSW1,2008/5/18 19:00,10701.7,97.63,TRADE
NSW1,2008/5/18 19:30,10424.41,72.98,TRADE
NSW1,2008/5/18 20:00,10270.65,63.37,TRADE
NSW1,2008/5/18 20:30,10155.36,60.36,TRADE
NSW1,2008/5/18 21:00,9969.4,51.12,TRADE
NSW1,2008/5/18 21:30,9585.53,38.81,TRADE
NSW1,2008/5/18 22:00,9220.62,34.41,TRADE
NSW1,2008/5/18 22:30,9054.9,39.97,TRADE
NSW1,2008/5/18 23:00,8772.81,35.05,TRADE
NSW1,2008/5/18 23:30,8590.48,34.05,TRADE
NSW1,2008/5/19 0:00,8331.6,31.64,TRADE
NSW1,2008/5/19 0:30,8087.56,28.24,TRADE
NSW1,2008/5/19 1:00,7905.25,27.89,TRADE
NSW1,2008/5/19 1:30,7714.72,28.05,TRADE
NSW1,2008/5/19 2:00,7618.51,27.92,TRADE
NSW1,2008/5/19 2:30,7281.5,27,TRADE
NSW1,2008/5/19 3:00,7060.67,24.38,TRADE
NSW1,2008/5/19 3:30,6925.52,21.22,TRADE
NSW1,2008/5/19 4:00,6794.65,18.57,TRADE
NSW1,2008/5/19 4:30,6854.31,20.56,TRADE
NSW1,2008/5/19 5:00,6965.43,21.36,TRADE
NSW1,2008/5/19 5:30,7376.09,26.15,TRADE
NSW1,2008/5/19 6:00,7885.92,25.17,TRADE
NSW1,2008/5/19 6:30,8772.5,36.45,TRADE
NSW1,2008/5/19 7:00,9615.46,50.78,TRADE
NSW1,2008/5/19 7:30,10048.5,39.85,TRADE
NSW1,2008/5/19 8:00,10469.9,59.82,TRADE
NSW1,2008/5/19 8:30,10466.8,62.13,TRADE
NSW1,2008/5/19 9:00,10355.4,45.49,TRADE
NSW1,2008/5/19 9:30,10314.61,43.51,TRADE
NSW1,2008/5/19 10:00,10251.3,42.05,TRADE
NSW1,2008/5/19 10:30,10174.9,41.8,TRADE
NSW1,2008/5/19 11:00,10066.57,41.38,TRADE
NSW1,2008/5/19 11:30,9842.69,35.13,TRADE
NSW1,2008/5/19 12:00,9746.46,35.34,TRADE
NSW1,2008/5/19 12:30,9676.23,34.89,TRADE
NSW1,2008/5/19 13:00,9657.16,33.57,TRADE
NSW1,2008/5/19 13:30,9519.75,32.97,TRADE
NSW1,2008/5/19 14:00,9468.52,32.57,TRADE
NSW1,2008/5/19 14:30,9475.77,33.38,TRADE
NSW1,2008/5/19 15:00,9404.17,32.46,TRADE
NSW1,2008/5/19 15:30,9379.65,31.86,TRADE
NSW1,2008/5/19 16:00,9446.21,32.3,TRADE
NSW1,2008/5/19 16:30,9637.34,32.84,TRADE
NSW1,2008/5/19 17:00,9979.94,37.1,TRADE
NSW1,2008/5/19 17:30,10708.04,64.62,TRADE
NSW1,2008/5/19 18:00,11367.59,99.22,TRADE
NSW1,2008/5/19 18:30,11429.25,97.48,TRADE
NSW1,2008/5/19 19:00,11328.8,81.72,TRADE
NSW1,2008/5/19 19:30,11028,57.72,TRADE
NSW1,2008/5/19 20:00,10828.95,55.08,TRADE
NSW1,2008/5/19 20:30,10683.34,45.25,TRADE
NSW1,2008/5/19 21:00,10442.6,41.79,TRADE
NSW1,2008/5/19 21:30,10074.32,38.36,TRADE
NSW1,2008/5/19 22:00,9676.47,32.83,TRADE
NSW1,2008/5/19 22:30,9630.15,40.34,TRADE
NSW1,2008/5/19 23:00,9342.95,39.32,TRADE
NSW1,2008/5/19 23:30,9116.72,39.11,TRADE
NSW1,2008/5/20 0:00,8989.26,37.63,TRADE
NSW1,2008/5/20 0:30,8827.72,35.11,TRADE
NSW1,2008/5/20 1:00,8695.51,31.59,TRADE
NSW1,2008/5/20 1:30,8544.68,30.49,TRADE
NSW1,2008/5/20 2:00,8305.64,28.51,TRADE
NSW1,2008/5/20 2:30,7906.76,27.53,TRADE
NSW1,2008/5/20 3:00,7527.89,27.38,TRADE
NSW1,2008/5/20 3:30,7279.84,24.03,TRADE
NSW1,2008/5/20 4:00,7150.39,20.02,TRADE
NSW1,2008/5/20 4:30,7081.28,21.39,TRADE
NSW1,2008/5/20 5:00,7178.21,26.45,TRADE
NSW1,2008/5/20 5:30,7555.33,28.43,TRADE
NSW1,2008/5/20 6:00,8077.57,26.8,TRADE
NSW1,2008/5/20 6:30,8972.09,34.53,TRADE
NSW1,2008/5/20 7:00,9810.57,49.69,TRADE
NSW1,2008/5/20 7:30,10261.46,41.02,TRADE
NSW1,2008/5/20 8:00,10646.14,54.36,TRADE
NSW1,2008/5/20 8:30,10622.2,51.3,TRADE
NSW1,2008/5/20 9:00,10334.99,42.5,TRADE
NSW1,2008/5/20 9:30,10344.56,42.32,TRADE
NSW1,2008/5/20 10:00,10186.15,41.9,TRADE
NSW1,2008/5/20 10:30,10078.6,42.03,TRADE
NSW1,2008/5/20 11:00,10039.3,40.78,TRADE
NSW1,2008/5/20 11:30,9848.76,38.13,TRADE
NSW1,2008/5/20 12:00,9722.34,41,TRADE
NSW1,2008/5/20 12:30,9640.14,36.85,TRADE
NSW1,2008/5/20 13:00,9574.8,35.05,TRADE
NSW1,2008/5/20 13:30,9526.85,32.91,TRADE
NSW1,2008/5/20 14:00,9475.91,34.04,TRADE
NSW1,2008/5/20 14:30,9471.97,33.22,TRADE
NSW1,2008/5/20 15:00,9418.07,32.07,TRADE
NSW1,2008/5/20 15:30,9414.04,33.05,TRADE
NSW1,2008/5/20 16:00,9496.06,36.94,TRADE
NSW1,2008/5/20 16:30,9678.98,39.86,TRADE
NSW1,2008/5/20 17:00,10019.74,36.47,TRADE
NSW1,2008/5/20 17:30,10672.01,49.09,TRADE
NSW1,2008/5/20 18:00,11305.81,88.12,TRADE
NSW1,2008/5/20 18:30,11248.98,82.28,TRADE
NSW1,2008/5/20 19:00,11133.78,66.25,TRADE
NSW1,2008/5/20 19:30,10854.25,47.25,TRADE
NSW1,2008/5/20 20:00,10696.02,53.55,TRADE
NSW1,2008/5/20 20:30,10532.86,44.92,TRADE
NSW1,2008/5/20 21:00,10299.83,40.24,TRADE
NSW1,2008/5/20 21:30,9977.2,39.09,TRADE
NSW1,2008/5/20 22:00,9629.3,34.79,TRADE
NSW1,2008/5/20 22:30,9584.1,41.6,TRADE
NSW1,2008/5/20 23:00,9262.12,37.98,TRADE
NSW1,2008/5/20 23:30,9114.64,39.56,TRADE
NSW1,2008/5/21 0:00,8988.98,38.06,TRADE
NSW1,2008/5/21 0:30,8780.72,34.46,TRADE
NSW1,2008/5/21 1:00,8611.13,30.32,TRADE
NSW1,2008/5/21 1:30,8479.24,29.3,TRADE
NSW1,2008/5/21 2:00,8236.85,28.49,TRADE
NSW1,2008/5/21 2:30,7849.41,27.52,TRADE
NSW1,2008/5/21 3:00,7475.81,27.07,TRADE
NSW1,2008/5/21 3:30,7188.77,21.29,TRADE
NSW1,2008/5/21 4:00,7048.3,19.4,TRADE
NSW1,2008/5/21 4:30,7009.62,19.46,TRADE
NSW1,2008/5/21 5:00,7120.83,20.99,TRADE
NSW1,2008/5/21 5:30,7487.98,23.93,TRADE
NSW1,2008/5/21 6:00,7959.47,24.45,TRADE
NSW1,2008/5/21 6:30,8910.54,32.85,TRADE
NSW1,2008/5/21 7:00,9701.89,42.78,TRADE
NSW1,2008/5/21 7:30,10099.91,39.09,TRADE
NSW1,2008/5/21 8:00,10421.38,44.34,TRADE
NSW1,2008/5/21 8:30,10446.69,43.31,TRADE
NSW1,2008/5/21 9:00,10248.54,42.19,TRADE
NSW1,2008/5/21 9:30,10188.83,42.23,TRADE
NSW1,2008/5/21 10:00,10099.16,37.65,TRADE
NSW1,2008/5/21 10:30,10035.92,37.44,TRADE
NSW1,2008/5/21 11:00,9945.02,38.29,TRADE
NSW1,2008/5/21 11:30,9798.5,40.61,TRADE
NSW1,2008/5/21 12:00,9740.41,41.18,TRADE
NSW1,2008/5/21 12:30,9659.13,40.43,TRADE
NSW1,2008/5/21 13:00,9666.32,36.98,TRADE
NSW1,2008/5/21 13:30,9639.77,41,TRADE
NSW1,2008/5/21 14:00,9574.89,38.29,TRADE
NSW1,2008/5/21 14:30,9586.37,41,TRADE
NSW1,2008/5/21 15:00,9532.59,35.96,TRADE
NSW1,2008/5/21 15:30,9603.52,34.56,TRADE
NSW1,2008/5/21 16:00,9723.74,34.62,TRADE
NSW1,2008/5/21 16:30,9960.87,36.57,TRADE
NSW1,2008/5/21 17:00,10299.22,42.97,TRADE
NSW1,2008/5/21 17:30,10936.49,62.21,TRADE
NSW1,2008/5/21 18:00,11468.73,104.59,TRADE
NSW1,2008/5/21 18:30,11408.44,95.35,TRADE
NSW1,2008/5/21 19:00,11217.74,81.86,TRADE
NSW1,2008/5/21 19:30,10953.28,52.4,TRADE
NSW1,2008/5/21 20:00,10721.15,47.5,TRADE
NSW1,2008/5/21 20:30,10499.67,43.18,TRADE
NSW1,2008/5/21 21:00,10284.15,38.04,TRADE
NSW1,2008/5/21 21:30,10045.35,40.99,TRADE
NSW1,2008/5/21 22:00,9659.19,34.7,TRADE
NSW1,2008/5/21 22:30,9726,45.68,TRADE
NSW1,2008/5/21 23:00,9393.54,41.09,TRADE
NSW1,2008/5/21 23:30,9227.78,42.99,TRADE
NSW1,2008/5/22 0:00,9105.57,38.5,TRADE
NSW1,2008/5/22 0:30,8854.05,33.53,TRADE
NSW1,2008/5/22 1:00,8711.45,30.43,TRADE
NSW1,2008/5/22 1:30,8555.31,29.72,TRADE
NSW1,2008/5/22 2:00,8277.55,28.28,TRADE
NSW1,2008/5/22 2:30,7893.51,27.68,TRADE
NSW1,2008/5/22 3:00,7545.91,27.89,TRADE
NSW1,2008/5/22 3:30,7278.88,27.52,TRADE
NSW1,2008/5/22 4:00,7141.99,27.51,TRADE
NSW1,2008/5/22 4:30,7019.71,27,TRADE
NSW1,2008/5/22 5:00,7168.45,27.54,TRADE
NSW1,2008/5/22 5:30,7519.2,29.23,TRADE
NSW1,2008/5/22 6:00,7931.63,27.8,TRADE
NSW1,2008/5/22 6:30,8805.94,40.49,TRADE
NSW1,2008/5/22 7:00,9516.01,58,TRADE
NSW1,2008/5/22 7:30,9893.16,48.75,TRADE
NSW1,2008/5/22 8:00,10233.49,67.51,TRADE
NSW1,2008/5/22 8:30,10320.9,67.13,TRADE
NSW1,2008/5/22 9:00,10292.47,63.99,TRADE
NSW1,2008/5/22 9:30,10299.23,63.84,TRADE
NSW1,2008/5/22 10:00,10264.25,63.56,TRADE
NSW1,2008/5/22 10:30,10194.13,63.01,TRADE
NSW1,2008/5/22 11:00,10033.71,53.96,TRADE
NSW1,2008/5/22 11:30,9912.54,45.07,TRADE
NSW1,2008/5/22 12:00,9820.71,43.4,TRADE
NSW1,2008/5/22 12:30,9767.58,42.57,TRADE
NSW1,2008/5/22 13:00,9696.56,41.45,TRADE
NSW1,2008/5/22 13:30,9630.28,42.27,TRADE
NSW1,2008/5/22 14:00,9554.2,40.62,TRADE
NSW1,2008/5/22 14:30,9525.98,40.44,TRADE
NSW1,2008/5/22 15:00,9479.56,40.28,TRADE
NSW1,2008/5/22 15:30,9515.52,40.07,TRADE
NSW1,2008/5/22 16:00,9631.57,40.52,TRADE
NSW1,2008/5/22 16:30,9834.86,42.31,TRADE
NSW1,2008/5/22 17:00,10223.49,51.97,TRADE
NSW1,2008/5/22 17:30,10926.63,72.69,TRADE
NSW1,2008/5/22 18:00,11511.78,100.52,TRADE
NSW1,2008/5/22 18:30,11506.39,97.69,TRADE
NSW1,2008/5/22 19:00,11433.97,96.6,TRADE
NSW1,2008/5/22 19:30,11223.02,72.24,TRADE
NSW1,2008/5/22 20:00,11057.79,71.91,TRADE
NSW1,2008/5/22 20:30,10923.84,70.71,TRADE
NSW1,2008/5/22 21:00,10679.65,59.73,TRADE
NSW1,2008/5/22 21:30,10299.75,46.14,TRADE
NSW1,2008/5/22 22:00,9890.9,40.58,TRADE
NSW1,2008/5/22 22:30,9829.08,62.18,TRADE
NSW1,2008/5/22 23:00,9529.12,49.12,TRADE
NSW1,2008/5/22 23:30,9333.88,49.08,TRADE
NSW1,2008/5/23 0:00,9142.76,42.9,TRADE
NSW1,2008/5/23 0:30,8956.99,41.4,TRADE
NSW1,2008/5/23 1:00,8803.8,38.15,TRADE
NSW1,2008/5/23 1:30,8667.19,38.34,TRADE
NSW1,2008/5/23 2:00,8410.26,31.36,TRADE
NSW1,2008/5/23 2:30,8008.76,28.03,TRADE
NSW1,2008/5/23 3:00,7675.16,27.89,TRADE
NSW1,2008/5/23 3:30,7389.22,27.53,TRADE
NSW1,2008/5/23 4:00,7261.84,23.14,TRADE
NSW1,2008/5/23 4:30,7174.66,20.94,TRADE
NSW1,2008/5/23 5:00,7273.99,23.48,TRADE
NSW1,2008/5/23 5:30,7604.19,28.31,TRADE
NSW1,2008/5/23 6:00,8068.49,29.47,TRADE
NSW1,2008/5/23 6:30,8899.22,40.12,TRADE
NSW1,2008/5/23 7:00,9735.37,65.41,TRADE
NSW1,2008/5/23 7:30,10178.52,46.49,TRADE
NSW1,2008/5/23 8:00,10555.71,64.36,TRADE
NSW1,2008/5/23 8:30,10583.05,64.69,TRADE
NSW1,2008/5/23 9:00,10421.38,64.01,TRADE
NSW1,2008/5/23 9:30,10357.22,65.88,TRADE
NSW1,2008/5/23 10:00,10255.04,69.9,TRADE
NSW1,2008/5/23 10:30,10142.72,63.96,TRADE
NSW1,2008/5/23 11:00,10015.24,56.88,TRADE
NSW1,2008/5/23 11:30,9849.37,47.33,TRADE
NSW1,2008/5/23 12:00,9812.66,44.49,TRADE
NSW1,2008/5/23 12:30,9732.58,44.15,TRADE
NSW1,2008/5/23 13:00,9627.04,42.74,TRADE
NSW1,2008/5/23 13:30,9605.16,42.95,TRADE
NSW1,2008/5/23 14:00,9533.85,41.93,TRADE
NSW1,2008/5/23 14:30,9487.27,41.37,TRADE
NSW1,2008/5/23 15:00,9360.97,40.12,TRADE
NSW1,2008/5/23 15:30,9383.17,35.14,TRADE
NSW1,2008/5/23 16:00,9482.9,37.55,TRADE
NSW1,2008/5/23 16:30,9719.77,40.89,TRADE
NSW1,2008/5/23 17:00,10103.22,44.22,TRADE
NSW1,2008/5/23 17:30,10728.22,54.06,TRADE
NSW1,2008/5/23 18:00,11227.1,86.2,TRADE
NSW1,2008/5/23 18:30,11112.11,75.01,TRADE
NSW1,2008/5/23 19:00,11013.36,68.08,TRADE
NSW1,2008/5/23 19:30,10692.27,52.81,TRADE
NSW1,2008/5/23 20:00,10517.51,49.61,TRADE
NSW1,2008/5/23 20:30,10310.67,48.02,TRADE
NSW1,2008/5/23 21:00,10100.39,44.62,TRADE
NSW1,2008/5/23 21:30,9897.73,43.96,TRADE
NSW1,2008/5/23 22:00,9549.39,42.51,TRADE
NSW1,2008/5/23 22:30,9632.16,68.37,TRADE
NSW1,2008/5/23 23:00,9383.05,59.53,TRADE
NSW1,2008/5/23 23:30,9351.96,71.61,TRADE
NSW1,2008/5/24 0:00,9221.75,63.31,TRADE
NSW1,2008/5/24 0:30,9061.42,56.61,TRADE
NSW1,2008/5/24 1:00,8855.87,43.11,TRADE
NSW1,2008/5/24 1:30,8610.24,41.23,TRADE
NSW1,2008/5/24 2:00,8306.18,31.95,TRADE
NSW1,2008/5/24 2:30,7915.61,28.18,TRADE
NSW1,2008/5/24 3:00,7518.19,28.02,TRADE
NSW1,2008/5/24 3:30,7231.24,27.37,TRADE
NSW1,2008/5/24 4:00,7042.45,27.72,TRADE
NSW1,2008/5/24 4:30,6918.71,27.92,TRADE
NSW1,2008/5/24 5:00,6932.45,27.9,TRADE
NSW1,2008/5/24 5:30,7083.6,29.84,TRADE
NSW1,2008/5/24 6:00,7225.77,30.57,TRADE
NSW1,2008/5/24 6:30,7610.06,30.2,TRADE
NSW1,2008/5/24 7:00,7921.95,31.33,TRADE
NSW1,2008/5/24 7:30,8362.13,32.57,TRADE
NSW1,2008/5/24 8:00,8939.94,41.7,TRADE
NSW1,2008/5/24 8:30,9304.08,57.41,TRADE
NSW1,2008/5/24 9:00,9474.68,64.87,TRADE
NSW1,2008/5/24 9:30,9652.32,65.77,TRADE
NSW1,2008/5/24 10:00,9545.72,52.7,TRADE
NSW1,2008/5/24 10:30,9455.84,51.08,TRADE
NSW1,2008/5/24 11:00,9315.66,44.71,TRADE
NSW1,2008/5/24 11:30,9152.49,43.06,TRADE
NSW1,2008/5/24 12:00,8992.29,41.02,TRADE
NSW1,2008/5/24 12:30,8844.39,35.81,TRADE
NSW1,2008/5/24 13:00,8706.14,34.37,TRADE
NSW1,2008/5/24 13:30,8654.56,34.27,TRADE
NSW1,2008/5/24 14:00,8545.74,33.85,TRADE
NSW1,2008/5/24 14:30,8522.14,32.89,TRADE
NSW1,2008/5/24 15:00,8417.17,29.28,TRADE
NSW1,2008/5/24 15:30,8469.78,29.25,TRADE
NSW1,2008/5/24 16:00,8547.12,29.49,TRADE
NSW1,2008/5/24 16:30,8790.02,33.93,TRADE
NSW1,2008/5/24 17:00,9244.9,38.2,TRADE
NSW1,2008/5/24 17:30,9891.63,51.84,TRADE
NSW1,2008/5/24 18:00,10458.77,81.93,TRADE
NSW1,2008/5/24 18:30,10476.05,83.39,TRADE
NSW1,2008/5/24 19:00,10366.58,66.01,TRADE
NSW1,2008/5/24 19:30,10111.59,54.63,TRADE
NSW1,2008/5/24 20:00,9876.81,58.52,TRADE
NSW1,2008/5/24 20:30,9698.73,46.4,TRADE
NSW1,2008/5/24 21:00,9609.36,45.39,TRADE
NSW1,2008/5/24 21:30,9383.22,43.65,TRADE
NSW1,2008/5/24 22:00,9163.87,42.11,TRADE
NSW1,2008/5/24 22:30,9201.25,74.04,TRADE
NSW1,2008/5/24 23:00,9017.46,60.31,TRADE
NSW1,2008/5/24 23:30,8927.21,63.35,TRADE
NSW1,2008/5/25 0:00,8751.97,48.16,TRADE
NSW1,2008/5/25 0:30,8482,39.53,TRADE
NSW1,2008/5/25 1:00,8242.77,31.02,TRADE
NSW1,2008/5/25 1:30,8000.33,28.98,TRADE
NSW1,2008/5/25 2:00,7722.25,27.77,TRADE
NSW1,2008/5/25 2:30,7385.87,27.37,TRADE
NSW1,2008/5/25 3:00,7115.98,27.69,TRADE
NSW1,2008/5/25 3:30,6899.43,27.06,TRADE
NSW1,2008/5/25 4:00,6772.53,27.23,TRADE
NSW1,2008/5/25 4:30,6741.1,24.81,TRADE
NSW1,2008/5/25 5:00,6722.1,23.8,TRADE
NSW1,2008/5/25 5:30,6800.98,26.82,TRADE
NSW1,2008/5/25 6:00,6890.09,27,TRADE
NSW1,2008/5/25 6:30,7154.93,29.76,TRADE
NSW1,2008/5/25 7:00,7424.19,27.95,TRADE
NSW1,2008/5/25 7:30,7788.18,27.43,TRADE
NSW1,2008/5/25 8:00,8293.59,32.63,TRADE
NSW1,2008/5/25 8:30,8817.23,37.14,TRADE
NSW1,2008/5/25 9:00,9217.8,42.38,TRADE
NSW1,2008/5/25 9:30,9357.28,43.84,TRADE
NSW1,2008/5/25 10:00,9365.54,43.03,TRADE
NSW1,2008/5/25 10:30,9312.45,42.41,TRADE
NSW1,2008/5/25 11:00,9201.4,41.26,TRADE
NSW1,2008/5/25 11:30,9114.19,41.89,TRADE
NSW1,2008/5/25 12:00,8982.45,41.44,TRADE
NSW1,2008/5/25 12:30,8880.15,40.85,TRADE
NSW1,2008/5/25 13:00,8760.42,38.13,TRADE
NSW1,2008/5/25 13:30,8598.18,37.53,TRADE
NSW1,2008/5/25 14:00,8451.77,34.84,TRADE
NSW1,2008/5/25 14:30,8365.4,34.34,TRADE
NSW1,2008/5/25 15:00,8315.4,33.91,TRADE
NSW1,2008/5/25 15:30,8344.96,34.83,TRADE
NSW1,2008/5/25 16:00,8528.73,37.99,TRADE
NSW1,2008/5/25 16:30,8824.53,41.66,TRADE
NSW1,2008/5/25 17:00,9317.32,53.16,TRADE
NSW1,2008/5/25 17:30,10051.22,82.01,TRADE
NSW1,2008/5/25 18:00,10610.54,141.88,TRADE
NSW1,2008/5/25 18:30,10698.79,133.55,TRADE
NSW1,2008/5/25 19:00,10568.08,112.56,TRADE
NSW1,2008/5/25 19:30,10363.81,84.23,TRADE
NSW1,2008/5/25 20:00,10221.25,71.56,TRADE
NSW1,2008/5/25 20:30,10121.97,66.21,TRADE
NSW1,2008/5/25 21:00,9882.96,59.28,TRADE
NSW1,2008/5/25 21:30,9552.17,50.53,TRADE
NSW1,2008/5/25 22:00,9194.32,43.46,TRADE
NSW1,2008/5/25 22:30,9066.66,70.94,TRADE
NSW1,2008/5/25 23:00,8754.79,61.35,TRADE
NSW1,2008/5/25 23:30,8584.77,59.18,TRADE
NSW1,2008/5/26 0:00,8390.39,51.06,TRADE
NSW1,2008/5/26 0:30,8151.56,42.42,TRADE
NSW1,2008/5/26 1:00,8010.35,40.33,TRADE
NSW1,2008/5/26 1:30,7794.54,35.2,TRADE
NSW1,2008/5/26 2:00,7647.91,33.32,TRADE
NSW1,2008/5/26 2:30,7291.08,27.85,TRADE
NSW1,2008/5/26 3:00,7058.31,28,TRADE
NSW1,2008/5/26 3:30,6956.54,27.93,TRADE
NSW1,2008/5/26 4:00,6860.84,28.09,TRADE
NSW1,2008/5/26 4:30,6894.54,28.16,TRADE
NSW1,2008/5/26 5:00,7017.63,29,TRADE
NSW1,2008/5/26 5:30,7387.04,34.12,TRADE
NSW1,2008/5/26 6:00,7879.75,38.29,TRADE
NSW1,2008/5/26 6:30,8733.15,48.68,TRADE
NSW1,2008/5/26 7:00,9590.5,64.11,TRADE
NSW1,2008/5/26 7:30,10080.32,61.83,TRADE
NSW1,2008/5/26 8:00,10487.61,81.17,TRADE
NSW1,2008/5/26 8:30,10511.79,80.43,TRADE
NSW1,2008/5/26 9:00,10338.72,64.69,TRADE
NSW1,2008/5/26 9:30,10320.06,64.49,TRADE
NSW1,2008/5/26 10:00,10264.13,60.14,TRADE
NSW1,2008/5/26 10:30,10188.87,55.4,TRADE
NSW1,2008/5/26 11:00,10037.28,51.29,TRADE
NSW1,2008/5/26 11:30,9844.67,43.33,TRADE
NSW1,2008/5/26 12:00,9768.55,43.09,TRADE
NSW1,2008/5/26 12:30,9705.64,42.87,TRADE
NSW1,2008/5/26 13:00,9634.74,41.84,TRADE
NSW1,2008/5/26 13:30,9532.67,42.04,TRADE
NSW1,2008/5/26 14:00,9517.58,41.11,TRADE
NSW1,2008/5/26 14:30,9515.29,41.17,TRADE
NSW1,2008/5/26 15:00,9460.96,40.89,TRADE
NSW1,2008/5/26 15:30,9419.46,35.67,TRADE
NSW1,2008/5/26 16:00,9479.4,35.35,TRADE
NSW1,2008/5/26 16:30,9673.54,38.18,TRADE
NSW1,2008/5/26 17:00,10042.69,41.1,TRADE
NSW1,2008/5/26 17:30,10765.9,67.7,TRADE
NSW1,2008/5/26 18:00,11275.74,101.48,TRADE
NSW1,2008/5/26 18:30,11226.88,92.61,TRADE
NSW1,2008/5/26 19:00,10999.05,72.26,TRADE
NSW1,2008/5/26 19:30,10781.82,50.31,TRADE
NSW1,2008/5/26 20:00,10574.15,44.63,TRADE
NSW1,2008/5/26 20:30,10347.66,44.17,TRADE
NSW1,2008/5/26 21:00,10155.1,42.49,TRADE
NSW1,2008/5/26 21:30,9774.23,39.44,TRADE
NSW1,2008/5/26 22:00,9358.65,33.33,TRADE
NSW1,2008/5/26 22:30,9394.02,42.5,TRADE
NSW1,2008/5/26 23:00,9099.14,41.13,TRADE
NSW1,2008/5/26 23:30,8988.43,41.53,TRADE
NSW1,2008/5/27 0:00,8871.95,38.31,TRADE
NSW1,2008/5/27 0:30,8740.52,37,TRADE
NSW1,2008/5/27 1:00,8590.95,33.19,TRADE
NSW1,2008/5/27 1:30,8388.26,32.07,TRADE
NSW1,2008/5/27 2:00,8216.85,30.26,TRADE
NSW1,2008/5/27 2:30,7786.03,27.74,TRADE
NSW1,2008/5/27 3:00,7457.86,27.95,TRADE
NSW1,2008/5/27 3:30,7171.98,27.55,TRADE
NSW1,2008/5/27 4:00,7077.76,28.06,TRADE
NSW1,2008/5/27 4:30,7025.3,27.09,TRADE
NSW1,2008/5/27 5:00,7175.39,28.87,TRADE
NSW1,2008/5/27 5:30,7506.26,31.85,TRADE
NSW1,2008/5/27 6:00,8000.65,31.37,TRADE
NSW1,2008/5/27 6:30,8788.48,49.16,TRADE
NSW1,2008/5/27 7:00,9606.65,67.67,TRADE
NSW1,2008/5/27 7:30,10015.26,62.4,TRADE
NSW1,2008/5/27 8:00,10394.89,81.34,TRADE
NSW1,2008/5/27 8:30,10333.02,71.01,TRADE
NSW1,2008/5/27 9:00,10181.8,59.48,TRADE
NSW1,2008/5/27 9:30,10167.14,63.31,TRADE
NSW1,2008/5/27 10:00,10041.27,60.69,TRADE
NSW1,2008/5/27 10:30,9934.92,52.36,TRADE
NSW1,2008/5/27 11:00,9853.67,46.44,TRADE
NSW1,2008/5/27 11:30,9702.14,42.78,TRADE
NSW1,2008/5/27 12:00,9588.54,42.61,TRADE
NSW1,2008/5/27 12:30,9554.08,42.47,TRADE
NSW1,2008/5/27 13:00,9481.34,42.35,TRADE
NSW1,2008/5/27 13:30,9504.53,42.45,TRADE
NSW1,2008/5/27 14:00,9368.89,42.19,TRADE
NSW1,2008/5/27 14:30,9501.33,42.34,TRADE
NSW1,2008/5/27 15:00,9444.79,41.96,TRADE
NSW1,2008/5/27 15:30,9486.4,42.06,TRADE
NSW1,2008/5/27 16:00,9531.95,43.06,TRADE
NSW1,2008/5/27 16:30,9717.53,45.69,TRADE
NSW1,2008/5/27 17:00,9984.75,50.93,TRADE
NSW1,2008/5/27 17:30,10725.19,83.41,TRADE
NSW1,2008/5/27 18:00,11201.8,105.37,TRADE
NSW1,2008/5/27 18:30,11116.11,96.31,TRADE
NSW1,2008/5/27 19:00,11012.82,88.63,TRADE
NSW1,2008/5/27 19:30,10694.14,60.12,TRADE
NSW1,2008/5/27 20:00,10553.23,61.42,TRADE
NSW1,2008/5/27 20:30,10364.1,62.24,TRADE
NSW1,2008/5/27 21:00,10186.13,50.15,TRADE
NSW1,2008/5/27 21:30,9920.3,50.57,TRADE
NSW1,2008/5/27 22:00,9483.07,41.67,TRADE
NSW1,2008/5/27 22:30,9489.9,65.77,TRADE
NSW1,2008/5/27 23:00,9241.56,47.15,TRADE
NSW1,2008/5/27 23:30,9109.25,50.96,TRADE
NSW1,2008/5/28 0:00,8960.6,52.16,TRADE
NSW1,2008/5/28 0:30,8837.03,41.64,TRADE
NSW1,2008/5/28 1:00,8699.57,41.32,TRADE
NSW1,2008/5/28 1:30,8481.66,42.04,TRADE
NSW1,2008/5/28 2:00,8276.24,38.28,TRADE
NSW1,2008/5/28 2:30,7893.5,30.64,TRADE
NSW1,2008/5/28 3:00,7540.84,27.98,TRADE
NSW1,2008/5/28 3:30,7236.71,27.59,TRADE
NSW1,2008/5/28 4:00,7084.15,28.1,TRADE
NSW1,2008/5/28 4:30,7055.89,27.98,TRADE
NSW1,2008/5/28 5:00,7097.85,28.77,TRADE
NSW1,2008/5/28 5:30,7439.35,29.98,TRADE
NSW1,2008/5/28 6:00,7900.05,32.43,TRADE
NSW1,2008/5/28 6:30,8778.9,49.98,TRADE
NSW1,2008/5/28 7:00,9617.51,72.07,TRADE
NSW1,2008/5/28 7:30,10009.26,63.54,TRADE
NSW1,2008/5/28 8:00,10384.44,88.17,TRADE
NSW1,2008/5/28 8:30,10403.67,91.29,TRADE
NSW1,2008/5/28 9:00,10210.22,80.04,TRADE
NSW1,2008/5/28 9:30,10193.99,76.31,TRADE
NSW1,2008/5/28 10:00,10127.31,74.41,TRADE
NSW1,2008/5/28 10:30,10059.11,66.98,TRADE
NSW1,2008/5/28 11:00,9992.06,64.05,TRADE
NSW1,2008/5/28 11:30,9863.7,63.56,TRADE
NSW1,2008/5/28 12:00,9808.2,59.84,TRADE
NSW1,2008/5/28 12:30,9771.1,53.28,TRADE
NSW1,2008/5/28 13:00,9773.29,56.83,TRADE
NSW1,2008/5/28 13:30,9712.51,60.61,TRADE
NSW1,2008/5/28 14:00,9591.44,56.75,TRADE
NSW1,2008/5/28 14:30,9561.74,51.63,TRADE
NSW1,2008/5/28 15:00,9510.55,46.04,TRADE
NSW1,2008/5/28 15:30,9558.25,46.95,TRADE
NSW1,2008/5/28 16:00,9646.49,49.71,TRADE
NSW1,2008/5/28 16:30,9849.62,59.2,TRADE
NSW1,2008/5/28 17:00,10209.59,65.34,TRADE
NSW1,2008/5/28 17:30,10924.12,115.31,TRADE
NSW1,2008/5/28 18:00,11365.11,204.43,TRADE
NSW1,2008/5/28 18:30,11200.82,173.77,TRADE
NSW1,2008/5/28 19:00,11008.63,124.39,TRADE
NSW1,2008/5/28 19:30,10745.88,97.04,TRADE
NSW1,2008/5/28 20:00,10582.99,95.59,TRADE
NSW1,2008/5/28 20:30,10536.97,98.54,TRADE
NSW1,2008/5/28 21:00,10304.5,79.44,TRADE
NSW1,2008/5/28 21:30,9937.79,72.61,TRADE
NSW1,2008/5/28 22:00,9586.37,53.21,TRADE
NSW1,2008/5/28 22:30,9599.36,93.89,TRADE
NSW1,2008/5/28 23:00,9339.75,75.05,TRADE
NSW1,2008/5/28 23:30,9184.41,81.57,TRADE
NSW1,2008/5/29 0:00,9035.44,74.31,TRADE
NSW1,2008/5/29 0:30,8885.48,62.57,TRADE
NSW1,2008/5/29 1:00,8718.98,50.32,TRADE
NSW1,2008/5/29 1:30,8581.65,47.15,TRADE
NSW1,2008/5/29 2:00,8332.47,38.08,TRADE
NSW1,2008/5/29 2:30,7915.02,27.91,TRADE
NSW1,2008/5/29 3:00,7568.04,29.79,TRADE
NSW1,2008/5/29 3:30,7313.59,27.91,TRADE
NSW1,2008/5/29 4:00,7156.33,26.79,TRADE
NSW1,2008/5/29 4:30,7096.36,27.18,TRADE
NSW1,2008/5/29 5:00,7185.21,28.49,TRADE
NSW1,2008/5/29 5:30,7530.13,31.11,TRADE
NSW1,2008/5/29 6:00,7943.24,32.61,TRADE
NSW1,2008/5/29 6:30,8836.2,59.23,TRADE
NSW1,2008/5/29 7:00,9628.01,80.64,TRADE
NSW1,2008/5/29 7:30,10076.27,61.48,TRADE
NSW1,2008/5/29 8:00,10466.55,83.21,TRADE
NSW1,2008/5/29 8:30,10402.06,81.8,TRADE
NSW1,2008/5/29 9:00,10213.7,65.7,TRADE
NSW1,2008/5/29 9:30,10162.58,69.29,TRADE
NSW1,2008/5/29 10:00,10061.39,72.74,TRADE
NSW1,2008/5/29 10:30,9968.83,65.36,TRADE
NSW1,2008/5/29 11:00,9895.35,64.08,TRADE
NSW1,2008/5/29 11:30,9785.52,59.78,TRADE
NSW1,2008/5/29 12:00,9691.82,48.91,TRADE
NSW1,2008/5/29 12:30,9652.29,54.25,TRADE
NSW1,2008/5/29 13:00,9581.38,47.3,TRADE
NSW1,2008/5/29 13:30,9561.41,45.43,TRADE
NSW1,2008/5/29 14:00,9535.13,44.1,TRADE
NSW1,2008/5/29 14:30,9527.52,44.64,TRADE
NSW1,2008/5/29 15:00,9438.14,43.67,TRADE
NSW1,2008/5/29 15:30,9417.84,41.23,TRADE
NSW1,2008/5/29 16:00,9474.41,42.77,TRADE
NSW1,2008/5/29 16:30,9689.49,44.64,TRADE
NSW1,2008/5/29 17:00,10025.93,51.07,TRADE
NSW1,2008/5/29 17:30,10698.62,75.13,TRADE
NSW1,2008/5/29 18:00,11307.66,104.12,TRADE
NSW1,2008/5/29 18:30,11361.41,103.34,TRADE
NSW1,2008/5/29 19:00,11218.33,101,TRADE
NSW1,2008/5/29 19:30,11068.58,91.82,TRADE
NSW1,2008/5/29 20:00,10825.54,88.14,TRADE
NSW1,2008/5/29 20:30,10715.32,82.89,TRADE
NSW1,2008/5/29 21:00,10534.56,69.37,TRADE
NSW1,2008/5/29 21:30,10158.95,57.1,TRADE
NSW1,2008/5/29 22:00,9747.15,43.02,TRADE
NSW1,2008/5/29 22:30,9791.82,77.46,TRADE
NSW1,2008/5/29 23:00,9514.8,60.5,TRADE
NSW1,2008/5/29 23:30,9373.13,66.67,TRADE
NSW1,2008/5/30 0:00,9166.3,55.5,TRADE
NSW1,2008/5/30 0:30,8993.01,44.26,TRADE
NSW1,2008/5/30 1:00,8856,38.56,TRADE
NSW1,2008/5/30 1:30,8653.9,37.55,TRADE
NSW1,2008/5/30 2:00,8398.19,29.24,TRADE
NSW1,2008/5/30 2:30,7943.53,27.35,TRADE
NSW1,2008/5/30 3:00,7582.53,27,TRADE
NSW1,2008/5/30 3:30,7334.39,26.94,TRADE
NSW1,2008/5/30 4:00,7171.49,23.22,TRADE
NSW1,2008/5/30 4:30,7102.93,24.72,TRADE
NSW1,2008/5/30 5:00,7207.97,26.06,TRADE
NSW1,2008/5/30 5:30,7533.16,28.55,TRADE
NSW1,2008/5/30 6:00,7977.22,30.73,TRADE
NSW1,2008/5/30 6:30,8837.54,45.05,TRADE
NSW1,2008/5/30 7:00,9664.23,61.14,TRADE
NSW1,2008/5/30 7:30,10106.62,51.57,TRADE
NSW1,2008/5/30 8:00,10472.84,66.66,TRADE
NSW1,2008/5/30 8:30,10508.94,69.54,TRADE
NSW1,2008/5/30 9:00,10296.47,63.19,TRADE
NSW1,2008/5/30 9:30,10231.36,62.24,TRADE
NSW1,2008/5/30 10:00,10175.93,61.66,TRADE
NSW1,2008/5/30 10:30,10093,54.58,TRADE
NSW1,2008/5/30 11:00,10002.32,49.28,TRADE
NSW1,2008/5/30 11:30,9830.74,47.18,TRADE
NSW1,2008/5/30 12:00,9788.13,44.05,TRADE
NSW1,2008/5/30 12:30,9682.65,43.57,TRADE
NSW1,2008/5/30 13:00,9585.85,44.11,TRADE
NSW1,2008/5/30 13:30,9501.9,42.54,TRADE
NSW1,2008/5/30 14:00,9403.14,41.12,TRADE
NSW1,2008/5/30 14:30,9382.4,40.8,TRADE
NSW1,2008/5/30 15:00,9326.33,39.03,TRADE
NSW1,2008/5/30 15:30,9318.75,34.65,TRADE
NSW1,2008/5/30 16:00,9435.16,36.5,TRADE
NSW1,2008/5/30 16:30,9580.74,39.97,TRADE
NSW1,2008/5/30 17:00,9971.92,43.34,TRADE
NSW1,2008/5/30 17:30,10546.55,54.65,TRADE
NSW1,2008/5/30 18:00,10990.51,80.82,TRADE
NSW1,2008/5/30 18:30,10886.37,68.55,TRADE
NSW1,2008/5/30 19:00,10714.38,59.4,TRADE
NSW1,2008/5/30 19:30,10461.94,46.82,TRADE
NSW1,2008/5/30 20:00,10258.53,47.77,TRADE
NSW1,2008/5/30 20:30,10157.91,48.82,TRADE
NSW1,2008/5/30 21:00,9950.56,43.14,TRADE
NSW1,2008/5/30 21:30,9730.88,43.34,TRADE
NSW1,2008/5/30 22:00,9497.29,36.85,TRADE
NSW1,2008/5/30 22:30,9583,59.37,TRADE
NSW1,2008/5/30 23:00,9436.98,47.67,TRADE
NSW1,2008/5/30 23:30,9393.09,61.31,TRADE
NSW1,2008/5/31 0:00,9254.33,56.75,TRADE
NSW1,2008/5/31 0:30,9021.77,49.13,TRADE
NSW1,2008/5/31 1:00,8848.04,37.94,TRADE
NSW1,2008/5/31 1:30,8634.98,36.67,TRADE
NSW1,2008/5/31 2:00,8322.73,30.65,TRADE
NSW1,2008/5/31 2:30,7886.69,27.96,TRADE
NSW1,2008/5/31 3:00,7580.03,27.85,TRADE
NSW1,2008/5/31 3:30,7239.63,27.36,TRADE
NSW1,2008/5/31 4:00,7045.45,23.5,TRADE
NSW1,2008/5/31 4:30,6932.5,19.86,TRADE
NSW1,2008/5/31 5:00,6955.67,19.64,TRADE
NSW1,2008/5/31 5:30,7058.22,19.1,TRADE
NSW1,2008/5/31 6:00,7215.94,19.96,TRADE
NSW1,2008/5/31 6:30,7574.15,26.99,TRADE
NSW1,2008/5/31 7:00,7946.33,28.07,TRADE
NSW1,2008/5/31 7:30,8356.76,29.17,TRADE
NSW1,2008/5/31 8:00,8914.85,36.34,TRADE
NSW1,2008/5/31 8:30,9398.97,46.55,TRADE
NSW1,2008/5/31 9:00,9540.11,57.62,TRADE
NSW1,2008/5/31 9:30,9759.13,61.92,TRADE
NSW1,2008/5/31 10:00,9681.25,60.54,TRADE
NSW1,2008/5/31 10:30,9596.08,53.41,TRADE
NSW1,2008/5/31 11:00,9396.65,44.1,TRADE
NSW1,2008/5/31 11:30,9146.81,41.84,TRADE
NSW1,2008/5/31 12:00,9039.7,41.05,TRADE
NSW1,2008/5/31 12:30,8919.75,40.81,TRADE
NSW1,2008/5/31 13:00,8799.15,39.96,TRADE
NSW1,2008/5/31 13:30,8647.22,37.72,TRADE
NSW1,2008/5/31 14:00,8527.76,35.01,TRADE
NSW1,2008/5/31 14:30,8486.22,33.98,TRADE
NSW1,2008/5/31 15:00,8426.63,32.44,TRADE
NSW1,2008/5/31 15:30,8441.06,31.65,TRADE
NSW1,2008/5/31 16:00,8569.62,34.32,TRADE
NSW1,2008/5/31 16:30,8762.17,35.01,TRADE
NSW1,2008/5/31 17:00,9234.09,41.79,TRADE
NSW1,2008/5/31 17:30,9855.93,62.85,TRADE
NSW1,2008/5/31 18:00,10324.29,85.66,TRADE
NSW1,2008/5/31 18:30,10236.29,81.11,TRADE
NSW1,2008/5/31 19:00,10028.99,62.08,TRADE
NSW1,2008/5/31 19:30,9745.47,50.7,TRADE
NSW1,2008/5/31 20:00,9600.13,49.09,TRADE
NSW1,2008/5/31 20:30,9419.83,42.31,TRADE
NSW1,2008/5/31 21:00,9340.41,41.35,TRADE
NSW1,2008/5/31 21:30,9121.3,40.94,TRADE
NSW1,2008/5/31 22:00,8984.67,37.84,TRADE
NSW1,2008/5/31 22:30,8929.38,42.21,TRADE
NSW1,2008/5/31 23:00,8824.13,42.05,TRADE
NSW1,2008/5/31 23:30,8766.34,45.25,TRADE
NSW1,2008/6/1 0:00,8605.46,42.45,TRADE
?NSW1,2008/6/1 0:30,8366.51,38.59,TRADE
NSW1,2008/6/1 1:00,8077.97,32.42,TRADE
NSW1,2008/6/1 1:30,7851.99,29.74,TRADE
NSW1,2008/6/1 2:00,7598.61,27.92,TRADE
NSW1,2008/6/1 2:30,7270.22,27.88,TRADE
NSW1,2008/6/1 3:00,7014.68,27.69,TRADE
NSW1,2008/6/1 3:30,6826.48,26.91,TRADE
NSW1,2008/6/1 4:00,6757.64,26.14,TRADE
NSW1,2008/6/1 4:30,6635.53,23.65,TRADE
NSW1,2008/6/1 5:00,6636.27,22.67,TRADE
NSW1,2008/6/1 5:30,6716.47,25,TRADE
NSW1,2008/6/1 6:00,6879.52,25.75,TRADE
NSW1,2008/6/1 6:30,7037.91,27.33,TRADE
NSW1,2008/6/1 7:00,7290.31,25.83,TRADE
NSW1,2008/6/1 7:30,7562.79,22.59,TRADE
NSW1,2008/6/1 8:00,8040.42,27.46,TRADE
NSW1,2008/6/1 8:30,8555.71,32.82,TRADE
NSW1,2008/6/1 9:00,8953.43,38.02,TRADE
NSW1,2008/6/1 9:30,9218.34,42.07,TRADE
NSW1,2008/6/1 10:00,9333.21,42.08,TRADE
NSW1,2008/6/1 10:30,9336.73,45.46,TRADE
NSW1,2008/6/1 11:00,9240.64,42.72,TRADE
NSW1,2008/6/1 11:30,9129.26,41.89,TRADE
NSW1,2008/6/1 12:00,9038.47,41.34,TRADE
NSW1,2008/6/1 12:30,9014.15,41.36,TRADE
NSW1,2008/6/1 13:00,8987.79,40.76,TRADE
NSW1,2008/6/1 13:30,8900.83,38.76,TRADE
NSW1,2008/6/1 14:00,8832.81,37.73,TRADE
NSW1,2008/6/1 14:30,8781.28,37.47,TRADE
NSW1,2008/6/1 15:00,8802.35,37.19,TRADE
NSW1,2008/6/1 15:30,8871.66,38.18,TRADE
NSW1,2008/6/1 16:00,9092.51,41.87,TRADE
NSW1,2008/6/1 16:30,9364.32,43.18,TRADE
NSW1,2008/6/1 17:00,9864.03,51.57,TRADE
NSW1,2008/6/1 17:30,10299.4,75.51,TRADE
NSW1,2008/6/1 18:00,10646.22,91.96,TRADE
NSW1,2008/6/1 18:30,10680.42,91.26,TRADE
NSW1,2008/6/1 19:00,10454.81,85.04,TRADE
NSW1,2008/6/1 19:30,10208.79,59.09,TRADE
NSW1,2008/6/1 20:00,10008.29,67.98,TRADE
NSW1,2008/6/1 20:30,9909.15,74.57,TRADE
NSW1,2008/6/1 21:00,9674.48,56.42,TRADE
NSW1,2008/6/1 21:30,9358,45.73,TRADE
NSW1,2008/6/1 22:00,9028.69,39.19,TRADE
NSW1,2008/6/1 22:30,8956.59,44,TRADE
NSW1,2008/6/1 23:00,8679.5,36.2,TRADE
NSW1,2008/6/1 23:30,8502.58,37.24,TRADE
NSW1,2008/6/2 0:00,8225.35,33.17,TRADE
NSW1,2008/6/2 0:30,8026.82,32.08,TRADE
NSW1,2008/6/2 1:00,7829.3,28.7,TRADE
NSW1,2008/6/2 1:30,7716.88,28.69,TRADE
NSW1,2008/6/2 2:00,7452.51,27.72,TRADE
NSW1,2008/6/2 2:30,7191.66,27.37,TRADE
NSW1,2008/6/2 3:00,6961.53,25.49,TRADE
NSW1,2008/6/2 3:30,6827.82,19.81,TRADE
NSW1,2008/6/2 4:00,6738.43,19.04,TRADE
NSW1,2008/6/2 4:30,6776.24,19.83,TRADE
NSW1,2008/6/2 5:00,6836.19,20.06,TRADE
NSW1,2008/6/2 5:30,7255.16,26.11,TRADE
NSW1,2008/6/2 6:00,7642.45,25.31,TRADE
NSW1,2008/6/2 6:30,8518.37,42.14,TRADE
NSW1,2008/6/2 7:00,9299.21,53.19,TRADE
NSW1,2008/6/2 7:30,9874.06,49.73,TRADE
NSW1,2008/6/2 8:00,10215.28,76.5,TRADE
NSW1,2008/6/2 8:30,10306.32,81.3,TRADE
NSW1,2008/6/2 9:00,10180.7,71.73,TRADE
NSW1,2008/6/2 9:30,10332.22,62.67,TRADE
NSW1,2008/6/2 10:00,10295.42,62.69,TRADE
NSW1,2008/6/2 10:30,10365.45,62.28,TRADE
NSW1,2008/6/2 11:00,10286.23,63.38,TRADE
NSW1,2008/6/2 11:30,10219.46,62.5,TRADE
NSW1,2008/6/2 12:00,10109.12,58.7,TRADE
NSW1,2008/6/2 12:30,10066.3,53.97,TRADE
NSW1,2008/6/2 13:00,10062.49,49.86,TRADE
NSW1,2008/6/2 13:30,10006.39,46.93,TRADE
NSW1,2008/6/2 14:00,9933.33,43.94,TRADE
NSW1,2008/6/2 14:30,9922.41,43.93,TRADE
NSW1,2008/6/2 15:00,9813.42,42.99,TRADE
NSW1,2008/6/2 15:30,9790.79,42.65,TRADE
NSW1,2008/6/2 16:00,9865.79,43.98,TRADE
NSW1,2008/6/2 16:30,10134.05,53.94,TRADE
NSW1,2008/6/2 17:00,10590.34,62.45,TRADE
NSW1,2008/6/2 17:30,11209.59,83.35,TRADE
NSW1,2008/6/2 18:00,11548.17,102.3,TRADE
NSW1,2008/6/2 18:30,11388.14,96.21,TRADE
NSW1,2008/6/2 19:00,11184.08,88.42,TRADE
NSW1,2008/6/2 19:30,10855.73,66.69,TRADE
NSW1,2008/6/2 20:00,10609.38,64.69,TRADE
NSW1,2008/6/2 20:30,10411.02,64.93,TRADE
NSW1,2008/6/2 21:00,10186.25,61.04,TRADE
NSW1,2008/6/2 21:30,9802.75,59.62,TRADE
NSW1,2008/6/2 22:00,9392.8,49.1,TRADE
NSW1,2008/6/2 22:30,9389.92,56.8,TRADE
NSW1,2008/6/2 23:00,9115.62,47.17,TRADE
NSW1,2008/6/2 23:30,9005.99,54.59,TRADE
NSW1,2008/6/3 0:00,8861.73,48.62,TRADE
NSW1,2008/6/3 0:30,8647.35,41.42,TRADE
NSW1,2008/6/3 1:00,8518.92,37.9,TRADE
NSW1,2008/6/3 1:30,8321.71,38.74,TRADE
NSW1,2008/6/3 2:00,8095.01,31.81,TRADE
NSW1,2008/6/3 2:30,7671.07,27.72,TRADE
NSW1,2008/6/3 3:00,7330.97,27.51,TRADE
NSW1,2008/6/3 3:30,7014.26,27.53,TRADE
NSW1,2008/6/3 4:00,6900.72,27,TRADE
NSW1,2008/6/3 4:30,6871.51,25.97,TRADE
NSW1,2008/6/3 5:00,7012.4,27.18,TRADE
NSW1,2008/6/3 5:30,7286.23,27.25,TRADE
NSW1,2008/6/3 6:00,7707.25,28.43,TRADE
NSW1,2008/6/3 6:30,8532.32,41.53,TRADE
NSW1,2008/6/3 7:00,9287.81,54.58,TRADE
NSW1,2008/6/3 7:30,9732.85,42.41,TRADE
NSW1,2008/6/3 8:00,10123.99,56.62,TRADE
NSW1,2008/6/3 8:30,10247.58,60.88,TRADE
NSW1,2008/6/3 9:00,10214.53,58.11,TRADE
NSW1,2008/6/3 9:30,10223.66,58.75,TRADE
NSW1,2008/6/3 10:00,10346.92,58.97,TRADE
NSW1,2008/6/3 10:30,10323.41,58.45,TRADE
NSW1,2008/6/3 11:00,10309.26,59.39,TRADE
NSW1,2008/6/3 11:30,10258.86,58.02,TRADE
NSW1,2008/6/3 12:00,10242.34,57.56,TRADE
NSW1,2008/6/3 12:30,10226.77,58.12,TRADE
NSW1,2008/6/3 13:00,10136.66,60.31,TRADE
NSW1,2008/6/3 13:30,10147.5,72.62,TRADE
NSW1,2008/6/3 14:00,10094.77,66.16,TRADE
NSW1,2008/6/3 14:30,10177.33,65.5,TRADE
NSW1,2008/6/3 15:00,10152.78,63.85,TRADE
NSW1,2008/6/3 15:30,10163.44,57.74,TRADE
NSW1,2008/6/3 16:00,10348.76,56.63,TRADE
NSW1,2008/6/3 16:30,10600.33,61.64,TRADE
NSW1,2008/6/3 17:00,10938.03,66.68,TRADE
NSW1,2008/6/3 17:30,11425.65,85.5,TRADE
NSW1,2008/6/3 18:00,11665.7,104.11,TRADE
NSW1,2008/6/3 18:30,11466.41,96.24,TRADE
NSW1,2008/6/3 19:00,11286.55,85.51,TRADE
NSW1,2008/6/3 19:30,11001.11,69.21,TRADE
NSW1,2008/6/3 20:00,10672.78,59.88,TRADE
NSW1,2008/6/3 20:30,10539.59,58.64,TRADE
NSW1,2008/6/3 21:00,10295.31,52.45,TRADE
NSW1,2008/6/3 21:30,9950.83,49.45,TRADE
NSW1,2008/6/3 22:00,9571.42,42.66,TRADE
NSW1,2008/6/3 22:30,9609.53,44.7,TRADE
NSW1,2008/6/3 23:00,9328.05,40.57,TRADE
NSW1,2008/6/3 23:30,9153.56,43.39,TRADE
NSW1,2008/6/4 0:00,8918.66,38.14,TRADE
NSW1,2008/6/4 0:30,8764.45,35.67,TRADE
NSW1,2008/6/4 1:00,8598.66,30.78,TRADE
NSW1,2008/6/4 1:30,8412.05,31.77,TRADE
NSW1,2008/6/4 2:00,8150.79,29.04,TRADE
NSW1,2008/6/4 2:30,7741.78,27.51,TRADE
NSW1,2008/6/4 3:00,7363.29,26.88,TRADE
NSW1,2008/6/4 3:30,7002.88,21.05,TRADE
NSW1,2008/6/4 4:00,6838.17,18.81,TRADE
NSW1,2008/6/4 4:30,6767.18,18.18,TRADE
NSW1,2008/6/4 5:00,6855.84,19.11,TRADE
NSW1,2008/6/4 5:30,7180.34,22.3,TRADE
NSW1,2008/6/4 6:00,7639.41,25.67,TRADE
NSW1,2008/6/4 6:30,8421.43,38.44,TRADE
NSW1,2008/6/4 7:00,9182.88,53.32,TRADE
NSW1,2008/6/4 7:30,9548.6,45.48,TRADE
NSW1,2008/6/4 8:00,9929.01,57.66,TRADE
NSW1,2008/6/4 8:30,10103.03,59.67,TRADE
NSW1,2008/6/4 9:00,10083.93,59.65,TRADE
NSW1,2008/6/4 9:30,10174.42,59.77,TRADE
NSW1,2008/6/4 10:00,10164.09,58.81,TRADE
NSW1,2008/6/4 10:30,10175.18,56.41,TRADE
NSW1,2008/6/4 11:00,10174.55,59.37,TRADE
NSW1,2008/6/4 11:30,10128.44,59.07,TRADE
NSW1,2008/6/4 12:00,10099.76,59.39,TRADE
NSW1,2008/6/4 12:30,10112.15,59.16,TRADE
NSW1,2008/6/4 13:00,10066.15,58.6,TRADE
NSW1,2008/6/4 13:30,10046.89,58.57,TRADE
NSW1,2008/6/4 14:00,10012.49,58.54,TRADE
NSW1,2008/6/4 14:30,10005.42,56.89,TRADE
NSW1,2008/6/4 15:00,9916.67,58.85,TRADE
NSW1,2008/6/4 15:30,9889.5,52.68,TRADE
NSW1,2008/6/4 16:00,10093.52,65.31,TRADE
NSW1,2008/6/4 16:30,10412.42,78.36,TRADE
NSW1,2008/6/4 17:00,10775.46,83.02,TRADE
NSW1,2008/6/4 17:30,11334.1,115.98,TRADE
NSW1,2008/6/4 18:00,11641.01,178.64,TRADE
NSW1,2008/6/4 18:30,11522.6,127.53,TRADE
NSW1,2008/6/4 19:00,11341.48,114.39,TRADE
NSW1,2008/6/4 19:30,11065.6,96.48,TRADE
NSW1,2008/6/4 20:00,10822.05,77.25,TRADE
NSW1,2008/6/4 20:30,10635.4,63.1,TRADE
NSW1,2008/6/4 21:00,10321.13,57.28,TRADE
NSW1,2008/6/4 21:30,9955.04,50.08,TRADE
NSW1,2008/6/4 22:00,9603.99,47.97,TRADE
NSW1,2008/6/4 22:30,9665.64,57.37,TRADE
NSW1,2008/6/4 23:00,9326.51,49.03,TRADE
NSW1,2008/6/4 23:30,9186.92,66.68,TRADE
NSW1,2008/6/5 0:00,9056.65,50.73,TRADE
NSW1,2008/6/5 0:30,8827.12,49.37,TRADE
NSW1,2008/6/5 1:00,8628.53,41.19,TRADE
NSW1,2008/6/5 1:30,8435.1,40.75,TRADE
NSW1,2008/6/5 2:00,8183.96,34.07,TRADE
NSW1,2008/6/5 2:30,7794.05,27.65,TRADE
NSW1,2008/6/5 3:00,7388.99,24.87,TRADE
NSW1,2008/6/5 3:30,7125.47,23.26,TRADE
NSW1,2008/6/5 4:00,6957.01,21.54,TRADE
NSW1,2008/6/5 4:30,6915.08,23.08,TRADE
NSW1,2008/6/5 5:00,7011.11,25.75,TRADE
NSW1,2008/6/5 5:30,7295.67,29.01,TRADE
NSW1,2008/6/5 6:00,7705.2,27.99,TRADE
NSW1,2008/6/5 6:30,8546.85,44.2,TRADE
NSW1,2008/6/5 7:00,9279.83,57.4,TRADE
NSW1,2008/6/5 7:30,9738.63,50.53,TRADE
NSW1,2008/6/5 8:00,10155.09,62.78,TRADE
NSW1,2008/6/5 8:30,10280.43,61.86,TRADE
NSW1,2008/6/5 9:00,10194.43,61.65,TRADE
NSW1,2008/6/5 9:30,10274.7,62.08,TRADE
NSW1,2008/6/5 10:00,10282.99,61.98,TRADE
NSW1,2008/6/5 10:30,10304.87,62.05,TRADE
NSW1,2008/6/5 11:00,10289.67,62.01,TRADE
NSW1,2008/6/5 11:30,10189.25,61.71,TRADE
NSW1,2008/6/5 12:00,10154.53,57.23,TRADE
NSW1,2008/6/5 12:30,10096.91,53.52,TRADE
NSW1,2008/6/5 13:00,10067.02,57.18,TRADE
NSW1,2008/6/5 13:30,10020.45,54.71,TRADE
NSW1,2008/6/5 14:00,9982.94,51.12,TRADE
NSW1,2008/6/5 14:30,9994.66,49.94,TRADE
NSW1,2008/6/5 15:00,9866.21,45.42,TRADE
NSW1,2008/6/5 15:30,9959.32,45.68,TRADE
NSW1,2008/6/5 16:00,10092.73,47.94,TRADE
NSW1,2008/6/5 16:30,10296.11,59.03,TRADE
NSW1,2008/6/5 17:00,10615.2,62.92,TRADE
NSW1,2008/6/5 17:30,11088.17,102.76,TRADE
NSW1,2008/6/5 18:00,11606.08,171.67,TRADE
NSW1,2008/6/5 18:30,11450.75,134.54,TRADE
NSW1,2008/6/5 19:00,11309.82,115.72,TRADE
NSW1,2008/6/5 19:30,11109.46,97.49,TRADE
NSW1,2008/6/5 20:00,10888.43,83.31,TRADE
NSW1,2008/6/5 20:30,10765.97,78.44,TRADE
NSW1,2008/6/5 21:00,10540.77,64.18,TRADE
NSW1,2008/6/5 21:30,10133.39,55.98,TRADE
NSW1,2008/6/5 22:00,9787.3,52.15,TRADE
NSW1,2008/6/5 22:30,9756.68,58.16,TRADE
NSW1,2008/6/5 23:00,9534.5,58.23,TRADE
NSW1,2008/6/5 23:30,9343.73,84.33,TRADE
NSW1,2008/6/6 0:00,9163.86,64.08,TRADE
NSW1,2008/6/6 0:30,8960.04,53.54,TRADE
NSW1,2008/6/6 1:00,8752.25,46.1,TRADE
NSW1,2008/6/6 1:30,8525.72,48,TRADE
NSW1,2008/6/6 2:00,8275.02,38.17,TRADE
NSW1,2008/6/6 2:30,7854.89,28.37,TRADE
NSW1,2008/6/6 3:00,7519.28,27.55,TRADE
NSW1,2008/6/6 3:30,7250.32,27.55,TRADE
NSW1,2008/6/6 4:00,7127.34,27.73,TRADE
NSW1,2008/6/6 4:30,7099.15,28.1,TRADE
NSW1,2008/6/6 5:00,7131.32,27.73,TRADE
NSW1,2008/6/6 5:30,7452.24,33.11,TRADE
NSW1,2008/6/6 6:00,7849.55,32.88,TRADE
NSW1,2008/6/6 6:30,8649.95,53.59,TRADE
NSW1,2008/6/6 7:00,9391.73,75.48,TRADE
NSW1,2008/6/6 7:30,9781.16,52.74,TRADE
NSW1,2008/6/6 8:00,10242.28,76.03,TRADE
NSW1,2008/6/6 8:30,10308,74.39,TRADE
NSW1,2008/6/6 9:00,10280.31,75.01,TRADE
NSW1,2008/6/6 9:30,10303.68,76.58,TRADE
NSW1,2008/6/6 10:00,10263.96,75,TRADE
NSW1,2008/6/6 10:30,10260.26,71.22,TRADE
NSW1,2008/6/6 11:00,10214.96,80.76,TRADE
NSW1,2008/6/6 11:30,10047.21,75.01,TRADE
NSW1,2008/6/6 12:00,9942.19,77.56,TRADE
NSW1,2008/6/6 12:30,9776.68,70.57,TRADE
NSW1,2008/6/6 13:00,9699.73,62.6,TRADE
NSW1,2008/6/6 13:30,9655.75,61.3,TRADE
NSW1,2008/6/6 14:00,9604.21,61.13,TRADE
NSW1,2008/6/6 14:30,9586.46,61.73,TRADE
NSW1,2008/6/6 15:00,9462.48,60.6,TRADE
NSW1,2008/6/6 15:30,9473.71,55.46,TRADE
NSW1,2008/6/6 16:00,9586.86,56.05,TRADE
NSW1,2008/6/6 16:30,9746.85,61.84,TRADE
NSW1,2008/6/6 17:00,10060.99,65.47,TRADE
NSW1,2008/6/6 17:30,10674.28,82.61,TRADE
NSW1,2008/6/6 18:00,11032.44,99.86,TRADE
NSW1,2008/6/6 18:30,10939.36,97.03,TRADE
NSW1,2008/6/6 19:00,10771.24,84.21,TRADE
NSW1,2008/6/6 19:30,10468.77,75.62,TRADE
NSW1,2008/6/6 20:00,10294.23,62.58,TRADE
NSW1,2008/6/6 20:30,10155.78,61.54,TRADE
NSW1,2008/6/6 21:00,9963.76,56.3,TRADE
NSW1,2008/6/6 21:30,9757.56,60.32,TRADE
NSW1,2008/6/6 22:00,9432.07,59.93,TRADE
NSW1,2008/6/6 22:30,9661.55,80.44,TRADE
NSW1,2008/6/6 23:00,9452.88,58.5,TRADE
NSW1,2008/6/6 23:30,9368.06,87.21,TRADE
NSW1,2008/6/7 0:00,9248.49,78.41,TRADE
NSW1,2008/6/7 0:30,9018.89,70.57,TRADE
NSW1,2008/6/7 1:00,8755.78,52.19,TRADE
NSW1,2008/6/7 1:30,8549.67,50.68,TRADE
NSW1,2008/6/7 2:00,8253.46,40.59,TRADE
NSW1,2008/6/7 2:30,7823.34,33.53,TRADE
NSW1,2008/6/7 3:00,7488.3,30.2,TRADE
NSW1,2008/6/7 3:30,7185.37,28,TRADE
NSW1,2008/6/7 4:00,7019.61,29.43,TRADE
NSW1,2008/6/7 4:30,6936.93,28.07,TRADE
NSW1,2008/6/7 5:00,6867.56,27.79,TRADE
NSW1,2008/6/7 5:30,6979.02,28.46,TRADE
NSW1,2008/6/7 6:00,7148.61,29.27,TRADE
NSW1,2008/6/7 6:30,7427.5,31.71,TRADE
NSW1,2008/6/7 7:00,7631.24,31.38,TRADE
NSW1,2008/6/7 7:30,8052.35,35.28,TRADE
NSW1,2008/6/7 8:00,8558.78,42.21,TRADE
NSW1,2008/6/7 8:30,8988.55,45.21,TRADE
NSW1,2008/6/7 9:00,9261.77,59.12,TRADE
NSW1,2008/6/7 9:30,9538.28,65.39,TRADE
NSW1,2008/6/7 10:00,9466.62,64.64,TRADE
NSW1,2008/6/7 10:30,9487.42,64.44,TRADE
NSW1,2008/6/7 11:00,9281.63,61.74,TRADE
NSW1,2008/6/7 11:30,9130.51,52.96,TRADE
NSW1,2008/6/7 12:00,9037.31,44.65,TRADE
NSW1,2008/6/7 12:30,8912.89,43.29,TRADE
NSW1,2008/6/7 13:00,8838.91,45.69,TRADE
NSW1,2008/6/7 13:30,8741.28,46.72,TRADE
NSW1,2008/6/7 14:00,8663.04,44.08,TRADE
NSW1,2008/6/7 14:30,8593.91,42.68,TRADE
NSW1,2008/6/7 15:00,8565.2,42.32,TRADE
NSW1,2008/6/7 15:30,8586.7,42.07,TRADE
NSW1,2008/6/7 16:00,8689.11,42.1,TRADE
NSW1,2008/6/7 16:30,8939.98,43.42,TRADE
NSW1,2008/6/7 17:00,9401.92,49.63,TRADE
NSW1,2008/6/7 17:30,10046.68,75.87,TRADE
NSW1,2008/6/7 18:00,10412.25,105.25,TRADE
NSW1,2008/6/7 18:30,10379.31,97.89,TRADE
NSW1,2008/6/7 19:00,10177.74,82.58,TRADE
NSW1,2008/6/7 19:30,9913.14,66.42,TRADE
NSW1,2008/6/7 20:00,9698.83,56.72,TRADE
NSW1,2008/6/7 20:30,9512.63,49.36,TRADE
NSW1,2008/6/7 21:00,9418.27,49.44,TRADE
NSW1,2008/6/7 21:30,9212.53,44.61,TRADE
NSW1,2008/6/7 22:00,9017.65,43.34,TRADE
NSW1,2008/6/7 22:30,9060.27,62.18,TRADE
NSW1,2008/6/7 23:00,8856.24,53.3,TRADE
NSW1,2008/6/7 23:30,8861.83,61.39,TRADE
NSW1,2008/6/8 0:00,8606.92,57.02,TRADE
NSW1,2008/6/8 0:30,8291.58,50.94,TRADE
NSW1,2008/6/8 1:00,8040.92,37.5,TRADE
NSW1,2008/6/8 1:30,7842.66,33.54,TRADE
NSW1,2008/6/8 2:00,7670.74,29.04,TRADE
NSW1,2008/6/8 2:30,7286.33,27.35,TRADE
NSW1,2008/6/8 3:00,7039.08,27.48,TRADE
NSW1,2008/6/8 3:30,6842.48,24.93,TRADE
NSW1,2008/6/8 4:00,6706.82,21.47,TRADE
NSW1,2008/6/8 4:30,6656.06,21.93,TRADE
NSW1,2008/6/8 5:00,6613.01,21.81,TRADE
NSW1,2008/6/8 5:30,6645.76,21.72,TRADE
NSW1,2008/6/8 6:00,6683.28,19.22,TRADE
NSW1,2008/6/8 6:30,6873.17,18.53,TRADE
NSW1,2008/6/8 7:00,7079.36,19.74,TRADE
NSW1,2008/6/8 7:30,7392.83,22.28,TRADE
NSW1,2008/6/8 8:00,7942.45,29.27,TRADE
NSW1,2008/6/8 8:30,8402.5,31.73,TRADE
NSW1,2008/6/8 9:00,8837.31,33.75,TRADE
NSW1,2008/6/8 9:30,9126.7,37.39,TRADE
NSW1,2008/6/8 10:00,9250.68,40.17,TRADE
NSW1,2008/6/8 10:30,9310.2,40.67,TRADE
NSW1,2008/6/8 11:00,9219.25,38.2,TRADE
NSW1,2008/6/8 11:30,9151.45,35.41,TRADE
NSW1,2008/6/8 12:00,9062.43,33.88,TRADE
NSW1,2008/6/8 12:30,9058.33,31.93,TRADE
NSW1,2008/6/8 13:00,8938.9,28.57,TRADE
NSW1,2008/6/8 13:30,8772.7,28.1,TRADE
NSW1,2008/6/8 14:00,8708.43,28.09,TRADE
NSW1,2008/6/8 14:30,8756.97,28.08,TRADE
NSW1,2008/6/8 15:00,8670.83,27.97,TRADE
NSW1,2008/6/8 15:30,8705.86,30.6,TRADE
NSW1,2008/6/8 16:00,8815.12,29.18,TRADE
NSW1,2008/6/8 16:30,9079.07,32.85,TRADE
NSW1,2008/6/8 17:00,9459.89,36.2,TRADE
NSW1,2008/6/8 17:30,9881.93,45.06,TRADE
NSW1,2008/6/8 18:00,10191.6,58.69,TRADE
NSW1,2008/6/8 18:30,10147.46,53.31,TRADE
NSW1,2008/6/8 19:00,10002.83,44.39,TRADE
NSW1,2008/6/8 19:30,9727.48,38.95,TRADE
NSW1,2008/6/8 20:00,9558.67,38.29,TRADE
NSW1,2008/6/8 20:30,9445.3,37.4,TRADE
NSW1,2008/6/8 21:00,9233.89,34.16,TRADE
NSW1,2008/6/8 21:30,8962.28,32.31,TRADE
NSW1,2008/6/8 22:00,8820.18,30.64,TRADE
NSW1,2008/6/8 22:30,8769.49,31.19,TRADE
NSW1,2008/6/8 23:00,8627.78,28.68,TRADE
NSW1,2008/6/8 23:30,8508.93,30.21,TRADE
NSW1,2008/6/9 0:00,8228.8,30.6,TRADE
NSW1,2008/6/9 0:30,7950.64,28.08,TRADE
NSW1,2008/6/9 1:00,7775.23,28.03,TRADE
NSW1,2008/6/9 1:30,7563.91,27.7,TRADE
NSW1,2008/6/9 2:00,7378.59,26.23,TRADE
NSW1,2008/6/9 2:30,7033.16,18.45,TRADE
NSW1,2008/6/9 3:00,6779.38,14.46,TRADE
NSW1,2008/6/9 3:30,6625.59,15.18,TRADE
NSW1,2008/6/9 4:00,6508.64,15.93,TRADE
NSW1,2008/6/9 4:30,6487.96,16.45,TRADE
NSW1,2008/6/9 5:00,6507,15.97,TRADE
NSW1,2008/6/9 5:30,6583.65,16.86,TRADE
NSW1,2008/6/9 6:00,6670.08,16.99,TRADE
NSW1,2008/6/9 6:30,6894.08,16.89,TRADE
NSW1,2008/6/9 7:00,7125.42,17.5,TRADE
NSW1,2008/6/9 7:30,7244.6,17.05,TRADE
NSW1,2008/6/9 8:00,7628.27,18,TRADE
NSW1,2008/6/9 8:30,8046.9,22.15,TRADE
NSW1,2008/6/9 9:00,8352.8,27.81,TRADE
NSW1,2008/6/9 9:30,8662.47,30.92,TRADE
NSW1,2008/6/9 10:00,8916.4,32.64,TRADE
NSW1,2008/6/9 10:30,9110.03,34.73,TRADE
NSW1,2008/6/9 11:00,9068.79,33.89,TRADE
NSW1,2008/6/9 11:30,9039.11,33.74,TRADE
NSW1,2008/6/9 12:00,8904.59,32.62,TRADE
NSW1,2008/6/9 12:30,8833.12,32.13,TRADE
NSW1,2008/6/9 13:00,8812.11,31.15,TRADE
NSW1,2008/6/9 13:30,8738.28,32.45,TRADE
NSW1,2008/6/9 14:00,8732.68,34.21,TRADE
NSW1,2008/6/9 14:30,8662.3,30.73,TRADE
NSW1,2008/6/9 15:00,8715.78,30.12,TRADE
NSW1,2008/6/9 15:30,8768.85,31.77,TRADE
NSW1,2008/6/9 16:00,8928.01,34.73,TRADE
NSW1,2008/6/9 16:30,9244.38,40.43,TRADE
NSW1,2008/6/9 17:00,9725.09,44.5,TRADE
NSW1,2008/6/9 17:30,10349.64,65.52,TRADE
NSW1,2008/6/9 18:00,10689.24,91.73,TRADE
NSW1,2008/6/9 18:30,10584.06,81.22,TRADE
NSW1,2008/6/9 19:00,10343.82,61.77,TRADE
NSW1,2008/6/9 19:30,10056.08,46.44,TRADE
NSW1,2008/6/9 20:00,9870.85,43.62,TRADE
NSW1,2008/6/9 20:30,9707.51,42.39,TRADE
NSW1,2008/6/9 21:00,9530.07,40.1,TRADE
NSW1,2008/6/9 21:30,9207.3,35.3,TRADE
NSW1,2008/6/9 22:00,8861.32,30.44,TRADE
NSW1,2008/6/9 22:30,8832.56,32.47,TRADE
NSW1,2008/6/9 23:00,8730.12,27.66,TRADE
NSW1,2008/6/9 23:30,8669.04,30.93,TRADE
NSW1,2008/6/10 0:00,8511.13,30.07,TRADE
NSW1,2008/6/10 0:30,8425.6,28.36,TRADE
NSW1,2008/6/10 1:00,8312.23,27.9,TRADE
NSW1,2008/6/10 1:30,8158.39,29.63,TRADE
NSW1,2008/6/10 2:00,7974.7,30.26,TRADE
NSW1,2008/6/10 2:30,7622.91,26.02,TRADE
NSW1,2008/6/10 3:00,7244.33,18.6,TRADE
NSW1,2008/6/10 3:30,7043.9,18.39,TRADE
NSW1,2008/6/10 4:00,6884.39,16.63,TRADE
NSW1,2008/6/10 4:30,6787.75,16.7,TRADE
NSW1,2008/6/10 5:00,6859.97,17.42,TRADE
NSW1,2008/6/10 5:30,7145.68,18.73,TRADE
NSW1,2008/6/10 6:00,7654.57,21.04,TRADE
NSW1,2008/6/10 6:30,8375.94,29.9,TRADE
NSW1,2008/6/10 7:00,9133.35,36.13,TRADE
NSW1,2008/6/10 7:30,9660.15,41.03,TRADE
NSW1,2008/6/10 8:00,10123.17,47.73,TRADE
NSW1,2008/6/10 8:30,10255.05,51.57,TRADE
NSW1,2008/6/10 9:00,10175.21,46.16,TRADE
NSW1,2008/6/10 9:30,10255.76,46.55,TRADE
NSW1,2008/6/10 10:00,10331.82,46.84,TRADE
NSW1,2008/6/10 10:30,10321.87,46.81,TRADE
NSW1,2008/6/10 11:00,10268.11,46.47,TRADE
NSW1,2008/6/10 11:30,10162.85,46.02,TRADE
NSW1,2008/6/10 12:00,10091.38,45.73,TRADE
NSW1,2008/6/10 12:30,10038.14,45.64,TRADE
NSW1,2008/6/10 13:00,9894.72,44.92,TRADE
NSW1,2008/6/10 13:30,9848.13,44.55,TRADE
NSW1,2008/6/10 14:00,9798.63,42.96,TRADE
NSW1,2008/6/10 14:30,9663.2,40.59,TRADE
NSW1,2008/6/10 15:00,9649.41,39.35,TRADE
NSW1,2008/6/10 15:30,9631.78,37.65,TRADE
NSW1,2008/6/10 16:00,9713.74,38.43,TRADE
NSW1,2008/6/10 16:30,9900.99,39.61,TRADE
NSW1,2008/6/10 17:00,10374.1,45.71,TRADE
NSW1,2008/6/10 17:30,10942.51,69.05,TRADE
NSW1,2008/6/10 18:00,11424.65,100.38,TRADE
NSW1,2008/6/10 18:30,11323.31,94.48,TRADE
NSW1,2008/6/10 19:00,11189.68,75.3,TRADE
NSW1,2008/6/10 19:30,10883.98,55.05,TRADE
NSW1,2008/6/10 20:00,10674.39,47.07,TRADE
NSW1,2008/6/10 20:30,10501.26,46.77,TRADE
NSW1,2008/6/10 21:00,10288.81,43.67,TRADE
NSW1,2008/6/10 21:30,9878.72,38.57,TRADE
NSW1,2008/6/10 22:00,9570.33,36.6,TRADE
NSW1,2008/6/10 22:30,9549.4,42.7,TRADE
NSW1,2008/6/10 23:00,9272.08,35.4,TRADE
NSW1,2008/6/10 23:30,9105.06,36.83,TRADE
NSW1,2008/6/11 0:00,8951.01,34.4,TRADE
NSW1,2008/6/11 0:30,8722.11,29.53,TRADE
NSW1,2008/6/11 1:00,8541.03,28.71,TRADE
NSW1,2008/6/11 1:30,8363.47,29.81,TRADE
NSW1,2008/6/11 2:00,8141.32,27.43,TRADE
NSW1,2008/6/11 2:30,7693.07,23.88,TRADE
NSW1,2008/6/11 3:00,7330.85,17.79,TRADE
NSW1,2008/6/11 3:30,7062.77,15.31,TRADE
NSW1,2008/6/11 4:00,6885.6,15.32,TRADE
NSW1,2008/6/11 4:30,6837.82,16.99,TRADE
NSW1,2008/6/11 5:00,6903.38,17.66,TRADE
NSW1,2008/6/11 5:30,7247.08,18.32,TRADE
NSW1,2008/6/11 6:00,7648.81,20.57,TRADE
NSW1,2008/6/11 6:30,8431.57,33.21,TRADE
NSW1,2008/6/11 7:00,9172.49,35.59,TRADE
NSW1,2008/6/11 7:30,9636.54,37.99,TRADE
NSW1,2008/6/11 8:00,10080.86,43.77,TRADE
NSW1,2008/6/11 8:30,10161.4,44.31,TRADE
NSW1,2008/6/11 9:00,10095.3,41.18,TRADE
NSW1,2008/6/11 9:30,10138.08,42.29,TRADE
NSW1,2008/6/11 10:00,10125.21,40.86,TRADE
NSW1,2008/6/11 10:30,10112.12,43.43,TRADE
NSW1,2008/6/11 11:00,10061.93,43.68,TRADE
NSW1,2008/6/11 11:30,9983.23,42.3,TRADE
NSW1,2008/6/11 12:00,9871.45,36.15,TRADE
NSW1,2008/6/11 12:30,9788.68,38.34,TRADE
NSW1,2008/6/11 13:00,9691.01,39.44,TRADE
NSW1,2008/6/11 13:30,9744.19,36.84,TRADE
NSW1,2008/6/11 14:00,9700.44,35.83,TRADE
NSW1,2008/6/11 14:30,9695.16,36.24,TRADE
NSW1,2008/6/11 15:00,9611.77,35.65,TRADE
NSW1,2008/6/11 15:30,9658.82,36.32,TRADE
NSW1,2008/6/11 16:00,9716.87,37.83,TRADE
NSW1,2008/6/11 16:30,10045.8,42.55,TRADE
NSW1,2008/6/11 17:00,10395.5,43.02,TRADE
NSW1,2008/6/11 17:30,10944.37,56.34,TRADE
NSW1,2008/6/11 18:00,11272.25,68.31,TRADE
NSW1,2008/6/11 18:30,11128.91,63.93,TRADE
NSW1,2008/6/11 19:00,10944.89,59.06,TRADE
NSW1,2008/6/11 19:30,10618.73,46.57,TRADE
NSW1,2008/6/11 20:00,10490.4,46.32,TRADE
NSW1,2008/6/11 20:30,10320.31,45.05,TRADE
NSW1,2008/6/11 21:00,10052.22,42.57,TRADE
NSW1,2008/6/11 21:30,9785.75,39.39,TRADE
NSW1,2008/6/11 22:00,9461.38,36.32,TRADE
NSW1,2008/6/11 22:30,9551.49,39.6,TRADE
NSW1,2008/6/11 23:00,9207.42,31.29,TRADE
NSW1,2008/6/11 23:30,9071.88,33.16,TRADE
NSW1,2008/6/12 0:00,8956.7,31.3,TRADE
NSW1,2008/6/12 0:30,8695.44,29.27,TRADE
NSW1,2008/6/12 1:00,8526.29,27.78,TRADE
NSW1,2008/6/12 1:30,8378.32,31.89,TRADE
NSW1,2008/6/12 2:00,8123.96,27.49,TRADE
NSW1,2008/6/12 2:30,7732.45,26.18,TRADE
NSW1,2008/6/12 3:00,7108.9,18.63,TRADE
NSW1,2008/6/12 3:30,6949.13,15.84,TRADE
NSW1,2008/6/12 4:00,7006.55,15.74,TRADE
NSW1,2008/6/12 4:30,6938.86,16.6,TRADE
NSW1,2008/6/12 5:00,6994.96,17.49,TRADE
NSW1,2008/6/12 5:30,7279.72,18.21,TRADE
NSW1,2008/6/12 6:00,7689.87,19.3,TRADE
NSW1,2008/6/12 6:30,8438.55,31.72,TRADE
NSW1,2008/6/12 7:00,9211.54,38.21,TRADE
NSW1,2008/6/12 7:30,9612.95,40.34,TRADE
NSW1,2008/6/12 8:00,10013.83,44.55,TRADE
NSW1,2008/6/12 8:30,10083.18,45.39,TRADE
NSW1,2008/6/12 9:00,9973.81,43.06,TRADE
NSW1,2008/6/12 9:30,10012.65,44.75,TRADE
NSW1,2008/6/12 10:00,9990.76,39.18,TRADE
NSW1,2008/6/12 10:30,9938.36,38.82,TRADE
NSW1,2008/6/12 11:00,9858.44,40.41,TRADE
NSW1,2008/6/12 11:30,9746.46,37.56,TRADE
NSW1,2008/6/12 12:00,9678.44,36.71,TRADE
NSW1,2008/6/12 12:30,9613.91,41,TRADE
NSW1,2008/6/12 13:00,9567.67,41,TRADE
NSW1,2008/6/12 13:30,9543.23,37.81,TRADE
NSW1,2008/6/12 14:00,9504.88,36.45,TRADE
NSW1,2008/6/12 14:30,9459.72,35.79,TRADE
NSW1,2008/6/12 15:00,9361,36.32,TRADE
NSW1,2008/6/12 15:30,9317.4,35.87,TRADE
NSW1,2008/6/12 16:00,9384.6,36.65,TRADE
NSW1,2008/6/12 16:30,9632.78,38.13,TRADE
NSW1,2008/6/12 17:00,9843.52,43.49,TRADE
NSW1,2008/6/12 17:30,10510.24,56.56,TRADE
NSW1,2008/6/12 18:00,11005.62,84.36,TRADE
NSW1,2008/6/12 18:30,10966.03,74.4,TRADE
NSW1,2008/6/12 19:00,10855.35,72.06,TRADE
NSW1,2008/6/12 19:30,10624.89,62.54,TRADE
NSW1,2008/6/12 20:00,10465.45,59.96,TRADE
NSW1,2008/6/12 20:30,10328.51,49.6,TRADE
NSW1,2008/6/12 21:00,10134.86,45.5,TRADE
NSW1,2008/6/12 21:30,9785.5,43.71,TRADE
NSW1,2008/6/12 22:00,9402.97,37.68,TRADE
NSW1,2008/6/12 22:30,9498.02,42.58,TRADE
NSW1,2008/6/12 23:00,9228.17,40.47,TRADE
NSW1,2008/6/12 23:30,9115.59,45.83,TRADE
NSW1,2008/6/13 0:00,8876.23,36.89,TRADE
NSW1,2008/6/13 0:30,8638.19,32.24,TRADE
NSW1,2008/6/13 1:00,8520.68,31.37,TRADE
NSW1,2008/6/13 1:30,8335.17,30.95,TRADE
NSW1,2008/6/13 2:00,8118.95,29.38,TRADE
NSW1,2008/6/13 2:30,7691.71,27,TRADE
NSW1,2008/6/13 3:00,7354.47,23.37,TRADE
NSW1,2008/6/13 3:30,7102.92,18.85,TRADE
NSW1,2008/6/13 4:00,6938.39,16.6,TRADE
NSW1,2008/6/13 4:30,6897.36,16.1,TRADE
NSW1,2008/6/13 5:00,6981.33,17.33,TRADE
NSW1,2008/6/13 5:30,7257.88,18.81,TRADE
NSW1,2008/6/13 6:00,7677.68,23.88,TRADE
NSW1,2008/6/13 6:30,8503.63,37.03,TRADE
NSW1,2008/6/13 7:00,9264.56,42.85,TRADE
NSW1,2008/6/13 7:30,9620.38,43.51,TRADE
NSW1,2008/6/13 8:00,10079,50.46,TRADE
NSW1,2008/6/13 8:30,10135.4,54,TRADE
NSW1,2008/6/13 9:00,10023.49,47.8,TRADE
NSW1,2008/6/13 9:30,10125.98,50.19,TRADE
NSW1,2008/6/13 10:00,10073.11,46.95,TRADE
NSW1,2008/6/13 10:30,10044.72,45.86,TRADE
NSW1,2008/6/13 11:00,10052.47,46,TRADE
NSW1,2008/6/13 11:30,9995.57,44.73,TRADE
NSW1,2008/6/13 12:00,9949.54,44.47,TRADE
NSW1,2008/6/13 12:30,9879.76,43.54,TRADE
NSW1,2008/6/13 13:00,9763.56,42.19,TRADE
NSW1,2008/6/13 13:30,9731.77,42.45,TRADE
NSW1,2008/6/13 14:00,9661.69,42,TRADE
NSW1,2008/6/13 14:30,9636.09,41.03,TRADE
NSW1,2008/6/13 15:00,9518.69,40.1,TRADE
NSW1,2008/6/13 15:30,9563.3,38.23,TRADE
NSW1,2008/6/13 16:00,9711.15,38.75,TRADE
NSW1,2008/6/13 16:30,9888.28,40.31,TRADE
NSW1,2008/6/13 17:00,10299.65,44.9,TRADE
NSW1,2008/6/13 17:30,10974.67,72.81,TRADE
NSW1,2008/6/13 18:00,11476.01,98.37,TRADE
NSW1,2008/6/13 18:30,11407.51,94.32,TRADE
NSW1,2008/6/13 19:00,11262.47,101.5,TRADE
NSW1,2008/6/13 19:30,11022.74,70.8,TRADE
NSW1,2008/6/13 20:00,10800.17,61.64,TRADE
NSW1,2008/6/13 20:30,10630.66,60.12,TRADE
NSW1,2008/6/13 21:00,10526.97,54.32,TRADE
NSW1,2008/6/13 21:30,10221.03,49.24,TRADE
NSW1,2008/6/13 22:00,9949.86,46.25,TRADE
NSW1,2008/6/13 22:30,9978.88,60.96,TRADE
NSW1,2008/6/13 23:00,9771.8,61.09,TRADE
NSW1,2008/6/13 23:30,9631.08,71.51,TRADE
NSW1,2008/6/14 0:00,9495.8,57.41,TRADE
NSW1,2008/6/14 0:30,9191.58,41.67,TRADE
NSW1,2008/6/14 1:00,9002.18,36.99,TRADE
NSW1,2008/6/14 1:30,8778.87,38.38,TRADE
NSW1,2008/6/14 2:00,8464.7,32.7,TRADE
NSW1,2008/6/14 2:30,8042.06,27.87,TRADE
NSW1,2008/6/14 3:00,7656.26,27.91,TRADE
NSW1,2008/6/14 3:30,7376.87,27.89,TRADE
NSW1,2008/6/14 4:00,7147.89,27,TRADE
NSW1,2008/6/14 4:30,6965.43,22.05,TRADE
NSW1,2008/6/14 5:00,6996.25,25.59,TRADE
NSW1,2008/6/14 5:30,7162.42,25.9,TRADE
NSW1,2008/6/14 6:00,7346.56,25.82,TRADE
NSW1,2008/6/14 6:30,7709.5,28.75,TRADE
NSW1,2008/6/14 7:00,8112.56,29.3,TRADE
NSW1,2008/6/14 7:30,8579.06,30.05,TRADE
NSW1,2008/6/14 8:00,9231.27,37.67,TRADE
NSW1,2008/6/14 8:30,9741.52,47.18,TRADE
NSW1,2008/6/14 9:00,10059.78,62.89,TRADE
NSW1,2008/6/14 9:30,10266.84,60.7,TRADE
NSW1,2008/6/14 10:00,10200.94,56.86,TRADE
NSW1,2008/6/14 10:30,10175.98,57.62,TRADE
NSW1,2008/6/14 11:00,9996.33,53.21,TRADE
NSW1,2008/6/14 11:30,9854.72,44.13,TRADE
NSW1,2008/6/14 12:00,9719.13,43.52,TRADE
NSW1,2008/6/14 12:30,9605.18,42.6,TRADE
NSW1,2008/6/14 13:00,9589.9,42.37,TRADE
NSW1,2008/6/14 13:30,9518.1,41.65,TRADE
NSW1,2008/6/14 14:00,9459.56,41,TRADE
NSW1,2008/6/14 14:30,9478.04,41,TRADE
NSW1,2008/6/14 15:00,9502.97,41,TRADE
NSW1,2008/6/14 15:30,9572.39,41.11,TRADE
NSW1,2008/6/14 16:00,9713.22,41.19,TRADE
NSW1,2008/6/14 16:30,9955.39,42.37,TRADE
NSW1,2008/6/14 17:00,10373.3,50.75,TRADE
NSW1,2008/6/14 17:30,10912.34,68.34,TRADE
NSW1,2008/6/14 18:00,11434.63,95.56,TRADE
NSW1,2008/6/14 18:30,11332.83,81.29,TRADE
NSW1,2008/6/14 19:00,11076.97,68.03,TRADE
NSW1,2008/6/14 19:30,10794.37,59.59,TRADE
NSW1,2008/6/14 20:00,10640.24,58.06,TRADE
NSW1,2008/6/14 20:30,10444.93,47.47,TRADE
NSW1,2008/6/14 21:00,10314.18,43.7,TRADE
NSW1,2008/6/14 21:30,10091.23,42.77,TRADE
NSW1,2008/6/14 22:00,9839.12,39.63,TRADE
NSW1,2008/6/14 22:30,9750.88,42.4,TRADE
NSW1,2008/6/14 23:00,9553.16,38.53,TRADE
NSW1,2008/6/14 23:30,9353.28,42.02,TRADE
NSW1,2008/6/15 0:00,9103.56,39.44,TRADE
NSW1,2008/6/15 0:30,8775.35,31.51,TRADE
NSW1,2008/6/15 1:00,8510.35,27.73,TRADE
NSW1,2008/6/15 1:30,8293.95,31.05,TRADE
NSW1,2008/6/15 2:00,8028.53,27.45,TRADE
NSW1,2008/6/15 2:30,7601.56,26.56,TRADE
NSW1,2008/6/15 3:00,7299.23,22.71,TRADE
NSW1,2008/6/15 3:30,7097.58,19.5,TRADE
NSW1,2008/6/15 4:00,6973.97,18.14,TRADE
NSW1,2008/6/15 4:30,6863.1,16.85,TRADE
NSW1,2008/6/15 5:00,6856.34,17.6,TRADE
NSW1,2008/6/15 5:30,6879.48,17.29,TRADE
NSW1,2008/6/15 6:00,7084.03,18.36,TRADE
NSW1,2008/6/15 6:30,7279.3,25.98,TRADE
NSW1,2008/6/15 7:00,7530.55,20.41,TRADE
NSW1,2008/6/15 7:30,7844.44,17.67,TRADE
NSW1,2008/6/15 8:00,8358.4,24.97,TRADE
NSW1,2008/6/15 8:30,8953.07,32.47,TRADE
NSW1,2008/6/15 9:00,9446.83,38.42,TRADE
NSW1,2008/6/15 9:30,9798.18,42.97,TRADE
NSW1,2008/6/15 10:00,9976.76,44.21,TRADE
NSW1,2008/6/15 10:30,10033.98,43.59,TRADE
NSW1,2008/6/15 11:00,9943.22,41.63,TRADE
NSW1,2008/6/15 11:30,9907.67,41.23,TRADE
NSW1,2008/6/15 12:00,9800.61,40,TRADE
NSW1,2008/6/15 12:30,9686.85,37.99,TRADE
NSW1,2008/6/15 13:00,9563.43,34.11,TRADE
NSW1,2008/6/15 13:30,9445.88,33.84,TRADE
NSW1,2008/6/15 14:00,9394.85,35.01,TRADE
NSW1,2008/6/15 14:30,9321.28,34.63,TRADE
NSW1,2008/6/15 15:00,9309.58,31.35,TRADE
NSW1,2008/6/15 15:30,9442.35,33.65,TRADE
NSW1,2008/6/15 16:00,9516.54,34.09,TRADE
NSW1,2008/6/15 16:30,9934.63,40.39,TRADE
NSW1,2008/6/15 17:00,10284,47.41,TRADE
NSW1,2008/6/15 17:30,10799.13,67.49,TRADE
NSW1,2008/6/15 18:00,11166.71,97.22,TRADE
NSW1,2008/6/15 18:30,11245.67,117.79,TRADE
NSW1,2008/6/15 19:00,11091.33,93.6,TRADE
NSW1,2008/6/15 19:30,10774.91,60.9,TRADE
NSW1,2008/6/15 20:00,10590.55,55.5,TRADE
NSW1,2008/6/15 20:30,10433.16,51.44,TRADE
NSW1,2008/6/15 21:00,10264.17,43.7,TRADE
NSW1,2008/6/15 21:30,9820.3,39.26,TRADE
NSW1,2008/6/15 22:00,9514.08,35.66,TRADE
NSW1,2008/6/15 22:30,9260.97,31.85,TRADE
NSW1,2008/6/15 23:00,8894.11,27.79,TRADE
NSW1,2008/6/15 23:30,8747.13,31.47,TRADE
NSW1,2008/6/16 0:00,8447.19,30.12,TRADE
NSW1,2008/6/16 0:30,8230.23,27.57,TRADE
NSW1,2008/6/16 1:00,8022.13,27.22,TRADE
NSW1,2008/6/16 1:30,7891.83,28.12,TRADE
NSW1,2008/6/16 2:00,7681.53,23.75,TRADE
NSW1,2008/6/16 2:30,7381.74,17.41,TRADE
NSW1,2008/6/16 3:00,7153.98,16.03,TRADE
NSW1,2008/6/16 3:30,6982.16,15.49,TRADE
NSW1,2008/6/16 4:00,6876.44,16.31,TRADE
NSW1,2008/6/16 4:30,6878.3,15.61,TRADE
NSW1,2008/6/16 5:00,7022.96,17.07,TRADE
NSW1,2008/6/16 5:30,7395.19,17.83,TRADE
NSW1,2008/6/16 6:00,7872.43,19.61,TRADE
NSW1,2008/6/16 6:30,8722.03,36,TRADE
NSW1,2008/6/16 7:00,9479.88,39.15,TRADE
NSW1,2008/6/16 7:30,10033.47,44.08,TRADE
NSW1,2008/6/16 8:00,10478.8,55.73,TRADE
NSW1,2008/6/16 8:30,10600.07,56.36,TRADE
NSW1,2008/6/16 9:00,10427.16,42.65,TRADE
NSW1,2008/6/16 9:30,10498.96,42.66,TRADE
NSW1,2008/6/16 10:00,10468.57,42.37,TRADE
NSW1,2008/6/16 10:30,10455.88,42.14,TRADE
NSW1,2008/6/16 11:00,10398.72,41.28,TRADE
NSW1,2008/6/16 11:30,10219.51,38.59,TRADE
NSW1,2008/6/16 12:00,10204.87,40,TRADE
NSW1,2008/6/16 12:30,10246.07,39.91,TRADE
NSW1,2008/6/16 13:00,10127.33,37.83,TRADE
NSW1,2008/6/16 13:30,10107.11,36.66,TRADE
NSW1,2008/6/16 14:00,10082.47,35.61,TRADE
NSW1,2008/6/16 14:30,10118.8,34.51,TRADE
NSW1,2008/6/16 15:00,9994.15,33.88,TRADE
NSW1,2008/6/16 15:30,9981.27,33.8,TRADE
NSW1,2008/6/16 16:00,10127.24,34.44,TRADE
NSW1,2008/6/16 16:30,10435.1,36.43,TRADE
NSW1,2008/6/16 17:00,10831.01,45.81,TRADE
NSW1,2008/6/16 17:30,11418.7,68.32,TRADE
NSW1,2008/6/16 18:00,11978.84,109.34,TRADE
NSW1,2008/6/16 18:30,11894.61,97.51,TRADE
NSW1,2008/6/16 19:00,11644.67,94.05,TRADE
NSW1,2008/6/16 19:30,11408.53,70.32,TRADE
NSW1,2008/6/16 20:00,11150.86,60.59,TRADE
NSW1,2008/6/16 20:30,10911.53,48.57,TRADE
NSW1,2008/6/16 21:00,10685.72,42.7,TRADE
NSW1,2008/6/16 21:30,10239.81,39.79,TRADE
NSW1,2008/6/16 22:00,9804.19,38.48,TRADE
NSW1,2008/6/16 22:30,9750.46,38.67,TRADE
NSW1,2008/6/16 23:00,9465.17,34.25,TRADE
NSW1,2008/6/16 23:30,9247.04,33.18,TRADE
NSW1,2008/6/17 0:00,9060.98,30.42,TRADE
NSW1,2008/6/17 0:30,8852.88,28.95,TRADE
NSW1,2008/6/17 1:00,8704.54,29.06,TRADE
NSW1,2008/6/17 1:30,8547.49,29.76,TRADE
NSW1,2008/6/17 2:00,8309.02,27.72,TRADE
NSW1,2008/6/17 2:30,7871.93,26.51,TRADE
NSW1,2008/6/17 3:00,7531.56,21.61,TRADE
NSW1,2008/6/17 3:30,7302.92,18,TRADE
NSW1,2008/6/17 4:00,7136.36,16.63,TRADE
NSW1,2008/6/17 4:30,7091.34,17.16,TRADE
NSW1,2008/6/17 5:00,7202.92,17.41,TRADE
NSW1,2008/6/17 5:30,7492.56,18.6,TRADE
NSW1,2008/6/17 6:00,7977.2,23.31,TRADE
NSW1,2008/6/17 6:30,8748.5,37.62,TRADE
NSW1,2008/6/17 7:00,9534.8,41.06,TRADE
NSW1,2008/6/17 7:30,9964.06,45.22,TRADE
NSW1,2008/6/17 8:00,10377.91,58.77,TRADE
NSW1,2008/6/17 8:30,10501.36,47.16,TRADE
NSW1,2008/6/17 9:00,10372.72,45.01,TRADE
NSW1,2008/6/17 9:30,10379.8,44.65,TRADE
NSW1,2008/6/17 10:00,10328.71,43.61,TRADE
NSW1,2008/6/17 10:30,10227.32,42.7,TRADE
NSW1,2008/6/17 11:00,10119.03,41.53,TRADE
NSW1,2008/6/17 11:30,9974.21,36.65,TRADE
NSW1,2008/6/17 12:00,9912.95,37.07,TRADE
NSW1,2008/6/17 12:30,9842.49,39.48,TRADE
NSW1,2008/6/17 13:00,9804.02,39.92,TRADE
NSW1,2008/6/17 13:30,9781.42,40.04,TRADE
NSW1,2008/6/17 14:00,9770.81,38.18,TRADE
NSW1,2008/6/17 14:30,9743.59,35.68,TRADE
NSW1,2008/6/17 15:00,9627.65,35.3,TRADE
NSW1,2008/6/17 15:30,9640.1,35.84,TRADE
NSW1,2008/6/17 16:00,9632.82,43.07,TRADE
NSW1,2008/6/17 16:30,10018.19,45.86,TRADE
NSW1,2008/6/17 17:00,10386.38,58.09,TRADE
NSW1,2008/6/17 17:30,11062.67,78.43,TRADE
NSW1,2008/6/17 18:00,11538.24,94.56,TRADE
NSW1,2008/6/17 18:30,11429.36,80.92,TRADE
NSW1,2008/6/17 19:00,11299.1,67.88,TRADE
NSW1,2008/6/17 19:30,11024.71,51.89,TRADE
NSW1,2008/6/17 20:00,10796.79,45.74,TRADE
NSW1,2008/6/17 20:30,10651.03,44.18,TRADE
NSW1,2008/6/17 21:00,10462.56,42.27,TRADE
NSW1,2008/6/17 21:30,10096.52,37.21,TRADE
NSW1,2008/6/17 22:00,9718.97,33.99,TRADE
NSW1,2008/6/17 22:30,9721.04,34.86,TRADE
NSW1,2008/6/17 23:00,9370.11,29.36,TRADE
NSW1,2008/6/17 23:30,9234.76,34.18,TRADE
NSW1,2008/6/18 0:00,9134.01,32.31,TRADE
NSW1,2008/6/18 0:30,8925.67,33.17,TRADE
NSW1,2008/6/18 1:00,8773.51,30.83,TRADE
NSW1,2008/6/18 1:30,8584.21,29.27,TRADE
NSW1,2008/6/18 2:00,8337.97,27.46,TRADE
NSW1,2008/6/18 2:30,7866.26,26.82,TRADE
NSW1,2008/6/18 3:00,7573.15,23.95,TRADE
NSW1,2008/6/18 3:30,7238.86,19.92,TRADE
NSW1,2008/6/18 4:00,7110.32,17.93,TRADE
NSW1,2008/6/18 4:30,7061.17,17.89,TRADE
NSW1,2008/6/18 5:00,7131.46,17.69,TRADE
NSW1,2008/6/18 5:30,7475.39,26.43,TRADE
NSW1,2008/6/18 6:00,7924.35,27.42,TRADE
NSW1,2008/6/18 6:30,8742.59,30.63,TRADE
NSW1,2008/6/18 7:00,9484.05,34.48,TRADE
NSW1,2008/6/18 7:30,9854.09,39.11,TRADE
NSW1,2008/6/18 8:00,10237.67,42.84,TRADE
NSW1,2008/6/18 8:30,10312.34,42.49,TRADE
NSW1,2008/6/18 9:00,10199.15,39.98,TRADE
NSW1,2008/6/18 9:30,10239.97,41.6,TRADE
NSW1,2008/6/18 10:00,10168.73,36.63,TRADE
NSW1,2008/6/18 10:30,10118.82,37.48,TRADE
NSW1,2008/6/18 11:00,10065.48,35.44,TRADE
NSW1,2008/6/18 11:30,9891.77,34.56,TRADE
NSW1,2008/6/18 12:00,9842.8,33.36,TRADE
NSW1,2008/6/18 12:30,9734.63,33.1,TRADE
NSW1,2008/6/18 13:00,9677.54,33.37,TRADE
NSW1,2008/6/18 13:30,9670.13,33.46,TRADE
NSW1,2008/6/18 14:00,9679.01,33.61,TRADE
NSW1,2008/6/18 14:30,9622.86,31.62,TRADE
NSW1,2008/6/18 15:00,9584.09,31.41,TRADE
NSW1,2008/6/18 15:30,9557.32,30.51,TRADE
NSW1,2008/6/18 16:00,9672.68,28.34,TRADE
NSW1,2008/6/18 16:30,9876.16,30.1,TRADE
NSW1,2008/6/18 17:00,10244.68,34.22,TRADE
NSW1,2008/6/18 17:30,10844.71,43.53,TRADE
NSW1,2008/6/18 18:00,11265.7,59.42,TRADE
NSW1,2008/6/18 18:30,11191,50.51,TRADE
NSW1,2008/6/18 19:00,11064.19,44.29,TRADE
NSW1,2008/6/18 19:30,10772.35,41.16,TRADE
NSW1,2008/6/18 20:00,10576.9,38.41,TRADE
NSW1,2008/6/18 20:30,10416.9,34.95,TRADE
NSW1,2008/6/18 21:00,10228.38,31.23,TRADE
NSW1,2008/6/18 21:30,9849.92,27.36,TRADE
NSW1,2008/6/18 22:00,9491.13,27.17,TRADE
NSW1,2008/6/18 22:30,9515.71,28.19,TRADE
NSW1,2008/6/18 23:00,9318.56,27.22,TRADE
NSW1,2008/6/18 23:30,9127.43,27.35,TRADE
NSW1,2008/6/19 0:00,9025.24,24.97,TRADE
NSW1,2008/6/19 0:30,8859.13,25.2,TRADE
NSW1,2008/6/19 1:00,8697.34,26.44,TRADE
NSW1,2008/6/19 1:30,8527.24,24.13,TRADE
NSW1,2008/6/19 2:00,8289.46,19.2,TRADE
NSW1,2008/6/19 2:30,7862.63,15.4,TRADE
NSW1,2008/6/19 3:00,7479.39,15.17,TRADE
NSW1,2008/6/19 3:30,7275.76,15.46,TRADE
NSW1,2008/6/19 4:00,7084.07,15.42,TRADE
NSW1,2008/6/19 4:30,7030.38,15.41,TRADE
NSW1,2008/6/19 5:00,7140.7,16.71,TRADE
NSW1,2008/6/19 5:30,7460.43,17.33,TRADE
NSW1,2008/6/19 6:00,7881.66,20.19,TRADE
NSW1,2008/6/19 6:30,8717.12,28.84,TRADE
NSW1,2008/6/19 7:00,9489.63,33.44,TRADE
NSW1,2008/6/19 7:30,9840.73,35.97,TRADE
NSW1,2008/6/19 8:00,10312.92,38.45,TRADE
NSW1,2008/6/19 8:30,10381.38,37.08,TRADE
NSW1,2008/6/19 9:00,10225.25,33.36,TRADE
NSW1,2008/6/19 9:30,10209.73,31.64,TRADE
NSW1,2008/6/19 10:00,10178.54,31.56,TRADE
NSW1,2008/6/19 10:30,10101.92,31.29,TRADE
NSW1,2008/6/19 11:00,9978.7,30.97,TRADE
NSW1,2008/6/19 11:30,10025.67,31.01,TRADE
NSW1,2008/6/19 12:00,9938.97,31.45,TRADE
NSW1,2008/6/19 12:30,9860.88,32.96,TRADE
NSW1,2008/6/19 13:00,9764.55,30.78,TRADE
NSW1,2008/6/19 13:30,9698.17,31.83,TRADE
NSW1,2008/6/19 14:00,9745.68,32.39,TRADE
NSW1,2008/6/19 14:30,9677.93,27.99,TRADE
NSW1,2008/6/19 15:00,9657.25,28.26,TRADE
NSW1,2008/6/19 15:30,9645.66,27.99,TRADE
NSW1,2008/6/19 16:00,9822.87,28.27,TRADE
NSW1,2008/6/19 16:30,10090.66,32.02,TRADE
NSW1,2008/6/19 17:00,10478.94,38.75,TRADE
NSW1,2008/6/19 17:30,11086.74,49.74,TRADE
NSW1,2008/6/19 18:00,11404.94,79.46,TRADE
NSW1,2008/6/19 18:30,11342.71,65.49,TRADE
NSW1,2008/6/19 19:00,11210.49,55.66,TRADE
NSW1,2008/6/19 19:30,10917.62,43.12,TRADE
NSW1,2008/6/19 20:00,10793.31,41.76,TRADE
NSW1,2008/6/19 20:30,10608.87,35.47,TRADE
NSW1,2008/6/19 21:00,10338.65,34.64,TRADE
NSW1,2008/6/19 21:30,9973.82,32.38,TRADE
NSW1,2008/6/19 22:00,9499.12,28,TRADE
NSW1,2008/6/19 22:30,9559.94,35.15,TRADE
NSW1,2008/6/19 23:00,9333.42,29.07,TRADE
NSW1,2008/6/19 23:30,9215.29,30.39,TRADE
NSW1,2008/6/20 0:00,9001.67,27.33,TRADE
NSW1,2008/6/20 0:30,8787.24,27.72,TRADE
NSW1,2008/6/20 1:00,8632.43,28.53,TRADE
NSW1,2008/6/20 1:30,8507.39,29.28,TRADE
NSW1,2008/6/20 2:00,8221.35,26.37,TRADE
NSW1,2008/6/20 2:30,7893.91,25.8,TRADE
NSW1,2008/6/20 3:00,7540.42,23.17,TRADE
NSW1,2008/6/20 3:30,7286.48,17.83,TRADE
NSW1,2008/6/20 4:00,7110.52,16.09,TRADE
NSW1,2008/6/20 4:30,7071.45,17.5,TRADE
NSW1,2008/6/20 5:00,7178.3,18.02,TRADE
NSW1,2008/6/20 5:30,7430.45,22.52,TRADE
NSW1,2008/6/20 6:00,7889.28,22.97,TRADE
NSW1,2008/6/20 6:30,8657.22,27.6,TRADE
NSW1,2008/6/20 7:00,9345.5,27.79,TRADE
NSW1,2008/6/20 7:30,9807.25,38.05,TRADE
NSW1,2008/6/20 8:00,10268.59,42.83,TRADE
NSW1,2008/6/20 8:30,10360.16,40.49,TRADE
NSW1,2008/6/20 9:00,10283.25,35.44,TRADE
NSW1,2008/6/20 9:30,10363.91,36.15,TRADE
NSW1,2008/6/20 10:00,10388.97,35.57,TRADE
NSW1,2008/6/20 10:30,10334.49,37.37,TRADE
NSW1,2008/6/20 11:00,10273.82,33.83,TRADE
NSW1,2008/6/20 11:30,10101.92,37.1,TRADE
NSW1,2008/6/20 12:00,10077.29,39.11,TRADE
NSW1,2008/6/20 12:30,9992.99,40.75,TRADE
NSW1,2008/6/20 13:00,9954.88,39.68,TRADE
NSW1,2008/6/20 13:30,9891.19,41.43,TRADE
NSW1,2008/6/20 14:00,9677.93,37.13,TRADE
NSW1,2008/6/20 14:30,9692.2,35.6,TRADE
NSW1,2008/6/20 15:00,9693.57,34.98,TRADE
NSW1,2008/6/20 15:30,9695.27,33.39,TRADE
NSW1,2008/6/20 16:00,9853.33,33.73,TRADE
NSW1,2008/6/20 16:30,10022.29,33.17,TRADE
NSW1,2008/6/20 17:00,10439.59,43.37,TRADE
NSW1,2008/6/20 17:30,10937.38,52.01,TRADE
NSW1,2008/6/20 18:00,11292.14,62.89,TRADE
NSW1,2008/6/20 18:30,11109.08,54.09,TRADE
NSW1,2008/6/20 19:00,10983.9,48.2,TRADE
NSW1,2008/6/20 19:30,10654.8,42.62,TRADE
NSW1,2008/6/20 20:00,10455.34,39.14,TRADE
NSW1,2008/6/20 20:30,10311.51,35.7,TRADE
NSW1,2008/6/20 21:00,10105.44,30.46,TRADE
NSW1,2008/6/20 21:30,9827.84,32.34,TRADE
NSW1,2008/6/20 22:00,9551.22,28.34,TRADE
NSW1,2008/6/20 22:30,9710.92,31.57,TRADE
NSW1,2008/6/20 23:00,9474.03,28.31,TRADE
NSW1,2008/6/20 23:30,9438.79,32.32,TRADE
NSW1,2008/6/21 0:00,9252.35,28.66,TRADE
NSW1,2008/6/21 0:30,9004.46,27.9,TRADE
NSW1,2008/6/21 1:00,8777.27,27.66,TRADE
NSW1,2008/6/21 1:30,8585.56,27.19,TRADE
NSW1,2008/6/21 2:00,8232.03,25.4,TRADE
NSW1,2008/6/21 2:30,7871.88,18.59,TRADE
NSW1,2008/6/21 3:00,7475.85,15.9,TRADE
NSW1,2008/6/21 3:30,7166.24,14.87,TRADE
NSW1,2008/6/21 4:00,6962.81,14.91,TRADE
NSW1,2008/6/21 4:30,6917.18,14.92,TRADE
NSW1,2008/6/21 5:00,6901.92,14.88,TRADE
NSW1,2008/6/21 5:30,7018.91,15.47,TRADE
NSW1,2008/6/21 6:00,7167.56,16,TRADE
NSW1,2008/6/21 6:30,7478.13,18.99,TRADE
NSW1,2008/6/21 7:00,7829.73,17.49,TRADE
NSW1,2008/6/21 7:30,8195.66,18.63,TRADE
NSW1,2008/6/21 8:00,8606.26,26.29,TRADE
NSW1,2008/6/21 8:30,9040.67,29.96,TRADE
NSW1,2008/6/21 9:00,9366.64,35.17,TRADE
NSW1,2008/6/21 9:30,9757.9,44.07,TRADE
NSW1,2008/6/21 10:00,9634.7,41.83,TRADE
NSW1,2008/6/21 10:30,9671.8,41.02,TRADE
NSW1,2008/6/21 11:00,9466.56,36.93,TRADE
NSW1,2008/6/21 11:30,9299.3,31.99,TRADE
NSW1,2008/6/21 12:00,9141.93,27.89,TRADE
NSW1,2008/6/21 12:30,9037.07,28.08,TRADE
NSW1,2008/6/21 13:00,8906.65,27.91,TRADE
NSW1,2008/6/21 13:30,8742.61,28.08,TRADE
NSW1,2008/6/21 14:00,8672.01,27.65,TRADE
NSW1,2008/6/21 14:30,8573.16,27.58,TRADE
NSW1,2008/6/21 15:00,8483.36,27.13,TRADE
NSW1,2008/6/21 15:30,8536.62,27.43,TRADE
NSW1,2008/6/21 16:00,8615.56,28.1,TRADE
NSW1,2008/6/21 16:30,8916.43,28.49,TRADE
NSW1,2008/6/21 17:00,9514.32,37.24,TRADE
NSW1,2008/6/21 17:30,10142.35,53.97,TRADE
NSW1,2008/6/21 18:00,10662.59,95.87,TRADE
NSW1,2008/6/21 18:30,10589.73,100.33,TRADE
NSW1,2008/6/21 19:00,10386.98,73.68,TRADE
NSW1,2008/6/21 19:30,10128.22,48.39,TRADE
NSW1,2008/6/21 20:00,9974.68,45.5,TRADE
NSW1,2008/6/21 20:30,9840.94,44.02,TRADE
NSW1,2008/6/21 21:00,9680.65,44.27,TRADE
NSW1,2008/6/21 21:30,9518.05,44.02,TRADE
NSW1,2008/6/21 22:00,9272.5,40.17,TRADE
NSW1,2008/6/21 22:30,9272.36,40.07,TRADE
NSW1,2008/6/21 23:00,9100.57,32.51,TRADE
NSW1,2008/6/21 23:30,9024.94,34.51,TRADE
NSW1,2008/6/22 0:00,8730.03,30.33,TRADE
NSW1,2008/6/22 0:30,8487.29,31.37,TRADE
NSW1,2008/6/22 1:00,8223.34,27.89,TRADE
NSW1,2008/6/22 1:30,7995.43,27.46,TRADE
NSW1,2008/6/22 2:00,7757.83,27.85,TRADE
NSW1,2008/6/22 2:30,7400.41,23.18,TRADE
NSW1,2008/6/22 3:00,7156.37,19.07,TRADE
NSW1,2008/6/22 3:30,6939.57,18,TRADE
NSW1,2008/6/22 4:00,6856.93,18,TRADE
NSW1,2008/6/22 4:30,6760.75,18,TRADE
NSW1,2008/6/22 5:00,6777.23,18,TRADE
NSW1,2008/6/22 5:30,6818.53,18.2,TRADE
NSW1,2008/6/22 6:00,6990.91,19.51,TRADE
NSW1,2008/6/22 6:30,7203.71,21.7,TRADE
NSW1,2008/6/22 7:00,7467.49,20.33,TRADE
NSW1,2008/6/22 7:30,7804.33,18.86,TRADE
NSW1,2008/6/22 8:00,8382.07,25.41,TRADE
NSW1,2008/6/22 8:30,8928.19,27.94,TRADE
NSW1,2008/6/22 9:00,9254.91,33.34,TRADE
NSW1,2008/6/22 9:30,9525.57,44.68,TRADE
NSW1,2008/6/22 10:00,9557.34,45.35,TRADE
NSW1,2008/6/22 10:30,9504.64,41.06,TRADE
NSW1,2008/6/22 11:00,9346.75,36.61,TRADE
NSW1,2008/6/22 11:30,9174.13,35.5,TRADE
NSW1,2008/6/22 12:00,9026.58,33.61,TRADE
NSW1,2008/6/22 12:30,8973.77,31.39,TRADE
NSW1,2008/6/22 13:00,8903.5,28.89,TRADE
NSW1,2008/6/22 13:30,8866.88,30.64,TRADE
NSW1,2008/6/22 14:00,8778.96,28.1,TRADE
NSW1,2008/6/22 14:30,8739.06,28.09,TRADE
NSW1,2008/6/22 15:00,8705.97,28.32,TRADE
NSW1,2008/6/22 15:30,8807.51,28.1,TRADE
NSW1,2008/6/22 16:00,8876.05,30,TRADE
NSW1,2008/6/22 16:30,9200.71,32.26,TRADE
NSW1,2008/6/22 17:00,9662.52,41.46,TRADE
NSW1,2008/6/22 17:30,10356.54,70.19,TRADE
NSW1,2008/6/22 18:00,10951.22,98.89,TRADE
NSW1,2008/6/22 18:30,11076.08,99,TRADE
NSW1,2008/6/22 19:00,10952.12,94.94,TRADE
NSW1,2008/6/22 19:30,10750.38,75.34,TRADE
NSW1,2008/6/22 20:00,10571.6,60.1,TRADE
NSW1,2008/6/22 20:30,10493.24,52.59,TRADE
NSW1,2008/6/22 21:00,10331.38,44.69,TRADE
NSW1,2008/6/22 21:30,9951.28,40.86,TRADE
NSW1,2008/6/22 22:00,9647.43,37.12,TRADE
NSW1,2008/6/22 22:30,9455.31,38.09,TRADE
NSW1,2008/6/22 23:00,9181.96,34.96,TRADE
NSW1,2008/6/22 23:30,8967.24,32.87,TRADE
NSW1,2008/6/23 0:00,8591.69,28.26,TRADE
NSW1,2008/6/23 0:30,8367.31,27.91,TRADE
NSW1,2008/6/23 1:00,8147.18,28.09,TRADE
NSW1,2008/6/23 1:30,7960.07,31.64,TRADE
NSW1,2008/6/23 2:00,7748.26,27.53,TRADE
NSW1,2008/6/23 2:30,7455.54,22.86,TRADE
NSW1,2008/6/23 3:00,7227.13,18.3,TRADE
NSW1,2008/6/23 3:30,7109.31,18,TRADE
NSW1,2008/6/23 4:00,7080.8,17.95,TRADE
NSW1,2008/6/23 4:30,7085.79,17.41,TRADE
NSW1,2008/6/23 5:00,7221.89,18.43,TRADE
NSW1,2008/6/23 5:30,7625.72,23.94,TRADE
NSW1,2008/6/23 6:00,8105.61,23.46,TRADE
NSW1,2008/6/23 6:30,9043.88,38.18,TRADE
NSW1,2008/6/23 7:00,9922.88,52.26,TRADE
NSW1,2008/6/23 7:30,10493.71,50.42,TRADE
NSW1,2008/6/23 8:00,10975.22,62.68,TRADE
NSW1,2008/6/23 8:30,11027.7,63.84,TRADE
NSW1,2008/6/23 9:00,10925.86,61.14,TRADE
NSW1,2008/6/23 9:30,10917.39,60.7,TRADE
NSW1,2008/6/23 10:00,10791.26,55.54,TRADE
NSW1,2008/6/23 10:30,10727.36,49.89,TRADE
NSW1,2008/6/23 11:00,10562.65,44.75,TRADE
NSW1,2008/6/23 11:30,10451.55,42.66,TRADE
NSW1,2008/6/23 12:00,10282.62,43.52,TRADE
NSW1,2008/6/23 12:30,10214.19,43.1,TRADE
NSW1,2008/6/23 13:00,10204.6,43.52,TRADE
NSW1,2008/6/23 13:30,10043.03,41.68,TRADE
NSW1,2008/6/23 14:00,9945.97,40.38,TRADE
NSW1,2008/6/23 14:30,9975.4,39.76,TRADE
NSW1,2008/6/23 15:00,9909.67,38.77,TRADE
NSW1,2008/6/23 15:30,9930.55,38.64,TRADE
NSW1,2008/6/23 16:00,10057.21,39.47,TRADE
NSW1,2008/6/23 16:30,10372.78,43.67,TRADE
NSW1,2008/6/23 17:00,10936.46,51.3,TRADE
NSW1,2008/6/23 17:30,11856.51,144.52,TRADE
NSW1,2008/6/23 18:00,12499.09,178.54,TRADE
NSW1,2008/6/23 18:30,12466.36,167.49,TRADE
NSW1,2008/6/23 19:00,12313.46,130.72,TRADE
NSW1,2008/6/23 19:30,12089.6,103,TRADE
NSW1,2008/6/23 20:00,11927.17,96.05,TRADE
NSW1,2008/6/23 20:30,11725.81,83.9,TRADE
NSW1,2008/6/23 21:00,11414.13,59.64,TRADE
NSW1,2008/6/23 21:30,10996.5,52.24,TRADE
NSW1,2008/6/23 22:00,10497.39,46.2,TRADE
NSW1,2008/6/23 22:30,10396.28,50.05,TRADE
NSW1,2008/6/23 23:00,9991.44,44.3,TRADE
NSW1,2008/6/23 23:30,9773.86,41.86,TRADE
NSW1,2008/6/24 0:00,9507.24,35.79,TRADE
NSW1,2008/6/24 0:30,9320.77,32.39,TRADE
NSW1,2008/6/24 1:00,9175.92,29.61,TRADE
NSW1,2008/6/24 1:30,8976.93,29.45,TRADE
NSW1,2008/6/24 2:00,8721.04,26.98,TRADE
NSW1,2008/6/24 2:30,8314.65,25.53,TRADE
NSW1,2008/6/24 3:00,7966.33,21.39,TRADE
NSW1,2008/6/24 3:30,7678.91,19.22,TRADE
NSW1,2008/6/24 4:00,7517.79,16.73,TRADE
NSW1,2008/6/24 4:30,7457.22,17.33,TRADE
NSW1,2008/6/24 5:00,7549.46,17.23,TRADE
NSW1,2008/6/24 5:30,7854.73,18.43,TRADE
NSW1,2008/6/24 6:00,8395.15,19.81,TRADE
NSW1,2008/6/24 6:30,9291.43,36.54,TRADE
NSW1,2008/6/24 7:00,10240.78,46.39,TRADE
NSW1,2008/6/24 7:30,10755.43,49.23,TRADE
NSW1,2008/6/24 8:00,11230.22,60.57,TRADE
NSW1,2008/6/24 8:30,11304.92,59.66,TRADE
NSW1,2008/6/24 9:00,11027.68,51.45,TRADE
NSW1,2008/6/24 9:30,10954.52,48.42,TRADE
NSW1,2008/6/24 10:00,10800.04,45.25,TRADE
NSW1,2008/6/24 10:30,10664.44,45.29,TRADE
NSW1,2008/6/24 11:00,10481.84,44.53,TRADE
NSW1,2008/6/24 11:30,10331.09,43.72,TRADE
NSW1,2008/6/24 12:00,10174.07,40.17,TRADE
NSW1,2008/6/24 12:30,10092.77,39.63,TRADE
NSW1,2008/6/24 13:00,9977.98,36.2,TRADE
NSW1,2008/6/24 13:30,9861.18,37.67,TRADE
NSW1,2008/6/24 14:00,9854.44,36.28,TRADE
NSW1,2008/6/24 14:30,9840.45,35.55,TRADE
NSW1,2008/6/24 15:00,9785.08,35.21,TRADE
NSW1,2008/6/24 15:30,9776.9,36.44,TRADE
NSW1,2008/6/24 16:00,9919.26,39.78,TRADE
NSW1,2008/6/24 16:30,10165.92,40.52,TRADE
NSW1,2008/6/24 17:00,10646.5,44,TRADE
NSW1,2008/6/24 17:30,11466.91,71.36,TRADE
NSW1,2008/6/24 18:00,12137.39,110.75,TRADE
NSW1,2008/6/24 18:30,12134.42,99.69,TRADE
NSW1,2008/6/24 19:00,12034.04,98.05,TRADE
NSW1,2008/6/24 19:30,11814.63,73.93,TRADE
NSW1,2008/6/24 20:00,11607.22,62.49,TRADE
NSW1,2008/6/24 20:30,11454.94,61.95,TRADE
NSW1,2008/6/24 21:00,11195.03,49.27,TRADE
NSW1,2008/6/24 21:30,10823.25,52.15,TRADE
NSW1,2008/6/24 22:00,10416.66,46.56,TRADE
NSW1,2008/6/24 22:30,10326.59,53.43,TRADE
NSW1,2008/6/24 23:00,9974.86,43.68,TRADE
NSW1,2008/6/24 23:30,9738.15,41.39,TRADE
NSW1,2008/6/25 0:00,9528.7,36.49,TRADE
NSW1,2008/6/25 0:30,9316.27,33.38,TRADE
NSW1,2008/6/25 1:00,9119.83,29.09,TRADE
NSW1,2008/6/25 1:30,8958.53,29.41,TRADE
NSW1,2008/6/25 2:00,8707.17,27.86,TRADE
NSW1,2008/6/25 2:30,8228.75,27.33,TRADE
NSW1,2008/6/25 3:00,7901.22,20,TRADE
NSW1,2008/6/25 3:30,7605.05,16.91,TRADE
NSW1,2008/6/25 4:00,7440.03,15.94,TRADE
NSW1,2008/6/25 4:30,7347.64,17.45,TRADE
NSW1,2008/6/25 5:00,7458.69,17.2,TRADE
NSW1,2008/6/25 5:30,7817.11,17.73,TRADE
NSW1,2008/6/25 6:00,8285.63,23.04,TRADE
NSW1,2008/6/25 6:30,9225.25,38.22,TRADE
NSW1,2008/6/25 7:00,10142.67,42.27,TRADE
NSW1,2008/6/25 7:30,10641.23,42.63,TRADE
NSW1,2008/6/25 8:00,11053.79,49.48,TRADE
NSW1,2008/6/25 8:30,11065.56,45.38,TRADE
NSW1,2008/6/25 9:00,10805.65,42.88,TRADE
NSW1,2008/6/25 9:30,10760.99,40.34,TRADE
NSW1,2008/6/25 10:00,10592.47,38.75,TRADE
NSW1,2008/6/25 10:30,10442.55,36.81,TRADE
NSW1,2008/6/25 11:00,10291.17,33.49,TRADE
NSW1,2008/6/25 11:30,10106.58,32.47,TRADE
NSW1,2008/6/25 12:00,9950.91,31.08,TRADE
NSW1,2008/6/25 12:30,9850.1,28.86,TRADE
NSW1,2008/6/25 13:00,9766.64,27.9,TRADE
NSW1,2008/6/25 13:30,9728.64,28.1,TRADE
NSW1,2008/6/25 14:00,9638.47,28.1,TRADE
NSW1,2008/6/25 14:30,9636.43,28.09,TRADE
NSW1,2008/6/25 15:00,9585.07,28.09,TRADE
NSW1,2008/6/25 15:30,9512.99,28.09,TRADE
NSW1,2008/6/25 16:00,9617.4,28.22,TRADE
NSW1,2008/6/25 16:30,9877.84,28.71,TRADE
NSW1,2008/6/25 17:00,10364.82,30.71,TRADE
NSW1,2008/6/25 17:30,11172.87,44.57,TRADE
NSW1,2008/6/25 18:00,11880.99,81.38,TRADE
NSW1,2008/6/25 18:30,11932.32,90.22,TRADE
NSW1,2008/6/25 19:00,11891.86,83.04,TRADE
NSW1,2008/6/25 19:30,11666.27,52.77,TRADE
NSW1,2008/6/25 20:00,11500.72,46.19,TRADE
NSW1,2008/6/25 20:30,11437.93,50.78,TRADE
NSW1,2008/6/25 21:00,11178.35,44.13,TRADE
NSW1,2008/6/25 21:30,10766.47,43.89,TRADE
NSW1,2008/6/25 22:00,10264.68,41.67,TRADE
NSW1,2008/6/25 22:30,10216.54,42.68,TRADE
NSW1,2008/6/25 23:00,9857.24,37.7,TRADE
NSW1,2008/6/25 23:30,9612.49,37.1,TRADE
NSW1,2008/6/26 0:00,9473.84,34.92,TRADE
NSW1,2008/6/26 0:30,9265.47,31.99,TRADE
NSW1,2008/6/26 1:00,9040.95,27.91,TRADE
NSW1,2008/6/26 1:30,8901.82,28.88,TRADE
NSW1,2008/6/26 2:00,8671.92,28.36,TRADE
NSW1,2008/6/26 2:30,8274.94,27.7,TRADE
NSW1,2008/6/26 3:00,7887.77,20.98,TRADE
NSW1,2008/6/26 3:30,7615.13,15.13,TRADE
NSW1,2008/6/26 4:00,7460.19,16.36,TRADE
NSW1,2008/6/26 4:30,7416.34,16.66,TRADE
NSW1,2008/6/26 5:00,7497.56,17.38,TRADE
NSW1,2008/6/26 5:30,7866.17,22.42,TRADE
NSW1,2008/6/26 6:00,8344.89,25.82,TRADE
NSW1,2008/6/26 6:30,9275.05,38.9,TRADE
NSW1,2008/6/26 7:00,10175.03,46.72,TRADE
NSW1,2008/6/26 7:30,10712.07,44.77,TRADE
NSW1,2008/6/26 8:00,11142.74,54.99,TRADE
NSW1,2008/6/26 8:30,11162.08,64.7,TRADE
NSW1,2008/6/26 9:00,10847.02,45.01,TRADE
NSW1,2008/6/26 9:30,10820.12,43.46,TRADE
NSW1,2008/6/26 10:00,10705.47,39.68,TRADE
NSW1,2008/6/26 10:30,10562.33,37.88,TRADE
NSW1,2008/6/26 11:00,10407.96,35.49,TRADE
NSW1,2008/6/26 11:30,10271.46,34.38,TRADE
NSW1,2008/6/26 12:00,10156.55,33.47,TRADE
NSW1,2008/6/26 12:30,10001.3,37.34,TRADE
NSW1,2008/6/26 13:00,9923.96,39.73,TRADE
NSW1,2008/6/26 13:30,9813.64,37.48,TRADE
NSW1,2008/6/26 14:00,9768.73,35.75,TRADE
NSW1,2008/6/26 14:30,9803.5,35.81,TRADE
NSW1,2008/6/26 15:00,9716.56,32.14,TRADE
NSW1,2008/6/26 15:30,9733.24,31.62,TRADE
NSW1,2008/6/26 16:00,9812.21,31.41,TRADE
NSW1,2008/6/26 16:30,10051.94,32.67,TRADE
NSW1,2008/6/26 17:00,10395.45,35.05,TRADE
NSW1,2008/6/26 17:30,11135.25,47.67,TRADE
NSW1,2008/6/26 18:00,11788.22,87.03,TRADE
NSW1,2008/6/26 18:30,11892.07,91.34,TRADE
NSW1,2008/6/26 19:00,11815.9,87.24,TRADE
NSW1,2008/6/26 19:30,11659.15,64.66,TRADE
NSW1,2008/6/26 20:00,11487.94,57.43,TRADE
NSW1,2008/6/26 20:30,11375.31,52.02,TRADE
NSW1,2008/6/26 21:00,11172.08,45.6,TRADE
NSW1,2008/6/26 21:30,10774.99,43.23,TRADE
NSW1,2008/6/26 22:00,10336.41,41.38,TRADE
NSW1,2008/6/26 22:30,10264.04,40.39,TRADE
NSW1,2008/6/26 23:00,9953.9,36.89,TRADE
NSW1,2008/6/26 23:30,9726.63,39.41,TRADE
NSW1,2008/6/27 0:00,9537.16,36.51,TRADE
NSW1,2008/6/27 0:30,9304.7,35.34,TRADE
NSW1,2008/6/27 1:00,9122.99,32.04,TRADE
NSW1,2008/6/27 1:30,9003.51,32.89,TRADE
NSW1,2008/6/27 2:00,8661.57,28.44,TRADE
NSW1,2008/6/27 2:30,8275.11,27.18,TRADE
NSW1,2008/6/27 3:00,7914.36,26.06,TRADE
NSW1,2008/6/27 3:30,7636.97,25.15,TRADE
NSW1,2008/6/27 4:00,7461.73,23.18,TRADE
NSW1,2008/6/27 4:30,7431.38,20.41,TRADE
NSW1,2008/6/27 5:00,7523.33,24.23,TRADE
NSW1,2008/6/27 5:30,7847.65,25.58,TRADE
NSW1,2008/6/27 6:00,8308.24,28.82,TRADE
NSW1,2008/6/27 6:30,9268.32,42.18,TRADE
NSW1,2008/6/27 7:00,10108.66,50.78,TRADE
NSW1,2008/6/27 7:30,10674.42,49.46,TRADE
NSW1,2008/6/27 8:00,11186.09,72.98,TRADE
NSW1,2008/6/27 8:30,11265.99,75.67,TRADE
NSW1,2008/6/27 9:00,11086.79,52.63,TRADE
NSW1,2008/6/27 9:30,11029.51,44.37,TRADE
NSW1,2008/6/27 10:00,10850.14,42.02,TRADE
NSW1,2008/6/27 10:30,10659.61,39.8,TRADE
NSW1,2008/6/27 11:00,10463.13,37.73,TRADE
NSW1,2008/6/27 11:30,10230.17,37.21,TRADE
NSW1,2008/6/27 12:00,10118.71,36.03,TRADE
NSW1,2008/6/27 12:30,9951.01,35.72,TRADE
NSW1,2008/6/27 13:00,9823.38,32.87,TRADE
NSW1,2008/6/27 13:30,9751.57,32.53,TRADE
NSW1,2008/6/27 14:00,9657.78,33,TRADE
NSW1,2008/6/27 14:30,9655.75,31.51,TRADE
NSW1,2008/6/27 15:00,9634.15,30.56,TRADE
NSW1,2008/6/27 15:30,9581.94,29.3,TRADE
NSW1,2008/6/27 16:00,9651.65,29.24,TRADE
NSW1,2008/6/27 16:30,9872.85,31.4,TRADE
NSW1,2008/6/27 17:00,10385.6,38.08,TRADE
NSW1,2008/6/27 17:30,11089.2,46.79,TRADE
NSW1,2008/6/27 18:00,11677.75,76.79,TRADE
NSW1,2008/6/27 18:30,11662.22,65.95,TRADE
NSW1,2008/6/27 19:00,11580.39,56.09,TRADE
NSW1,2008/6/27 19:30,11311.19,53.55,TRADE
NSW1,2008/6/27 20:00,11131.62,49.15,TRADE
NSW1,2008/6/27 20:30,11052.52,56.78,TRADE
NSW1,2008/6/27 21:00,10819.32,44.96,TRADE
NSW1,2008/6/27 21:30,10615.69,45.65,TRADE
NSW1,2008/6/27 22:00,10281.89,43.74,TRADE
NSW1,2008/6/27 22:30,10365.82,61.11,TRADE
NSW1,2008/6/27 23:00,10077.81,48.92,TRADE
NSW1,2008/6/27 23:30,9921.85,49.64,TRADE
NSW1,2008/6/28 0:00,9719.5,42.71,TRADE
NSW1,2008/6/28 0:30,9405.15,40.11,TRADE
NSW1,2008/6/28 1:00,9206.44,35.76,TRADE
NSW1,2008/6/28 1:30,9025.66,33.45,TRADE
NSW1,2008/6/28 2:00,8669.71,27.07,TRADE
NSW1,2008/6/28 2:30,8239.54,25.45,TRADE
NSW1,2008/6/28 3:00,7847.91,25.65,TRADE
NSW1,2008/6/28 3:30,7563.71,19.39,TRADE
NSW1,2008/6/28 4:00,7379.28,17.39,TRADE
NSW1,2008/6/28 4:30,7307.44,17.69,TRADE
NSW1,2008/6/28 5:00,7284.03,17.42,TRADE
NSW1,2008/6/28 5:30,7340.75,19.68,TRADE
NSW1,2008/6/28 6:00,7516.44,20.79,TRADE
NSW1,2008/6/28 6:30,7884.15,22.19,TRADE
NSW1,2008/6/28 7:00,8334.84,28.33,TRADE
NSW1,2008/6/28 7:30,8792.37,29.86,TRADE
NSW1,2008/6/28 8:00,9498.2,41.16,TRADE
NSW1,2008/6/28 8:30,10019.37,58.42,TRADE
NSW1,2008/6/28 9:00,10348.04,84,TRADE
NSW1,2008/6/28 9:30,10481.03,98.66,TRADE
NSW1,2008/6/28 10:00,10339.68,77.1,TRADE
NSW1,2008/6/28 10:30,10175.72,63.31,TRADE
NSW1,2008/6/28 11:00,9892.17,52.34,TRADE
NSW1,2008/6/28 11:30,9592.78,46.14,TRADE
NSW1,2008/6/28 12:00,9398.28,42.8,TRADE
NSW1,2008/6/28 12:30,9168.69,38.61,TRADE
NSW1,2008/6/28 13:00,9043.79,34.58,TRADE
NSW1,2008/6/28 13:30,8884.33,33.72,TRADE
NSW1,2008/6/28 14:00,8742.77,29.29,TRADE
NSW1,2008/6/28 14:30,8665.13,28.1,TRADE
NSW1,2008/6/28 15:00,8575.29,28.1,TRADE
NSW1,2008/6/28 15:30,8646.64,29.44,TRADE
NSW1,2008/6/28 16:00,8825.71,30.31,TRADE
NSW1,2008/6/28 16:30,9145.57,35.35,TRADE
NSW1,2008/6/28 17:00,9730.56,43.66,TRADE
NSW1,2008/6/28 17:30,10487.78,53.76,TRADE
NSW1,2008/6/28 18:00,11061.9,86.4,TRADE
NSW1,2008/6/28 18:30,11113.92,91.22,TRADE
NSW1,2008/6/28 19:00,10871.35,72.95,TRADE
NSW1,2008/6/28 19:30,10601.53,62.01,TRADE
NSW1,2008/6/28 20:00,10495.47,60.96,TRADE
NSW1,2008/6/28 20:30,10272.79,56.08,TRADE
NSW1,2008/6/28 21:00,10124.66,47.67,TRADE
NSW1,2008/6/28 21:30,9888.45,45.09,TRADE
NSW1,2008/6/28 22:00,9631.75,43.51,TRADE
NSW1,2008/6/28 22:30,9637.1,41.2,TRADE
NSW1,2008/6/28 23:00,9430.43,36.18,TRADE
NSW1,2008/6/28 23:30,9271.98,41.16,TRADE
NSW1,2008/6/29 0:00,9068.86,38.83,TRADE
NSW1,2008/6/29 0:30,8745.25,33.21,TRADE
NSW1,2008/6/29 1:00,8487.65,28.87,TRADE
NSW1,2008/6/29 1:30,8265.79,30.54,TRADE
NSW1,2008/6/29 2:00,7978.91,27.37,TRADE
NSW1,2008/6/29 2:30,7646.84,26.72,TRADE
NSW1,2008/6/29 3:00,7283.9,21.54,TRADE
NSW1,2008/6/29 3:30,7129.19,18.1,TRADE
NSW1,2008/6/29 4:00,6989.65,17.4,TRADE
NSW1,2008/6/29 4:30,6954.23,16.84,TRADE
NSW1,2008/6/29 5:00,6956.95,17.15,TRADE
NSW1,2008/6/29 5:30,7034.43,16.99,TRADE
NSW1,2008/6/29 6:00,7190.74,18,TRADE
NSW1,2008/6/29 6:30,7383.83,20.14,TRADE
NSW1,2008/6/29 7:00,7666.59,23.52,TRADE
NSW1,2008/6/29 7:30,8044.56,18.6,TRADE
NSW1,2008/6/29 8:00,8675.76,27.54,TRADE
NSW1,2008/6/29 8:30,9262.44,31.34,TRADE
NSW1,2008/6/29 9:00,9582.26,29.38,TRADE
NSW1,2008/6/29 9:30,9840.43,36.53,TRADE
NSW1,2008/6/29 10:00,9846.87,40.28,TRADE
NSW1,2008/6/29 10:30,9749.92,33.19,TRADE
NSW1,2008/6/29 11:00,9473.6,28.11,TRADE
NSW1,2008/6/29 11:30,9259.19,27.72,TRADE
NSW1,2008/6/29 12:00,9030.77,28.08,TRADE
NSW1,2008/6/29 12:30,8881.52,28.08,TRADE
NSW1,2008/6/29 13:00,8731.13,29.54,TRADE
NSW1,2008/6/29 13:30,8532.76,27.35,TRADE
NSW1,2008/6/29 14:00,8459.19,28.1,TRADE
NSW1,2008/6/29 14:30,8319.52,27.35,TRADE
NSW1,2008/6/29 15:00,8300,28.07,TRADE
NSW1,2008/6/29 15:30,8311.18,27.46,TRADE
NSW1,2008/6/29 16:00,8460.51,29.55,TRADE
NSW1,2008/6/29 16:30,8771.46,29.25,TRADE
NSW1,2008/6/29 17:00,9275.59,33.77,TRADE
NSW1,2008/6/29 17:30,10128.71,40.55,TRADE
NSW1,2008/6/29 18:00,10878.53,60.2,TRADE
NSW1,2008/6/29 18:30,11080.22,61.66,TRADE
NSW1,2008/6/29 19:00,10988.23,56.31,TRADE
NSW1,2008/6/29 19:30,10833.25,45.67,TRADE
NSW1,2008/6/29 20:00,10674.83,44.24,TRADE
NSW1,2008/6/29 20:30,10593.03,43.78,TRADE
NSW1,2008/6/29 21:00,10427.21,41.55,TRADE
NSW1,2008/6/29 21:30,10086.78,34.91,TRADE
NSW1,2008/6/29 22:00,9663.84,24.79,TRADE
NSW1,2008/6/29 22:30,9387.58,27.55,TRADE
NSW1,2008/6/29 23:00,9085.17,27.75,TRADE
NSW1,2008/6/29 23:30,8874.83,27.55,TRADE
NSW1,2008/6/30 0:00,8586.78,27.93,TRADE
NSW1,2008/6/30 0:30,8377.24,27.36,TRADE
NSW1,2008/6/30 1:00,8133.68,24.64,TRADE
NSW1,2008/6/30 1:30,8036.89,26.34,TRADE
NSW1,2008/6/30 2:00,7838.36,22.93,TRADE
NSW1,2008/6/30 2:30,7598.52,18.45,TRADE
NSW1,2008/6/30 3:00,7368.37,16.35,TRADE
NSW1,2008/6/30 3:30,7201.22,15.58,TRADE
NSW1,2008/6/30 4:00,7149.64,15.01,TRADE
NSW1,2008/6/30 4:30,7106.54,14.73,TRADE
NSW1,2008/6/30 5:00,7289.31,17.18,TRADE
NSW1,2008/6/30 5:30,7614.89,17.83,TRADE
NSW1,2008/6/30 6:00,8242.06,20.43,TRADE
NSW1,2008/6/30 6:30,9140.99,31.1,TRADE
NSW1,2008/6/30 7:00,9981.24,36.56,TRADE
NSW1,2008/6/30 7:30,10536.78,37.01,TRADE
NSW1,2008/6/30 8:00,11064.13,45.72,TRADE
NSW1,2008/6/30 8:30,11155.89,46.99,TRADE
NSW1,2008/6/30 9:00,11019.13,46.57,TRADE
NSW1,2008/6/30 9:30,10928.54,45.97,TRADE
NSW1,2008/6/30 10:00,10832.13,44.35,TRADE
NSW1,2008/6/30 10:30,10655.09,43.58,TRADE
NSW1,2008/6/30 11:00,10510.92,40.04,TRADE
NSW1,2008/6/30 11:30,10287.77,35.82,TRADE
NSW1,2008/6/30 12:00,10152.5,34.75,TRADE
NSW1,2008/6/30 12:30,10082.7,34.81,TRADE
NSW1,2008/6/30 13:00,9980.46,33.8,TRADE
NSW1,2008/6/30 13:30,9904.71,31.59,TRADE
NSW1,2008/6/30 14:00,9813.78,29.2,TRADE
NSW1,2008/6/30 14:30,9707.32,28.44,TRADE
NSW1,2008/6/30 15:00,9757.96,28.91,TRADE
NSW1,2008/6/30 15:30,9726.74,28.08,TRADE
NSW1,2008/6/30 16:00,9727.4,28.99,TRADE
NSW1,2008/6/30 16:30,9825.23,28.17,TRADE
NSW1,2008/6/30 17:00,10312.81,32.83,TRADE
NSW1,2008/6/30 17:30,11156.07,43.35,TRADE
NSW1,2008/6/30 18:00,11725.47,58.9,TRADE
NSW1,2008/6/30 18:30,11684.69,58.13,TRADE
NSW1,2008/6/30 19:00,11537.24,47.92,TRADE
NSW1,2008/6/30 19:30,11288.16,44.33,TRADE
NSW1,2008/6/30 20:00,11055.96,41.82,TRADE
NSW1,2008/6/30 20:30,10880.03,38.36,TRADE
NSW1,2008/6/30 21:00,10682.88,31.14,TRADE
NSW1,2008/6/30 21:30,10268.54,29,TRADE
NSW1,2008/6/30 22:00,9818.21,27.07,TRADE
NSW1,2008/6/30 22:30,9738.2,37.92,TRADE
NSW1,2008/6/30 23:00,9465.2,29.46,TRADE
NSW1,2008/6/30 23:30,9322.5,30.47,TRADE
NSW1,2008/7/1 0:00,9160.49,29.63,TRADE
?NSW1,2008/7/1 0:30,9013.08,27.71,TRADE
NSW1,2008/7/1 1:00,8813.32,26.5,TRADE
NSW1,2008/7/1 1:30,8656.38,26.56,TRADE
NSW1,2008/7/1 2:00,8456.62,24.78,TRADE
NSW1,2008/7/1 2:30,8187.3,21.18,TRADE
NSW1,2008/7/1 3:00,7780.51,16.03,TRADE
NSW1,2008/7/1 3:30,7456.22,15.48,TRADE
NSW1,2008/7/1 4:00,7305.66,15.44,TRADE
NSW1,2008/7/1 4:30,7269.43,15.55,TRADE
NSW1,2008/7/1 5:00,7328.03,15.71,TRADE
NSW1,2008/7/1 5:30,7681.1,17.31,TRADE
NSW1,2008/7/1 6:00,8165.21,18.61,TRADE
NSW1,2008/7/1 6:30,9041.82,25.27,TRADE
NSW1,2008/7/1 7:00,9882.31,30.74,TRADE
NSW1,2008/7/1 7:30,10422.4,29.9,TRADE
NSW1,2008/7/1 8:00,10884.08,35.49,TRADE
NSW1,2008/7/1 8:30,10892.72,39.07,TRADE
NSW1,2008/7/1 9:00,10674.41,36.88,TRADE
NSW1,2008/7/1 9:30,10671.29,35.94,TRADE
NSW1,2008/7/1 10:00,10573.31,32.51,TRADE
NSW1,2008/7/1 10:30,10435.4,32.66,TRADE
NSW1,2008/7/1 11:00,10380.77,31.84,TRADE
NSW1,2008/7/1 11:30,10178.31,26.34,TRADE
NSW1,2008/7/1 12:00,10133.93,24.09,TRADE
NSW1,2008/7/1 12:30,9982.27,17.41,TRADE
NSW1,2008/7/1 13:00,9889.91,22.53,TRADE
NSW1,2008/7/1 13:30,9838.57,23.04,TRADE
NSW1,2008/7/1 14:00,9699.62,22.91,TRADE
NSW1,2008/7/1 14:30,9683.88,20.99,TRADE
NSW1,2008/7/1 15:00,9710.44,22.05,TRADE
NSW1,2008/7/1 15:30,9698.51,22.14,TRADE
NSW1,2008/7/1 16:00,9802.43,22.2,TRADE
NSW1,2008/7/1 16:30,10052.65,22.95,TRADE
NSW1,2008/7/1 17:00,10471.48,24.27,TRADE
NSW1,2008/7/1 17:30,11191.37,36.94,TRADE
NSW1,2008/7/1 18:00,11820.78,45.37,TRADE
NSW1,2008/7/1 18:30,11814.41,41.09,TRADE
NSW1,2008/7/1 19:00,11667.92,38.54,TRADE
NSW1,2008/7/1 19:30,11463.5,36.77,TRADE
NSW1,2008/7/1 20:00,11221.78,33.02,TRADE
NSW1,2008/7/1 20:30,11099.31,31.34,TRADE
NSW1,2008/7/1 21:00,10840.84,26.09,TRADE
NSW1,2008/7/1 21:30,10497.85,24.94,TRADE
NSW1,2008/7/1 22:00,10053.01,22.92,TRADE
NSW1,2008/7/1 22:30,10059,27.22,TRADE
NSW1,2008/7/1 23:00,9680.18,23.6,TRADE
NSW1,2008/7/1 23:30,9442.26,25.77,TRADE
NSW1,2008/7/2 0:00,9355.94,25.14,TRADE
NSW1,2008/7/2 0:30,9151.52,23.6,TRADE
NSW1,2008/7/2 1:00,9020.87,22.1,TRADE
NSW1,2008/7/2 1:30,8839.69,21.66,TRADE
NSW1,2008/7/2 2:00,8598.94,21.6,TRADE
NSW1,2008/7/2 2:30,8153.4,17.11,TRADE
NSW1,2008/7/2 3:00,7767.69,15.23,TRADE
NSW1,2008/7/2 3:30,7415.55,12.17,TRADE
NSW1,2008/7/2 4:00,7200.48,11.35,TRADE
NSW1,2008/7/2 4:30,7159.79,11.02,TRADE
NSW1,2008/7/2 5:00,7236.96,11.57,TRADE
NSW1,2008/7/2 5:30,7532.11,14.55,TRADE
NSW1,2008/7/2 6:00,8046.16,17.67,TRADE
NSW1,2008/7/2 6:30,8956.75,23.55,TRADE
NSW1,2008/7/2 7:00,9818.38,23.72,TRADE
NSW1,2008/7/2 7:30,10271.02,24.27,TRADE
NSW1,2008/7/2 8:00,10691.81,28.26,TRADE
NSW1,2008/7/2 8:30,10722.32,30.99,TRADE
NSW1,2008/7/2 9:00,10514.26,27.59,TRADE
NSW1,2008/7/2 9:30,10532.42,29.25,TRADE
NSW1,2008/7/2 10:00,10439.74,26.76,TRADE
NSW1,2008/7/2 10:30,10359.84,26.85,TRADE
NSW1,2008/7/2 11:00,10239.1,26.66,TRADE
NSW1,2008/7/2 11:30,10083.57,25.76,TRADE
NSW1,2008/7/2 12:00,9983.56,23.02,TRADE
NSW1,2008/7/2 12:30,9812.92,21.42,TRADE
NSW1,2008/7/2 13:00,9696.4,22.04,TRADE
NSW1,2008/7/2 13:30,9708.22,22.32,TRADE
NSW1,2008/7/2 14:00,9660.25,22.35,TRADE
NSW1,2008/7/2 14:30,9654.19,21.97,TRADE
NSW1,2008/7/2 15:00,9538.34,21.98,TRADE
NSW1,2008/7/2 15:30,9512.21,21.73,TRADE
NSW1,2008/7/2 16:00,9535.62,22.14,TRADE
NSW1,2008/7/2 16:30,9720.97,22.83,TRADE
NSW1,2008/7/2 17:00,10249.26,23.69,TRADE
NSW1,2008/7/2 17:30,10999.54,33.74,TRADE
NSW1,2008/7/2 18:00,11664.12,40.06,TRADE
NSW1,2008/7/2 18:30,11652.05,40.11,TRADE
NSW1,2008/7/2 19:00,11574.79,37.77,TRADE
NSW1,2008/7/2 19:30,11300.83,34.01,TRADE
NSW1,2008/7/2 20:00,11127.33,33.37,TRADE
NSW1,2008/7/2 20:30,10976.91,31.42,TRADE
NSW1,2008/7/2 21:00,10688.94,26.37,TRADE
NSW1,2008/7/2 21:30,10461.63,25.02,TRADE
NSW1,2008/7/2 22:00,10041.42,22.18,TRADE
NSW1,2008/7/2 22:30,10070.72,27.54,TRADE
NSW1,2008/7/2 23:00,9676.12,23.28,TRADE
NSW1,2008/7/2 23:30,9559.62,27.93,TRADE
NSW1,2008/7/3 0:00,9359.93,23.7,TRADE
NSW1,2008/7/3 0:30,9158.13,22.58,TRADE
NSW1,2008/7/3 1:00,8965.8,21.95,TRADE
NSW1,2008/7/3 1:30,8808.75,22.15,TRADE
NSW1,2008/7/3 2:00,8577.14,20.8,TRADE
NSW1,2008/7/3 2:30,8129.07,17.68,TRADE
NSW1,2008/7/3 3:00,7778.5,16.82,TRADE
NSW1,2008/7/3 3:30,7560.99,15.39,TRADE
NSW1,2008/7/3 4:00,7403.91,12.3,TRADE
NSW1,2008/7/3 4:30,7352.97,11.29,TRADE
NSW1,2008/7/3 5:00,7433.18,14.53,TRADE
NSW1,2008/7/3 5:30,7715.65,15.91,TRADE
NSW1,2008/7/3 6:00,8216.02,18.39,TRADE
NSW1,2008/7/3 6:30,9157.75,30.8,TRADE
NSW1,2008/7/3 7:00,9994.31,35.97,TRADE
NSW1,2008/7/3 7:30,10507.92,34.7,TRADE
NSW1,2008/7/3 8:00,11061.28,44.03,TRADE
NSW1,2008/7/3 8:30,11086.32,45.65,TRADE
NSW1,2008/7/3 9:00,10909.99,42.97,TRADE
NSW1,2008/7/3 9:30,10836.94,42.14,TRADE
NSW1,2008/7/3 10:00,10687.26,36.98,TRADE
NSW1,2008/7/3 10:30,10492.79,31.89,TRADE
NSW1,2008/7/3 11:00,10228.06,27.04,TRADE
NSW1,2008/7/3 11:30,10083.04,24.24,TRADE
NSW1,2008/7/3 12:00,10054.43,22.72,TRADE
NSW1,2008/7/3 12:30,9940.57,22.02,TRADE
NSW1,2008/7/3 13:00,9831.96,22,TRADE
NSW1,2008/7/3 13:30,9792.19,22.06,TRADE
NSW1,2008/7/3 14:00,9731.94,22,TRADE
NSW1,2008/7/3 14:30,9667.38,21.99,TRADE
NSW1,2008/7/3 15:00,9582.04,22.17,TRADE
NSW1,2008/7/3 15:30,9605.86,22,TRADE
NSW1,2008/7/3 16:00,9721.28,22,TRADE
NSW1,2008/7/3 16:30,9911.85,22.09,TRADE
NSW1,2008/7/3 17:00,10401.46,24.5,TRADE
NSW1,2008/7/3 17:30,11215.55,31.5,TRADE
NSW1,2008/7/3 18:00,12021.61,41.24,TRADE
NSW1,2008/7/3 18:30,12141.12,41.6,TRADE
NSW1,2008/7/3 19:00,12119.68,41.93,TRADE
NSW1,2008/7/3 19:30,11876.25,38.12,TRADE
NSW1,2008/7/3 20:00,11765.96,40.3,TRADE
NSW1,2008/7/3 20:30,11670.27,40.28,TRADE
NSW1,2008/7/3 21:00,11399.7,36.18,TRADE
NSW1,2008/7/3 21:30,11055.97,41.24,TRADE
NSW1,2008/7/3 22:00,10574.05,35.88,TRADE
NSW1,2008/7/3 22:30,10544.42,44.11,TRADE
NSW1,2008/7/3 23:00,10154.22,40.22,TRADE
NSW1,2008/7/3 23:30,9931.91,44.27,TRADE
NSW1,2008/7/4 0:00,9729.81,37.36,TRADE
NSW1,2008/7/4 0:30,9407.18,34.48,TRADE
NSW1,2008/7/4 1:00,9207.78,30.18,TRADE
NSW1,2008/7/4 1:30,9061.38,31.57,TRADE
NSW1,2008/7/4 2:00,8821.9,23.87,TRADE
NSW1,2008/7/4 2:30,8439.29,21.92,TRADE
NSW1,2008/7/4 3:00,8068.96,21.68,TRADE
NSW1,2008/7/4 3:30,7758.6,21.51,TRADE
NSW1,2008/7/4 4:00,7591.62,19.94,TRADE
NSW1,2008/7/4 4:30,7522.84,18,TRADE
NSW1,2008/7/4 5:00,7534.28,18.54,TRADE
NSW1,2008/7/4 5:30,7859.37,20.81,TRADE
NSW1,2008/7/4 6:00,8368.99,23.27,TRADE
NSW1,2008/7/4 6:30,9238.14,34.33,TRADE
NSW1,2008/7/4 7:00,10115.22,41.44,TRADE
NSW1,2008/7/4 7:30,10664.95,38.08,TRADE
NSW1,2008/7/4 8:00,11234.49,42.43,TRADE
NSW1,2008/7/4 8:30,11455.06,44.84,TRADE
NSW1,2008/7/4 9:00,11332.76,46.9,TRADE
NSW1,2008/7/4 9:30,11350.3,46.79,TRADE
NSW1,2008/7/4 10:00,11285.74,42.73,TRADE
NSW1,2008/7/4 10:30,11198.27,42.46,TRADE
NSW1,2008/7/4 11:00,11060.14,41.36,TRADE
NSW1,2008/7/4 11:30,10897.26,38.74,TRADE
NSW1,2008/7/4 12:00,10767.11,37.16,TRADE
NSW1,2008/7/4 12:30,10658.06,35.92,TRADE
NSW1,2008/7/4 13:00,10598.99,34.43,TRADE
NSW1,2008/7/4 13:30,10414.07,33.85,TRADE
NSW1,2008/7/4 14:00,10517.03,33.82,TRADE
NSW1,2008/7/4 14:30,10462.01,32.6,TRADE
NSW1,2008/7/4 15:00,10388.33,29.37,TRADE
NSW1,2008/7/4 15:30,10403.15,27.69,TRADE
NSW1,2008/7/4 16:00,10585.05,27.31,TRADE
NSW1,2008/7/4 16:30,10790.09,30.77,TRADE
NSW1,2008/7/4 17:00,11233.83,36.56,TRADE
NSW1,2008/7/4 17:30,11809.39,47.1,TRADE
NSW1,2008/7/4 18:00,12222.06,61.41,TRADE
NSW1,2008/7/4 18:30,12136.35,57.98,TRADE
NSW1,2008/7/4 19:00,11941.64,53.3,TRADE
NSW1,2008/7/4 19:30,11588.97,45.61,TRADE
NSW1,2008/7/4 20:00,11379.56,43.83,TRADE
NSW1,2008/7/4 20:30,11224.14,44.42,TRADE
NSW1,2008/7/4 21:00,11006.24,41.31,TRADE
NSW1,2008/7/4 21:30,10701.56,41.44,TRADE
NSW1,2008/7/4 22:00,10323.8,37.23,TRADE
NSW1,2008/7/4 22:30,10345.45,43.84,TRADE
NSW1,2008/7/4 23:00,10092.07,42.01,TRADE
NSW1,2008/7/4 23:30,9962.13,46.28,TRADE
NSW1,2008/7/5 0:00,9772.97,41.28,TRADE
NSW1,2008/7/5 0:30,9490.32,38.67,TRADE
NSW1,2008/7/5 1:00,9308.54,35.04,TRADE
NSW1,2008/7/5 1:30,8988.53,34.2,TRADE
NSW1,2008/7/5 2:00,8708.02,26.24,TRADE
NSW1,2008/7/5 2:30,8288.68,19.99,TRADE
NSW1,2008/7/5 3:00,7883.89,21.21,TRADE
NSW1,2008/7/5 3:30,7609.19,20.48,TRADE
NSW1,2008/7/5 4:00,7355.42,16.95,TRADE
NSW1,2008/7/5 4:30,7197.38,15.82,TRADE
NSW1,2008/7/5 5:00,7215.79,16.13,TRADE
NSW1,2008/7/5 5:30,7345.83,17.5,TRADE
NSW1,2008/7/5 6:00,7427.72,17.35,TRADE
NSW1,2008/7/5 6:30,7778.68,21.03,TRADE
NSW1,2008/7/5 7:00,8113.12,21.17,TRADE
NSW1,2008/7/5 7:30,8530,21.47,TRADE
NSW1,2008/7/5 8:00,9240.12,25.2,TRADE
NSW1,2008/7/5 8:30,9812.18,33.58,TRADE
NSW1,2008/7/5 9:00,10111.79,36.78,TRADE
NSW1,2008/7/5 9:30,10293.96,38.4,TRADE
NSW1,2008/7/5 10:00,10249.58,36.68,TRADE
NSW1,2008/7/5 10:30,10122.99,35.83,TRADE
NSW1,2008/7/5 11:00,9919.5,35.34,TRADE
NSW1,2008/7/5 11:30,9682.39,30.62,TRADE
NSW1,2008/7/5 12:00,9502.1,27.45,TRADE
NSW1,2008/7/5 12:30,9323.34,30.24,TRADE
NSW1,2008/7/5 13:00,9247.23,27.3,TRADE
NSW1,2008/7/5 13:30,9132.36,22.54,TRADE
NSW1,2008/7/5 14:00,9086.96,21.8,TRADE
NSW1,2008/7/5 14:30,8949.03,21.66,TRADE
NSW1,2008/7/5 15:00,8938.59,22.48,TRADE
NSW1,2008/7/5 15:30,9013.41,23.45,TRADE
NSW1,2008/7/5 16:00,9178.06,23.89,TRADE
NSW1,2008/7/5 16:30,9449.18,28.44,TRADE
NSW1,2008/7/5 17:00,9874.67,34.57,TRADE
NSW1,2008/7/5 17:30,10543.27,43.36,TRADE
NSW1,2008/7/5 18:00,11081.8,56.98,TRADE
NSW1,2008/7/5 18:30,11075.09,56.93,TRADE
NSW1,2008/7/5 19:00,10867.99,40.65,TRADE
NSW1,2008/7/5 19:30,10674.82,36.39,TRADE
NSW1,2008/7/5 20:00,10443.2,36.43,TRADE
NSW1,2008/7/5 20:30,10238.42,33.6,TRADE
NSW1,2008/7/5 21:00,10106.09,30.62,TRADE
NSW1,2008/7/5 21:30,9895.32,29.55,TRADE
NSW1,2008/7/5 22:00,9695.26,27,TRADE
NSW1,2008/7/5 22:30,9658.79,29.79,TRADE
NSW1,2008/7/5 23:00,9430.58,29.02,TRADE
NSW1,2008/7/5 23:30,9377.3,30.54,TRADE
NSW1,2008/7/6 0:00,9108.19,25.09,TRADE
NSW1,2008/7/6 0:30,8773.16,23.46,TRADE
NSW1,2008/7/6 1:00,8587.58,21.76,TRADE
NSW1,2008/7/6 1:30,8293.17,23.45,TRADE
NSW1,2008/7/6 2:00,8023.76,21.28,TRADE
NSW1,2008/7/6 2:30,7636.67,18.42,TRADE
NSW1,2008/7/6 3:00,7321.06,17.17,TRADE
NSW1,2008/7/6 3:30,7111.2,16.4,TRADE
NSW1,2008/7/6 4:00,6994.4,15.72,TRADE
NSW1,2008/7/6 4:30,6949.75,15.26,TRADE
NSW1,2008/7/6 5:00,6934.88,15.86,TRADE
NSW1,2008/7/6 5:30,6969.15,16.09,TRADE
NSW1,2008/7/6 6:00,7097.06,17.01,TRADE
NSW1,2008/7/6 6:30,7354.51,16.96,TRADE
NSW1,2008/7/6 7:00,7657.84,18,TRADE
NSW1,2008/7/6 7:30,7938.68,17.78,TRADE
NSW1,2008/7/6 8:00,8543.56,20.03,TRADE
NSW1,2008/7/6 8:30,8982.38,23.95,TRADE
NSW1,2008/7/6 9:00,9510.11,27.24,TRADE
NSW1,2008/7/6 9:30,9721.46,25.09,TRADE
NSW1,2008/7/6 10:00,9747.02,22.39,TRADE
NSW1,2008/7/6 10:30,9638.04,21.97,TRADE
NSW1,2008/7/6 11:00,9477.46,21.82,TRADE
NSW1,2008/7/6 11:30,9320.56,21.85,TRADE
NSW1,2008/7/6 12:00,9180.35,21.59,TRADE
NSW1,2008/7/6 12:30,9022.37,20.36,TRADE
NSW1,2008/7/6 13:00,8855.51,19.73,TRADE
NSW1,2008/7/6 13:30,8708.12,21.73,TRADE
NSW1,2008/7/6 14:00,8576.16,19.74,TRADE
NSW1,2008/7/6 14:30,8552.1,18.92,TRADE
NSW1,2008/7/6 15:00,8574.34,19.07,TRADE
NSW1,2008/7/6 15:30,8617.99,21.67,TRADE
NSW1,2008/7/6 16:00,8866.39,21.98,TRADE
NSW1,2008/7/6 16:30,9162.71,22.66,TRADE
NSW1,2008/7/6 17:00,9673.67,29.53,TRADE
NSW1,2008/7/6 17:30,10393.22,37.51,TRADE
NSW1,2008/7/6 18:00,11022.16,47.65,TRADE
NSW1,2008/7/6 18:30,11086.46,52.66,TRADE
NSW1,2008/7/6 19:00,10953.25,46.12,TRADE
NSW1,2008/7/6 19:30,10756.56,40.41,TRADE
NSW1,2008/7/6 20:00,10609.12,40.86,TRADE
NSW1,2008/7/6 20:30,10473.23,38.79,TRADE
NSW1,2008/7/6 21:00,10327.47,34.77,TRADE
NSW1,2008/7/6 21:30,9976.13,30.39,TRADE
NSW1,2008/7/6 22:00,9638.58,24.03,TRADE
NSW1,2008/7/6 22:30,9462.54,23.72,TRADE
NSW1,2008/7/6 23:00,9237.43,24.84,TRADE
NSW1,2008/7/6 23:30,9008.78,24.46,TRADE
NSW1,2008/7/7 0:00,8741.25,24.84,TRADE
NSW1,2008/7/7 0:30,8526.04,26.31,TRADE
NSW1,2008/7/7 1:00,8261.29,21.95,TRADE
NSW1,2008/7/7 1:30,8100.4,21.88,TRADE
NSW1,2008/7/7 2:00,7859.83,21.47,TRADE
NSW1,2008/7/7 2:30,7548.64,16.99,TRADE
NSW1,2008/7/7 3:00,7234.86,14.8,TRADE
NSW1,2008/7/7 3:30,7089.78,13.6,TRADE
NSW1,2008/7/7 4:00,7025.22,13.15,TRADE
NSW1,2008/7/7 4:30,7043.74,11.62,TRADE
NSW1,2008/7/7 5:00,7157.31,13.87,TRADE
NSW1,2008/7/7 5:30,7526.78,16.21,TRADE
NSW1,2008/7/7 6:00,8008.6,19.18,TRADE
NSW1,2008/7/7 6:30,8812.15,28.51,TRADE
NSW1,2008/7/7 7:00,9535.73,27,TRADE
NSW1,2008/7/7 7:30,9869.94,23,TRADE
NSW1,2008/7/7 8:00,10450.98,27.81,TRADE
NSW1,2008/7/7 8:30,10753.76,32.4,TRADE
NSW1,2008/7/7 9:00,10826.44,33.23,TRADE
NSW1,2008/7/7 9:30,10948.44,33.8,TRADE
NSW1,2008/7/7 10:00,10883.81,32.64,TRADE
NSW1,2008/7/7 10:30,10839.45,33.16,TRADE
NSW1,2008/7/7 11:00,10680.2,31.52,TRADE
NSW1,2008/7/7 11:30,10538.51,30.14,TRADE
NSW1,2008/7/7 12:00,10419.93,31.44,TRADE
NSW1,2008/7/7 12:30,10297.38,29.34,TRADE
NSW1,2008/7/7 13:00,10315.97,30,TRADE
NSW1,2008/7/7 13:30,10172.72,29.01,TRADE
NSW1,2008/7/7 14:00,10147.56,29.08,TRADE
NSW1,2008/7/7 14:30,10063.67,26.4,TRADE
NSW1,2008/7/7 15:00,10084.54,25.93,TRADE
NSW1,2008/7/7 15:30,9972.54,22.99,TRADE
NSW1,2008/7/7 16:00,10051.55,24.34,TRADE
NSW1,2008/7/7 16:30,10254.79,27.14,TRADE
NSW1,2008/7/7 17:00,10733.34,29.9,TRADE
NSW1,2008/7/7 17:30,11404.04,38.77,TRADE
NSW1,2008/7/7 18:00,11932.43,62.89,TRADE
NSW1,2008/7/7 18:30,11888.27,46.56,TRADE
NSW1,2008/7/7 19:00,11742.9,42.14,TRADE
NSW1,2008/7/7 19:30,11449.63,35.7,TRADE
NSW1,2008/7/7 20:00,11164.95,30.25,TRADE
NSW1,2008/7/7 20:30,10958.09,32.14,TRADE
NSW1,2008/7/7 21:00,10783.06,27.62,TRADE
NSW1,2008/7/7 21:30,10472.91,25.62,TRADE
NSW1,2008/7/7 22:00,10037.34,22.28,TRADE
NSW1,2008/7/7 22:30,10021.41,27.13,TRADE
NSW1,2008/7/7 23:00,9696.06,21.67,TRADE
NSW1,2008/7/7 23:30,9534.74,25.43,TRADE
NSW1,2008/7/8 0:00,9358.08,22.2,TRADE
NSW1,2008/7/8 0:30,9130.32,21.96,TRADE
NSW1,2008/7/8 1:00,8941.16,22,TRADE
NSW1,2008/7/8 1:30,8867.24,24.6,TRADE
NSW1,2008/7/8 2:00,8610.09,22.35,TRADE
NSW1,2008/7/8 2:30,8183.51,18.01,TRADE
NSW1,2008/7/8 3:00,7772.09,11.41,TRADE
NSW1,2008/7/8 3:30,7510.32,12.17,TRADE
NSW1,2008/7/8 4:00,7386.18,12.54,TRADE
NSW1,2008/7/8 4:30,7335.84,8.43,TRADE
NSW1,2008/7/8 5:00,7377.82,12.45,TRADE
NSW1,2008/7/8 5:30,7678.93,16.02,TRADE
NSW1,2008/7/8 6:00,8134.23,17.82,TRADE
NSW1,2008/7/8 6:30,8913.44,26.04,TRADE
NSW1,2008/7/8 7:00,9649.79,23.09,TRADE
NSW1,2008/7/8 7:30,9986.36,22.81,TRADE
NSW1,2008/7/8 8:00,10534.59,26.31,TRADE
NSW1,2008/7/8 8:30,10792.07,30.02,TRADE
NSW1,2008/7/8 9:00,10789.59,30.73,TRADE
NSW1,2008/7/8 9:30,10870.9,32.9,TRADE
NSW1,2008/7/8 10:00,10843.99,33.53,TRADE
NSW1,2008/7/8 10:30,10813.99,34.5,TRADE
NSW1,2008/7/8 11:00,10714.78,35.25,TRADE
NSW1,2008/7/8 11:30,10565.97,33.21,TRADE
NSW1,2008/7/8 12:00,10454.28,28.52,TRADE
NSW1,2008/7/8 12:30,10401.85,32.73,TRADE
NSW1,2008/7/8 13:00,10292.27,31.5,TRADE
NSW1,2008/7/8 13:30,10223.89,32.22,TRADE
NSW1,2008/7/8 14:00,10117.49,27.56,TRADE
NSW1,2008/7/8 14:30,10271.11,28.56,TRADE
NSW1,2008/7/8 15:00,10229.75,26.46,TRADE
NSW1,2008/7/8 15:30,10249.1,31.66,TRADE
NSW1,2008/7/8 16:00,10293.07,31.64,TRADE
NSW1,2008/7/8 16:30,10522.5,35.22,TRADE
NSW1,2008/7/8 17:00,10876.08,37.34,TRADE
NSW1,2008/7/8 17:30,11698.53,54.6,TRADE
NSW1,2008/7/8 18:00,12388.5,85,TRADE
NSW1,2008/7/8 18:30,12384.11,72.36,TRADE
NSW1,2008/7/8 19:00,12328.04,57.52,TRADE
NSW1,2008/7/8 19:30,12090.83,49.62,TRADE
NSW1,2008/7/8 20:00,11907.1,42.46,TRADE
NSW1,2008/7/8 20:30,11731.48,41.76,TRADE
NSW1,2008/7/8 21:00,11517.27,38.62,TRADE
NSW1,2008/7/8 21:30,11115.92,34.06,TRADE
NSW1,2008/7/8 22:00,10655.67,28.68,TRADE
NSW1,2008/7/8 22:30,10564.99,37.8,TRADE
NSW1,2008/7/8 23:00,10214.01,32.15,TRADE
NSW1,2008/7/8 23:30,9966.09,30.64,TRADE
NSW1,2008/7/9 0:00,9721.14,27.34,TRADE
NSW1,2008/7/9 0:30,9499.69,26.33,TRADE
NSW1,2008/7/9 1:00,9332.8,24.4,TRADE
NSW1,2008/7/9 1:30,9166.47,24.74,TRADE
NSW1,2008/7/9 2:00,8891.39,22.68,TRADE
NSW1,2008/7/9 2:30,8498.84,20.15,TRADE
NSW1,2008/7/9 3:00,8138.07,20.53,TRADE
NSW1,2008/7/9 3:30,7796.59,18.32,TRADE
NSW1,2008/7/9 4:00,7600.42,17.66,TRADE
NSW1,2008/7/9 4:30,7509.44,17.08,TRADE
NSW1,2008/7/9 5:00,7566.81,17.42,TRADE
NSW1,2008/7/9 5:30,7890.85,19.28,TRADE
NSW1,2008/7/9 6:00,8365.51,21.33,TRADE
NSW1,2008/7/9 6:30,9223.17,30.18,TRADE
NSW1,2008/7/9 7:00,9999.68,33.73,TRADE
NSW1,2008/7/9 7:30,10491.06,31.77,TRADE
NSW1,2008/7/9 8:00,11065.35,34.8,TRADE
NSW1,2008/7/9 8:30,11396.15,38.71,TRADE
NSW1,2008/7/9 9:00,11497.79,39.85,TRADE
NSW1,2008/7/9 9:30,11562.03,39.95,TRADE
NSW1,2008/7/9 10:00,11446.29,37.9,TRADE
NSW1,2008/7/9 10:30,11336.4,37.27,TRADE
NSW1,2008/7/9 11:00,11202.95,33.7,TRADE
NSW1,2008/7/9 11:30,10977.63,31.05,TRADE
NSW1,2008/7/9 12:00,10871.31,32.45,TRADE
NSW1,2008/7/9 12:30,10804.97,32.98,TRADE
NSW1,2008/7/9 13:00,10779.19,33.01,TRADE
NSW1,2008/7/9 13:30,10646.63,31.32,TRADE
NSW1,2008/7/9 14:00,10523.92,29.17,TRADE
NSW1,2008/7/9 14:30,10641.89,30.62,TRADE
NSW1,2008/7/9 15:00,10650.36,30.27,TRADE
NSW1,2008/7/9 15:30,10663.51,31.98,TRADE
NSW1,2008/7/9 16:00,10842.05,32.81,TRADE
NSW1,2008/7/9 16:30,11304.06,36.81,TRADE
NSW1,2008/7/9 17:00,11920.83,39.23,TRADE
NSW1,2008/7/9 17:30,12617.73,52.99,TRADE
NSW1,2008/7/9 18:00,13152.48,96.92,TRADE
NSW1,2008/7/9 18:30,13162.24,102.79,TRADE
NSW1,2008/7/9 19:00,12997.05,101.31,TRADE
NSW1,2008/7/9 19:30,12681.47,73.07,TRADE
NSW1,2008/7/9 20:00,12416.77,48.6,TRADE
NSW1,2008/7/9 20:30,12224.72,47.33,TRADE
NSW1,2008/7/9 21:00,11976.48,44.69,TRADE
NSW1,2008/7/9 21:30,11547.63,40.18,TRADE
NSW1,2008/7/9 22:00,10971.36,33.56,TRADE
NSW1,2008/7/9 22:30,10820.52,38.72,TRADE
NSW1,2008/7/9 23:00,10357.43,35.64,TRADE
NSW1,2008/7/9 23:30,10119.16,37.45,TRADE
NSW1,2008/7/10 0:00,9886.84,36.86,TRADE
NSW1,2008/7/10 0:30,9646.29,37.99,TRADE
NSW1,2008/7/10 1:00,9400.42,33.35,TRADE
NSW1,2008/7/10 1:30,9272.7,30.9,TRADE
NSW1,2008/7/10 2:00,8973.57,23.85,TRADE
NSW1,2008/7/10 2:30,8581.71,21.56,TRADE
NSW1,2008/7/10 3:00,8141.34,19.56,TRADE
NSW1,2008/7/10 3:30,7855.5,17.63,TRADE
NSW1,2008/7/10 4:00,7675.67,17.24,TRADE
NSW1,2008/7/10 4:30,7588.94,18.89,TRADE
NSW1,2008/7/10 5:00,7686.71,21.52,TRADE
NSW1,2008/7/10 5:30,7979.58,21.79,TRADE
NSW1,2008/7/10 6:00,8469.91,21.25,TRADE
NSW1,2008/7/10 6:30,9329.19,28.29,TRADE
NSW1,2008/7/10 7:00,10073.69,30.96,TRADE
NSW1,2008/7/10 7:30,10587.15,32.42,TRADE
NSW1,2008/7/10 8:00,11142.18,39.08,TRADE
NSW1,2008/7/10 8:30,11458.23,43.03,TRADE
NSW1,2008/7/10 9:00,11552.13,42.59,TRADE
NSW1,2008/7/10 9:30,11673.35,41.87,TRADE
NSW1,2008/7/10 10:00,11696.15,41.12,TRADE
NSW1,2008/7/10 10:30,11641.22,41.27,TRADE
NSW1,2008/7/10 11:00,11542.92,39.96,TRADE
NSW1,2008/7/10 11:30,11332.51,34.33,TRADE
NSW1,2008/7/10 12:00,11186.84,35.79,TRADE
NSW1,2008/7/10 12:30,11031.55,35.37,TRADE
NSW1,2008/7/10 13:00,10895.21,34.02,TRADE
NSW1,2008/7/10 13:30,10810.34,34.59,TRADE
NSW1,2008/7/10 14:00,10699.29,34.19,TRADE
NSW1,2008/7/10 14:30,10624.35,34.38,TRADE
NSW1,2008/7/10 15:00,10529.96,33.3,TRADE
NSW1,2008/7/10 15:30,10470.28,31.9,TRADE
NSW1,2008/7/10 16:00,10592.65,33.34,TRADE
NSW1,2008/7/10 16:30,10848.73,36.48,TRADE
NSW1,2008/7/10 17:00,11333.43,35.86,TRADE
NSW1,2008/7/10 17:30,12112.24,49.85,TRADE
NSW1,2008/7/10 18:00,12871.79,89.77,TRADE
NSW1,2008/7/10 18:30,12938.78,94.63,TRADE
NSW1,2008/7/10 19:00,12830.76,95.79,TRADE
NSW1,2008/7/10 19:30,12599.72,67.15,TRADE
NSW1,2008/7/10 20:00,12411.75,61.34,TRADE
NSW1,2008/7/10 20:30,12210.25,57.92,TRADE
NSW1,2008/7/10 21:00,11964.18,46.11,TRADE
NSW1,2008/7/10 21:30,11521.49,42.6,TRADE
NSW1,2008/7/10 22:00,11021.04,38.2,TRADE
NSW1,2008/7/10 22:30,10958.82,43.59,TRADE
NSW1,2008/7/10 23:00,10564.59,35.48,TRADE
NSW1,2008/7/10 23:30,10287.8,39.46,TRADE
NSW1,2008/7/11 0:00,9964.35,36.7,TRADE
NSW1,2008/7/11 0:30,9691.53,34.3,TRADE
NSW1,2008/7/11 1:00,9519.97,30.06,TRADE
NSW1,2008/7/11 1:30,9286.26,30.73,TRADE
NSW1,2008/7/11 2:00,9014.64,25.67,TRADE
NSW1,2008/7/11 2:30,8591.93,22.82,TRADE
NSW1,2008/7/11 3:00,8210.87,22.15,TRADE
NSW1,2008/7/11 3:30,7897.88,21.66,TRADE
NSW1,2008/7/11 4:00,7744.93,21.77,TRADE
NSW1,2008/7/11 4:30,7639.59,21.02,TRADE
NSW1,2008/7/11 5:00,7721.57,21.65,TRADE
NSW1,2008/7/11 5:30,8016.69,21.92,TRADE
NSW1,2008/7/11 6:00,8506.6,23.8,TRADE
NSW1,2008/7/11 6:30,9354.98,28.15,TRADE
NSW1,2008/7/11 7:00,10112.76,32.82,TRADE
NSW1,2008/7/11 7:30,10549.61,31.57,TRADE
NSW1,2008/7/11 8:00,11134.88,38.18,TRADE
NSW1,2008/7/11 8:30,11481.92,42.39,TRADE
NSW1,2008/7/11 9:00,11525.01,42.17,TRADE
NSW1,2008/7/11 9:30,11549.12,41.69,TRADE
NSW1,2008/7/11 10:00,11435.01,40.86,TRADE
NSW1,2008/7/11 10:30,11297.5,38.88,TRADE
NSW1,2008/7/11 11:00,11123.04,35.18,TRADE
NSW1,2008/7/11 11:30,10889.63,32.62,TRADE
NSW1,2008/7/11 12:00,10763.89,32.42,TRADE
NSW1,2008/7/11 12:30,10595.81,33.53,TRADE
NSW1,2008/7/11 13:00,10472.53,33.47,TRADE
NSW1,2008/7/11 13:30,10383.12,34.17,TRADE
NSW1,2008/7/11 14:00,10295.74,32.58,TRADE
NSW1,2008/7/11 14:30,10146.98,31.08,TRADE
NSW1,2008/7/11 15:00,10116.81,30.56,TRADE
NSW1,2008/7/11 15:30,10135.86,28.47,TRADE
NSW1,2008/7/11 16:00,10189.86,28.52,TRADE
NSW1,2008/7/11 16:30,10480.58,30.84,TRADE
NSW1,2008/7/11 17:00,10976.29,32.65,TRADE
NSW1,2008/7/11 17:30,11693.64,37.78,TRADE
NSW1,2008/7/11 18:00,12426.59,57.65,TRADE
NSW1,2008/7/11 18:30,12440.72,66.11,TRADE
NSW1,2008/7/11 19:00,12354.02,45.74,TRADE
NSW1,2008/7/11 19:30,12107.16,43.46,TRADE
NSW1,2008/7/11 20:00,11903.9,39.71,TRADE
NSW1,2008/7/11 20:30,11792.19,43.08,TRADE
NSW1,2008/7/11 21:00,11613.74,41.52,TRADE
NSW1,2008/7/11 21:30,11361.02,39.94,TRADE
NSW1,2008/7/11 22:00,10954.45,37.77,TRADE
NSW1,2008/7/11 22:30,10941.96,44.68,TRADE
NSW1,2008/7/11 23:00,10652.5,39.37,TRADE
NSW1,2008/7/11 23:30,10482.03,40.77,TRADE
NSW1,2008/7/12 0:00,10242.02,38.31,TRADE
NSW1,2008/7/12 0:30,9929.9,37.84,TRADE
NSW1,2008/7/12 1:00,9663.31,36.67,TRADE
NSW1,2008/7/12 1:30,9453.6,37.82,TRADE
NSW1,2008/7/12 2:00,9100.48,34.88,TRADE
NSW1,2008/7/12 2:30,8660.97,28.36,TRADE
NSW1,2008/7/12 3:00,8263.4,21.95,TRADE
NSW1,2008/7/12 3:30,7951.19,18.55,TRADE
NSW1,2008/7/12 4:00,7693.04,18.08,TRADE
NSW1,2008/7/12 4:30,7584.91,17.83,TRADE
NSW1,2008/7/12 5:00,7528.54,16.48,TRADE
NSW1,2008/7/12 5:30,7636.86,18,TRADE
NSW1,2008/7/12 6:00,7831.69,20.23,TRADE
NSW1,2008/7/12 6:30,8148.27,22.63,TRADE
NSW1,2008/7/12 7:00,8581.19,23.57,TRADE
NSW1,2008/7/12 7:30,8928.15,21.19,TRADE
NSW1,2008/7/12 8:00,9700,26.69,TRADE
NSW1,2008/7/12 8:30,10398.09,32.23,TRADE
NSW1,2008/7/12 9:00,10829.96,42.66,TRADE
NSW1,2008/7/12 9:30,11169.56,48.25,TRADE
NSW1,2008/7/12 10:00,11054.62,45.35,TRADE
NSW1,2008/7/12 10:30,10924.2,44.72,TRADE
NSW1,2008/7/12 11:00,10614.37,37.98,TRADE
NSW1,2008/7/12 11:30,10230.01,31.15,TRADE
NSW1,2008/7/12 12:00,9929.7,25.91,TRADE
NSW1,2008/7/12 12:30,9711.63,22.71,TRADE
NSW1,2008/7/12 13:00,9468.71,22.06,TRADE
NSW1,2008/7/12 13:30,9318.3,21.98,TRADE
NSW1,2008/7/12 14:00,9147.62,21.98,TRADE
NSW1,2008/7/12 14:30,9104.55,22.34,TRADE
NSW1,2008/7/12 15:00,9111.2,21.7,TRADE
NSW1,2008/7/12 15:30,9212.52,22,TRADE
NSW1,2008/7/12 16:00,9451.8,23.38,TRADE
NSW1,2008/7/12 16:30,9866.34,26.73,TRADE
NSW1,2008/7/12 17:00,10458.77,36.95,TRADE
NSW1,2008/7/12 17:30,11164.58,43.77,TRADE
NSW1,2008/7/12 18:00,11802.24,58.54,TRADE
NSW1,2008/7/12 18:30,11759.66,60.33,TRADE
NSW1,2008/7/12 19:00,11608.05,46.8,TRADE
NSW1,2008/7/12 19:30,11304.08,43.19,TRADE
NSW1,2008/7/12 20:00,11110.42,42.65,TRADE
NSW1,2008/7/12 20:30,10929.2,39.82,TRADE
NSW1,2008/7/12 21:00,10720.5,34.76,TRADE
NSW1,2008/7/12 21:30,10459.36,29.73,TRADE
NSW1,2008/7/12 22:00,10160.47,23.8,TRADE
NSW1,2008/7/12 22:30,10094.65,27.13,TRADE
NSW1,2008/7/12 23:00,9899.14,25.66,TRADE
NSW1,2008/7/12 23:30,9662.97,29.35,TRADE
NSW1,2008/7/13 0:00,9398.43,29.95,TRADE
NSW1,2008/7/13 0:30,9002.69,23.03,TRADE
NSW1,2008/7/13 1:00,8761.55,22.29,TRADE
NSW1,2008/7/13 1:30,8529.99,24.67,TRADE
NSW1,2008/7/13 2:00,8206.34,22.29,TRADE
NSW1,2008/7/13 2:30,7875.85,21.15,TRADE
NSW1,2008/7/13 3:00,7562.38,18.32,TRADE
NSW1,2008/7/13 3:30,7338.55,16.11,TRADE
NSW1,2008/7/13 4:00,7139.1,11.69,TRADE
NSW1,2008/7/13 4:30,7099.76,11.37,TRADE
NSW1,2008/7/13 5:00,7032.64,6.91,TRADE
NSW1,2008/7/13 5:30,7149.66,10.61,TRADE
NSW1,2008/7/13 6:00,7248.43,11.58,TRADE
NSW1,2008/7/13 6:30,7481.51,12.94,TRADE
NSW1,2008/7/13 7:00,7742.82,15.17,TRADE
NSW1,2008/7/13 7:30,8026.76,15.63,TRADE
NSW1,2008/7/13 8:00,8558.56,18.14,TRADE
NSW1,2008/7/13 8:30,9166.91,22.28,TRADE
NSW1,2008/7/13 9:00,9757.77,25.57,TRADE
NSW1,2008/7/13 9:30,10117.8,26.26,TRADE
NSW1,2008/7/13 10:00,10239.48,28.9,TRADE
NSW1,2008/7/13 10:30,10247.71,29.83,TRADE
NSW1,2008/7/13 11:00,10071.26,28.99,TRADE
NSW1,2008/7/13 11:30,9937.22,26.51,TRADE
NSW1,2008/7/13 12:00,9826.46,26.26,TRADE
NSW1,2008/7/13 12:30,9793.56,26.54,TRADE
NSW1,2008/7/13 13:00,9572.27,24.38,TRADE
NSW1,2008/7/13 13:30,9493.93,24.83,TRADE
NSW1,2008/7/13 14:00,9269.08,22,TRADE
NSW1,2008/7/13 14:30,9248.49,22.02,TRADE
NSW1,2008/7/13 15:00,9126.06,22.33,TRADE
NSW1,2008/7/13 15:30,9256.83,22.09,TRADE
NSW1,2008/7/13 16:00,9385.42,24.36,TRADE
NSW1,2008/7/13 16:30,9617.1,23.9,TRADE
NSW1,2008/7/13 17:00,10126.02,26.15,TRADE
NSW1,2008/7/13 17:30,10647.54,30.26,TRADE
NSW1,2008/7/13 18:00,11316.3,39.35,TRADE
NSW1,2008/7/13 18:30,11469.64,39.75,TRADE
NSW1,2008/7/13 19:00,11385.14,34.17,TRADE
NSW1,2008/7/13 19:30,11125.79,30.28,TRADE
NSW1,2008/7/13 20:00,10978.36,29.83,TRADE
NSW1,2008/7/13 20:30,10848.01,29.75,TRADE
NSW1,2008/7/13 21:00,10669.09,28.25,TRADE
NSW1,2008/7/13 21:30,10365.45,28.24,TRADE
NSW1,2008/7/13 22:00,9933.9,22.97,TRADE
NSW1,2008/7/13 22:30,9707.01,28.2,TRADE
NSW1,2008/7/13 23:00,9397.56,24.82,TRADE
NSW1,2008/7/13 23:30,9141.86,24.9,TRADE
NSW1,2008/7/14 0:00,8844.59,22.57,TRADE
NSW1,2008/7/14 0:30,8499.74,21.66,TRADE
NSW1,2008/7/14 1:00,8281.62,21.62,TRADE
NSW1,2008/7/14 1:30,8090.73,21.09,TRADE
NSW1,2008/7/14 2:00,7944.17,21.3,TRADE
NSW1,2008/7/14 2:30,7596.48,17.72,TRADE
NSW1,2008/7/14 3:00,7342.4,16.3,TRADE
NSW1,2008/7/14 3:30,7196,13,TRADE
NSW1,2008/7/14 4:00,7151.79,10.75,TRADE
NSW1,2008/7/14 4:30,7143.82,10.37,TRADE
NSW1,2008/7/14 5:00,7231.31,12.09,TRADE
NSW1,2008/7/14 5:30,7524.28,16.92,TRADE
NSW1,2008/7/14 6:00,8000.86,19.63,TRADE
NSW1,2008/7/14 6:30,8772.76,22.16,TRADE
NSW1,2008/7/14 7:00,9515.34,23.83,TRADE
NSW1,2008/7/14 7:30,10005.04,23.04,TRADE
NSW1,2008/7/14 8:00,10633.2,27.52,TRADE
NSW1,2008/7/14 8:30,10954.84,32.76,TRADE
NSW1,2008/7/14 9:00,11124.23,33.12,TRADE
NSW1,2008/7/14 9:30,11260.95,34.73,TRADE
NSW1,2008/7/14 10:00,11267.08,34.14,TRADE
NSW1,2008/7/14 10:30,11218.48,35.54,TRADE
NSW1,2008/7/14 11:00,11048.58,33.44,TRADE
NSW1,2008/7/14 11:30,10687.39,26.89,TRADE
NSW1,2008/7/14 12:00,10470.84,27.5,TRADE
NSW1,2008/7/14 12:30,10301.33,26.89,TRADE
NSW1,2008/7/14 13:00,10181.59,25.82,TRADE
NSW1,2008/7/14 13:30,10077.36,24.71,TRADE
NSW1,2008/7/14 14:00,9912.43,21.9,TRADE
NSW1,2008/7/14 14:30,9757.45,21.98,TRADE
NSW1,2008/7/14 15:00,9640.56,21.9,TRADE
NSW1,2008/7/14 15:30,9671.04,22,TRADE
NSW1,2008/7/14 16:00,9695.16,21.98,TRADE
NSW1,2008/7/14 16:30,9785.31,22.92,TRADE
NSW1,2008/7/14 17:00,10211.35,23.93,TRADE
NSW1,2008/7/14 17:30,10838.86,28.04,TRADE
NSW1,2008/7/14 18:00,11567.94,43.05,TRADE
NSW1,2008/7/14 18:30,11590.14,41.09,TRADE
NSW1,2008/7/14 19:00,11505.5,37.42,TRADE
NSW1,2008/7/14 19:30,11161.05,28.92,TRADE
NSW1,2008/7/14 20:00,10961.59,25.67,TRADE
NSW1,2008/7/14 20:30,10834.16,26.73,TRADE
NSW1,2008/7/14 21:00,10644.09,25.4,TRADE
NSW1,2008/7/14 21:30,10422.87,24.83,TRADE
NSW1,2008/7/14 22:00,10065.84,22.8,TRADE
NSW1,2008/7/14 22:30,10069.44,24.45,TRADE
NSW1,2008/7/14 23:00,9754.94,24.98,TRADE
NSW1,2008/7/14 23:30,9594.06,30.86,TRADE
NSW1,2008/7/15 0:00,9404.91,25.62,TRADE
NSW1,2008/7/15 0:30,9203.35,22.56,TRADE
NSW1,2008/7/15 1:00,9009.51,22.14,TRADE
NSW1,2008/7/15 1:30,8899.97,23.21,TRADE
NSW1,2008/7/15 2:00,8589.02,22.27,TRADE
NSW1,2008/7/15 2:30,8202.55,21.78,TRADE
NSW1,2008/7/15 3:00,7875.13,18.87,TRADE
NSW1,2008/7/15 3:30,7582.53,18,TRADE
NSW1,2008/7/15 4:00,7390.91,13.45,TRADE
NSW1,2008/7/15 4:30,7271.36,11.8,TRADE
NSW1,2008/7/15 5:00,7350.63,16.13,TRADE
NSW1,2008/7/15 5:30,7670.81,18.02,TRADE
NSW1,2008/7/15 6:00,8183.75,23.02,TRADE
NSW1,2008/7/15 6:30,9051.51,27.94,TRADE
NSW1,2008/7/15 7:00,9729.45,22.75,TRADE
NSW1,2008/7/15 7:30,10072.44,22.53,TRADE
NSW1,2008/7/15 8:00,10608.38,29.9,TRADE
NSW1,2008/7/15 8:30,10801.8,26.71,TRADE
NSW1,2008/7/15 9:00,10866.32,28.09,TRADE
NSW1,2008/7/15 9:30,10908.94,31.82,TRADE
NSW1,2008/7/15 10:00,10764.77,27.66,TRADE
NSW1,2008/7/15 10:30,10677.98,28.97,TRADE
NSW1,2008/7/15 11:00,10490.31,25.4,TRADE
NSW1,2008/7/15 11:30,10348.91,23.94,TRADE
NSW1,2008/7/15 12:00,10233.51,25.42,TRADE
NSW1,2008/7/15 12:30,10130.52,25.51,TRADE
NSW1,2008/7/15 13:00,10020.52,24.04,TRADE
NSW1,2008/7/15 13:30,9918.91,23.45,TRADE
NSW1,2008/7/15 14:00,9834.57,22.79,TRADE
NSW1,2008/7/15 14:30,9798.09,23.62,TRADE
NSW1,2008/7/15 15:00,9739.84,21.92,TRADE
NSW1,2008/7/15 15:30,9688.4,21.98,TRADE
NSW1,2008/7/15 16:00,9780.82,22.49,TRADE
NSW1,2008/7/15 16:30,9901.23,23.99,TRADE
NSW1,2008/7/15 17:00,10296.08,25.4,TRADE
NSW1,2008/7/15 17:30,10962.91,30.62,TRADE
NSW1,2008/7/15 18:00,11717.05,39.44,TRADE
NSW1,2008/7/15 18:30,11740.91,38.92,TRADE
NSW1,2008/7/15 19:00,11570.81,37.25,TRADE
NSW1,2008/7/15 19:30,11371.87,30,TRADE
NSW1,2008/7/15 20:00,11205.28,26.49,TRADE
NSW1,2008/7/15 20:30,11065.13,28.72,TRADE
NSW1,2008/7/15 21:00,10892.87,25.79,TRADE
NSW1,2008/7/15 21:30,10588.73,24.18,TRADE
NSW1,2008/7/15 22:00,10180.7,23.15,TRADE
NSW1,2008/7/15 22:30,10167.09,24.72,TRADE
NSW1,2008/7/15 23:00,9830.05,23,TRADE
NSW1,2008/7/15 23:30,9716.61,31.89,TRADE
NSW1,2008/7/16 0:00,9550.37,28.74,TRADE
NSW1,2008/7/16 0:30,9322.9,27.58,TRADE
NSW1,2008/7/16 1:00,9160,22.79,TRADE
NSW1,2008/7/16 1:30,9043,27.99,TRADE
NSW1,2008/7/16 2:00,8766.18,23.65,TRADE
NSW1,2008/7/16 2:30,8289.48,21.93,TRADE
NSW1,2008/7/16 3:00,8000.36,21.73,TRADE
NSW1,2008/7/16 3:30,7708.27,18.38,TRADE
NSW1,2008/7/16 4:00,7529.89,18,TRADE
NSW1,2008/7/16 4:30,7480.92,18,TRADE
NSW1,2008/7/16 5:00,7512.39,17.35,TRADE
NSW1,2008/7/16 5:30,7857.15,18.79,TRADE
NSW1,2008/7/16 6:00,8269.54,20.74,TRADE
NSW1,2008/7/16 6:30,9058.28,25.09,TRADE
NSW1,2008/7/16 7:00,9811.91,29.2,TRADE
NSW1,2008/7/16 7:30,10176.89,28.27,TRADE
NSW1,2008/7/16 8:00,10689.05,38.14,TRADE
NSW1,2008/7/16 8:30,10933.81,39.41,TRADE
NSW1,2008/7/16 9:00,10956.18,39.55,TRADE
NSW1,2008/7/16 9:30,10937.41,39.28,TRADE
NSW1,2008/7/16 10:00,10835.3,37.04,TRADE
NSW1,2008/7/16 10:30,10657.02,31.44,TRADE
NSW1,2008/7/16 11:00,10544.92,26.47,TRADE
NSW1,2008/7/16 11:30,10301.92,25.4,TRADE
NSW1,2008/7/16 12:00,10217.96,25.67,TRADE
NSW1,2008/7/16 12:30,10139.01,23.75,TRADE
NSW1,2008/7/16 13:00,10024.39,21.88,TRADE
NSW1,2008/7/16 13:30,9841.44,22.24,TRADE
NSW1,2008/7/16 14:00,9716.6,21.98,TRADE
NSW1,2008/7/16 14:30,9915.29,23.98,TRADE
NSW1,2008/7/16 15:00,9709.98,23.11,TRADE
NSW1,2008/7/16 15:30,9702.99,22.57,TRADE
NSW1,2008/7/16 16:00,9732.64,23.7,TRADE
NSW1,2008/7/16 16:30,9934.22,24.72,TRADE
NSW1,2008/7/16 17:00,10388.13,26.53,TRADE
NSW1,2008/7/16 17:30,11034.5,38.88,TRADE
NSW1,2008/7/16 18:00,11785.52,71.58,TRADE
NSW1,2008/7/16 18:30,11926.69,78.09,TRADE
NSW1,2008/7/16 19:00,11869.5,57.34,TRADE
NSW1,2008/7/16 19:30,11628.3,41.6,TRADE
NSW1,2008/7/16 20:00,11418.69,39.44,TRADE
NSW1,2008/7/16 20:30,11284.15,36.54,TRADE
NSW1,2008/7/16 21:00,11055.39,28.13,TRADE
NSW1,2008/7/16 21:30,10819.32,26.83,TRADE
NSW1,2008/7/16 22:00,10449.72,25.4,TRADE
NSW1,2008/7/16 22:30,10435.64,31.61,TRADE
NSW1,2008/7/16 23:00,10134.04,29.27,TRADE
NSW1,2008/7/16 23:30,9936.83,33.34,TRADE
NSW1,2008/7/17 0:00,9717.99,29.79,TRADE
NSW1,2008/7/17 0:30,9496.25,27.11,TRADE
NSW1,2008/7/17 1:00,9251.1,23.43,TRADE
NSW1,2008/7/17 1:30,9092.9,24.72,TRADE
NSW1,2008/7/17 2:00,8878.2,22.27,TRADE
NSW1,2008/7/17 2:30,8442.11,21.55,TRADE
NSW1,2008/7/17 3:00,8097.58,20.77,TRADE
NSW1,2008/7/17 3:30,7730.97,18,TRADE
NSW1,2008/7/17 4:00,7553.54,18,TRADE
NSW1,2008/7/17 4:30,7498.77,17.17,TRADE
NSW1,2008/7/17 5:00,7539.8,17.17,TRADE
NSW1,2008/7/17 5:30,7906.24,18.39,TRADE
NSW1,2008/7/17 6:00,8364.5,22.43,TRADE
NSW1,2008/7/17 6:30,9193.96,24.92,TRADE
NSW1,2008/7/17 7:00,9931.7,24.98,TRADE
NSW1,2008/7/17 7:30,10372.96,25.59,TRADE
NSW1,2008/7/17 8:00,10804.5,33.24,TRADE
NSW1,2008/7/17 8:30,11118.92,34.57,TRADE
NSW1,2008/7/17 9:00,11090.55,32,TRADE
NSW1,2008/7/17 9:30,11090.58,32.94,TRADE
NSW1,2008/7/17 10:00,11096.65,32.17,TRADE
NSW1,2008/7/17 10:30,10952.09,35.05,TRADE
NSW1,2008/7/17 11:00,10784.77,30.32,TRADE
NSW1,2008/7/17 11:30,10567.37,25.4,TRADE
NSW1,2008/7/17 12:00,10399.18,30.28,TRADE
NSW1,2008/7/17 12:30,10273.28,27.96,TRADE
NSW1,2008/7/17 13:00,10136.39,26.72,TRADE
NSW1,2008/7/17 13:30,10056.73,27.14,TRADE
NSW1,2008/7/17 14:00,9954.6,27.32,TRADE
NSW1,2008/7/17 14:30,9908.05,27.89,TRADE
NSW1,2008/7/17 15:00,9774.55,26.67,TRADE
NSW1,2008/7/17 15:30,9815.63,26.84,TRADE
NSW1,2008/7/17 16:00,9884.13,27,TRADE
NSW1,2008/7/17 16:30,10084.48,27.22,TRADE
NSW1,2008/7/17 17:00,10508.51,26.24,TRADE
NSW1,2008/7/17 17:30,11144.02,34.78,TRADE
NSW1,2008/7/17 18:00,12022.32,60.51,TRADE
NSW1,2008/7/17 18:30,12210.44,81.84,TRADE
NSW1,2008/7/17 19:00,12122.92,66.9,TRADE
NSW1,2008/7/17 19:30,11937.9,45.68,TRADE
NSW1,2008/7/17 20:00,11763.64,40.91,TRADE
NSW1,2008/7/17 20:30,11654.56,40.82,TRADE
NSW1,2008/7/17 21:00,11455.67,38.93,TRADE
NSW1,2008/7/17 21:30,11113.14,35.52,TRADE
NSW1,2008/7/17 22:00,10656.94,26.97,TRADE
NSW1,2008/7/17 22:30,10648.3,38.28,TRADE
NSW1,2008/7/17 23:00,10306.9,32.28,TRADE
NSW1,2008/7/17 23:30,10125.14,38.6,TRADE
NSW1,2008/7/18 0:00,9836.74,34.28,TRADE
NSW1,2008/7/18 0:30,9560.85,32.81,TRADE
NSW1,2008/7/18 1:00,9359.56,32.56,TRADE
NSW1,2008/7/18 1:30,9148.39,37.53,TRADE
NSW1,2008/7/18 2:00,8892.41,34.17,TRADE
NSW1,2008/7/18 2:30,8449.17,21.82,TRADE
NSW1,2008/7/18 3:00,8055.08,21.45,TRADE
NSW1,2008/7/18 3:30,7768.74,21.01,TRADE
NSW1,2008/7/18 4:00,7610.08,19.63,TRADE
NSW1,2008/7/18 4:30,7520.61,18.12,TRADE
NSW1,2008/7/18 5:00,7558.98,18,TRADE
NSW1,2008/7/18 5:30,7858.48,21.64,TRADE
NSW1,2008/7/18 6:00,8371.12,23.21,TRADE
NSW1,2008/7/18 6:30,9154.74,28.58,TRADE
NSW1,2008/7/18 7:00,9902.92,28.71,TRADE
NSW1,2008/7/18 7:30,10292.78,27.07,TRADE
NSW1,2008/7/18 8:00,10818.49,38.88,TRADE
NSW1,2008/7/18 8:30,11059.77,40.54,TRADE
NSW1,2008/7/18 9:00,11082.62,40.08,TRADE
NSW1,2008/7/18 9:30,11133.15,41.06,TRADE
NSW1,2008/7/18 10:00,10954.98,40.79,TRADE
NSW1,2008/7/18 10:30,10849.18,40.75,TRADE
NSW1,2008/7/18 11:00,10645.33,40.34,TRADE
NSW1,2008/7/18 11:30,10474.53,38.04,TRADE
NSW1,2008/7/18 12:00,10288.89,45.32,TRADE
NSW1,2008/7/18 12:30,10223.21,35.87,TRADE
NSW1,2008/7/18 13:00,10167.46,34.94,TRADE
NSW1,2008/7/18 13:30,10139.04,35.39,TRADE
NSW1,2008/7/18 14:00,10059.47,33.04,TRADE
NSW1,2008/7/18 14:30,9955.09,28.94,TRADE
NSW1,2008/7/18 15:00,9928.69,27.97,TRADE
NSW1,2008/7/18 15:30,9911.64,24.66,TRADE
NSW1,2008/7/18 16:00,10000.76,24.38,TRADE
NSW1,2008/7/18 16:30,10169.29,27.37,TRADE
NSW1,2008/7/18 17:00,10584.51,27.07,TRADE
NSW1,2008/7/18 17:30,11162.76,38.37,TRADE
NSW1,2008/7/18 18:00,11822.1,48.11,TRADE
NSW1,2008/7/18 18:30,11909.66,65.85,TRADE
NSW1,2008/7/18 19:00,11766.94,47.71,TRADE
NSW1,2008/7/18 19:30,11439.13,40.06,TRADE
NSW1,2008/7/18 20:00,11364.61,38.94,TRADE
NSW1,2008/7/18 20:30,11247.08,37.54,TRADE
NSW1,2008/7/18 21:00,11063.32,32.71,TRADE
NSW1,2008/7/18 21:30,10735.05,28.42,TRADE
NSW1,2008/7/18 22:00,10363.02,23.21,TRADE
NSW1,2008/7/18 22:30,10489.57,30.1,TRADE
NSW1,2008/7/18 23:00,10268.85,30.82,TRADE
NSW1,2008/7/18 23:30,10134.14,37.63,TRADE
NSW1,2008/7/19 0:00,9929.53,32.07,TRADE
NSW1,2008/7/19 0:30,9608.22,33.09,TRADE
NSW1,2008/7/19 1:00,9422.91,32.61,TRADE
NSW1,2008/7/19 1:30,9236.17,41.8,TRADE
NSW1,2008/7/19 2:00,8908.28,33.36,TRADE
NSW1,2008/7/19 2:30,8451.41,20.63,TRADE
NSW1,2008/7/19 3:00,8008.82,21.56,TRADE
NSW1,2008/7/19 3:30,7752.38,20.92,TRADE
NSW1,2008/7/19 4:00,7559.72,18.66,TRADE
NSW1,2008/7/19 4:30,7435.23,18,TRADE
NSW1,2008/7/19 5:00,7413.14,16.45,TRADE
NSW1,2008/7/19 5:30,7509.25,16.72,TRADE
NSW1,2008/7/19 6:00,7699.25,16.99,TRADE
NSW1,2008/7/19 6:30,8032.84,18.65,TRADE
NSW1,2008/7/19 7:00,8405.43,21.01,TRADE
NSW1,2008/7/19 7:30,8842.65,22.05,TRADE
NSW1,2008/7/19 8:00,9595.62,23.44,TRADE
NSW1,2008/7/19 8:30,10155.47,30.29,TRADE
NSW1,2008/7/19 9:00,10432.48,37.14,TRADE
NSW1,2008/7/19 9:30,10612.76,40.85,TRADE
NSW1,2008/7/19 10:00,10502.1,37.49,TRADE
NSW1,2008/7/19 10:30,10358.83,33.51,TRADE
NSW1,2008/7/19 11:00,10069.28,27.55,TRADE
NSW1,2008/7/19 11:30,9767.33,22.22,TRADE
NSW1,2008/7/19 12:00,9584.8,21.83,TRADE
NSW1,2008/7/19 12:30,9363.31,22.22,TRADE
NSW1,2008/7/19 13:00,9229.13,21.95,TRADE
NSW1,2008/7/19 13:30,9016.08,21.36,TRADE
NSW1,2008/7/19 14:00,8941.36,21.66,TRADE
NSW1,2008/7/19 14:30,8817.93,20.3,TRADE
NSW1,2008/7/19 15:00,8788.9,20.8,TRADE
NSW1,2008/7/19 15:30,8813.43,21.37,TRADE
NSW1,2008/7/19 16:00,8993.89,22.18,TRADE
NSW1,2008/7/19 16:30,9359.09,24.41,TRADE
NSW1,2008/7/19 17:00,9901.8,30.27,TRADE
NSW1,2008/7/19 17:30,10571.01,41.39,TRADE
NSW1,2008/7/19 18:00,11322.64,51.68,TRADE
NSW1,2008/7/19 18:30,11401.58,56.67,TRADE
NSW1,2008/7/19 19:00,11202.96,45.57,TRADE
NSW1,2008/7/19 19:30,10948.26,39.72,TRADE
NSW1,2008/7/19 20:00,10743.47,40.77,TRADE
NSW1,2008/7/19 20:30,10563.34,37.73,TRADE
NSW1,2008/7/19 21:00,10410.71,38.92,TRADE
NSW1,2008/7/19 21:30,10245.05,34.3,TRADE
NSW1,2008/7/19 22:00,9980.68,24.35,TRADE
NSW1,2008/7/19 22:30,9931.35,38.83,TRADE
NSW1,2008/7/19 23:00,9693.96,33.22,TRADE
NSW1,2008/7/19 23:30,9610.94,37.69,TRADE
NSW1,2008/7/20 0:00,9288.22,30.54,TRADE
NSW1,2008/7/20 0:30,9011.97,23.43,TRADE
NSW1,2008/7/20 1:00,8713.42,22.11,TRADE
NSW1,2008/7/20 1:30,8515.91,21.77,TRADE
NSW1,2008/7/20 2:00,8203.81,21.25,TRADE
NSW1,2008/7/20 2:30,7870.45,25.6,TRADE
NSW1,2008/7/20 3:00,7564.34,19.21,TRADE
NSW1,2008/7/20 3:30,7303.61,18.18,TRADE
NSW1,2008/7/20 4:00,7209.79,18,TRADE
NSW1,2008/7/20 4:30,7157.8,17.89,TRADE
NSW1,2008/7/20 5:00,7118.89,15.99,TRADE
NSW1,2008/7/20 5:30,7164.3,16.94,TRADE
NSW1,2008/7/20 6:00,7314.96,16.66,TRADE
NSW1,2008/7/20 6:30,7535.56,16.5,TRADE
NSW1,2008/7/20 7:00,7828.93,16.99,TRADE
NSW1,2008/7/20 7:30,8035.17,16.41,TRADE
NSW1,2008/7/20 8:00,8611.06,18,TRADE
NSW1,2008/7/20 8:30,9228.98,21.6,TRADE
NSW1,2008/7/20 9:00,9649.94,23.51,TRADE
NSW1,2008/7/20 9:30,9968.45,28.13,TRADE
NSW1,2008/7/20 10:00,10062.26,28.76,TRADE
NSW1,2008/7/20 10:30,10097.7,24.42,TRADE
NSW1,2008/7/20 11:00,10027.07,24.74,TRADE
NSW1,2008/7/20 11:30,9820.19,21.32,TRADE
NSW1,2008/7/20 12:00,9689.97,21.98,TRADE
NSW1,2008/7/20 12:30,9604.5,22.01,TRADE
NSW1,2008/7/20 13:00,9532.41,24.71,TRADE
NSW1,2008/7/20 13:30,9514.04,22.99,TRADE
NSW1,2008/7/20 14:00,9445.22,22,TRADE
NSW1,2008/7/20 14:30,9392.4,22.19,TRADE
NSW1,2008/7/20 15:00,9452.22,23.23,TRADE
NSW1,2008/7/20 15:30,9500.65,23.04,TRADE
NSW1,2008/7/20 16:00,9680.69,24.36,TRADE
NSW1,2008/7/20 16:30,10023.35,32.21,TRADE
NSW1,2008/7/20 17:00,10460.24,34.71,TRADE
NSW1,2008/7/20 17:30,10904.51,40.02,TRADE
NSW1,2008/7/20 18:00,11403.66,55.55,TRADE
NSW1,2008/7/20 18:30,11551.93,61.05,TRADE
NSW1,2008/7/20 19:00,11411.19,60.03,TRADE
NSW1,2008/7/20 19:30,11246.69,49.73,TRADE
NSW1,2008/7/20 20:00,11009.38,44.19,TRADE
NSW1,2008/7/20 20:30,10857.44,44.06,TRADE
NSW1,2008/7/20 21:00,10669.46,42.18,TRADE
NSW1,2008/7/20 21:30,10270.43,34.92,TRADE
NSW1,2008/7/20 22:00,9881.87,27.13,TRADE
NSW1,2008/7/20 22:30,9748.25,28.92,TRADE
NSW1,2008/7/20 23:00,9396.96,24.02,TRADE
NSW1,2008/7/20 23:30,9155.7,24.08,TRADE
NSW1,2008/7/21 0:00,8869.81,23.72,TRADE
NSW1,2008/7/21 0:30,8597.65,23.24,TRADE
NSW1,2008/7/21 1:00,8355.75,23.42,TRADE
NSW1,2008/7/21 1:30,8199.78,23.28,TRADE
NSW1,2008/7/21 2:00,8073.33,22.03,TRADE
NSW1,2008/7/21 2:30,7674.26,20.11,TRADE
NSW1,2008/7/21 3:00,7408.79,18.86,TRADE
NSW1,2008/7/21 3:30,7244.98,17.42,TRADE
NSW1,2008/7/21 4:00,7135.54,16.43,TRADE
NSW1,2008/7/21 4:30,7202.59,18.41,TRADE
NSW1,2008/7/21 5:00,7285.96,18,TRADE
NSW1,2008/7/21 5:30,7645.22,20.36,TRADE
NSW1,2008/7/21 6:00,8128.54,23.05,TRADE
NSW1,2008/7/21 6:30,9012.81,26.93,TRADE
NSW1,2008/7/21 7:00,9829.65,26.48,TRADE
NSW1,2008/7/21 7:30,10262.86,26.88,TRADE
NSW1,2008/7/21 8:00,10780.36,34.16,TRADE
NSW1,2008/7/21 8:30,11071.83,37.76,TRADE
NSW1,2008/7/21 9:00,11038.44,34.07,TRADE
NSW1,2008/7/21 9:30,11063.57,34.61,TRADE
NSW1,2008/7/21 10:00,11020.83,33.58,TRADE
NSW1,2008/7/21 10:30,10928.09,33.6,TRADE
NSW1,2008/7/21 11:00,10800.86,30.13,TRADE
NSW1,2008/7/21 11:30,10649.68,25.07,TRADE
NSW1,2008/7/21 12:00,10523.31,21.98,TRADE
NSW1,2008/7/21 12:30,10430.6,24.26,TRADE
NSW1,2008/7/21 13:00,10318.99,25.58,TRADE
NSW1,2008/7/21 13:30,10286.8,25.83,TRADE
NSW1,2008/7/21 14:00,10126.57,24.66,TRADE
NSW1,2008/7/21 14:30,9993.45,23.83,TRADE
NSW1,2008/7/21 15:00,10087.47,25.99,TRADE
NSW1,2008/7/21 15:30,10088,24.71,TRADE
NSW1,2008/7/21 16:00,10178.19,26.05,TRADE
NSW1,2008/7/21 16:30,10329.93,27.1,TRADE
NSW1,2008/7/21 17:00,10746.1,32.23,TRADE
NSW1,2008/7/21 17:30,11509.24,42.06,TRADE
NSW1,2008/7/21 18:00,12366.7,77.08,TRADE
NSW1,2008/7/21 18:30,12476.84,89.24,TRADE
NSW1,2008/7/21 19:00,12472.63,71.77,TRADE
NSW1,2008/7/21 19:30,12258.75,56.21,TRADE
NSW1,2008/7/21 20:00,12004.91,46.05,TRADE
NSW1,2008/7/21 20:30,11836.23,45.25,TRADE
NSW1,2008/7/21 21:00,11604.93,40.35,TRADE
NSW1,2008/7/21 21:30,11245.27,35.33,TRADE
NSW1,2008/7/21 22:00,10792.96,29.42,TRADE
NSW1,2008/7/21 22:30,10659.48,38.17,TRADE
NSW1,2008/7/21 23:00,10170.98,36.02,TRADE
NSW1,2008/7/21 23:30,10017.97,40.85,TRADE
NSW1,2008/7/22 0:00,9765.87,37.77,TRADE
NSW1,2008/7/22 0:30,9599.04,34.25,TRADE
NSW1,2008/7/22 1:00,9393.49,28.86,TRADE
NSW1,2008/7/22 1:30,9267.59,30.35,TRADE
NSW1,2008/7/22 2:00,8989.99,25.4,TRADE
NSW1,2008/7/22 2:30,8545.93,26.14,TRADE
NSW1,2008/7/22 3:00,8214.17,23.14,TRADE
NSW1,2008/7/22 3:30,7951.82,21.96,TRADE
NSW1,2008/7/22 4:00,7779.73,20.78,TRADE
NSW1,2008/7/22 4:30,7719.1,21.51,TRADE
NSW1,2008/7/22 5:00,7786.98,21.97,TRADE
NSW1,2008/7/22 5:30,8184.7,23.67,TRADE
NSW1,2008/7/22 6:00,8629.99,26.17,TRADE
NSW1,2008/7/22 6:30,9591.32,35.15,TRADE
NSW1,2008/7/22 7:00,10577.86,34.62,TRADE
NSW1,2008/7/22 7:30,11116.46,34.85,TRADE
NSW1,2008/7/22 8:00,11661.61,41.06,TRADE
NSW1,2008/7/22 8:30,11728.8,40.74,TRADE
NSW1,2008/7/22 9:00,11538.65,38.37,TRADE
NSW1,2008/7/22 9:30,11431.29,37.19,TRADE
NSW1,2008/7/22 10:00,11281.92,34.82,TRADE
NSW1,2008/7/22 10:30,11125.64,34.25,TRADE
NSW1,2008/7/22 11:00,10947.59,33.48,TRADE
NSW1,2008/7/22 11:30,10819.39,29.17,TRADE
NSW1,2008/7/22 12:00,10697.05,26.05,TRADE
NSW1,2008/7/22 12:30,10560.16,26.44,TRADE
NSW1,2008/7/22 13:00,10353.78,23.97,TRADE
NSW1,2008/7/22 13:30,10360.52,26.39,TRADE
NSW1,2008/7/22 14:00,10273.83,25.95,TRADE
NSW1,2008/7/22 14:30,10241.27,26.23,TRADE
NSW1,2008/7/22 15:00,10146.92,25.94,TRADE
NSW1,2008/7/22 15:30,10114.77,26.26,TRADE
NSW1,2008/7/22 16:00,10275.54,26.33,TRADE
NSW1,2008/7/22 16:30,10613.27,30.67,TRADE
NSW1,2008/7/22 17:00,11137.31,32.55,TRADE
NSW1,2008/7/22 17:30,11943.45,46.25,TRADE
NSW1,2008/7/22 18:00,12879.89,90.22,TRADE
NSW1,2008/7/22 18:30,13103.37,97.16,TRADE
NSW1,2008/7/22 19:00,13128.62,96.73,TRADE
NSW1,2008/7/22 19:30,12878.74,77.68,TRADE
NSW1,2008/7/22 20:00,12665.27,55.83,TRADE
NSW1,2008/7/22 20:30,12540.16,47.23,TRADE
NSW1,2008/7/22 21:00,12310,42.65,TRADE
NSW1,2008/7/22 21:30,11839.37,37.74,TRADE
NSW1,2008/7/22 22:00,11274.65,30.23,TRADE
NSW1,2008/7/22 22:30,11078.8,38.53,TRADE
NSW1,2008/7/22 23:00,10589.87,35.67,TRADE
NSW1,2008/7/22 23:30,10347.69,38.18,TRADE
NSW1,2008/7/23 0:00,10029.72,35.09,TRADE
NSW1,2008/7/23 0:30,9794.98,32.18,TRADE
NSW1,2008/7/23 1:00,9630.65,29.29,TRADE
NSW1,2008/7/23 1:30,9492.16,26.92,TRADE
NSW1,2008/7/23 2:00,9220.72,24.55,TRADE
NSW1,2008/7/23 2:30,8787.83,24.5,TRADE
NSW1,2008/7/23 3:00,8359.55,23.17,TRADE
NSW1,2008/7/23 3:30,8069.62,22.61,TRADE
NSW1,2008/7/23 4:00,7908.75,22.6,TRADE
NSW1,2008/7/23 4:30,7832.1,22,TRADE
NSW1,2008/7/23 5:00,7887.27,22.39,TRADE
NSW1,2008/7/23 5:30,8224.64,23.61,TRADE
NSW1,2008/7/23 6:00,8713.39,23.4,TRADE
NSW1,2008/7/23 6:30,9692.93,32.85,TRADE
NSW1,2008/7/23 7:00,10706.01,38.55,TRADE
NSW1,2008/7/23 7:30,11323.92,36.85,TRADE
NSW1,2008/7/23 8:00,11978.09,52.11,TRADE
NSW1,2008/7/23 8:30,12065.48,59.81,TRADE
NSW1,2008/7/23 9:00,11935.34,49.86,TRADE
NSW1,2008/7/23 9:30,11900.17,46.3,TRADE
NSW1,2008/7/23 10:00,11762.18,42.84,TRADE
NSW1,2008/7/23 10:30,11662.54,41.89,TRADE
NSW1,2008/7/23 11:00,11532.55,41.17,TRADE
NSW1,2008/7/23 11:30,11335.38,41.84,TRADE
NSW1,2008/7/23 12:00,11206.78,45.54,TRADE
NSW1,2008/7/23 12:30,11137.47,43.35,TRADE
NSW1,2008/7/23 13:00,11065.18,45.93,TRADE
NSW1,2008/7/23 13:30,10982.65,46.42,TRADE
NSW1,2008/7/23 14:00,10859.09,44.83,TRADE
NSW1,2008/7/23 14:30,10794.1,45.08,TRADE
NSW1,2008/7/23 15:00,10616.89,39.51,TRADE
NSW1,2008/7/23 15:30,10591.78,40.71,TRADE
NSW1,2008/7/23 16:00,10767.59,42.9,TRADE
NSW1,2008/7/23 16:30,11093.29,47.79,TRADE
NSW1,2008/7/23 17:00,11574.83,47.04,TRADE
NSW1,2008/7/23 17:30,12273.34,61.63,TRADE
NSW1,2008/7/23 18:00,13115.08,1808.5,TRADE
NSW1,2008/7/23 18:30,13219.87,8454.96,TRADE
NSW1,2008/7/23 19:00,13080.51,324.34,TRADE
NSW1,2008/7/23 19:30,12817.15,358.77,TRADE
NSW1,2008/7/23 20:00,12608.75,55.83,TRADE
NSW1,2008/7/23 20:30,12426.81,237.18,TRADE
NSW1,2008/7/23 21:00,12068.21,611.3,TRADE
NSW1,2008/7/23 21:30,11763.32,79.84,TRADE
NSW1,2008/7/23 22:00,11185.9,51.3,TRADE
NSW1,2008/7/23 22:30,11031.27,81.34,TRADE
NSW1,2008/7/23 23:00,10542.72,31.27,TRADE
NSW1,2008/7/23 23:30,10264.33,37.26,TRADE
NSW1,2008/7/24 0:00,10013.33,32.96,TRADE
NSW1,2008/7/24 0:30,9693.65,33.11,TRADE
NSW1,2008/7/24 1:00,9480.95,29.75,TRADE
NSW1,2008/7/24 1:30,9345.96,29.71,TRADE
NSW1,2008/7/24 2:00,9111.96,25.62,TRADE
NSW1,2008/7/24 2:30,8648.44,22.71,TRADE
NSW1,2008/7/24 3:00,8247.73,22.08,TRADE
NSW1,2008/7/24 3:30,7995.82,22.22,TRADE
NSW1,2008/7/24 4:00,7832.29,22,TRADE
NSW1,2008/7/24 4:30,7711.12,21.98,TRADE
NSW1,2008/7/24 5:00,7768.6,22.03,TRADE
NSW1,2008/7/24 5:30,8119.15,23.61,TRADE
NSW1,2008/7/24 6:00,8582.86,24.27,TRADE
NSW1,2008/7/24 6:30,9520.59,31.97,TRADE
NSW1,2008/7/24 7:00,10494.44,38.78,TRADE
NSW1,2008/7/24 7:30,11082.85,39.82,TRADE
NSW1,2008/7/24 8:00,11578.85,52.24,TRADE
NSW1,2008/7/24 8:30,11739.14,54.62,TRADE
NSW1,2008/7/24 9:00,11578.65,44.78,TRADE
NSW1,2008/7/24 9:30,11641.32,49.83,TRADE
NSW1,2008/7/24 10:00,11552.73,43.56,TRADE
NSW1,2008/7/24 10:30,11460.21,42.08,TRADE
NSW1,2008/7/24 11:00,11337.12,39.23,TRADE
NSW1,2008/7/24 11:30,11179.98,38.1,TRADE
NSW1,2008/7/24 12:00,11045.33,38.87,TRADE
NSW1,2008/7/24 12:30,10972.21,37.74,TRADE
NSW1,2008/7/24 13:00,10872.16,38.32,TRADE
NSW1,2008/7/24 13:30,10830.15,40.04,TRADE
NSW1,2008/7/24 14:00,10780.71,37.69,TRADE
NSW1,2008/7/24 14:30,10766.13,37.8,TRADE
NSW1,2008/7/24 15:00,10696.69,35.12,TRADE
NSW1,2008/7/24 15:30,10779.44,34.68,TRADE
NSW1,2008/7/24 16:00,10942.26,36.46,TRADE
NSW1,2008/7/24 16:30,11195.98,39.17,TRADE
NSW1,2008/7/24 17:00,11649.55,41.57,TRADE
NSW1,2008/7/24 17:30,12178.03,59.28,TRADE
NSW1,2008/7/24 18:00,12881.09,100.48,TRADE
NSW1,2008/7/24 18:30,12912.44,99.95,TRADE
NSW1,2008/7/24 19:00,12883.6,99.84,TRADE
NSW1,2008/7/24 19:30,12653.1,84.57,TRADE
NSW1,2008/7/24 20:00,12433.31,67.59,TRADE
NSW1,2008/7/24 20:30,12244.36,57.82,TRADE
NSW1,2008/7/24 21:00,12003.21,49.47,TRADE
NSW1,2008/7/24 21:30,11581.48,39.96,TRADE
NSW1,2008/7/24 22:00,11033.11,31.14,TRADE
NSW1,2008/7/24 22:30,10976.43,37.65,TRADE
NSW1,2008/7/24 23:00,10457.59,33.21,TRADE
NSW1,2008/7/24 23:30,10180.45,35.38,TRADE
NSW1,2008/7/25 0:00,9952.64,31.49,TRADE
NSW1,2008/7/25 0:30,9676.2,34.41,TRADE
NSW1,2008/7/25 1:00,9505.82,33.53,TRADE
NSW1,2008/7/25 1:30,9312.16,35.05,TRADE
NSW1,2008/7/25 2:00,9053.63,28.29,TRADE
NSW1,2008/7/25 2:30,8570.77,23.3,TRADE
NSW1,2008/7/25 3:00,8241,23.36,TRADE
NSW1,2008/7/25 3:30,7995.84,23.1,TRADE
NSW1,2008/7/25 4:00,7772.22,21.15,TRADE
NSW1,2008/7/25 4:30,7673.82,21.9,TRADE
NSW1,2008/7/25 5:00,7705.48,21.69,TRADE
NSW1,2008/7/25 5:30,8083.6,22.8,TRADE
NSW1,2008/7/25 6:00,8547.06,22.62,TRADE
NSW1,2008/7/25 6:30,9451.78,30.4,TRADE
NSW1,2008/7/25 7:00,10375.11,34.72,TRADE
NSW1,2008/7/25 7:30,10932.29,33.36,TRADE
NSW1,2008/7/25 8:00,11530.69,40.8,TRADE
NSW1,2008/7/25 8:30,11640.27,42.47,TRADE
NSW1,2008/7/25 9:00,11524.2,38.21,TRADE
NSW1,2008/7/25 9:30,11516.19,37.98,TRADE
NSW1,2008/7/25 10:00,11501.96,37.58,TRADE
NSW1,2008/7/25 10:30,11365.83,35.42,TRADE
NSW1,2008/7/25 11:00,11239.56,33.68,TRADE
NSW1,2008/7/25 11:30,11033.85,30.05,TRADE
NSW1,2008/7/25 12:00,10938.49,32.96,TRADE
NSW1,2008/7/25 12:30,10866.31,30.91,TRADE
NSW1,2008/7/25 13:00,10722.95,32.39,TRADE
NSW1,2008/7/25 13:30,10670.38,32.99,TRADE
NSW1,2008/7/25 14:00,10642.71,33.32,TRADE
NSW1,2008/7/25 14:30,10607.8,33.68,TRADE
NSW1,2008/7/25 15:00,10504.99,28.57,TRADE
NSW1,2008/7/25 15:30,10483.79,26.7,TRADE
NSW1,2008/7/25 16:00,10686.45,31.45,TRADE
NSW1,2008/7/25 16:30,10922.36,32.37,TRADE
NSW1,2008/7/25 17:00,11243.92,28.76,TRADE
NSW1,2008/7/25 17:30,11930.08,36.72,TRADE
NSW1,2008/7/25 18:00,12608.77,48.72,TRADE
NSW1,2008/7/25 18:30,12631.33,55.47,TRADE
NSW1,2008/7/25 19:00,12514.31,54.49,TRADE
NSW1,2008/7/25 19:30,12229.19,48.83,TRADE
NSW1,2008/7/25 20:00,11981.24,45.59,TRADE
NSW1,2008/7/25 20:30,11821.22,47.06,TRADE
NSW1,2008/7/25 21:00,11692.06,41.17,TRADE
NSW1,2008/7/25 21:30,11366.71,34.33,TRADE
NSW1,2008/7/25 22:00,11014.07,33.88,TRADE
NSW1,2008/7/25 22:30,11055.36,44.63,TRADE
NSW1,2008/7/25 23:00,10734.35,45.36,TRADE
NSW1,2008/7/25 23:30,10608.43,72.87,TRADE
NSW1,2008/7/26 0:00,10361.62,58.5,TRADE
NSW1,2008/7/26 0:30,10025.97,53.22,TRADE
NSW1,2008/7/26 1:00,9760.23,38.07,TRADE
NSW1,2008/7/26 1:30,9551.56,40.25,TRADE
NSW1,2008/7/26 2:00,9115.42,31.34,TRADE
NSW1,2008/7/26 2:30,8619.06,24.94,TRADE
NSW1,2008/7/26 3:00,8307.77,24.96,TRADE
NSW1,2008/7/26 3:30,7938.64,22.87,TRADE
NSW1,2008/7/26 4:00,7791.2,22,TRADE
NSW1,2008/7/26 4:30,7662.04,21.87,TRADE
NSW1,2008/7/26 5:00,7629.6,22.09,TRADE
NSW1,2008/7/26 5:30,7746.95,23.57,TRADE
NSW1,2008/7/26 6:00,7911.51,24.2,TRADE
NSW1,2008/7/26 6:30,8289.09,25.71,TRADE
NSW1,2008/7/26 7:00,8662.17,24.6,TRADE
NSW1,2008/7/26 7:30,9153.95,24.76,TRADE
NSW1,2008/7/26 8:00,9925.77,35.38,TRADE
NSW1,2008/7/26 8:30,10456.41,40.66,TRADE
NSW1,2008/7/26 9:00,10792.3,42.22,TRADE
NSW1,2008/7/26 9:30,10963.62,46.77,TRADE
NSW1,2008/7/26 10:00,10799.81,42.84,TRADE
NSW1,2008/7/26 10:30,10706.88,41.19,TRADE
NSW1,2008/7/26 11:00,10370.5,35.84,TRADE
NSW1,2008/7/26 11:30,10130.11,34.97,TRADE
NSW1,2008/7/26 12:00,9900.2,31.95,TRADE
NSW1,2008/7/26 12:30,9658.85,27.35,TRADE
NSW1,2008/7/26 13:00,9473.63,22.76,TRADE
NSW1,2008/7/26 13:30,9373.65,22.19,TRADE
NSW1,2008/7/26 14:00,9260.12,21.37,TRADE
NSW1,2008/7/26 14:30,9202.15,21.32,TRADE
NSW1,2008/7/26 15:00,9140.48,21.16,TRADE
NSW1,2008/7/26 15:30,9267.67,22.1,TRADE
NSW1,2008/7/26 16:00,9432.28,22.26,TRADE
NSW1,2008/7/26 16:30,9691.39,24.08,TRADE
NSW1,2008/7/26 17:00,10230.64,32.91,TRADE
NSW1,2008/7/26 17:30,10808.2,45.2,TRADE
NSW1,2008/7/26 18:00,11649.84,61.67,TRADE
NSW1,2008/7/26 18:30,11735.26,62.12,TRADE
NSW1,2008/7/26 19:00,11632.16,59.99,TRADE
NSW1,2008/7/26 19:30,11397.86,49.29,TRADE
NSW1,2008/7/26 20:00,11172.85,43.44,TRADE
NSW1,2008/7/26 20:30,11019.12,41.12,TRADE
NSW1,2008/7/26 21:00,10761,37.24,TRADE
NSW1,2008/7/26 21:30,10620.1,35.52,TRADE
NSW1,2008/7/26 22:00,10354.05,31.33,TRADE
NSW1,2008/7/26 22:30,10292.06,33.11,TRADE
NSW1,2008/7/26 23:00,10020,28.11,TRADE
NSW1,2008/7/26 23:30,9827.99,30.74,TRADE
NSW1,2008/7/27 0:00,9605.88,28.38,TRADE
NSW1,2008/7/27 0:30,9268.16,30.85,TRADE
NSW1,2008/7/27 1:00,8994.8,24.8,TRADE
NSW1,2008/7/27 1:30,8747.44,24.35,TRADE
NSW1,2008/7/27 2:00,8418.11,22.25,TRADE
NSW1,2008/7/27 2:30,8017.93,22.1,TRADE
NSW1,2008/7/27 3:00,7714.76,21.74,TRADE
NSW1,2008/7/27 3:30,7501.01,18.31,TRADE
NSW1,2008/7/27 4:00,7367.3,16.56,TRADE
NSW1,2008/7/27 4:30,7265.67,17.27,TRADE
NSW1,2008/7/27 5:00,7218.53,16.2,TRADE
NSW1,2008/7/27 5:30,7301.56,15.01,TRADE
NSW1,2008/7/27 6:00,7440.86,16.76,TRADE
NSW1,2008/7/27 6:30,7649.17,16.71,TRADE
NSW1,2008/7/27 7:00,7988.94,17.83,TRADE
NSW1,2008/7/27 7:30,8350.85,17.23,TRADE
NSW1,2008/7/27 8:00,8964.25,20.96,TRADE
NSW1,2008/7/27 8:30,9613.95,32.59,TRADE
NSW1,2008/7/27 9:00,10101.49,38.88,TRADE
NSW1,2008/7/27 9:30,10389.83,35.05,TRADE
NSW1,2008/7/27 10:00,10416.8,37.41,TRADE
NSW1,2008/7/27 10:30,10484.83,39.05,TRADE
NSW1,2008/7/27 11:00,10356.55,35.08,TRADE
NSW1,2008/7/27 11:30,10125,32.32,TRADE
NSW1,2008/7/27 12:00,9852.44,25.56,TRADE
NSW1,2008/7/27 12:30,9754.84,31.49,TRADE
NSW1,2008/7/27 13:00,9613.13,31.76,TRADE
NSW1,2008/7/27 13:30,9450.86,26.64,TRADE
NSW1,2008/7/27 14:00,9328.1,22.25,TRADE
NSW1,2008/7/27 14:30,9356.94,26.09,TRADE
NSW1,2008/7/27 15:00,9442.84,29.81,TRADE
NSW1,2008/7/27 15:30,9698.17,33.91,TRADE
NSW1,2008/7/27 16:00,10014.27,36.16,TRADE
NSW1,2008/7/27 16:30,10465.27,43.15,TRADE
NSW1,2008/7/27 17:00,10948.19,45.12,TRADE
NSW1,2008/7/27 17:30,11505.3,53.07,TRADE
NSW1,2008/7/27 18:00,12165.96,95.7,TRADE
NSW1,2008/7/27 18:30,12391.22,109.48,TRADE
NSW1,2008/7/27 19:00,12314.78,104.41,TRADE
NSW1,2008/7/27 19:30,12068.32,81.72,TRADE
NSW1,2008/7/27 20:00,11830.76,65.5,TRADE
NSW1,2008/7/27 20:30,11714.29,63.34,TRADE
NSW1,2008/7/27 21:00,11449.54,60.99,TRADE
NSW1,2008/7/27 21:30,11009.7,45.5,TRADE
NSW1,2008/7/27 22:00,10575.7,41.08,TRADE
NSW1,2008/7/27 22:30,10257.05,38.08,TRADE
NSW1,2008/7/27 23:00,9795.85,32.84,TRADE
NSW1,2008/7/27 23:30,9500.68,32.3,TRADE
NSW1,2008/7/28 0:00,9143.22,29.39,TRADE
NSW1,2008/7/28 0:30,8851.66,32.05,TRADE
NSW1,2008/7/28 1:00,8687.26,27.89,TRADE
NSW1,2008/7/28 1:30,8495.26,27.15,TRADE
NSW1,2008/7/28 2:00,8318.4,26.3,TRADE
NSW1,2008/7/28 2:30,7979.16,22.09,TRADE
NSW1,2008/7/28 3:00,7760.8,22.78,TRADE
NSW1,2008/7/28 3:30,7618.25,21.63,TRADE
NSW1,2008/7/28 4:00,7519.32,21.97,TRADE
NSW1,2008/7/28 4:30,7532.01,21.96,TRADE
NSW1,2008/7/28 5:00,7653.45,22.42,TRADE
NSW1,2008/7/28 5:30,8017.27,24.24,TRADE
NSW1,2008/7/28 6:00,8556.93,25.48,TRADE
NSW1,2008/7/28 6:30,9526.94,30.18,TRADE
NSW1,2008/7/28 7:00,10547.77,38.98,TRADE
NSW1,2008/7/28 7:30,11211.13,36.86,TRADE
NSW1,2008/7/28 8:00,11920.52,48.54,TRADE
NSW1,2008/7/28 8:30,12137.57,55.56,TRADE
NSW1,2008/7/28 9:00,11999.78,42.68,TRADE
NSW1,2008/7/28 9:30,12027.29,50.39,TRADE
NSW1,2008/7/28 10:00,12025.92,46.6,TRADE
NSW1,2008/7/28 10:30,11856.23,41.33,TRADE
NSW1,2008/7/28 11:00,11789.38,42.08,TRADE
NSW1,2008/7/28 11:30,11630.3,41.97,TRADE
NSW1,2008/7/28 12:00,11567.96,42.69,TRADE
NSW1,2008/7/28 12:30,11493.5,41.88,TRADE
NSW1,2008/7/28 13:00,11462.5,42.83,TRADE
NSW1,2008/7/28 13:30,11385.74,43.85,TRADE
NSW1,2008/7/28 14:00,11402.1,43.65,TRADE
NSW1,2008/7/28 14:30,11453.15,43.79,TRADE
NSW1,2008/7/28 15:00,11498.5,42.52,TRADE
NSW1,2008/7/28 15:30,11676.7,43.53,TRADE
NSW1,2008/7/28 16:00,12089.51,44.74,TRADE
NSW1,2008/7/28 16:30,12582.5,53.36,TRADE
NSW1,2008/7/28 17:00,13080.82,61.72,TRADE
NSW1,2008/7/28 17:30,13630.9,91.28,TRADE
NSW1,2008/7/28 18:00,14274.15,140.88,TRADE
NSW1,2008/7/28 18:30,14240.04,181.94,TRADE
NSW1,2008/7/28 19:00,14064.82,173.7,TRADE
NSW1,2008/7/28 19:30,13731.37,126.33,TRADE
NSW1,2008/7/28 20:00,13425.11,107.95,TRADE
NSW1,2008/7/28 20:30,13131.85,84.23,TRADE
NSW1,2008/7/28 21:00,12776.85,62.84,TRADE
NSW1,2008/7/28 21:30,12246.36,50.9,TRADE
NSW1,2008/7/28 22:00,11695.35,39.92,TRADE
NSW1,2008/7/28 22:30,11471.32,40.46,TRADE
NSW1,2008/7/28 23:00,10849.6,31.62,TRADE
NSW1,2008/7/28 23:30,10551.22,32.74,TRADE
NSW1,2008/7/29 0:00,10250.47,28.9,TRADE
NSW1,2008/7/29 0:30,9968.94,36.75,TRADE
NSW1,2008/7/29 1:00,9736.73,32.79,TRADE
NSW1,2008/7/29 1:30,9615.52,33.57,TRADE
NSW1,2008/7/29 2:00,9325.82,26.23,TRADE
NSW1,2008/7/29 2:30,8883.27,22.43,TRADE
NSW1,2008/7/29 3:00,8519.74,22.78,TRADE
NSW1,2008/7/29 3:30,8147.89,22.1,TRADE
NSW1,2008/7/29 4:00,7987.97,22.16,TRADE
NSW1,2008/7/29 4:30,7908.12,21.93,TRADE
NSW1,2008/7/29 5:00,7930.74,22.11,TRADE
NSW1,2008/7/29 5:30,8350.91,23.37,TRADE
NSW1,2008/7/29 6:00,8884.7,27.05,TRADE
NSW1,2008/7/29 6:30,9863.69,37.69,TRADE
NSW1,2008/7/29 7:00,10895.96,48.97,TRADE
NSW1,2008/7/29 7:30,11542.9,47.12,TRADE
NSW1,2008/7/29 8:00,12068.34,62.19,TRADE
NSW1,2008/7/29 8:30,12133.18,61.81,TRADE
NSW1,2008/7/29 9:00,11953.56,48.39,TRADE
NSW1,2008/7/29 9:30,11922.35,43.03,TRADE
NSW1,2008/7/29 10:00,11810.23,41.81,TRADE
NSW1,2008/7/29 10:30,11666.32,40.79,TRADE
NSW1,2008/7/29 11:00,11563.12,41.06,TRADE
NSW1,2008/7/29 11:30,11310.77,37.23,TRADE
NSW1,2008/7/29 12:00,11165.36,37.09,TRADE
NSW1,2008/7/29 12:30,11114.68,35.06,TRADE
NSW1,2008/7/29 13:00,10938.15,35.05,TRADE
NSW1,2008/7/29 13:30,10930.15,35.61,TRADE
NSW1,2008/7/29 14:00,10836.54,35.62,TRADE
NSW1,2008/7/29 14:30,10767.13,35.41,TRADE
NSW1,2008/7/29 15:00,10689.04,34.88,TRADE
NSW1,2008/7/29 15:30,10690.68,34.73,TRADE
NSW1,2008/7/29 16:00,10866.52,33.84,TRADE
NSW1,2008/7/29 16:30,11139.96,35.35,TRADE
NSW1,2008/7/29 17:00,11587.76,38.85,TRADE
NSW1,2008/7/29 17:30,12310.4,50.42,TRADE
NSW1,2008/7/29 18:00,13290.54,86.9,TRADE
NSW1,2008/7/29 18:30,13493.71,90.36,TRADE
NSW1,2008/7/29 19:00,13405.57,84.76,TRADE
NSW1,2008/7/29 19:30,13083.83,68.62,TRADE
NSW1,2008/7/29 20:00,12959.65,66.43,TRADE
NSW1,2008/7/29 20:30,12752.72,66.25,TRADE
NSW1,2008/7/29 21:00,12448.79,48.68,TRADE
NSW1,2008/7/29 21:30,11983.76,40.59,TRADE
NSW1,2008/7/29 22:00,11406.26,34.91,TRADE
NSW1,2008/7/29 22:30,11202.26,38.81,TRADE
NSW1,2008/7/29 23:00,10717.45,33.99,TRADE
NSW1,2008/7/29 23:30,10436.9,35.4,TRADE
NSW1,2008/7/30 0:00,10164.13,29.71,TRADE
NSW1,2008/7/30 0:30,9906.79,36.97,TRADE
NSW1,2008/7/30 1:00,9645.33,33.36,TRADE
NSW1,2008/7/30 1:30,9567.33,33.9,TRADE
NSW1,2008/7/30 2:00,9307.49,30.68,TRADE
NSW1,2008/7/30 2:30,8807.82,22.81,TRADE
NSW1,2008/7/30 3:00,8353.4,21.32,TRADE
NSW1,2008/7/30 3:30,8025.86,21.96,TRADE
NSW1,2008/7/30 4:00,7920.18,22.84,TRADE
NSW1,2008/7/30 4:30,7840.44,21.77,TRADE
NSW1,2008/7/30 5:00,7914.14,21.96,TRADE
NSW1,2008/7/30 5:30,8265.2,23.24,TRADE
NSW1,2008/7/30 6:00,8796.53,26.46,TRADE
NSW1,2008/7/30 6:30,9812.84,35.9,TRADE
NSW1,2008/7/30 7:00,10902.04,45.32,TRADE
NSW1,2008/7/30 7:30,11463.18,40.72,TRADE
NSW1,2008/7/30 8:00,11924.7,54.42,TRADE
NSW1,2008/7/30 8:30,11968.72,59.28,TRADE
NSW1,2008/7/30 9:00,11689.34,43.77,TRADE
NSW1,2008/7/30 9:30,11604.47,41.89,TRADE
NSW1,2008/7/30 10:00,11426.29,38.57,TRADE
NSW1,2008/7/30 10:30,11189.2,35.07,TRADE
NSW1,2008/7/30 11:00,11031.39,33.77,TRADE
NSW1,2008/7/30 11:30,10748.52,30.89,TRADE
NSW1,2008/7/30 12:00,10576.1,28.65,TRADE
NSW1,2008/7/30 12:30,10406.26,25.93,TRADE
NSW1,2008/7/30 13:00,10291.45,27.14,TRADE
NSW1,2008/7/30 13:30,10085,25.69,TRADE
NSW1,2008/7/30 14:00,9956.23,24.19,TRADE
NSW1,2008/7/30 14:30,9970.8,24.54,TRADE
NSW1,2008/7/30 15:00,9858.79,22.82,TRADE
NSW1,2008/7/30 15:30,9838.89,23.19,TRADE
NSW1,2008/7/30 16:00,9976.69,24.64,TRADE
NSW1,2008/7/30 16:30,10270.46,28.12,TRADE
NSW1,2008/7/30 17:00,10808.46,29.85,TRADE
NSW1,2008/7/30 17:30,11570.99,37.88,TRADE
NSW1,2008/7/30 18:00,12555.6,53.9,TRADE
NSW1,2008/7/30 18:30,12851.57,60.63,TRADE
NSW1,2008/7/30 19:00,12855.57,62.24,TRADE
NSW1,2008/7/30 19:30,12648.35,59.36,TRADE
NSW1,2008/7/30 20:00,12496.25,53.61,TRADE
NSW1,2008/7/30 20:30,12385.75,54.91,TRADE
NSW1,2008/7/30 21:00,12141.57,45.05,TRADE
NSW1,2008/7/30 21:30,11735.42,39.38,TRADE
NSW1,2008/7/30 22:00,11276.92,33.6,TRADE
NSW1,2008/7/30 22:30,11105.95,36.52,TRADE
NSW1,2008/7/30 23:00,10579.72,32.26,TRADE
NSW1,2008/7/30 23:30,10310.06,38.76,TRADE
NSW1,2008/7/31 0:00,10077.98,33.42,TRADE
NSW1,2008/7/31 0:30,9740.57,38.51,TRADE
NSW1,2008/7/31 1:00,9570.25,33.79,TRADE
NSW1,2008/7/31 1:30,9370.27,31.13,TRADE
NSW1,2008/7/31 2:00,9158.71,24.59,TRADE
NSW1,2008/7/31 2:30,8740.1,24.71,TRADE
NSW1,2008/7/31 3:00,8391.78,23.65,TRADE
NSW1,2008/7/31 3:30,8066.92,21.97,TRADE
NSW1,2008/7/31 4:00,7886.42,21.9,TRADE
NSW1,2008/7/31 4:30,7851.77,20.66,TRADE
NSW1,2008/7/31 5:00,7908.71,21.23,TRADE
NSW1,2008/7/31 5:30,8251.67,22.37,TRADE
NSW1,2008/7/31 6:00,8769.25,25.23,TRADE
NSW1,2008/7/31 6:30,9803.19,32.77,TRADE
NSW1,2008/7/31 7:00,10864.26,43.22,TRADE
NSW1,2008/7/31 7:30,11460.86,43.46,TRADE
NSW1,2008/7/31 8:00,11924.09,54.38,TRADE
NSW1,2008/7/31 8:30,11972.5,47.45,TRADE
NSW1,2008/7/31 9:00,11691.09,40.85,TRADE
NSW1,2008/7/31 9:30,11565.81,34.43,TRADE
NSW1,2008/7/31 10:00,11333.16,32.42,TRADE
NSW1,2008/7/31 10:30,11143.3,32.34,TRADE
NSW1,2008/7/31 11:00,10903.28,29.29,TRADE
NSW1,2008/7/31 11:30,10687.86,27.47,TRADE
NSW1,2008/7/31 12:00,10527.99,25.76,TRADE
NSW1,2008/7/31 12:30,10300.32,24.32,TRADE
NSW1,2008/7/31 13:00,10176.31,24.35,TRADE
NSW1,2008/7/31 13:30,10120.42,25.79,TRADE
NSW1,2008/7/31 14:00,10033.75,24.44,TRADE
NSW1,2008/7/31 14:30,9959.79,27.38,TRADE
NSW1,2008/7/31 15:00,9882.05,24.54,TRADE
NSW1,2008/7/31 15:30,9843.55,23.99,TRADE
NSW1,2008/7/31 16:00,9900.17,24.79,TRADE
NSW1,2008/7/31 16:30,10129.15,27.53,TRADE
NSW1,2008/7/31 17:00,10524.67,25.39,TRADE
NSW1,2008/7/31 17:30,11179.64,34.71,TRADE
NSW1,2008/7/31 18:00,12109.93,45.23,TRADE
NSW1,2008/7/31 18:30,12393.91,53.48,TRADE
NSW1,2008/7/31 19:00,12374.17,50.91,TRADE
NSW1,2008/7/31 19:30,12255.69,45.62,TRADE
NSW1,2008/7/31 20:00,12044.47,44.18,TRADE
NSW1,2008/7/31 20:30,11886.16,41.93,TRADE
NSW1,2008/7/31 21:00,11665.38,37.52,TRADE
NSW1,2008/7/31 21:30,11248.37,33.59,TRADE
NSW1,2008/7/31 22:00,10691.8,25.28,TRADE
NSW1,2008/7/31 22:30,10588.34,28.57,TRADE
NSW1,2008/7/31 23:00,10228.42,23.63,TRADE
NSW1,2008/7/31 23:30,9953.71,31.07,TRADE
NSW1,2008/8/1 0:00,9713.87,25.71,TRADE
?NSW1,2008/8/1 0:30,9419.88,36.13,TRADE
NSW1,2008/8/1 1:00,9258.09,30.21,TRADE
NSW1,2008/8/1 1:30,9115.82,29.76,TRADE
NSW1,2008/8/1 2:00,8839.09,22.17,TRADE
NSW1,2008/8/1 2:30,8426.97,24.66,TRADE
NSW1,2008/8/1 3:00,8090.52,21.67,TRADE
NSW1,2008/8/1 3:30,7790.17,18.91,TRADE
NSW1,2008/8/1 4:00,7573.66,18,TRADE
NSW1,2008/8/1 4:30,7471.2,17.93,TRADE
NSW1,2008/8/1 5:00,7534.31,19.99,TRADE
NSW1,2008/8/1 5:30,7828.75,22.02,TRADE
NSW1,2008/8/1 6:00,8286.07,23.8,TRADE
NSW1,2008/8/1 6:30,9216.04,32.11,TRADE
NSW1,2008/8/1 7:00,10128.64,33.69,TRADE
NSW1,2008/8/1 7:30,10620.41,32.87,TRADE
NSW1,2008/8/1 8:00,11103.22,41.56,TRADE
NSW1,2008/8/1 8:30,11213.86,41.68,TRADE
NSW1,2008/8/1 9:00,11062.42,35.18,TRADE
NSW1,2008/8/1 9:30,10955.77,33.48,TRADE
NSW1,2008/8/1 10:00,10788.54,32.99,TRADE
NSW1,2008/8/1 10:30,10788.74,33.05,TRADE
NSW1,2008/8/1 11:00,10685.79,31.74,TRADE
NSW1,2008/8/1 11:30,10546.1,32.02,TRADE
NSW1,2008/8/1 12:00,10438.68,32.23,TRADE
NSW1,2008/8/1 12:30,10306.44,32.2,TRADE
NSW1,2008/8/1 13:00,10224.64,27.67,TRADE
NSW1,2008/8/1 13:30,10133.44,28.53,TRADE
NSW1,2008/8/1 14:00,10110.64,28.08,TRADE
NSW1,2008/8/1 14:30,10127.67,30.37,TRADE
NSW1,2008/8/1 15:00,10156.94,31.26,TRADE
NSW1,2008/8/1 15:30,10171.66,30.15,TRADE
NSW1,2008/8/1 16:00,10485.88,33.6,TRADE
NSW1,2008/8/1 16:30,10931.57,35.86,TRADE
NSW1,2008/8/1 17:00,11352.57,37.71,TRADE
NSW1,2008/8/1 17:30,11777.24,37.52,TRADE
NSW1,2008/8/1 18:00,12269.76,44.44,TRADE
NSW1,2008/8/1 18:30,12265.56,44.33,TRADE
NSW1,2008/8/1 19:00,12169.81,43.8,TRADE
NSW1,2008/8/1 19:30,11897.55,40.49,TRADE
NSW1,2008/8/1 20:00,11709.32,37.6,TRADE
NSW1,2008/8/1 20:30,11567.25,37,TRADE
NSW1,2008/8/1 21:00,11379.71,37.26,TRADE
NSW1,2008/8/1 21:30,11078.21,33.6,TRADE
NSW1,2008/8/1 22:00,10622.11,27.82,TRADE
NSW1,2008/8/1 22:30,10656.84,35.49,TRADE
NSW1,2008/8/1 23:00,10350,33.68,TRADE
NSW1,2008/8/1 23:30,10196.42,40.54,TRADE
NSW1,2008/8/2 0:00,9934.63,36.04,TRADE
NSW1,2008/8/2 0:30,9682,34.06,TRADE
NSW1,2008/8/2 1:00,9423.35,31.11,TRADE
NSW1,2008/8/2 1:30,9237.24,31.19,TRADE
NSW1,2008/8/2 2:00,8851.6,23.49,TRADE
NSW1,2008/8/2 2:30,8417.99,26.34,TRADE
NSW1,2008/8/2 3:00,8116.92,21.8,TRADE
NSW1,2008/8/2 3:30,7785.55,22.14,TRADE
NSW1,2008/8/2 4:00,7587.58,21.38,TRADE
NSW1,2008/8/2 4:30,7404.22,17.4,TRADE
NSW1,2008/8/2 5:00,7344.76,16.94,TRADE
NSW1,2008/8/2 5:30,7470.23,18,TRADE
NSW1,2008/8/2 6:00,7680.82,20.56,TRADE
NSW1,2008/8/2 6:30,8041.2,24.5,TRADE
NSW1,2008/8/2 7:00,8395.3,24.89,TRADE
NSW1,2008/8/2 7:30,8908.28,23.94,TRADE
NSW1,2008/8/2 8:00,9571.51,38.15,TRADE
NSW1,2008/8/2 8:30,10105.35,42.29,TRADE
NSW1,2008/8/2 9:00,10307.74,43.48,TRADE
NSW1,2008/8/2 9:30,10502.92,51.74,TRADE
NSW1,2008/8/2 10:00,10430.95,43.29,TRADE
NSW1,2008/8/2 10:30,10354.1,40.15,TRADE
NSW1,2008/8/2 11:00,10102.65,39.4,TRADE
NSW1,2008/8/2 11:30,9872.52,36.45,TRADE
NSW1,2008/8/2 12:00,9670.79,38.85,TRADE
NSW1,2008/8/2 12:30,9493.05,37.76,TRADE
NSW1,2008/8/2 13:00,9327.73,33.8,TRADE
NSW1,2008/8/2 13:30,9147.59,31.96,TRADE
NSW1,2008/8/2 14:00,9020.07,26,TRADE
NSW1,2008/8/2 14:30,8955.47,23.61,TRADE
NSW1,2008/8/2 15:00,8917.81,22.02,TRADE
NSW1,2008/8/2 15:30,8965,23.18,TRADE
NSW1,2008/8/2 16:00,9039.23,25.56,TRADE
NSW1,2008/8/2 16:30,9315.9,30.12,TRADE
NSW1,2008/8/2 17:00,9795.25,33.48,TRADE
NSW1,2008/8/2 17:30,10297.14,34.89,TRADE
NSW1,2008/8/2 18:00,11191.13,45.84,TRADE
NSW1,2008/8/2 18:30,11445.7,56.86,TRADE
NSW1,2008/8/2 19:00,11383.45,52.03,TRADE
NSW1,2008/8/2 19:30,11090.61,41.11,TRADE
NSW1,2008/8/2 20:00,10937.56,42.92,TRADE
NSW1,2008/8/2 20:30,10665.33,39.39,TRADE
NSW1,2008/8/2 21:00,10519.92,37.67,TRADE
NSW1,2008/8/2 21:30,10336.41,35.7,TRADE
NSW1,2008/8/2 22:00,10159.4,35.19,TRADE
NSW1,2008/8/2 22:30,10062.99,34.34,TRADE
NSW1,2008/8/2 23:00,9817.31,33.73,TRADE
NSW1,2008/8/2 23:30,9633.71,35.55,TRADE
NSW1,2008/8/3 0:00,9372.03,34.71,TRADE
NSW1,2008/8/3 0:30,9053.11,30.87,TRADE
NSW1,2008/8/3 1:00,8795.92,25.86,TRADE
NSW1,2008/8/3 1:30,8558.81,23.4,TRADE
NSW1,2008/8/3 2:00,8241.49,20.67,TRADE
NSW1,2008/8/3 2:30,7900.29,22.83,TRADE
NSW1,2008/8/3 3:00,7591.83,22.49,TRADE
NSW1,2008/8/3 3:30,7409.09,20.05,TRADE
NSW1,2008/8/3 4:00,7256.06,17.65,TRADE
NSW1,2008/8/3 4:30,7155.99,17.2,TRADE
NSW1,2008/8/3 5:00,7142.67,15.98,TRADE
NSW1,2008/8/3 5:30,7239.98,16.3,TRADE
NSW1,2008/8/3 6:00,7390.9,18,TRADE
NSW1,2008/8/3 6:30,7591,18.32,TRADE
NSW1,2008/8/3 7:00,7903.67,21.32,TRADE
NSW1,2008/8/3 7:30,8310.78,18.76,TRADE
NSW1,2008/8/3 8:00,8900.85,22.78,TRADE
NSW1,2008/8/3 8:30,9451.18,25.77,TRADE
NSW1,2008/8/3 9:00,9740.2,29.05,TRADE
NSW1,2008/8/3 9:30,9927.44,31.34,TRADE
NSW1,2008/8/3 10:00,9916.68,28.34,TRADE
NSW1,2008/8/3 10:30,9833.87,25.18,TRADE
NSW1,2008/8/3 11:00,9675.31,22,TRADE
NSW1,2008/8/3 11:30,9330.98,21.98,TRADE
NSW1,2008/8/3 12:00,9236.1,25.44,TRADE
NSW1,2008/8/3 12:30,9072.14,21.95,TRADE
NSW1,2008/8/3 13:00,8907.98,21.83,TRADE
NSW1,2008/8/3 13:30,8730.38,21.12,TRADE
NSW1,2008/8/3 14:00,8604.77,20.97,TRADE
NSW1,2008/8/3 14:30,8576.74,19.7,TRADE
NSW1,2008/8/3 15:00,8510.28,18.3,TRADE
NSW1,2008/8/3 15:30,8604.57,20.25,TRADE
NSW1,2008/8/3 16:00,8671.62,21.06,TRADE
NSW1,2008/8/3 16:30,8949.34,21.88,TRADE
NSW1,2008/8/3 17:00,9390.26,26.38,TRADE
NSW1,2008/8/3 17:30,10066.31,34.66,TRADE
NSW1,2008/8/3 18:00,11049.24,51.35,TRADE
NSW1,2008/8/3 18:30,11510.35,64.71,TRADE
NSW1,2008/8/3 19:00,11482.12,66.09,TRADE
NSW1,2008/8/3 19:30,11318.54,60.02,TRADE
NSW1,2008/8/3 20:00,11161.62,55.68,TRADE
NSW1,2008/8/3 20:30,11008.82,46.47,TRADE
NSW1,2008/8/3 21:00,10832.04,43.46,TRADE
NSW1,2008/8/3 21:30,10487,40.54,TRADE
NSW1,2008/8/3 22:00,10115,37.42,TRADE
NSW1,2008/8/3 22:30,9893.3,36.21,TRADE
NSW1,2008/8/3 23:00,9519.88,32.09,TRADE
NSW1,2008/8/3 23:30,9270.92,30.8,TRADE
NSW1,2008/8/4 0:00,8935.73,23.87,TRADE
NSW1,2008/8/4 0:30,8713.24,21.48,TRADE
NSW1,2008/8/4 1:00,8514.58,23.65,TRADE
NSW1,2008/8/4 1:30,8394.27,24.25,TRADE
NSW1,2008/8/4 2:00,8200.87,21.3,TRADE
NSW1,2008/8/4 2:30,7874.76,22.32,TRADE
NSW1,2008/8/4 3:00,7596.59,20.75,TRADE
NSW1,2008/8/4 3:30,7406.07,18,TRADE
NSW1,2008/8/4 4:00,7297.28,16.61,TRADE
NSW1,2008/8/4 4:30,7294.39,15.44,TRADE
NSW1,2008/8/4 5:00,7464.15,17.21,TRADE
NSW1,2008/8/4 5:30,7815.89,19.21,TRADE
NSW1,2008/8/4 6:00,8326.76,20.66,TRADE
NSW1,2008/8/4 6:30,9307.56,31.49,TRADE
NSW1,2008/8/4 7:00,10267.48,35.91,TRADE
NSW1,2008/8/4 7:30,10937.04,34.53,TRADE
NSW1,2008/8/4 8:00,11500.28,41.25,TRADE
NSW1,2008/8/4 8:30,11665.67,41.87,TRADE
NSW1,2008/8/4 9:00,11476.4,40.47,TRADE
NSW1,2008/8/4 9:30,11402.02,39.85,TRADE
NSW1,2008/8/4 10:00,11226.41,35.94,TRADE
NSW1,2008/8/4 10:30,11019.06,34.33,TRADE
NSW1,2008/8/4 11:00,10886.9,34.09,TRADE
NSW1,2008/8/4 11:30,10642.09,33.59,TRADE
NSW1,2008/8/4 12:00,10433.34,33.02,TRADE
NSW1,2008/8/4 12:30,10319.04,33.35,TRADE
NSW1,2008/8/4 13:00,10244.42,32.81,TRADE
NSW1,2008/8/4 13:30,10185.68,33.81,TRADE
NSW1,2008/8/4 14:00,10122.7,33.04,TRADE
NSW1,2008/8/4 14:30,10082.85,32.78,TRADE
NSW1,2008/8/4 15:00,10061.35,31.94,TRADE
NSW1,2008/8/4 15:30,10070.4,32.17,TRADE
NSW1,2008/8/4 16:00,10247.73,33.5,TRADE
NSW1,2008/8/4 16:30,10448.55,32.6,TRADE
NSW1,2008/8/4 17:00,10866.65,34.38,TRADE
NSW1,2008/8/4 17:30,11529.63,39.86,TRADE
NSW1,2008/8/4 18:00,12365.27,59.22,TRADE
NSW1,2008/8/4 18:30,12580.21,74.94,TRADE
NSW1,2008/8/4 19:00,12455.51,61.07,TRADE
NSW1,2008/8/4 19:30,12201.52,45.71,TRADE
NSW1,2008/8/4 20:00,12034.21,44.63,TRADE
NSW1,2008/8/4 20:30,11859.47,44.31,TRADE
NSW1,2008/8/4 21:00,11625.13,43.14,TRADE
NSW1,2008/8/4 21:30,11226.94,37.46,TRADE
NSW1,2008/8/4 22:00,10742.69,29.13,TRADE
NSW1,2008/8/4 22:30,10677.34,34.91,TRADE
NSW1,2008/8/4 23:00,10206.51,33.3,TRADE
NSW1,2008/8/4 23:30,9940,36.67,TRADE
NSW1,2008/8/5 0:00,9777.52,34.86,TRADE
NSW1,2008/8/5 0:30,9545.05,27.61,TRADE
NSW1,2008/8/5 1:00,9451.36,24.82,TRADE
NSW1,2008/8/5 1:30,9258.59,26.29,TRADE
NSW1,2008/8/5 2:00,9078.93,22.37,TRADE
NSW1,2008/8/5 2:30,8638.54,25.39,TRADE
NSW1,2008/8/5 3:00,8256.56,22.88,TRADE
NSW1,2008/8/5 3:30,7950,22.32,TRADE
NSW1,2008/8/5 4:00,7761.89,23.28,TRADE
NSW1,2008/8/5 4:30,7720.74,21.82,TRADE
NSW1,2008/8/5 5:00,7770.91,22.25,TRADE
NSW1,2008/8/5 5:30,8167.03,21.33,TRADE
NSW1,2008/8/5 6:00,8688.42,30.29,TRADE
NSW1,2008/8/5 6:30,9655.26,39.04,TRADE
NSW1,2008/8/5 7:00,10665.48,43.86,TRADE
NSW1,2008/8/5 7:30,11289.46,41.29,TRADE
NSW1,2008/8/5 8:00,11747.43,55.45,TRADE
NSW1,2008/8/5 8:30,11727.78,55.7,TRADE
NSW1,2008/8/5 9:00,11538.28,43.97,TRADE
NSW1,2008/8/5 9:30,11388.2,43.11,TRADE
NSW1,2008/8/5 10:00,11262.8,39.6,TRADE
NSW1,2008/8/5 10:30,11061.59,38.4,TRADE
NSW1,2008/8/5 11:00,10848.39,37.43,TRADE
NSW1,2008/8/5 11:30,10664.25,37.97,TRADE
NSW1,2008/8/5 12:00,10538.8,38.61,TRADE
NSW1,2008/8/5 12:30,10427.66,36.78,TRADE
NSW1,2008/8/5 13:00,10426.72,35.59,TRADE
NSW1,2008/8/5 13:30,10353.67,34.89,TRADE
NSW1,2008/8/5 14:00,10302.36,34.32,TRADE
NSW1,2008/8/5 14:30,10232.31,33.31,TRADE
NSW1,2008/8/5 15:00,10193.63,32.91,TRADE
NSW1,2008/8/5 15:30,10191.42,33.1,TRADE
NSW1,2008/8/5 16:00,10389.48,34.33,TRADE
NSW1,2008/8/5 16:30,10738.59,33.55,TRADE
NSW1,2008/8/5 17:00,11285.37,37.57,TRADE
NSW1,2008/8/5 17:30,11948.37,41.29,TRADE
NSW1,2008/8/5 18:00,12655.27,78.01,TRADE
NSW1,2008/8/5 18:30,12788.38,99.07,TRADE
NSW1,2008/8/5 19:00,12755.04,98.14,TRADE
NSW1,2008/8/5 19:30,12519.74,76.29,TRADE
NSW1,2008/8/5 20:00,12297.07,65.55,TRADE
NSW1,2008/8/5 20:30,12075.6,58.96,TRADE
NSW1,2008/8/5 21:00,11812.93,44.89,TRADE
NSW1,2008/8/5 21:30,11493.23,41.24,TRADE
NSW1,2008/8/5 22:00,10942.31,35,TRADE
NSW1,2008/8/5 22:30,10751.42,38.86,TRADE
NSW1,2008/8/5 23:00,10322.17,38.11,TRADE
NSW1,2008/8/5 23:30,10071.91,40.09,TRADE
NSW1,2008/8/6 0:00,9824.36,36.92,TRADE
NSW1,2008/8/6 0:30,9635.56,33.36,TRADE
NSW1,2008/8/6 1:00,9477.04,32.45,TRADE
NSW1,2008/8/6 1:30,9282.44,30.35,TRADE
NSW1,2008/8/6 2:00,9025.53,22.18,TRADE
NSW1,2008/8/6 2:30,8609.65,25.23,TRADE
NSW1,2008/8/6 3:00,8192.13,22.05,TRADE
NSW1,2008/8/6 3:30,7900.54,22.05,TRADE
NSW1,2008/8/6 4:00,7704.96,21.19,TRADE
NSW1,2008/8/6 4:30,7600.68,21.35,TRADE
NSW1,2008/8/6 5:00,7728.03,22.24,TRADE
NSW1,2008/8/6 5:30,8068.94,22.98,TRADE
NSW1,2008/8/6 6:00,8577.76,23.8,TRADE
NSW1,2008/8/6 6:30,9558.37,37.62,TRADE
NSW1,2008/8/6 7:00,10530.79,44.44,TRADE
NSW1,2008/8/6 7:30,11097.85,40.72,TRADE
NSW1,2008/8/6 8:00,11589.3,62.86,TRADE
NSW1,2008/8/6 8:30,11686.72,70.43,TRADE
NSW1,2008/8/6 9:00,11510.96,56.17,TRADE
NSW1,2008/8/6 9:30,11475.51,51.04,TRADE
NSW1,2008/8/6 10:00,11333.16,43.97,TRADE
NSW1,2008/8/6 10:30,11201.43,40.63,TRADE
NSW1,2008/8/6 11:00,11068.57,39.99,TRADE
NSW1,2008/8/6 11:30,10884.96,40.02,TRADE
NSW1,2008/8/6 12:00,10801.8,40.09,TRADE
NSW1,2008/8/6 12:30,10692.68,40.16,TRADE
NSW1,2008/8/6 13:00,10548.14,38.19,TRADE
NSW1,2008/8/6 13:30,10527.62,39.46,TRADE
NSW1,2008/8/6 14:00,10480.14,38.7,TRADE
NSW1,2008/8/6 14:30,10420.38,40.82,TRADE
NSW1,2008/8/6 15:00,10347.53,37.46,TRADE
NSW1,2008/8/6 15:30,10248.52,34.75,TRADE
NSW1,2008/8/6 16:00,10516.54,38.37,TRADE
NSW1,2008/8/6 16:30,10798.5,39.78,TRADE
NSW1,2008/8/6 17:00,11211.48,42.07,TRADE
NSW1,2008/8/6 17:30,11796.62,46.01,TRADE
NSW1,2008/8/6 18:00,12554.75,83.39,TRADE
NSW1,2008/8/6 18:30,12731.08,93.57,TRADE
NSW1,2008/8/6 19:00,12656.92,92.93,TRADE
NSW1,2008/8/6 19:30,12398.06,81.71,TRADE
NSW1,2008/8/6 20:00,12217.56,67.12,TRADE
NSW1,2008/8/6 20:30,12019.84,57.59,TRADE
NSW1,2008/8/6 21:00,11714.61,48.37,TRADE
NSW1,2008/8/6 21:30,11326.93,41.78,TRADE
NSW1,2008/8/6 22:00,10856.71,36.77,TRADE
NSW1,2008/8/6 22:30,10680.14,38.44,TRADE
NSW1,2008/8/6 23:00,10234.91,37.46,TRADE
NSW1,2008/8/6 23:30,9986.64,41,TRADE
NSW1,2008/8/7 0:00,9791.29,40.96,TRADE
NSW1,2008/8/7 0:30,9545.47,36.2,TRADE
NSW1,2008/8/7 1:00,9375.34,31.71,TRADE
NSW1,2008/8/7 1:30,9277.18,32.72,TRADE
NSW1,2008/8/7 2:00,8980.59,23.23,TRADE
NSW1,2008/8/7 2:30,8545.21,24.21,TRADE
NSW1,2008/8/7 3:00,8204.95,23.24,TRADE
NSW1,2008/8/7 3:30,7996.56,23.34,TRADE
NSW1,2008/8/7 4:00,7794.71,21.81,TRADE
NSW1,2008/8/7 4:30,7761.53,21.48,TRADE
NSW1,2008/8/7 5:00,7846.93,21.91,TRADE
NSW1,2008/8/7 5:30,8142.92,23.71,TRADE
NSW1,2008/8/7 6:00,8653.62,26.44,TRADE
NSW1,2008/8/7 6:30,9602.87,40.45,TRADE
NSW1,2008/8/7 7:00,10553.47,48.13,TRADE
NSW1,2008/8/7 7:30,11063.04,42.64,TRADE
NSW1,2008/8/7 8:00,11509,54.07,TRADE
NSW1,2008/8/7 8:30,11472.34,55.42,TRADE
NSW1,2008/8/7 9:00,11201.78,46.86,TRADE
NSW1,2008/8/7 9:30,11126.03,41.27,TRADE
NSW1,2008/8/7 10:00,10906.49,39.7,TRADE
NSW1,2008/8/7 10:30,10749.14,38.73,TRADE
NSW1,2008/8/7 11:00,10593.97,36.85,TRADE
NSW1,2008/8/7 11:30,10297.6,32.85,TRADE
NSW1,2008/8/7 12:00,10266.03,34.31,TRADE
NSW1,2008/8/7 12:30,10182.69,34.35,TRADE
NSW1,2008/8/7 13:00,10168.38,36.27,TRADE
NSW1,2008/8/7 13:30,10061.51,35.74,TRADE
NSW1,2008/8/7 14:00,9957.91,35.28,TRADE
NSW1,2008/8/7 14:30,10030.39,35.91,TRADE
NSW1,2008/8/7 15:00,10303.49,39.25,TRADE
NSW1,2008/8/7 15:30,10544.03,37.72,TRADE
NSW1,2008/8/7 16:00,10814.32,41.04,TRADE
NSW1,2008/8/7 16:30,11220.02,42.87,TRADE
NSW1,2008/8/7 17:00,11538.13,44.17,TRADE
NSW1,2008/8/7 17:30,11940.05,46.67,TRADE
NSW1,2008/8/7 18:00,12735.59,67.85,TRADE
NSW1,2008/8/7 18:30,12944.75,88.49,TRADE
NSW1,2008/8/7 19:00,12973.79,91.76,TRADE
NSW1,2008/8/7 19:30,12720.22,80.26,TRADE
NSW1,2008/8/7 20:00,12523.78,80.66,TRADE
NSW1,2008/8/7 20:30,12411.37,66.64,TRADE
NSW1,2008/8/7 21:00,12166.53,57.83,TRADE
NSW1,2008/8/7 21:30,11776.61,44.03,TRADE
NSW1,2008/8/7 22:00,11222.04,38.32,TRADE
NSW1,2008/8/7 22:30,11150.14,41.02,TRADE
NSW1,2008/8/7 23:00,10652,41.28,TRADE
NSW1,2008/8/7 23:30,10364.51,47.73,TRADE
NSW1,2008/8/8 0:00,10012.14,39.7,TRADE
NSW1,2008/8/8 0:30,9766.13,35.94,TRADE
NSW1,2008/8/8 1:00,9496.96,33.36,TRADE
NSW1,2008/8/8 1:30,9338.85,33.15,TRADE
NSW1,2008/8/8 2:00,9119.9,26.76,TRADE
NSW1,2008/8/8 2:30,8711.46,26.84,TRADE
NSW1,2008/8/8 3:00,8337.69,21.9,TRADE
NSW1,2008/8/8 3:30,8023.32,20.44,TRADE
NSW1,2008/8/8 4:00,7844.94,21.23,TRADE
NSW1,2008/8/8 4:30,7776.41,21.94,TRADE
NSW1,2008/8/8 5:00,7819.97,22.24,TRADE
NSW1,2008/8/8 5:30,8168.06,23.63,TRADE
NSW1,2008/8/8 6:00,8636.93,28.24,TRADE
NSW1,2008/8/8 6:30,9611.79,47.06,TRADE
NSW1,2008/8/8 7:00,10587.9,54.82,TRADE
NSW1,2008/8/8 7:30,11120.5,48.09,TRADE
NSW1,2008/8/8 8:00,11708.81,73.59,TRADE
NSW1,2008/8/8 8:30,11824.53,80.72,TRADE
NSW1,2008/8/8 9:00,11726.45,58.58,TRADE
NSW1,2008/8/8 9:30,11606.7,52.47,TRADE
NSW1,2008/8/8 10:00,11513.88,46.1,TRADE
NSW1,2008/8/8 10:30,11427.05,45.15,TRADE
NSW1,2008/8/8 11:00,11273.1,41.4,TRADE
NSW1,2008/8/8 11:30,11018.8,42.15,TRADE
NSW1,2008/8/8 12:00,10799.47,41.48,TRADE
NSW1,2008/8/8 12:30,10669.26,41.54,TRADE
NSW1,2008/8/8 13:00,10462.61,39.76,TRADE
NSW1,2008/8/8 13:30,10293.29,37.82,TRADE
NSW1,2008/8/8 14:00,10135.78,35.9,TRADE
NSW1,2008/8/8 14:30,10030.12,35.31,TRADE
NSW1,2008/8/8 15:00,9897.21,32.79,TRADE
NSW1,2008/8/8 15:30,9764.45,31.98,TRADE
NSW1,2008/8/8 16:00,9846.19,32.82,TRADE
NSW1,2008/8/8 16:30,10263.07,33.39,TRADE
NSW1,2008/8/8 17:00,10581.75,35.15,TRADE
NSW1,2008/8/8 17:30,11031.68,40.28,TRADE
NSW1,2008/8/8 18:00,11837.29,55.2,TRADE
NSW1,2008/8/8 18:30,12138.44,71.86,TRADE
NSW1,2008/8/8 19:00,12074.92,73.12,TRADE
NSW1,2008/8/8 19:30,11923.2,66.07,TRADE
NSW1,2008/8/8 20:00,11708.29,70.4,TRADE
NSW1,2008/8/8 20:30,11530,69.05,TRADE
NSW1,2008/8/8 21:00,11419.45,55.23,TRADE
NSW1,2008/8/8 21:30,11185.62,44.55,TRADE
NSW1,2008/8/8 22:00,10903.05,41.12,TRADE
NSW1,2008/8/8 22:30,10981.8,47.17,TRADE
NSW1,2008/8/8 23:00,10740.06,60.67,TRADE
NSW1,2008/8/8 23:30,10645.04,84.35,TRADE
NSW1,2008/8/9 0:00,10467.66,76.05,TRADE
NSW1,2008/8/9 0:30,10233.8,63.24,TRADE
NSW1,2008/8/9 1:00,9973.69,44.08,TRADE
NSW1,2008/8/9 1:30,9748.23,42.64,TRADE
NSW1,2008/8/9 2:00,9311.79,33.79,TRADE
NSW1,2008/8/9 2:30,8819.55,33.37,TRADE
NSW1,2008/8/9 3:00,8293.89,26,TRADE
NSW1,2008/8/9 3:30,7943.35,21.23,TRADE
NSW1,2008/8/9 4:00,7707.03,20.45,TRADE
NSW1,2008/8/9 4:30,7551.8,19.55,TRADE
NSW1,2008/8/9 5:00,7549.82,21.78,TRADE
NSW1,2008/8/9 5:30,7662.08,22.03,TRADE
NSW1,2008/8/9 6:00,7833.47,21.61,TRADE
NSW1,2008/8/9 6:30,8178.63,25.3,TRADE
NSW1,2008/8/9 7:00,8548.86,30.4,TRADE
NSW1,2008/8/9 7:30,9079.75,29.39,TRADE
NSW1,2008/8/9 8:00,9785.5,34.7,TRADE
NSW1,2008/8/9 8:30,10382.92,38.32,TRADE
NSW1,2008/8/9 9:00,10667.64,41.33,TRADE
NSW1,2008/8/9 9:30,10879.45,42.92,TRADE
NSW1,2008/8/9 10:00,10756.32,40.7,TRADE
NSW1,2008/8/9 10:30,10604.76,38.34,TRADE
NSW1,2008/8/9 11:00,10344.39,36.48,TRADE
NSW1,2008/8/9 11:30,10069.64,36.7,TRADE
NSW1,2008/8/9 12:00,9825.22,38.79,TRADE
NSW1,2008/8/9 12:30,9629.65,38.21,TRADE
NSW1,2008/8/9 13:00,9476.02,35.95,TRADE
NSW1,2008/8/9 13:30,9353.77,34.38,TRADE
NSW1,2008/8/9 14:00,9224.22,33.06,TRADE
NSW1,2008/8/9 14:30,9124.63,32.13,TRADE
NSW1,2008/8/9 15:00,9123.97,32.51,TRADE
NSW1,2008/8/9 15:30,9130.88,32.79,TRADE
NSW1,2008/8/9 16:00,9277.25,33.93,TRADE
NSW1,2008/8/9 16:30,9478.6,33.19,TRADE
NSW1,2008/8/9 17:00,9893.83,35.18,TRADE
NSW1,2008/8/9 17:30,10358.76,38,TRADE
NSW1,2008/8/9 18:00,11310.92,56.6,TRADE
NSW1,2008/8/9 18:30,11602.72,72.02,TRADE
NSW1,2008/8/9 19:00,11570.3,81.65,TRADE
NSW1,2008/8/9 19:30,11305.43,64.44,TRADE
NSW1,2008/8/9 20:00,11163.07,60.02,TRADE
NSW1,2008/8/9 20:30,10979.49,65.47,TRADE
NSW1,2008/8/9 21:00,10866.74,58.13,TRADE
NSW1,2008/8/9 21:30,10667.31,49.28,TRADE
NSW1,2008/8/9 22:00,10384.83,41.91,TRADE
NSW1,2008/8/9 22:30,10319.95,46.25,TRADE
NSW1,2008/8/9 23:00,10019.83,42.66,TRADE
NSW1,2008/8/9 23:30,9832.31,43.9,TRADE
NSW1,2008/8/10 0:00,9541.17,38.99,TRADE
NSW1,2008/8/10 0:30,9199.59,34.6,TRADE
NSW1,2008/8/10 1:00,8992.07,32.76,TRADE
NSW1,2008/8/10 1:30,8761.57,33.13,TRADE
NSW1,2008/8/10 2:00,8488.92,27.46,TRADE
NSW1,2008/8/10 2:30,8061.79,28.85,TRADE
NSW1,2008/8/10 3:00,7755.06,22.72,TRADE
NSW1,2008/8/10 3:30,7589.15,21.91,TRADE
NSW1,2008/8/10 4:00,7419.82,21.43,TRADE
NSW1,2008/8/10 4:30,7363.52,22.51,TRADE
NSW1,2008/8/10 5:00,7348.76,21.16,TRADE
NSW1,2008/8/10 5:30,7438.34,21.54,TRADE
NSW1,2008/8/10 6:00,7532.12,21.77,TRADE
NSW1,2008/8/10 6:30,7813.88,22.08,TRADE
NSW1,2008/8/10 7:00,8124.58,23.65,TRADE
NSW1,2008/8/10 7:30,8603.41,23.79,TRADE
NSW1,2008/8/10 8:00,9220.85,31.24,TRADE
NSW1,2008/8/10 8:30,9794.18,36.9,TRADE
NSW1,2008/8/10 9:00,10259.35,45.26,TRADE
NSW1,2008/8/10 9:30,10488.94,49.79,TRADE
NSW1,2008/8/10 10:00,10547.34,53.85,TRADE
NSW1,2008/8/10 10:30,10475.79,53.28,TRADE
NSW1,2008/8/10 11:00,10305.99,47.07,TRADE
NSW1,2008/8/10 11:30,10046.1,46.06,TRADE
NSW1,2008/8/10 12:00,9941.91,40.77,TRADE
NSW1,2008/8/10 12:30,9939.64,40.97,TRADE
NSW1,2008/8/10 13:00,10172.52,41.81,TRADE
NSW1,2008/8/10 13:30,10178.46,41.83,TRADE
NSW1,2008/8/10 14:00,10156.08,41.42,TRADE
NSW1,2008/8/10 14:30,10057.09,41.15,TRADE
NSW1,2008/8/10 15:00,9908.57,40.7,TRADE
NSW1,2008/8/10 15:30,9841.2,40.66,TRADE
NSW1,2008/8/10 16:00,9937.26,41.07,TRADE
NSW1,2008/8/10 16:30,10296.03,43.88,TRADE
NSW1,2008/8/10 17:00,10787.6,51.72,TRADE
NSW1,2008/8/10 17:30,11242.92,62.99,TRADE
NSW1,2008/8/10 18:00,12139.13,116.35,TRADE
NSW1,2008/8/10 18:30,12510.91,176.76,TRADE
NSW1,2008/8/10 19:00,12568.72,161.66,TRADE
NSW1,2008/8/10 19:30,12320.59,119.85,TRADE
NSW1,2008/8/10 20:00,12185.26,99.88,TRADE
NSW1,2008/8/10 20:30,12013.77,95.82,TRADE
NSW1,2008/8/10 21:00,11772.84,77.45,TRADE
NSW1,2008/8/10 21:30,11374.58,65.38,TRADE
NSW1,2008/8/10 22:00,10825.38,51.09,TRADE
NSW1,2008/8/10 22:30,10554.94,55.82,TRADE
NSW1,2008/8/10 23:00,10102.52,55.11,TRADE
NSW1,2008/8/10 23:30,9761.05,53.09,TRADE
NSW1,2008/8/11 0:00,9413.85,40.88,TRADE
NSW1,2008/8/11 0:30,9071.59,36.01,TRADE
NSW1,2008/8/11 1:00,8870.49,35.35,TRADE
NSW1,2008/8/11 1:30,8707.6,36.57,TRADE
NSW1,2008/8/11 2:00,8511.42,32.95,TRADE
NSW1,2008/8/11 2:30,8154.82,30.84,TRADE
NSW1,2008/8/11 3:00,7912.78,23.99,TRADE
NSW1,2008/8/11 3:30,7734.14,21.86,TRADE
NSW1,2008/8/11 4:00,7637.71,24.14,TRADE
NSW1,2008/8/11 4:30,7661.83,22.37,TRADE
NSW1,2008/8/11 5:00,7788.3,22.95,TRADE
NSW1,2008/8/11 5:30,8149.96,29.28,TRADE
NSW1,2008/8/11 6:00,8720.89,35.65,TRADE
NSW1,2008/8/11 6:30,9729.24,51.32,TRADE
NSW1,2008/8/11 7:00,10828.5,71.82,TRADE
NSW1,2008/8/11 7:30,11495.12,65.59,TRADE
NSW1,2008/8/11 8:00,12012.24,90.26,TRADE
NSW1,2008/8/11 8:30,12110.48,93.99,TRADE
NSW1,2008/8/11 9:00,11885.23,80.63,TRADE
NSW1,2008/8/11 9:30,11915.01,75.71,TRADE
NSW1,2008/8/11 10:00,11770.29,74.01,TRADE
NSW1,2008/8/11 10:30,11594.12,71.7,TRADE
NSW1,2008/8/11 11:00,11419.54,65.63,TRADE
NSW1,2008/8/11 11:30,11249.22,56.81,TRADE
NSW1,2008/8/11 12:00,11124.59,78.25,TRADE
NSW1,2008/8/11 12:30,11052.32,74.93,TRADE
NSW1,2008/8/11 13:00,10885.3,68.64,TRADE
NSW1,2008/8/11 13:30,10821.67,67.5,TRADE
NSW1,2008/8/11 14:00,10706.25,65.35,TRADE
NSW1,2008/8/11 14:30,10639.47,66.05,TRADE
NSW1,2008/8/11 15:00,10452.18,53.75,TRADE
NSW1,2008/8/11 15:30,10441.5,52.46,TRADE
NSW1,2008/8/11 16:00,10526.51,62.11,TRADE
NSW1,2008/8/11 16:30,10898.44,73.9,TRADE
NSW1,2008/8/11 17:00,11348.83,68.95,TRADE
NSW1,2008/8/11 17:30,12016.79,74.38,TRADE
NSW1,2008/8/11 18:00,13032.45,107.18,TRADE
NSW1,2008/8/11 18:30,13458.39,138.85,TRADE
NSW1,2008/8/11 19:00,13488.24,147.37,TRADE
NSW1,2008/8/11 19:30,13223.16,116.59,TRADE
NSW1,2008/8/11 20:00,12971.35,98.29,TRADE
NSW1,2008/8/11 20:30,12712.86,98.2,TRADE
NSW1,2008/8/11 21:00,12444.51,93.66,TRADE
NSW1,2008/8/11 21:30,11972.4,73.36,TRADE
NSW1,2008/8/11 22:00,11407.04,48.67,TRADE
NSW1,2008/8/11 22:30,11211.22,54.33,TRADE
NSW1,2008/8/11 23:00,10696.27,52.58,TRADE
NSW1,2008/8/11 23:30,10397.57,65.12,TRADE
NSW1,2008/8/12 0:00,10135.27,56.32,TRADE
NSW1,2008/8/12 0:30,9934.01,44.34,TRADE
NSW1,2008/8/12 1:00,9687.55,40.54,TRADE
NSW1,2008/8/12 1:30,9560.59,37.36,TRADE
NSW1,2008/8/12 2:00,9343.71,35.47,TRADE
NSW1,2008/8/12 2:30,8911.49,35.21,TRADE
NSW1,2008/8/12 3:00,8549.16,31.75,TRADE
NSW1,2008/8/12 3:30,8207.31,25.53,TRADE
NSW1,2008/8/12 4:00,8036.55,23.68,TRADE
NSW1,2008/8/12 4:30,7964.72,21.98,TRADE
NSW1,2008/8/12 5:00,8035.49,23.42,TRADE
NSW1,2008/8/12 5:30,8357.98,29.42,TRADE
NSW1,2008/8/12 6:00,8913.93,35.19,TRADE
NSW1,2008/8/12 6:30,9942.17,52.43,TRADE
NSW1,2008/8/12 7:00,10957.51,72.8,TRADE
NSW1,2008/8/12 7:30,11539.74,55.09,TRADE
NSW1,2008/8/12 8:00,12032.52,67.13,TRADE
NSW1,2008/8/12 8:30,12047.66,68.72,TRADE
NSW1,2008/8/12 9:00,11840.46,56.54,TRADE
NSW1,2008/8/12 9:30,11665.4,53.08,TRADE
NSW1,2008/8/12 10:00,11489.74,46.85,TRADE
NSW1,2008/8/12 10:30,11328.24,43.87,TRADE
NSW1,2008/8/12 11:00,11171.05,41.3,TRADE
NSW1,2008/8/12 11:30,10979.15,39.46,TRADE
NSW1,2008/8/12 12:00,10840.88,39.98,TRADE
NSW1,2008/8/12 12:30,10680.88,40.79,TRADE
NSW1,2008/8/12 13:00,10668.52,41.38,TRADE
NSW1,2008/8/12 13:30,10540.94,41.19,TRADE
NSW1,2008/8/12 14:00,10449.38,40.67,TRADE
NSW1,2008/8/12 14:30,10373.09,45.08,TRADE
NSW1,2008/8/12 15:00,10318.82,42.86,TRADE
NSW1,2008/8/12 15:30,10302.9,41.01,TRADE
NSW1,2008/8/12 16:00,10495.85,42.66,TRADE
NSW1,2008/8/12 16:30,10666.5,45.1,TRADE
NSW1,2008/8/12 17:00,11109,47.35,TRADE
NSW1,2008/8/12 17:30,11692.29,49.47,TRADE
NSW1,2008/8/12 18:00,12641.88,85.85,TRADE
NSW1,2008/8/12 18:30,13096.84,105,TRADE
NSW1,2008/8/12 19:00,13080.85,110.78,TRADE
NSW1,2008/8/12 19:30,12824.7,93.76,TRADE
NSW1,2008/8/12 20:00,12586.74,85.27,TRADE
NSW1,2008/8/12 20:30,12432.2,76.78,TRADE
NSW1,2008/8/12 21:00,12118.04,70.99,TRADE
NSW1,2008/8/12 21:30,11725.16,56.21,TRADE
NSW1,2008/8/12 22:00,11151.14,45.24,TRADE
NSW1,2008/8/12 22:30,11015.06,57.43,TRADE
NSW1,2008/8/12 23:00,10483.71,56.3,TRADE
NSW1,2008/8/12 23:30,10204.45,57.53,TRADE
NSW1,2008/8/13 0:00,9937.19,46.44,TRADE
NSW1,2008/8/13 0:30,9750.54,41.01,TRADE
NSW1,2008/8/13 1:00,9582.67,40.71,TRADE
NSW1,2008/8/13 1:30,9424.03,40.09,TRADE
NSW1,2008/8/13 2:00,9170.15,34.86,TRADE
NSW1,2008/8/13 2:30,8739.77,32.28,TRADE
NSW1,2008/8/13 3:00,8347.18,27.09,TRADE
NSW1,2008/8/13 3:30,8079.84,22.91,TRADE
NSW1,2008/8/13 4:00,7861.43,21.9,TRADE
NSW1,2008/8/13 4:30,7815.69,22.14,TRADE
NSW1,2008/8/13 5:00,7868.59,22.35,TRADE
NSW1,2008/8/13 5:30,8235.66,30.04,TRADE
NSW1,2008/8/13 6:00,8741.37,34.46,TRADE
NSW1,2008/8/13 6:30,9815.42,51.06,TRADE
NSW1,2008/8/13 7:00,10764.1,62.49,TRADE
NSW1,2008/8/13 7:30,11320.99,53.98,TRADE
NSW1,2008/8/13 8:00,11722.42,75.32,TRADE
NSW1,2008/8/13 8:30,11693.38,72.98,TRADE
NSW1,2008/8/13 9:00,11443.19,65.77,TRADE
NSW1,2008/8/13 9:30,11343.99,58.58,TRADE
NSW1,2008/8/13 10:00,11141.12,49.21,TRADE
NSW1,2008/8/13 10:30,11013.59,46.15,TRADE
NSW1,2008/8/13 11:00,10936.65,43.23,TRADE
NSW1,2008/8/13 11:30,10726.81,48.67,TRADE
NSW1,2008/8/13 12:00,10613.96,49.75,TRADE
NSW1,2008/8/13 12:30,10466.74,44.8,TRADE
NSW1,2008/8/13 13:00,10389.05,47.32,TRADE
NSW1,2008/8/13 13:30,10204.61,46.69,TRADE
NSW1,2008/8/13 14:00,10183.23,45.13,TRADE
NSW1,2008/8/13 14:30,10155.9,44,TRADE
NSW1,2008/8/13 15:00,10067.39,43.99,TRADE
NSW1,2008/8/13 15:30,10045.12,41.57,TRADE
NSW1,2008/8/13 16:00,10216.91,45.97,TRADE
NSW1,2008/8/13 16:30,10402.1,47.74,TRADE
NSW1,2008/8/13 17:00,10779.6,40.48,TRADE
NSW1,2008/8/13 17:30,11345.99,48.09,TRADE
NSW1,2008/8/13 18:00,12292.84,90.46,TRADE
NSW1,2008/8/13 18:30,12678.78,113.26,TRADE
NSW1,2008/8/13 19:00,12715.65,120.74,TRADE
NSW1,2008/8/13 19:30,12539.54,97.37,TRADE
NSW1,2008/8/13 20:00,12346.97,96.41,TRADE
NSW1,2008/8/13 20:30,12203.54,90.47,TRADE
NSW1,2008/8/13 21:00,12001.35,76.49,TRADE
NSW1,2008/8/13 21:30,11649.3,57.39,TRADE
NSW1,2008/8/13 22:00,11108.54,45.23,TRADE
NSW1,2008/8/13 22:30,10932.51,51.4,TRADE
NSW1,2008/8/13 23:00,10469.27,50.35,TRADE
NSW1,2008/8/13 23:30,10246.26,56.31,TRADE
NSW1,2008/8/14 0:00,10017.41,48.69,TRADE
NSW1,2008/8/14 0:30,9750.64,41.37,TRADE
NSW1,2008/8/14 1:00,9622.66,39.27,TRADE
NSW1,2008/8/14 1:30,9475.21,41.19,TRADE
NSW1,2008/8/14 2:00,9245.07,35.46,TRADE
NSW1,2008/8/14 2:30,8810.37,32.67,TRADE
NSW1,2008/8/14 3:00,8474.13,27.83,TRADE
NSW1,2008/8/14 3:30,8152.97,22.95,TRADE
NSW1,2008/8/14 4:00,7970.41,22.27,TRADE
NSW1,2008/8/14 4:30,7846.29,21.74,TRADE
NSW1,2008/8/14 5:00,7911.64,23.1,TRADE
NSW1,2008/8/14 5:30,8315.77,29.82,TRADE
NSW1,2008/8/14 6:00,8793.1,33.96,TRADE
NSW1,2008/8/14 6:30,9873.16,58.62,TRADE
NSW1,2008/8/14 7:00,10839.66,67.87,TRADE
NSW1,2008/8/14 7:30,11449.18,56.45,TRADE
NSW1,2008/8/14 8:00,11898.6,79.26,TRADE
NSW1,2008/8/14 8:30,11885.53,75.88,TRADE
NSW1,2008/8/14 9:00,11626.56,57.28,TRADE
NSW1,2008/8/14 9:30,11534.33,53.33,TRADE
NSW1,2008/8/14 10:00,11353.4,45.5,TRADE
NSW1,2008/8/14 10:30,11208.42,44.32,TRADE
NSW1,2008/8/14 11:00,11002.56,41.01,TRADE
NSW1,2008/8/14 11:30,10815.85,50.83,TRADE
NSW1,2008/8/14 12:00,10646.26,49.61,TRADE
NSW1,2008/8/14 12:30,10517.39,46.3,TRADE
NSW1,2008/8/14 13:00,10412.49,42.29,TRADE
NSW1,2008/8/14 13:30,10315.4,42.18,TRADE
NSW1,2008/8/14 14:00,10272.13,42.9,TRADE
NSW1,2008/8/14 14:30,10186.09,40.89,TRADE
NSW1,2008/8/14 15:00,10128.02,39.12,TRADE
NSW1,2008/8/14 15:30,10000.12,36.27,TRADE
NSW1,2008/8/14 16:00,10120.48,40.1,TRADE
NSW1,2008/8/14 16:30,10325.51,40.71,TRADE
NSW1,2008/8/14 17:00,10675.49,40.69,TRADE
NSW1,2008/8/14 17:30,11162.14,45.66,TRADE
NSW1,2008/8/14 18:00,12226.64,77.48,TRADE
NSW1,2008/8/14 18:30,12688.64,98.63,TRADE
NSW1,2008/8/14 19:00,12736.87,101.48,TRADE
NSW1,2008/8/14 19:30,12585.75,95.06,TRADE
NSW1,2008/8/14 20:00,12454.41,73.8,TRADE
NSW1,2008/8/14 20:30,12319.28,82.34,TRADE
NSW1,2008/8/14 21:00,12054.62,63.7,TRADE
NSW1,2008/8/14 21:30,11637.79,52.16,TRADE
NSW1,2008/8/14 22:00,11149.75,44.52,TRADE
NSW1,2008/8/14 22:30,10953.74,43.37,TRADE
NSW1,2008/8/14 23:00,10484.76,38.37,TRADE
NSW1,2008/8/14 23:30,10181.82,38.14,TRADE
NSW1,2008/8/15 0:00,9949.89,35.4,TRADE
NSW1,2008/8/15 0:30,9705.76,33.18,TRADE
NSW1,2008/8/15 1:00,9524.13,28,TRADE
NSW1,2008/8/15 1:30,9317.56,26.51,TRADE
NSW1,2008/8/15 2:00,9043.29,29.85,TRADE
NSW1,2008/8/15 2:30,8658.72,25,TRADE
NSW1,2008/8/15 3:00,8285.2,21.98,TRADE
NSW1,2008/8/15 3:30,8023.73,22.13,TRADE
NSW1,2008/8/15 4:00,7812.49,21.48,TRADE
NSW1,2008/8/15 4:30,7730.43,19.28,TRADE
NSW1,2008/8/15 5:00,7815.75,22.21,TRADE
NSW1,2008/8/15 5:30,8230.45,23.18,TRADE
NSW1,2008/8/15 6:00,8683.37,29.74,TRADE
NSW1,2008/8/15 6:30,9662.46,41.6,TRADE
NSW1,2008/8/15 7:00,10578.01,46.41,TRADE
NSW1,2008/8/15 7:30,11128.01,44.96,TRADE
NSW1,2008/8/15 8:00,11614.71,65.33,TRADE
NSW1,2008/8/15 8:30,11569.02,67.23,TRADE
NSW1,2008/8/15 9:00,11331.02,53.97,TRADE
NSW1,2008/8/15 9:30,11152.76,48.63,TRADE
NSW1,2008/8/15 10:00,11019.93,42.76,TRADE
NSW1,2008/8/15 10:30,10897.83,38.87,TRADE
NSW1,2008/8/15 11:00,10767.44,36.04,TRADE
NSW1,2008/8/15 11:30,10574.84,37.9,TRADE
NSW1,2008/8/15 12:00,10373.89,39.49,TRADE
NSW1,2008/8/15 12:30,10261.73,37.7,TRADE
NSW1,2008/8/15 13:00,10085.5,34.22,TRADE
NSW1,2008/8/15 13:30,10031.61,35.26,TRADE
NSW1,2008/8/15 14:00,9908.68,34.93,TRADE
NSW1,2008/8/15 14:30,9875.27,32.41,TRADE
NSW1,2008/8/15 15:00,9761.5,30.99,TRADE
NSW1,2008/8/15 15:30,9699.34,28.99,TRADE
NSW1,2008/8/15 16:00,9849.49,30.36,TRADE
NSW1,2008/8/15 16:30,10013.87,31.33,TRADE
NSW1,2008/8/15 17:00,10325.31,29.74,TRADE
NSW1,2008/8/15 17:30,10782.95,35.38,TRADE
NSW1,2008/8/15 18:00,11579.65,45.26,TRADE
NSW1,2008/8/15 18:30,11932.13,54.04,TRADE
NSW1,2008/8/15 19:00,11795.27,50.39,TRADE
NSW1,2008/8/15 19:30,11661.7,44.97,TRADE
NSW1,2008/8/15 20:00,11443.59,44.97,TRADE
NSW1,2008/8/15 20:30,11303.39,40.76,TRADE
NSW1,2008/8/15 21:00,11112.98,36.86,TRADE
NSW1,2008/8/15 21:30,10808.42,34.89,TRADE
NSW1,2008/8/15 22:00,10435.1,28.58,TRADE
NSW1,2008/8/15 22:30,10588.94,37.04,TRADE
NSW1,2008/8/15 23:00,10302.14,36.08,TRADE
NSW1,2008/8/15 23:30,10126.39,39.95,TRADE
NSW1,2008/8/16 0:00,9941.77,39.58,TRADE
NSW1,2008/8/16 0:30,9707.04,37.51,TRADE
NSW1,2008/8/16 1:00,9404.83,34.78,TRADE
NSW1,2008/8/16 1:30,9240.71,35.51,TRADE
NSW1,2008/8/16 2:00,8916.04,30.22,TRADE
NSW1,2008/8/16 2:30,8459.54,31.13,TRADE
NSW1,2008/8/16 3:00,8057.69,22.52,TRADE
NSW1,2008/8/16 3:30,7749.46,21.76,TRADE
NSW1,2008/8/16 4:00,7554.94,21.78,TRADE
NSW1,2008/8/16 4:30,7383.74,21.81,TRADE
NSW1,2008/8/16 5:00,7330.17,21.73,TRADE
NSW1,2008/8/16 5:30,7418.91,21.71,TRADE
NSW1,2008/8/16 6:00,7656.17,22,TRADE
NSW1,2008/8/16 6:30,7967.28,28.63,TRADE
NSW1,2008/8/16 7:00,8338.9,27.26,TRADE
NSW1,2008/8/16 7:30,8935.23,24.19,TRADE
NSW1,2008/8/16 8:00,9574.45,29.99,TRADE
NSW1,2008/8/16 8:30,10035.59,35.03,TRADE
NSW1,2008/8/16 9:00,10201.18,41.59,TRADE
NSW1,2008/8/16 9:30,10445.69,44.12,TRADE
NSW1,2008/8/16 10:00,10250.92,41.01,TRADE
NSW1,2008/8/16 10:30,10158.53,38.16,TRADE
NSW1,2008/8/16 11:00,9864.36,34.95,TRADE
NSW1,2008/8/16 11:30,9662.55,33.8,TRADE
NSW1,2008/8/16 12:00,9482.77,33.65,TRADE
NSW1,2008/8/16 12:30,9339.24,29.64,TRADE
NSW1,2008/8/16 13:00,9195.19,30.88,TRADE
NSW1,2008/8/16 13:30,9065.59,30.81,TRADE
NSW1,2008/8/16 14:00,8952.43,27.84,TRADE
NSW1,2008/8/16 14:30,8899.33,25.5,TRADE
NSW1,2008/8/16 15:00,8866.3,22.37,TRADE
NSW1,2008/8/16 15:30,8870.09,21.98,TRADE
NSW1,2008/8/16 16:00,9076.86,24.39,TRADE
NSW1,2008/8/16 16:30,9343.85,30.73,TRADE
NSW1,2008/8/16 17:00,9740.32,33.72,TRADE
NSW1,2008/8/16 17:30,10100.58,32.91,TRADE
NSW1,2008/8/16 18:00,10905.46,48.36,TRADE
NSW1,2008/8/16 18:30,11211.6,63.67,TRADE
NSW1,2008/8/16 19:00,11130.48,61.66,TRADE
NSW1,2008/8/16 19:30,10905.08,58.18,TRADE
NSW1,2008/8/16 20:00,10673.37,57.89,TRADE
NSW1,2008/8/16 20:30,10523.16,53.13,TRADE
NSW1,2008/8/16 21:00,10364.53,45.58,TRADE
NSW1,2008/8/16 21:30,10152.28,38.69,TRADE
NSW1,2008/8/16 22:00,9936.81,34.99,TRADE
NSW1,2008/8/16 22:30,9858.04,38.41,TRADE
NSW1,2008/8/16 23:00,9682.06,34.08,TRADE
NSW1,2008/8/16 23:30,9518.49,33.9,TRADE
NSW1,2008/8/17 0:00,9270.13,32.71,TRADE
NSW1,2008/8/17 0:30,8942.75,31.66,TRADE
NSW1,2008/8/17 1:00,8688.59,25.88,TRADE
NSW1,2008/8/17 1:30,8530.34,24.92,TRADE
NSW1,2008/8/17 2:00,8255.53,21.03,TRADE
NSW1,2008/8/17 2:30,7878.02,25.52,TRADE
NSW1,2008/8/17 3:00,7564.03,20.92,TRADE
NSW1,2008/8/17 3:30,7317.31,16.49,TRADE
NSW1,2008/8/17 4:00,7175.22,16.79,TRADE
NSW1,2008/8/17 4:30,7067.08,15.84,TRADE
NSW1,2008/8/17 5:00,7113.34,16.12,TRADE
NSW1,2008/8/17 5:30,7175.16,16.87,TRADE
NSW1,2008/8/17 6:00,7326.17,18.57,TRADE
NSW1,2008/8/17 6:30,7576.61,20.8,TRADE
NSW1,2008/8/17 7:00,7875.59,23.17,TRADE
NSW1,2008/8/17 7:30,8351.06,21.71,TRADE
NSW1,2008/8/17 8:00,8978.3,24.95,TRADE
NSW1,2008/8/17 8:30,9478.07,28.44,TRADE
NSW1,2008/8/17 9:00,9781.78,32.32,TRADE
NSW1,2008/8/17 9:30,9896.6,33.64,TRADE
NSW1,2008/8/17 10:00,9896.12,33.89,TRADE
NSW1,2008/8/17 10:30,9793.43,33.48,TRADE
NSW1,2008/8/17 11:00,9620.07,30.94,TRADE
NSW1,2008/8/17 11:30,9401.15,29.81,TRADE
NSW1,2008/8/17 12:00,9235.9,27.72,TRADE
NSW1,2008/8/17 12:30,9121.32,27.52,TRADE
NSW1,2008/8/17 13:00,8921.68,24.48,TRADE
NSW1,2008/8/17 13:30,8780.34,21.95,TRADE
NSW1,2008/8/17 14:00,8714.34,21.58,TRADE
NSW1,2008/8/17 14:30,8583.66,20.4,TRADE
NSW1,2008/8/17 15:00,8503.3,22.34,TRADE
NSW1,2008/8/17 15:30,8507.07,21.9,TRADE
NSW1,2008/8/17 16:00,8702.98,22.03,TRADE
NSW1,2008/8/17 16:30,8992.01,21.82,TRADE
NSW1,2008/8/17 17:00,9388.19,22.93,TRADE
NSW1,2008/8/17 17:30,9937.62,31.41,TRADE
NSW1,2008/8/17 18:00,11058.87,48.76,TRADE
NSW1,2008/8/17 18:30,11632.68,61.98,TRADE
NSW1,2008/8/17 19:00,11758.87,71.05,TRADE
NSW1,2008/8/17 19:30,11497.98,65.47,TRADE
NSW1,2008/8/17 20:00,11338.19,59.98,TRADE
NSW1,2008/8/17 20:30,11233.91,62.98,TRADE
NSW1,2008/8/17 21:00,11083.11,50.42,TRADE
NSW1,2008/8/17 21:30,10719.45,39.85,TRADE
NSW1,2008/8/17 22:00,10310.94,36.78,TRADE
NSW1,2008/8/17 22:30,10002.73,35.79,TRADE
NSW1,2008/8/17 23:00,9599.66,29.01,TRADE
NSW1,2008/8/17 23:30,9353.28,28.82,TRADE
NSW1,2008/8/18 0:00,9031.63,26.04,TRADE
NSW1,2008/8/18 0:30,8791.9,23.83,TRADE
NSW1,2008/8/18 1:00,8652.94,24.99,TRADE
NSW1,2008/8/18 1:30,8541.16,29.74,TRADE
NSW1,2008/8/18 2:00,8349.85,22.17,TRADE
NSW1,2008/8/18 2:30,7966.91,23,TRADE
NSW1,2008/8/18 3:00,7730.73,20.78,TRADE
NSW1,2008/8/18 3:30,7528.3,17.2,TRADE
NSW1,2008/8/18 4:00,7432.27,15.83,TRADE
NSW1,2008/8/18 4:30,7417.7,15.9,TRADE
NSW1,2008/8/18 5:00,7522.55,16.7,TRADE
NSW1,2008/8/18 5:30,7969.19,21.22,TRADE
NSW1,2008/8/18 6:00,8507.97,26.04,TRADE
NSW1,2008/8/18 6:30,9495.53,30.17,TRADE
NSW1,2008/8/18 7:00,10556.11,42.25,TRADE
NSW1,2008/8/18 7:30,11187.49,42.05,TRADE
NSW1,2008/8/18 8:00,11760.63,53.97,TRADE
NSW1,2008/8/18 8:30,11859.06,57.82,TRADE
NSW1,2008/8/18 9:00,11701.25,48.56,TRADE
NSW1,2008/8/18 9:30,11711.31,49.49,TRADE
NSW1,2008/8/18 10:00,11533.83,43.65,TRADE
NSW1,2008/8/18 10:30,11392.42,41.22,TRADE
NSW1,2008/8/18 11:00,11265.33,39.49,TRADE
NSW1,2008/8/18 11:30,11071.19,41.78,TRADE
NSW1,2008/8/18 12:00,10891.69,42.64,TRADE
NSW1,2008/8/18 12:30,10831.47,42.67,TRADE
NSW1,2008/8/18 13:00,10702.89,41.58,TRADE
NSW1,2008/8/18 13:30,10585.02,41.93,TRADE
NSW1,2008/8/18 14:00,10353.51,38.99,TRADE
NSW1,2008/8/18 14:30,10260.5,39.23,TRADE
NSW1,2008/8/18 15:00,10267.82,38.95,TRADE
NSW1,2008/8/18 15:30,10307.75,37.14,TRADE
NSW1,2008/8/18 16:00,10530.77,41.16,TRADE
NSW1,2008/8/18 16:30,10874.06,44.59,TRADE
NSW1,2008/8/18 17:00,11239.72,44.86,TRADE
NSW1,2008/8/18 17:30,11942.51,53.15,TRADE
NSW1,2008/8/18 18:00,12794.44,85.64,TRADE
NSW1,2008/8/18 18:30,13139.06,100.52,TRADE
NSW1,2008/8/18 19:00,13134.11,98.8,TRADE
NSW1,2008/8/18 19:30,12834.8,80.24,TRADE
NSW1,2008/8/18 20:00,12660.07,71.05,TRADE
NSW1,2008/8/18 20:30,12342.09,62.45,TRADE
NSW1,2008/8/18 21:00,12146.59,55.67,TRADE
NSW1,2008/8/18 21:30,11645.43,44.68,TRADE
NSW1,2008/8/18 22:00,11196.83,36.44,TRADE
NSW1,2008/8/18 22:30,11040.06,37.99,TRADE
NSW1,2008/8/18 23:00,10565.99,33.81,TRADE
NSW1,2008/8/18 23:30,10328.54,38.82,TRADE
NSW1,2008/8/19 0:00,10100.03,35.85,TRADE
NSW1,2008/8/19 0:30,9906.6,34.9,TRADE
NSW1,2008/8/19 1:00,9645.42,32.39,TRADE
NSW1,2008/8/19 1:30,9559.59,33.28,TRADE
NSW1,2008/8/19 2:00,9276.27,26.84,TRADE
NSW1,2008/8/19 2:30,8883.03,27.99,TRADE
NSW1,2008/8/19 3:00,8529.21,23.27,TRADE
NSW1,2008/8/19 3:30,8226.68,22.1,TRADE
NSW1,2008/8/19 4:00,8019.33,21.55,TRADE
NSW1,2008/8/19 4:30,7907.56,21.81,TRADE
NSW1,2008/8/19 5:00,7973.37,21.92,TRADE
NSW1,2008/8/19 5:30,8360.72,24.99,TRADE
NSW1,2008/8/19 6:00,8891.8,27.03,TRADE
NSW1,2008/8/19 6:30,9981.35,41.36,TRADE
NSW1,2008/8/19 7:00,10997.56,59.34,TRADE
NSW1,2008/8/19 7:30,11543.15,46.59,TRADE
NSW1,2008/8/19 8:00,11907.72,57.23,TRADE
NSW1,2008/8/19 8:30,11922.31,56.39,TRADE
NSW1,2008/8/19 9:00,11697.18,43.85,TRADE
NSW1,2008/8/19 9:30,11567.56,42.22,TRADE
NSW1,2008/8/19 10:00,11413.79,41.67,TRADE
NSW1,2008/8/19 10:30,11223.36,36.94,TRADE
NSW1,2008/8/19 11:00,11042.32,33.44,TRADE
NSW1,2008/8/19 11:30,10742.24,31.9,TRADE
NSW1,2008/8/19 12:00,10626.96,34.62,TRADE
NSW1,2008/8/19 12:30,10416.2,33.13,TRADE
NSW1,2008/8/19 13:00,10338.83,33.04,TRADE
NSW1,2008/8/19 13:30,10246.19,33.49,TRADE
NSW1,2008/8/19 14:00,10132.84,30.61,TRADE
NSW1,2008/8/19 14:30,9967.12,25.9,TRADE
NSW1,2008/8/19 15:00,9914.54,27.49,TRADE
NSW1,2008/8/19 15:30,9935.76,28.11,TRADE
NSW1,2008/8/19 16:00,9949.69,29.65,TRADE
NSW1,2008/8/19 16:30,10126.16,28.35,TRADE
NSW1,2008/8/19 17:00,10535.14,26.8,TRADE
NSW1,2008/8/19 17:30,11117.74,33.93,TRADE
NSW1,2008/8/19 18:00,12136.69,50.88,TRADE
NSW1,2008/8/19 18:30,12611.04,79.55,TRADE
NSW1,2008/8/19 19:00,12667.43,82.27,TRADE
NSW1,2008/8/19 19:30,12527.69,62.05,TRADE
NSW1,2008/8/19 20:00,12377.61,59.59,TRADE
NSW1,2008/8/19 20:30,12195.89,49.84,TRADE
NSW1,2008/8/19 21:00,11927.95,44.13,TRADE
NSW1,2008/8/19 21:30,11540.19,36.83,TRADE
NSW1,2008/8/19 22:00,10980.92,30.08,TRADE
NSW1,2008/8/19 22:30,10885.74,34.47,TRADE
NSW1,2008/8/19 23:00,10415.79,30.78,TRADE
NSW1,2008/8/19 23:30,10208.15,35.59,TRADE
NSW1,2008/8/20 0:00,9933.23,31.59,TRADE
NSW1,2008/8/20 0:30,9751.48,29.72,TRADE
NSW1,2008/8/20 1:00,9515.52,27.51,TRADE
NSW1,2008/8/20 1:30,9424.56,27.34,TRADE
NSW1,2008/8/20 2:00,9144.46,22.72,TRADE
NSW1,2008/8/20 2:30,8718.07,24.7,TRADE
NSW1,2008/8/20 3:00,8318.7,22.76,TRADE
NSW1,2008/8/20 3:30,8008.46,21.91,TRADE
NSW1,2008/8/20 4:00,7806.95,21.79,TRADE
NSW1,2008/8/20 4:30,7724.52,21.71,TRADE
NSW1,2008/8/20 5:00,7807.16,21.86,TRADE
NSW1,2008/8/20 5:30,8196.13,21.78,TRADE
NSW1,2008/8/20 6:00,8709.39,24.52,TRADE
NSW1,2008/8/20 6:30,9746.49,36.62,TRADE
NSW1,2008/8/20 7:00,10699.79,43.55,TRADE
NSW1,2008/8/20 7:30,11201.61,42.57,TRADE
NSW1,2008/8/20 8:00,11703.51,46.45,TRADE
NSW1,2008/8/20 8:30,11742.38,47.27,TRADE
NSW1,2008/8/20 9:00,11503.42,40.74,TRADE
NSW1,2008/8/20 9:30,11367.7,41.12,TRADE
NSW1,2008/8/20 10:00,11230.89,40.89,TRADE
NSW1,2008/8/20 10:30,11037.46,38.33,TRADE
NSW1,2008/8/20 11:00,10860.58,38.13,TRADE
NSW1,2008/8/20 11:30,10596.38,35.68,TRADE
NSW1,2008/8/20 12:00,10391.12,28.65,TRADE
NSW1,2008/8/20 12:30,10273.5,30.06,TRADE
NSW1,2008/8/20 13:00,10158.38,32.39,TRADE
NSW1,2008/8/20 13:30,10079.89,33.61,TRADE
NSW1,2008/8/20 14:00,9905.39,32.01,TRADE
NSW1,2008/8/20 14:30,9869.5,32.11,TRADE
NSW1,2008/8/20 15:00,9831.87,31.97,TRADE
NSW1,2008/8/20 15:30,9812.95,32.08,TRADE
NSW1,2008/8/20 16:00,9852.11,32.06,TRADE
NSW1,2008/8/20 16:30,10029.54,31.33,TRADE
NSW1,2008/8/20 17:00,10332.12,25.46,TRADE
NSW1,2008/8/20 17:30,10801.67,31.18,TRADE
NSW1,2008/8/20 18:00,11767.38,41.68,TRADE
NSW1,2008/8/20 18:30,12147.17,49.08,TRADE
NSW1,2008/8/20 19:00,12148.05,55.75,TRADE
NSW1,2008/8/20 19:30,11994.66,45.94,TRADE
NSW1,2008/8/20 20:00,11849.1,42.84,TRADE
NSW1,2008/8/20 20:30,11714.68,41.92,TRADE
NSW1,2008/8/20 21:00,11474.53,39.65,TRADE
NSW1,2008/8/20 21:30,11120.56,37.24,TRADE
NSW1,2008/8/20 22:00,10700.83,33.26,TRADE
NSW1,2008/8/20 22:30,10662.03,36.81,TRADE
NSW1,2008/8/20 23:00,10237.22,32.99,TRADE
NSW1,2008/8/20 23:30,9945.35,36.73,TRADE
NSW1,2008/8/21 0:00,9705.36,32.92,TRADE
NSW1,2008/8/21 0:30,9515.24,28.85,TRADE
NSW1,2008/8/21 1:00,9357.99,25,TRADE
NSW1,2008/8/21 1:30,9172.28,24.5,TRADE
NSW1,2008/8/21 2:00,8924.26,22.44,TRADE
NSW1,2008/8/21 2:30,8472.67,27.22,TRADE
NSW1,2008/8/21 3:00,8186.18,23.44,TRADE
NSW1,2008/8/21 3:30,7833.44,19.91,TRADE
NSW1,2008/8/21 4:00,7686.16,17.32,TRADE
NSW1,2008/8/21 4:30,7602.03,16.13,TRADE
NSW1,2008/8/21 5:00,7693.75,17.66,TRADE
NSW1,2008/8/21 5:30,8039.98,21.18,TRADE
NSW1,2008/8/21 6:00,8565.87,23.74,TRADE
NSW1,2008/8/21 6:30,9524.3,30.48,TRADE
NSW1,2008/8/21 7:00,10514.21,37.17,TRADE
NSW1,2008/8/21 7:30,11070.51,37.97,TRADE
NSW1,2008/8/21 8:00,11491.73,44.03,TRADE
NSW1,2008/8/21 8:30,11520.4,44.02,TRADE
NSW1,2008/8/21 9:00,11352.92,41.92,TRADE
NSW1,2008/8/21 9:30,11239.23,42.35,TRADE
NSW1,2008/8/21 10:00,11124.59,41.26,TRADE
NSW1,2008/8/21 10:30,10931.02,38.78,TRADE
NSW1,2008/8/21 11:00,10844.13,39.32,TRADE
NSW1,2008/8/21 11:30,10616.59,39.47,TRADE
NSW1,2008/8/21 12:00,10369.45,38.82,TRADE
NSW1,2008/8/21 12:30,10257.52,39.51,TRADE
NSW1,2008/8/21 13:00,10096.6,38.56,TRADE
NSW1,2008/8/21 13:30,9976.81,38.24,TRADE
NSW1,2008/8/21 14:00,9983.53,39.37,TRADE
NSW1,2008/8/21 14:30,9913.79,39.08,TRADE
NSW1,2008/8/21 15:00,9863.94,36.44,TRADE
NSW1,2008/8/21 15:30,9849.1,34.99,TRADE
NSW1,2008/8/21 16:00,9921.17,35.15,TRADE
NSW1,2008/8/21 16:30,10201.36,36.82,TRADE
NSW1,2008/8/21 17:00,10516.76,36.95,TRADE
NSW1,2008/8/21 17:30,10958.57,38.84,TRADE
NSW1,2008/8/21 18:00,11759.89,50.61,TRADE
NSW1,2008/8/21 18:30,12001.5,56.07,TRADE
NSW1,2008/8/21 19:00,12004.96,55.6,TRADE
NSW1,2008/8/21 19:30,11841.64,45.66,TRADE
NSW1,2008/8/21 20:00,11686.21,43.88,TRADE
NSW1,2008/8/21 20:30,11521.51,43.58,TRADE
NSW1,2008/8/21 21:00,11304.38,41.73,TRADE
NSW1,2008/8/21 21:30,10871.74,37.07,TRADE
NSW1,2008/8/21 22:00,10487.16,33.53,TRADE
NSW1,2008/8/21 22:30,10421.94,38.56,TRADE
NSW1,2008/8/21 23:00,10097.45,34.88,TRADE
NSW1,2008/8/21 23:30,9925.17,37.56,TRADE
NSW1,2008/8/22 0:00,9729.07,34.66,TRADE
NSW1,2008/8/22 0:30,9477.03,29.62,TRADE
NSW1,2008/8/22 1:00,9356.19,30.29,TRADE
NSW1,2008/8/22 1:30,9153.75,27.75,TRADE
NSW1,2008/8/22 2:00,8874.99,22,TRADE
NSW1,2008/8/22 2:30,8434.56,23.85,TRADE
NSW1,2008/8/22 3:00,8119.92,23.22,TRADE
NSW1,2008/8/22 3:30,7744.9,17.68,TRADE
NSW1,2008/8/22 4:00,7586.54,16.28,TRADE
NSW1,2008/8/22 4:30,7500.89,15.43,TRADE
NSW1,2008/8/22 5:00,7592.26,21.01,TRADE
NSW1,2008/8/22 5:30,7898.77,21.92,TRADE
NSW1,2008/8/22 6:00,8407.03,24.57,TRADE
NSW1,2008/8/22 6:30,9306.95,32.19,TRADE
NSW1,2008/8/22 7:00,10216.49,36.74,TRADE
NSW1,2008/8/22 7:30,10646.47,36.4,TRADE
NSW1,2008/8/22 8:00,11202.24,43.44,TRADE
NSW1,2008/8/22 8:30,11326.71,52.16,TRADE
NSW1,2008/8/22 9:00,11253.37,50.69,TRADE
NSW1,2008/8/22 9:30,11342.82,55.21,TRADE
NSW1,2008/8/22 10:00,11358.93,55.08,TRADE
NSW1,2008/8/22 10:30,11291.6,46,TRADE
NSW1,2008/8/22 11:00,11191.83,44.27,TRADE
NSW1,2008/8/22 11:30,11025.91,46.7,TRADE
NSW1,2008/8/22 12:00,10982.43,56.61,TRADE
NSW1,2008/8/22 12:30,10902.47,53.03,TRADE
NSW1,2008/8/22 13:00,10850.17,47.9,TRADE
NSW1,2008/8/22 13:30,10822.11,46.32,TRADE
NSW1,2008/8/22 14:00,10801.15,44.7,TRADE
NSW1,2008/8/22 14:30,10731.87,45.02,TRADE
NSW1,2008/8/22 15:00,10707.55,44.74,TRADE
NSW1,2008/8/22 15:30,10767.81,44.18,TRADE
NSW1,2008/8/22 16:00,10989.81,50.41,TRADE
NSW1,2008/8/22 16:30,11264.97,60.58,TRADE
NSW1,2008/8/22 17:00,11424.43,57.42,TRADE
NSW1,2008/8/22 17:30,11668.11,47.42,TRADE
NSW1,2008/8/22 18:00,12329.64,64.5,TRADE
NSW1,2008/8/22 18:30,12596.5,100.88,TRADE
NSW1,2008/8/22 19:00,12503.27,98.98,TRADE
NSW1,2008/8/22 19:30,12255.76,90.98,TRADE
NSW1,2008/8/22 20:00,12020.14,73.88,TRADE
NSW1,2008/8/22 20:30,11855.57,67.33,TRADE
NSW1,2008/8/22 21:00,11604.78,57.89,TRADE
NSW1,2008/8/22 21:30,11320.1,56.28,TRADE
NSW1,2008/8/22 22:00,10958.82,46.03,TRADE
NSW1,2008/8/22 22:30,10957.02,64.94,TRADE
NSW1,2008/8/22 23:00,10669.7,55.6,TRADE
NSW1,2008/8/22 23:30,10493.41,84.09,TRADE
NSW1,2008/8/23 0:00,10291.49,77.05,TRADE
NSW1,2008/8/23 0:30,10037.97,52.21,TRADE
NSW1,2008/8/23 1:00,9789.65,48.39,TRADE
NSW1,2008/8/23 1:30,9533.79,44.48,TRADE
NSW1,2008/8/23 2:00,9186.14,38.32,TRADE
NSW1,2008/8/23 2:30,8680.21,33.14,TRADE
NSW1,2008/8/23 3:00,8218.29,26.82,TRADE
NSW1,2008/8/23 3:30,7937.26,23.56,TRADE
NSW1,2008/8/23 4:00,7773.81,22.99,TRADE
NSW1,2008/8/23 4:30,7660.97,22.94,TRADE
NSW1,2008/8/23 5:00,7568.55,21.98,TRADE
NSW1,2008/8/23 5:30,7713.26,24.56,TRADE
NSW1,2008/8/23 6:00,7830.69,24.22,TRADE
NSW1,2008/8/23 6:30,8157.86,26.65,TRADE
NSW1,2008/8/23 7:00,8527.9,32.24,TRADE
NSW1,2008/8/23 7:30,9076.65,30.06,TRADE
NSW1,2008/8/23 8:00,9766.92,40.84,TRADE
NSW1,2008/8/23 8:30,10332.63,55.37,TRADE
NSW1,2008/8/23 9:00,10680.07,71.75,TRADE
NSW1,2008/8/23 9:30,10939.31,87.32,TRADE
NSW1,2008/8/23 10:00,10902.64,77.33,TRADE
NSW1,2008/8/23 10:30,10869.03,71.51,TRADE
NSW1,2008/8/23 11:00,10653.19,62.19,TRADE
NSW1,2008/8/23 11:30,10496.74,55.64,TRADE
NSW1,2008/8/23 12:00,10298.46,45.54,TRADE
NSW1,2008/8/23 12:30,10170.69,43.26,TRADE
NSW1,2008/8/23 13:00,9999.29,40.84,TRADE
NSW1,2008/8/23 13:30,9891.65,40,TRADE
NSW1,2008/8/23 14:00,9703.48,37.75,TRADE
NSW1,2008/8/23 14:30,9629.73,35.62,TRADE
NSW1,2008/8/23 15:00,9560.2,35.28,TRADE
NSW1,2008/8/23 15:30,9622.51,35.31,TRADE
NSW1,2008/8/23 16:00,9687.5,36.05,TRADE
NSW1,2008/8/23 16:30,9874.01,38.42,TRADE
NSW1,2008/8/23 17:00,10154.67,41.41,TRADE
NSW1,2008/8/23 17:30,10444.43,42.69,TRADE
NSW1,2008/8/23 18:00,11179.18,64.77,TRADE
NSW1,2008/8/23 18:30,11645.49,94.79,TRADE
NSW1,2008/8/23 19:00,11683.61,92.92,TRADE
NSW1,2008/8/23 19:30,11387.18,77.36,TRADE
NSW1,2008/8/23 20:00,11181.43,65.47,TRADE
NSW1,2008/8/23 20:30,11019.42,60.43,TRADE
NSW1,2008/8/23 21:00,10840.44,55.99,TRADE
NSW1,2008/8/23 21:30,10645.37,51.38,TRADE
NSW1,2008/8/23 22:00,10359.42,43.5,TRADE
NSW1,2008/8/23 22:30,10286.8,52.46,TRADE
NSW1,2008/8/23 23:00,10026.7,45.86,TRADE
NSW1,2008/8/23 23:30,9873.93,46.97,TRADE
NSW1,2008/8/24 0:00,9626.31,40.42,TRADE
NSW1,2008/8/24 0:30,9295.42,39.93,TRADE
NSW1,2008/8/24 1:00,8999.1,36.03,TRADE
NSW1,2008/8/24 1:30,8800.46,35.68,TRADE
NSW1,2008/8/24 2:00,8483.84,32.64,TRADE
NSW1,2008/8/24 2:30,8077.64,28.38,TRADE
NSW1,2008/8/24 3:00,7812.94,25.14,TRADE
NSW1,2008/8/24 3:30,7569.64,21.79,TRADE
NSW1,2008/8/24 4:00,7460.28,23.05,TRADE
NSW1,2008/8/24 4:30,7363.94,21.98,TRADE
NSW1,2008/8/24 5:00,7351.15,21.78,TRADE
NSW1,2008/8/24 5:30,7438.85,22.19,TRADE
NSW1,2008/8/24 6:00,7562.12,22.17,TRADE
NSW1,2008/8/24 6:30,7770.42,22.72,TRADE
NSW1,2008/8/24 7:00,8128.55,23.83,TRADE
NSW1,2008/8/24 7:30,8554.66,24.8,TRADE
NSW1,2008/8/24 8:00,9146.37,33.77,TRADE
NSW1,2008/8/24 8:30,9646.98,43.48,TRADE
NSW1,2008/8/24 9:00,9944.33,48.97,TRADE
NSW1,2008/8/24 9:30,10093.6,49.63,TRADE
NSW1,2008/8/24 10:00,10109.72,51.01,TRADE
NSW1,2008/8/24 10:30,9984.74,47.8,TRADE
NSW1,2008/8/24 11:00,9771.98,42.3,TRADE
NSW1,2008/8/24 11:30,9592.27,40.31,TRADE
NSW1,2008/8/24 12:00,9387.92,36.99,TRADE
NSW1,2008/8/24 12:30,9275.53,36.35,TRADE
NSW1,2008/8/24 13:00,9175.13,35.21,TRADE
NSW1,2008/8/24 13:30,8963.85,34.35,TRADE
NSW1,2008/8/24 14:00,8712.38,30.36,TRADE
NSW1,2008/8/24 14:30,8688.11,30.59,TRADE
NSW1,2008/8/24 15:00,8751.04,28.81,TRADE
NSW1,2008/8/24 15:30,8767.63,27,TRADE
NSW1,2008/8/24 16:00,8877.78,30.04,TRADE
NSW1,2008/8/24 16:30,9023.12,33.58,TRADE
NSW1,2008/8/24 17:00,9417.4,35.97,TRADE
NSW1,2008/8/24 17:30,9784.91,38.27,TRADE
NSW1,2008/8/24 18:00,10823.5,58.78,TRADE
NSW1,2008/8/24 18:30,11451.32,94.03,TRADE
NSW1,2008/8/24 19:00,11607.54,108.99,TRADE
NSW1,2008/8/24 19:30,11469.72,83.07,TRADE
NSW1,2008/8/24 20:00,11350.19,75.03,TRADE
NSW1,2008/8/24 20:30,11171.79,67.37,TRADE
NSW1,2008/8/24 21:00,11008.18,64.56,TRADE
NSW1,2008/8/24 21:30,10712.59,58.79,TRADE
NSW1,2008/8/24 22:00,10287.27,44.62,TRADE
NSW1,2008/8/24 22:30,10113.2,48.36,TRADE
NSW1,2008/8/24 23:00,9790.23,42.06,TRADE
NSW1,2008/8/24 23:30,9538.19,46.57,TRADE
NSW1,2008/8/25 0:00,9252.79,41.17,TRADE
NSW1,2008/8/25 0:30,8909.92,34.2,TRADE
NSW1,2008/8/25 1:00,8678.84,28.94,TRADE
NSW1,2008/8/25 1:30,8398.25,27.63,TRADE
NSW1,2008/8/25 2:00,8202.5,23.55,TRADE
NSW1,2008/8/25 2:30,7910.94,24.19,TRADE
NSW1,2008/8/25 3:00,7679.08,22.8,TRADE
NSW1,2008/8/25 3:30,7542.17,21.98,TRADE
NSW1,2008/8/25 4:00,7399.36,21.87,TRADE
NSW1,2008/8/25 4:30,7422.35,21.98,TRADE
NSW1,2008/8/25 5:00,7508.21,22.28,TRADE
NSW1,2008/8/25 5:30,7910.08,24.09,TRADE
NSW1,2008/8/25 6:00,8428.55,23.74,TRADE
NSW1,2008/8/25 6:30,9385.68,33.5,TRADE
NSW1,2008/8/25 7:00,10375.75,58.3,TRADE
NSW1,2008/8/25 7:30,10870.05,51.44,TRADE
NSW1,2008/8/25 8:00,11324.66,77.48,TRADE
NSW1,2008/8/25 8:30,11375.33,80.87,TRADE
NSW1,2008/8/25 9:00,11014.87,61.42,TRADE
NSW1,2008/8/25 9:30,10861.36,56.23,TRADE
NSW1,2008/8/25 10:00,10855.57,47.65,TRADE
NSW1,2008/8/25 10:30,10758.35,44.78,TRADE
NSW1,2008/8/25 11:00,10619.66,43.76,TRADE
NSW1,2008/8/25 11:30,10395.54,45.82,TRADE
NSW1,2008/8/25 12:00,10282.95,48.61,TRADE
NSW1,2008/8/25 12:30,10199.96,50.48,TRADE
NSW1,2008/8/25 13:00,10070.16,45.87,TRADE
NSW1,2008/8/25 13:30,10001.7,43.77,TRADE
NSW1,2008/8/25 14:00,9949.14,43.44,TRADE
NSW1,2008/8/25 14:30,9779.91,41.49,TRADE
NSW1,2008/8/25 15:00,9723.47,39.62,TRADE
NSW1,2008/8/25 15:30,9744.14,39.25,TRADE
NSW1,2008/8/25 16:00,9882.85,40.22,TRADE
NSW1,2008/8/25 16:30,10068.36,44.17,TRADE
NSW1,2008/8/25 17:00,10402.9,46.53,TRADE
NSW1,2008/8/25 17:30,10917.1,51.01,TRADE
NSW1,2008/8/25 18:00,11759.19,91.95,TRADE
NSW1,2008/8/25 18:30,12227.53,105.67,TRADE
NSW1,2008/8/25 19:00,12309.82,123.52,TRADE
NSW1,2008/8/25 19:30,12023.54,88.01,TRADE
NSW1,2008/8/25 20:00,11864.9,80.93,TRADE
NSW1,2008/8/25 20:30,11611.16,71.55,TRADE
NSW1,2008/8/25 21:00,11413.56,64.68,TRADE
NSW1,2008/8/25 21:30,11005.71,49.91,TRADE
NSW1,2008/8/25 22:00,10496.91,43.42,TRADE
NSW1,2008/8/25 22:30,10358.74,45.03,TRADE
NSW1,2008/8/25 23:00,10051.46,40.04,TRADE
NSW1,2008/8/25 23:30,9866.58,46.57,TRADE
NSW1,2008/8/26 0:00,9594.07,34.73,TRADE
NSW1,2008/8/26 0:30,9433.94,33.28,TRADE
NSW1,2008/8/26 1:00,9285.46,24.98,TRADE
NSW1,2008/8/26 1:30,9181.41,26.75,TRADE
NSW1,2008/8/26 2:00,8916.38,23.47,TRADE
NSW1,2008/8/26 2:30,8514.3,25.02,TRADE
NSW1,2008/8/26 3:00,8176.38,21.85,TRADE
NSW1,2008/8/26 3:30,7855.52,21.61,TRADE
NSW1,2008/8/26 4:00,7649.36,21.62,TRADE
NSW1,2008/8/26 4:30,7578.38,21.61,TRADE
NSW1,2008/8/26 5:00,7643.84,21.88,TRADE
NSW1,2008/8/26 5:30,8051.63,22.62,TRADE
NSW1,2008/8/26 6:00,8574.85,24.71,TRADE
NSW1,2008/8/26 6:30,9509.07,34.47,TRADE
NSW1,2008/8/26 7:00,10414.83,54.92,TRADE
NSW1,2008/8/26 7:30,10879.27,46.24,TRADE
NSW1,2008/8/26 8:00,11226.7,53.98,TRADE
NSW1,2008/8/26 8:30,11246.58,53.11,TRADE
NSW1,2008/8/26 9:00,10932.74,42.4,TRADE
NSW1,2008/8/26 9:30,10848.09,40.58,TRADE
NSW1,2008/8/26 10:00,10657.19,39.82,TRADE
NSW1,2008/8/26 10:30,10473.53,39.34,TRADE
NSW1,2008/8/26 11:00,10342.87,38.1,TRADE
NSW1,2008/8/26 11:30,10116.94,35.49,TRADE
NSW1,2008/8/26 12:00,10000.51,35.92,TRADE
NSW1,2008/8/26 12:30,9869.68,35.2,TRADE
NSW1,2008/8/26 13:00,9764.6,34.7,TRADE
NSW1,2008/8/26 13:30,9732.43,35.4,TRADE
NSW1,2008/8/26 14:00,9670.12,33.45,TRADE
NSW1,2008/8/26 14:30,9613.92,30.53,TRADE
NSW1,2008/8/26 15:00,9497.05,25.92,TRADE
NSW1,2008/8/26 15:30,9503.54,26.06,TRADE
NSW1,2008/8/26 16:00,9543.89,25.25,TRADE
NSW1,2008/8/26 16:30,9591.88,24.45,TRADE
NSW1,2008/8/26 17:00,9772.77,25.18,TRADE
NSW1,2008/8/26 17:30,10241.55,34.76,TRADE
NSW1,2008/8/26 18:00,11081.41,43.49,TRADE
NSW1,2008/8/26 18:30,11487.28,53.99,TRADE
NSW1,2008/8/26 19:00,11538.68,66.93,TRADE
NSW1,2008/8/26 19:30,11302.07,56.29,TRADE
NSW1,2008/8/26 20:00,11145.96,45,TRADE
NSW1,2008/8/26 20:30,11014.39,43.86,TRADE
NSW1,2008/8/26 21:00,10790.23,40,TRADE
NSW1,2008/8/26 21:30,10447.99,41.99,TRADE
NSW1,2008/8/26 22:00,10137.83,38.58,TRADE
NSW1,2008/8/26 22:30,10091.97,41.87,TRADE
NSW1,2008/8/26 23:00,9780.82,40.42,TRADE
NSW1,2008/8/26 23:30,9609.24,41.33,TRADE
NSW1,2008/8/27 0:00,9447.79,39.41,TRADE
NSW1,2008/8/27 0:30,9254.07,36.53,TRADE
NSW1,2008/8/27 1:00,9064.37,33.97,TRADE
NSW1,2008/8/27 1:30,8936.06,32.69,TRADE
NSW1,2008/8/27 2:00,8682.07,22.78,TRADE
NSW1,2008/8/27 2:30,8242.57,25.75,TRADE
NSW1,2008/8/27 3:00,7913.3,22.03,TRADE
NSW1,2008/8/27 3:30,7594.33,21.71,TRADE
NSW1,2008/8/27 4:00,7428.53,21.47,TRADE
NSW1,2008/8/27 4:30,7362.93,20.62,TRADE
NSW1,2008/8/27 5:00,7445.36,22.02,TRADE
NSW1,2008/8/27 5:30,7787.66,22.55,TRADE
NSW1,2008/8/27 6:00,8312.32,23.28,TRADE
NSW1,2008/8/27 6:30,9260.82,30.95,TRADE
NSW1,2008/8/27 7:00,10155.23,40.05,TRADE
NSW1,2008/8/27 7:30,10576.21,36.82,TRADE
NSW1,2008/8/27 8:00,10874.12,43.6,TRADE
NSW1,2008/8/27 8:30,10838.78,40.08,TRADE
NSW1,2008/8/27 9:00,10634.72,39.24,TRADE
NSW1,2008/8/27 9:30,10559.61,39.68,TRADE
NSW1,2008/8/27 10:00,10435.59,38.48,TRADE
NSW1,2008/8/27 10:30,10366.13,36.82,TRADE
NSW1,2008/8/27 11:00,10294.38,36.34,TRADE
NSW1,2008/8/27 11:30,10189.56,37.27,TRADE
NSW1,2008/8/27 12:00,10065.81,37.96,TRADE
NSW1,2008/8/27 12:30,10068.92,37.66,TRADE
NSW1,2008/8/27 13:00,9966.44,37.75,TRADE
NSW1,2008/8/27 13:30,9906.51,37.66,TRADE
NSW1,2008/8/27 14:00,9820.88,37.77,TRADE
NSW1,2008/8/27 14:30,9767.25,36.32,TRADE
NSW1,2008/8/27 15:00,9715.26,39.76,TRADE
NSW1,2008/8/27 15:30,9681.11,36.11,TRADE
NSW1,2008/8/27 16:00,9788.17,35.68,TRADE
NSW1,2008/8/27 16:30,10038.2,40.75,TRADE
NSW1,2008/8/27 17:00,10463.8,45.06,TRADE
NSW1,2008/8/27 17:30,10981.85,49.95,TRADE
NSW1,2008/8/27 18:00,11704.78,72.46,TRADE
NSW1,2008/8/27 18:30,12089.19,91.7,TRADE
NSW1,2008/8/27 19:00,12020.56,91.67,TRADE
NSW1,2008/8/27 19:30,11770.92,82.38,TRADE
NSW1,2008/8/27 20:00,11545.45,69.95,TRADE
NSW1,2008/8/27 20:30,11388.37,63.39,TRADE
NSW1,2008/8/27 21:00,11098.96,49.33,TRADE
NSW1,2008/8/27 21:30,10749.77,44,TRADE
NSW1,2008/8/27 22:00,10305.11,37.56,TRADE
NSW1,2008/8/27 22:30,10238.61,40.36,TRADE
NSW1,2008/8/27 23:00,9869.74,33.71,TRADE
NSW1,2008/8/27 23:30,9657.38,33.42,TRADE
NSW1,2008/8/28 0:00,9519.73,29.03,TRADE
NSW1,2008/8/28 0:30,9346.71,29.46,TRADE
NSW1,2008/8/28 1:00,9183.42,24.6,TRADE
NSW1,2008/8/28 1:30,9014.67,25.53,TRADE
NSW1,2008/8/28 2:00,8767.28,20.35,TRADE
NSW1,2008/8/28 2:30,8329.17,24.04,TRADE
NSW1,2008/8/28 3:00,8007.53,23.07,TRADE
NSW1,2008/8/28 3:30,7695.19,19.94,TRADE
NSW1,2008/8/28 4:00,7513.75,18.42,TRADE
NSW1,2008/8/28 4:30,7445.74,17.47,TRADE
NSW1,2008/8/28 5:00,7512.07,19.3,TRADE
NSW1,2008/8/28 5:30,7868.49,22.78,TRADE
NSW1,2008/8/28 6:00,8383.86,24.12,TRADE
NSW1,2008/8/28 6:30,9321.58,30.4,TRADE
NSW1,2008/8/28 7:00,10149.07,39.07,TRADE
NSW1,2008/8/28 7:30,10598.09,39.63,TRADE
NSW1,2008/8/28 8:00,10992.9,49.6,TRADE
NSW1,2008/8/28 8:30,10929.01,42.73,TRADE
NSW1,2008/8/28 9:00,10748.16,40.4,TRADE
NSW1,2008/8/28 9:30,10658.68,40.71,TRADE
NSW1,2008/8/28 10:00,10521.05,35.57,TRADE
NSW1,2008/8/28 10:30,10436.28,34.67,TRADE
NSW1,2008/8/28 11:00,10400.4,34.35,TRADE
NSW1,2008/8/28 11:30,10241.45,33.54,TRADE
NSW1,2008/8/28 12:00,10151.43,33.44,TRADE
NSW1,2008/8/28 12:30,10110.09,33.88,TRADE
NSW1,2008/8/28 13:00,10011.4,32.56,TRADE
NSW1,2008/8/28 13:30,9947.12,33.94,TRADE
NSW1,2008/8/28 14:00,9856.11,34.47,TRADE
NSW1,2008/8/28 14:30,9801.04,33.66,TRADE
NSW1,2008/8/28 15:00,9681.39,33.89,TRADE
NSW1,2008/8/28 15:30,9739.67,34.55,TRADE
NSW1,2008/8/28 16:00,9833.75,35.22,TRADE
NSW1,2008/8/28 16:30,9976.42,35,TRADE
NSW1,2008/8/28 17:00,10173.16,34.73,TRADE
NSW1,2008/8/28 17:30,10634.05,35.1,TRADE
NSW1,2008/8/28 18:00,11451.34,46.19,TRADE
NSW1,2008/8/28 18:30,11886.93,66.97,TRADE
NSW1,2008/8/28 19:00,11945.55,90.09,TRADE
NSW1,2008/8/28 19:30,11798.67,71.94,TRADE
NSW1,2008/8/28 20:00,11627.79,46.21,TRADE
NSW1,2008/8/28 20:30,11552.47,44.98,TRADE
NSW1,2008/8/28 21:00,11380.52,44.91,TRADE
NSW1,2008/8/28 21:30,10970.99,40.56,TRADE
NSW1,2008/8/28 22:00,10509.01,35.56,TRADE
NSW1,2008/8/28 22:30,10471.51,36.06,TRADE
NSW1,2008/8/28 23:00,10049.89,28.67,TRADE
NSW1,2008/8/28 23:30,9818.61,31,TRADE
NSW1,2008/8/29 0:00,9690.49,28.61,TRADE
NSW1,2008/8/29 0:30,9469.99,21.32,TRADE
NSW1,2008/8/29 1:00,9248.18,22.44,TRADE
NSW1,2008/8/29 1:30,9124.41,24.68,TRADE
NSW1,2008/8/29 2:00,8863.46,21.35,TRADE
NSW1,2008/8/29 2:30,8424.37,26.43,TRADE
NSW1,2008/8/29 3:00,8084.43,21.2,TRADE
NSW1,2008/8/29 3:30,7787.49,19.07,TRADE
NSW1,2008/8/29 4:00,7577.23,18,TRADE
NSW1,2008/8/29 4:30,7524.82,17.75,TRADE
NSW1,2008/8/29 5:00,7578.98,19.55,TRADE
NSW1,2008/8/29 5:30,7915.98,21.83,TRADE
NSW1,2008/8/29 6:00,8416.6,23.61,TRADE
NSW1,2008/8/29 6:30,9314.32,28.12,TRADE
NSW1,2008/8/29 7:00,10246.56,36.75,TRADE
NSW1,2008/8/29 7:30,10617.22,33.2,TRADE
NSW1,2008/8/29 8:00,11020.03,38.75,TRADE
NSW1,2008/8/29 8:30,11024.65,40.05,TRADE
NSW1,2008/8/29 9:00,10755.7,36.66,TRADE
NSW1,2008/8/29 9:30,10681.26,35.56,TRADE
NSW1,2008/8/29 10:00,10516.83,33.92,TRADE
NSW1,2008/8/29 10:30,10389.11,27.81,TRADE
NSW1,2008/8/29 11:00,10277.53,27.25,TRADE
NSW1,2008/8/29 11:30,10154.34,31.97,TRADE
NSW1,2008/8/29 12:00,10014.48,28.77,TRADE
NSW1,2008/8/29 12:30,9924.24,30.56,TRADE
NSW1,2008/8/29 13:00,9763.31,25.53,TRADE
NSW1,2008/8/29 13:30,9639.51,30.89,TRADE
NSW1,2008/8/29 14:00,9677.28,34.4,TRADE
NSW1,2008/8/29 14:30,9640.66,33.98,TRADE
NSW1,2008/8/29 15:00,9550.82,29.12,TRADE
NSW1,2008/8/29 15:30,9450.05,27.58,TRADE
NSW1,2008/8/29 16:00,9530.98,31.38,TRADE
NSW1,2008/8/29 16:30,9687.1,34.49,TRADE
NSW1,2008/8/29 17:00,9866.5,29.35,TRADE
NSW1,2008/8/29 17:30,10162,27.7,TRADE
NSW1,2008/8/29 18:00,10856.41,36.47,TRADE
NSW1,2008/8/29 18:30,11304.06,42.18,TRADE
NSW1,2008/8/29 19:00,11333.99,42.28,TRADE
NSW1,2008/8/29 19:30,11110.32,37.61,TRADE
NSW1,2008/8/29 20:00,10961.39,35.95,TRADE
NSW1,2008/8/29 20:30,10878.89,35.19,TRADE
NSW1,2008/8/29 21:00,10608.03,26.48,TRADE
NSW1,2008/8/29 21:30,10353.14,26.58,TRADE
NSW1,2008/8/29 22:00,10018.9,23.66,TRADE
NSW1,2008/8/29 22:30,10136.1,31.92,TRADE
NSW1,2008/8/29 23:00,9919.07,29.31,TRADE
NSW1,2008/8/29 23:30,9788.74,34.15,TRADE
NSW1,2008/8/30 0:00,9569.89,29.07,TRADE
NSW1,2008/8/30 0:30,9322.85,21.55,TRADE
NSW1,2008/8/30 1:00,9116.57,22.53,TRADE
NSW1,2008/8/30 1:30,8963.31,22.54,TRADE
NSW1,2008/8/30 2:00,8652.9,20.87,TRADE
NSW1,2008/8/30 2:30,8200.43,22.09,TRADE
NSW1,2008/8/30 3:00,7784.89,19.26,TRADE
NSW1,2008/8/30 3:30,7501.46,17.83,TRADE
NSW1,2008/8/30 4:00,7271.51,16.32,TRADE
NSW1,2008/8/30 4:30,7157.7,16.19,TRADE
NSW1,2008/8/30 5:00,7177.12,16.42,TRADE
NSW1,2008/8/30 5:30,7226.45,16.45,TRADE
NSW1,2008/8/30 6:00,7402.64,17.56,TRADE
NSW1,2008/8/30 6:30,7771.65,21.05,TRADE
NSW1,2008/8/30 7:00,8122.74,22.1,TRADE
NSW1,2008/8/30 7:30,8618.18,21.27,TRADE
NSW1,2008/8/30 8:00,9228.05,25.1,TRADE
NSW1,2008/8/30 8:30,9646.13,25.31,TRADE
NSW1,2008/8/30 9:00,9882.53,34.11,TRADE
NSW1,2008/8/30 9:30,10025.83,40.34,TRADE
NSW1,2008/8/30 10:00,9898.68,35.52,TRADE
NSW1,2008/8/30 10:30,9737.2,31.86,TRADE
NSW1,2008/8/30 11:00,9526.89,25.64,TRADE
NSW1,2008/8/30 11:30,9308.95,24,TRADE
NSW1,2008/8/30 12:00,9190.26,23.23,TRADE
NSW1,2008/8/30 12:30,9148.57,24.79,TRADE
NSW1,2008/8/30 13:00,9020.84,23.03,TRADE
NSW1,2008/8/30 13:30,8949.2,22.33,TRADE
NSW1,2008/8/30 14:00,8816.79,21.86,TRADE
NSW1,2008/8/30 14:30,8838.87,22.17,TRADE
NSW1,2008/8/30 15:00,8709.36,21.92,TRADE
NSW1,2008/8/30 15:30,8805.02,22.55,TRADE
NSW1,2008/8/30 16:00,8985.52,24.02,TRADE
NSW1,2008/8/30 16:30,9229.71,29.72,TRADE
NSW1,2008/8/30 17:00,9629.1,35.22,TRADE
NSW1,2008/8/30 17:30,9982.68,38.85,TRADE
NSW1,2008/8/30 18:00,10559.64,43.2,TRADE
NSW1,2008/8/30 18:30,10788.67,51.91,TRADE
NSW1,2008/8/30 19:00,10616.72,39.72,TRADE
NSW1,2008/8/30 19:30,10370.45,38.29,TRADE
NSW1,2008/8/30 20:00,10100.79,29.26,TRADE
NSW1,2008/8/30 20:30,9910.79,29.35,TRADE
NSW1,2008/8/30 21:00,9726.37,25.63,TRADE
NSW1,2008/8/30 21:30,9455.59,23.35,TRADE
NSW1,2008/8/30 22:00,9287.31,23.32,TRADE
NSW1,2008/8/30 22:30,9241.24,26.27,TRADE
NSW1,2008/8/30 23:00,9080.74,23.18,TRADE
NSW1,2008/8/30 23:30,8991.3,30.23,TRADE
NSW1,2008/8/31 0:00,8734.03,24.59,TRADE
NSW1,2008/8/31 0:30,8517.21,22.22,TRADE
NSW1,2008/8/31 1:00,8214.31,21.95,TRADE
NSW1,2008/8/31 1:30,8030.19,22.6,TRADE
NSW1,2008/8/31 2:00,7713.94,20.87,TRADE
NSW1,2008/8/31 2:30,7374.42,21.95,TRADE
NSW1,2008/8/31 3:00,7091.51,20.85,TRADE
NSW1,2008/8/31 3:30,6866.76,18,TRADE
NSW1,2008/8/31 4:00,6761.35,17.67,TRADE
NSW1,2008/8/31 4:30,6723.06,17.47,TRADE
NSW1,2008/8/31 5:00,6681.2,17.81,TRADE
NSW1,2008/8/31 5:30,6722.59,17.83,TRADE
NSW1,2008/8/31 6:00,6755.99,18,TRADE
NSW1,2008/8/31 6:30,6947.86,18.66,TRADE
NSW1,2008/8/31 7:00,7188.1,19.48,TRADE
NSW1,2008/8/31 7:30,7487.81,18.67,TRADE
NSW1,2008/8/31 8:00,7951.86,21.73,TRADE
NSW1,2008/8/31 8:30,8398.11,22.47,TRADE
NSW1,2008/8/31 9:00,8871.34,24.02,TRADE
NSW1,2008/8/31 9:30,9158.45,24.74,TRADE
NSW1,2008/8/31 10:00,9388.12,27.9,TRADE
NSW1,2008/8/31 10:30,9433.67,30.85,TRADE
NSW1,2008/8/31 11:00,9432.5,30.52,TRADE
NSW1,2008/8/31 11:30,9367.05,25.79,TRADE
NSW1,2008/8/31 12:00,9269.34,24.91,TRADE
NSW1,2008/8/31 12:30,9185.23,23.95,TRADE
NSW1,2008/8/31 13:00,9072.88,22.43,TRADE
NSW1,2008/8/31 13:30,8890.89,21.95,TRADE
NSW1,2008/8/31 14:00,8815.19,22.8,TRADE
NSW1,2008/8/31 14:30,8737.01,21.98,TRADE
NSW1,2008/8/31 15:00,8643.66,21.98,TRADE
NSW1,2008/8/31 15:30,8673.65,21.79,TRADE
NSW1,2008/8/31 16:00,8780.63,22.92,TRADE
NSW1,2008/8/31 16:30,8888.02,23.04,TRADE
NSW1,2008/8/31 17:00,9149.95,25.83,TRADE
NSW1,2008/8/31 17:30,9496.48,29.04,TRADE
NSW1,2008/8/31 18:00,10126.15,48.29,TRADE
NSW1,2008/8/31 18:30,10430.02,63.87,TRADE
NSW1,2008/8/31 19:00,10334.38,60.11,TRADE
NSW1,2008/8/31 19:30,10181.32,46.82,TRADE
NSW1,2008/8/31 20:00,9973.63,41.04,TRADE
NSW1,2008/8/31 20:30,9868.53,41.42,TRADE
NSW1,2008/8/31 21:00,9667.45,37.91,TRADE
NSW1,2008/8/31 21:30,9309.53,32.07,TRADE
NSW1,2008/8/31 22:00,9148.36,28.04,TRADE
NSW1,2008/8/31 22:30,9042.71,28.7,TRADE
NSW1,2008/8/31 23:00,8787.59,26.88,TRADE
NSW1,2008/8/31 23:30,8513.45,25.01,TRADE
NSW1,2008/9/1 0:00,8316.23,23.93,TRADE
?NSW1,2008/9/1 0:30,8170.8,22.53,TRADE
NSW1,2008/9/1 1:00,7960.54,22.07,TRADE
NSW1,2008/9/1 1:30,7819.64,21.2,TRADE
NSW1,2008/9/1 2:00,7614.44,21,TRADE
NSW1,2008/9/1 2:30,7347.56,21.49,TRADE
NSW1,2008/9/1 3:00,7052.09,21.09,TRADE
NSW1,2008/9/1 3:30,6960.96,19.19,TRADE
NSW1,2008/9/1 4:00,6859.64,16.77,TRADE
NSW1,2008/9/1 4:30,6902.81,18.13,TRADE
NSW1,2008/9/1 5:00,7016.58,21.74,TRADE
NSW1,2008/9/1 5:30,7361.05,21.99,TRADE
NSW1,2008/9/1 6:00,7876.21,24.35,TRADE
NSW1,2008/9/1 6:30,8749.58,31.7,TRADE
NSW1,2008/9/1 7:00,9605.38,43.16,TRADE
NSW1,2008/9/1 7:30,9882.05,38.43,TRADE
NSW1,2008/9/1 8:00,10235.03,45.48,TRADE
NSW1,2008/9/1 8:30,10214.2,45.12,TRADE
NSW1,2008/9/1 9:00,10046.91,43.31,TRADE
NSW1,2008/9/1 9:30,10048.39,41.12,TRADE
NSW1,2008/9/1 10:00,9999.56,39.98,TRADE
NSW1,2008/9/1 10:30,9944.89,41.9,TRADE
NSW1,2008/9/1 11:00,9894.98,41.47,TRADE
NSW1,2008/9/1 11:30,9705.11,41.72,TRADE
NSW1,2008/9/1 12:00,9653.98,44.24,TRADE
NSW1,2008/9/1 12:30,9571.66,44.25,TRADE
NSW1,2008/9/1 13:00,9456.71,42.76,TRADE
NSW1,2008/9/1 13:30,9463.77,43.6,TRADE
NSW1,2008/9/1 14:00,9389.73,41.45,TRADE
NSW1,2008/9/1 14:30,9326.92,38.42,TRADE
NSW1,2008/9/1 15:00,9280.76,35.44,TRADE
NSW1,2008/9/1 15:30,9217.32,35.11,TRADE
NSW1,2008/9/1 16:00,9291.25,35.31,TRADE
NSW1,2008/9/1 16:30,9381.48,38.66,TRADE
NSW1,2008/9/1 17:00,9520.86,37.67,TRADE
NSW1,2008/9/1 17:30,9772.14,39.35,TRADE
NSW1,2008/9/1 18:00,10396.22,49.83,TRADE
NSW1,2008/9/1 18:30,10910.37,68.11,TRADE
NSW1,2008/9/1 19:00,10968.68,77.92,TRADE
NSW1,2008/9/1 19:30,10757.01,52.22,TRADE
NSW1,2008/9/1 20:00,10532.65,45.05,TRADE
NSW1,2008/9/1 20:30,10426.82,45.65,TRADE
NSW1,2008/9/1 21:00,10200.88,43.62,TRADE
NSW1,2008/9/1 21:30,9939.88,38.45,TRADE
NSW1,2008/9/1 22:00,9545.31,32.32,TRADE
NSW1,2008/9/1 22:30,9568.44,38.63,TRADE
NSW1,2008/9/1 23:00,9384.74,36.08,TRADE
NSW1,2008/9/1 23:30,9270.23,38.18,TRADE
NSW1,2008/9/2 0:00,9129.47,36.08,TRADE
NSW1,2008/9/2 0:30,8974.11,32.97,TRADE
NSW1,2008/9/2 1:00,8860.4,27.34,TRADE
NSW1,2008/9/2 1:30,8724.81,30.7,TRADE
NSW1,2008/9/2 2:00,8484.45,25.88,TRADE
NSW1,2008/9/2 2:30,8114.58,26.14,TRADE
NSW1,2008/9/2 3:00,7769.09,22.5,TRADE
NSW1,2008/9/2 3:30,7474.11,21.91,TRADE
NSW1,2008/9/2 4:00,7286.67,21.4,TRADE
NSW1,2008/9/2 4:30,7273.51,22.36,TRADE
NSW1,2008/9/2 5:00,7345.77,22.33,TRADE
NSW1,2008/9/2 5:30,7700.06,23.44,TRADE
NSW1,2008/9/2 6:00,8204.83,30.02,TRADE
NSW1,2008/9/2 6:30,9071.54,36.99,TRADE
NSW1,2008/9/2 7:00,9942.76,59.97,TRADE
NSW1,2008/9/2 7:30,10239.46,43.07,TRADE
NSW1,2008/9/2 8:00,10441.34,51.3,TRADE
NSW1,2008/9/2 8:30,10432.89,58.85,TRADE
NSW1,2008/9/2 9:00,10264.18,42.9,TRADE
NSW1,2008/9/2 9:30,10212.63,42.58,TRADE
NSW1,2008/9/2 10:00,10149.75,43.88,TRADE
NSW1,2008/9/2 10:30,10002.2,42.62,TRADE
NSW1,2008/9/2 11:00,9932.7,42.46,TRADE
NSW1,2008/9/2 11:30,9808.05,42.56,TRADE
NSW1,2008/9/2 12:00,9741.01,42.03,TRADE
NSW1,2008/9/2 12:30,9666.15,41.59,TRADE
NSW1,2008/9/2 13:00,9600.69,41.13,TRADE
NSW1,2008/9/2 13:30,9539.14,38.01,TRADE
NSW1,2008/9/2 14:00,9466.46,38.57,TRADE
NSW1,2008/9/2 14:30,9473.65,38.06,TRADE
NSW1,2008/9/2 15:00,9306.56,35.53,TRADE
NSW1,2008/9/2 15:30,9248.03,35.26,TRADE
NSW1,2008/9/2 16:00,9397.61,36.34,TRADE
NSW1,2008/9/2 16:30,9454.12,38.23,TRADE
NSW1,2008/9/2 17:00,9651.54,41.01,TRADE
NSW1,2008/9/2 17:30,9953.25,40.77,TRADE
NSW1,2008/9/2 18:00,10602.51,49.63,TRADE
NSW1,2008/9/2 18:30,11091.6,76.57,TRADE
NSW1,2008/9/2 19:00,11136.27,85.49,TRADE
NSW1,2008/9/2 19:30,10979.38,64.62,TRADE
NSW1,2008/9/2 20:00,10796.29,48.34,TRADE
NSW1,2008/9/2 20:30,10688.14,47.87,TRADE
NSW1,2008/9/2 21:00,10482.4,43.4,TRADE
NSW1,2008/9/2 21:30,10214.13,41.97,TRADE
NSW1,2008/9/2 22:00,9936.54,39.01,TRADE
NSW1,2008/9/2 22:30,9891.15,41.84,TRADE
NSW1,2008/9/2 23:00,9688.82,37.09,TRADE
NSW1,2008/9/2 23:30,9522.65,37.1,TRADE
NSW1,2008/9/3 0:00,9350.66,33.29,TRADE
NSW1,2008/9/3 0:30,9148.85,26.51,TRADE
NSW1,2008/9/3 1:00,8945.56,28.17,TRADE
NSW1,2008/9/3 1:30,8828.53,30.12,TRADE
NSW1,2008/9/3 2:00,8586.82,26.1,TRADE
NSW1,2008/9/3 2:30,8216.05,32.13,TRADE
NSW1,2008/9/3 3:00,7759.66,21.9,TRADE
NSW1,2008/9/3 3:30,7457.52,18.87,TRADE
NSW1,2008/9/3 4:00,7270.16,19.37,TRADE
NSW1,2008/9/3 4:30,7256.56,21.76,TRADE
NSW1,2008/9/3 5:00,7342.85,22,TRADE
NSW1,2008/9/3 5:30,7653.81,26.91,TRADE
NSW1,2008/9/3 6:00,8166.5,31.02,TRADE
NSW1,2008/9/3 6:30,9047.09,40.19,TRADE
NSW1,2008/9/3 7:00,9850.21,76.18,TRADE
NSW1,2008/9/3 7:30,10174.39,47.8,TRADE
NSW1,2008/9/3 8:00,10503.85,76.38,TRADE
NSW1,2008/9/3 8:30,10510.8,77.58,TRADE
NSW1,2008/9/3 9:00,10349.9,60.5,TRADE
NSW1,2008/9/3 9:30,10318.78,60.41,TRADE
NSW1,2008/9/3 10:00,10299,51.14,TRADE
NSW1,2008/9/3 10:30,10252.58,44.87,TRADE
NSW1,2008/9/3 11:00,10205.03,44.63,TRADE
NSW1,2008/9/3 11:30,10106.93,44.83,TRADE
NSW1,2008/9/3 12:00,10011.96,51.96,TRADE
NSW1,2008/9/3 12:30,9923.01,45.56,TRADE
NSW1,2008/9/3 13:00,9890.12,62.12,TRADE
NSW1,2008/9/3 13:30,9847.99,59.89,TRADE
NSW1,2008/9/3 14:00,9809.75,51.11,TRADE
NSW1,2008/9/3 14:30,9736.46,44.25,TRADE
NSW1,2008/9/3 15:00,9697.01,43.6,TRADE
NSW1,2008/9/3 15:30,9791.76,44.6,TRADE
NSW1,2008/9/3 16:00,9921.62,45.43,TRADE
NSW1,2008/9/3 16:30,10111.6,60.07,TRADE
NSW1,2008/9/3 17:00,10382.71,48.24,TRADE
NSW1,2008/9/3 17:30,10763.2,52.65,TRADE
NSW1,2008/9/3 18:00,11334.28,94.87,TRADE
NSW1,2008/9/3 18:30,11706.23,99.32,TRADE
NSW1,2008/9/3 19:00,11645.31,97.55,TRADE
NSW1,2008/9/3 19:30,11408.11,92.08,TRADE
NSW1,2008/9/3 20:00,11191.42,78.33,TRADE
NSW1,2008/9/3 20:30,11016.38,53.26,TRADE
NSW1,2008/9/3 21:00,10718.42,54.6,TRADE
NSW1,2008/9/3 21:30,10425.97,45.19,TRADE
NSW1,2008/9/3 22:00,9964.54,39.65,TRADE
NSW1,2008/9/3 22:30,9999.91,46.01,TRADE
NSW1,2008/9/3 23:00,9681.54,39.24,TRADE
NSW1,2008/9/3 23:30,9464.11,40.37,TRADE
NSW1,2008/9/4 0:00,9335.33,33.09,TRADE
NSW1,2008/9/4 0:30,9173.82,30.11,TRADE
NSW1,2008/9/4 1:00,8977.57,27.26,TRADE
NSW1,2008/9/4 1:30,8832.65,28.26,TRADE
NSW1,2008/9/4 2:00,8529.09,24.96,TRADE
NSW1,2008/9/4 2:30,8197.8,23,TRADE
NSW1,2008/9/4 3:00,7858.39,22.16,TRADE
NSW1,2008/9/4 3:30,7545.94,21.77,TRADE
NSW1,2008/9/4 4:00,7381.74,21.69,TRADE
NSW1,2008/9/4 4:30,7312,21.64,TRADE
NSW1,2008/9/4 5:00,7382.33,22.58,TRADE
NSW1,2008/9/4 5:30,7724.34,23.88,TRADE
NSW1,2008/9/4 6:00,8115.09,24.65,TRADE
NSW1,2008/9/4 6:30,8930.05,37.04,TRADE
NSW1,2008/9/4 7:00,9743.81,41.41,TRADE
NSW1,2008/9/4 7:30,10088.73,42.28,TRADE
NSW1,2008/9/4 8:00,10425.28,69.74,TRADE
NSW1,2008/9/4 8:30,10436.76,66.34,TRADE
NSW1,2008/9/4 9:00,10302.9,52.35,TRADE
NSW1,2008/9/4 9:30,10303.35,51.41,TRADE
NSW1,2008/9/4 10:00,10274.28,48.11,TRADE
NSW1,2008/9/4 10:30,10238.41,45.6,TRADE
NSW1,2008/9/4 11:00,10211.48,44.94,TRADE
NSW1,2008/9/4 11:30,10077.95,54.8,TRADE
NSW1,2008/9/4 12:00,9983.07,63.51,TRADE
NSW1,2008/9/4 12:30,9964.77,54.77,TRADE
NSW1,2008/9/4 13:00,9902.7,44.99,TRADE
NSW1,2008/9/4 13:30,9892.08,47.1,TRADE
NSW1,2008/9/4 14:00,9864.41,43.66,TRADE
NSW1,2008/9/4 14:30,9807.59,43.16,TRADE
NSW1,2008/9/4 15:00,9727.45,41.12,TRADE
NSW1,2008/9/4 15:30,9820.07,40.21,TRADE
NSW1,2008/9/4 16:00,9995.01,43.19,TRADE
NSW1,2008/9/4 16:30,10211.64,43.72,TRADE
NSW1,2008/9/4 17:00,10539.68,47.34,TRADE
NSW1,2008/9/4 17:30,10926.23,48.92,TRADE
NSW1,2008/9/4 18:00,11506.79,73.85,TRADE
NSW1,2008/9/4 18:30,11805.69,91.95,TRADE
NSW1,2008/9/4 19:00,11760.02,93.8,TRADE
NSW1,2008/9/4 19:30,11554.88,87.27,TRADE
NSW1,2008/9/4 20:00,11282.13,57.59,TRADE
NSW1,2008/9/4 20:30,11132.21,56.53,TRADE
NSW1,2008/9/4 21:00,10891.79,45.2,TRADE
NSW1,2008/9/4 21:30,10506.07,41.72,TRADE
NSW1,2008/9/4 22:00,10076.2,33.5,TRADE
NSW1,2008/9/4 22:30,10046.43,42.82,TRADE
NSW1,2008/9/4 23:00,9720.67,35.77,TRADE
NSW1,2008/9/4 23:30,9559.29,42.11,TRADE
NSW1,2008/9/5 0:00,9343.18,33.3,TRADE
NSW1,2008/9/5 0:30,9128.68,24.77,TRADE
NSW1,2008/9/5 1:00,8963.44,25.28,TRADE
NSW1,2008/9/5 1:30,8779.16,26.82,TRADE
NSW1,2008/9/5 2:00,8565.13,24.27,TRADE
NSW1,2008/9/5 2:30,8122.9,23.58,TRADE
NSW1,2008/9/5 3:00,7799.71,21.89,TRADE
NSW1,2008/9/5 3:30,7501.52,21.43,TRADE
NSW1,2008/9/5 4:00,7294.66,21.56,TRADE
NSW1,2008/9/5 4:30,7228.87,21.93,TRADE
NSW1,2008/9/5 5:00,7295.35,21.93,TRADE
NSW1,2008/9/5 5:30,7613.24,22.78,TRADE
NSW1,2008/9/5 6:00,8061.62,27.33,TRADE
NSW1,2008/9/5 6:30,8850.91,33.51,TRADE
NSW1,2008/9/5 7:00,9619.48,38.72,TRADE
NSW1,2008/9/5 7:30,10007.31,39.12,TRADE
NSW1,2008/9/5 8:00,10398.29,42.21,TRADE
NSW1,2008/9/5 8:30,10588.4,50.45,TRADE
NSW1,2008/9/5 9:00,10458.56,42.72,TRADE
NSW1,2008/9/5 9:30,10590.33,44.32,TRADE
NSW1,2008/9/5 10:00,10562.78,41.01,TRADE
NSW1,2008/9/5 10:30,10576.06,40.88,TRADE
NSW1,2008/9/5 11:00,10550.75,41.34,TRADE
NSW1,2008/9/5 11:30,10455.2,43.57,TRADE
NSW1,2008/9/5 12:00,10445.4,46.01,TRADE
NSW1,2008/9/5 12:30,10435.34,45.93,TRADE
NSW1,2008/9/5 13:00,10378.76,46.03,TRADE
NSW1,2008/9/5 13:30,10443.16,44.48,TRADE
NSW1,2008/9/5 14:00,10374,42.94,TRADE
NSW1,2008/9/5 14:30,10329.55,40.4,TRADE
NSW1,2008/9/5 15:00,10292.34,37.07,TRADE
NSW1,2008/9/5 15:30,10274.51,36.84,TRADE
NSW1,2008/9/5 16:00,10401.16,38.99,TRADE
NSW1,2008/9/5 16:30,10738.94,42.77,TRADE
NSW1,2008/9/5 17:00,11070.18,45.23,TRADE
NSW1,2008/9/5 17:30,11266.06,49.1,TRADE
NSW1,2008/9/5 18:00,11656.1,91.82,TRADE
NSW1,2008/9/5 18:30,11796.2,69.58,TRADE
NSW1,2008/9/5 19:00,11677.11,63.48,TRADE
NSW1,2008/9/5 19:30,11375.35,47.82,TRADE
NSW1,2008/9/5 20:00,11207.92,45.06,TRADE
NSW1,2008/9/5 20:30,11064.04,61.78,TRADE
NSW1,2008/9/5 21:00,10813.35,46.32,TRADE
NSW1,2008/9/5 21:30,10551.29,45.47,TRADE
NSW1,2008/9/5 22:00,10177.13,37.86,TRADE
NSW1,2008/9/5 22:30,10248.79,48.66,TRADE
NSW1,2008/9/5 23:00,9999.59,41.21,TRADE
NSW1,2008/9/5 23:30,9793.46,47.12,TRADE
NSW1,2008/9/6 0:00,9619.19,37.03,TRADE
NSW1,2008/9/6 0:30,9352.46,33.23,TRADE
NSW1,2008/9/6 1:00,9176.06,32.77,TRADE
NSW1,2008/9/6 1:30,8935.23,31.66,TRADE
NSW1,2008/9/6 2:00,8672.76,27.38,TRADE
NSW1,2008/9/6 2:30,8228.76,24.22,TRADE
NSW1,2008/9/6 3:00,7851.38,21.36,TRADE
NSW1,2008/9/6 3:30,7515.41,21.92,TRADE
NSW1,2008/9/6 4:00,7285.68,21.5,TRADE
NSW1,2008/9/6 4:30,7232.07,21.58,TRADE
NSW1,2008/9/6 5:00,7194.23,20.87,TRADE
NSW1,2008/9/6 5:30,7295.59,21.98,TRADE
NSW1,2008/9/6 6:00,7392.69,22.49,TRADE
NSW1,2008/9/6 6:30,7708.29,22.01,TRADE
NSW1,2008/9/6 7:00,8109.53,22.94,TRADE
NSW1,2008/9/6 7:30,8527.34,24.32,TRADE
NSW1,2008/9/6 8:00,9114.14,29.61,TRADE
NSW1,2008/9/6 8:30,9693.27,40.7,TRADE
NSW1,2008/9/6 9:00,10161.01,52.06,TRADE
NSW1,2008/9/6 9:30,10551.98,67.63,TRADE
NSW1,2008/9/6 10:00,10607.06,70.45,TRADE
NSW1,2008/9/6 10:30,10636.61,70.6,TRADE
NSW1,2008/9/6 11:00,10576.61,66.05,TRADE
NSW1,2008/9/6 11:30,10467.12,50.05,TRADE
NSW1,2008/9/6 12:00,10383.23,48.44,TRADE
NSW1,2008/9/6 12:30,10286.26,39.86,TRADE
NSW1,2008/9/6 13:00,10188.5,38.93,TRADE
NSW1,2008/9/6 13:30,10171.39,39.38,TRADE
NSW1,2008/9/6 14:00,10113.73,38.68,TRADE
NSW1,2008/9/6 14:30,10097.17,36.03,TRADE
NSW1,2008/9/6 15:00,10093.53,36.76,TRADE
NSW1,2008/9/6 15:30,10132.37,37.01,TRADE
NSW1,2008/9/6 16:00,10179.82,35.17,TRADE
NSW1,2008/9/6 16:30,10276.13,34.41,TRADE
NSW1,2008/9/6 17:00,10516.11,49.48,TRADE
NSW1,2008/9/6 17:30,10624.06,48.61,TRADE
NSW1,2008/9/6 18:00,11088.14,54.91,TRADE
NSW1,2008/9/6 18:30,11357.88,81.99,TRADE
NSW1,2008/9/6 19:00,11241.32,96.52,TRADE
NSW1,2008/9/6 19:30,10958.85,59.24,TRADE
NSW1,2008/9/6 20:00,10710.51,45.06,TRADE
NSW1,2008/9/6 20:30,10508.85,40.3,TRADE
NSW1,2008/9/6 21:00,10326.98,41.61,TRADE
NSW1,2008/9/6 21:30,10111.22,39.12,TRADE
NSW1,2008/9/6 22:00,9865.66,34.66,TRADE
NSW1,2008/9/6 22:30,9845.5,38.32,TRADE
NSW1,2008/9/6 23:00,9629.1,35.43,TRADE
NSW1,2008/9/6 23:30,9465.46,45.76,TRADE
NSW1,2008/9/7 0:00,9173.67,36.03,TRADE
NSW1,2008/9/7 0:30,8813.86,25.27,TRADE
NSW1,2008/9/7 1:00,8530.15,23.49,TRADE
NSW1,2008/9/7 1:30,8310.18,23.26,TRADE
NSW1,2008/9/7 2:00,8063.46,21.94,TRADE
NSW1,2008/9/7 2:30,7652.31,21.09,TRADE
NSW1,2008/9/7 3:00,7366.14,20.84,TRADE
NSW1,2008/9/7 3:30,7159.82,18.19,TRADE
NSW1,2008/9/7 4:00,7059.93,15.54,TRADE
NSW1,2008/9/7 4:30,7015.92,13.84,TRADE
NSW1,2008/9/7 5:00,7016.67,13.43,TRADE
NSW1,2008/9/7 5:30,7045.44,13.89,TRADE
NSW1,2008/9/7 6:00,7138.78,14.83,TRADE
NSW1,2008/9/7 6:30,7339.94,17.27,TRADE
NSW1,2008/9/7 7:00,7589.58,17.67,TRADE
NSW1,2008/9/7 7:30,8003.24,19.64,TRADE
NSW1,2008/9/7 8:00,8450.56,23.21,TRADE
NSW1,2008/9/7 8:30,8884.22,27.57,TRADE
NSW1,2008/9/7 9:00,9126.46,31.24,TRADE
NSW1,2008/9/7 9:30,9343.7,35.71,TRADE
NSW1,2008/9/7 10:00,9367.23,36.65,TRADE
NSW1,2008/9/7 10:30,9312.57,35.16,TRADE
NSW1,2008/9/7 11:00,9188.62,32.51,TRADE
NSW1,2008/9/7 11:30,9027.25,29.7,TRADE
NSW1,2008/9/7 12:00,8812.38,25.73,TRADE
NSW1,2008/9/7 12:30,8629.42,22.08,TRADE
NSW1,2008/9/7 13:00,8504.93,22.01,TRADE
NSW1,2008/9/7 13:30,8284.68,21.95,TRADE
NSW1,2008/9/7 14:00,8208.2,21.85,TRADE
NSW1,2008/9/7 14:30,8087.83,21.09,TRADE
NSW1,2008/9/7 15:00,8129.22,22.72,TRADE
NSW1,2008/9/7 15:30,8193,22.08,TRADE
NSW1,2008/9/7 16:00,8282.78,22.04,TRADE
NSW1,2008/9/7 16:30,8494.42,22.07,TRADE
NSW1,2008/9/7 17:00,8754.66,22.43,TRADE
NSW1,2008/9/7 17:30,9021.82,29.46,TRADE
NSW1,2008/9/7 18:00,9751.97,37.52,TRADE
NSW1,2008/9/7 18:30,10289.87,51.84,TRADE
NSW1,2008/9/7 19:00,10386.14,61.83,TRADE
NSW1,2008/9/7 19:30,10231.89,47.4,TRADE
NSW1,2008/9/7 20:00,10093.52,42.44,TRADE
NSW1,2008/9/7 20:30,10069.87,41.19,TRADE
NSW1,2008/9/7 21:00,9829.19,39.54,TRADE
NSW1,2008/9/7 21:30,9690.5,38.81,TRADE
NSW1,2008/9/7 22:00,9342.31,30.89,TRADE
NSW1,2008/9/7 22:30,9221.27,32.84,TRADE
NSW1,2008/9/7 23:00,8876.32,27.99,TRADE
NSW1,2008/9/7 23:30,8709.54,31.32,TRADE
NSW1,2008/9/8 0:00,8487.05,26.78,TRADE
NSW1,2008/9/8 0:30,8240.34,26.99,TRADE
NSW1,2008/9/8 1:00,8107.22,22.85,TRADE
NSW1,2008/9/8 1:30,7988.01,24.72,TRADE
NSW1,2008/9/8 2:00,7801.97,22.66,TRADE
NSW1,2008/9/8 2:30,7486.77,22,TRADE
NSW1,2008/9/8 3:00,7260.22,21.64,TRADE
NSW1,2008/9/8 3:30,7128.2,19.53,TRADE
NSW1,2008/9/8 4:00,7050.48,17.98,TRADE
NSW1,2008/9/8 4:30,7055.2,18,TRADE
NSW1,2008/9/8 5:00,7162.62,20.46,TRADE
NSW1,2008/9/8 5:30,7516.51,22.13,TRADE
NSW1,2008/9/8 6:00,7944.32,23.39,TRADE
NSW1,2008/9/8 6:30,8850.25,32.11,TRADE
NSW1,2008/9/8 7:00,9660.68,36.29,TRADE
NSW1,2008/9/8 7:30,10033.16,38.99,TRADE
NSW1,2008/9/8 8:00,10355.22,44.93,TRADE
NSW1,2008/9/8 8:30,10397.27,45.04,TRADE
NSW1,2008/9/8 9:00,10221.3,43.67,TRADE
NSW1,2008/9/8 9:30,10218.94,43.85,TRADE
NSW1,2008/9/8 10:00,10133.9,43.29,TRADE
NSW1,2008/9/8 10:30,10100.38,43.17,TRADE
NSW1,2008/9/8 11:00,9996.22,42.36,TRADE
NSW1,2008/9/8 11:30,9878.56,42.67,TRADE
NSW1,2008/9/8 12:00,9851.61,43.42,TRADE
NSW1,2008/9/8 12:30,9835.54,43.82,TRADE
NSW1,2008/9/8 13:00,9768.64,43.82,TRADE
NSW1,2008/9/8 13:30,9640.43,42.94,TRADE
NSW1,2008/9/8 14:00,9590.71,42.44,TRADE
NSW1,2008/9/8 14:30,9549.29,41.77,TRADE
NSW1,2008/9/8 15:00,9497.19,41.1,TRADE
NSW1,2008/9/8 15:30,9450.57,36.64,TRADE
NSW1,2008/9/8 16:00,9570.63,38.95,TRADE
NSW1,2008/9/8 16:30,9707.11,40.12,TRADE
NSW1,2008/9/8 17:00,9959.83,43.62,TRADE
NSW1,2008/9/8 17:30,10380.75,45.2,TRADE
NSW1,2008/9/8 18:00,11163.73,63.9,TRADE
NSW1,2008/9/8 18:30,11716.78,97.71,TRADE
NSW1,2008/9/8 19:00,11687.09,96.26,TRADE
NSW1,2008/9/8 19:30,11460.14,89.37,TRADE
NSW1,2008/9/8 20:00,11300.86,60.62,TRADE
NSW1,2008/9/8 20:30,11077.36,51.6,TRADE
NSW1,2008/9/8 21:00,10817.96,45.54,TRADE
NSW1,2008/9/8 21:30,10419.9,45.82,TRADE
NSW1,2008/9/8 22:00,9984.5,43.82,TRADE
NSW1,2008/9/8 22:30,9927.18,44.48,TRADE
NSW1,2008/9/8 23:00,9603.26,38.3,TRADE
NSW1,2008/9/8 23:30,9409.87,39.48,TRADE
NSW1,2008/9/9 0:00,9263.62,36.34,TRADE
NSW1,2008/9/9 0:30,9063.55,30.81,TRADE
NSW1,2008/9/9 1:00,8963.6,30.11,TRADE
NSW1,2008/9/9 1:30,8794.23,30.61,TRADE
NSW1,2008/9/9 2:00,8567.69,26.29,TRADE
NSW1,2008/9/9 2:30,8150.09,26.07,TRADE
NSW1,2008/9/9 3:00,7863.66,22.94,TRADE
NSW1,2008/9/9 3:30,7573.83,21.48,TRADE
NSW1,2008/9/9 4:00,7418.3,21.73,TRADE
NSW1,2008/9/9 4:30,7396.03,21.59,TRADE
NSW1,2008/9/9 5:00,7457.76,21.93,TRADE
NSW1,2008/9/9 5:30,7756.06,24.92,TRADE
NSW1,2008/9/9 6:00,8221.34,31.3,TRADE
NSW1,2008/9/9 6:30,9031.73,38.59,TRADE
NSW1,2008/9/9 7:00,9980.88,45.81,TRADE
NSW1,2008/9/9 7:30,10286.36,43.43,TRADE
NSW1,2008/9/9 8:00,10568.39,51.85,TRADE
NSW1,2008/9/9 8:30,10559.8,55.7,TRADE
NSW1,2008/9/9 9:00,10356.64,46.18,TRADE
NSW1,2008/9/9 9:30,10315.28,43.33,TRADE
NSW1,2008/9/9 10:00,10195.95,42.2,TRADE
NSW1,2008/9/9 10:30,10085.5,42.54,TRADE
NSW1,2008/9/9 11:00,10006.48,41.22,TRADE
NSW1,2008/9/9 11:30,9853.51,42.52,TRADE
NSW1,2008/9/9 12:00,9755.84,45.49,TRADE
NSW1,2008/9/9 12:30,9663.92,45.64,TRADE
NSW1,2008/9/9 13:00,9537.47,44.32,TRADE
NSW1,2008/9/9 13:30,9454.82,43.59,TRADE
NSW1,2008/9/9 14:00,9415.78,43.69,TRADE
NSW1,2008/9/9 14:30,9421.19,43.66,TRADE
NSW1,2008/9/9 15:00,9317.08,42.89,TRADE
NSW1,2008/9/9 15:30,9293.3,42.6,TRADE
NSW1,2008/9/9 16:00,9332.67,42.54,TRADE
NSW1,2008/9/9 16:30,9509.15,44.3,TRADE
NSW1,2008/9/9 17:00,9733.76,45.56,TRADE
NSW1,2008/9/9 17:30,10062.95,44.16,TRADE
NSW1,2008/9/9 18:00,10855.88,81.91,TRADE
NSW1,2008/9/9 18:30,11549.82,114.39,TRADE
NSW1,2008/9/9 19:00,11656.62,117.16,TRADE
NSW1,2008/9/9 19:30,11542.98,107.82,TRADE
NSW1,2008/9/9 20:00,11348.61,88,TRADE
NSW1,2008/9/9 20:30,11173,83.6,TRADE
NSW1,2008/9/9 21:00,10951.83,73.16,TRADE
NSW1,2008/9/9 21:30,10613.71,55.18,TRADE
NSW1,2008/9/9 22:00,10203.72,49.43,TRADE
NSW1,2008/9/9 22:30,10122.95,50.01,TRADE
NSW1,2008/9/9 23:00,9784.07,42.65,TRADE
NSW1,2008/9/9 23:30,9581.1,45.47,TRADE
NSW1,2008/9/10 0:00,9377.25,41.68,TRADE
NSW1,2008/9/10 0:30,9186.13,37.23,TRADE
NSW1,2008/9/10 1:00,9010.31,29.09,TRADE
NSW1,2008/9/10 1:30,8820.01,38.01,TRADE
NSW1,2008/9/10 2:00,8617.55,33.03,TRADE
NSW1,2008/9/10 2:30,8240.45,28.94,TRADE
NSW1,2008/9/10 3:00,7868.38,25.59,TRADE
NSW1,2008/9/10 3:30,7587.48,23.11,TRADE
NSW1,2008/9/10 4:00,7469.39,22.46,TRADE
NSW1,2008/9/10 4:30,7416.05,22.27,TRADE
NSW1,2008/9/10 5:00,7481.09,22.67,TRADE
NSW1,2008/9/10 5:30,7820.92,26.18,TRADE
NSW1,2008/9/10 6:00,8314.07,31.9,TRADE
NSW1,2008/9/10 6:30,9153.34,41.3,TRADE
NSW1,2008/9/10 7:00,10007.41,59.74,TRADE
NSW1,2008/9/10 7:30,10301.65,50.67,TRADE
NSW1,2008/9/10 8:00,10652.52,61.4,TRADE
NSW1,2008/9/10 8:30,10600.31,59.79,TRADE
NSW1,2008/9/10 9:00,10430.01,46.89,TRADE
NSW1,2008/9/10 9:30,10305.47,44.99,TRADE
NSW1,2008/9/10 10:00,10202.36,45.57,TRADE
NSW1,2008/9/10 10:30,10107.67,44.88,TRADE
NSW1,2008/9/10 11:00,10026.82,44.13,TRADE
NSW1,2008/9/10 11:30,9884.51,42.21,TRADE
NSW1,2008/9/10 12:00,9784.93,41.77,TRADE
NSW1,2008/9/10 12:30,9703.13,41.09,TRADE
NSW1,2008/9/10 13:00,9587.33,38.5,TRADE
NSW1,2008/9/10 13:30,9430.52,37.69,TRADE
NSW1,2008/9/10 14:00,9367.97,39.63,TRADE
NSW1,2008/9/10 14:30,9392.3,38.53,TRADE
NSW1,2008/9/10 15:00,9364.64,33.96,TRADE
NSW1,2008/9/10 15:30,9339.25,32.66,TRADE
NSW1,2008/9/10 16:00,9409.43,35,TRADE
NSW1,2008/9/10 16:30,9546.14,35.92,TRADE
NSW1,2008/9/10 17:00,9761.65,37.52,TRADE
NSW1,2008/9/10 17:30,10137.56,40.43,TRADE
NSW1,2008/9/10 18:00,10839.91,54.16,TRADE
NSW1,2008/9/10 18:30,11501.64,80.09,TRADE
NSW1,2008/9/10 19:00,11683.32,96.25,TRADE
NSW1,2008/9/10 19:30,11553.92,90.93,TRADE
NSW1,2008/9/10 20:00,11358.21,59.32,TRADE
NSW1,2008/9/10 20:30,11218.86,64.16,TRADE
NSW1,2008/9/10 21:00,11035.77,53.84,TRADE
NSW1,2008/9/10 21:30,10641.24,46.59,TRADE
NSW1,2008/9/10 22:00,10191.94,33.81,TRADE
NSW1,2008/9/10 22:30,10177.92,47.67,TRADE
NSW1,2008/9/10 23:00,9804.34,34.61,TRADE
NSW1,2008/9/10 23:30,9609.71,35.59,TRADE
NSW1,2008/9/11 0:00,9434.62,35.21,TRADE
NSW1,2008/9/11 0:30,9306.31,33.49,TRADE
NSW1,2008/9/11 1:00,9120.92,25.71,TRADE
NSW1,2008/9/11 1:30,9012.05,26.3,TRADE
NSW1,2008/9/11 2:00,8782.02,25.4,TRADE
NSW1,2008/9/11 2:30,8384.91,24.43,TRADE
NSW1,2008/9/11 3:00,8072.17,23.45,TRADE
NSW1,2008/9/11 3:30,7720.37,20.97,TRADE
NSW1,2008/9/11 4:00,7539.2,21.77,TRADE
NSW1,2008/9/11 4:30,7503.76,21.63,TRADE
NSW1,2008/9/11 5:00,7564.88,22.83,TRADE
NSW1,2008/9/11 5:30,7879.71,23.44,TRADE
NSW1,2008/9/11 6:00,8414.12,29.08,TRADE
NSW1,2008/9/11 6:30,9297.5,39.44,TRADE
NSW1,2008/9/11 7:00,10261.97,59.69,TRADE
NSW1,2008/9/11 7:30,10492.54,59.03,TRADE
NSW1,2008/9/11 8:00,10809.81,86,TRADE
NSW1,2008/9/11 8:30,10723.59,89.44,TRADE
NSW1,2008/9/11 9:00,10511.24,86.62,TRADE
NSW1,2008/9/11 9:30,10378.41,65.86,TRADE
NSW1,2008/9/11 10:00,10247.63,50.43,TRADE
NSW1,2008/9/11 10:30,10090.65,43.96,TRADE
NSW1,2008/9/11 11:00,9995.54,43.38,TRADE
NSW1,2008/9/11 11:30,9856.69,47.34,TRADE
NSW1,2008/9/11 12:00,9658.42,53.49,TRADE
NSW1,2008/9/11 12:30,9601.47,52.29,TRADE
NSW1,2008/9/11 13:00,9467.2,43.85,TRADE
NSW1,2008/9/11 13:30,9432.89,42.92,TRADE
NSW1,2008/9/11 14:00,9380.25,43.27,TRADE
NSW1,2008/9/11 14:30,9359.58,43,TRADE
NSW1,2008/9/11 15:00,9317.89,40.19,TRADE
NSW1,2008/9/11 15:30,9263.89,27.95,TRADE
NSW1,2008/9/11 16:00,9310.3,33.86,TRADE
NSW1,2008/9/11 16:30,9372.84,36.03,TRADE
NSW1,2008/9/11 17:00,9606.08,34.62,TRADE
NSW1,2008/9/11 17:30,9784.55,34.26,TRADE
NSW1,2008/9/11 18:00,10446.19,40.78,TRADE
NSW1,2008/9/11 18:30,11017.83,47.36,TRADE
NSW1,2008/9/11 19:00,11117.11,48.13,TRADE
NSW1,2008/9/11 19:30,10969.51,44.8,TRADE
NSW1,2008/9/11 20:00,10782.52,41.7,TRADE
NSW1,2008/9/11 20:30,10695.19,39.5,TRADE
NSW1,2008/9/11 21:00,10468.58,33.83,TRADE
NSW1,2008/9/11 21:30,10121.56,26.74,TRADE
NSW1,2008/9/11 22:00,9704.61,25.44,TRADE
NSW1,2008/9/11 22:30,9764.38,31.55,TRADE
NSW1,2008/9/11 23:00,9479.76,30.44,TRADE
NSW1,2008/9/11 23:30,9333.6,33.79,TRADE
NSW1,2008/9/12 0:00,9164.04,27.98,TRADE
NSW1,2008/9/12 0:30,9028.04,25.73,TRADE
NSW1,2008/9/12 1:00,8871.93,23.92,TRADE
NSW1,2008/9/12 1:30,8743.09,24.69,TRADE
NSW1,2008/9/12 2:00,8532.65,22.44,TRADE
NSW1,2008/9/12 2:30,8073.11,21.93,TRADE
NSW1,2008/9/12 3:00,7744.13,21.15,TRADE
NSW1,2008/9/12 3:30,7472.03,19.95,TRADE
NSW1,2008/9/12 4:00,7293.47,17.51,TRADE
NSW1,2008/9/12 4:30,7271.29,17.44,TRADE
NSW1,2008/9/12 5:00,7309.34,18.05,TRADE
NSW1,2008/9/12 5:30,7662.85,21.95,TRADE
NSW1,2008/9/12 6:00,8081.55,23.82,TRADE
NSW1,2008/9/12 6:30,8933.33,28.34,TRADE
NSW1,2008/9/12 7:00,9745.57,31.15,TRADE
NSW1,2008/9/12 7:30,10036.42,31.91,TRADE
NSW1,2008/9/12 8:00,10322.66,41.08,TRADE
NSW1,2008/9/12 8:30,10295.87,38.78,TRADE
NSW1,2008/9/12 9:00,10105.74,34.52,TRADE
NSW1,2008/9/12 9:30,10058.93,33.08,TRADE
NSW1,2008/9/12 10:00,9965.33,32.08,TRADE
NSW1,2008/9/12 10:30,9886.56,33.47,TRADE
NSW1,2008/9/12 11:00,9809.44,31.79,TRADE
NSW1,2008/9/12 11:30,9666.27,35.08,TRADE
NSW1,2008/9/12 12:00,9567.09,30.97,TRADE
NSW1,2008/9/12 12:30,9496.43,26.61,TRADE
NSW1,2008/9/12 13:00,9447.69,25.97,TRADE
NSW1,2008/9/12 13:30,9362.74,29.5,TRADE
NSW1,2008/9/12 14:00,9225.12,26.28,TRADE
NSW1,2008/9/12 14:30,9218.04,25.22,TRADE
NSW1,2008/9/12 15:00,9211.62,26.55,TRADE
NSW1,2008/9/12 15:30,9156.78,32.62,TRADE
NSW1,2008/9/12 16:00,9187.68,34.02,TRADE
NSW1,2008/9/12 16:30,9286.21,35.42,TRADE
NSW1,2008/9/12 17:00,9320.53,27.2,TRADE
NSW1,2008/9/12 17:30,9395.39,26.49,TRADE
NSW1,2008/9/12 18:00,9670.75,26.76,TRADE
NSW1,2008/9/12 18:30,9995.04,33.4,TRADE
NSW1,2008/9/12 19:00,10065.77,42.71,TRADE
NSW1,2008/9/12 19:30,9832.28,32.82,TRADE
NSW1,2008/9/12 20:00,9631.35,29.46,TRADE
NSW1,2008/9/12 20:30,9419.11,26.87,TRADE
NSW1,2008/9/12 21:00,9315.09,25.86,TRADE
NSW1,2008/9/12 21:30,9079.82,25.63,TRADE
NSW1,2008/9/12 22:00,8810.69,24.02,TRADE
NSW1,2008/9/12 22:30,8989.96,29.7,TRADE
NSW1,2008/9/12 23:00,8873.13,32.17,TRADE
NSW1,2008/9/12 23:30,8879.25,46.03,TRADE
NSW1,2008/9/13 0:00,8786.32,32.45,TRADE
NSW1,2008/9/13 0:30,8572.74,24.14,TRADE
NSW1,2008/9/13 1:00,8473.25,22.85,TRADE
NSW1,2008/9/13 1:30,8320.61,22.62,TRADE
NSW1,2008/9/13 2:00,7994.02,20.73,TRADE
NSW1,2008/9/13 2:30,7560.73,20.45,TRADE
NSW1,2008/9/13 3:00,7219.91,20.68,TRADE
NSW1,2008/9/13 3:30,6965.68,18.62,TRADE
NSW1,2008/9/13 4:00,6804.81,17.93,TRADE
NSW1,2008/9/13 4:30,6705.9,17.8,TRADE
NSW1,2008/9/13 5:00,6642.7,16.99,TRADE
NSW1,2008/9/13 5:30,6710.46,19.06,TRADE
NSW1,2008/9/13 6:00,6829.47,18.63,TRADE
NSW1,2008/9/13 6:30,7110.91,19.49,TRADE
NSW1,2008/9/13 7:00,7493.07,19.03,TRADE
NSW1,2008/9/13 7:30,7876.19,21.51,TRADE
NSW1,2008/9/13 8:00,8260.76,22.25,TRADE
NSW1,2008/9/13 8:30,8618.91,24.52,TRADE
NSW1,2008/9/13 9:00,8840.77,25.57,TRADE
NSW1,2008/9/13 9:30,9042.55,27.43,TRADE
NSW1,2008/9/13 10:00,9050.94,32.13,TRADE
NSW1,2008/9/13 10:30,9044.15,33.06,TRADE
NSW1,2008/9/13 11:00,8877.21,25.76,TRADE
NSW1,2008/9/13 11:30,8748.26,25.83,TRADE
NSW1,2008/9/13 12:00,8655.32,24.25,TRADE
NSW1,2008/9/13 12:30,8511.33,23.56,TRADE
NSW1,2008/9/13 13:00,8585.44,24.75,TRADE
NSW1,2008/9/13 13:30,8498.62,23.57,TRADE
NSW1,2008/9/13 14:00,8485.36,22.45,TRADE
NSW1,2008/9/13 14:30,8433.13,21.98,TRADE
NSW1,2008/9/13 15:00,8362.04,22,TRADE
NSW1,2008/9/13 15:30,8353.55,21.99,TRADE
NSW1,2008/9/13 16:00,8338.76,22,TRADE
NSW1,2008/9/13 16:30,8387.9,22.06,TRADE
NSW1,2008/9/13 17:00,8435.97,21.98,TRADE
NSW1,2008/9/13 17:30,8411.46,21.26,TRADE
NSW1,2008/9/13 18:00,8673.25,26.02,TRADE
NSW1,2008/9/13 18:30,9047.98,37.48,TRADE
NSW1,2008/9/13 19:00,9125.46,43.4,TRADE
NSW1,2008/9/13 19:30,8830.88,34.54,TRADE
NSW1,2008/9/13 20:00,8609.14,32.91,TRADE
NSW1,2008/9/13 20:30,8400.91,27.97,TRADE
NSW1,2008/9/13 21:00,8308.26,21.44,TRADE
NSW1,2008/9/13 21:30,8123.77,21.85,TRADE
NSW1,2008/9/13 22:00,8008.06,21.34,TRADE
NSW1,2008/9/13 22:30,8030.64,21.88,TRADE
NSW1,2008/9/13 23:00,8020.35,22.53,TRADE
NSW1,2008/9/13 23:30,8034.96,25.61,TRADE
NSW1,2008/9/14 0:00,7832.03,22.26,TRADE
NSW1,2008/9/14 0:30,7506.47,20.29,TRADE
NSW1,2008/9/14 1:00,7377.78,18.39,TRADE
NSW1,2008/9/14 1:30,7307.97,19.95,TRADE
NSW1,2008/9/14 2:00,7076.86,17.23,TRADE
NSW1,2008/9/14 2:30,6759.13,15.54,TRADE
NSW1,2008/9/14 3:00,6517.93,14.68,TRADE
NSW1,2008/9/14 3:30,6366.79,11.98,TRADE
NSW1,2008/9/14 4:00,6250.53,11.8,TRADE
NSW1,2008/9/14 4:30,6236.7,12,TRADE
NSW1,2008/9/14 5:00,6232.08,11.61,TRADE
NSW1,2008/9/14 5:30,6271.82,12.24,TRADE
NSW1,2008/9/14 6:00,6359.72,13.27,TRADE
NSW1,2008/9/14 6:30,6435.95,12.64,TRADE
NSW1,2008/9/14 7:00,6674.03,15.76,TRADE
NSW1,2008/9/14 7:30,6894.56,15.8,TRADE
NSW1,2008/9/14 8:00,7239.42,16.5,TRADE
NSW1,2008/9/14 8:30,7640.48,18.39,TRADE
NSW1,2008/9/14 9:00,7981.54,19.76,TRADE
NSW1,2008/9/14 9:30,8304.23,21.98,TRADE
NSW1,2008/9/14 10:00,8406.97,21.97,TRADE
NSW1,2008/9/14 10:30,8544.02,22,TRADE
NSW1,2008/9/14 11:00,8499.95,21.96,TRADE
NSW1,2008/9/14 11:30,8427.31,21.89,TRADE
NSW1,2008/9/14 12:00,8316.19,21.99,TRADE
NSW1,2008/9/14 12:30,8265.32,21.67,TRADE
NSW1,2008/9/14 13:00,8279.13,21.92,TRADE
NSW1,2008/9/14 13:30,8266.86,21.56,TRADE
NSW1,2008/9/14 14:00,8280.49,21.78,TRADE
NSW1,2008/9/14 14:30,8204.47,21.63,TRADE
NSW1,2008/9/14 15:00,8138.7,21.71,TRADE
NSW1,2008/9/14 15:30,8151.46,21.93,TRADE
NSW1,2008/9/14 16:00,8212.78,21.95,TRADE
NSW1,2008/9/14 16:30,8203.5,21.79,TRADE
NSW1,2008/9/14 17:00,8424.14,22.89,TRADE
NSW1,2008/9/14 17:30,8622.95,21.77,TRADE
NSW1,2008/9/14 18:00,8974.85,25.77,TRADE
NSW1,2008/9/14 18:30,9360.65,31.94,TRADE
NSW1,2008/9/14 19:00,9371.37,33.84,TRADE
NSW1,2008/9/14 19:30,9146.61,29.55,TRADE
NSW1,2008/9/14 20:00,8931,25.66,TRADE
NSW1,2008/9/14 20:30,8778.81,25.14,TRADE
NSW1,2008/9/14 21:00,8629.74,23.28,TRADE
NSW1,2008/9/14 21:30,8398.83,21.68,TRADE
NSW1,2008/9/14 22:00,8099.5,20.75,TRADE
NSW1,2008/9/14 22:30,8122.73,22.08,TRADE
NSW1,2008/9/14 23:00,7969.67,20.79,TRADE
NSW1,2008/9/14 23:30,7929.31,21.59,TRADE
NSW1,2008/9/15 0:00,7773.7,19.11,TRADE
NSW1,2008/9/15 0:30,7560.17,19.37,TRADE
NSW1,2008/9/15 1:00,7394.98,17.47,TRADE
NSW1,2008/9/15 1:30,7311.66,18.27,TRADE
NSW1,2008/9/15 2:00,7190.28,14.84,TRADE
NSW1,2008/9/15 2:30,6816.97,13.17,TRADE
NSW1,2008/9/15 3:00,6623.63,12.21,TRADE
NSW1,2008/9/15 3:30,6547.5,12.78,TRADE
NSW1,2008/9/15 4:00,6495.82,12,TRADE
NSW1,2008/9/15 4:30,6542.33,12.8,TRADE
NSW1,2008/9/15 5:00,6585.07,12.21,TRADE
NSW1,2008/9/15 5:30,6852.98,18.19,TRADE
NSW1,2008/9/15 6:00,7252.51,17.36,TRADE
NSW1,2008/9/15 6:30,8022.3,18.19,TRADE
NSW1,2008/9/15 7:00,8709.42,20.79,TRADE
NSW1,2008/9/15 7:30,8933.42,23.34,TRADE
NSW1,2008/9/15 8:00,9279.39,26.14,TRADE
NSW1,2008/9/15 8:30,9466.88,26.51,TRADE
NSW1,2008/9/15 9:00,9549.61,26.53,TRADE
NSW1,2008/9/15 9:30,9667.93,33.19,TRADE
NSW1,2008/9/15 10:00,9717.76,32.58,TRADE
NSW1,2008/9/15 10:30,9752.75,31.77,TRADE
NSW1,2008/9/15 11:00,9838.95,29.98,TRADE
NSW1,2008/9/15 11:30,9741.1,26.64,TRADE
NSW1,2008/9/15 12:00,9729.43,38.42,TRADE
NSW1,2008/9/15 12:30,9768.08,35.78,TRADE
NSW1,2008/9/15 13:00,9711.82,38.78,TRADE
NSW1,2008/9/15 13:30,9760.02,40.75,TRADE
NSW1,2008/9/15 14:00,9687.84,40.73,TRADE
NSW1,2008/9/15 14:30,9721.33,41.07,TRADE
NSW1,2008/9/15 15:00,9687.61,40.05,TRADE
NSW1,2008/9/15 15:30,9683.62,42.02,TRADE
NSW1,2008/9/15 16:00,9668.07,35.16,TRADE
NSW1,2008/9/15 16:30,9646.8,35.52,TRADE
NSW1,2008/9/15 17:00,9627.42,32.88,TRADE
NSW1,2008/9/15 17:30,9761.24,36.91,TRADE
NSW1,2008/9/15 18:00,9980.14,34.04,TRADE
NSW1,2008/9/15 18:30,10261.37,38.62,TRADE
NSW1,2008/9/15 19:00,10242.55,38.93,TRADE
NSW1,2008/9/15 19:30,9875.38,33.94,TRADE
NSW1,2008/9/15 20:00,9649.84,32.87,TRADE
NSW1,2008/9/15 20:30,9447.07,29.93,TRADE
NSW1,2008/9/15 21:00,9277.3,31.14,TRADE
NSW1,2008/9/15 21:30,8958.22,30.45,TRADE
NSW1,2008/9/15 22:00,8632.7,24.45,TRADE
NSW1,2008/9/15 22:30,8778.03,27,TRADE
NSW1,2008/9/15 23:00,8576.43,23.67,TRADE
NSW1,2008/9/15 23:30,8592.32,26.71,TRADE
NSW1,2008/9/16 0:00,8480.69,24.29,TRADE
NSW1,2008/9/16 0:30,8394.57,22.39,TRADE
NSW1,2008/9/16 1:00,8250.16,21.76,TRADE
NSW1,2008/9/16 1:30,8105.79,22.14,TRADE
NSW1,2008/9/16 2:00,7877.63,21.73,TRADE
NSW1,2008/9/16 2:30,7492.4,21.45,TRADE
NSW1,2008/9/16 3:00,7192.21,18.79,TRADE
NSW1,2008/9/16 3:30,6950.74,17.5,TRADE
NSW1,2008/9/16 4:00,6842.23,16.69,TRADE
NSW1,2008/9/16 4:30,6774.81,19.78,TRADE
NSW1,2008/9/16 5:00,6885.17,21.18,TRADE
NSW1,2008/9/16 5:30,7019.61,20.97,TRADE
NSW1,2008/9/16 6:00,7411.07,19.71,TRADE
NSW1,2008/9/16 6:30,8244.98,22.51,TRADE
NSW1,2008/9/16 7:00,8967.76,28.03,TRADE
NSW1,2008/9/16 7:30,9164.47,30.16,TRADE
NSW1,2008/9/16 8:00,9488.47,34.7,TRADE
NSW1,2008/9/16 8:30,9638.22,46.22,TRADE
NSW1,2008/9/16 9:00,9602.41,37.18,TRADE
NSW1,2008/9/16 9:30,9692.18,38.17,TRADE
NSW1,2008/9/16 10:00,9753.18,47.04,TRADE
NSW1,2008/9/16 10:30,9718.89,42.44,TRADE
NSW1,2008/9/16 11:00,9775.99,42.51,TRADE
NSW1,2008/9/16 11:30,9641.27,42.13,TRADE
NSW1,2008/9/16 12:00,9602.86,44.33,TRADE
NSW1,2008/9/16 12:30,9590.12,42.31,TRADE
NSW1,2008/9/16 13:00,9538.3,40.62,TRADE
NSW1,2008/9/16 13:30,9518.31,44.58,TRADE
NSW1,2008/9/16 14:00,9495.47,54.59,TRADE
NSW1,2008/9/16 14:30,9415.93,49.2,TRADE
NSW1,2008/9/16 15:00,9342.48,44.42,TRADE
NSW1,2008/9/16 15:30,9272.87,42.04,TRADE
NSW1,2008/9/16 16:00,9298.98,42.32,TRADE
NSW1,2008/9/16 16:30,9342.11,38.15,TRADE
NSW1,2008/9/16 17:00,9491.26,41.69,TRADE
NSW1,2008/9/16 17:30,9638.63,37.02,TRADE
NSW1,2008/9/16 18:00,10029.75,46.41,TRADE
NSW1,2008/9/16 18:30,10507.38,82.01,TRADE
NSW1,2008/9/16 19:00,10587.62,84.22,TRADE
NSW1,2008/9/16 19:30,10371.12,67.82,TRADE
NSW1,2008/9/16 20:00,10170.13,50.24,TRADE
NSW1,2008/9/16 20:30,10011.23,39.96,TRADE
NSW1,2008/9/16 21:00,9838.66,35.52,TRADE
NSW1,2008/9/16 21:30,9536.2,31.31,TRADE
NSW1,2008/9/16 22:00,9291.9,32.56,TRADE
NSW1,2008/9/16 22:30,9370.5,36.48,TRADE
NSW1,2008/9/16 23:00,9147.13,35.17,TRADE
NSW1,2008/9/16 23:30,9101.45,46.01,TRADE
NSW1,2008/9/17 0:00,8986.74,40.31,TRADE
NSW1,2008/9/17 0:30,8865.03,40.95,TRADE
NSW1,2008/9/17 1:00,8694.26,35.77,TRADE
NSW1,2008/9/17 1:30,8531.59,34.36,TRADE
NSW1,2008/9/17 2:00,8339.46,38.67,TRADE
NSW1,2008/9/17 2:30,7918.75,34.74,TRADE
NSW1,2008/9/17 3:00,7530.87,23.43,TRADE
NSW1,2008/9/17 3:30,7265.42,21.93,TRADE
NSW1,2008/9/17 4:00,7147.61,22,TRADE
NSW1,2008/9/17 4:30,7113.64,21.98,TRADE
NSW1,2008/9/17 5:00,7159.13,22.7,TRADE
NSW1,2008/9/17 5:30,7460.52,24.72,TRADE
NSW1,2008/9/17 6:00,7870.27,27.31,TRADE
NSW1,2008/9/17 6:30,8688.84,33.22,TRADE
NSW1,2008/9/17 7:00,9441.76,41.49,TRADE
NSW1,2008/9/17 7:30,9700.92,39.03,TRADE
NSW1,2008/9/17 8:00,9994.78,40.45,TRADE
NSW1,2008/9/17 8:30,10035.2,41.37,TRADE
NSW1,2008/9/17 9:00,9937.25,39.89,TRADE
NSW1,2008/9/17 9:30,9987.22,40.03,TRADE
NSW1,2008/9/17 10:00,9934.78,40.13,TRADE
NSW1,2008/9/17 10:30,9915.45,39.53,TRADE
NSW1,2008/9/17 11:00,9876.17,38.47,TRADE
NSW1,2008/9/17 11:30,9800.13,34.57,TRADE
NSW1,2008/9/17 12:00,9738.55,34.8,TRADE
NSW1,2008/9/17 12:30,9657.75,31.86,TRADE
NSW1,2008/9/17 13:00,9634.26,33.96,TRADE
NSW1,2008/9/17 13:30,9529.96,34.74,TRADE
NSW1,2008/9/17 14:00,9461.7,34,TRADE
NSW1,2008/9/17 14:30,9499.22,34.48,TRADE
NSW1,2008/9/17 15:00,9464.36,33.65,TRADE
NSW1,2008/9/17 15:30,9419.18,28.36,TRADE
NSW1,2008/9/17 16:00,9481.64,28.72,TRADE
NSW1,2008/9/17 16:30,9567.04,33.19,TRADE
NSW1,2008/9/17 17:00,9705.87,30.88,TRADE
NSW1,2008/9/17 17:30,9976.51,35.6,TRADE
NSW1,2008/9/17 18:00,10522.98,42.88,TRADE
NSW1,2008/9/17 18:30,10947.08,46.13,TRADE
NSW1,2008/9/17 19:00,10991.03,55.18,TRADE
NSW1,2008/9/17 19:30,10750.46,42.26,TRADE
NSW1,2008/9/17 20:00,10572.39,40.87,TRADE
NSW1,2008/9/17 20:30,10413.03,51.1,TRADE
NSW1,2008/9/17 21:00,10202.53,38.7,TRADE
NSW1,2008/9/17 21:30,9874.63,34.97,TRADE
NSW1,2008/9/17 22:00,9558.83,34.21,TRADE
NSW1,2008/9/17 22:30,9530.43,38.05,TRADE
NSW1,2008/9/17 23:00,9247.69,31.3,TRADE
NSW1,2008/9/17 23:30,9144.76,35.66,TRADE
NSW1,2008/9/18 0:00,9045.19,32.88,TRADE
NSW1,2008/9/18 0:30,8825.46,27.1,TRADE
NSW1,2008/9/18 1:00,8689.04,23.33,TRADE
NSW1,2008/9/18 1:30,8562.1,23.92,TRADE
NSW1,2008/9/18 2:00,8385.69,23.92,TRADE
NSW1,2008/9/18 2:30,7945,22.91,TRADE
NSW1,2008/9/18 3:00,7607.1,21.49,TRADE
NSW1,2008/9/18 3:30,7370.68,21.83,TRADE
NSW1,2008/9/18 4:00,7214.62,21.37,TRADE
NSW1,2008/9/18 4:30,7196.7,22.37,TRADE
NSW1,2008/9/18 5:00,7257.13,21.92,TRADE
NSW1,2008/9/18 5:30,7531,23.15,TRADE
NSW1,2008/9/18 6:00,7944.1,24.53,TRADE
NSW1,2008/9/18 6:30,8694.15,26.34,TRADE
NSW1,2008/9/18 7:00,9515.48,40.17,TRADE
NSW1,2008/9/18 7:30,9681.01,33.85,TRADE
NSW1,2008/9/18 8:00,9927.34,40.93,TRADE
NSW1,2008/9/18 8:30,9972.81,40.59,TRADE
NSW1,2008/9/18 9:00,9874.59,41.13,TRADE
NSW1,2008/9/18 9:30,9835.68,42.19,TRADE
NSW1,2008/9/18 10:00,9759.97,40.96,TRADE
NSW1,2008/9/18 10:30,9734.59,41.17,TRADE
NSW1,2008/9/18 11:00,9646.27,33.96,TRADE
NSW1,2008/9/18 11:30,9594.4,34.95,TRADE
NSW1,2008/9/18 12:00,9535.49,35.23,TRADE
NSW1,2008/9/18 12:30,9541.69,37.28,TRADE
NSW1,2008/9/18 13:00,9492.75,34.31,TRADE
NSW1,2008/9/18 13:30,9429.41,33.59,TRADE
NSW1,2008/9/18 14:00,9334.94,37.37,TRADE
NSW1,2008/9/18 14:30,9388.39,35.58,TRADE
NSW1,2008/9/18 15:00,9305.87,35.03,TRADE
NSW1,2008/9/18 15:30,9240.81,34.6,TRADE
NSW1,2008/9/18 16:00,9283.75,33.63,TRADE
NSW1,2008/9/18 16:30,9265.39,30.59,TRADE
NSW1,2008/9/18 17:00,9443.58,32.85,TRADE
NSW1,2008/9/18 17:30,9550.98,37.07,TRADE
NSW1,2008/9/18 18:00,9951.23,40.95,TRADE
NSW1,2008/9/18 18:30,10373.88,42.2,TRADE
NSW1,2008/9/18 19:00,10440.43,42.26,TRADE
NSW1,2008/9/18 19:30,10252.09,40.75,TRADE
NSW1,2008/9/18 20:00,10090.49,40.86,TRADE
NSW1,2008/9/18 20:30,9903.71,38,TRADE
NSW1,2008/9/18 21:00,9691.01,34.27,TRADE
NSW1,2008/9/18 21:30,9357.19,26.47,TRADE
NSW1,2008/9/18 22:00,9030.55,23.8,TRADE
NSW1,2008/9/18 22:30,9126.4,29.51,TRADE
NSW1,2008/9/18 23:00,8973.19,25.55,TRADE
NSW1,2008/9/18 23:30,8861.24,31.4,TRADE
NSW1,2008/9/19 0:00,8770.35,28.93,TRADE
NSW1,2008/9/19 0:30,8596.88,25.96,TRADE
NSW1,2008/9/19 1:00,8416.87,23.94,TRADE
NSW1,2008/9/19 1:30,8246.97,23.06,TRADE
NSW1,2008/9/19 2:00,8053.66,20.6,TRADE
NSW1,2008/9/19 2:30,7634.18,22.25,TRADE
NSW1,2008/9/19 3:00,7339.3,22.1,TRADE
NSW1,2008/9/19 3:30,7076.62,21.34,TRADE
NSW1,2008/9/19 4:00,6907.05,18.68,TRADE
NSW1,2008/9/19 4:30,6891.73,18,TRADE
NSW1,2008/9/19 5:00,6944.26,21.07,TRADE
NSW1,2008/9/19 5:30,7193.29,22.09,TRADE
NSW1,2008/9/19 6:00,7578.19,23.04,TRADE
NSW1,2008/9/19 6:30,8266.07,21.26,TRADE
NSW1,2008/9/19 7:00,8946.18,26.32,TRADE
NSW1,2008/9/19 7:30,9085.33,27.7,TRADE
NSW1,2008/9/19 8:00,9470.53,38.84,TRADE
NSW1,2008/9/19 8:30,9538.77,38.12,TRADE
NSW1,2008/9/19 9:00,9529.8,36.88,TRADE
NSW1,2008/9/19 9:30,9643.28,38.49,TRADE
NSW1,2008/9/19 10:00,9695.58,36.81,TRADE
NSW1,2008/9/19 10:30,9769.69,35.95,TRADE
NSW1,2008/9/19 11:00,9785.08,36.59,TRADE
NSW1,2008/9/19 11:30,9780.76,37.67,TRADE
NSW1,2008/9/19 12:00,9787.24,34.58,TRADE
NSW1,2008/9/19 12:30,9752.77,35.56,TRADE
NSW1,2008/9/19 13:00,9697.25,38.66,TRADE
NSW1,2008/9/19 13:30,9722.13,35.76,TRADE
NSW1,2008/9/19 14:00,9663.61,33.9,TRADE
NSW1,2008/9/19 14:30,9618.22,32.05,TRADE
NSW1,2008/9/19 15:00,9529.92,27.9,TRADE
NSW1,2008/9/19 15:30,9557.5,35.1,TRADE
NSW1,2008/9/19 16:00,9631.5,36.33,TRADE
NSW1,2008/9/19 16:30,9603.98,33.66,TRADE
NSW1,2008/9/19 17:00,9534.12,33.51,TRADE
NSW1,2008/9/19 17:30,9497.32,32.34,TRADE
NSW1,2008/9/19 18:00,9635.31,34.64,TRADE
NSW1,2008/9/19 18:30,9802.82,36.54,TRADE
NSW1,2008/9/19 19:00,9806.66,36.49,TRADE
NSW1,2008/9/19 19:30,9456.62,30.6,TRADE
NSW1,2008/9/19 20:00,9204.01,27.22,TRADE
NSW1,2008/9/19 20:30,9036.67,26.98,TRADE
NSW1,2008/9/19 21:00,8925.58,25.19,TRADE
NSW1,2008/9/19 21:30,8708.52,22.97,TRADE
NSW1,2008/9/19 22:00,8434.48,22.14,TRADE
NSW1,2008/9/19 22:30,8661.05,30.5,TRADE
NSW1,2008/9/19 23:00,8559.46,26.49,TRADE
NSW1,2008/9/19 23:30,8596.42,32.88,TRADE
NSW1,2008/9/20 0:00,8547.09,31.71,TRADE
NSW1,2008/9/20 0:30,8358.5,26.1,TRADE
NSW1,2008/9/20 1:00,8237.22,23.27,TRADE
NSW1,2008/9/20 1:30,8073.91,20.86,TRADE
NSW1,2008/9/20 2:00,7772.62,22.74,TRADE
NSW1,2008/9/20 2:30,7383.45,20.84,TRADE
NSW1,2008/9/20 3:00,7001.39,19.71,TRADE
NSW1,2008/9/20 3:30,6801.68,18,TRADE
NSW1,2008/9/20 4:00,6596.96,17.12,TRADE
NSW1,2008/9/20 4:30,6562.62,17.48,TRADE
NSW1,2008/9/20 5:00,6556.64,16.22,TRADE
NSW1,2008/9/20 5:30,6648.94,17.62,TRADE
NSW1,2008/9/20 6:00,6724.6,17.81,TRADE
NSW1,2008/9/20 6:30,7013.77,18,TRADE
NSW1,2008/9/20 7:00,7285.55,17.01,TRADE
NSW1,2008/9/20 7:30,7675.52,18.51,TRADE
NSW1,2008/9/20 8:00,8113.8,21,TRADE
NSW1,2008/9/20 8:30,8526.18,22.39,TRADE
NSW1,2008/9/20 9:00,8854.65,27.31,TRADE
NSW1,2008/9/20 9:30,9136.77,53.21,TRADE
NSW1,2008/9/20 10:00,9196.65,36.5,TRADE
NSW1,2008/9/20 10:30,9251.5,41.4,TRADE
NSW1,2008/9/20 11:00,9196.94,37.95,TRADE
NSW1,2008/9/20 11:30,9111.99,36.02,TRADE
NSW1,2008/9/20 12:00,9089.65,38.33,TRADE
NSW1,2008/9/20 12:30,9050.94,37.31,TRADE
NSW1,2008/9/20 13:00,9053.5,30.9,TRADE
NSW1,2008/9/20 13:30,9000.49,25.34,TRADE
NSW1,2008/9/20 14:00,8977.87,25.06,TRADE
NSW1,2008/9/20 14:30,8953.84,24.89,TRADE
NSW1,2008/9/20 15:00,8857.02,24.21,TRADE
NSW1,2008/9/20 15:30,8856.81,27.68,TRADE
NSW1,2008/9/20 16:00,8862.35,28.14,TRADE
NSW1,2008/9/20 16:30,8875.24,34.01,TRADE
NSW1,2008/9/20 17:00,8920.93,35.9,TRADE
NSW1,2008/9/20 17:30,8776.96,34.33,TRADE
NSW1,2008/9/20 18:00,8953.15,40.37,TRADE
NSW1,2008/9/20 18:30,9237.46,52.82,TRADE
NSW1,2008/9/20 19:00,9271.89,57.99,TRADE
NSW1,2008/9/20 19:30,9014.5,52.67,TRADE
NSW1,2008/9/20 20:00,8775.08,37.9,TRADE
NSW1,2008/9/20 20:30,8531.09,37.09,TRADE
NSW1,2008/9/20 21:00,8420.16,36.37,TRADE
NSW1,2008/9/20 21:30,8230.9,36.33,TRADE
NSW1,2008/9/20 22:00,8082.55,38.86,TRADE
NSW1,2008/9/20 22:30,8187.2,65.88,TRADE
NSW1,2008/9/20 23:00,8031.07,51.44,TRADE
NSW1,2008/9/20 23:30,8014.02,63.84,TRADE
NSW1,2008/9/21 0:00,7851.27,50.25,TRADE
NSW1,2008/9/21 0:30,7641.68,34.05,TRADE
NSW1,2008/9/21 1:00,7500.99,31.9,TRADE
NSW1,2008/9/21 1:30,7348.18,31.54,TRADE
NSW1,2008/9/21 2:00,7150.92,33.15,TRADE
NSW1,2008/9/21 2:30,6813.04,25.46,TRADE
NSW1,2008/9/21 3:00,6601.98,23.17,TRADE
NSW1,2008/9/21 3:30,6417.09,23.6,TRADE
NSW1,2008/9/21 4:00,6340.15,22.37,TRADE
NSW1,2008/9/21 4:30,6374.01,22.85,TRADE
NSW1,2008/9/21 5:00,6397.9,23.75,TRADE
NSW1,2008/9/21 5:30,6462.67,20.73,TRADE
NSW1,2008/9/21 6:00,6535.17,22.31,TRADE
NSW1,2008/9/21 6:30,6631.43,22.48,TRADE
NSW1,2008/9/21 7:00,6854.12,22.75,TRADE
NSW1,2008/9/21 7:30,7109.89,23.03,TRADE
NSW1,2008/9/21 8:00,7449.61,27.16,TRADE
NSW1,2008/9/21 8:30,7863.32,35.16,TRADE
NSW1,2008/9/21 9:00,8079.94,34.25,TRADE
NSW1,2008/9/21 9:30,8363.52,41.63,TRADE
NSW1,2008/9/21 10:00,8404.01,40.19,TRADE
NSW1,2008/9/21 10:30,8506.44,42.5,TRADE
NSW1,2008/9/21 11:00,8516.43,41.95,TRADE
NSW1,2008/9/21 11:30,8397.81,40.57,TRADE
NSW1,2008/9/21 12:00,8394.8,39.75,TRADE
NSW1,2008/9/21 12:30,8370.42,42.85,TRADE
NSW1,2008/9/21 13:00,8341.45,43.96,TRADE
NSW1,2008/9/21 13:30,8260.35,48.99,TRADE
NSW1,2008/9/21 14:00,8190.34,44.85,TRADE
NSW1,2008/9/21 14:30,8154.44,40.95,TRADE
NSW1,2008/9/21 15:00,8096.49,38.79,TRADE
NSW1,2008/9/21 15:30,8129.37,35.33,TRADE
NSW1,2008/9/21 16:00,8139.91,37.08,TRADE
NSW1,2008/9/21 16:30,8164.34,36.16,TRADE
NSW1,2008/9/21 17:00,8334.71,37.74,TRADE
NSW1,2008/9/21 17:30,8323.83,39.48,TRADE
NSW1,2008/9/21 18:00,8582.17,41.67,TRADE
NSW1,2008/9/21 18:30,9073.07,55.48,TRADE
NSW1,2008/9/21 19:00,9223.28,77.48,TRADE
NSW1,2008/9/21 19:30,9077.49,59.29,TRADE
NSW1,2008/9/21 20:00,8832.4,44.89,TRADE
NSW1,2008/9/21 20:30,8672.7,41.96,TRADE
NSW1,2008/9/21 21:00,8552.53,36.71,TRADE
NSW1,2008/9/21 21:30,8336.52,33.41,TRADE
NSW1,2008/9/21 22:00,8094.05,28.39,TRADE
NSW1,2008/9/21 22:30,8133.58,30.3,TRADE
NSW1,2008/9/21 23:00,7941.6,28.12,TRADE
NSW1,2008/9/21 23:30,7898.24,34.32,TRADE
NSW1,2008/9/22 0:00,7684.07,25.84,TRADE
NSW1,2008/9/22 0:30,7587,22.98,TRADE
NSW1,2008/9/22 1:00,7459.81,21.78,TRADE
NSW1,2008/9/22 1:30,7324.23,22.93,TRADE
NSW1,2008/9/22 2:00,7154.27,20.94,TRADE
NSW1,2008/9/22 2:30,6909.01,22.07,TRADE
NSW1,2008/9/22 3:00,6712.24,22.4,TRADE
NSW1,2008/9/22 3:30,6603.84,21.95,TRADE
NSW1,2008/9/22 4:00,6546.47,21.87,TRADE
NSW1,2008/9/22 4:30,6541.92,21.84,TRADE
NSW1,2008/9/22 5:00,6621.41,23.6,TRADE
NSW1,2008/9/22 5:30,6907.54,25.45,TRADE
NSW1,2008/9/22 6:00,7255.09,26.14,TRADE
NSW1,2008/9/22 6:30,7958.39,45.48,TRADE
NSW1,2008/9/22 7:00,8603.23,50.66,TRADE
NSW1,2008/9/22 7:30,8816.98,68.93,TRADE
NSW1,2008/9/22 8:00,9175.23,83.49,TRADE
NSW1,2008/9/22 8:30,9349.8,86.17,TRADE
NSW1,2008/9/22 9:00,9439.31,72.48,TRADE
NSW1,2008/9/22 9:30,9597.42,79.65,TRADE
NSW1,2008/9/22 10:00,9726.48,67.1,TRADE
NSW1,2008/9/22 10:30,9790.12,68.67,TRADE
NSW1,2008/9/22 11:00,9931.23,88.62,TRADE
NSW1,2008/9/22 11:30,9943.58,118.68,TRADE
NSW1,2008/9/22 12:00,9969.45,123.33,TRADE
NSW1,2008/9/22 12:30,10056.47,123.61,TRADE
NSW1,2008/9/22 13:00,10071.22,124.87,TRADE
NSW1,2008/9/22 13:30,10102.77,128.88,TRADE
NSW1,2008/9/22 14:00,10030.61,119.49,TRADE
NSW1,2008/9/22 14:30,9932.13,96.01,TRADE
NSW1,2008/9/22 15:00,9910.46,120.86,TRADE
NSW1,2008/9/22 15:30,9812.18,49.39,TRADE
NSW1,2008/9/22 16:00,9876.79,67.93,TRADE
NSW1,2008/9/22 16:30,9971.77,120.97,TRADE
NSW1,2008/9/22 17:00,10021.49,118.92,TRADE
NSW1,2008/9/22 17:30,10006.15,120.87,TRADE
NSW1,2008/9/22 18:00,10273.55,129.63,TRADE
NSW1,2008/9/22 18:30,10379.52,140.38,TRADE
NSW1,2008/9/22 19:00,10188.89,128.09,TRADE
NSW1,2008/9/22 19:30,9900.81,84.83,TRADE
NSW1,2008/9/22 20:00,9649.9,41.61,TRADE
NSW1,2008/9/22 20:30,9399.17,38.06,TRADE
NSW1,2008/9/22 21:00,9227.9,37.02,TRADE
NSW1,2008/9/22 21:30,8919.75,43.32,TRADE
NSW1,2008/9/22 22:00,8650.11,34.48,TRADE
NSW1,2008/9/22 22:30,8687.09,30.04,TRADE
NSW1,2008/9/22 23:00,8535.11,23.94,TRADE
NSW1,2008/9/22 23:30,8553.87,30.25,TRADE
NSW1,2008/9/23 0:00,8451.24,27.65,TRADE
NSW1,2008/9/23 0:30,8315.8,26.99,TRADE
NSW1,2008/9/23 1:00,8112.68,25.19,TRADE
NSW1,2008/9/23 1:30,7957.19,25.04,TRADE
NSW1,2008/9/23 2:00,7738.13,25.13,TRADE
NSW1,2008/9/23 2:30,7364.19,42.77,TRADE
NSW1,2008/9/23 3:00,7116.58,29.99,TRADE
NSW1,2008/9/23 3:30,6909.48,25.37,TRADE
NSW1,2008/9/23 4:00,6847.19,23.13,TRADE
NSW1,2008/9/23 4:30,6794.72,22.63,TRADE
NSW1,2008/9/23 5:00,6837.2,26.94,TRADE
NSW1,2008/9/23 5:30,7109.41,35.21,TRADE
NSW1,2008/9/23 6:00,7502.07,37.99,TRADE
NSW1,2008/9/23 6:30,8165.52,41.59,TRADE
NSW1,2008/9/23 7:00,8864.67,35.35,TRADE
NSW1,2008/9/23 7:30,9150.11,45.33,TRADE
NSW1,2008/9/23 8:00,9531.92,71.05,TRADE
NSW1,2008/9/23 8:30,9713.07,108.85,TRADE
NSW1,2008/9/23 9:00,9750.66,90.69,TRADE
NSW1,2008/9/23 9:30,9858.45,100.21,TRADE
NSW1,2008/9/23 10:00,9908.36,92.44,TRADE
NSW1,2008/9/23 10:30,9929.22,112.39,TRADE
NSW1,2008/9/23 11:00,9883.91,98.05,TRADE
NSW1,2008/9/23 11:30,9806.61,86.46,TRADE
NSW1,2008/9/23 12:00,9757.74,88.64,TRADE
NSW1,2008/9/23 12:30,9687.19,91.27,TRADE
NSW1,2008/9/23 13:00,9645.67,90.48,TRADE
NSW1,2008/9/23 13:30,9645.63,91.09,TRADE
NSW1,2008/9/23 14:00,9592.74,91.25,TRADE
NSW1,2008/9/23 14:30,9560.53,82.46,TRADE
NSW1,2008/9/23 15:00,9487.04,77.45,TRADE
NSW1,2008/9/23 15:30,9473.34,61.48,TRADE
NSW1,2008/9/23 16:00,9517.2,43.61,TRADE
NSW1,2008/9/23 16:30,9521.62,39.81,TRADE
NSW1,2008/9/23 17:00,9653.02,41.29,TRADE
NSW1,2008/9/23 17:30,9766.5,68.38,TRADE
NSW1,2008/9/23 18:00,10093.24,90.86,TRADE
NSW1,2008/9/23 18:30,10456.37,108.37,TRADE
NSW1,2008/9/23 19:00,10548.41,113.33,TRADE
NSW1,2008/9/23 19:30,10330.66,87.21,TRADE
NSW1,2008/9/23 20:00,10112.49,68.05,TRADE
NSW1,2008/9/23 20:30,9994.19,72.63,TRADE
NSW1,2008/9/23 21:00,9772.09,47.48,TRADE
NSW1,2008/9/23 21:30,9488.71,38.07,TRADE
NSW1,2008/9/23 22:00,9145.13,32.02,TRADE
NSW1,2008/9/23 22:30,9195.27,32.86,TRADE
NSW1,2008/9/23 23:00,9000.51,28.74,TRADE
NSW1,2008/9/23 23:30,8927.02,35.11,TRADE
NSW1,2008/9/24 0:00,8797.57,31.03,TRADE
NSW1,2008/9/24 0:30,8600.35,31.08,TRADE
NSW1,2008/9/24 1:00,8551.25,24.33,TRADE
NSW1,2008/9/24 1:30,8376.06,25.84,TRADE
NSW1,2008/9/24 2:00,8103.98,22.84,TRADE
NSW1,2008/9/24 2:30,7736,22.34,TRADE
NSW1,2008/9/24 3:00,7369.5,20.01,TRADE
NSW1,2008/9/24 3:30,7123.01,17.8,TRADE
NSW1,2008/9/24 4:00,6945.77,15.74,TRADE
NSW1,2008/9/24 4:30,6898.44,15.13,TRADE
NSW1,2008/9/24 5:00,6933.19,17.45,TRADE
NSW1,2008/9/24 5:30,7248.02,21.32,TRADE
NSW1,2008/9/24 6:00,7626.25,22.44,TRADE
NSW1,2008/9/24 6:30,8388.82,26.31,TRADE
NSW1,2008/9/24 7:00,9127.76,29.4,TRADE
NSW1,2008/9/24 7:30,9214.48,20.57,TRADE
NSW1,2008/9/24 8:00,9474.83,23.71,TRADE
NSW1,2008/9/24 8:30,9565.18,23.91,TRADE
NSW1,2008/9/24 9:00,9519.74,23.94,TRADE
NSW1,2008/9/24 9:30,9584.23,30.02,TRADE
NSW1,2008/9/24 10:00,9617,31.48,TRADE
NSW1,2008/9/24 10:30,9593.61,32.79,TRADE
NSW1,2008/9/24 11:00,9580.17,32.51,TRADE
NSW1,2008/9/24 11:30,9480.8,34.54,TRADE
NSW1,2008/9/24 12:00,9428.49,34.73,TRADE
NSW1,2008/9/24 12:30,9391.06,33.95,TRADE
NSW1,2008/9/24 13:00,9337.32,33.4,TRADE
NSW1,2008/9/24 13:30,9297.23,31.39,TRADE
NSW1,2008/9/24 14:00,9268.63,30.53,TRADE
NSW1,2008/9/24 14:30,9296.27,31.96,TRADE
NSW1,2008/9/24 15:00,9187.68,27.68,TRADE
NSW1,2008/9/24 15:30,9187.68,26.34,TRADE
NSW1,2008/9/24 16:00,9199.51,26.98,TRADE
NSW1,2008/9/24 16:30,9267.18,32.77,TRADE
NSW1,2008/9/24 17:00,9360.92,29.03,TRADE
NSW1,2008/9/24 17:30,9486.29,29.46,TRADE
NSW1,2008/9/24 18:00,9788.57,27.27,TRADE
NSW1,2008/9/24 18:30,10162.13,30.09,TRADE
NSW1,2008/9/24 19:00,10347.22,32.45,TRADE
NSW1,2008/9/24 19:30,10105.65,26.13,TRADE
NSW1,2008/9/24 20:00,9907.19,24.54,TRADE
NSW1,2008/9/24 20:30,9727.33,22.42,TRADE
NSW1,2008/9/24 21:00,9505.62,21.59,TRADE
NSW1,2008/9/24 21:30,9266.46,24.82,TRADE
NSW1,2008/9/24 22:00,8957.68,21.18,TRADE
NSW1,2008/9/24 22:30,9043.13,22.31,TRADE
NSW1,2008/9/24 23:00,8851.43,21.48,TRADE
NSW1,2008/9/24 23:30,8757.7,26.93,TRADE
NSW1,2008/9/25 0:00,8674.1,22.92,TRADE
NSW1,2008/9/25 0:30,8567.77,21.8,TRADE
NSW1,2008/9/25 1:00,8352.35,21.9,TRADE
NSW1,2008/9/25 1:30,8218.73,24.13,TRADE
NSW1,2008/9/25 2:00,7964.91,19.46,TRADE
NSW1,2008/9/25 2:30,7579.89,19.39,TRADE
NSW1,2008/9/25 3:00,7200.2,12.58,TRADE
NSW1,2008/9/25 3:30,6974.22,10.83,TRADE
NSW1,2008/9/25 4:00,6887.3,10.33,TRADE
NSW1,2008/9/25 4:30,6825.41,10.22,TRADE
NSW1,2008/9/25 5:00,6917.41,10.45,TRADE
NSW1,2008/9/25 5:30,7163.79,14.2,TRADE
NSW1,2008/9/25 6:00,7525.95,18.5,TRADE
NSW1,2008/9/25 6:30,8286.86,21,TRADE
NSW1,2008/9/25 7:00,8991.44,22.99,TRADE
NSW1,2008/9/25 7:30,9196.14,22.99,TRADE
NSW1,2008/9/25 8:00,9468.48,25.85,TRADE
NSW1,2008/9/25 8:30,9510.2,26.3,TRADE
NSW1,2008/9/25 9:00,9447.57,26.65,TRADE
NSW1,2008/9/25 9:30,9553.52,33.07,TRADE
NSW1,2008/9/25 10:00,9567.54,32.36,TRADE
NSW1,2008/9/25 10:30,9602.37,31.26,TRADE
NSW1,2008/9/25 11:00,9562.41,29.07,TRADE
NSW1,2008/9/25 11:30,9468.1,32.58,TRADE
NSW1,2008/9/25 12:00,9418.68,33.37,TRADE
NSW1,2008/9/25 12:30,9424.46,31.28,TRADE
NSW1,2008/9/25 13:00,9367.32,30.73,TRADE
NSW1,2008/9/25 13:30,9326.45,30.66,TRADE
NSW1,2008/9/25 14:00,9327.5,31,TRADE
NSW1,2008/9/25 14:30,9312.77,26.55,TRADE
NSW1,2008/9/25 15:00,9283.29,27.01,TRADE
NSW1,2008/9/25 15:30,9178.1,28.32,TRADE
NSW1,2008/9/25 16:00,9252.74,33.63,TRADE
NSW1,2008/9/25 16:30,9341.43,32.5,TRADE
NSW1,2008/9/25 17:00,9390.05,34.29,TRADE
NSW1,2008/9/25 17:30,9488.84,28.22,TRADE
NSW1,2008/9/25 18:00,9783.78,33.64,TRADE
NSW1,2008/9/25 18:30,10183.66,40.9,TRADE
NSW1,2008/9/25 19:00,10330.38,42.59,TRADE
NSW1,2008/9/25 19:30,10057.35,35.42,TRADE
NSW1,2008/9/25 20:00,9908.29,33.06,TRADE
NSW1,2008/9/25 20:30,9752.07,28.44,TRADE
NSW1,2008/9/25 21:00,9581.54,30.01,TRADE
NSW1,2008/9/25 21:30,9314,28.71,TRADE
NSW1,2008/9/25 22:00,8991.13,23.77,TRADE
NSW1,2008/9/25 22:30,9077.23,26.46,TRADE
NSW1,2008/9/25 23:00,8911.56,22.95,TRADE
NSW1,2008/9/25 23:30,8878.75,25.91,TRADE
NSW1,2008/9/26 0:00,8763.48,21.67,TRADE
NSW1,2008/9/26 0:30,8546.08,21.17,TRADE
NSW1,2008/9/26 1:00,8365.23,21.49,TRADE
NSW1,2008/9/26 1:30,8236.4,20.66,TRADE
NSW1,2008/9/26 2:00,7998.58,18.82,TRADE
NSW1,2008/9/26 2:30,7596.1,14.62,TRADE
NSW1,2008/9/26 3:00,7272.63,13.96,TRADE
NSW1,2008/9/26 3:30,7049.14,15.94,TRADE
NSW1,2008/9/26 4:00,6917.54,13.16,TRADE
NSW1,2008/9/26 4:30,6875.79,14.95,TRADE
NSW1,2008/9/26 5:00,6953.41,14.9,TRADE
NSW1,2008/9/26 5:30,7264.57,17.93,TRADE
NSW1,2008/9/26 6:00,7551.08,19.43,TRADE
NSW1,2008/9/26 6:30,8296.13,22.39,TRADE
NSW1,2008/9/26 7:00,9005.46,24.53,TRADE
NSW1,2008/9/26 7:30,9111.98,27.19,TRADE
NSW1,2008/9/26 8:00,9464.06,29.22,TRADE
NSW1,2008/9/26 8:30,9571.36,29.15,TRADE
NSW1,2008/9/26 9:00,9582.6,34.37,TRADE
NSW1,2008/9/26 9:30,9652.49,32.94,TRADE
NSW1,2008/9/26 10:00,9737.91,34.96,TRADE
NSW1,2008/9/26 10:30,9775.82,34.03,TRADE
NSW1,2008/9/26 11:00,9739.29,31.26,TRADE
NSW1,2008/9/26 11:30,9661.96,31.16,TRADE
NSW1,2008/9/26 12:00,9636.21,34.59,TRADE
NSW1,2008/9/26 12:30,9646.4,33.95,TRADE
NSW1,2008/9/26 13:00,9629.77,33.83,TRADE
NSW1,2008/9/26 13:30,9591.75,31.87,TRADE
NSW1,2008/9/26 14:00,9408.57,30.71,TRADE
NSW1,2008/9/26 14:30,9519.2,32.36,TRADE
NSW1,2008/9/26 15:00,9485.01,33.99,TRADE
NSW1,2008/9/26 15:30,9445.94,32.76,TRADE
NSW1,2008/9/26 16:00,9446.29,31.95,TRADE
NSW1,2008/9/26 16:30,9445.97,31,TRADE
NSW1,2008/9/26 17:00,9504.32,32.13,TRADE
NSW1,2008/9/26 17:30,9344.82,26.41,TRADE
NSW1,2008/9/26 18:00,9427.54,23.33,TRADE
NSW1,2008/9/26 18:30,9562.8,27.04,TRADE
NSW1,2008/9/26 19:00,9683.35,29.88,TRADE
NSW1,2008/9/26 19:30,9441.98,26.18,TRADE
NSW1,2008/9/26 20:00,9242.75,24.38,TRADE
NSW1,2008/9/26 20:30,9089.38,24.54,TRADE
NSW1,2008/9/26 21:00,8934.31,22.85,TRADE
NSW1,2008/9/26 21:30,8665.54,21.32,TRADE
NSW1,2008/9/26 22:00,8435.13,21.08,TRADE
NSW1,2008/9/26 22:30,8625.2,24.97,TRADE
NSW1,2008/9/26 23:00,8518.29,22.14,TRADE
NSW1,2008/9/26 23:30,8608.4,24.18,TRADE
NSW1,2008/9/27 0:00,8554.49,22.35,TRADE
NSW1,2008/9/27 0:30,8380.98,21.5,TRADE
NSW1,2008/9/27 1:00,8199.62,21.79,TRADE
NSW1,2008/9/27 1:30,8055.7,21.8,TRADE
NSW1,2008/9/27 2:00,7766.47,20.13,TRADE
NSW1,2008/9/27 2:30,7352.31,18,TRADE
NSW1,2008/9/27 3:00,7018.62,18,TRADE
NSW1,2008/9/27 3:30,6787.44,16.43,TRADE
NSW1,2008/9/27 4:00,6635.24,16.81,TRADE
NSW1,2008/9/27 4:30,6541.67,13.04,TRADE
NSW1,2008/9/27 5:00,6525.47,13.94,TRADE
NSW1,2008/9/27 5:30,6627.13,19.65,TRADE
NSW1,2008/9/27 6:00,6684.59,16.99,TRADE
NSW1,2008/9/27 6:30,6909.79,17.44,TRADE
NSW1,2008/9/27 7:00,7252.82,18,TRADE
NSW1,2008/9/27 7:30,7561.17,19.63,TRADE
NSW1,2008/9/27 8:00,7980.87,21.96,TRADE
NSW1,2008/9/27 8:30,8361.47,23.46,TRADE
NSW1,2008/9/27 9:00,8663.34,24.84,TRADE
NSW1,2008/9/27 9:30,8931.68,27.05,TRADE
NSW1,2008/9/27 10:00,8987.46,26.42,TRADE
NSW1,2008/9/27 10:30,9013.89,26.62,TRADE
NSW1,2008/9/27 11:00,8910.23,26.22,TRADE
NSW1,2008/9/27 11:30,8807.99,25.99,TRADE
NSW1,2008/9/27 12:00,8781.76,26.05,TRADE
NSW1,2008/9/27 12:30,8711.96,25.97,TRADE
NSW1,2008/9/27 13:00,8682.1,25.92,TRADE
NSW1,2008/9/27 13:30,8597.49,25.53,TRADE
NSW1,2008/9/27 14:00,8553.12,25,TRADE
NSW1,2008/9/27 14:30,8484.14,24.43,TRADE
NSW1,2008/9/27 15:00,8464.4,23.24,TRADE
NSW1,2008/9/27 15:30,8486.19,23.77,TRADE
NSW1,2008/9/27 16:00,8472.42,23.76,TRADE
NSW1,2008/9/27 16:30,8506.5,22.55,TRADE
NSW1,2008/9/27 17:00,8497.9,23.45,TRADE
NSW1,2008/9/27 17:30,8363.05,22,TRADE
NSW1,2008/9/27 18:00,8537.76,23.43,TRADE
NSW1,2008/9/27 18:30,8867.89,26,TRADE
NSW1,2008/9/27 19:00,9058.03,31.8,TRADE
NSW1,2008/9/27 19:30,8842.28,28.07,TRADE
NSW1,2008/9/27 20:00,8621.08,24.24,TRADE
NSW1,2008/9/27 20:30,8452.43,24.45,TRADE
NSW1,2008/9/27 21:00,8342.82,23.23,TRADE
NSW1,2008/9/27 21:30,8080.89,21.83,TRADE
NSW1,2008/9/27 22:00,7918.08,22,TRADE
NSW1,2008/9/27 22:30,8010.82,24.18,TRADE
NSW1,2008/9/27 23:00,7943.94,21.95,TRADE
NSW1,2008/9/27 23:30,8004.33,24.33,TRADE
NSW1,2008/9/28 0:00,7788.29,22.15,TRADE
NSW1,2008/9/28 0:30,7614.28,21.5,TRADE
NSW1,2008/9/28 1:00,7432.06,21.67,TRADE
NSW1,2008/9/28 1:30,7329.35,22.29,TRADE
NSW1,2008/9/28 2:00,7039.25,19.68,TRADE
NSW1,2008/9/28 2:30,6803.55,18.03,TRADE
NSW1,2008/9/28 3:00,6528,17.4,TRADE
NSW1,2008/9/28 3:30,6338.43,17.77,TRADE
NSW1,2008/9/28 4:00,6340.09,19.89,TRADE
NSW1,2008/9/28 4:30,6263.41,19.57,TRADE
NSW1,2008/9/28 5:00,6285.74,18.3,TRADE
NSW1,2008/9/28 5:30,6279.66,19.43,TRADE
NSW1,2008/9/28 6:00,6349.7,17.17,TRADE
NSW1,2008/9/28 6:30,6449.5,16.86,TRADE
NSW1,2008/9/28 7:00,6671.65,16.11,TRADE
NSW1,2008/9/28 7:30,6968.94,17.38,TRADE
NSW1,2008/9/28 8:00,7314.72,18.61,TRADE
NSW1,2008/9/28 8:30,7679.42,22.27,TRADE
NSW1,2008/9/28 9:00,7986.65,22.39,TRADE
NSW1,2008/9/28 9:30,8293.13,22.04,TRADE
NSW1,2008/9/28 10:00,8460.98,22.25,TRADE
NSW1,2008/9/28 10:30,8626.9,23.77,TRADE
NSW1,2008/9/28 11:00,8660.64,22.48,TRADE
NSW1,2008/9/28 11:30,8683.31,22.54,TRADE
NSW1,2008/9/28 12:00,8682.64,23.58,TRADE
NSW1,2008/9/28 12:30,8676.64,22.2,TRADE
NSW1,2008/9/28 13:00,8655.74,22,TRADE
NSW1,2008/9/28 13:30,8615.82,22,TRADE
NSW1,2008/9/28 14:00,8620.41,22,TRADE
NSW1,2008/9/28 14:30,8616.63,22,TRADE
NSW1,2008/9/28 15:00,8620.6,22,TRADE
NSW1,2008/9/28 15:30,8558.35,22,TRADE
NSW1,2008/9/28 16:00,8479.58,22,TRADE
NSW1,2008/9/28 16:30,8427.31,21.86,TRADE
NSW1,2008/9/28 17:00,8336.24,22.03,TRADE
NSW1,2008/9/28 17:30,8272.67,22,TRADE
NSW1,2008/9/28 18:00,8477.49,23.16,TRADE
NSW1,2008/9/28 18:30,8883.53,28.38,TRADE
NSW1,2008/9/28 19:00,9024.37,34.15,TRADE
NSW1,2008/9/28 19:30,8862.97,29.89,TRADE
NSW1,2008/9/28 20:00,8631.52,25.33,TRADE
NSW1,2008/9/28 20:30,8455.4,23.41,TRADE
NSW1,2008/9/28 21:00,8339.37,21.9,TRADE
NSW1,2008/9/28 21:30,8112.6,21.83,TRADE
NSW1,2008/9/28 22:00,7931.23,21.02,TRADE
NSW1,2008/9/28 22:30,7847.15,22,TRADE
NSW1,2008/9/28 23:00,7757.31,22.1,TRADE
NSW1,2008/9/28 23:30,7715.92,23.34,TRADE
NSW1,2008/9/29 0:00,7612.98,22.23,TRADE
NSW1,2008/9/29 0:30,7423.75,21.1,TRADE
NSW1,2008/9/29 1:00,7264.08,18.27,TRADE
NSW1,2008/9/29 1:30,7198.1,19.83,TRADE
NSW1,2008/9/29 2:00,7046.26,19,TRADE
NSW1,2008/9/29 2:30,6764.82,17.68,TRADE
NSW1,2008/9/29 3:00,6593.54,18.08,TRADE
NSW1,2008/9/29 3:30,6446.35,17.83,TRADE
NSW1,2008/9/29 4:00,6421.23,21.23,TRADE
NSW1,2008/9/29 4:30,6418.65,19.76,TRADE
NSW1,2008/9/29 5:00,6491.64,22.3,TRADE
NSW1,2008/9/29 5:30,6779.84,22,TRADE
NSW1,2008/9/29 6:00,7081.11,21.27,TRADE
NSW1,2008/9/29 6:30,7711.86,21.34,TRADE
NSW1,2008/9/29 7:00,8224.71,22.11,TRADE
NSW1,2008/9/29 7:30,8477.2,22.82,TRADE
NSW1,2008/9/29 8:00,8860.04,30.32,TRADE
NSW1,2008/9/29 8:30,9144.37,34.96,TRADE
NSW1,2008/9/29 9:00,9342.42,39.04,TRADE
NSW1,2008/9/29 9:30,9508.6,41.23,TRADE
NSW1,2008/9/29 10:00,9596.39,42.99,TRADE
NSW1,2008/9/29 10:30,9683,42.79,TRADE
NSW1,2008/9/29 11:00,9763.19,44.11,TRADE
NSW1,2008/9/29 11:30,9675.1,41.78,TRADE
NSW1,2008/9/29 12:00,9632.35,40.48,TRADE
NSW1,2008/9/29 12:30,9569.1,36.29,TRADE
NSW1,2008/9/29 13:00,9498.5,38.28,TRADE
NSW1,2008/9/29 13:30,9495.67,40.38,TRADE
NSW1,2008/9/29 14:00,9403.43,39.84,TRADE
NSW1,2008/9/29 14:30,9259.52,38.41,TRADE
NSW1,2008/9/29 15:00,9305.84,35.11,TRADE
NSW1,2008/9/29 15:30,9292.29,34.79,TRADE
NSW1,2008/9/29 16:00,9309.72,34.38,TRADE
NSW1,2008/9/29 16:30,9362.65,34.16,TRADE
NSW1,2008/9/29 17:00,9487.03,34.48,TRADE
NSW1,2008/9/29 17:30,9690.61,35.18,TRADE
NSW1,2008/9/29 18:00,10079.52,39.15,TRADE
NSW1,2008/9/29 18:30,10242.85,44.94,TRADE
NSW1,2008/9/29 19:00,10196.12,49.23,TRADE
NSW1,2008/9/29 19:30,9903.22,36.05,TRADE
NSW1,2008/9/29 20:00,9668.58,37.35,TRADE
NSW1,2008/9/29 20:30,9457.36,36.31,TRADE
NSW1,2008/9/29 21:00,9256.47,31.78,TRADE
NSW1,2008/9/29 21:30,8961.11,29.63,TRADE
NSW1,2008/9/29 22:00,8674,25.03,TRADE
NSW1,2008/9/29 22:30,8793.8,27.99,TRADE
NSW1,2008/9/29 23:00,8649.76,24.64,TRADE
NSW1,2008/9/29 23:30,8649.84,27.3,TRADE
NSW1,2008/9/30 0:00,8542.98,24.39,TRADE
NSW1,2008/9/30 0:30,8447.44,22.83,TRADE
NSW1,2008/9/30 1:00,8261.95,21.33,TRADE
NSW1,2008/9/30 1:30,8086.16,22.73,TRADE
NSW1,2008/9/30 2:00,7876.81,21.77,TRADE
NSW1,2008/9/30 2:30,7479.38,20.94,TRADE
NSW1,2008/9/30 3:00,7198.92,18.38,TRADE
NSW1,2008/9/30 3:30,6958.54,17.93,TRADE
NSW1,2008/9/30 4:00,6824.29,19.38,TRADE
NSW1,2008/9/30 4:30,6780.11,20.83,TRADE
NSW1,2008/9/30 5:00,6822.33,14.78,TRADE
NSW1,2008/9/30 5:30,7161.64,20.92,TRADE
NSW1,2008/9/30 6:00,7438.75,22.28,TRADE
NSW1,2008/9/30 6:30,8092.36,23.82,TRADE
NSW1,2008/9/30 7:00,8661.82,28.97,TRADE
NSW1,2008/9/30 7:30,8857.27,29.14,TRADE
NSW1,2008/9/30 8:00,9187.17,33.71,TRADE
NSW1,2008/9/30 8:30,9401.1,35.31,TRADE
NSW1,2008/9/30 9:00,9489.25,34.99,TRADE
NSW1,2008/9/30 9:30,9626.13,34.91,TRADE
NSW1,2008/9/30 10:00,9686.27,34.97,TRADE
NSW1,2008/9/30 10:30,9730.68,33.89,TRADE
NSW1,2008/9/30 11:00,9675.99,33,TRADE
NSW1,2008/9/30 11:30,9618.25,31.66,TRADE
NSW1,2008/9/30 12:00,9561.64,32.15,TRADE
NSW1,2008/9/30 12:30,9535.24,31.89,TRADE
NSW1,2008/9/30 13:00,9497.01,32.83,TRADE
NSW1,2008/9/30 13:30,9399.89,32.56,TRADE
NSW1,2008/9/30 14:00,9468.94,33.46,TRADE
NSW1,2008/9/30 14:30,9446.66,33.5,TRADE
NSW1,2008/9/30 15:00,9456.35,34.28,TRADE
NSW1,2008/9/30 15:30,9368.12,33.28,TRADE
NSW1,2008/9/30 16:00,9369.68,31.2,TRADE
NSW1,2008/9/30 16:30,9355.69,29,TRADE
NSW1,2008/9/30 17:00,9359.56,29.89,TRADE
NSW1,2008/9/30 17:30,9357.46,29.81,TRADE
NSW1,2008/9/30 18:00,9586.89,31.32,TRADE
NSW1,2008/9/30 18:30,9909.49,35.65,TRADE
NSW1,2008/9/30 19:00,10072.25,38.99,TRADE
NSW1,2008/9/30 19:30,9848.94,37.24,TRADE
NSW1,2008/9/30 20:00,9614.55,35.47,TRADE
NSW1,2008/9/30 20:30,9480.99,42.66,TRADE
NSW1,2008/9/30 21:00,9256.4,43.13,TRADE
NSW1,2008/9/30 21:30,8966.3,39.87,TRADE
NSW1,2008/9/30 22:00,8698.16,34.25,TRADE
NSW1,2008/9/30 22:30,8889.11,42.6,TRADE
NSW1,2008/9/30 23:00,8715.17,37.2,TRADE
NSW1,2008/9/30 23:30,8705.44,39.74,TRADE
NSW1,2008/10/1 0:00,8598.61,32.77,TRADE
?NSW1,2008/10/1 0:30,8398.16,22.9,TRADE
NSW1,2008/10/1 1:00,8242.31,22.55,TRADE
NSW1,2008/10/1 1:30,8102.97,22.62,TRADE
NSW1,2008/10/1 2:00,7876.67,21.71,TRADE
NSW1,2008/10/1 2:30,7565.52,21.13,TRADE
NSW1,2008/10/1 3:00,7166.5,21.16,TRADE
NSW1,2008/10/1 3:30,6973.72,22,TRADE
NSW1,2008/10/1 4:00,6786.05,25.84,TRADE
NSW1,2008/10/1 4:30,6733.9,22.48,TRADE
NSW1,2008/10/1 5:00,6858.6,22.27,TRADE
NSW1,2008/10/1 5:30,7103.93,18.29,TRADE
NSW1,2008/10/1 6:00,7353.32,22.65,TRADE
NSW1,2008/10/1 6:30,8007.4,25.39,TRADE
NSW1,2008/10/1 7:00,8560.26,25.7,TRADE
NSW1,2008/10/1 7:30,8715.58,27.04,TRADE
NSW1,2008/10/1 8:00,8962.1,34.28,TRADE
NSW1,2008/10/1 8:30,9185.4,39.11,TRADE
NSW1,2008/10/1 9:00,9323.97,41.12,TRADE
NSW1,2008/10/1 9:30,9491.91,41.02,TRADE
NSW1,2008/10/1 10:00,9598.24,41.6,TRADE
NSW1,2008/10/1 10:30,9637.77,40.96,TRADE
NSW1,2008/10/1 11:00,9657.71,41.75,TRADE
NSW1,2008/10/1 11:30,9580.08,41.61,TRADE
NSW1,2008/10/1 12:00,9607.95,39.77,TRADE
NSW1,2008/10/1 12:30,9564.88,40.8,TRADE
NSW1,2008/10/1 13:00,9605.03,41.42,TRADE
NSW1,2008/10/1 13:30,9518.14,41.8,TRADE
NSW1,2008/10/1 14:00,9530.26,47.97,TRADE
NSW1,2008/10/1 14:30,9556.56,42.69,TRADE
NSW1,2008/10/1 15:00,9519.62,41.45,TRADE
NSW1,2008/10/1 15:30,9538.22,41.89,TRADE
NSW1,2008/10/1 16:00,9527.15,43.08,TRADE
NSW1,2008/10/1 16:30,9477.55,39.78,TRADE
NSW1,2008/10/1 17:00,9479.73,37.23,TRADE
NSW1,2008/10/1 17:30,9485.48,38.26,TRADE
NSW1,2008/10/1 18:00,9573.94,40.85,TRADE
NSW1,2008/10/1 18:30,9781.88,43.66,TRADE
NSW1,2008/10/1 19:00,9909.51,47.41,TRADE
NSW1,2008/10/1 19:30,9666.98,41.13,TRADE
NSW1,2008/10/1 20:00,9444.94,38.47,TRADE
NSW1,2008/10/1 20:30,9313.02,36,TRADE
NSW1,2008/10/1 21:00,9061.05,29.83,TRADE
NSW1,2008/10/1 21:30,8820.01,27.02,TRADE
NSW1,2008/10/1 22:00,8536.08,22.66,TRADE
NSW1,2008/10/1 22:30,8676.66,26.14,TRADE
NSW1,2008/10/1 23:00,8552.56,23.1,TRADE
NSW1,2008/10/1 23:30,8529.32,25.47,TRADE
NSW1,2008/10/2 0:00,8398.12,25.26,TRADE
NSW1,2008/10/2 0:30,8232.54,23.59,TRADE
NSW1,2008/10/2 1:00,8089.56,24.78,TRADE
NSW1,2008/10/2 1:30,7973.02,27.03,TRADE
NSW1,2008/10/2 2:00,7733.82,21.52,TRADE
NSW1,2008/10/2 2:30,7295.85,21.75,TRADE
NSW1,2008/10/2 3:00,7019.85,21.93,TRADE
NSW1,2008/10/2 3:30,6812.63,19.32,TRADE
NSW1,2008/10/2 4:00,6714.83,21.39,TRADE
NSW1,2008/10/2 4:30,6687.93,22.07,TRADE
NSW1,2008/10/2 5:00,6742.94,22,TRADE
NSW1,2008/10/2 5:30,7031.34,22,TRADE
NSW1,2008/10/2 6:00,7288.88,23.48,TRADE
NSW1,2008/10/2 6:30,7900.15,21.33,TRADE
NSW1,2008/10/2 7:00,8391.56,24.68,TRADE
NSW1,2008/10/2 7:30,8601.28,22.7,TRADE
NSW1,2008/10/2 8:00,8951.68,26.9,TRADE
NSW1,2008/10/2 8:30,9254.08,34.62,TRADE
NSW1,2008/10/2 9:00,9416.93,37.65,TRADE
NSW1,2008/10/2 9:30,9658.39,40.91,TRADE
NSW1,2008/10/2 10:00,9817.64,42.23,TRADE
NSW1,2008/10/2 10:30,9950.83,43.28,TRADE
NSW1,2008/10/2 11:00,9992.8,43.88,TRADE
NSW1,2008/10/2 11:30,10055.66,45.85,TRADE
NSW1,2008/10/2 12:00,10084.62,53.7,TRADE
NSW1,2008/10/2 12:30,10007.03,43.85,TRADE
NSW1,2008/10/2 13:00,10185.72,46.4,TRADE
NSW1,2008/10/2 13:30,10242.03,50.92,TRADE
NSW1,2008/10/2 14:00,10305.5,55.09,TRADE
NSW1,2008/10/2 14:30,10345.12,58.28,TRADE
NSW1,2008/10/2 15:00,10121.8,45.74,TRADE
NSW1,2008/10/2 15:30,10103.98,43.65,TRADE
NSW1,2008/10/2 16:00,10118.64,41.47,TRADE
NSW1,2008/10/2 16:30,10125.44,41.35,TRADE
NSW1,2008/10/2 17:00,10393.56,43.74,TRADE
NSW1,2008/10/2 17:30,10186.59,38.86,TRADE
NSW1,2008/10/2 18:00,10234.82,42.26,TRADE
NSW1,2008/10/2 18:30,10295.5,44.99,TRADE
NSW1,2008/10/2 19:00,10376.73,57.19,TRADE
NSW1,2008/10/2 19:30,10175.34,51.66,TRADE
NSW1,2008/10/2 20:00,9947.2,43.66,TRADE
NSW1,2008/10/2 20:30,9754.5,43.54,TRADE
NSW1,2008/10/2 21:00,9519.24,38.59,TRADE
NSW1,2008/10/2 21:30,9166.2,30.75,TRADE
NSW1,2008/10/2 22:00,8863.17,28.19,TRADE
NSW1,2008/10/2 22:30,8950.84,33.74,TRADE
NSW1,2008/10/2 23:00,8806,33.1,TRADE
NSW1,2008/10/2 23:30,8746.7,46.62,TRADE
NSW1,2008/10/3 0:00,8431.16,35.15,TRADE
NSW1,2008/10/3 0:30,8065.91,27.79,TRADE
NSW1,2008/10/3 1:00,8183.78,30.55,TRADE
NSW1,2008/10/3 1:30,8052.73,30.4,TRADE
NSW1,2008/10/3 2:00,7767.78,24.22,TRADE
NSW1,2008/10/3 2:30,7413.6,22.95,TRADE
NSW1,2008/10/3 3:00,7115.07,20.67,TRADE
NSW1,2008/10/3 3:30,6923.12,21.65,TRADE
NSW1,2008/10/3 4:00,6817.45,22.11,TRADE
NSW1,2008/10/3 4:30,6812.39,22.15,TRADE
NSW1,2008/10/3 5:00,6866.07,22.72,TRADE
NSW1,2008/10/3 5:30,7120.28,23.73,TRADE
NSW1,2008/10/3 6:00,7301.12,22.84,TRADE
NSW1,2008/10/3 6:30,7856.77,24.48,TRADE
NSW1,2008/10/3 7:00,8407.55,26.52,TRADE
NSW1,2008/10/3 7:30,8723.4,24.77,TRADE
NSW1,2008/10/3 8:00,9223.33,34.46,TRADE
NSW1,2008/10/3 8:30,9628.14,42.39,TRADE
NSW1,2008/10/3 9:00,9975.51,45.39,TRADE
NSW1,2008/10/3 9:30,10358.32,68.95,TRADE
NSW1,2008/10/3 10:00,10532.45,64.44,TRADE
NSW1,2008/10/3 10:30,10685.76,65.24,TRADE
NSW1,2008/10/3 11:00,10764.03,83.28,TRADE
NSW1,2008/10/3 11:30,10782.13,85.95,TRADE
NSW1,2008/10/3 12:00,10913.65,79.22,TRADE
NSW1,2008/10/3 12:30,11002.96,89.28,TRADE
NSW1,2008/10/3 13:00,11003.49,87.54,TRADE
NSW1,2008/10/3 13:30,10997.08,90.71,TRADE
NSW1,2008/10/3 14:00,10966.04,89.99,TRADE
NSW1,2008/10/3 14:30,11008.07,89.99,TRADE
NSW1,2008/10/3 15:00,10969.95,83.41,TRADE
NSW1,2008/10/3 15:30,10960.37,87.84,TRADE
NSW1,2008/10/3 16:00,10899.61,81.74,TRADE
NSW1,2008/10/3 16:30,10767.78,78.03,TRADE
NSW1,2008/10/3 17:00,10809.1,81.26,TRADE
NSW1,2008/10/3 17:30,10562.97,71.1,TRADE
NSW1,2008/10/3 18:00,10426.48,65.18,TRADE
NSW1,2008/10/3 18:30,10341.48,68.88,TRADE
NSW1,2008/10/3 19:00,10381.19,75.9,TRADE
NSW1,2008/10/3 19:30,10047.82,51.43,TRADE
NSW1,2008/10/3 20:00,9781.66,45.19,TRADE
NSW1,2008/10/3 20:30,9616.14,44.29,TRADE
NSW1,2008/10/3 21:00,9470.42,39.89,TRADE
NSW1,2008/10/3 21:30,9179.82,35.58,TRADE
NSW1,2008/10/3 22:00,8899.43,26.93,TRADE
NSW1,2008/10/3 22:30,8913.5,32,TRADE
NSW1,2008/10/3 23:00,8750.95,28.93,TRADE
NSW1,2008/10/3 23:30,8757.91,39.77,TRADE
NSW1,2008/10/4 0:00,8571.42,31.8,TRADE
NSW1,2008/10/4 0:30,8279.49,24.57,TRADE
NSW1,2008/10/4 1:00,8065.65,23.48,TRADE
NSW1,2008/10/4 1:30,7915.77,32.98,TRADE
NSW1,2008/10/4 2:00,7598.14,23.3,TRADE
NSW1,2008/10/4 2:30,7207.02,20.98,TRADE
NSW1,2008/10/4 3:00,6872.02,20.71,TRADE
NSW1,2008/10/4 3:30,6650.18,20.49,TRADE
NSW1,2008/10/4 4:00,6560.06,22,TRADE
NSW1,2008/10/4 4:30,6487.61,22.98,TRADE
NSW1,2008/10/4 5:00,6506.26,21.76,TRADE
NSW1,2008/10/4 5:30,6641.4,21.76,TRADE
NSW1,2008/10/4 6:00,6728.16,20.75,TRADE
NSW1,2008/10/4 6:30,6991.43,21.1,TRADE
NSW1,2008/10/4 7:00,7197.51,22,TRADE
NSW1,2008/10/4 7:30,7387.96,18.99,TRADE
NSW1,2008/10/4 8:00,7811.5,23.68,TRADE
NSW1,2008/10/4 8:30,8207.25,28.06,TRADE
NSW1,2008/10/4 9:00,8519.56,34.17,TRADE
NSW1,2008/10/4 9:30,8816.15,42.06,TRADE
NSW1,2008/10/4 10:00,8904.91,45.82,TRADE
NSW1,2008/10/4 10:30,8974.26,48.6,TRADE
NSW1,2008/10/4 11:00,8941.1,45.91,TRADE
NSW1,2008/10/4 11:30,8888.18,40.58,TRADE
NSW1,2008/10/4 12:00,8835.35,38.18,TRADE
NSW1,2008/10/4 12:30,8775.91,36.29,TRADE
NSW1,2008/10/4 13:00,8616.42,32.56,TRADE
NSW1,2008/10/4 13:30,8560.86,31.8,TRADE
NSW1,2008/10/4 14:00,8460.4,26.59,TRADE
NSW1,2008/10/4 14:30,8404.29,26.18,TRADE
NSW1,2008/10/4 15:00,8343.3,23.18,TRADE
NSW1,2008/10/4 15:30,8344.93,24.51,TRADE
NSW1,2008/10/4 16:00,8325.89,23.78,TRADE
NSW1,2008/10/4 16:30,8303.55,22.75,TRADE
NSW1,2008/10/4 17:00,8420.66,23.61,TRADE
NSW1,2008/10/4 17:30,8348.69,21.53,TRADE
NSW1,2008/10/4 18:00,8571.17,25.76,TRADE
NSW1,2008/10/4 18:30,8801.55,35.76,TRADE
NSW1,2008/10/4 19:00,8917,43.26,TRADE
NSW1,2008/10/4 19:30,8709.12,38.68,TRADE
NSW1,2008/10/4 20:00,8485.16,29.49,TRADE
NSW1,2008/10/4 20:30,8350.74,29.46,TRADE
NSW1,2008/10/4 21:00,8155.08,26.13,TRADE
NSW1,2008/10/4 21:30,7970.03,22.28,TRADE
NSW1,2008/10/4 22:00,7779.71,21.71,TRADE
NSW1,2008/10/4 22:30,7890.72,23.44,TRADE
NSW1,2008/10/4 23:00,7793.39,22.89,TRADE
NSW1,2008/10/4 23:30,7816.34,29.27,TRADE
NSW1,2008/10/5 0:00,7661.11,24.72,TRADE
NSW1,2008/10/5 0:30,7454.46,21.49,TRADE
NSW1,2008/10/5 1:00,7256.53,22,TRADE
NSW1,2008/10/5 1:30,7100.83,23.2,TRADE
NSW1,2008/10/5 2:00,6933.99,20.53,TRADE
NSW1,2008/10/5 2:30,6624.31,20.38,TRADE
NSW1,2008/10/5 3:00,6429.3,19.16,TRADE
NSW1,2008/10/5 3:30,6271.53,22.64,TRADE
NSW1,2008/10/5 4:00,6278.11,21.29,TRADE
NSW1,2008/10/5 4:30,6223.34,18.6,TRADE
NSW1,2008/10/5 5:00,6258.52,18.51,TRADE
NSW1,2008/10/5 5:30,6333.56,17.39,TRADE
NSW1,2008/10/5 6:00,6384.17,15.49,TRADE
NSW1,2008/10/5 6:30,6523.86,17.93,TRADE
NSW1,2008/10/5 7:00,6751.85,18.07,TRADE
NSW1,2008/10/5 7:30,7121.37,18.68,TRADE
NSW1,2008/10/5 8:00,7403.3,19.94,TRADE
NSW1,2008/10/5 8:30,7770.67,22.43,TRADE
NSW1,2008/10/5 9:00,8116.58,22.92,TRADE
NSW1,2008/10/5 9:30,8308.54,22.91,TRADE
NSW1,2008/10/5 10:00,8358.77,22,TRADE
NSW1,2008/10/5 10:30,8377.11,22.33,TRADE
NSW1,2008/10/5 11:00,8386.43,23.04,TRADE
NSW1,2008/10/5 11:30,8318.62,22.13,TRADE
NSW1,2008/10/5 12:00,8200.11,22,TRADE
NSW1,2008/10/5 12:30,8140.9,22,TRADE
NSW1,2008/10/5 13:00,8070.92,21.79,TRADE
NSW1,2008/10/5 13:30,7957.63,22,TRADE
NSW1,2008/10/5 14:00,7976.2,22,TRADE
NSW1,2008/10/5 14:30,7881.61,22,TRADE
NSW1,2008/10/5 15:00,7925.16,22,TRADE
NSW1,2008/10/5 15:30,7901.89,22,TRADE
NSW1,2008/10/5 16:00,7879.1,22,TRADE
NSW1,2008/10/5 16:30,7790.89,22,TRADE
NSW1,2008/10/5 17:00,7794.51,22.08,TRADE
NSW1,2008/10/5 17:30,7922.36,21.53,TRADE
NSW1,2008/10/5 18:00,8008.86,22.9,TRADE
NSW1,2008/10/5 18:30,8169.27,24.45,TRADE
NSW1,2008/10/5 19:00,8409.23,33.56,TRADE
NSW1,2008/10/5 19:30,8263.94,31.31,TRADE
NSW1,2008/10/5 20:00,8164.5,29.14,TRADE
NSW1,2008/10/5 20:30,8034.16,25.54,TRADE
NSW1,2008/10/5 21:00,7860.92,21.67,TRADE
NSW1,2008/10/5 21:30,7774.72,21.07,TRADE
NSW1,2008/10/5 22:00,7601.05,20.26,TRADE
NSW1,2008/10/5 22:30,7640.44,22.18,TRADE
NSW1,2008/10/5 23:00,7472.67,23.9,TRADE
NSW1,2008/10/5 23:30,7348.1,23.79,TRADE
NSW1,2008/10/6 0:00,7295.27,24.77,TRADE
NSW1,2008/10/6 0:30,7105.31,18.68,TRADE
NSW1,2008/10/6 1:00,6902.11,20.74,TRADE
NSW1,2008/10/6 1:30,6648.9,22.48,TRADE
NSW1,2008/10/6 2:00,6404.32,19.29,TRADE
NSW1,2008/10/6 2:30,6238.93,15.48,TRADE
NSW1,2008/10/6 3:00,6076.98,17.31,TRADE
NSW1,2008/10/6 3:30,6001.02,16.69,TRADE
NSW1,2008/10/6 4:00,6016.85,21.76,TRADE
NSW1,2008/10/6 4:30,6080.27,21.29,TRADE
NSW1,2008/10/6 5:00,6150.53,21.33,TRADE
NSW1,2008/10/6 5:30,6344.89,22.03,TRADE
NSW1,2008/10/6 6:00,6424.07,22,TRADE
NSW1,2008/10/6 6:30,6531.54,21.35,TRADE
NSW1,2008/10/6 7:00,6808.02,20.77,TRADE
NSW1,2008/10/6 7:30,7095.05,24.47,TRADE
NSW1,2008/10/6 8:00,7493.77,28.01,TRADE
NSW1,2008/10/6 8:30,7877.35,39.54,TRADE
NSW1,2008/10/6 9:00,8134.47,39.17,TRADE
NSW1,2008/10/6 9:30,8347.87,53.05,TRADE
NSW1,2008/10/6 10:00,8450.09,54.88,TRADE
NSW1,2008/10/6 10:30,8432.11,57.21,TRADE
NSW1,2008/10/6 11:00,8472.22,58.3,TRADE
NSW1,2008/10/6 11:30,8365.65,58.47,TRADE
NSW1,2008/10/6 12:00,8333.35,58.64,TRADE
NSW1,2008/10/6 12:30,8268.17,56.43,TRADE
NSW1,2008/10/6 13:00,8209.19,56.03,TRADE
NSW1,2008/10/6 13:30,8157.94,55.34,TRADE
NSW1,2008/10/6 14:00,8154.2,52.44,TRADE
NSW1,2008/10/6 14:30,8038.17,44.04,TRADE
NSW1,2008/10/6 15:00,8069.49,46.36,TRADE
NSW1,2008/10/6 15:30,8029.36,44.94,TRADE
NSW1,2008/10/6 16:00,8074.79,42.74,TRADE
NSW1,2008/10/6 16:30,8074.21,41.86,TRADE
NSW1,2008/10/6 17:00,8201.29,42.37,TRADE
NSW1,2008/10/6 17:30,8344.05,42.74,TRADE
NSW1,2008/10/6 18:00,8459.77,43.12,TRADE
NSW1,2008/10/6 18:30,8689.13,52.77,TRADE
NSW1,2008/10/6 19:00,8741.37,60.43,TRADE
NSW1,2008/10/6 19:30,8623.72,59.95,TRADE
NSW1,2008/10/6 20:00,8510.3,50.75,TRADE
NSW1,2008/10/6 20:30,8350.84,43.69,TRADE
NSW1,2008/10/6 21:00,8126.57,34.62,TRADE
NSW1,2008/10/6 21:30,8076.57,32.73,TRADE
NSW1,2008/10/6 22:00,8016.7,26.49,TRADE
NSW1,2008/10/6 22:30,8024.74,29.03,TRADE
NSW1,2008/10/6 23:00,8031.45,30.78,TRADE
NSW1,2008/10/6 23:30,7943.76,32.91,TRADE
NSW1,2008/10/7 0:00,7888.97,31.86,TRADE
NSW1,2008/10/7 0:30,7750.65,27.33,TRADE
NSW1,2008/10/7 1:00,7566.08,25.09,TRADE
NSW1,2008/10/7 1:30,7292.38,25.24,TRADE
NSW1,2008/10/7 2:00,7022.29,22,TRADE
NSW1,2008/10/7 2:30,6720.46,20.94,TRADE
NSW1,2008/10/7 3:00,6574.02,21.07,TRADE
NSW1,2008/10/7 3:30,6452.76,21.83,TRADE
NSW1,2008/10/7 4:00,6533.69,24,TRADE
NSW1,2008/10/7 4:30,6757.09,22.78,TRADE
NSW1,2008/10/7 5:00,7094.98,23.92,TRADE
NSW1,2008/10/7 5:30,7655.13,29.88,TRADE
NSW1,2008/10/7 6:00,8207.09,34.78,TRADE
NSW1,2008/10/7 6:30,8547.86,31.1,TRADE
NSW1,2008/10/7 7:00,9009.46,68.17,TRADE
NSW1,2008/10/7 7:30,9201.51,42.22,TRADE
NSW1,2008/10/7 8:00,9343.55,41.73,TRADE
NSW1,2008/10/7 8:30,9510.17,46.36,TRADE
NSW1,2008/10/7 9:00,9563.05,61.94,TRADE
NSW1,2008/10/7 9:30,9588.99,53.44,TRADE
NSW1,2008/10/7 10:00,9542.77,43.65,TRADE
NSW1,2008/10/7 10:30,9436.55,40.23,TRADE
NSW1,2008/10/7 11:00,9390.8,40.34,TRADE
NSW1,2008/10/7 11:30,9295.57,40.18,TRADE
NSW1,2008/10/7 12:00,9237.42,38.2,TRADE
NSW1,2008/10/7 12:30,9193.46,37.79,TRADE
NSW1,2008/10/7 13:00,9220.99,40.39,TRADE
NSW1,2008/10/7 13:30,9156,39.58,TRADE
NSW1,2008/10/7 14:00,9115.68,39.08,TRADE
NSW1,2008/10/7 14:30,9120.86,39.42,TRADE
NSW1,2008/10/7 15:00,9103.53,41.15,TRADE
NSW1,2008/10/7 15:30,9115.73,45.45,TRADE
NSW1,2008/10/7 16:00,9104.78,60.34,TRADE
NSW1,2008/10/7 16:30,9078.03,68.21,TRADE
NSW1,2008/10/7 17:00,9124.96,58.33,TRADE
NSW1,2008/10/7 17:30,9068.71,43.58,TRADE
NSW1,2008/10/7 18:00,9241.93,44.72,TRADE
NSW1,2008/10/7 18:30,9401.86,64.84,TRADE
NSW1,2008/10/7 19:00,9535.7,88.57,TRADE
NSW1,2008/10/7 19:30,9430.34,83.68,TRADE
NSW1,2008/10/7 20:00,9305.35,77.01,TRADE
NSW1,2008/10/7 20:30,9048.35,54.2,TRADE
NSW1,2008/10/7 21:00,8794.42,41.62,TRADE
NSW1,2008/10/7 21:30,8736.28,45,TRADE
NSW1,2008/10/7 22:00,8578.76,36.99,TRADE
NSW1,2008/10/7 22:30,8612.83,37.96,TRADE
NSW1,2008/10/7 23:00,8494.47,33.19,TRADE
NSW1,2008/10/7 23:30,8332.8,34.16,TRADE
NSW1,2008/10/8 0:00,8229.53,30.75,TRADE
NSW1,2008/10/8 0:30,8162.49,30.5,TRADE
NSW1,2008/10/8 1:00,7942.4,27.36,TRADE
NSW1,2008/10/8 1:30,7629.65,26.22,TRADE
NSW1,2008/10/8 2:00,7272.1,22.05,TRADE
NSW1,2008/10/8 2:30,6952.4,21.11,TRADE
NSW1,2008/10/8 3:00,6794.7,21.88,TRADE
NSW1,2008/10/8 3:30,6727.71,22,TRADE
NSW1,2008/10/8 4:00,6743.35,24.61,TRADE
NSW1,2008/10/8 4:30,7013.18,25.02,TRADE
NSW1,2008/10/8 5:00,7291.36,22.38,TRADE
NSW1,2008/10/8 5:30,7885.75,34.17,TRADE
NSW1,2008/10/8 6:00,8327.99,44.08,TRADE
NSW1,2008/10/8 6:30,8668.85,55.34,TRADE
NSW1,2008/10/8 7:00,9091.1,86.38,TRADE
NSW1,2008/10/8 7:30,9251.87,43.83,TRADE
NSW1,2008/10/8 8:00,9326.4,61.33,TRADE
NSW1,2008/10/8 8:30,9493.09,75.09,TRADE
NSW1,2008/10/8 9:00,9515.12,78.2,TRADE
NSW1,2008/10/8 9:30,9531.28,70.85,TRADE
NSW1,2008/10/8 10:00,9481.36,61.08,TRADE
NSW1,2008/10/8 10:30,9452.75,60.55,TRADE
NSW1,2008/10/8 11:00,9428.54,57.44,TRADE
NSW1,2008/10/8 11:30,9347.53,50.75,TRADE
NSW1,2008/10/8 12:00,9261.74,46.98,TRADE
NSW1,2008/10/8 12:30,9235.54,51.18,TRADE
NSW1,2008/10/8 13:00,9169.83,43.78,TRADE
NSW1,2008/10/8 13:30,9155.52,44.31,TRADE
NSW1,2008/10/8 14:00,9054.71,43.69,TRADE
NSW1,2008/10/8 14:30,9019.68,42,TRADE
NSW1,2008/10/8 15:00,9102.17,40.18,TRADE
NSW1,2008/10/8 15:30,9092.72,41.64,TRADE
NSW1,2008/10/8 16:00,9065.86,38.12,TRADE
NSW1,2008/10/8 16:30,9048.08,33.46,TRADE
NSW1,2008/10/8 17:00,9053.84,33.59,TRADE
NSW1,2008/10/8 17:30,9008.36,32.27,TRADE
NSW1,2008/10/8 18:00,9121.8,30.67,TRADE
NSW1,2008/10/8 18:30,9247.97,35.33,TRADE
NSW1,2008/10/8 19:00,9423.49,42.8,TRADE
NSW1,2008/10/8 19:30,9410.77,43.31,TRADE
NSW1,2008/10/8 20:00,9252.09,34.26,TRADE
NSW1,2008/10/8 20:30,9051.23,36.47,TRADE
NSW1,2008/10/8 21:00,8750.22,33.33,TRADE
NSW1,2008/10/8 21:30,8758.4,37.54,TRADE
NSW1,2008/10/8 22:00,8511.98,30.17,TRADE
NSW1,2008/10/8 22:30,8589.89,32.3,TRADE
NSW1,2008/10/8 23:00,8415.98,28.99,TRADE
NSW1,2008/10/8 23:30,8348.93,32.4,TRADE
NSW1,2008/10/9 0:00,8262.46,32.36,TRADE
NSW1,2008/10/9 0:30,8160.78,29.7,TRADE
NSW1,2008/10/9 1:00,7953.89,28.82,TRADE
NSW1,2008/10/9 1:30,7633.74,25.18,TRADE
NSW1,2008/10/9 2:00,7326.28,22,TRADE
NSW1,2008/10/9 2:30,7098.01,22.22,TRADE
NSW1,2008/10/9 3:00,6888.84,22.1,TRADE
NSW1,2008/10/9 3:30,6857.35,22.45,TRADE
NSW1,2008/10/9 4:00,6890.48,22.53,TRADE
NSW1,2008/10/9 4:30,7044.3,23.02,TRADE
NSW1,2008/10/9 5:00,7352.55,24.58,TRADE
NSW1,2008/10/9 5:30,8017.86,32.15,TRADE
NSW1,2008/10/9 6:00,8538.27,33.43,TRADE
NSW1,2008/10/9 6:30,8796.92,33.13,TRADE
NSW1,2008/10/9 7:00,9241.61,56.2,TRADE
NSW1,2008/10/9 7:30,9306.44,34.36,TRADE
NSW1,2008/10/9 8:00,9365.21,33.94,TRADE
NSW1,2008/10/9 8:30,9461.64,36.81,TRADE
NSW1,2008/10/9 9:00,9490.98,33.38,TRADE
NSW1,2008/10/9 9:30,9544.16,33.22,TRADE
NSW1,2008/10/9 10:00,9540.57,37.6,TRADE
NSW1,2008/10/9 10:30,9471.09,43.37,TRADE
NSW1,2008/10/9 11:00,9354.22,42.69,TRADE
NSW1,2008/10/9 11:30,9297.69,41.54,TRADE
NSW1,2008/10/9 12:00,9141.04,37.01,TRADE
NSW1,2008/10/9 12:30,9127.68,40.03,TRADE
NSW1,2008/10/9 13:00,9187.44,38.36,TRADE
NSW1,2008/10/9 13:30,9195.81,37.76,TRADE
NSW1,2008/10/9 14:00,9131.54,35.38,TRADE
NSW1,2008/10/9 14:30,9122.32,37.16,TRADE
NSW1,2008/10/9 15:00,9105.37,36.78,TRADE
NSW1,2008/10/9 15:30,9115.06,35.4,TRADE
NSW1,2008/10/9 16:00,9148.92,38.85,TRADE
NSW1,2008/10/9 16:30,9135.02,34.15,TRADE
NSW1,2008/10/9 17:00,9193.32,34.85,TRADE
NSW1,2008/10/9 17:30,9040.36,31.28,TRADE
NSW1,2008/10/9 18:00,9052.01,32.07,TRADE
NSW1,2008/10/9 18:30,9206.35,33.49,TRADE
NSW1,2008/10/9 19:00,9369.82,42.01,TRADE
NSW1,2008/10/9 19:30,9288.22,41.59,TRADE
NSW1,2008/10/9 20:00,9195.06,40.89,TRADE
NSW1,2008/10/9 20:30,8990.45,34.25,TRADE
NSW1,2008/10/9 21:00,8678.31,31.28,TRADE
NSW1,2008/10/9 21:30,8746.58,32.28,TRADE
NSW1,2008/10/9 22:00,8541.01,26.74,TRADE
NSW1,2008/10/9 22:30,8615.17,29.74,TRADE
NSW1,2008/10/9 23:00,8485.37,26.79,TRADE
NSW1,2008/10/9 23:30,8344.08,29.44,TRADE
NSW1,2008/10/10 0:00,8264.31,25.74,TRADE
NSW1,2008/10/10 0:30,8131.29,25.37,TRADE
NSW1,2008/10/10 1:00,7943.85,24,TRADE
NSW1,2008/10/10 1:30,7649.6,24.79,TRADE
NSW1,2008/10/10 2:00,7299.39,22.28,TRADE
NSW1,2008/10/10 2:30,7030.53,21.78,TRADE
NSW1,2008/10/10 3:00,6834.14,22.12,TRADE
NSW1,2008/10/10 3:30,6788.59,22,TRADE
NSW1,2008/10/10 4:00,6797.01,22.78,TRADE
NSW1,2008/10/10 4:30,7025.14,25.04,TRADE
NSW1,2008/10/10 5:00,7366.28,25.71,TRADE
NSW1,2008/10/10 5:30,7812.76,32.23,TRADE
NSW1,2008/10/10 6:00,8286.65,36.91,TRADE
NSW1,2008/10/10 6:30,8568.72,40.83,TRADE
NSW1,2008/10/10 7:00,9028.04,45.91,TRADE
NSW1,2008/10/10 7:30,9151.85,34.68,TRADE
NSW1,2008/10/10 8:00,9299.32,37.78,TRADE
NSW1,2008/10/10 8:30,9449.69,44.46,TRADE
NSW1,2008/10/10 9:00,9551.68,45.78,TRADE
NSW1,2008/10/10 9:30,9600.43,50.25,TRADE
NSW1,2008/10/10 10:00,9598.8,51.7,TRADE
NSW1,2008/10/10 10:30,9565.77,55.61,TRADE
NSW1,2008/10/10 11:00,9512.94,55.35,TRADE
NSW1,2008/10/10 11:30,9493.13,54.39,TRADE
NSW1,2008/10/10 12:00,9413.61,47.54,TRADE
NSW1,2008/10/10 12:30,9396.76,45.6,TRADE
NSW1,2008/10/10 13:00,9402.2,45.77,TRADE
NSW1,2008/10/10 13:30,9348.95,42.6,TRADE
NSW1,2008/10/10 14:00,9240.8,41.63,TRADE
NSW1,2008/10/10 14:30,9156.48,41.06,TRADE
NSW1,2008/10/10 15:00,9264.27,41.34,TRADE
NSW1,2008/10/10 15:30,9214.72,41.07,TRADE
NSW1,2008/10/10 16:00,9209.34,41.73,TRADE
NSW1,2008/10/10 16:30,9117.14,39.43,TRADE
NSW1,2008/10/10 17:00,9068.39,33.4,TRADE
NSW1,2008/10/10 17:30,8809.19,29.95,TRADE
NSW1,2008/10/10 18:00,8805.35,27.62,TRADE
NSW1,2008/10/10 18:30,8870.42,28.22,TRADE
NSW1,2008/10/10 19:00,8950.72,31.38,TRADE
NSW1,2008/10/10 19:30,8852.8,29.21,TRADE
NSW1,2008/10/10 20:00,8776.83,28.78,TRADE
NSW1,2008/10/10 20:30,8580.36,31.03,TRADE
NSW1,2008/10/10 21:00,8346.23,24.87,TRADE
NSW1,2008/10/10 21:30,8378.45,24.47,TRADE
NSW1,2008/10/10 22:00,8224.8,21.37,TRADE
NSW1,2008/10/10 22:30,8373.58,28.71,TRADE
NSW1,2008/10/10 23:00,8353.27,26.38,TRADE
NSW1,2008/10/10 23:30,8215.93,30.05,TRADE
NSW1,2008/10/11 0:00,8117.04,27.99,TRADE
NSW1,2008/10/11 0:30,7926.58,24.54,TRADE
NSW1,2008/10/11 1:00,7677.67,22.14,TRADE
NSW1,2008/10/11 1:30,7330.36,23.97,TRADE
NSW1,2008/10/11 2:00,6966.84,20.46,TRADE
NSW1,2008/10/11 2:30,6717.47,22.57,TRADE
NSW1,2008/10/11 3:00,6517.01,22.56,TRADE
NSW1,2008/10/11 3:30,6432.03,22,TRADE
NSW1,2008/10/11 4:00,6367.1,22,TRADE
NSW1,2008/10/11 4:30,6439.26,21.41,TRADE
NSW1,2008/10/11 5:00,6558.05,20.02,TRADE
NSW1,2008/10/11 5:30,6733.34,18.38,TRADE
NSW1,2008/10/11 6:00,6886.6,20.66,TRADE
NSW1,2008/10/11 6:30,7177.42,22.2,TRADE
NSW1,2008/10/11 7:00,7538.87,21.88,TRADE
NSW1,2008/10/11 7:30,7946.13,24.6,TRADE
NSW1,2008/10/11 8:00,8274.75,24.41,TRADE
NSW1,2008/10/11 8:30,8625.81,29.17,TRADE
NSW1,2008/10/11 9:00,8731.3,31.85,TRADE
NSW1,2008/10/11 9:30,8787.25,32.47,TRADE
NSW1,2008/10/11 10:00,8796.22,35.26,TRADE
NSW1,2008/10/11 10:30,8710.79,33.22,TRADE
NSW1,2008/10/11 11:00,8650.82,31.86,TRADE
NSW1,2008/10/11 11:30,8587.15,28.28,TRADE
NSW1,2008/10/11 12:00,8579.27,29.83,TRADE
NSW1,2008/10/11 12:30,8537.99,29.79,TRADE
NSW1,2008/10/11 13:00,8474.61,27.04,TRADE
NSW1,2008/10/11 13:30,8385.67,22.62,TRADE
NSW1,2008/10/11 14:00,8326.19,22.15,TRADE
NSW1,2008/10/11 14:30,8307.43,23.33,TRADE
NSW1,2008/10/11 15:00,8306.44,22,TRADE
NSW1,2008/10/11 15:30,8286.57,22.57,TRADE
NSW1,2008/10/11 16:00,8291.17,23.7,TRADE
NSW1,2008/10/11 16:30,8230.75,22.67,TRADE
NSW1,2008/10/11 17:00,8323.66,24.56,TRADE
NSW1,2008/10/11 17:30,8292.65,22.34,TRADE
NSW1,2008/10/11 18:00,8373.06,22,TRADE
NSW1,2008/10/11 18:30,8432.5,22.31,TRADE
NSW1,2008/10/11 19:00,8558.19,23.75,TRADE
NSW1,2008/10/11 19:30,8411.27,22.78,TRADE
NSW1,2008/10/11 20:00,8292.33,21.78,TRADE
NSW1,2008/10/11 20:30,8134.74,22,TRADE
NSW1,2008/10/11 21:00,7916.81,21.67,TRADE
NSW1,2008/10/11 21:30,7826.52,21.5,TRADE
NSW1,2008/10/11 22:00,7733.76,23.52,TRADE
NSW1,2008/10/11 22:30,7805.73,23.76,TRADE
NSW1,2008/10/11 23:00,7653.82,22.7,TRADE
NSW1,2008/10/11 23:30,7493.09,24.1,TRADE
NSW1,2008/10/12 0:00,7404.67,22.62,TRADE
NSW1,2008/10/12 0:30,7224.53,22.23,TRADE
NSW1,2008/10/12 1:00,7061.55,22,TRADE
NSW1,2008/10/12 1:30,6810.56,22.51,TRADE
NSW1,2008/10/12 2:00,6547.64,19.97,TRADE
NSW1,2008/10/12 2:30,6316.36,18.44,TRADE
NSW1,2008/10/12 3:00,6237.59,18.99,TRADE
NSW1,2008/10/12 3:30,6157.52,21.66,TRADE
NSW1,2008/10/12 4:00,6192.68,21.95,TRADE
NSW1,2008/10/12 4:30,6202.31,21.94,TRADE
NSW1,2008/10/12 5:00,6300.66,17.57,TRADE
NSW1,2008/10/12 5:30,6376.74,17.43,TRADE
NSW1,2008/10/12 6:00,6409.82,17.47,TRADE
NSW1,2008/10/12 6:30,6706.06,18.08,TRADE
NSW1,2008/10/12 7:00,6996.1,19.18,TRADE
NSW1,2008/10/12 7:30,7356.12,20.85,TRADE
NSW1,2008/10/12 8:00,7652.69,21.17,TRADE
NSW1,2008/10/12 8:30,7992.35,22,TRADE
NSW1,2008/10/12 9:00,8154.18,22.32,TRADE
NSW1,2008/10/12 9:30,8310.36,22.27,TRADE
NSW1,2008/10/12 10:00,8306.24,22.81,TRADE
NSW1,2008/10/12 10:30,8365.34,23.01,TRADE
NSW1,2008/10/12 11:00,8342.43,22.24,TRADE
NSW1,2008/10/12 11:30,8275.68,22.06,TRADE
NSW1,2008/10/12 12:00,8220.1,22,TRADE
NSW1,2008/10/12 12:30,8143.01,22,TRADE
NSW1,2008/10/12 13:00,8103.88,22,TRADE
NSW1,2008/10/12 13:30,8010.88,21.85,TRADE
NSW1,2008/10/12 14:00,8034.39,21.96,TRADE
NSW1,2008/10/12 14:30,8001.82,22,TRADE
NSW1,2008/10/12 15:00,8001.98,22,TRADE
NSW1,2008/10/12 15:30,8038.51,22.01,TRADE
NSW1,2008/10/12 16:00,8061.45,22,TRADE
NSW1,2008/10/12 16:30,8033.04,22,TRADE
NSW1,2008/10/12 17:00,8149.11,22.07,TRADE
NSW1,2008/10/12 17:30,8205.96,21.95,TRADE
NSW1,2008/10/12 18:00,8323.69,22.27,TRADE
NSW1,2008/10/12 18:30,8550.61,25.41,TRADE
NSW1,2008/10/12 19:00,8773.91,29.2,TRADE
NSW1,2008/10/12 19:30,8661.5,25.35,TRADE
NSW1,2008/10/12 20:00,8498.24,21.84,TRADE
NSW1,2008/10/12 20:30,8260.44,21.42,TRADE
NSW1,2008/10/12 21:00,7981.25,20.63,TRADE
NSW1,2008/10/12 21:30,7852.81,20.97,TRADE
NSW1,2008/10/12 22:00,7685.45,18.88,TRADE
NSW1,2008/10/12 22:30,7657.69,18.08,TRADE
NSW1,2008/10/12 23:00,7531.03,18.65,TRADE
NSW1,2008/10/12 23:30,7343.76,21.77,TRADE
NSW1,2008/10/13 0:00,7282.66,21.98,TRADE
NSW1,2008/10/13 0:30,7193.45,21.34,TRADE
NSW1,2008/10/13 1:00,7018.01,21.89,TRADE
NSW1,2008/10/13 1:30,6830.83,20.91,TRADE
NSW1,2008/10/13 2:00,6579.11,17.83,TRADE
NSW1,2008/10/13 2:30,6402.74,14.82,TRADE
NSW1,2008/10/13 3:00,6320.06,15.13,TRADE
NSW1,2008/10/13 3:30,6319.61,18.15,TRADE
NSW1,2008/10/13 4:00,6414.24,18.41,TRADE
NSW1,2008/10/13 4:30,6683.58,17.55,TRADE
NSW1,2008/10/13 5:00,6949.41,18.8,TRADE
NSW1,2008/10/13 5:30,7597.98,25.4,TRADE
NSW1,2008/10/13 6:00,8176.26,23.3,TRADE
NSW1,2008/10/13 6:30,8632.62,24.78,TRADE
NSW1,2008/10/13 7:00,9040.74,29.98,TRADE
NSW1,2008/10/13 7:30,9176.4,30.15,TRADE
NSW1,2008/10/13 8:00,9290.01,30.82,TRADE
NSW1,2008/10/13 8:30,9571.46,32.57,TRADE
NSW1,2008/10/13 9:00,9689.37,32.98,TRADE
NSW1,2008/10/13 9:30,9829.6,34.65,TRADE
NSW1,2008/10/13 10:00,9955.47,39.77,TRADE
NSW1,2008/10/13 10:30,9942.24,44.15,TRADE
NSW1,2008/10/13 11:00,10025.32,57.1,TRADE
NSW1,2008/10/13 11:30,10051.11,53.94,TRADE
NSW1,2008/10/13 12:00,10017.29,46.01,TRADE
NSW1,2008/10/13 12:30,10098.07,47.39,TRADE
NSW1,2008/10/13 13:00,10098.93,40.97,TRADE
NSW1,2008/10/13 13:30,10159.33,45.38,TRADE
NSW1,2008/10/13 14:00,10165.31,40.04,TRADE
NSW1,2008/10/13 14:30,10134.62,41.33,TRADE
NSW1,2008/10/13 15:00,10114.56,45.25,TRADE
NSW1,2008/10/13 15:30,10084.26,43.51,TRADE
NSW1,2008/10/13 16:00,10068.22,43.95,TRADE
NSW1,2008/10/13 16:30,9934.1,44.33,TRADE
NSW1,2008/10/13 17:00,9932.71,44.13,TRADE
NSW1,2008/10/13 17:30,9716.18,40.78,TRADE
NSW1,2008/10/13 18:00,9635.78,53.13,TRADE
NSW1,2008/10/13 18:30,9535.92,43.86,TRADE
NSW1,2008/10/13 19:00,9632.84,47.28,TRADE
NSW1,2008/10/13 19:30,9418.86,37.11,TRADE
NSW1,2008/10/13 20:00,9246.53,34,TRADE
NSW1,2008/10/13 20:30,8990.78,32.88,TRADE
NSW1,2008/10/13 21:00,8699.98,30.03,TRADE
NSW1,2008/10/13 21:30,8575.14,29.27,TRADE
NSW1,2008/10/13 22:00,8400.3,23.26,TRADE
NSW1,2008/10/13 22:30,8411.61,33.41,TRADE
NSW1,2008/10/13 23:00,8303.99,27.15,TRADE
NSW1,2008/10/13 23:30,8171.92,32.08,TRADE
NSW1,2008/10/14 0:00,8053.3,30.46,TRADE
NSW1,2008/10/14 0:30,7914.08,27.72,TRADE
NSW1,2008/10/14 1:00,7644.83,25.69,TRADE
NSW1,2008/10/14 1:30,7325.38,28.77,TRADE
NSW1,2008/10/14 2:00,7017.15,23.14,TRADE
NSW1,2008/10/14 2:30,6822.53,22.41,TRADE
NSW1,2008/10/14 3:00,6690.14,22.55,TRADE
NSW1,2008/10/14 3:30,6679.65,29.07,TRADE
NSW1,2008/10/14 4:00,6697.05,26.63,TRADE
NSW1,2008/10/14 4:30,6929.54,26.57,TRADE
NSW1,2008/10/14 5:00,7259.66,25.34,TRADE
NSW1,2008/10/14 5:30,7827.09,33.86,TRADE
NSW1,2008/10/14 6:00,8465.93,48.59,TRADE
NSW1,2008/10/14 6:30,8871.35,48.25,TRADE
NSW1,2008/10/14 7:00,9338.5,66.44,TRADE
NSW1,2008/10/14 7:30,9457.92,43.1,TRADE
NSW1,2008/10/14 8:00,9504.68,44.63,TRADE
NSW1,2008/10/14 8:30,9664.11,42.77,TRADE
NSW1,2008/10/14 9:00,9752.97,43.01,TRADE
NSW1,2008/10/14 9:30,9827.42,42.98,TRADE
NSW1,2008/10/14 10:00,9820.68,43.37,TRADE
NSW1,2008/10/14 10:30,9837.73,43.03,TRADE
NSW1,2008/10/14 11:00,9796.71,42.74,TRADE
NSW1,2008/10/14 11:30,9769.9,42.88,TRADE
NSW1,2008/10/14 12:00,9741.28,43.38,TRADE
NSW1,2008/10/14 12:30,9688.48,43.48,TRADE
NSW1,2008/10/14 13:00,9670.8,43.52,TRADE
NSW1,2008/10/14 13:30,9582.85,45.22,TRADE
NSW1,2008/10/14 14:00,9491,44.73,TRADE
NSW1,2008/10/14 14:30,9377.79,44.29,TRADE
NSW1,2008/10/14 15:00,9453.64,44.14,TRADE
NSW1,2008/10/14 15:30,9534.65,43.91,TRADE
NSW1,2008/10/14 16:00,9572.5,44.17,TRADE
NSW1,2008/10/14 16:30,9631.16,47.05,TRADE
NSW1,2008/10/14 17:00,9611.83,46.09,TRADE
NSW1,2008/10/14 17:30,9483.7,42.24,TRADE
NSW1,2008/10/14 18:00,9527.93,39.55,TRADE
NSW1,2008/10/14 18:30,9497.19,38.47,TRADE
NSW1,2008/10/14 19:00,9532.29,44.02,TRADE
NSW1,2008/10/14 19:30,9434.99,41.45,TRADE
NSW1,2008/10/14 20:00,9187.51,36.96,TRADE
NSW1,2008/10/14 20:30,8927.65,36.34,TRADE
NSW1,2008/10/14 21:00,8635.84,33.69,TRADE
NSW1,2008/10/14 21:30,8652.83,38.08,TRADE
NSW1,2008/10/14 22:00,8447.19,31.68,TRADE
NSW1,2008/10/14 22:30,8471.57,34.7,TRADE
NSW1,2008/10/14 23:00,8343.63,31.14,TRADE
NSW1,2008/10/14 23:30,8257.89,33.89,TRADE
NSW1,2008/10/15 0:00,8130.47,32.7,TRADE
NSW1,2008/10/15 0:30,7975.8,29.22,TRADE
NSW1,2008/10/15 1:00,7712.79,28.9,TRADE
NSW1,2008/10/15 1:30,7392.81,30.03,TRADE
NSW1,2008/10/15 2:00,7057.36,24.26,TRADE
NSW1,2008/10/15 2:30,6805.91,21.91,TRADE
NSW1,2008/10/15 3:00,6700.71,22.89,TRADE
NSW1,2008/10/15 3:30,6660.55,22,TRADE
NSW1,2008/10/15 4:00,6724.74,23.2,TRADE
NSW1,2008/10/15 4:30,6938.71,29.61,TRADE
NSW1,2008/10/15 5:00,7234.91,24.86,TRADE
NSW1,2008/10/15 5:30,7899.27,36.05,TRADE
NSW1,2008/10/15 6:00,8527.77,45.89,TRADE
NSW1,2008/10/15 6:30,8944.64,70.73,TRADE
NSW1,2008/10/15 7:00,9324.56,103,TRADE
NSW1,2008/10/15 7:30,9378.94,45.07,TRADE
NSW1,2008/10/15 8:00,9355.13,44.97,TRADE
NSW1,2008/10/15 8:30,9446.98,43.73,TRADE
NSW1,2008/10/15 9:00,9496.21,43.94,TRADE
NSW1,2008/10/15 9:30,9508.3,47.92,TRADE
NSW1,2008/10/15 10:00,9521.37,69.88,TRADE
NSW1,2008/10/15 10:30,9462.48,63.21,TRADE
NSW1,2008/10/15 11:00,9416.63,59.16,TRADE
NSW1,2008/10/15 11:30,9395.13,44.38,TRADE
NSW1,2008/10/15 12:00,9368.29,44.17,TRADE
NSW1,2008/10/15 12:30,9370.37,44.05,TRADE
NSW1,2008/10/15 13:00,9326.67,46.63,TRADE
NSW1,2008/10/15 13:30,9308.15,77.32,TRADE
NSW1,2008/10/15 14:00,9249.26,68.87,TRADE
NSW1,2008/10/15 14:30,9196.5,56.52,TRADE
NSW1,2008/10/15 15:00,9205.89,48.3,TRADE
NSW1,2008/10/15 15:30,9232.67,43.9,TRADE
NSW1,2008/10/15 16:00,9279.93,43.66,TRADE
NSW1,2008/10/15 16:30,9258.79,43.79,TRADE
NSW1,2008/10/15 17:00,9296.01,44.11,TRADE
NSW1,2008/10/15 17:30,9262.22,43.93,TRADE
NSW1,2008/10/15 18:00,9328.53,43.2,TRADE
NSW1,2008/10/15 18:30,9339.81,43.24,TRADE
NSW1,2008/10/15 19:00,9438.53,45.04,TRADE
NSW1,2008/10/15 19:30,9321.92,43.35,TRADE
NSW1,2008/10/15 20:00,9178.83,42.21,TRADE
NSW1,2008/10/15 20:30,8940.36,38.98,TRADE
NSW1,2008/10/15 21:00,8562.67,33.54,TRADE
NSW1,2008/10/15 21:30,8605.26,38.88,TRADE
NSW1,2008/10/15 22:00,8402.11,31.42,TRADE
NSW1,2008/10/15 22:30,8515.17,34.25,TRADE
NSW1,2008/10/15 23:00,8432.08,34.37,TRADE
NSW1,2008/10/15 23:30,8284.33,37.63,TRADE
NSW1,2008/10/16 0:00,8258.36,39.53,TRADE
NSW1,2008/10/16 0:30,8047.07,32.5,TRADE
NSW1,2008/10/16 1:00,7846.36,30.73,TRADE
NSW1,2008/10/16 1:30,7518.82,38.56,TRADE
NSW1,2008/10/16 2:00,7192.46,28.49,TRADE
NSW1,2008/10/16 2:30,6946.38,28.04,TRADE
NSW1,2008/10/16 3:00,6788.07,26.01,TRADE
NSW1,2008/10/16 3:30,6741.26,24.92,TRADE
NSW1,2008/10/16 4:00,6785.95,24.77,TRADE
NSW1,2008/10/16 4:30,7025.44,28.65,TRADE
NSW1,2008/10/16 5:00,7318.96,27.39,TRADE
NSW1,2008/10/16 5:30,7913.19,39.83,TRADE
NSW1,2008/10/16 6:00,8546.79,56.23,TRADE
NSW1,2008/10/16 6:30,8920.33,53.11,TRADE
NSW1,2008/10/16 7:00,9351.63,70.4,TRADE
NSW1,2008/10/16 7:30,9289.89,41.66,TRADE
NSW1,2008/10/16 8:00,9292.25,41.54,TRADE
NSW1,2008/10/16 8:30,9389.14,42,TRADE
NSW1,2008/10/16 9:00,9427.73,42.22,TRADE
NSW1,2008/10/16 9:30,9495.81,43.98,TRADE
NSW1,2008/10/16 10:00,9469.9,44.14,TRADE
NSW1,2008/10/16 10:30,9432.6,46.52,TRADE
NSW1,2008/10/16 11:00,9440.74,49.94,TRADE
NSW1,2008/10/16 11:30,9377.54,53.23,TRADE
NSW1,2008/10/16 12:00,9365.25,48.9,TRADE
NSW1,2008/10/16 12:30,9373.02,53.73,TRADE
NSW1,2008/10/16 13:00,9341.78,61.99,TRADE
NSW1,2008/10/16 13:30,9342.2,57.98,TRADE
NSW1,2008/10/16 14:00,9199.31,56.58,TRADE
NSW1,2008/10/16 14:30,9241.27,62.23,TRADE
NSW1,2008/10/16 15:00,9321.83,70.61,TRADE
NSW1,2008/10/16 15:30,9315.3,61.57,TRADE
NSW1,2008/10/16 16:00,9274.58,56.11,TRADE
NSW1,2008/10/16 16:30,9200.35,59.07,TRADE
NSW1,2008/10/16 17:00,9282.85,60.79,TRADE
NSW1,2008/10/16 17:30,9192.54,49.31,TRADE
NSW1,2008/10/16 18:00,9163.55,44.41,TRADE
NSW1,2008/10/16 18:30,9264.52,46.7,TRADE
NSW1,2008/10/16 19:00,9455.09,67.14,TRADE
NSW1,2008/10/16 19:30,9353.52,75.18,TRADE
NSW1,2008/10/16 20:00,9204.88,69.46,TRADE
NSW1,2008/10/16 20:30,8895.62,52.65,TRADE
NSW1,2008/10/16 21:00,8578.43,37.04,TRADE
NSW1,2008/10/16 21:30,8565.25,42.64,TRADE
NSW1,2008/10/16 22:00,8381.34,35.31,TRADE
NSW1,2008/10/16 22:30,8441.96,37.31,TRADE
NSW1,2008/10/16 23:00,8329.57,34.16,TRADE
NSW1,2008/10/16 23:30,8188.9,36.38,TRADE
NSW1,2008/10/17 0:00,8079.78,37.66,TRADE
NSW1,2008/10/17 0:30,7974.43,33.5,TRADE
NSW1,2008/10/17 1:00,7771.28,33.02,TRADE
NSW1,2008/10/17 1:30,7424.75,35.62,TRADE
NSW1,2008/10/17 2:00,7122.49,27.01,TRADE
NSW1,2008/10/17 2:30,6901.91,30.17,TRADE
NSW1,2008/10/17 3:00,6734.3,22.84,TRADE
NSW1,2008/10/17 3:30,6699.72,31.39,TRADE
NSW1,2008/10/17 4:00,6711.88,32.22,TRADE
NSW1,2008/10/17 4:30,6974.41,33.44,TRADE
NSW1,2008/10/17 5:00,7302.04,32,TRADE
NSW1,2008/10/17 5:30,7860.3,38.76,TRADE
NSW1,2008/10/17 6:00,8504.11,41.38,TRADE
NSW1,2008/10/17 6:30,8915.46,45.67,TRADE
NSW1,2008/10/17 7:00,9276.68,73.62,TRADE
NSW1,2008/10/17 7:30,9302.96,44.64,TRADE
NSW1,2008/10/17 8:00,9270.74,46.38,TRADE
NSW1,2008/10/17 8:30,9353.71,60.97,TRADE
NSW1,2008/10/17 9:00,9421.92,79.3,TRADE
NSW1,2008/10/17 9:30,9558.99,84.82,TRADE
NSW1,2008/10/17 10:00,9554.99,83.14,TRADE
NSW1,2008/10/17 10:30,9537.7,81.75,TRADE
NSW1,2008/10/17 11:00,9591.33,90.42,TRADE
NSW1,2008/10/17 11:30,9567.43,86.68,TRADE
NSW1,2008/10/17 12:00,9530.73,81.75,TRADE
NSW1,2008/10/17 12:30,9546.85,83.75,TRADE
NSW1,2008/10/17 13:00,9522.68,77.33,TRADE
NSW1,2008/10/17 13:30,9523.86,81.37,TRADE
NSW1,2008/10/17 14:00,9525.12,78.97,TRADE
NSW1,2008/10/17 14:30,9502.02,59.99,TRADE
NSW1,2008/10/17 15:00,9497.48,56.81,TRADE
NSW1,2008/10/17 15:30,9529.86,53.36,TRADE
NSW1,2008/10/17 16:00,9531.96,53.09,TRADE
NSW1,2008/10/17 16:30,9406.83,57.19,TRADE
NSW1,2008/10/17 17:00,9286.27,52.19,TRADE
NSW1,2008/10/17 17:30,9068.2,44.48,TRADE
NSW1,2008/10/17 18:00,8927.47,43.11,TRADE
NSW1,2008/10/17 18:30,8922.26,38.92,TRADE
NSW1,2008/10/17 19:00,9043.37,44.39,TRADE
NSW1,2008/10/17 19:30,9047.58,43.33,TRADE
NSW1,2008/10/17 20:00,8838.82,37.43,TRADE
NSW1,2008/10/17 20:30,8603.11,32.6,TRADE
NSW1,2008/10/17 21:00,8427.1,31.37,TRADE
NSW1,2008/10/17 21:30,8455.59,34.03,TRADE
NSW1,2008/10/17 22:00,8360.35,29.66,TRADE
NSW1,2008/10/17 22:30,8431.24,33.21,TRADE
NSW1,2008/10/17 23:00,8346.54,30.7,TRADE
NSW1,2008/10/17 23:30,8235.74,33.52,TRADE
NSW1,2008/10/18 0:00,8106.91,31.44,TRADE
NSW1,2008/10/18 0:30,7945.97,25.94,TRADE
NSW1,2008/10/18 1:00,7658.34,23.38,TRADE
NSW1,2008/10/18 1:30,7336.64,24.42,TRADE
NSW1,2008/10/18 2:00,7025.27,21.16,TRADE
NSW1,2008/10/18 2:30,6695.51,22,TRADE
NSW1,2008/10/18 3:00,6532.86,21.74,TRADE
NSW1,2008/10/18 3:30,6426.58,21.91,TRADE
NSW1,2008/10/18 4:00,6386.56,21.46,TRADE
NSW1,2008/10/18 4:30,6456.66,21.88,TRADE
NSW1,2008/10/18 5:00,6582.81,22.39,TRADE
NSW1,2008/10/18 5:30,6791.65,22,TRADE
NSW1,2008/10/18 6:00,7007.47,21.66,TRADE
NSW1,2008/10/18 6:30,7340.75,21.12,TRADE
NSW1,2008/10/18 7:00,7742.78,22,TRADE
NSW1,2008/10/18 7:30,8132.48,26.29,TRADE
NSW1,2008/10/18 8:00,8463.73,39.52,TRADE
NSW1,2008/10/18 8:30,8748.21,44.79,TRADE
NSW1,2008/10/18 9:00,8757.57,46.18,TRADE
NSW1,2008/10/18 9:30,8861.03,42.38,TRADE
NSW1,2008/10/18 10:00,8771.95,44.93,TRADE
NSW1,2008/10/18 10:30,8727.59,44.69,TRADE
NSW1,2008/10/18 11:00,8713.57,44.14,TRADE
NSW1,2008/10/18 11:30,8658.49,46.89,TRADE
NSW1,2008/10/18 12:00,8683.12,48.36,TRADE
NSW1,2008/10/18 12:30,8617.64,47.98,TRADE
NSW1,2008/10/18 13:00,8581.24,47.98,TRADE
NSW1,2008/10/18 13:30,8515.74,47.98,TRADE
NSW1,2008/10/18 14:00,8475.69,47.98,TRADE
NSW1,2008/10/18 14:30,8478.44,43.67,TRADE
NSW1,2008/10/18 15:00,8475.42,47.82,TRADE
NSW1,2008/10/18 15:30,8518.69,45.19,TRADE
NSW1,2008/10/18 16:00,8563,49.28,TRADE
NSW1,2008/10/18 16:30,8456.26,40.32,TRADE
NSW1,2008/10/18 17:00,8450.39,46.51,TRADE
NSW1,2008/10/18 17:30,8368.12,41.83,TRADE
NSW1,2008/10/18 18:00,8350.52,45.02,TRADE
NSW1,2008/10/18 18:30,8445.89,46.26,TRADE
NSW1,2008/10/18 19:00,8498.06,48.1,TRADE
NSW1,2008/10/18 19:30,8409.12,46.23,TRADE
NSW1,2008/10/18 20:00,8294.4,44.38,TRADE
NSW1,2008/10/18 20:30,8091.46,36.96,TRADE
NSW1,2008/10/18 21:00,7856.91,29.57,TRADE
NSW1,2008/10/18 21:30,7851.33,26.93,TRADE
NSW1,2008/10/18 22:00,7778.63,23.35,TRADE
NSW1,2008/10/18 22:30,7797.72,24.01,TRADE
NSW1,2008/10/18 23:00,7698.36,23.97,TRADE
NSW1,2008/10/18 23:30,7528.29,29.93,TRADE
NSW1,2008/10/19 0:00,7372.22,28.92,TRADE
NSW1,2008/10/19 0:30,7228.58,23.46,TRADE
NSW1,2008/10/19 1:00,7045.21,23.8,TRADE
NSW1,2008/10/19 1:30,6797.15,25.52,TRADE
NSW1,2008/10/19 2:00,6579.4,21.71,TRADE
NSW1,2008/10/19 2:30,6345.52,22.19,TRADE
NSW1,2008/10/19 3:00,6260.22,21.67,TRADE
NSW1,2008/10/19 3:30,6138.83,22,TRADE
NSW1,2008/10/19 4:00,6145.5,21.85,TRADE
NSW1,2008/10/19 4:30,6172.18,22,TRADE
NSW1,2008/10/19 5:00,6235.1,22,TRADE
NSW1,2008/10/19 5:30,6266.41,20.31,TRADE
NSW1,2008/10/19 6:00,6409.67,22.04,TRADE
NSW1,2008/10/19 6:30,6725.59,21.88,TRADE
NSW1,2008/10/19 7:00,7080.52,23.31,TRADE
NSW1,2008/10/19 7:30,7445.94,31.83,TRADE
NSW1,2008/10/19 8:00,7790.61,45.6,TRADE
NSW1,2008/10/19 8:30,8091.34,49.57,TRADE
NSW1,2008/10/19 9:00,8288.73,50.44,TRADE
NSW1,2008/10/19 9:30,8429.92,50.56,TRADE
NSW1,2008/10/19 10:00,8479.3,52.01,TRADE
NSW1,2008/10/19 10:30,8459.97,51.46,TRADE
NSW1,2008/10/19 11:00,8531.72,56.33,TRADE
NSW1,2008/10/19 11:30,8558.99,54.31,TRADE
NSW1,2008/10/19 12:00,8613.29,50.61,TRADE
NSW1,2008/10/19 12:30,8639.57,48.04,TRADE
NSW1,2008/10/19 13:00,8618.93,44.11,TRADE
NSW1,2008/10/19 13:30,8713.13,42.92,TRADE
NSW1,2008/10/19 14:00,8729.44,35.26,TRADE
NSW1,2008/10/19 14:30,8818.58,34.84,TRADE
NSW1,2008/10/19 15:00,8819.66,32.67,TRADE
NSW1,2008/10/19 15:30,8826.69,34.02,TRADE
NSW1,2008/10/19 16:00,8810.77,35.96,TRADE
NSW1,2008/10/19 16:30,8712.66,34.6,TRADE
NSW1,2008/10/19 17:00,8776.88,40.02,TRADE
NSW1,2008/10/19 17:30,8785.11,38.47,TRADE
NSW1,2008/10/19 18:00,8756.62,35.03,TRADE
NSW1,2008/10/19 18:30,8856.2,38.23,TRADE
NSW1,2008/10/19 19:00,8980.35,47.14,TRADE
NSW1,2008/10/19 19:30,8949.03,46.45,TRADE
NSW1,2008/10/19 20:00,8802.74,39.94,TRADE
NSW1,2008/10/19 20:30,8622.33,35.86,TRADE
NSW1,2008/10/19 21:00,8315.88,31.42,TRADE
NSW1,2008/10/19 21:30,8111.73,26.65,TRADE
NSW1,2008/10/19 22:00,7963.98,22.66,TRADE
NSW1,2008/10/19 22:30,7851.29,23.7,TRADE
NSW1,2008/10/19 23:00,7740.84,22.82,TRADE
NSW1,2008/10/19 23:30,7515.8,22.34,TRADE
NSW1,2008/10/20 0:00,7417.09,22,TRADE
NSW1,2008/10/20 0:30,7297.24,22.57,TRADE
NSW1,2008/10/20 1:00,7111.07,22,TRADE
NSW1,2008/10/20 1:30,6900.69,22.19,TRADE
NSW1,2008/10/20 2:00,6642.58,21.67,TRADE
NSW1,2008/10/20 2:30,6510.32,22,TRADE
NSW1,2008/10/20 3:00,6404.65,21.77,TRADE
NSW1,2008/10/20 3:30,6391.83,21.78,TRADE
NSW1,2008/10/20 4:00,6512.66,21.99,TRADE
NSW1,2008/10/20 4:30,6716.53,23.05,TRADE
NSW1,2008/10/20 5:00,7076.61,25.72,TRADE
NSW1,2008/10/20 5:30,7634.95,34.24,TRADE
NSW1,2008/10/20 6:00,8207.31,33.5,TRADE
NSW1,2008/10/20 6:30,8675.94,34.28,TRADE
NSW1,2008/10/20 7:00,9097.03,33.84,TRADE
NSW1,2008/10/20 7:30,9231.6,36.54,TRADE
NSW1,2008/10/20 8:00,9338.46,39.28,TRADE
NSW1,2008/10/20 8:30,9521.71,42.96,TRADE
NSW1,2008/10/20 9:00,9655.82,49.86,TRADE
NSW1,2008/10/20 9:30,9725.78,53.53,TRADE
NSW1,2008/10/20 10:00,9767.58,51.45,TRADE
NSW1,2008/10/20 10:30,9701.6,53.23,TRADE
NSW1,2008/10/20 11:00,9724.44,53.04,TRADE
NSW1,2008/10/20 11:30,9741.11,53.15,TRADE
NSW1,2008/10/20 12:00,9750.42,53.37,TRADE
NSW1,2008/10/20 12:30,9831.22,53.96,TRADE
NSW1,2008/10/20 13:00,9877.27,54.11,TRADE
NSW1,2008/10/20 13:30,9794.9,52.53,TRADE
NSW1,2008/10/20 14:00,9701.23,51.36,TRADE
NSW1,2008/10/20 14:30,9660.95,48.56,TRADE
NSW1,2008/10/20 15:00,9736.29,52.15,TRADE
NSW1,2008/10/20 15:30,9703.28,50.94,TRADE
NSW1,2008/10/20 16:00,9737.26,47.93,TRADE
NSW1,2008/10/20 16:30,9660.95,45.41,TRADE
NSW1,2008/10/20 17:00,9727.26,46.16,TRADE
NSW1,2008/10/20 17:30,9564.28,40.37,TRADE
NSW1,2008/10/20 18:00,9523.01,40.12,TRADE
NSW1,2008/10/20 18:30,9411.65,40.87,TRADE
NSW1,2008/10/20 19:00,9433.58,40.7,TRADE
NSW1,2008/10/20 19:30,9197.63,38.83,TRADE
NSW1,2008/10/20 20:00,9032.5,38.61,TRADE
NSW1,2008/10/20 20:30,8798.54,37.38,TRADE
NSW1,2008/10/20 21:00,8458.6,31.07,TRADE
NSW1,2008/10/20 21:30,8362.56,32.65,TRADE
NSW1,2008/10/20 22:00,8222.54,25.76,TRADE
NSW1,2008/10/20 22:30,8259.24,31.12,TRADE
NSW1,2008/10/20 23:00,8187.64,32.92,TRADE
NSW1,2008/10/20 23:30,8088.03,34.94,TRADE
NSW1,2008/10/21 0:00,7896.83,33.76,TRADE
NSW1,2008/10/21 0:30,7771.05,33.92,TRADE
NSW1,2008/10/21 1:00,7571.06,31.17,TRADE
NSW1,2008/10/21 1:30,7275.03,29.72,TRADE
NSW1,2008/10/21 2:00,6985.77,23.06,TRADE
NSW1,2008/10/21 2:30,6751.4,23.26,TRADE
NSW1,2008/10/21 3:00,6590.7,22,TRADE
NSW1,2008/10/21 3:30,6555.53,22,TRADE
NSW1,2008/10/21 4:00,6598.89,22,TRADE
NSW1,2008/10/21 4:30,6824.64,23.07,TRADE
NSW1,2008/10/21 5:00,7147.34,25.52,TRADE
NSW1,2008/10/21 5:30,7764.09,34.64,TRADE
NSW1,2008/10/21 6:00,8364.95,37.08,TRADE
NSW1,2008/10/21 6:30,8806.49,35.85,TRADE
NSW1,2008/10/21 7:00,9167.51,38.2,TRADE
NSW1,2008/10/21 7:30,9216.77,37.05,TRADE
NSW1,2008/10/21 8:00,9228.84,38.76,TRADE
NSW1,2008/10/21 8:30,9359.77,40.2,TRADE
NSW1,2008/10/21 9:00,9479.32,46.19,TRADE
NSW1,2008/10/21 9:30,9530.22,50.29,TRADE
NSW1,2008/10/21 10:00,9505.87,41.36,TRADE
NSW1,2008/10/21 10:30,9473.31,37.51,TRADE
NSW1,2008/10/21 11:00,9472.14,40.56,TRADE
NSW1,2008/10/21 11:30,9478.48,42.86,TRADE
NSW1,2008/10/21 12:00,9418.96,39.83,TRADE
NSW1,2008/10/21 12:30,9365,43.12,TRADE
NSW1,2008/10/21 13:00,9307.99,40.6,TRADE
NSW1,2008/10/21 13:30,9285.46,43.59,TRADE
NSW1,2008/10/21 14:00,9262.36,41.56,TRADE
NSW1,2008/10/21 14:30,9206.3,44.88,TRADE
NSW1,2008/10/21 15:00,9192.87,44.99,TRADE
NSW1,2008/10/21 15:30,9228.95,43.58,TRADE
NSW1,2008/10/21 16:00,9257.89,38.53,TRADE
NSW1,2008/10/21 16:30,9240.83,39.15,TRADE
NSW1,2008/10/21 17:00,9256.81,40.62,TRADE
NSW1,2008/10/21 17:30,9128.27,36.58,TRADE
NSW1,2008/10/21 18:00,9165.56,35.21,TRADE
NSW1,2008/10/21 18:30,9129.61,34,TRADE
NSW1,2008/10/21 19:00,9255.73,40.93,TRADE
NSW1,2008/10/21 19:30,9239.44,42.67,TRADE
NSW1,2008/10/21 20:00,9066.9,40.6,TRADE
NSW1,2008/10/21 20:30,8852.46,39.01,TRADE
NSW1,2008/10/21 21:00,8491.73,36.25,TRADE
NSW1,2008/10/21 21:30,8485.38,35.95,TRADE
NSW1,2008/10/21 22:00,8317.55,31.62,TRADE
NSW1,2008/10/21 22:30,8360.22,32.41,TRADE
NSW1,2008/10/21 23:00,8244.67,32.89,TRADE
NSW1,2008/10/21 23:30,8155.05,34.21,TRADE
NSW1,2008/10/22 0:00,8009.89,33.17,TRADE
NSW1,2008/10/22 0:30,7932.2,35.07,TRADE
NSW1,2008/10/22 1:00,7710.46,32.74,TRADE
NSW1,2008/10/22 1:30,7443.01,31.57,TRADE
NSW1,2008/10/22 2:00,7080.94,22.12,TRADE
NSW1,2008/10/22 2:30,6796.29,22,TRADE
NSW1,2008/10/22 3:00,6598.78,22,TRADE
NSW1,2008/10/22 3:30,6587.78,22,TRADE
NSW1,2008/10/22 4:00,6611.74,22.17,TRADE
NSW1,2008/10/22 4:30,6863.66,24.18,TRADE
NSW1,2008/10/22 5:00,7196.21,29.99,TRADE
NSW1,2008/10/22 5:30,7885.59,38.16,TRADE
NSW1,2008/10/22 6:00,8562.12,43.16,TRADE
NSW1,2008/10/22 6:30,8990.43,40.78,TRADE
NSW1,2008/10/22 7:00,9463.72,47.2,TRADE
NSW1,2008/10/22 7:30,9531.86,47.97,TRADE
NSW1,2008/10/22 8:00,9573.6,42.16,TRADE
NSW1,2008/10/22 8:30,9709.31,49.95,TRADE
NSW1,2008/10/22 9:00,9760.93,47.93,TRADE
NSW1,2008/10/22 9:30,9759.22,48.16,TRADE
NSW1,2008/10/22 10:00,9675.96,47.18,TRADE
NSW1,2008/10/22 10:30,9609.61,46.14,TRADE
NSW1,2008/10/22 11:00,9597.37,45.62,TRADE
NSW1,2008/10/22 11:30,9572.01,46.02,TRADE
NSW1,2008/10/22 12:00,9583.12,45.97,TRADE
NSW1,2008/10/22 12:30,9599.44,46.52,TRADE
NSW1,2008/10/22 13:00,9530.32,40.84,TRADE
NSW1,2008/10/22 13:30,9410.1,40.23,TRADE
NSW1,2008/10/22 14:00,9442.33,40.32,TRADE
NSW1,2008/10/22 14:30,9391.23,40.1,TRADE
NSW1,2008/10/22 15:00,9466.54,39.07,TRADE
NSW1,2008/10/22 15:30,9563.17,42.07,TRADE
NSW1,2008/10/22 16:00,9610.73,44.99,TRADE
NSW1,2008/10/22 16:30,9707.22,46.43,TRADE
NSW1,2008/10/22 17:00,9829.11,50.02,TRADE
NSW1,2008/10/22 17:30,9827.28,45.35,TRADE
NSW1,2008/10/22 18:00,9934.9,45.23,TRADE
NSW1,2008/10/22 18:30,9994.37,47.4,TRADE
NSW1,2008/10/22 19:00,10137.6,52.54,TRADE
NSW1,2008/10/22 19:30,10127.65,52.44,TRADE
NSW1,2008/10/22 20:00,10016.38,47.5,TRADE
NSW1,2008/10/22 20:30,9717.27,47.23,TRADE
NSW1,2008/10/22 21:00,9333.62,44.55,TRADE
NSW1,2008/10/22 21:30,9194.46,45.43,TRADE
NSW1,2008/10/22 22:00,8870.89,35.92,TRADE
NSW1,2008/10/22 22:30,8839.03,40.44,TRADE
NSW1,2008/10/22 23:00,8673.69,33.72,TRADE
NSW1,2008/10/22 23:30,8541.44,34.7,TRADE
NSW1,2008/10/23 0:00,8406.86,32.1,TRADE
NSW1,2008/10/23 0:30,8230.27,31.11,TRADE
NSW1,2008/10/23 1:00,8052.38,33.15,TRADE
NSW1,2008/10/23 1:30,7761.35,35.99,TRADE
NSW1,2008/10/23 2:00,7431.63,31.16,TRADE
NSW1,2008/10/23 2:30,7176,26.35,TRADE
NSW1,2008/10/23 3:00,6963.63,22.21,TRADE
NSW1,2008/10/23 3:30,6915.18,22,TRADE
NSW1,2008/10/23 4:00,6932.18,22.46,TRADE
NSW1,2008/10/23 4:30,7164.18,27.65,TRADE
NSW1,2008/10/23 5:00,7554.31,33.98,TRADE
NSW1,2008/10/23 5:30,8317.71,44.15,TRADE
NSW1,2008/10/23 6:00,9111.96,56.75,TRADE
NSW1,2008/10/23 6:30,9634.84,64.64,TRADE
NSW1,2008/10/23 7:00,10058.7,71.47,TRADE
NSW1,2008/10/23 7:30,10043.42,49.69,TRADE
NSW1,2008/10/23 8:00,9979.43,55.94,TRADE
NSW1,2008/10/23 8:30,10040.52,55.1,TRADE
NSW1,2008/10/23 9:00,10062.33,55.36,TRADE
NSW1,2008/10/23 9:30,10057.85,56.37,TRADE
NSW1,2008/10/23 10:00,9981.56,53.05,TRADE
NSW1,2008/10/23 10:30,9909.91,49.58,TRADE
NSW1,2008/10/23 11:00,9805.4,48.06,TRADE
NSW1,2008/10/23 11:30,9742.82,47.43,TRADE
NSW1,2008/10/23 12:00,9703.78,47.33,TRADE
NSW1,2008/10/23 12:30,9683.32,47.6,TRADE
NSW1,2008/10/23 13:00,9668.34,47.01,TRADE
NSW1,2008/10/23 13:30,9637.02,47.32,TRADE
NSW1,2008/10/23 14:00,9608.13,47.53,TRADE
NSW1,2008/10/23 14:30,9515.51,43.74,TRADE
NSW1,2008/10/23 15:00,9594.85,44.99,TRADE
NSW1,2008/10/23 15:30,9650.31,45.32,TRADE
NSW1,2008/10/23 16:00,9721.86,46.58,TRADE
NSW1,2008/10/23 16:30,9823.69,46.7,TRADE
NSW1,2008/10/23 17:00,10038.38,51.03,TRADE
NSW1,2008/10/23 17:30,10084.34,50.6,TRADE
NSW1,2008/10/23 18:00,10174.21,51.59,TRADE
NSW1,2008/10/23 18:30,10213.9,51.03,TRADE
NSW1,2008/10/23 19:00,10332.32,57.84,TRADE
NSW1,2008/10/23 19:30,10287.8,58.07,TRADE
NSW1,2008/10/23 20:00,10128.52,53.69,TRADE
NSW1,2008/10/23 20:30,9750.42,47.23,TRADE
NSW1,2008/10/23 21:00,9379.19,39.3,TRADE
NSW1,2008/10/23 21:30,9234.04,40.96,TRADE
NSW1,2008/10/23 22:00,8937.19,31.74,TRADE
NSW1,2008/10/23 22:30,8898.06,33.34,TRADE
NSW1,2008/10/23 23:00,8779.4,32.8,TRADE
NSW1,2008/10/23 23:30,8630.57,35.73,TRADE
NSW1,2008/10/24 0:00,8527.24,33,TRADE
NSW1,2008/10/24 0:30,8378.53,32.47,TRADE
NSW1,2008/10/24 1:00,8118.62,29.84,TRADE
NSW1,2008/10/24 1:30,7824.39,31.94,TRADE
NSW1,2008/10/24 2:00,7441.19,23.64,TRADE
NSW1,2008/10/24 2:30,7145.81,21.57,TRADE
NSW1,2008/10/24 3:00,7006.61,21.82,TRADE
NSW1,2008/10/24 3:30,6929.68,22,TRADE
NSW1,2008/10/24 4:00,6979.07,21.43,TRADE
NSW1,2008/10/24 4:30,7238.69,23.94,TRADE
NSW1,2008/10/24 5:00,7594.51,24.57,TRADE
NSW1,2008/10/24 5:30,8274.96,35.58,TRADE
NSW1,2008/10/24 6:00,8954.66,58.37,TRADE
NSW1,2008/10/24 6:30,9416.16,47.69,TRADE
NSW1,2008/10/24 7:00,9717.19,58.14,TRADE
NSW1,2008/10/24 7:30,9707.48,57.74,TRADE
NSW1,2008/10/24 8:00,9600.22,44.29,TRADE
NSW1,2008/10/24 8:30,9624.93,53.25,TRADE
NSW1,2008/10/24 9:00,9624.57,53.38,TRADE
NSW1,2008/10/24 9:30,9645.89,53.73,TRADE
NSW1,2008/10/24 10:00,9625.22,49.43,TRADE
NSW1,2008/10/24 10:30,9516.12,37.46,TRADE
NSW1,2008/10/24 11:00,9436.43,40.82,TRADE
NSW1,2008/10/24 11:30,9341.84,36.15,TRADE
NSW1,2008/10/24 12:00,9250.6,39.44,TRADE
NSW1,2008/10/24 12:30,9121.45,34.43,TRADE
NSW1,2008/10/24 13:00,9054.66,34.78,TRADE
NSW1,2008/10/24 13:30,9078.87,37.5,TRADE
NSW1,2008/10/24 14:00,9050.12,44.43,TRADE
NSW1,2008/10/24 14:30,9000.08,39.26,TRADE
NSW1,2008/10/24 15:00,9019.29,35.55,TRADE
NSW1,2008/10/24 15:30,8951.86,37.55,TRADE
NSW1,2008/10/24 16:00,8979.27,36.16,TRADE
NSW1,2008/10/24 16:30,8950.47,39.62,TRADE
NSW1,2008/10/24 17:00,8948,38.32,TRADE
NSW1,2008/10/24 17:30,8878.38,33.25,TRADE
NSW1,2008/10/24 18:00,8868.71,32.66,TRADE
NSW1,2008/10/24 18:30,8938.4,32.93,TRADE
NSW1,2008/10/24 19:00,9021.13,32.99,TRADE
NSW1,2008/10/24 19:30,9068.78,36.19,TRADE
NSW1,2008/10/24 20:00,8887,33.64,TRADE
NSW1,2008/10/24 20:30,8730.5,32.97,TRADE
NSW1,2008/10/24 21:00,8473.05,25.58,TRADE
NSW1,2008/10/24 21:30,8526.97,30.93,TRADE
NSW1,2008/10/24 22:00,8392.8,26.87,TRADE
NSW1,2008/10/24 22:30,8517.14,33.6,TRADE
NSW1,2008/10/24 23:00,8462.55,33.79,TRADE
NSW1,2008/10/24 23:30,8336.55,33.2,TRADE
NSW1,2008/10/25 0:00,8211.26,31.26,TRADE
NSW1,2008/10/25 0:30,8011.17,27.43,TRADE
NSW1,2008/10/25 1:00,7726.24,21.83,TRADE
NSW1,2008/10/25 1:30,7415.72,21.81,TRADE
NSW1,2008/10/25 2:00,7020.86,20.17,TRADE
NSW1,2008/10/25 2:30,6731.6,20.32,TRADE
NSW1,2008/10/25 3:00,6538.11,18.05,TRADE
NSW1,2008/10/25 3:30,6427.9,18.51,TRADE
NSW1,2008/10/25 4:00,6402.83,16.74,TRADE
NSW1,2008/10/25 4:30,6470.04,16.41,TRADE
NSW1,2008/10/25 5:00,6578.68,17.54,TRADE
NSW1,2008/10/25 5:30,6755.2,19.5,TRADE
NSW1,2008/10/25 6:00,7026.84,19.97,TRADE
NSW1,2008/10/25 6:30,7438.13,23.1,TRADE
NSW1,2008/10/25 7:00,7822.54,24.8,TRADE
NSW1,2008/10/25 7:30,8225.65,26.1,TRADE
NSW1,2008/10/25 8:00,8467.08,27.89,TRADE
NSW1,2008/10/25 8:30,8762.19,34.19,TRADE
NSW1,2008/10/25 9:00,8750.31,35.92,TRADE
NSW1,2008/10/25 9:30,8827.89,40.06,TRADE
NSW1,2008/10/25 10:00,8691.12,40.13,TRADE
NSW1,2008/10/25 10:30,8638.15,39.29,TRADE
NSW1,2008/10/25 11:00,8603.02,38.74,TRADE
NSW1,2008/10/25 11:30,8543.7,36.38,TRADE
NSW1,2008/10/25 12:00,8488.86,34.14,TRADE
NSW1,2008/10/25 12:30,8408.16,32.81,TRADE
NSW1,2008/10/25 13:00,8348.31,32.71,TRADE
NSW1,2008/10/25 13:30,8311.79,32.51,TRADE
NSW1,2008/10/25 14:00,8312.32,31.42,TRADE
NSW1,2008/10/25 14:30,8255.43,30.16,TRADE
NSW1,2008/10/25 15:00,8321.41,32.15,TRADE
NSW1,2008/10/25 15:30,8252.94,30.47,TRADE
NSW1,2008/10/25 16:00,8289.29,32.22,TRADE
NSW1,2008/10/25 16:30,8212.79,30.47,TRADE
NSW1,2008/10/25 17:00,8233.78,30,TRADE
NSW1,2008/10/25 17:30,8249.66,31.07,TRADE
NSW1,2008/10/25 18:00,8216.15,27.76,TRADE
NSW1,2008/10/25 18:30,8230,31.16,TRADE
NSW1,2008/10/25 19:00,8482.84,33,TRADE
NSW1,2008/10/25 19:30,8424.21,33.64,TRADE
NSW1,2008/10/25 20:00,8300.08,33,TRADE
NSW1,2008/10/25 20:30,8152.8,32.16,TRADE
NSW1,2008/10/25 21:00,7975.93,29.64,TRADE
NSW1,2008/10/25 21:30,7992.48,31.5,TRADE
NSW1,2008/10/25 22:00,7860.02,29.33,TRADE
NSW1,2008/10/25 22:30,7892.41,30.93,TRADE
NSW1,2008/10/25 23:00,7735.81,29.33,TRADE
NSW1,2008/10/25 23:30,7598.9,30.69,TRADE
NSW1,2008/10/26 0:00,7495.91,28.92,TRADE
NSW1,2008/10/26 0:30,7335.39,22.87,TRADE
NSW1,2008/10/26 1:00,7157.77,20.61,TRADE
NSW1,2008/10/26 1:30,6873.48,22.6,TRADE
NSW1,2008/10/26 2:00,6589.8,20.35,TRADE
NSW1,2008/10/26 2:30,6389.18,19.49,TRADE
NSW1,2008/10/26 3:00,6249.7,18,TRADE
NSW1,2008/10/26 3:30,6162.31,18.07,TRADE
NSW1,2008/10/26 4:00,6167.56,16.08,TRADE
NSW1,2008/10/26 4:30,6203,16.94,TRADE
NSW1,2008/10/26 5:00,6194.03,17.11,TRADE
NSW1,2008/10/26 5:30,6319.3,18.07,TRADE
NSW1,2008/10/26 6:00,6514.18,17.42,TRADE
NSW1,2008/10/26 6:30,6747.21,19.84,TRADE
NSW1,2008/10/26 7:00,7095.7,20.88,TRADE
NSW1,2008/10/26 7:30,7518.03,23.62,TRADE
NSW1,2008/10/26 8:00,7824.33,24.05,TRADE
NSW1,2008/10/26 8:30,8120.12,30.14,TRADE
NSW1,2008/10/26 9:00,8271.61,32.87,TRADE
NSW1,2008/10/26 9:30,8352.28,33.51,TRADE
NSW1,2008/10/26 10:00,8379.65,33.11,TRADE
NSW1,2008/10/26 10:30,8385.75,34.81,TRADE
NSW1,2008/10/26 11:00,8373.49,34.28,TRADE
NSW1,2008/10/26 11:30,8426.77,36.25,TRADE
NSW1,2008/10/26 12:00,8379.97,33.58,TRADE
NSW1,2008/10/26 12:30,8389.32,33.11,TRADE
NSW1,2008/10/26 13:00,8333.26,33,TRADE
NSW1,2008/10/26 13:30,8311.58,32.97,TRADE
NSW1,2008/10/26 14:00,8317.49,32.86,TRADE
NSW1,2008/10/26 14:30,8315.75,32.99,TRADE
NSW1,2008/10/26 15:00,8351.22,33.02,TRADE
NSW1,2008/10/26 15:30,8374.45,32.97,TRADE
NSW1,2008/10/26 16:00,8387.93,30.54,TRADE
NSW1,2008/10/26 16:30,8277.76,27.32,TRADE
NSW1,2008/10/26 17:00,8376.69,30,TRADE
NSW1,2008/10/26 17:30,8426.56,27.74,TRADE
NSW1,2008/10/26 18:00,8499.22,32,TRADE
NSW1,2008/10/26 18:30,8605.53,34.57,TRADE
NSW1,2008/10/26 19:00,8751.76,38.36,TRADE
NSW1,2008/10/26 19:30,8716.5,39.57,TRADE
NSW1,2008/10/26 20:00,8586.39,37.28,TRADE
NSW1,2008/10/26 20:30,8367.14,32.03,TRADE
NSW1,2008/10/26 21:00,8152.99,29.7,TRADE
NSW1,2008/10/26 21:30,8027.69,27.16,TRADE
NSW1,2008/10/26 22:00,7832.91,26,TRADE
NSW1,2008/10/26 22:30,7834.39,24.86,TRADE
NSW1,2008/10/26 23:00,7647.64,23.79,TRADE
NSW1,2008/10/26 23:30,7510.06,25.34,TRADE
NSW1,2008/10/27 0:00,7348.57,22.38,TRADE
NSW1,2008/10/27 0:30,7180.31,19.22,TRADE
NSW1,2008/10/27 1:00,7083.58,20.2,TRADE
NSW1,2008/10/27 1:30,6818.19,20.7,TRADE
NSW1,2008/10/27 2:00,6588.02,17.64,TRADE
NSW1,2008/10/27 2:30,6449.63,17.16,TRADE
NSW1,2008/10/27 3:00,6370.34,17.04,TRADE
NSW1,2008/10/27 3:30,6207.47,14.54,TRADE
NSW1,2008/10/27 4:00,6402.77,15.94,TRADE
NSW1,2008/10/27 4:30,6691.9,18.21,TRADE
NSW1,2008/10/27 5:00,7036.12,22.1,TRADE
NSW1,2008/10/27 5:30,7587.53,29.25,TRADE
NSW1,2008/10/27 6:00,8282.68,27.88,TRADE
NSW1,2008/10/27 6:30,8668.38,30.2,TRADE
NSW1,2008/10/27 7:00,9120.11,35.7,TRADE
NSW1,2008/10/27 7:30,9327.18,32.99,TRADE
NSW1,2008/10/27 8:00,9456.9,40.05,TRADE
NSW1,2008/10/27 8:30,9731.99,54.23,TRADE
NSW1,2008/10/27 9:00,9955.34,61.23,TRADE
NSW1,2008/10/27 9:30,10111.65,63.53,TRADE
NSW1,2008/10/27 10:00,10194.33,64.15,TRADE
NSW1,2008/10/27 10:30,10227.16,64.7,TRADE
NSW1,2008/10/27 11:00,10283.71,65.55,TRADE
NSW1,2008/10/27 11:30,10291.77,71.88,TRADE
NSW1,2008/10/27 12:00,10360.21,70.83,TRADE
NSW1,2008/10/27 12:30,10449.69,66.12,TRADE
NSW1,2008/10/27 13:00,10609,75.26,TRADE
NSW1,2008/10/27 13:30,10718.14,71.47,TRADE
NSW1,2008/10/27 14:00,10806.99,70.73,TRADE
NSW1,2008/10/27 14:30,10822.9,76.57,TRADE
NSW1,2008/10/27 15:00,10929.84,79.88,TRADE
NSW1,2008/10/27 15:30,11048.28,85.18,TRADE
NSW1,2008/10/27 16:00,11089.59,90.55,TRADE
NSW1,2008/10/27 16:30,10996.1,82.62,TRADE
NSW1,2008/10/27 17:00,10884.99,72.87,TRADE
NSW1,2008/10/27 17:30,10687.41,53.63,TRADE
NSW1,2008/10/27 18:00,10480.65,44.44,TRADE
NSW1,2008/10/27 18:30,10230.67,38.62,TRADE
NSW1,2008/10/27 19:00,10254.9,50.74,TRADE
NSW1,2008/10/27 19:30,10230.75,58.48,TRADE
NSW1,2008/10/27 20:00,9946.62,47.39,TRADE
NSW1,2008/10/27 20:30,9599.28,42.27,TRADE
NSW1,2008/10/27 21:00,9196.05,34,TRADE
NSW1,2008/10/27 21:30,9064.18,36.73,TRADE
NSW1,2008/10/27 22:00,8805.15,28.92,TRADE
NSW1,2008/10/27 22:30,8689.52,27.56,TRADE
NSW1,2008/10/27 23:00,8540.61,27.36,TRADE
NSW1,2008/10/27 23:30,8344.68,32.35,TRADE
NSW1,2008/10/28 0:00,8168.76,32.66,TRADE
NSW1,2008/10/28 0:30,8010.17,32.9,TRADE
NSW1,2008/10/28 1:00,7771.8,29.02,TRADE
NSW1,2008/10/28 1:30,7415.64,26.12,TRADE
NSW1,2008/10/28 2:00,7073.95,21.46,TRADE
NSW1,2008/10/28 2:30,6873.97,21.78,TRADE
NSW1,2008/10/28 3:00,6665.49,21.4,TRADE
NSW1,2008/10/28 3:30,6577.21,21.83,TRADE
NSW1,2008/10/28 4:00,6647.68,22.07,TRADE
NSW1,2008/10/28 4:30,6889.04,22.81,TRADE
NSW1,2008/10/28 5:00,7223.82,25.23,TRADE
NSW1,2008/10/28 5:30,7777.13,35.3,TRADE
NSW1,2008/10/28 6:00,8426.85,39.77,TRADE
NSW1,2008/10/28 6:30,8781.85,41.11,TRADE
NSW1,2008/10/28 7:00,9151.46,56.49,TRADE
NSW1,2008/10/28 7:30,9262.45,51.58,TRADE
NSW1,2008/10/28 8:00,9400.25,55.13,TRADE
NSW1,2008/10/28 8:30,9629.99,60.96,TRADE
NSW1,2008/10/28 9:00,9773.31,62.95,TRADE
NSW1,2008/10/28 9:30,9869,65.42,TRADE
NSW1,2008/10/28 10:00,9907.59,71.99,TRADE
NSW1,2008/10/28 10:30,9924.88,78.68,TRADE
NSW1,2008/10/28 11:00,9980.04,83.44,TRADE
NSW1,2008/10/28 11:30,9958.07,78.31,TRADE
NSW1,2008/10/28 12:00,9954.79,81.79,TRADE
NSW1,2008/10/28 12:30,9914.82,71.57,TRADE
NSW1,2008/10/28 13:00,9917.81,70.44,TRADE
NSW1,2008/10/28 13:30,9963.47,73.88,TRADE
NSW1,2008/10/28 14:00,9948.14,69.31,TRADE
NSW1,2008/10/28 14:30,9834.43,65.19,TRADE
NSW1,2008/10/28 15:00,9851.03,65.81,TRADE
NSW1,2008/10/28 15:30,9831.15,66.15,TRADE
NSW1,2008/10/28 16:00,9842.49,61.51,TRADE
NSW1,2008/10/28 16:30,9730.55,58.14,TRADE
NSW1,2008/10/28 17:00,9753.19,55.99,TRADE
NSW1,2008/10/28 17:30,9544.57,42.67,TRADE
NSW1,2008/10/28 18:00,9568.82,60.73,TRADE
NSW1,2008/10/28 18:30,9425.44,59.86,TRADE
NSW1,2008/10/28 19:00,9454.27,69.28,TRADE
NSW1,2008/10/28 19:30,9356.2,65.87,TRADE
NSW1,2008/10/28 20:00,9166.57,51.31,TRADE
NSW1,2008/10/28 20:30,8881.21,38.2,TRADE
NSW1,2008/10/28 21:00,8582.27,32.62,TRADE
NSW1,2008/10/28 21:30,8639.1,34.83,TRADE
NSW1,2008/10/28 22:00,8413.36,30.58,TRADE
NSW1,2008/10/28 22:30,8383.08,32.44,TRADE
NSW1,2008/10/28 23:00,8293.71,30.68,TRADE
NSW1,2008/10/28 23:30,8106.89,34.06,TRADE
NSW1,2008/10/29 0:00,8029.48,34.66,TRADE
NSW1,2008/10/29 0:30,7873.5,28.32,TRADE
NSW1,2008/10/29 1:00,7662.14,27.14,TRADE
NSW1,2008/10/29 1:30,7350.99,25.13,TRADE
NSW1,2008/10/29 2:00,7018.86,18.67,TRADE
NSW1,2008/10/29 2:30,6712.32,17.95,TRADE
NSW1,2008/10/29 3:00,6604.78,18.86,TRADE
NSW1,2008/10/29 3:30,6545.06,17.89,TRADE
NSW1,2008/10/29 4:00,6621.26,18,TRADE
NSW1,2008/10/29 4:30,6900.27,23.16,TRADE
NSW1,2008/10/29 5:00,7210.21,32.33,TRADE
NSW1,2008/10/29 5:30,7833.87,36.33,TRADE
NSW1,2008/10/29 6:00,8419.33,37.4,TRADE
NSW1,2008/10/29 6:30,8860.8,49.23,TRADE
NSW1,2008/10/29 7:00,9254.33,57.78,TRADE
NSW1,2008/10/29 7:30,9379.72,36.08,TRADE
NSW1,2008/10/29 8:00,9496.23,35.31,TRADE
NSW1,2008/10/29 8:30,9645.66,43.95,TRADE
NSW1,2008/10/29 9:00,9769.18,55.17,TRADE
NSW1,2008/10/29 9:30,9744.8,52.32,TRADE
NSW1,2008/10/29 10:00,9698.99,48.89,TRADE
NSW1,2008/10/29 10:30,9688.15,48.63,TRADE
NSW1,2008/10/29 11:00,9720.08,49.05,TRADE
NSW1,2008/10/29 11:30,9686.08,47.74,TRADE
NSW1,2008/10/29 12:00,9635.38,50.69,TRADE
NSW1,2008/10/29 12:30,9652.9,51.75,TRADE
NSW1,2008/10/29 13:00,9713.3,57.53,TRADE
NSW1,2008/10/29 13:30,9699.97,63.1,TRADE
NSW1,2008/10/29 14:00,9649.5,63.71,TRADE
NSW1,2008/10/29 14:30,9622.53,63.53,TRADE
NSW1,2008/10/29 15:00,9670.12,60.66,TRADE
NSW1,2008/10/29 15:30,9576.56,50.91,TRADE
NSW1,2008/10/29 16:00,9638.25,58.77,TRADE
NSW1,2008/10/29 16:30,9630.92,53.1,TRADE
NSW1,2008/10/29 17:00,9691.37,46.56,TRADE
NSW1,2008/10/29 17:30,9533.77,40.84,TRADE
NSW1,2008/10/29 18:00,9408.97,43.78,TRADE
NSW1,2008/10/29 18:30,9300.77,35.55,TRADE
NSW1,2008/10/29 19:00,9388.8,45.47,TRADE
NSW1,2008/10/29 19:30,9321.07,44.1,TRADE
NSW1,2008/10/29 20:00,9163.42,42.73,TRADE
NSW1,2008/10/29 20:30,8913.78,42.12,TRADE
NSW1,2008/10/29 21:00,8573.73,42.36,TRADE
NSW1,2008/10/29 21:30,8563.84,39.51,TRADE
NSW1,2008/10/29 22:00,8322.16,26.4,TRADE
NSW1,2008/10/29 22:30,8355.33,27.92,TRADE
NSW1,2008/10/29 23:00,8268.07,34.01,TRADE
NSW1,2008/10/29 23:30,8174.1,35.53,TRADE
NSW1,2008/10/30 0:00,8042.32,34.17,TRADE
NSW1,2008/10/30 0:30,7922.78,32.5,TRADE
NSW1,2008/10/30 1:00,7684.69,25.23,TRADE
NSW1,2008/10/30 1:30,7384.18,27.41,TRADE
NSW1,2008/10/30 2:00,7054.08,21.99,TRADE
NSW1,2008/10/30 2:30,6733.15,21.94,TRADE
NSW1,2008/10/30 3:00,6612.27,20.25,TRADE
NSW1,2008/10/30 3:30,6592.79,20.69,TRADE
NSW1,2008/10/30 4:00,6622.79,21.81,TRADE
NSW1,2008/10/30 4:30,6901.52,22.31,TRADE
NSW1,2008/10/30 5:00,7211.04,24.77,TRADE
NSW1,2008/10/30 5:30,7840.57,29.66,TRADE
NSW1,2008/10/30 6:00,8487.2,36.08,TRADE
NSW1,2008/10/30 6:30,8817.77,40.99,TRADE
NSW1,2008/10/30 7:00,9234.48,52.23,TRADE
NSW1,2008/10/30 7:30,9346.65,44.41,TRADE
NSW1,2008/10/30 8:00,9421.6,43.62,TRADE
NSW1,2008/10/30 8:30,9566.3,54.94,TRADE
NSW1,2008/10/30 9:00,9680.75,61.79,TRADE
NSW1,2008/10/30 9:30,9764.28,65.39,TRADE
NSW1,2008/10/30 10:00,9771.37,68.97,TRADE
NSW1,2008/10/30 10:30,9819.07,74.91,TRADE
NSW1,2008/10/30 11:00,9795.97,66.61,TRADE
NSW1,2008/10/30 11:30,9825.15,63.24,TRADE
NSW1,2008/10/30 12:00,9835.96,66.89,TRADE
NSW1,2008/10/30 12:30,9847.23,65.97,TRADE
NSW1,2008/10/30 13:00,9920.39,75.88,TRADE
NSW1,2008/10/30 13:30,10015.21,83.64,TRADE
NSW1,2008/10/30 14:00,9951.25,85.88,TRADE
NSW1,2008/10/30 14:30,9942.97,86.27,TRADE
NSW1,2008/10/30 15:00,10025.23,87.63,TRADE
NSW1,2008/10/30 15:30,10100.48,86.79,TRADE
NSW1,2008/10/30 16:00,10062.91,89.72,TRADE
NSW1,2008/10/30 16:30,10021.59,89.99,TRADE
NSW1,2008/10/30 17:00,10025.09,86.96,TRADE
NSW1,2008/10/30 17:30,9939.25,81.89,TRADE
NSW1,2008/10/30 18:00,9932.19,76.58,TRADE
NSW1,2008/10/30 18:30,9850.23,85.68,TRADE
NSW1,2008/10/30 19:00,9831.17,92.49,TRADE
NSW1,2008/10/30 19:30,9802.1,93.1,TRADE
NSW1,2008/10/30 20:00,9583.53,88.8,TRADE
NSW1,2008/10/30 20:30,9269.49,64.29,TRADE
NSW1,2008/10/30 21:00,8847.91,48.9,TRADE
NSW1,2008/10/30 21:30,8849.62,61.85,TRADE
NSW1,2008/10/30 22:00,8619.67,47.41,TRADE
NSW1,2008/10/30 22:30,8582.39,48.37,TRADE
NSW1,2008/10/30 23:00,8436.37,39.05,TRADE
NSW1,2008/10/30 23:30,8286.45,42.73,TRADE
NSW1,2008/10/31 0:00,8115.04,44.93,TRADE
NSW1,2008/10/31 0:30,7984.7,39.96,TRADE
NSW1,2008/10/31 1:00,7722.53,31.59,TRADE
NSW1,2008/10/31 1:30,7454.53,37.17,TRADE
NSW1,2008/10/31 2:00,7135.77,26.21,TRADE
NSW1,2008/10/31 2:30,6898.17,24.28,TRADE
NSW1,2008/10/31 3:00,6833.39,22.61,TRADE
NSW1,2008/10/31 3:30,6694.51,22.57,TRADE
NSW1,2008/10/31 4:00,6805.32,25.39,TRADE
NSW1,2008/10/31 4:30,7055.56,27.87,TRADE
NSW1,2008/10/31 5:00,7391.25,31.25,TRADE
NSW1,2008/10/31 5:30,7964.12,41.78,TRADE
NSW1,2008/10/31 6:00,8589.59,45.8,TRADE
NSW1,2008/10/31 6:30,8965.88,55.87,TRADE
NSW1,2008/10/31 7:00,9381.67,60.37,TRADE
NSW1,2008/10/31 7:30,9638.74,70.1,TRADE
NSW1,2008/10/31 8:00,9816.78,73.63,TRADE
NSW1,2008/10/31 8:30,10068.8,97.72,TRADE
NSW1,2008/10/31 9:00,10316.44,102.81,TRADE
NSW1,2008/10/31 9:30,10501.46,97.52,TRADE
NSW1,2008/10/31 10:00,10589.62,1777.7,TRADE
NSW1,2008/10/31 10:30,10619.37,1630.98,TRADE
NSW1,2008/10/31 11:00,10686.36,246.65,TRADE
NSW1,2008/10/31 11:30,10784.25,1928.43,TRADE
NSW1,2008/10/31 12:00,10871.28,6794.8,TRADE
NSW1,2008/10/31 12:30,10967.67,6861.91,TRADE
NSW1,2008/10/31 13:00,11055.92,10000,TRADE
NSW1,2008/10/31 13:30,11120.09,10000,TRADE
NSW1,2008/10/31 14:00,10992.47,2177.46,TRADE
NSW1,2008/10/31 14:30,10967.09,6787.37,TRADE
NSW1,2008/10/31 15:00,11124.6,10000,TRADE
NSW1,2008/10/31 15:30,11196.59,5408.77,TRADE
NSW1,2008/10/31 16:00,11151.73,623.53,TRADE
NSW1,2008/10/31 16:30,10952.7,568.89,TRADE
NSW1,2008/10/31 17:00,10910.78,395.79,TRADE
NSW1,2008/10/31 17:30,10488.58,39.17,TRADE
NSW1,2008/10/31 18:00,10172.9,74.93,TRADE
NSW1,2008/10/31 18:30,9911.37,60.35,TRADE
NSW1,2008/10/31 19:00,9718.61,61.91,TRADE
NSW1,2008/10/31 19:30,9579.37,60.42,TRADE
NSW1,2008/10/31 20:00,9281.9,59.99,TRADE
NSW1,2008/10/31 20:30,9019.9,57.16,TRADE
NSW1,2008/10/31 21:00,8670.26,45.73,TRADE
NSW1,2008/10/31 21:30,8740.81,59.99,TRADE
NSW1,2008/10/31 22:00,8560.99,49.71,TRADE
NSW1,2008/10/31 22:30,8663.32,58.83,TRADE
NSW1,2008/10/31 23:00,8476.58,55.1,TRADE
NSW1,2008/10/31 23:30,8325.89,56.5,TRADE
NSW1,2008/11/1 0:00,8115.71,44.08,TRADE
?NSW1,2008/11/1 0:30,7990.21,43.64,TRADE
NSW1,2008/11/1 1:00,7714.97,39.36,TRADE
NSW1,2008/11/1 1:30,7384.09,31.47,TRADE
NSW1,2008/11/1 2:00,7000.16,27.46,TRADE
NSW1,2008/11/1 2:30,6812.83,27.86,TRADE
NSW1,2008/11/1 3:00,6679.35,24.81,TRADE
NSW1,2008/11/1 3:30,6584.55,23.17,TRADE
NSW1,2008/11/1 4:00,6599.6,22.91,TRADE
NSW1,2008/11/1 4:30,6661.13,22.27,TRADE
NSW1,2008/11/1 5:00,6788.23,24.22,TRADE
NSW1,2008/11/1 5:30,6984.17,28.98,TRADE
NSW1,2008/11/1 6:00,7170.09,31.87,TRADE
NSW1,2008/11/1 6:30,7484.17,36.26,TRADE
NSW1,2008/11/1 7:00,7863.22,39.48,TRADE
NSW1,2008/11/1 7:30,8234.39,45.05,TRADE
NSW1,2008/11/1 8:00,8570.19,66.58,TRADE
NSW1,2008/11/1 8:30,8802.08,88.24,TRADE
NSW1,2008/11/1 9:00,8896.06,88.73,TRADE
NSW1,2008/11/1 9:30,9032.93,93.39,TRADE
NSW1,2008/11/1 10:00,8944.37,88.72,TRADE
NSW1,2008/11/1 10:30,8932.61,90.29,TRADE
NSW1,2008/11/1 11:00,8883.9,91.55,TRADE
NSW1,2008/11/1 11:30,8874.57,75.38,TRADE
NSW1,2008/11/1 12:00,8705.48,61.99,TRADE
NSW1,2008/11/1 12:30,8643.15,64.87,TRADE
NSW1,2008/11/1 13:00,8555.64,47.37,TRADE
NSW1,2008/11/1 13:30,8470.78,37.84,TRADE
NSW1,2008/11/1 14:00,8442.68,39.22,TRADE
NSW1,2008/11/1 14:30,8376.9,36.54,TRADE
NSW1,2008/11/1 15:00,8408.1,38.6,TRADE
NSW1,2008/11/1 15:30,8383.1,37.57,TRADE
NSW1,2008/11/1 16:00,8396.6,39.56,TRADE
NSW1,2008/11/1 16:30,8265.97,37.42,TRADE
NSW1,2008/11/1 17:00,8334,41.79,TRADE
NSW1,2008/11/1 17:30,8337.55,41.21,TRADE
NSW1,2008/11/1 18:00,8357.73,39.1,TRADE
NSW1,2008/11/1 18:30,8382.65,38.83,TRADE
NSW1,2008/11/1 19:00,8512.34,43.07,TRADE
NSW1,2008/11/1 19:30,8438.75,44.3,TRADE
NSW1,2008/11/1 20:00,8380.08,43.62,TRADE
NSW1,2008/11/1 20:30,8171.35,39.02,TRADE
NSW1,2008/11/1 21:00,7974.31,34.37,TRADE
NSW1,2008/11/1 21:30,8011.25,36.39,TRADE
NSW1,2008/11/1 22:00,7964.2,35.28,TRADE
NSW1,2008/11/1 22:30,7981.63,38.24,TRADE
NSW1,2008/11/1 23:00,7817.77,34.7,TRADE
NSW1,2008/11/1 23:30,7666.48,37.66,TRADE
NSW1,2008/11/2 0:00,7494.52,34.53,TRADE
NSW1,2008/11/2 0:30,7348.15,31.72,TRADE
NSW1,2008/11/2 1:00,7132.13,32.85,TRADE
NSW1,2008/11/2 1:30,6871.6,28.92,TRADE
NSW1,2008/11/2 2:00,6597.49,25.59,TRADE
NSW1,2008/11/2 2:30,6409.87,23.8,TRADE
NSW1,2008/11/2 3:00,6348.09,22,TRADE
NSW1,2008/11/2 3:30,6272.07,22,TRADE
NSW1,2008/11/2 4:00,6290.43,21.83,TRADE
NSW1,2008/11/2 4:30,6295.96,22.29,TRADE
NSW1,2008/11/2 5:00,6367.8,22,TRADE
NSW1,2008/11/2 5:30,6429.36,22.25,TRADE
NSW1,2008/11/2 6:00,6602.87,23.33,TRADE
NSW1,2008/11/2 6:30,6874.59,27.42,TRADE
NSW1,2008/11/2 7:00,7297.71,30.87,TRADE
NSW1,2008/11/2 7:30,7645.7,32.96,TRADE
NSW1,2008/11/2 8:00,7883.77,34.75,TRADE
NSW1,2008/11/2 8:30,8276.32,49.1,TRADE
NSW1,2008/11/2 9:00,8419.33,65.66,TRADE
NSW1,2008/11/2 9:30,8570.49,72.68,TRADE
NSW1,2008/11/2 10:00,8540.48,58.31,TRADE
NSW1,2008/11/2 10:30,8537.95,53.5,TRADE
NSW1,2008/11/2 11:00,8538.94,53.23,TRADE
NSW1,2008/11/2 11:30,8499.42,54.85,TRADE
NSW1,2008/11/2 12:00,8439.74,63.13,TRADE
NSW1,2008/11/2 12:30,8381.33,61.68,TRADE
NSW1,2008/11/2 13:00,8293.11,50.45,TRADE
NSW1,2008/11/2 13:30,8258.92,48.61,TRADE
NSW1,2008/11/2 14:00,8203.3,47.66,TRADE
NSW1,2008/11/2 14:30,8186.81,46.41,TRADE
NSW1,2008/11/2 15:00,8244.05,50.17,TRADE
NSW1,2008/11/2 15:30,8229.91,49.09,TRADE
NSW1,2008/11/2 16:00,8287.29,55.81,TRADE
NSW1,2008/11/2 16:30,8204.46,56.99,TRADE
NSW1,2008/11/2 17:00,8373.25,72.78,TRADE
NSW1,2008/11/2 17:30,8477.87,65.72,TRADE
NSW1,2008/11/2 18:00,8577.33,68.33,TRADE
NSW1,2008/11/2 18:30,8664.55,68.46,TRADE
NSW1,2008/11/2 19:00,8758.19,85.25,TRADE
NSW1,2008/11/2 19:30,8701.41,66.83,TRADE
NSW1,2008/11/2 20:00,8558.86,60.66,TRADE
NSW1,2008/11/2 20:30,8408.99,49.28,TRADE
NSW1,2008/11/2 21:00,8138.17,42.61,TRADE
NSW1,2008/11/2 21:30,8052.87,38.77,TRADE
NSW1,2008/11/2 22:00,7896.74,33.77,TRADE
NSW1,2008/11/2 22:30,7863.24,36.15,TRADE
NSW1,2008/11/2 23:00,7719.96,37.44,TRADE
NSW1,2008/11/2 23:30,7528.46,36.79,TRADE
NSW1,2008/11/3 0:00,7441.16,33.76,TRADE
NSW1,2008/11/3 0:30,7329.36,33.44,TRADE
NSW1,2008/11/3 1:00,7211.82,29.3,TRADE
NSW1,2008/11/3 1:30,6914.51,23.51,TRADE
NSW1,2008/11/3 2:00,6744.54,21.99,TRADE
NSW1,2008/11/3 2:30,6570.9,21.4,TRADE
NSW1,2008/11/3 3:00,6460.63,21.06,TRADE
NSW1,2008/11/3 3:30,6417.2,21.73,TRADE
NSW1,2008/11/3 4:00,6540.82,22,TRADE
NSW1,2008/11/3 4:30,6768.17,22,TRADE
NSW1,2008/11/3 5:00,7113.14,20.03,TRADE
NSW1,2008/11/3 5:30,7641.83,35.46,TRADE
NSW1,2008/11/3 6:00,8266.06,39.59,TRADE
NSW1,2008/11/3 6:30,8659.89,47.95,TRADE
NSW1,2008/11/3 7:00,9107.2,65.42,TRADE
NSW1,2008/11/3 7:30,9330.9,65.59,TRADE
NSW1,2008/11/3 8:00,9500.51,60.63,TRADE
NSW1,2008/11/3 8:30,9743.26,71.38,TRADE
NSW1,2008/11/3 9:00,9873.05,58.29,TRADE
NSW1,2008/11/3 9:30,9998.13,59.12,TRADE
NSW1,2008/11/3 10:00,10069.77,59.24,TRADE
NSW1,2008/11/3 10:30,10079.78,66.41,TRADE
NSW1,2008/11/3 11:00,10147.12,70.65,TRADE
NSW1,2008/11/3 11:30,10120.87,76.02,TRADE
NSW1,2008/11/3 12:00,10150.44,69.85,TRADE
NSW1,2008/11/3 12:30,10176.19,62.38,TRADE
NSW1,2008/11/3 13:00,10223.9,61.3,TRADE
NSW1,2008/11/3 13:30,10294.25,69.51,TRADE
NSW1,2008/11/3 14:00,10241.8,62.31,TRADE
NSW1,2008/11/3 14:30,10162.84,60.42,TRADE
NSW1,2008/11/3 15:00,10181.39,60.4,TRADE
NSW1,2008/11/3 15:30,10206.18,59.89,TRADE
NSW1,2008/11/3 16:00,10144.51,59.2,TRADE
NSW1,2008/11/3 16:30,10130.06,55.39,TRADE
NSW1,2008/11/3 17:00,10038.79,58.78,TRADE
NSW1,2008/11/3 17:30,9742.39,47.1,TRADE
NSW1,2008/11/3 18:00,9536.97,44.06,TRADE
NSW1,2008/11/3 18:30,9331.76,45.32,TRADE
NSW1,2008/11/3 19:00,9332.3,50.96,TRADE
NSW1,2008/11/3 19:30,9329.15,49.86,TRADE
NSW1,2008/11/3 20:00,9160.21,48.05,TRADE
NSW1,2008/11/3 20:30,8924.11,42.37,TRADE
NSW1,2008/11/3 21:00,8595.55,34.55,TRADE
NSW1,2008/11/3 21:30,8581.21,31.8,TRADE
NSW1,2008/11/3 22:00,8382.78,25.19,TRADE
NSW1,2008/11/3 22:30,8399.03,33.4,TRADE
NSW1,2008/11/3 23:00,8289,30.93,TRADE
NSW1,2008/11/3 23:30,8208.54,33.27,TRADE
NSW1,2008/11/4 0:00,8030.34,29.4,TRADE
NSW1,2008/11/4 0:30,7861.64,27.83,TRADE
NSW1,2008/11/4 1:00,7640.32,23.45,TRADE
NSW1,2008/11/4 1:30,7242.94,21.64,TRADE
NSW1,2008/11/4 2:00,6946.26,21.66,TRADE
NSW1,2008/11/4 2:30,6684.37,21.25,TRADE
NSW1,2008/11/4 3:00,6568.47,21.5,TRADE
NSW1,2008/11/4 3:30,6544.42,21.13,TRADE
NSW1,2008/11/4 4:00,6579.93,21.17,TRADE
NSW1,2008/11/4 4:30,6795.11,21.83,TRADE
NSW1,2008/11/4 5:00,7106.06,24.67,TRADE
NSW1,2008/11/4 5:30,7720.85,29.98,TRADE
NSW1,2008/11/4 6:00,8317.16,33.44,TRADE
NSW1,2008/11/4 6:30,8619.38,31.51,TRADE
NSW1,2008/11/4 7:00,9007.98,38.73,TRADE
NSW1,2008/11/4 7:30,9197.44,34.99,TRADE
NSW1,2008/11/4 8:00,9271.21,38.53,TRADE
NSW1,2008/11/4 8:30,9393.68,43.79,TRADE
NSW1,2008/11/4 9:00,9546.24,46.94,TRADE
NSW1,2008/11/4 9:30,9552.41,44.81,TRADE
NSW1,2008/11/4 10:00,9586.49,48.17,TRADE
NSW1,2008/11/4 10:30,9490.07,46.24,TRADE
NSW1,2008/11/4 11:00,9443.13,47.75,TRADE
NSW1,2008/11/4 11:30,9371.06,50.88,TRADE
NSW1,2008/11/4 12:00,9298.66,48.23,TRADE
NSW1,2008/11/4 12:30,9282.85,42,TRADE
NSW1,2008/11/4 13:00,9170.52,39.3,TRADE
NSW1,2008/11/4 13:30,9139.73,43.78,TRADE
NSW1,2008/11/4 14:00,9138.26,40.77,TRADE
NSW1,2008/11/4 14:30,8902.94,35.03,TRADE
NSW1,2008/11/4 15:00,9062.26,37.86,TRADE
NSW1,2008/11/4 15:30,9109.11,37.66,TRADE
NSW1,2008/11/4 16:00,9126.57,36.96,TRADE
NSW1,2008/11/4 16:30,9144.22,36.19,TRADE
NSW1,2008/11/4 17:00,9147.21,36.84,TRADE
NSW1,2008/11/4 17:30,9083.25,36.81,TRADE
NSW1,2008/11/4 18:00,9113.9,33.77,TRADE
NSW1,2008/11/4 18:30,9087.63,38.1,TRADE
NSW1,2008/11/4 19:00,9123.95,41.49,TRADE
NSW1,2008/11/4 19:30,9111.86,42.76,TRADE
NSW1,2008/11/4 20:00,8847.28,38.93,TRADE
NSW1,2008/11/4 20:30,8617.43,36.33,TRADE
NSW1,2008/11/4 21:00,8332.09,33.15,TRADE
NSW1,2008/11/4 21:30,8425.07,34.06,TRADE
NSW1,2008/11/4 22:00,8230.25,25.74,TRADE
NSW1,2008/11/4 22:30,8273.37,30.34,TRADE
NSW1,2008/11/4 23:00,8216.35,29.38,TRADE
NSW1,2008/11/4 23:30,8139.39,33.94,TRADE
NSW1,2008/11/5 0:00,7998.67,27.94,TRADE
NSW1,2008/11/5 0:30,7815.21,24.81,TRADE
NSW1,2008/11/5 1:00,7592.57,21.53,TRADE
NSW1,2008/11/5 1:30,7252.34,22.09,TRADE
NSW1,2008/11/5 2:00,6928.69,20.98,TRADE
NSW1,2008/11/5 2:30,6672.99,21,TRADE
NSW1,2008/11/5 3:00,6501.89,20.5,TRADE
NSW1,2008/11/5 3:30,6461.73,21.17,TRADE
NSW1,2008/11/5 4:00,6530.96,21.18,TRADE
NSW1,2008/11/5 4:30,6762.1,22,TRADE
NSW1,2008/11/5 5:00,7090.86,18.15,TRADE
NSW1,2008/11/5 5:30,7695.26,29.62,TRADE
NSW1,2008/11/5 6:00,8344.78,35.29,TRADE
NSW1,2008/11/5 6:30,8684.5,47.95,TRADE
NSW1,2008/11/5 7:00,9017.06,56.84,TRADE
NSW1,2008/11/5 7:30,9165.8,44.82,TRADE
NSW1,2008/11/5 8:00,9268.71,44.79,TRADE
NSW1,2008/11/5 8:30,9437.31,48.26,TRADE
NSW1,2008/11/5 9:00,9484.6,42.45,TRADE
NSW1,2008/11/5 9:30,9527.42,44.2,TRADE
NSW1,2008/11/5 10:00,9577.17,54.25,TRADE
NSW1,2008/11/5 10:30,9525.32,43.11,TRADE
NSW1,2008/11/5 11:00,9586.33,45.17,TRADE
NSW1,2008/11/5 11:30,9527.29,42.39,TRADE
NSW1,2008/11/5 12:00,9484.8,40.81,TRADE
NSW1,2008/11/5 12:30,9500.71,41.63,TRADE
NSW1,2008/11/5 13:00,9408.92,41.76,TRADE
NSW1,2008/11/5 13:30,9426.34,45.14,TRADE
NSW1,2008/11/5 14:00,9429.59,46.56,TRADE
NSW1,2008/11/5 14:30,9254.93,38.14,TRADE
NSW1,2008/11/5 15:00,9269.53,41.75,TRADE
NSW1,2008/11/5 15:30,9283.63,42.69,TRADE
NSW1,2008/11/5 16:00,9355.71,45.39,TRADE
NSW1,2008/11/5 16:30,9371.38,44.85,TRADE
NSW1,2008/11/5 17:00,9393.61,44.23,TRADE
NSW1,2008/11/5 17:30,9171.55,38.02,TRADE
NSW1,2008/11/5 18:00,9074,38.98,TRADE
NSW1,2008/11/5 18:30,8951.55,38.48,TRADE
NSW1,2008/11/5 19:00,9040.95,39.45,TRADE
NSW1,2008/11/5 19:30,9111.91,40.73,TRADE
NSW1,2008/11/5 20:00,8963.86,39.65,TRADE
NSW1,2008/11/5 20:30,8732.65,35.83,TRADE
NSW1,2008/11/5 21:00,8484.45,30.33,TRADE
NSW1,2008/11/5 21:30,8474.88,29.28,TRADE
NSW1,2008/11/5 22:00,8383.68,23.97,TRADE
NSW1,2008/11/5 22:30,8417.44,30.35,TRADE
NSW1,2008/11/5 23:00,8327.24,27.29,TRADE
NSW1,2008/11/5 23:30,8224.49,33.34,TRADE
NSW1,2008/11/6 0:00,8112.8,32.76,TRADE
NSW1,2008/11/6 0:30,7943.17,26.51,TRADE
NSW1,2008/11/6 1:00,7719.13,22.45,TRADE
NSW1,2008/11/6 1:30,7406.81,22.58,TRADE
NSW1,2008/11/6 2:00,7034.32,21.46,TRADE
NSW1,2008/11/6 2:30,6779.53,21.44,TRADE
NSW1,2008/11/6 3:00,6623.46,19.36,TRADE
NSW1,2008/11/6 3:30,6599.12,20.27,TRADE
NSW1,2008/11/6 4:00,6638.19,20.43,TRADE
NSW1,2008/11/6 4:30,6867.42,21.45,TRADE
NSW1,2008/11/6 5:00,7234.07,19.76,TRADE
NSW1,2008/11/6 5:30,7866.11,28.97,TRADE
NSW1,2008/11/6 6:00,8489.67,32.87,TRADE
NSW1,2008/11/6 6:30,8806.59,47.92,TRADE
NSW1,2008/11/6 7:00,9209.6,63.09,TRADE
NSW1,2008/11/6 7:30,9321.6,45.32,TRADE
NSW1,2008/11/6 8:00,9453.55,51.04,TRADE
NSW1,2008/11/6 8:30,9687.53,57.73,TRADE
NSW1,2008/11/6 9:00,9752.72,57.32,TRADE
NSW1,2008/11/6 9:30,9939.9,58.41,TRADE
NSW1,2008/11/6 10:00,10006.7,63.44,TRADE
NSW1,2008/11/6 10:30,10041.98,56.64,TRADE
NSW1,2008/11/6 11:00,10120.55,57.6,TRADE
NSW1,2008/11/6 11:30,10152.04,64.32,TRADE
NSW1,2008/11/6 12:00,10065.37,57.64,TRADE
NSW1,2008/11/6 12:30,10158.92,70.91,TRADE
NSW1,2008/11/6 13:00,10154.37,68.4,TRADE
NSW1,2008/11/6 13:30,10229.67,65.07,TRADE
NSW1,2008/11/6 14:00,10221.84,69.71,TRADE
NSW1,2008/11/6 14:30,10222.8,63.95,TRADE
NSW1,2008/11/6 15:00,10274.11,59.97,TRADE
NSW1,2008/11/6 15:30,10256.08,59.97,TRADE
NSW1,2008/11/6 16:00,10290.67,75.65,TRADE
NSW1,2008/11/6 16:30,10181.9,62.16,TRADE
NSW1,2008/11/6 17:00,10154.14,56.96,TRADE
NSW1,2008/11/6 17:30,9919.89,44.6,TRADE
NSW1,2008/11/6 18:00,9759.04,39.21,TRADE
NSW1,2008/11/6 18:30,9586.9,37.35,TRADE
NSW1,2008/11/6 19:00,9653.89,51.04,TRADE
NSW1,2008/11/6 19:30,9714.36,59.97,TRADE
NSW1,2008/11/6 20:00,9546.42,57.91,TRADE
NSW1,2008/11/6 20:30,9177.94,45.9,TRADE
NSW1,2008/11/6 21:00,8839.35,37.28,TRADE
NSW1,2008/11/6 21:30,8762.42,35.95,TRADE
NSW1,2008/11/6 22:00,8583.31,26.22,TRADE
NSW1,2008/11/6 22:30,8547.54,32.44,TRADE
NSW1,2008/11/6 23:00,8356.54,27.87,TRADE
NSW1,2008/11/6 23:30,8245.56,31.57,TRADE
NSW1,2008/11/7 0:00,8122.97,27.53,TRADE
NSW1,2008/11/7 0:30,7892.52,23.78,TRADE
NSW1,2008/11/7 1:00,7673.22,20.67,TRADE
NSW1,2008/11/7 1:30,7333.23,21.86,TRADE
NSW1,2008/11/7 2:00,7028.13,21.5,TRADE
NSW1,2008/11/7 2:30,6745.41,17.81,TRADE
NSW1,2008/11/7 3:00,6622.42,17.44,TRADE
NSW1,2008/11/7 3:30,6590.3,20.67,TRADE
NSW1,2008/11/7 4:00,6603.96,19.95,TRADE
NSW1,2008/11/7 4:30,6928.83,22.64,TRADE
NSW1,2008/11/7 5:00,7220.05,19.6,TRADE
NSW1,2008/11/7 5:30,7868.02,15.92,TRADE
NSW1,2008/11/7 6:00,8448.45,31.57,TRADE
NSW1,2008/11/7 6:30,8814.43,46,TRADE
NSW1,2008/11/7 7:00,9131.18,61.1,TRADE
NSW1,2008/11/7 7:30,9297.87,56.51,TRADE
NSW1,2008/11/7 8:00,9442.89,45.26,TRADE
NSW1,2008/11/7 8:30,9648.06,50.67,TRADE
NSW1,2008/11/7 9:00,9788.39,58.2,TRADE
NSW1,2008/11/7 9:30,9898.41,61.46,TRADE
NSW1,2008/11/7 10:00,9980.7,70.2,TRADE
NSW1,2008/11/7 10:30,9937.84,59.98,TRADE
NSW1,2008/11/7 11:00,9963.54,77.33,TRADE
NSW1,2008/11/7 11:30,9889.01,68.31,TRADE
NSW1,2008/11/7 12:00,9876.14,59.98,TRADE
NSW1,2008/11/7 12:30,9858.46,61.13,TRADE
NSW1,2008/11/7 13:00,9875.31,64.98,TRADE
NSW1,2008/11/7 13:30,9814.12,59.98,TRADE
NSW1,2008/11/7 14:00,9768.97,53.1,TRADE
NSW1,2008/11/7 14:30,9632.2,41.61,TRADE
NSW1,2008/11/7 15:00,9607.98,44.97,TRADE
NSW1,2008/11/7 15:30,9507.43,44.62,TRADE
NSW1,2008/11/7 16:00,9579.47,58.82,TRADE
NSW1,2008/11/7 16:30,9476.82,55.66,TRADE
NSW1,2008/11/7 17:00,9379.72,48.41,TRADE
NSW1,2008/11/7 17:30,9204.32,37.18,TRADE
NSW1,2008/11/7 18:00,9126.96,32.98,TRADE
NSW1,2008/11/7 18:30,8975.08,32.97,TRADE
NSW1,2008/11/7 19:00,9128.58,44.63,TRADE
NSW1,2008/11/7 19:30,9038.52,40.26,TRADE
NSW1,2008/11/7 20:00,8861.86,34.83,TRADE
NSW1,2008/11/7 20:30,8644.26,31.51,TRADE
NSW1,2008/11/7 21:00,8439.43,24.41,TRADE
NSW1,2008/11/7 21:30,8588.5,29.72,TRADE
NSW1,2008/11/7 22:00,8500.51,27.45,TRADE
NSW1,2008/11/7 22:30,8545.24,35.89,TRADE
NSW1,2008/11/7 23:00,8433,31.35,TRADE
NSW1,2008/11/7 23:30,8216.3,32.79,TRADE
NSW1,2008/11/8 0:00,8111.25,32.11,TRADE
NSW1,2008/11/8 0:30,7957.92,30.13,TRADE
NSW1,2008/11/8 1:00,7687.85,23.32,TRADE
NSW1,2008/11/8 1:30,7320.48,22.25,TRADE
NSW1,2008/11/8 2:00,6995.86,22,TRADE
NSW1,2008/11/8 2:30,6750.6,19.67,TRADE
NSW1,2008/11/8 3:00,6539.56,20.67,TRADE
NSW1,2008/11/8 3:30,6505.34,21.02,TRADE
NSW1,2008/11/8 4:00,6473.75,20.25,TRADE
NSW1,2008/11/8 4:30,6540.1,21.82,TRADE
NSW1,2008/11/8 5:00,6637,22,TRADE
NSW1,2008/11/8 5:30,6832.8,22.25,TRADE
NSW1,2008/11/8 6:00,7088.42,22.15,TRADE
NSW1,2008/11/8 6:30,7453.98,26.31,TRADE
NSW1,2008/11/8 7:00,7875.09,28.43,TRADE
NSW1,2008/11/8 7:30,8243.44,30.23,TRADE
NSW1,2008/11/8 8:00,8579.24,36.06,TRADE
NSW1,2008/11/8 8:30,8924.74,45.68,TRADE
NSW1,2008/11/8 9:00,9004.8,46.74,TRADE
NSW1,2008/11/8 9:30,9105.51,45.54,TRADE
NSW1,2008/11/8 10:00,9006.1,44.23,TRADE
NSW1,2008/11/8 10:30,9007.4,43.04,TRADE
NSW1,2008/11/8 11:00,8998.39,43.42,TRADE
NSW1,2008/11/8 11:30,8864.48,45.52,TRADE
NSW1,2008/11/8 12:00,8770.93,40.57,TRADE
NSW1,2008/11/8 12:30,8686.48,41.1,TRADE
NSW1,2008/11/8 13:00,8647.08,38.39,TRADE
NSW1,2008/11/8 13:30,8505.09,38.96,TRADE
NSW1,2008/11/8 14:00,8437.15,35.01,TRADE
NSW1,2008/11/8 14:30,8386.16,38.07,TRADE
NSW1,2008/11/8 15:00,8386.81,34.17,TRADE
NSW1,2008/11/8 15:30,8402.26,33.33,TRADE
NSW1,2008/11/8 16:00,8416.36,33.63,TRADE
NSW1,2008/11/8 16:30,8277.7,31.39,TRADE
NSW1,2008/11/8 17:00,8329.04,32.6,TRADE
NSW1,2008/11/8 17:30,8326.51,33.16,TRADE
NSW1,2008/11/8 18:00,8349.71,32.61,TRADE
NSW1,2008/11/8 18:30,8322.19,33.12,TRADE
NSW1,2008/11/8 19:00,8402.99,38.21,TRADE
NSW1,2008/11/8 19:30,8404.13,43.74,TRADE
NSW1,2008/11/8 20:00,8335.28,38.88,TRADE
NSW1,2008/11/8 20:30,8106.2,32.85,TRADE
NSW1,2008/11/8 21:00,7949.08,32.05,TRADE
NSW1,2008/11/8 21:30,7933.76,28.64,TRADE
NSW1,2008/11/8 22:00,7877.59,27.05,TRADE
NSW1,2008/11/8 22:30,7901.51,27.32,TRADE
NSW1,2008/11/8 23:00,7735.34,25.09,TRADE
NSW1,2008/11/8 23:30,7537.73,23.89,TRADE
NSW1,2008/11/9 0:00,7417.77,22.33,TRADE
NSW1,2008/11/9 0:30,7239.52,21.83,TRADE
NSW1,2008/11/9 1:00,7085.89,21.67,TRADE
NSW1,2008/11/9 1:30,6748.69,21.32,TRADE
NSW1,2008/11/9 2:00,6549.51,21.66,TRADE
NSW1,2008/11/9 2:30,6356.18,19.77,TRADE
NSW1,2008/11/9 3:00,6278.85,17.5,TRADE
NSW1,2008/11/9 3:30,6204.56,17.92,TRADE
NSW1,2008/11/9 4:00,6199.82,18.31,TRADE
NSW1,2008/11/9 4:30,6258.2,17.88,TRADE
NSW1,2008/11/9 5:00,6296.59,18.52,TRADE
NSW1,2008/11/9 5:30,6397.9,18,TRADE
NSW1,2008/11/9 6:00,6542.84,18.83,TRADE
NSW1,2008/11/9 6:30,6832.74,21.05,TRADE
NSW1,2008/11/9 7:00,7181.82,22,TRADE
NSW1,2008/11/9 7:30,7610.33,20.81,TRADE
NSW1,2008/11/9 8:00,7941.4,22.78,TRADE
NSW1,2008/11/9 8:30,8244.4,28.09,TRADE
NSW1,2008/11/9 9:00,8372.4,30.05,TRADE
NSW1,2008/11/9 9:30,8522.35,32.12,TRADE
NSW1,2008/11/9 10:00,8488.98,31.28,TRADE
NSW1,2008/11/9 10:30,8506.74,33.32,TRADE
NSW1,2008/11/9 11:00,8473.09,32.39,TRADE
NSW1,2008/11/9 11:30,8446.26,28.1,TRADE
NSW1,2008/11/9 12:00,8327.32,29.52,TRADE
NSW1,2008/11/9 12:30,8284.26,26.18,TRADE
NSW1,2008/11/9 13:00,8222.18,26.03,TRADE
NSW1,2008/11/9 13:30,8176.27,26.18,TRADE
NSW1,2008/11/9 14:00,8135.35,25.89,TRADE
NSW1,2008/11/9 14:30,8167.64,25.61,TRADE
NSW1,2008/11/9 15:00,8190.27,24.34,TRADE
NSW1,2008/11/9 15:30,8173.34,22.55,TRADE
NSW1,2008/11/9 16:00,8239.73,22.97,TRADE
NSW1,2008/11/9 16:30,8155.64,22.13,TRADE
NSW1,2008/11/9 17:00,8280.44,24.11,TRADE
NSW1,2008/11/9 17:30,8320.69,23.67,TRADE
NSW1,2008/11/9 18:00,8317.57,22.8,TRADE
NSW1,2008/11/9 18:30,8385.77,24.06,TRADE
NSW1,2008/11/9 19:00,8522.82,28.26,TRADE
NSW1,2008/11/9 19:30,8615.47,31.65,TRADE
NSW1,2008/11/9 20:00,8572.35,33.33,TRADE
NSW1,2008/11/9 20:30,8408.23,31.58,TRADE
NSW1,2008/11/9 21:00,8142.69,23.86,TRADE
NSW1,2008/11/9 21:30,8089.82,22.5,TRADE
NSW1,2008/11/9 22:00,7919.03,21.31,TRADE
NSW1,2008/11/9 22:30,7850.46,22.25,TRADE
NSW1,2008/11/9 23:00,7675.67,21.78,TRADE
NSW1,2008/11/9 23:30,7545.44,23.5,TRADE
NSW1,2008/11/10 0:00,7455.85,21.97,TRADE
NSW1,2008/11/10 0:30,7324.88,21.33,TRADE
NSW1,2008/11/10 1:00,7114.23,19.17,TRADE
NSW1,2008/11/10 1:30,6852.98,18.73,TRADE
NSW1,2008/11/10 2:00,6693.44,17.33,TRADE
NSW1,2008/11/10 2:30,6581.25,17.69,TRADE
NSW1,2008/11/10 3:00,6446.56,16.4,TRADE
NSW1,2008/11/10 3:30,6475.91,13.51,TRADE
NSW1,2008/11/10 4:00,6523.03,15.35,TRADE
NSW1,2008/11/10 4:30,6792.83,18.78,TRADE
NSW1,2008/11/10 5:00,7119.65,21.5,TRADE
NSW1,2008/11/10 5:30,7660.34,24.75,TRADE
NSW1,2008/11/10 6:00,8322.67,28.31,TRADE
NSW1,2008/11/10 6:30,8700.18,30.99,TRADE
NSW1,2008/11/10 7:00,9218.2,33.53,TRADE
NSW1,2008/11/10 7:30,9399.86,34.21,TRADE
NSW1,2008/11/10 8:00,9581.67,35.44,TRADE
NSW1,2008/11/10 8:30,9789.81,36.09,TRADE
NSW1,2008/11/10 9:00,9885.49,38.79,TRADE
NSW1,2008/11/10 9:30,9986.53,41,TRADE
NSW1,2008/11/10 10:00,9983.49,40.21,TRADE
NSW1,2008/11/10 10:30,9909.24,38.76,TRADE
NSW1,2008/11/10 11:00,9956.09,42.78,TRADE
NSW1,2008/11/10 11:30,9990.49,44.47,TRADE
NSW1,2008/11/10 12:00,9979.48,42.83,TRADE
NSW1,2008/11/10 12:30,9963.76,42.94,TRADE
NSW1,2008/11/10 13:00,9947.12,43.37,TRADE
NSW1,2008/11/10 13:30,10027.55,45.42,TRADE
NSW1,2008/11/10 14:00,9973.89,47.1,TRADE
NSW1,2008/11/10 14:30,9957.23,44.25,TRADE
NSW1,2008/11/10 15:00,9960.71,49.13,TRADE
NSW1,2008/11/10 15:30,10013.62,45.38,TRADE
NSW1,2008/11/10 16:00,9964.44,44.06,TRADE
NSW1,2008/11/10 16:30,9905.29,39.85,TRADE
NSW1,2008/11/10 17:00,9790.32,39.14,TRADE
NSW1,2008/11/10 17:30,9593.66,34.7,TRADE
NSW1,2008/11/10 18:00,9426.12,32.98,TRADE
NSW1,2008/11/10 18:30,9230.55,31.62,TRADE
NSW1,2008/11/10 19:00,9313.55,32.98,TRADE
NSW1,2008/11/10 19:30,9379.91,33.4,TRADE
NSW1,2008/11/10 20:00,9210.09,33.06,TRADE
NSW1,2008/11/10 20:30,9023.84,32.78,TRADE
NSW1,2008/11/10 21:00,8688.46,27.19,TRADE
NSW1,2008/11/10 21:30,8716.04,25.62,TRADE
NSW1,2008/11/10 22:00,8497.24,22.87,TRADE
NSW1,2008/11/10 22:30,8504.11,27.54,TRADE
NSW1,2008/11/10 23:00,8396.53,23.36,TRADE
NSW1,2008/11/10 23:30,8235.62,27.92,TRADE
NSW1,2008/11/11 0:00,8087.93,26.3,TRADE
NSW1,2008/11/11 0:30,7814.14,22.59,TRADE
NSW1,2008/11/11 1:00,7615.63,21.67,TRADE
NSW1,2008/11/11 1:30,7315.82,22.19,TRADE
NSW1,2008/11/11 2:00,6993.89,21.34,TRADE
NSW1,2008/11/11 2:30,6800.31,20.41,TRADE
NSW1,2008/11/11 3:00,6684.01,18.75,TRADE
NSW1,2008/11/11 3:30,6675.7,19.09,TRADE
NSW1,2008/11/11 4:00,6738.19,20.51,TRADE
NSW1,2008/11/11 4:30,6969.42,19.84,TRADE
NSW1,2008/11/11 5:00,7262.2,22.97,TRADE
NSW1,2008/11/11 5:30,7918.37,25.43,TRADE
NSW1,2008/11/11 6:00,8467.45,30.6,TRADE
NSW1,2008/11/11 6:30,8811.6,32.45,TRADE
NSW1,2008/11/11 7:00,9250.57,36.16,TRADE
NSW1,2008/11/11 7:30,9401.06,36.04,TRADE
NSW1,2008/11/11 8:00,9474.49,37.58,TRADE
NSW1,2008/11/11 8:30,9749.83,39.25,TRADE
NSW1,2008/11/11 9:00,9847.66,41.83,TRADE
NSW1,2008/11/11 9:30,9941.84,42.23,TRADE
NSW1,2008/11/11 10:00,10005.58,43.9,TRADE
NSW1,2008/11/11 10:30,9983.77,40.71,TRADE
NSW1,2008/11/11 11:00,10010.97,43.52,TRADE
NSW1,2008/11/11 11:30,9975.76,40.33,TRADE
NSW1,2008/11/11 12:00,9960.04,44.74,TRADE
NSW1,2008/11/11 12:30,9977.86,44.97,TRADE
NSW1,2008/11/11 13:00,9957.64,46.38,TRADE
NSW1,2008/11/11 13:30,10005.87,48.45,TRADE
NSW1,2008/11/11 14:00,9935.73,46.23,TRADE
NSW1,2008/11/11 14:30,9888.9,44.97,TRADE
NSW1,2008/11/11 15:00,9956.88,49.52,TRADE
NSW1,2008/11/11 15:30,9969.96,49.36,TRADE
NSW1,2008/11/11 16:00,9950.9,48.83,TRADE
NSW1,2008/11/11 16:30,9903.81,43.35,TRADE
NSW1,2008/11/11 17:00,9816.4,40.98,TRADE
NSW1,2008/11/11 17:30,9585.58,35.79,TRADE
NSW1,2008/11/11 18:00,9391.55,33.33,TRADE
NSW1,2008/11/11 18:30,9232.19,32.99,TRADE
NSW1,2008/11/11 19:00,9377.98,36.28,TRADE
NSW1,2008/11/11 19:30,9382.43,36.03,TRADE
NSW1,2008/11/11 20:00,9207.99,33.34,TRADE
NSW1,2008/11/11 20:30,8977.24,32.08,TRADE
NSW1,2008/11/11 21:00,8700.27,28.75,TRADE
NSW1,2008/11/11 21:30,8725.16,25.41,TRADE
NSW1,2008/11/11 22:00,8543.53,21.61,TRADE
NSW1,2008/11/11 22:30,8562.87,25.65,TRADE
NSW1,2008/11/11 23:00,8422.65,23.2,TRADE
NSW1,2008/11/11 23:30,8277.49,23.03,TRADE
NSW1,2008/11/12 0:00,8058.43,21.82,TRADE
NSW1,2008/11/12 0:30,7882.6,21.6,TRADE
NSW1,2008/11/12 1:00,7645.23,19.21,TRADE
NSW1,2008/11/12 1:30,7303.51,22.73,TRADE
NSW1,2008/11/12 2:00,6985,21.29,TRADE
NSW1,2008/11/12 2:30,6715.47,19.25,TRADE
NSW1,2008/11/12 3:00,6618.18,17.83,TRADE
NSW1,2008/11/12 3:30,6600.09,17.26,TRADE
NSW1,2008/11/12 4:00,6649.22,17.67,TRADE
NSW1,2008/11/12 4:30,6883.56,21.78,TRADE
NSW1,2008/11/12 5:00,7184.21,22.27,TRADE
NSW1,2008/11/12 5:30,7729.5,25.59,TRADE
NSW1,2008/11/12 6:00,8411.64,28.6,TRADE
NSW1,2008/11/12 6:30,8759.8,28.68,TRADE
NSW1,2008/11/12 7:00,9174.18,32.3,TRADE
NSW1,2008/11/12 7:30,9338.16,33.84,TRADE
NSW1,2008/11/12 8:00,9475.93,33.53,TRADE
NSW1,2008/11/12 8:30,9692.56,33.72,TRADE
NSW1,2008/11/12 9:00,9927.98,35.72,TRADE
NSW1,2008/11/12 9:30,10033.7,38.2,TRADE
NSW1,2008/11/12 10:00,10141.02,43.29,TRADE
NSW1,2008/11/12 10:30,10162.64,44.12,TRADE
NSW1,2008/11/12 11:00,10225.02,44.6,TRADE
NSW1,2008/11/12 11:30,10202.05,46.92,TRADE
NSW1,2008/11/12 12:00,10273.06,61.26,TRADE
NSW1,2008/11/12 12:30,10321.92,63.78,TRADE
NSW1,2008/11/12 13:00,10349.02,62.29,TRADE
NSW1,2008/11/12 13:30,10429.75,66.94,TRADE
NSW1,2008/11/12 14:00,10381.35,59.86,TRADE
NSW1,2008/11/12 14:30,10402.4,61.45,TRADE
NSW1,2008/11/12 15:00,10412.46,62.02,TRADE
NSW1,2008/11/12 15:30,10496.16,53.32,TRADE
NSW1,2008/11/12 16:00,10534.14,64.41,TRADE
NSW1,2008/11/12 16:30,10459.49,48.32,TRADE
NSW1,2008/11/12 17:00,10296.61,41.66,TRADE
NSW1,2008/11/12 17:30,10029.09,39.18,TRADE
NSW1,2008/11/12 18:00,9819.89,35.15,TRADE
NSW1,2008/11/12 18:30,9577.14,28.23,TRADE
NSW1,2008/11/12 19:00,9644.64,31.23,TRADE
NSW1,2008/11/12 19:30,9696.07,31.48,TRADE
NSW1,2008/11/12 20:00,9480.28,28.59,TRADE
NSW1,2008/11/12 20:30,9169.01,27,TRADE
NSW1,2008/11/12 21:00,8856.07,25.88,TRADE
NSW1,2008/11/12 21:30,8879.67,25.86,TRADE
NSW1,2008/11/12 22:00,8681.14,23.07,TRADE
NSW1,2008/11/12 22:30,8617.62,25.68,TRADE
NSW1,2008/11/12 23:00,8466.76,22.6,TRADE
NSW1,2008/11/12 23:30,8285.3,22.36,TRADE
NSW1,2008/11/13 0:00,8104.27,22.25,TRADE
NSW1,2008/11/13 0:30,7933.95,21.77,TRADE
NSW1,2008/11/13 1:00,7679.09,20.62,TRADE
NSW1,2008/11/13 1:30,7345.2,19.98,TRADE
NSW1,2008/11/13 2:00,7054.58,13.85,TRADE
NSW1,2008/11/13 2:30,6800.73,11.68,TRADE
NSW1,2008/11/13 3:00,6690.44,12.68,TRADE
NSW1,2008/11/13 3:30,6680.5,12,TRADE
NSW1,2008/11/13 4:00,6746.72,12.1,TRADE
NSW1,2008/11/13 4:30,6989,19.1,TRADE
NSW1,2008/11/13 5:00,7240.94,21.01,TRADE
NSW1,2008/11/13 5:30,7869.22,23.48,TRADE
NSW1,2008/11/13 6:00,8487.84,24.84,TRADE
NSW1,2008/11/13 6:30,8948.63,26.6,TRADE
NSW1,2008/11/13 7:00,9357.97,27,TRADE
NSW1,2008/11/13 7:30,9571.41,31.07,TRADE
NSW1,2008/11/13 8:00,9802.46,33.16,TRADE
NSW1,2008/11/13 8:30,10090.72,34.32,TRADE
NSW1,2008/11/13 9:00,10194.35,35.3,TRADE
NSW1,2008/11/13 9:30,10367.34,39.76,TRADE
NSW1,2008/11/13 10:00,10497.65,41.33,TRADE
NSW1,2008/11/13 10:30,10545.88,45.81,TRADE
NSW1,2008/11/13 11:00,10586.1,52.39,TRADE
NSW1,2008/11/13 11:30,10575.98,54.92,TRADE
NSW1,2008/11/13 12:00,10584.21,68.03,TRADE
NSW1,2008/11/13 12:30,10621.01,66.84,TRADE
NSW1,2008/11/13 13:00,10695.95,70.99,TRADE
NSW1,2008/11/13 13:30,10625.56,57.21,TRADE
NSW1,2008/11/13 14:00,10736.34,65.71,TRADE
NSW1,2008/11/13 14:30,10713.8,60.42,TRADE
NSW1,2008/11/13 15:00,10742.67,60.92,TRADE
NSW1,2008/11/13 15:30,10809.3,60.7,TRADE
NSW1,2008/11/13 16:00,10798.16,55.95,TRADE
NSW1,2008/11/13 16:30,10696.78,50.12,TRADE
NSW1,2008/11/13 17:00,10616.56,56.03,TRADE
NSW1,2008/11/13 17:30,10295.77,37.63,TRADE
NSW1,2008/11/13 18:00,10120.4,36.74,TRADE
NSW1,2008/11/13 18:30,9954.21,34.33,TRADE
NSW1,2008/11/13 19:00,9976.76,34.95,TRADE
NSW1,2008/11/13 19:30,10028.46,34.33,TRADE
NSW1,2008/11/13 20:00,9859.28,33.65,TRADE
NSW1,2008/11/13 20:30,9462.87,31.05,TRADE
NSW1,2008/11/13 21:00,9157,26.25,TRADE
NSW1,2008/11/13 21:30,9101.96,25.71,TRADE
NSW1,2008/11/13 22:00,8900.59,22.7,TRADE
NSW1,2008/11/13 22:30,8807.55,27,TRADE
NSW1,2008/11/13 23:00,8657.23,24.67,TRADE
NSW1,2008/11/13 23:30,8464.73,26.54,TRADE
NSW1,2008/11/14 0:00,8320.59,22.86,TRADE
NSW1,2008/11/14 0:30,8043.87,22,TRADE
NSW1,2008/11/14 1:00,7803.45,22,TRADE
NSW1,2008/11/14 1:30,7493.83,22,TRADE
NSW1,2008/11/14 2:00,7184.76,22,TRADE
NSW1,2008/11/14 2:30,6984.54,18.26,TRADE
NSW1,2008/11/14 3:00,6824.59,17.32,TRADE
NSW1,2008/11/14 3:30,6819.91,18.96,TRADE
NSW1,2008/11/14 4:00,6874,20.22,TRADE
NSW1,2008/11/14 4:30,7096.15,21.16,TRADE
NSW1,2008/11/14 5:00,7407.06,22.52,TRADE
NSW1,2008/11/14 5:30,7984.47,23.91,TRADE
NSW1,2008/11/14 6:00,8592.78,27.43,TRADE
NSW1,2008/11/14 6:30,9051.57,31.07,TRADE
NSW1,2008/11/14 7:00,9483.85,33.72,TRADE
NSW1,2008/11/14 7:30,9803.62,35.07,TRADE
NSW1,2008/11/14 8:00,10066.35,39.04,TRADE
NSW1,2008/11/14 8:30,10453.27,44.72,TRADE
NSW1,2008/11/14 9:00,10610.93,45.47,TRADE
NSW1,2008/11/14 9:30,10819.78,50.87,TRADE
NSW1,2008/11/14 10:00,10954.77,46.77,TRADE
NSW1,2008/11/14 10:30,11018.04,46.98,TRADE
NSW1,2008/11/14 11:00,11130.14,52.38,TRADE
NSW1,2008/11/14 11:30,11241.74,51.34,TRADE
NSW1,2008/11/14 12:00,11270.45,50.56,TRADE
NSW1,2008/11/14 12:30,11388.73,50.43,TRADE
NSW1,2008/11/14 13:00,11482.25,55.77,TRADE
NSW1,2008/11/14 13:30,11583.48,54.83,TRADE
NSW1,2008/11/14 14:00,11609.22,53.24,TRADE
NSW1,2008/11/14 14:30,11567.34,47.46,TRADE
NSW1,2008/11/14 15:00,11581.53,45.42,TRADE
NSW1,2008/11/14 15:30,11584.8,46.41,TRADE
NSW1,2008/11/14 16:00,11577.56,45.53,TRADE
NSW1,2008/11/14 16:30,11369.32,46.29,TRADE
NSW1,2008/11/14 17:00,11133.59,45.83,TRADE
NSW1,2008/11/14 17:30,10703.93,40.99,TRADE
NSW1,2008/11/14 18:00,10501.16,36.58,TRADE
NSW1,2008/11/14 18:30,10172.18,32.32,TRADE
NSW1,2008/11/14 19:00,9965.6,31.76,TRADE
NSW1,2008/11/14 19:30,9912.15,34,TRADE
NSW1,2008/11/14 20:00,9691.48,32.93,TRADE
NSW1,2008/11/14 20:30,9200.22,28.32,TRADE
NSW1,2008/11/14 21:00,9070.75,29.6,TRADE
NSW1,2008/11/14 21:30,9162.85,29,TRADE
NSW1,2008/11/14 22:00,8909.42,24.56,TRADE
NSW1,2008/11/14 22:30,8880.08,30.33,TRADE
NSW1,2008/11/14 23:00,8711.44,28.08,TRADE
NSW1,2008/11/14 23:30,8401.24,26.53,TRADE
NSW1,2008/11/15 0:00,8237.86,23.83,TRADE
NSW1,2008/11/15 0:30,8016.49,21.83,TRADE
NSW1,2008/11/15 1:00,7716.5,21,TRADE
NSW1,2008/11/15 1:30,7347.42,22,TRADE
NSW1,2008/11/15 2:00,7029.16,21.24,TRADE
NSW1,2008/11/15 2:30,6837.19,18.02,TRADE
NSW1,2008/11/15 3:00,6712.8,14.36,TRADE
NSW1,2008/11/15 3:30,6632.59,13.83,TRADE
NSW1,2008/11/15 4:00,6623.62,16.2,TRADE
NSW1,2008/11/15 4:30,6772.56,17.27,TRADE
NSW1,2008/11/15 5:00,6848.18,17.86,TRADE
NSW1,2008/11/15 5:30,7053.08,19.61,TRADE
NSW1,2008/11/15 6:00,7259.26,21.74,TRADE
NSW1,2008/11/15 6:30,7660.13,22.83,TRADE
NSW1,2008/11/15 7:00,8100.1,22,TRADE
NSW1,2008/11/15 7:30,8509.91,26.17,TRADE
NSW1,2008/11/15 8:00,8846.39,27.37,TRADE
NSW1,2008/11/15 8:30,9183.29,32.34,TRADE
NSW1,2008/11/15 9:00,9229.68,34.17,TRADE
NSW1,2008/11/15 9:30,9330.58,35,TRADE
NSW1,2008/11/15 10:00,9274.19,35,TRADE
NSW1,2008/11/15 10:30,9229.19,35,TRADE
NSW1,2008/11/15 11:00,9174,35,TRADE
NSW1,2008/11/15 11:30,9075.58,33.83,TRADE
NSW1,2008/11/15 12:00,9031.65,32.88,TRADE
NSW1,2008/11/15 12:30,8994.65,30.8,TRADE
NSW1,2008/11/15 13:00,8907.18,27.79,TRADE
NSW1,2008/11/15 13:30,8824.26,27.88,TRADE
NSW1,2008/11/15 14:00,8819.96,27.31,TRADE
NSW1,2008/11/15 14:30,8765.48,27,TRADE
NSW1,2008/11/15 15:00,8747.09,27,TRADE
NSW1,2008/11/15 15:30,8741.69,27,TRADE
NSW1,2008/11/15 16:00,8731.9,26.14,TRADE
NSW1,2008/11/15 16:30,8610.91,25,TRADE
NSW1,2008/11/15 17:00,8650.39,25.32,TRADE
NSW1,2008/11/15 17:30,8694.78,26.08,TRADE
NSW1,2008/11/15 18:00,8596.61,22,TRADE
NSW1,2008/11/15 18:30,8559.3,22.05,TRADE
NSW1,2008/11/15 19:00,8626.83,24.41,TRADE
NSW1,2008/11/15 19:30,8584.86,23.81,TRADE
NSW1,2008/11/15 20:00,8528.37,25.23,TRADE
NSW1,2008/11/15 20:30,8349.56,23.57,TRADE
NSW1,2008/11/15 21:00,8198.19,22,TRADE
NSW1,2008/11/15 21:30,8194.52,22,TRADE
NSW1,2008/11/15 22:00,8132.41,21.5,TRADE
NSW1,2008/11/15 22:30,8089.38,24.74,TRADE
NSW1,2008/11/15 23:00,7922.82,23.3,TRADE
NSW1,2008/11/15 23:30,7755.58,22,TRADE
NSW1,2008/11/16 0:00,7611.19,22,TRADE
NSW1,2008/11/16 0:30,7433.84,21.83,TRADE
NSW1,2008/11/16 1:00,7246.29,21.67,TRADE
NSW1,2008/11/16 1:30,6933.83,20.49,TRADE
NSW1,2008/11/16 2:00,6673.39,14.97,TRADE
NSW1,2008/11/16 2:30,6507.67,10.95,TRADE
NSW1,2008/11/16 3:00,6418.58,10.68,TRADE
NSW1,2008/11/16 3:30,6379.43,6.61,TRADE
NSW1,2008/11/16 4:00,6376.61,9.21,TRADE
NSW1,2008/11/16 4:30,6425.81,10.33,TRADE
NSW1,2008/11/16 5:00,6332.61,7.53,TRADE
NSW1,2008/11/16 5:30,6511,10.59,TRADE
NSW1,2008/11/16 6:00,6640.4,10.97,TRADE
NSW1,2008/11/16 6:30,6929.37,16.98,TRADE
NSW1,2008/11/16 7:00,7203.38,17.25,TRADE
NSW1,2008/11/16 7:30,7572.82,19.33,TRADE
NSW1,2008/11/16 8:00,7870.43,20.15,TRADE
NSW1,2008/11/16 8:30,8167.16,22.08,TRADE
NSW1,2008/11/16 9:00,8367.02,23.71,TRADE
NSW1,2008/11/16 9:30,8614.29,24.58,TRADE
NSW1,2008/11/16 10:00,8616.34,27,TRADE
NSW1,2008/11/16 10:30,8557.1,27,TRADE
NSW1,2008/11/16 11:00,8585.77,27.9,TRADE
NSW1,2008/11/16 11:30,8560.99,28.64,TRADE
NSW1,2008/11/16 12:00,8548.11,27,TRADE
NSW1,2008/11/16 12:30,8505.1,26.51,TRADE
NSW1,2008/11/16 13:00,8457.16,25.34,TRADE
NSW1,2008/11/16 13:30,8390.07,26.67,TRADE
NSW1,2008/11/16 14:00,8273.56,22.19,TRADE
NSW1,2008/11/16 14:30,8251.08,21.83,TRADE
NSW1,2008/11/16 15:00,8255.68,22,TRADE
NSW1,2008/11/16 15:30,8286,22.34,TRADE
NSW1,2008/11/16 16:00,8376.2,22.43,TRADE
NSW1,2008/11/16 16:30,8312.67,22.15,TRADE
NSW1,2008/11/16 17:00,8479.61,23.57,TRADE
NSW1,2008/11/16 17:30,8515.19,22.9,TRADE
NSW1,2008/11/16 18:00,8555.22,22.59,TRADE
NSW1,2008/11/16 18:30,8528.76,23.7,TRADE
NSW1,2008/11/16 19:00,8528.47,25.49,TRADE
NSW1,2008/11/16 19:30,8572.68,25.82,TRADE
NSW1,2008/11/16 20:00,8497.3,26.05,TRADE
NSW1,2008/11/16 20:30,8280.12,22.79,TRADE
NSW1,2008/11/16 21:00,7965.73,21.61,TRADE
NSW1,2008/11/16 21:30,7862.8,21.77,TRADE
NSW1,2008/11/16 22:00,7755.83,18.67,TRADE
NSW1,2008/11/16 22:30,7742.83,23.48,TRADE
NSW1,2008/11/16 23:00,7565.34,22.93,TRADE
NSW1,2008/11/16 23:30,7414.44,22.46,TRADE
NSW1,2008/11/17 0:00,7279.37,21.99,TRADE
NSW1,2008/11/17 0:30,7155.74,18.79,TRADE
NSW1,2008/11/17 1:00,7041.8,16.48,TRADE
NSW1,2008/11/17 1:30,6766.96,17.9,TRADE
NSW1,2008/11/17 2:00,6573.9,13.15,TRADE
NSW1,2008/11/17 2:30,6412.29,12.7,TRADE
NSW1,2008/11/17 3:00,6354.09,11.25,TRADE
NSW1,2008/11/17 3:30,6378.32,13.24,TRADE
NSW1,2008/11/17 4:00,6445.24,14.19,TRADE
NSW1,2008/11/17 4:30,6734.49,17.93,TRADE
NSW1,2008/11/17 5:00,7007.84,20.63,TRADE
NSW1,2008/11/17 5:30,7668.28,24.67,TRADE
NSW1,2008/11/17 6:00,8318.85,24.86,TRADE
NSW1,2008/11/17 6:30,8720.9,27.13,TRADE
NSW1,2008/11/17 7:00,9058.75,31.76,TRADE
NSW1,2008/11/17 7:30,9210.1,28.32,TRADE
NSW1,2008/11/17 8:00,9340.95,29.01,TRADE
NSW1,2008/11/17 8:30,9549.86,29.16,TRADE
NSW1,2008/11/17 9:00,9672.42,30.3,TRADE
NSW1,2008/11/17 9:30,9746.66,32.02,TRADE
NSW1,2008/11/17 10:00,9785.9,32.44,TRADE
NSW1,2008/11/17 10:30,9709.02,32.57,TRADE
NSW1,2008/11/17 11:00,9723.77,31.67,TRADE
NSW1,2008/11/17 11:30,9691.56,29.71,TRADE
NSW1,2008/11/17 12:00,9615.21,28.63,TRADE
NSW1,2008/11/17 12:30,9639.29,29.36,TRADE
NSW1,2008/11/17 13:00,9656.2,32.3,TRADE
NSW1,2008/11/17 13:30,9660.1,32.59,TRADE
NSW1,2008/11/17 14:00,9620.52,32.46,TRADE
NSW1,2008/11/17 14:30,9607.8,32.83,TRADE
NSW1,2008/11/17 15:00,9557.08,34.46,TRADE
NSW1,2008/11/17 15:30,9631.34,35.58,TRADE
NSW1,2008/11/17 16:00,9604.12,36.11,TRADE
NSW1,2008/11/17 16:30,9569.89,34.38,TRADE
NSW1,2008/11/17 17:00,9586.91,33.73,TRADE
NSW1,2008/11/17 17:30,9454.45,31.21,TRADE
NSW1,2008/11/17 18:00,9323.95,32.09,TRADE
NSW1,2008/11/17 18:30,9209.2,28.35,TRADE
NSW1,2008/11/17 19:00,9182.43,29.69,TRADE
NSW1,2008/11/17 19:30,9220.24,31.79,TRADE
NSW1,2008/11/17 20:00,9119.11,32.47,TRADE
NSW1,2008/11/17 20:30,8821.64,27.43,TRADE
NSW1,2008/11/17 21:00,8501.72,24.67,TRADE
NSW1,2008/11/17 21:30,8554.16,23.91,TRADE
NSW1,2008/11/17 22:00,8372.84,21.31,TRADE
NSW1,2008/11/17 22:30,8359.39,23.56,TRADE
NSW1,2008/11/17 23:00,8260.28,23.34,TRADE
NSW1,2008/11/17 23:30,8231.04,25.86,TRADE
NSW1,2008/11/18 0:00,8094.18,23.03,TRADE
NSW1,2008/11/18 0:30,7916.88,21.5,TRADE
NSW1,2008/11/18 1:00,7673.12,21.8,TRADE
NSW1,2008/11/18 1:30,7387.45,23.38,TRADE
NSW1,2008/11/18 2:00,7015.17,19.83,TRADE
NSW1,2008/11/18 2:30,6785.1,18.15,TRADE
NSW1,2008/11/18 3:00,6656.49,18,TRADE
NSW1,2008/11/18 3:30,6670.27,16.95,TRADE
NSW1,2008/11/18 4:00,6685.37,16.91,TRADE
NSW1,2008/11/18 4:30,6890.96,17.53,TRADE
NSW1,2008/11/18 5:00,7154.95,21.02,TRADE
NSW1,2008/11/18 5:30,7755.08,24.96,TRADE
NSW1,2008/11/18 6:00,8467.47,29.57,TRADE
NSW1,2008/11/18 6:30,8771.41,31.93,TRADE
NSW1,2008/11/18 7:00,9175.66,33.75,TRADE
NSW1,2008/11/18 7:30,9275.12,32.56,TRADE
NSW1,2008/11/18 8:00,9372.65,32.62,TRADE
NSW1,2008/11/18 8:30,9486.85,34.24,TRADE
NSW1,2008/11/18 9:00,9722.05,35,TRADE
NSW1,2008/11/18 9:30,9804.66,34.92,TRADE
NSW1,2008/11/18 10:00,9876.75,34.86,TRADE
NSW1,2008/11/18 10:30,9858.41,33.64,TRADE
NSW1,2008/11/18 11:00,9796.14,32.78,TRADE
NSW1,2008/11/18 11:30,9751.33,31.5,TRADE
NSW1,2008/11/18 12:00,9734.18,31.87,TRADE
NSW1,2008/11/18 12:30,9750.08,31.71,TRADE
NSW1,2008/11/18 13:00,9744.89,32.81,TRADE
NSW1,2008/11/18 13:30,9716.23,32.13,TRADE
NSW1,2008/11/18 14:00,9631.07,31.14,TRADE
NSW1,2008/11/18 14:30,9517.19,27.22,TRADE
NSW1,2008/11/18 15:00,9510.71,27,TRADE
NSW1,2008/11/18 15:30,9562.97,27.08,TRADE
NSW1,2008/11/18 16:00,9577.84,28.36,TRADE
NSW1,2008/11/18 16:30,9627.53,30.26,TRADE
NSW1,2008/11/18 17:00,9645.68,29.36,TRADE
NSW1,2008/11/18 17:30,9504.45,28.57,TRADE
NSW1,2008/11/18 18:00,9377.55,27.95,TRADE
NSW1,2008/11/18 18:30,9212.66,25.8,TRADE
NSW1,2008/11/18 19:00,9214.39,27.42,TRADE
NSW1,2008/11/18 19:30,9156.96,27.03,TRADE
NSW1,2008/11/18 20:00,8951.98,28.36,TRADE
NSW1,2008/11/18 20:30,8717.81,29.32,TRADE
NSW1,2008/11/18 21:00,8430.01,26.72,TRADE
NSW1,2008/11/18 21:30,8530.91,26.41,TRADE
NSW1,2008/11/18 22:00,8312.99,21.81,TRADE
NSW1,2008/11/18 22:30,8362.96,26.26,TRADE
NSW1,2008/11/18 23:00,8248.78,22,TRADE
NSW1,2008/11/18 23:30,8151.19,25.37,TRADE
NSW1,2008/11/19 0:00,7993.58,22.16,TRADE
NSW1,2008/11/19 0:30,7834.65,21.33,TRADE
NSW1,2008/11/19 1:00,7545.98,21.33,TRADE
NSW1,2008/11/19 1:30,7212.15,21.98,TRADE
NSW1,2008/11/19 2:00,6858.9,18,TRADE
NSW1,2008/11/19 2:30,6619.63,16.69,TRADE
NSW1,2008/11/19 3:00,6481.41,14.1,TRADE
NSW1,2008/11/19 3:30,6375.59,13.23,TRADE
NSW1,2008/11/19 4:00,6489.93,16.52,TRADE
NSW1,2008/11/19 4:30,6711.36,18,TRADE
NSW1,2008/11/19 5:00,7021.45,20.98,TRADE
NSW1,2008/11/19 5:30,7644.69,24.5,TRADE
NSW1,2008/11/19 6:00,8257.14,24.83,TRADE
NSW1,2008/11/19 6:30,8657.53,27.61,TRADE
NSW1,2008/11/19 7:00,9078.75,32.21,TRADE
NSW1,2008/11/19 7:30,9270.5,31.65,TRADE
NSW1,2008/11/19 8:00,9377.73,33.66,TRADE
NSW1,2008/11/19 8:30,9630.31,35.11,TRADE
NSW1,2008/11/19 9:00,9710.22,35.28,TRADE
NSW1,2008/11/19 9:30,9775.38,37.05,TRADE
NSW1,2008/11/19 10:00,9762.38,35.91,TRADE
NSW1,2008/11/19 10:30,9740.89,33.45,TRADE
NSW1,2008/11/19 11:00,9730.07,33.07,TRADE
NSW1,2008/11/19 11:30,9717.4,34.02,TRADE
NSW1,2008/11/19 12:00,9816.64,34.02,TRADE
NSW1,2008/11/19 12:30,9838.65,33.86,TRADE
NSW1,2008/11/19 13:00,9827.45,34.89,TRADE
NSW1,2008/11/19 13:30,9824.05,34.83,TRADE
NSW1,2008/11/19 14:00,9787.84,33.4,TRADE
NSW1,2008/11/19 14:30,9768.77,32.98,TRADE
NSW1,2008/11/19 15:00,9756.74,32.82,TRADE
NSW1,2008/11/19 15:30,9759.37,33.32,TRADE
NSW1,2008/11/19 16:00,9783.32,32.98,TRADE
NSW1,2008/11/19 16:30,9737.7,32.98,TRADE
NSW1,2008/11/19 17:00,9702.26,32.98,TRADE
NSW1,2008/11/19 17:30,9450.08,28.63,TRADE
NSW1,2008/11/19 18:00,9373.6,27.19,TRADE
NSW1,2008/11/19 18:30,9239.33,25.57,TRADE
NSW1,2008/11/19 19:00,9279.17,26.04,TRADE
NSW1,2008/11/19 19:30,9252,26.44,TRADE
NSW1,2008/11/19 20:00,9112.63,26.54,TRADE
NSW1,2008/11/19 20:30,8835.13,22.18,TRADE
NSW1,2008/11/19 21:00,8635.47,21.84,TRADE
NSW1,2008/11/19 21:30,8652.28,19.67,TRADE
NSW1,2008/11/19 22:00,8406.21,17.42,TRADE
NSW1,2008/11/19 22:30,8409.98,23.38,TRADE
NSW1,2008/11/19 23:00,8376.77,23.21,TRADE
NSW1,2008/11/19 23:30,8198.66,24,TRADE
NSW1,2008/11/20 0:00,8082.58,22.25,TRADE
NSW1,2008/11/20 0:30,7885.26,19.15,TRADE
NSW1,2008/11/20 1:00,7589.35,19.6,TRADE
NSW1,2008/11/20 1:30,7285.31,20.64,TRADE
NSW1,2008/11/20 2:00,6972.03,15.35,TRADE
NSW1,2008/11/20 2:30,6704.09,12.04,TRADE
NSW1,2008/11/20 3:00,6553.72,13.08,TRADE
NSW1,2008/11/20 3:30,6527.23,13.86,TRADE
NSW1,2008/11/20 4:00,6569.64,12.51,TRADE
NSW1,2008/11/20 4:30,6816.81,17.43,TRADE
NSW1,2008/11/20 5:00,7119.52,20.75,TRADE
NSW1,2008/11/20 5:30,7737.59,22.16,TRADE
NSW1,2008/11/20 6:00,8428.55,24.38,TRADE
NSW1,2008/11/20 6:30,8777.62,26.14,TRADE
NSW1,2008/11/20 7:00,9215.02,27.86,TRADE
NSW1,2008/11/20 7:30,9373.67,27.14,TRADE
NSW1,2008/11/20 8:00,9490.34,27.95,TRADE
NSW1,2008/11/20 8:30,9782.32,30.58,TRADE
NSW1,2008/11/20 9:00,9959.63,33.99,TRADE
NSW1,2008/11/20 9:30,10077.67,34.77,TRADE
NSW1,2008/11/20 10:00,10119.66,40.72,TRADE
NSW1,2008/11/20 10:30,10143.14,44.22,TRADE
NSW1,2008/11/20 11:00,10201.46,42.86,TRADE
NSW1,2008/11/20 11:30,10176.52,40.54,TRADE
NSW1,2008/11/20 12:00,10201.99,42.2,TRADE
NSW1,2008/11/20 12:30,10174.21,44.97,TRADE
NSW1,2008/11/20 13:00,10053.11,40.79,TRADE
NSW1,2008/11/20 13:30,10081.92,40.52,TRADE
NSW1,2008/11/20 14:00,10016.07,43.1,TRADE
NSW1,2008/11/20 14:30,9899.54,35.92,TRADE
NSW1,2008/11/20 15:00,9833.42,33.3,TRADE
NSW1,2008/11/20 15:30,10060.81,37.05,TRADE
NSW1,2008/11/20 16:00,10084.72,35.28,TRADE
NSW1,2008/11/20 16:30,9952.03,32.98,TRADE
NSW1,2008/11/20 17:00,9905.38,32.8,TRADE
NSW1,2008/11/20 17:30,9720.04,31.5,TRADE
NSW1,2008/11/20 18:00,9628.32,31.44,TRADE
NSW1,2008/11/20 18:30,9391.81,28.06,TRADE
NSW1,2008/11/20 19:00,9321.19,27.54,TRADE
NSW1,2008/11/20 19:30,9445.27,27.08,TRADE
NSW1,2008/11/20 20:00,9345.43,27,TRADE
NSW1,2008/11/20 20:30,9048.14,27.62,TRADE
NSW1,2008/11/20 21:00,8721.36,24.5,TRADE
NSW1,2008/11/20 21:30,8748.05,24.08,TRADE
NSW1,2008/11/20 22:00,8536.35,20.81,TRADE
NSW1,2008/11/20 22:30,8569.51,27.06,TRADE
NSW1,2008/11/20 23:00,8378.16,24.5,TRADE
NSW1,2008/11/20 23:30,8259.94,26.25,TRADE
NSW1,2008/11/21 0:00,8057.59,23.56,TRADE
NSW1,2008/11/21 0:30,7785.01,22.17,TRADE
NSW1,2008/11/21 1:00,7578.04,22.67,TRADE
NSW1,2008/11/21 1:30,7225.91,22,TRADE
NSW1,2008/11/21 2:00,7013.1,22,TRADE
NSW1,2008/11/21 2:30,6762.81,22,TRADE
NSW1,2008/11/21 3:00,6625,21.99,TRADE
NSW1,2008/11/21 3:30,6613.75,21.81,TRADE
NSW1,2008/11/21 4:00,6650.8,21.42,TRADE
NSW1,2008/11/21 4:30,6944.07,21.23,TRADE
NSW1,2008/11/21 5:00,7172.65,22.53,TRADE
NSW1,2008/11/21 5:30,7800.83,25.83,TRADE
NSW1,2008/11/21 6:00,8388.35,31.59,TRADE
NSW1,2008/11/21 6:30,8786.94,35.19,TRADE
NSW1,2008/11/21 7:00,9239.22,38.75,TRADE
NSW1,2008/11/21 7:30,9411.55,33.69,TRADE
NSW1,2008/11/21 8:00,9572.15,36.55,TRADE
NSW1,2008/11/21 8:30,9868.33,40.26,TRADE
NSW1,2008/11/21 9:00,9969.99,41.75,TRADE
NSW1,2008/11/21 9:30,10013.47,42.64,TRADE
NSW1,2008/11/21 10:00,10121.89,40.73,TRADE
NSW1,2008/11/21 10:30,10047.19,40.52,TRADE
NSW1,2008/11/21 11:00,10139.38,40.32,TRADE
NSW1,2008/11/21 11:30,10119.61,36.68,TRADE
NSW1,2008/11/21 12:00,10153.23,40.04,TRADE
NSW1,2008/11/21 12:30,10160,34.26,TRADE
NSW1,2008/11/21 13:00,10201.19,35.61,TRADE
NSW1,2008/11/21 13:30,10179.74,33.35,TRADE
NSW1,2008/11/21 14:00,10188.99,33.69,TRADE
NSW1,2008/11/21 14:30,10242.01,35,TRADE
NSW1,2008/11/21 15:00,10301.93,35.64,TRADE
NSW1,2008/11/21 15:30,10290.74,35.24,TRADE
NSW1,2008/11/21 16:00,10111.51,30.07,TRADE
NSW1,2008/11/21 16:30,9886.87,27,TRADE
NSW1,2008/11/21 17:00,9712.16,27,TRADE
NSW1,2008/11/21 17:30,9314.34,23.67,TRADE
NSW1,2008/11/21 18:00,9166.27,22.73,TRADE
NSW1,2008/11/21 18:30,8900.08,22,TRADE
NSW1,2008/11/21 19:00,8884.36,25.17,TRADE
NSW1,2008/11/21 19:30,9005.13,27,TRADE
NSW1,2008/11/21 20:00,8942.78,27,TRADE
NSW1,2008/11/21 20:30,8642.57,23.11,TRADE
NSW1,2008/11/21 21:00,8474.7,21.67,TRADE
NSW1,2008/11/21 21:30,8498.6,21.96,TRADE
NSW1,2008/11/21 22:00,8319.51,21.33,TRADE
NSW1,2008/11/21 22:30,8438.65,26.28,TRADE
NSW1,2008/11/21 23:00,8250.38,22.96,TRADE
NSW1,2008/11/21 23:30,8125.58,25.54,TRADE
NSW1,2008/11/22 0:00,7963.81,21.8,TRADE
NSW1,2008/11/22 0:30,7776.37,21.32,TRADE
NSW1,2008/11/22 1:00,7421.27,19.55,TRADE
NSW1,2008/11/22 1:30,7113.69,19.33,TRADE
NSW1,2008/11/22 2:00,6770.4,18,TRADE
NSW1,2008/11/22 2:30,6563.08,16.11,TRADE
NSW1,2008/11/22 3:00,6394,16.52,TRADE
NSW1,2008/11/22 3:30,6353.38,14.92,TRADE
NSW1,2008/11/22 4:00,6365,14.75,TRADE
NSW1,2008/11/22 4:30,6420.89,16.43,TRADE
NSW1,2008/11/22 5:00,6508.87,17.16,TRADE
NSW1,2008/11/22 5:30,6631.07,18.67,TRADE
NSW1,2008/11/22 6:00,6974.26,21.92,TRADE
NSW1,2008/11/22 6:30,7284.69,20.94,TRADE
NSW1,2008/11/22 7:00,7778.94,22.15,TRADE
NSW1,2008/11/22 7:30,8110.02,22,TRADE
NSW1,2008/11/22 8:00,8527.83,26.5,TRADE
NSW1,2008/11/22 8:30,8797.9,30.02,TRADE
NSW1,2008/11/22 9:00,8861.01,34.33,TRADE
NSW1,2008/11/22 9:30,8923.26,34.55,TRADE
NSW1,2008/11/22 10:00,8812.83,33.71,TRADE
NSW1,2008/11/22 10:30,8784.82,33.79,TRADE
NSW1,2008/11/22 11:00,8783.2,33.86,TRADE
NSW1,2008/11/22 11:30,8664.11,30.06,TRADE
NSW1,2008/11/22 12:00,8531.59,28.16,TRADE
NSW1,2008/11/22 12:30,8468.56,27,TRADE
NSW1,2008/11/22 13:00,8425.12,27,TRADE
NSW1,2008/11/22 13:30,8357.09,26.39,TRADE
NSW1,2008/11/22 14:00,8279.54,24.56,TRADE
NSW1,2008/11/22 14:30,8230.24,22.1,TRADE
NSW1,2008/11/22 15:00,8237.27,22,TRADE
NSW1,2008/11/22 15:30,8313.21,24.07,TRADE
NSW1,2008/11/22 16:00,8310.9,27,TRADE
NSW1,2008/11/22 16:30,8264.68,25.82,TRADE
NSW1,2008/11/22 17:00,8338.04,27,TRADE
NSW1,2008/11/22 17:30,8359.91,27,TRADE
NSW1,2008/11/22 18:00,8366.5,26.37,TRADE
NSW1,2008/11/22 18:30,8269.05,23.49,TRADE
NSW1,2008/11/22 19:00,8324.72,25.26,TRADE
NSW1,2008/11/22 19:30,8490.37,27.17,TRADE
NSW1,2008/11/22 20:00,8403.23,27,TRADE
NSW1,2008/11/22 20:30,8281.41,25.67,TRADE
NSW1,2008/11/22 21:00,8069.81,21.82,TRADE
NSW1,2008/11/22 21:30,8001.74,21.35,TRADE
NSW1,2008/11/22 22:00,7843.83,19.79,TRADE
NSW1,2008/11/22 22:30,7821.06,23.66,TRADE
NSW1,2008/11/22 23:00,7760.64,22.76,TRADE
NSW1,2008/11/22 23:30,7607.22,24.55,TRADE
NSW1,2008/11/23 0:00,7455.82,22,TRADE
NSW1,2008/11/23 0:30,7276.68,21.5,TRADE
NSW1,2008/11/23 1:00,7098.88,21.33,TRADE
NSW1,2008/11/23 1:30,6780.06,19.84,TRADE
NSW1,2008/11/23 2:00,6581.98,14.12,TRADE
NSW1,2008/11/23 2:30,6380.48,12.17,TRADE
NSW1,2008/11/23 3:00,6321.87,12.12,TRADE
NSW1,2008/11/23 3:30,6213.28,8.81,TRADE
NSW1,2008/11/23 4:00,6211.1,10.32,TRADE
NSW1,2008/11/23 4:30,6281.81,10.31,TRADE
NSW1,2008/11/23 5:00,6268.28,5.37,TRADE
NSW1,2008/11/23 5:30,6434.21,12.26,TRADE
NSW1,2008/11/23 6:00,6575.46,14.19,TRADE
NSW1,2008/11/23 6:30,6865.17,17.82,TRADE
NSW1,2008/11/23 7:00,7205.64,17.73,TRADE
NSW1,2008/11/23 7:30,7677.92,20.67,TRADE
NSW1,2008/11/23 8:00,8067.35,22,TRADE
NSW1,2008/11/23 8:30,8384.83,22.25,TRADE
NSW1,2008/11/23 9:00,8604.53,22,TRADE
NSW1,2008/11/23 9:30,8764.17,24.49,TRADE
NSW1,2008/11/23 10:00,8741.06,25.38,TRADE
NSW1,2008/11/23 10:30,8696.51,21.67,TRADE
NSW1,2008/11/23 11:00,8748.65,22,TRADE
NSW1,2008/11/23 11:30,8709.35,22.07,TRADE
NSW1,2008/11/23 12:00,8615.96,23.38,TRADE
NSW1,2008/11/23 12:30,8518.22,21.97,TRADE
NSW1,2008/11/23 13:00,8330.84,21.97,TRADE
NSW1,2008/11/23 13:30,8242.16,21.83,TRADE
NSW1,2008/11/23 14:00,8091.99,21.99,TRADE
NSW1,2008/11/23 14:30,8084,21.54,TRADE
NSW1,2008/11/23 15:00,8077.03,21.5,TRADE
NSW1,2008/11/23 15:30,8098.6,22.06,TRADE
NSW1,2008/11/23 16:00,8132.81,22,TRADE
NSW1,2008/11/23 16:30,8220.82,22.23,TRADE
NSW1,2008/11/23 17:00,8448.45,22.26,TRADE
NSW1,2008/11/23 17:30,8578.62,21.71,TRADE
NSW1,2008/11/23 18:00,8652.34,22.9,TRADE
NSW1,2008/11/23 18:30,8628.52,23.14,TRADE
NSW1,2008/11/23 19:00,8647.87,28.94,TRADE
NSW1,2008/11/23 19:30,8707.07,31.1,TRADE
NSW1,2008/11/23 20:00,8635.12,31.67,TRADE
NSW1,2008/11/23 20:30,8363.58,25.24,TRADE
NSW1,2008/11/23 21:00,8077.41,20.22,TRADE
NSW1,2008/11/23 21:30,7942.89,20.94,TRADE
NSW1,2008/11/23 22:00,7742.06,19.99,TRADE
NSW1,2008/11/23 22:30,7736.66,24.99,TRADE
NSW1,2008/11/23 23:00,7567.97,22.07,TRADE
NSW1,2008/11/23 23:30,7382.2,22.17,TRADE
NSW1,2008/11/24 0:00,7269.99,21.99,TRADE
NSW1,2008/11/24 0:30,7140.94,19.79,TRADE
NSW1,2008/11/24 1:00,7018.6,20.32,TRADE
NSW1,2008/11/24 1:30,6799.69,20.14,TRADE
NSW1,2008/11/24 2:00,6570.26,18,TRADE
NSW1,2008/11/24 2:30,6412.47,16.7,TRADE
NSW1,2008/11/24 3:00,6325.46,14.45,TRADE
NSW1,2008/11/24 3:30,6300.97,12.6,TRADE
NSW1,2008/11/24 4:00,6385.09,14.5,TRADE
NSW1,2008/11/24 4:30,6665.35,17.83,TRADE
NSW1,2008/11/24 5:00,6907.28,19.67,TRADE
NSW1,2008/11/24 5:30,7595,24.67,TRADE
NSW1,2008/11/24 6:00,8280.54,25.17,TRADE
NSW1,2008/11/24 6:30,8650.68,25.92,TRADE
NSW1,2008/11/24 7:00,8976.15,28.72,TRADE
NSW1,2008/11/24 7:30,9157.45,30.79,TRADE
NSW1,2008/11/24 8:00,9298.09,32.26,TRADE
NSW1,2008/11/24 8:30,9450.98,33.18,TRADE
NSW1,2008/11/24 9:00,9543.81,35,TRADE
NSW1,2008/11/24 9:30,9593.51,36.95,TRADE
NSW1,2008/11/24 10:00,9651.16,37.79,TRADE
NSW1,2008/11/24 10:30,9610.27,34.41,TRADE
NSW1,2008/11/24 11:00,9575.02,39.6,TRADE
NSW1,2008/11/24 11:30,9527,37.01,TRADE
NSW1,2008/11/24 12:00,9503.58,39.24,TRADE
NSW1,2008/11/24 12:30,9541.21,36.86,TRADE
NSW1,2008/11/24 13:00,9522.97,37.01,TRADE
NSW1,2008/11/24 13:30,9539.23,38.68,TRADE
NSW1,2008/11/24 14:00,9456.8,35.98,TRADE
NSW1,2008/11/24 14:30,9438.84,37.36,TRADE
NSW1,2008/11/24 15:00,9463.99,37.87,TRADE
NSW1,2008/11/24 15:30,9482.7,39.88,TRADE
NSW1,2008/11/24 16:00,9458.88,38.48,TRADE
NSW1,2008/11/24 16:30,9450.3,38.3,TRADE
NSW1,2008/11/24 17:00,9343.9,33.43,TRADE
NSW1,2008/11/24 17:30,9109.31,30.08,TRADE
NSW1,2008/11/24 18:00,9046.41,29.98,TRADE
NSW1,2008/11/24 18:30,8921.23,27.2,TRADE
NSW1,2008/11/24 19:00,8990.86,31.22,TRADE
NSW1,2008/11/24 19:30,9084.72,32.59,TRADE
NSW1,2008/11/24 20:00,8984.45,31.99,TRADE
NSW1,2008/11/24 20:30,8771.63,27.39,TRADE
NSW1,2008/11/24 21:00,8385.64,20.98,TRADE
NSW1,2008/11/24 21:30,8407.06,22.12,TRADE
NSW1,2008/11/24 22:00,8208.89,21.33,TRADE
NSW1,2008/11/24 22:30,8274.57,28.89,TRADE
NSW1,2008/11/24 23:00,8147.21,22.5,TRADE
NSW1,2008/11/24 23:30,8070.02,23.23,TRADE
NSW1,2008/11/25 0:00,7955.84,21.83,TRADE
NSW1,2008/11/25 0:30,7764.75,21.24,TRADE
NSW1,2008/11/25 1:00,7524.76,18.6,TRADE
NSW1,2008/11/25 1:30,7199.96,20.11,TRADE
NSW1,2008/11/25 2:00,6872.97,17.48,TRADE
NSW1,2008/11/25 2:30,6644.84,11.83,TRADE
NSW1,2008/11/25 3:00,6520.67,11.01,TRADE
NSW1,2008/11/25 3:30,6477.58,10.48,TRADE
NSW1,2008/11/25 4:00,6544.21,11.23,TRADE
NSW1,2008/11/25 4:30,6719.1,15.34,TRADE
NSW1,2008/11/25 5:00,6993.64,18,TRADE
NSW1,2008/11/25 5:30,7609.99,22.13,TRADE
NSW1,2008/11/25 6:00,8279.31,23.62,TRADE
NSW1,2008/11/25 6:30,8662.31,26.77,TRADE
NSW1,2008/11/25 7:00,9012.08,28.38,TRADE
NSW1,2008/11/25 7:30,9153.13,27.06,TRADE
NSW1,2008/11/25 8:00,9275.41,31.08,TRADE
NSW1,2008/11/25 8:30,9494.39,35.74,TRADE
NSW1,2008/11/25 9:00,9590.81,35.66,TRADE
NSW1,2008/11/25 9:30,9664.4,36.4,TRADE
NSW1,2008/11/25 10:00,9667.6,35.58,TRADE
NSW1,2008/11/25 10:30,9630.84,33.39,TRADE
NSW1,2008/11/25 11:00,9654.82,34.32,TRADE
NSW1,2008/11/25 11:30,9616,33.73,TRADE
NSW1,2008/11/25 12:00,9575.44,31.37,TRADE
NSW1,2008/11/25 12:30,9502.96,27,TRADE
NSW1,2008/11/25 13:00,9562.16,27,TRADE
NSW1,2008/11/25 13:30,9556.67,27.58,TRADE
NSW1,2008/11/25 14:00,9507.63,27,TRADE
NSW1,2008/11/25 14:30,9476.01,27,TRADE
NSW1,2008/11/25 15:00,9504.55,28.77,TRADE
NSW1,2008/11/25 15:30,9536.51,30.52,TRADE
NSW1,2008/11/25 16:00,9473.69,27,TRADE
NSW1,2008/11/25 16:30,9420.84,27,TRADE
NSW1,2008/11/25 17:00,9419.35,27.17,TRADE
NSW1,2008/11/25 17:30,9179.45,26.91,TRADE
NSW1,2008/11/25 18:00,9129.33,26.95,TRADE
NSW1,2008/11/25 18:30,8999.25,22.52,TRADE
NSW1,2008/11/25 19:00,9015.82,22,TRADE
NSW1,2008/11/25 19:30,9081.68,24.17,TRADE
NSW1,2008/11/25 20:00,8997.91,22.64,TRADE
NSW1,2008/11/25 20:30,8711.75,21.7,TRADE
NSW1,2008/11/25 21:00,8445.85,21.41,TRADE
NSW1,2008/11/25 21:30,8488.81,22.35,TRADE
NSW1,2008/11/25 22:00,8345.97,20.74,TRADE
NSW1,2008/11/25 22:30,8334.35,23.15,TRADE
NSW1,2008/11/25 23:00,8215.05,21.93,TRADE
NSW1,2008/11/25 23:30,8070.58,22,TRADE
NSW1,2008/11/26 0:00,7975.89,21.56,TRADE
NSW1,2008/11/26 0:30,7741.31,18.33,TRADE
NSW1,2008/11/26 1:00,7480.89,17.67,TRADE
NSW1,2008/11/26 1:30,7206.7,18,TRADE
NSW1,2008/11/26 2:00,6895.14,13.58,TRADE
NSW1,2008/11/26 2:30,6667.67,12,TRADE
NSW1,2008/11/26 3:00,6532.65,11.26,TRADE
NSW1,2008/11/26 3:30,6508.74,10.88,TRADE
NSW1,2008/11/26 4:00,6549.18,11.36,TRADE
NSW1,2008/11/26 4:30,6787.22,13.5,TRADE
NSW1,2008/11/26 5:00,7088.61,17.63,TRADE
NSW1,2008/11/26 5:30,7704.84,21.17,TRADE
NSW1,2008/11/26 6:00,8355.36,21.33,TRADE
NSW1,2008/11/26 6:30,8736.44,24.49,TRADE
NSW1,2008/11/26 7:00,9203.5,26.83,TRADE
NSW1,2008/11/26 7:30,9299.07,26.83,TRADE
NSW1,2008/11/26 8:00,9368.06,27,TRADE
NSW1,2008/11/26 8:30,9544.8,27,TRADE
NSW1,2008/11/26 9:00,9634.52,28.15,TRADE
NSW1,2008/11/26 9:30,9677.45,29.75,TRADE
NSW1,2008/11/26 10:00,9706.37,30.3,TRADE
NSW1,2008/11/26 10:30,9650.24,30.3,TRADE
NSW1,2008/11/26 11:00,9623.99,30.1,TRADE
NSW1,2008/11/26 11:30,9600.99,29.31,TRADE
NSW1,2008/11/26 12:00,9565.28,29.06,TRADE
NSW1,2008/11/26 12:30,9521.51,28.6,TRADE
NSW1,2008/11/26 13:00,9490.25,28.29,TRADE
NSW1,2008/11/26 13:30,9432.54,27,TRADE
NSW1,2008/11/26 14:00,9402.18,27,TRADE
NSW1,2008/11/26 14:30,9333.69,27,TRADE
NSW1,2008/11/26 15:00,9352.26,27,TRADE
NSW1,2008/11/26 15:30,9426.87,27.14,TRADE
NSW1,2008/11/26 16:00,9513.85,27.79,TRADE
NSW1,2008/11/26 16:30,9551.03,29.47,TRADE
NSW1,2008/11/26 17:00,9535.35,29.66,TRADE
NSW1,2008/11/26 17:30,9409.76,28.08,TRADE
NSW1,2008/11/26 18:00,9299.13,27.66,TRADE
NSW1,2008/11/26 18:30,9181.74,26.77,TRADE
NSW1,2008/11/26 19:00,9122.84,25.94,TRADE
NSW1,2008/11/26 19:30,9200.56,26.17,TRADE
NSW1,2008/11/26 20:00,9052.59,23.15,TRADE
NSW1,2008/11/26 20:30,8796.04,21.69,TRADE
NSW1,2008/11/26 21:00,8511.07,21.61,TRADE
NSW1,2008/11/26 21:30,8529.5,22.61,TRADE
NSW1,2008/11/26 22:00,8371.31,21.21,TRADE
NSW1,2008/11/26 22:30,8379.29,23.94,TRADE
NSW1,2008/11/26 23:00,8305.29,22.68,TRADE
NSW1,2008/11/26 23:30,8169.42,23.65,TRADE
NSW1,2008/11/27 0:00,8026.22,22.16,TRADE
NSW1,2008/11/27 0:30,7837.9,19.45,TRADE
NSW1,2008/11/27 1:00,7573.24,18,TRADE
NSW1,2008/11/27 1:30,7279.78,18.33,TRADE
NSW1,2008/11/27 2:00,6951.29,17.31,TRADE
NSW1,2008/11/27 2:30,6715.44,12.16,TRADE
NSW1,2008/11/27 3:00,6589.52,11.47,TRADE
NSW1,2008/11/27 3:30,6567.72,11.53,TRADE
NSW1,2008/11/27 4:00,6640.85,11.98,TRADE
NSW1,2008/11/27 4:30,6840.6,14.72,TRADE
NSW1,2008/11/27 5:00,7096.48,18.83,TRADE
NSW1,2008/11/27 5:30,7701.07,22.13,TRADE
NSW1,2008/11/27 6:00,8358.47,23.56,TRADE
NSW1,2008/11/27 6:30,8730.38,23.82,TRADE
NSW1,2008/11/27 7:00,9180.12,27,TRADE
NSW1,2008/11/27 7:30,9319.26,26.99,TRADE
NSW1,2008/11/27 8:00,9408.95,26.98,TRADE
NSW1,2008/11/27 8:30,9607.19,27,TRADE
NSW1,2008/11/27 9:00,9756.78,27.73,TRADE
NSW1,2008/11/27 9:30,9824.87,30.07,TRADE
NSW1,2008/11/27 10:00,9961.37,31.42,TRADE
NSW1,2008/11/27 10:30,9949.93,34.12,TRADE
NSW1,2008/11/27 11:00,9957.65,33.74,TRADE
NSW1,2008/11/27 11:30,10022.51,37.03,TRADE
NSW1,2008/11/27 12:00,10022.12,36.7,TRADE
NSW1,2008/11/27 12:30,10077.47,37.5,TRADE
NSW1,2008/11/27 13:00,10117.38,37.94,TRADE
NSW1,2008/11/27 13:30,10252.17,45.18,TRADE
NSW1,2008/11/27 14:00,10291.5,49.18,TRADE
NSW1,2008/11/27 14:30,10282.78,47.24,TRADE
NSW1,2008/11/27 15:00,10385.26,44.45,TRADE
NSW1,2008/11/27 15:30,10388.8,40.78,TRADE
NSW1,2008/11/27 16:00,10374.39,38.71,TRADE
NSW1,2008/11/27 16:30,10204.29,34.18,TRADE
NSW1,2008/11/27 17:00,10127.26,28.27,TRADE
NSW1,2008/11/27 17:30,9910.43,26.72,TRADE
NSW1,2008/11/27 18:00,9767.59,25.82,TRADE
NSW1,2008/11/27 18:30,9558.5,21.83,TRADE
NSW1,2008/11/27 19:00,9414.41,21.5,TRADE
NSW1,2008/11/27 19:30,9279.59,22.99,TRADE
NSW1,2008/11/27 20:00,9184.55,22,TRADE
NSW1,2008/11/27 20:30,9014.4,22.18,TRADE
NSW1,2008/11/27 21:00,8697.35,21.47,TRADE
NSW1,2008/11/27 21:30,8749.68,23.68,TRADE
NSW1,2008/11/27 22:00,8491.69,21.5,TRADE
NSW1,2008/11/27 22:30,8539.89,26.03,TRADE
NSW1,2008/11/27 23:00,8424.65,24.04,TRADE
NSW1,2008/11/27 23:30,8279.77,24.62,TRADE
NSW1,2008/11/28 0:00,8085.79,21.38,TRADE
NSW1,2008/11/28 0:30,7846.37,21.36,TRADE
NSW1,2008/11/28 1:00,7612.05,21.57,TRADE
NSW1,2008/11/28 1:30,7263.24,22,TRADE
NSW1,2008/11/28 2:00,6944.29,21.1,TRADE
NSW1,2008/11/28 2:30,6710.83,18,TRADE
NSW1,2008/11/28 3:00,6597.62,18,TRADE
NSW1,2008/11/28 3:30,6604.05,18,TRADE
NSW1,2008/11/28 4:00,6631.48,18,TRADE
NSW1,2008/11/28 4:30,6860.27,19.52,TRADE
NSW1,2008/11/28 5:00,7049.37,21.94,TRADE
NSW1,2008/11/28 5:30,7686.15,24.48,TRADE
NSW1,2008/11/28 6:00,8348.57,25.07,TRADE
NSW1,2008/11/28 6:30,8831.87,24.83,TRADE
NSW1,2008/11/28 7:00,9313.89,28.89,TRADE
NSW1,2008/11/28 7:30,9505.28,28.17,TRADE
NSW1,2008/11/28 8:00,9692.61,31.58,TRADE
NSW1,2008/11/28 8:30,9887.78,35,TRADE
NSW1,2008/11/28 9:00,10103.97,38.27,TRADE
NSW1,2008/11/28 9:30,10163.04,41.31,TRADE
NSW1,2008/11/28 10:00,10174.85,36.51,TRADE
NSW1,2008/11/28 10:30,10158.56,49.96,TRADE
NSW1,2008/11/28 11:00,10134.86,44.94,TRADE
NSW1,2008/11/28 11:30,10129.54,38.28,TRADE
NSW1,2008/11/28 12:00,10058.63,37.45,TRADE
NSW1,2008/11/28 12:30,10033.08,36.8,TRADE
NSW1,2008/11/28 13:00,9928.47,35.58,TRADE
NSW1,2008/11/28 13:30,9880.77,34.75,TRADE
NSW1,2008/11/28 14:00,9755.46,33.62,TRADE
NSW1,2008/11/28 14:30,9776.02,33.43,TRADE
NSW1,2008/11/28 15:00,9815.53,34.67,TRADE
NSW1,2008/11/28 15:30,9793.58,31.51,TRADE
NSW1,2008/11/28 16:00,9751.22,29.89,TRADE
NSW1,2008/11/28 16:30,9827.25,30.62,TRADE
NSW1,2008/11/28 17:00,9761.66,33.27,TRADE
NSW1,2008/11/28 17:30,9355.06,27.2,TRADE
NSW1,2008/11/28 18:00,9138.38,25.04,TRADE
NSW1,2008/11/28 18:30,8852.27,21.4,TRADE
NSW1,2008/11/28 19:00,8835.59,22.35,TRADE
NSW1,2008/11/28 19:30,8851.54,21.71,TRADE
NSW1,2008/11/28 20:00,8774.86,22,TRADE
NSW1,2008/11/28 20:30,8521.94,21.77,TRADE
NSW1,2008/11/28 21:00,8292.92,21.59,TRADE
NSW1,2008/11/28 21:30,8352.99,21.63,TRADE
NSW1,2008/11/28 22:00,8264.86,20.57,TRADE
NSW1,2008/11/28 22:30,8333.23,28,TRADE
NSW1,2008/11/28 23:00,8292.24,23.74,TRADE
NSW1,2008/11/28 23:30,8135.53,24.08,TRADE
NSW1,2008/11/29 0:00,7945.13,21.54,TRADE
NSW1,2008/11/29 0:30,7708.01,21.68,TRADE
NSW1,2008/11/29 1:00,7462.81,21.34,TRADE
NSW1,2008/11/29 1:30,7083.49,21.78,TRADE
NSW1,2008/11/29 2:00,6776.36,18.3,TRADE
NSW1,2008/11/29 2:30,6525,18.33,TRADE
NSW1,2008/11/29 3:00,6443.54,17.53,TRADE
NSW1,2008/11/29 3:30,6353.35,14.94,TRADE
NSW1,2008/11/29 4:00,6325.98,14.45,TRADE
NSW1,2008/11/29 4:30,6390.44,15.95,TRADE
NSW1,2008/11/29 5:00,6461.34,18,TRADE
NSW1,2008/11/29 5:30,6654.84,20.16,TRADE
NSW1,2008/11/29 6:00,6929.47,21.27,TRADE
NSW1,2008/11/29 6:30,7262.81,19.71,TRADE
NSW1,2008/11/29 7:00,7713.4,22.36,TRADE
NSW1,2008/11/29 7:30,8115.05,23.16,TRADE
NSW1,2008/11/29 8:00,8495.02,22.04,TRADE
NSW1,2008/11/29 8:30,8879.35,26.19,TRADE
NSW1,2008/11/29 9:00,9008.34,27.04,TRADE
NSW1,2008/11/29 9:30,9018.42,27,TRADE
NSW1,2008/11/29 10:00,8934.36,27,TRADE
NSW1,2008/11/29 10:30,8928.97,27,TRADE
NSW1,2008/11/29 11:00,8899.33,26.9,TRADE
NSW1,2008/11/29 11:30,8849.22,24.87,TRADE
NSW1,2008/11/29 12:00,8783.52,22,TRADE
NSW1,2008/11/29 12:30,8696.27,21.83,TRADE
NSW1,2008/11/29 13:00,8655.42,22,TRADE
NSW1,2008/11/29 13:30,8536.29,22.67,TRADE
NSW1,2008/11/29 14:00,8520.91,22,TRADE
NSW1,2008/11/29 14:30,8402.77,22,TRADE
NSW1,2008/11/29 15:00,8453.05,22,TRADE
NSW1,2008/11/29 15:30,8466.52,22.58,TRADE
NSW1,2008/11/29 16:00,8418.58,22,TRADE
NSW1,2008/11/29 16:30,8318.37,22,TRADE
NSW1,2008/11/29 17:00,8368.58,22,TRADE
NSW1,2008/11/29 17:30,8368.91,22,TRADE
NSW1,2008/11/29 18:00,8330.46,22,TRADE
NSW1,2008/11/29 18:30,8136.91,21.66,TRADE
NSW1,2008/11/29 19:00,8099.47,22,TRADE
NSW1,2008/11/29 19:30,8174.71,21.93,TRADE
NSW1,2008/11/29 20:00,8127.04,22,TRADE
NSW1,2008/11/29 20:30,7938.29,21.48,TRADE
NSW1,2008/11/29 21:00,7759.92,19.52,TRADE
NSW1,2008/11/29 21:30,7776.33,20.45,TRADE
NSW1,2008/11/29 22:00,7705.88,18.62,TRADE
NSW1,2008/11/29 22:30,7793.39,23.87,TRADE
NSW1,2008/11/29 23:00,7593.51,21.97,TRADE
NSW1,2008/11/29 23:30,7408.12,22,TRADE
NSW1,2008/11/30 0:00,7246.39,21.92,TRADE
NSW1,2008/11/30 0:30,7038.04,19.72,TRADE
NSW1,2008/11/30 1:00,6880.32,17.73,TRADE
NSW1,2008/11/30 1:30,6609.32,17.69,TRADE
NSW1,2008/11/30 2:00,6407.6,15.2,TRADE
NSW1,2008/11/30 2:30,6213.66,12.27,TRADE
NSW1,2008/11/30 3:00,6135.49,11.7,TRADE
NSW1,2008/11/30 3:30,6053,11.46,TRADE
NSW1,2008/11/30 4:00,6068.23,9.17,TRADE
NSW1,2008/11/30 4:30,6130.99,10.42,TRADE
NSW1,2008/11/30 5:00,6117.74,6.12,TRADE
NSW1,2008/11/30 5:30,6204.94,12,TRADE
NSW1,2008/11/30 6:00,6396.75,8.86,TRADE
NSW1,2008/11/30 6:30,6665.46,16.47,TRADE
NSW1,2008/11/30 7:00,7015.57,17.36,TRADE
NSW1,2008/11/30 7:30,7371.61,18,TRADE
NSW1,2008/11/30 8:00,7684.87,20.57,TRADE
NSW1,2008/11/30 8:30,7988.51,22,TRADE
NSW1,2008/11/30 9:00,8136.89,21.99,TRADE
NSW1,2008/11/30 9:30,8271.64,21.98,TRADE
NSW1,2008/11/30 10:00,8268.04,22,TRADE
NSW1,2008/11/30 10:30,8289.17,22,TRADE
NSW1,2008/11/30 11:00,8254.53,22,TRADE
NSW1,2008/11/30 11:30,8250,22,TRADE
NSW1,2008/11/30 12:00,8155.4,21.85,TRADE
NSW1,2008/11/30 12:30,8121.05,21.89,TRADE
NSW1,2008/11/30 13:00,7988.04,20.95,TRADE
NSW1,2008/11/30 13:30,7995.17,20.73,TRADE
NSW1,2008/11/30 14:00,7960.8,20.82,TRADE
NSW1,2008/11/30 14:30,8010.82,20.92,TRADE
NSW1,2008/11/30 15:00,8012.88,20.82,TRADE
NSW1,2008/11/30 15:30,8077.51,21.19,TRADE
NSW1,2008/11/30 16:00,8106.66,21.06,TRADE
NSW1,2008/11/30 16:30,8099.88,20.84,TRADE
NSW1,2008/11/30 17:00,8109.23,21.38,TRADE
NSW1,2008/11/30 17:30,8191.69,21.99,TRADE
NSW1,2008/11/30 18:00,8217.53,21.98,TRADE
NSW1,2008/11/30 18:30,8117.21,21.69,TRADE
NSW1,2008/11/30 19:00,8158.18,22,TRADE
NSW1,2008/11/30 19:30,8335.3,22.1,TRADE
NSW1,2008/11/30 20:00,8385.4,22.01,TRADE
NSW1,2008/11/30 20:30,8238.38,21.81,TRADE
NSW1,2008/11/30 21:00,7996.74,20.29,TRADE
NSW1,2008/11/30 21:30,7892.93,20.29,TRADE
NSW1,2008/11/30 22:00,7724.56,18.71,TRADE
NSW1,2008/11/30 22:30,7630.96,23.62,TRADE
NSW1,2008/11/30 23:00,7499.99,20.91,TRADE
NSW1,2008/11/30 23:30,7287.12,20.4,TRADE
NSW1,2008/12/1 0:00,7150.31,18.54,TRADE
?NSW1,2008/12/1 0:30,7013.8,17.52,TRADE
NSW1,2008/12/1 1:00,6865.35,15.67,TRADE
NSW1,2008/12/1 1:30,6625.11,16.72,TRADE
NSW1,2008/12/1 2:00,6408.11,14.72,TRADE
NSW1,2008/12/1 2:30,6242.11,11.78,TRADE
NSW1,2008/12/1 3:00,6189.88,11.92,TRADE
NSW1,2008/12/1 3:30,6191.88,11.65,TRADE
NSW1,2008/12/1 4:00,6262.22,11.63,TRADE
NSW1,2008/12/1 4:30,6452.34,12.74,TRADE
NSW1,2008/12/1 5:00,6679.01,17.09,TRADE
NSW1,2008/12/1 5:30,7350.77,21.33,TRADE
NSW1,2008/12/1 6:00,7985.69,21.67,TRADE
NSW1,2008/12/1 6:30,8437.42,21.44,TRADE
NSW1,2008/12/1 7:00,8962.44,25.48,TRADE
NSW1,2008/12/1 7:30,9169.81,24.64,TRADE
NSW1,2008/12/1 8:00,9384.8,22.48,TRADE
NSW1,2008/12/1 8:30,9630.5,23.01,TRADE
NSW1,2008/12/1 9:00,9773.93,26.38,TRADE
NSW1,2008/12/1 9:30,9828.4,27.22,TRADE
NSW1,2008/12/1 10:00,9965.84,29.55,TRADE
NSW1,2008/12/1 10:30,10030.37,31.63,TRADE
NSW1,2008/12/1 11:00,10087.12,32.54,TRADE
NSW1,2008/12/1 11:30,10152.73,28.48,TRADE
NSW1,2008/12/1 12:00,10194.33,33.45,TRADE
NSW1,2008/12/1 12:30,10236.47,32.36,TRADE
NSW1,2008/12/1 13:00,10291.25,33.86,TRADE
NSW1,2008/12/1 13:30,10319.84,35.29,TRADE
NSW1,2008/12/1 14:00,10294.55,35,TRADE
NSW1,2008/12/1 14:30,10287.86,35,TRADE
NSW1,2008/12/1 15:00,10355.48,35.16,TRADE
NSW1,2008/12/1 15:30,10400.82,35.14,TRADE
NSW1,2008/12/1 16:00,10424.56,35,TRADE
NSW1,2008/12/1 16:30,10397.94,35.33,TRADE
NSW1,2008/12/1 17:00,10301.22,31.91,TRADE
NSW1,2008/12/1 17:30,10055.06,31.06,TRADE
NSW1,2008/12/1 18:00,9876.55,28.32,TRADE
NSW1,2008/12/1 18:30,9621.65,24.77,TRADE
NSW1,2008/12/1 19:00,9540.15,26.35,TRADE
NSW1,2008/12/1 19:30,9585.79,29.35,TRADE
NSW1,2008/12/1 20:00,9467.22,29.52,TRADE
NSW1,2008/12/1 20:30,9169.06,25.66,TRADE
NSW1,2008/12/1 21:00,8766.09,21.99,TRADE
NSW1,2008/12/1 21:30,8723.83,22.11,TRADE
NSW1,2008/12/1 22:00,8438.15,21.44,TRADE
NSW1,2008/12/1 22:30,8380.38,25,TRADE
NSW1,2008/12/1 23:00,8210.76,23.69,TRADE
NSW1,2008/12/1 23:30,8049.73,24.5,TRADE
NSW1,2008/12/2 0:00,7880.08,21.91,TRADE
NSW1,2008/12/2 0:30,7691.27,20.21,TRADE
NSW1,2008/12/2 1:00,7414.6,18,TRADE
NSW1,2008/12/2 1:30,7106.75,17.61,TRADE
NSW1,2008/12/2 2:00,6755.33,14.09,TRADE
NSW1,2008/12/2 2:30,6565.75,15.33,TRADE
NSW1,2008/12/2 3:00,6475.39,14.89,TRADE
NSW1,2008/12/2 3:30,6456.09,15.12,TRADE
NSW1,2008/12/2 4:00,6513.05,15.46,TRADE
NSW1,2008/12/2 4:30,6735.01,18,TRADE
NSW1,2008/12/2 5:00,6908.07,19.97,TRADE
NSW1,2008/12/2 5:30,7593.45,22.25,TRADE
NSW1,2008/12/2 6:00,8232.1,23.16,TRADE
NSW1,2008/12/2 6:30,8650.51,24.02,TRADE
NSW1,2008/12/2 7:00,9067.14,27.08,TRADE
NSW1,2008/12/2 7:30,9319.56,27.29,TRADE
NSW1,2008/12/2 8:00,9497.75,26.97,TRADE
NSW1,2008/12/2 8:30,9703.13,26.99,TRADE
NSW1,2008/12/2 9:00,9892.14,29.4,TRADE
NSW1,2008/12/2 9:30,9998.19,26.98,TRADE
NSW1,2008/12/2 10:00,10015.74,29.06,TRADE
NSW1,2008/12/2 10:30,10057.42,36.95,TRADE
NSW1,2008/12/2 11:00,10134.92,38.15,TRADE
NSW1,2008/12/2 11:30,10226.25,36.05,TRADE
NSW1,2008/12/2 12:00,10239.86,35.56,TRADE
NSW1,2008/12/2 12:30,10259.4,29.17,TRADE
NSW1,2008/12/2 13:00,10370.57,33.25,TRADE
NSW1,2008/12/2 13:30,10377.27,35,TRADE
NSW1,2008/12/2 14:00,10421.98,36.38,TRADE
NSW1,2008/12/2 14:30,10448.76,37.02,TRADE
NSW1,2008/12/2 15:00,10554.01,42.56,TRADE
NSW1,2008/12/2 15:30,10639.89,41,TRADE
NSW1,2008/12/2 16:00,10609.81,39,TRADE
NSW1,2008/12/2 16:30,10525.65,35,TRADE
NSW1,2008/12/2 17:00,10355.24,35.11,TRADE
NSW1,2008/12/2 17:30,10035.95,28.24,TRADE
NSW1,2008/12/2 18:00,9834.98,23.45,TRADE
NSW1,2008/12/2 18:30,9499.46,21.9,TRADE
NSW1,2008/12/2 19:00,9394.94,22.83,TRADE
NSW1,2008/12/2 19:30,9542.78,32.95,TRADE
NSW1,2008/12/2 20:00,9469.04,32.9,TRADE
NSW1,2008/12/2 20:30,9186.83,30.06,TRADE
NSW1,2008/12/2 21:00,8836.6,27,TRADE
NSW1,2008/12/2 21:30,8840.99,26.6,TRADE
NSW1,2008/12/2 22:00,8552.33,22.2,TRADE
NSW1,2008/12/2 22:30,8497.16,27,TRADE
NSW1,2008/12/2 23:00,8387.56,26.3,TRADE
NSW1,2008/12/2 23:30,8179.12,25.33,TRADE
NSW1,2008/12/3 0:00,8031.31,23.84,TRADE
NSW1,2008/12/3 0:30,7790.57,22,TRADE
NSW1,2008/12/3 1:00,7589.31,22,TRADE
NSW1,2008/12/3 1:30,7214,22.82,TRADE
NSW1,2008/12/3 2:00,6945.57,22,TRADE
NSW1,2008/12/3 2:30,6717.17,21.4,TRADE
NSW1,2008/12/3 3:00,6602.53,20.85,TRADE
NSW1,2008/12/3 3:30,6532.24,21.24,TRADE
NSW1,2008/12/3 4:00,6660.33,22.6,TRADE
NSW1,2008/12/3 4:30,6935.44,22.23,TRADE
NSW1,2008/12/3 5:00,7198.7,23.38,TRADE
NSW1,2008/12/3 5:30,7776.8,30.75,TRADE
NSW1,2008/12/3 6:00,8381.57,37.28,TRADE
NSW1,2008/12/3 6:30,8771.51,35.93,TRADE
NSW1,2008/12/3 7:00,9132.24,34.26,TRADE
NSW1,2008/12/3 7:30,9403.7,28.94,TRADE
NSW1,2008/12/3 8:00,9607,31.16,TRADE
NSW1,2008/12/3 8:30,9905,37.83,TRADE
NSW1,2008/12/3 9:00,10116.4,38.2,TRADE
NSW1,2008/12/3 9:30,10241.55,42.78,TRADE
NSW1,2008/12/3 10:00,10380.19,41.39,TRADE
NSW1,2008/12/3 10:30,10435.33,36.79,TRADE
NSW1,2008/12/3 11:00,10511.76,31.32,TRADE
NSW1,2008/12/3 11:30,10531.94,32.27,TRADE
NSW1,2008/12/3 12:00,10599.37,32.74,TRADE
NSW1,2008/12/3 12:30,10618.5,36.22,TRADE
NSW1,2008/12/3 13:00,10553.87,35,TRADE
NSW1,2008/12/3 13:30,10762.42,35.81,TRADE
NSW1,2008/12/3 14:00,10828.62,39.08,TRADE
NSW1,2008/12/3 14:30,10892.11,38.29,TRADE
NSW1,2008/12/3 15:00,10987.03,38.88,TRADE
NSW1,2008/12/3 15:30,11041.41,39.74,TRADE
NSW1,2008/12/3 16:00,11016.99,39.89,TRADE
NSW1,2008/12/3 16:30,11006.06,40.59,TRADE
NSW1,2008/12/3 17:00,10865.5,30.31,TRADE
NSW1,2008/12/3 17:30,10554.15,26.71,TRADE
NSW1,2008/12/3 18:00,10310.05,22.22,TRADE
NSW1,2008/12/3 18:30,9861.23,22,TRADE
NSW1,2008/12/3 19:00,9594.67,21.76,TRADE
NSW1,2008/12/3 19:30,9640.22,22,TRADE
NSW1,2008/12/3 20:00,9540.11,22.83,TRADE
NSW1,2008/12/3 20:30,9186.26,21.91,TRADE
NSW1,2008/12/3 21:00,8835.44,21.51,TRADE
NSW1,2008/12/3 21:30,8755.78,23.39,TRADE
NSW1,2008/12/3 22:00,8464.81,21.37,TRADE
NSW1,2008/12/3 22:30,8399.29,23.73,TRADE
NSW1,2008/12/3 23:00,8265.23,22.06,TRADE
NSW1,2008/12/3 23:30,8079.7,21.97,TRADE
NSW1,2008/12/4 0:00,7890.6,21.68,TRADE
NSW1,2008/12/4 0:30,7679.79,20.48,TRADE
NSW1,2008/12/4 1:00,7432.7,19.6,TRADE
NSW1,2008/12/4 1:30,7121.41,20.98,TRADE
NSW1,2008/12/4 2:00,6790.21,20.52,TRADE
NSW1,2008/12/4 2:30,6601.44,19.33,TRADE
NSW1,2008/12/4 3:00,6465.06,19.44,TRADE
NSW1,2008/12/4 3:30,6484.46,19.11,TRADE
NSW1,2008/12/4 4:00,6540,19.49,TRADE
NSW1,2008/12/4 4:30,6749.12,20.06,TRADE
NSW1,2008/12/4 5:00,7002.25,20.83,TRADE
NSW1,2008/12/4 5:30,7622.54,23.5,TRADE
NSW1,2008/12/4 6:00,8265.48,23.14,TRADE
NSW1,2008/12/4 6:30,8680.79,24.86,TRADE
NSW1,2008/12/4 7:00,9150.54,29.38,TRADE
NSW1,2008/12/4 7:30,9341.58,28.34,TRADE
NSW1,2008/12/4 8:00,9523.43,29.44,TRADE
NSW1,2008/12/4 8:30,9711.15,32.48,TRADE
NSW1,2008/12/4 9:00,9672.52,28.15,TRADE
NSW1,2008/12/4 9:30,9873.02,31.83,TRADE
NSW1,2008/12/4 10:00,9930.81,33.07,TRADE
NSW1,2008/12/4 10:30,9893.37,33.92,TRADE
NSW1,2008/12/4 11:00,9905.2,32.36,TRADE
NSW1,2008/12/4 11:30,9883.88,27.3,TRADE
NSW1,2008/12/4 12:00,9862.72,27,TRADE
NSW1,2008/12/4 12:30,9907,25.64,TRADE
NSW1,2008/12/4 13:00,9880.72,24.4,TRADE
NSW1,2008/12/4 13:30,9882.58,23.32,TRADE
NSW1,2008/12/4 14:00,9869.35,25.93,TRADE
NSW1,2008/12/4 14:30,9823.62,22.62,TRADE
NSW1,2008/12/4 15:00,9798.52,26.1,TRADE
NSW1,2008/12/4 15:30,9776.97,23.98,TRADE
NSW1,2008/12/4 16:00,9748.25,23.58,TRADE
NSW1,2008/12/4 16:30,9649.74,22.25,TRADE
NSW1,2008/12/4 17:00,9604.12,21.83,TRADE
NSW1,2008/12/4 17:30,9402.84,21.5,TRADE
NSW1,2008/12/4 18:00,9267.83,21.71,TRADE
NSW1,2008/12/4 18:30,9186.51,21.83,TRADE
NSW1,2008/12/4 19:00,9122.54,21.91,TRADE
NSW1,2008/12/4 19:30,9247.17,22,TRADE
NSW1,2008/12/4 20:00,9139.02,22.05,TRADE
NSW1,2008/12/4 20:30,8963.94,22.13,TRADE
NSW1,2008/12/4 21:00,8626.63,21.25,TRADE
NSW1,2008/12/4 21:30,8636.87,22.63,TRADE
NSW1,2008/12/4 22:00,8417.38,21.8,TRADE
NSW1,2008/12/4 22:30,8365.48,25.47,TRADE
NSW1,2008/12/4 23:00,8229.45,22.36,TRADE
NSW1,2008/12/4 23:30,8055.53,21.91,TRADE
NSW1,2008/12/5 0:00,7904.14,21.75,TRADE
NSW1,2008/12/5 0:30,7609.36,20.83,TRADE
NSW1,2008/12/5 1:00,7451.68,19.82,TRADE
NSW1,2008/12/5 1:30,7124.8,18.84,TRADE
NSW1,2008/12/5 2:00,6780.91,18,TRADE
NSW1,2008/12/5 2:30,6595.75,18.34,TRADE
NSW1,2008/12/5 3:00,6540.89,19.38,TRADE
NSW1,2008/12/5 3:30,6514.35,18.28,TRADE
NSW1,2008/12/5 4:00,6605.66,19.42,TRADE
NSW1,2008/12/5 4:30,6830.66,20.71,TRADE
NSW1,2008/12/5 5:00,7075.19,21.9,TRADE
NSW1,2008/12/5 5:30,7664.02,21.77,TRADE
NSW1,2008/12/5 6:00,8284.9,22.89,TRADE
NSW1,2008/12/5 6:30,8758.92,22.7,TRADE
NSW1,2008/12/5 7:00,9172.97,26.57,TRADE
NSW1,2008/12/5 7:30,9436.91,26.89,TRADE
NSW1,2008/12/5 8:00,9577.81,29.68,TRADE
NSW1,2008/12/5 8:30,9832.11,34.05,TRADE
NSW1,2008/12/5 9:00,10008.15,31.34,TRADE
NSW1,2008/12/5 9:30,10082.06,35,TRADE
NSW1,2008/12/5 10:00,10144.58,34.91,TRADE
NSW1,2008/12/5 10:30,10201.85,37.79,TRADE
NSW1,2008/12/5 11:00,10285.9,40.11,TRADE
NSW1,2008/12/5 11:30,10271.49,44,TRADE
NSW1,2008/12/5 12:00,10328.51,48.8,TRADE
NSW1,2008/12/5 12:30,10422.19,41,TRADE
NSW1,2008/12/5 13:00,10598,57.94,TRADE
NSW1,2008/12/5 13:30,10664.43,71.4,TRADE
NSW1,2008/12/5 14:00,10777.02,91.99,TRADE
NSW1,2008/12/5 14:30,10786.54,80.63,TRADE
NSW1,2008/12/5 15:00,10942.83,99.01,TRADE
NSW1,2008/12/5 15:30,10989.94,89.63,TRADE
NSW1,2008/12/5 16:00,11082.65,94.73,TRADE
NSW1,2008/12/5 16:30,10905.64,55.1,TRADE
NSW1,2008/12/5 17:00,10716.37,40.24,TRADE
NSW1,2008/12/5 17:30,10319.94,35.77,TRADE
NSW1,2008/12/5 18:00,10060.64,37.08,TRADE
NSW1,2008/12/5 18:30,9781.95,28.68,TRADE
NSW1,2008/12/5 19:00,9631.95,29.91,TRADE
NSW1,2008/12/5 19:30,9621.34,33.51,TRADE
NSW1,2008/12/5 20:00,9643.24,35,TRADE
NSW1,2008/12/5 20:30,9416.67,32.9,TRADE
NSW1,2008/12/5 21:00,9129.59,26.26,TRADE
NSW1,2008/12/5 21:30,9111.77,25.03,TRADE
NSW1,2008/12/5 22:00,8913.6,22.38,TRADE
NSW1,2008/12/5 22:30,8876.02,26.95,TRADE
NSW1,2008/12/5 23:00,8676.28,24.8,TRADE
NSW1,2008/12/5 23:30,8429.94,25.05,TRADE
NSW1,2008/12/6 0:00,8194.66,22.83,TRADE
NSW1,2008/12/6 0:30,7956.57,21.51,TRADE
NSW1,2008/12/6 1:00,7592.3,21.98,TRADE
NSW1,2008/12/6 1:30,7235.31,22.6,TRADE
NSW1,2008/12/6 2:00,6950.07,21.13,TRADE
NSW1,2008/12/6 2:30,6747.7,18.86,TRADE
NSW1,2008/12/6 3:00,6610.86,19.36,TRADE
NSW1,2008/12/6 3:30,6552.39,18.33,TRADE
NSW1,2008/12/6 4:00,6529.25,17.68,TRADE
NSW1,2008/12/6 4:30,6594.61,18,TRADE
NSW1,2008/12/6 5:00,6604.33,18,TRADE
NSW1,2008/12/6 5:30,6820.24,21.5,TRADE
NSW1,2008/12/6 6:00,7122.91,22,TRADE
NSW1,2008/12/6 6:30,7528.77,21.47,TRADE
NSW1,2008/12/6 7:00,7980.83,22.01,TRADE
NSW1,2008/12/6 7:30,8491.25,22.39,TRADE
NSW1,2008/12/6 8:00,8932.93,23.28,TRADE
NSW1,2008/12/6 8:30,9438.03,29.87,TRADE
NSW1,2008/12/6 9:00,9641.07,32.07,TRADE
NSW1,2008/12/6 9:30,9862.69,33.15,TRADE
NSW1,2008/12/6 10:00,10084.79,37.77,TRADE
NSW1,2008/12/6 10:30,10182.67,40.47,TRADE
NSW1,2008/12/6 11:00,10340.43,41.61,TRADE
NSW1,2008/12/6 11:30,10433.48,47.31,TRADE
NSW1,2008/12/6 12:00,10443.36,50.32,TRADE
NSW1,2008/12/6 12:30,10473.2,43.06,TRADE
NSW1,2008/12/6 13:00,10469.59,50.43,TRADE
NSW1,2008/12/6 13:30,10480.09,58.26,TRADE
NSW1,2008/12/6 14:00,10392.45,46.53,TRADE
NSW1,2008/12/6 14:30,10388.13,44.58,TRADE
NSW1,2008/12/6 15:00,10412.12,40.94,TRADE
NSW1,2008/12/6 15:30,10369.32,40.76,TRADE
NSW1,2008/12/6 16:00,10281.94,40.96,TRADE
NSW1,2008/12/6 16:30,10045.88,34.51,TRADE
NSW1,2008/12/6 17:00,9888.09,32.9,TRADE
NSW1,2008/12/6 17:30,9627.68,30.61,TRADE
NSW1,2008/12/6 18:00,9315.4,25,TRADE
NSW1,2008/12/6 18:30,9116.34,22,TRADE
NSW1,2008/12/6 19:00,8964.59,22,TRADE
NSW1,2008/12/6 19:30,8939.94,22,TRADE
NSW1,2008/12/6 20:00,8930.96,22,TRADE
NSW1,2008/12/6 20:30,8676.46,22,TRADE
NSW1,2008/12/6 21:00,8506.06,22,TRADE
NSW1,2008/12/6 21:30,8403.99,22.31,TRADE
NSW1,2008/12/6 22:00,8233.92,21.33,TRADE
NSW1,2008/12/6 22:30,8218.52,24.04,TRADE
NSW1,2008/12/6 23:00,7940.15,22.01,TRADE
NSW1,2008/12/6 23:30,7787.6,22.74,TRADE
NSW1,2008/12/7 0:00,7524.18,21.39,TRADE
NSW1,2008/12/7 0:30,7337.43,21.22,TRADE
NSW1,2008/12/7 1:00,7107.35,19.94,TRADE
NSW1,2008/12/7 1:30,6787.46,19.94,TRADE
NSW1,2008/12/7 2:00,6545.47,18,TRADE
NSW1,2008/12/7 2:30,6417.49,18,TRADE
NSW1,2008/12/7 3:00,6313.7,15.87,TRADE
NSW1,2008/12/7 3:30,6258.56,15.87,TRADE
NSW1,2008/12/7 4:00,6242.93,15.26,TRADE
NSW1,2008/12/7 4:30,6285.04,14.97,TRADE
NSW1,2008/12/7 5:00,6309.51,16.94,TRADE
NSW1,2008/12/7 5:30,6411.78,17.62,TRADE
NSW1,2008/12/7 6:00,6540.35,20.61,TRADE
NSW1,2008/12/7 6:30,6856.67,20.49,TRADE
NSW1,2008/12/7 7:00,7132.46,21.86,TRADE
NSW1,2008/12/7 7:30,7544.02,22,TRADE
NSW1,2008/12/7 8:00,7850.95,22.67,TRADE
NSW1,2008/12/7 8:30,8204.47,25.34,TRADE
NSW1,2008/12/7 9:00,8430.48,24.09,TRADE
NSW1,2008/12/7 9:30,8594.67,23.77,TRADE
NSW1,2008/12/7 10:00,8629.79,24.78,TRADE
NSW1,2008/12/7 10:30,8578.39,22.45,TRADE
NSW1,2008/12/7 11:00,8593.2,21.5,TRADE
NSW1,2008/12/7 11:30,8537.69,22,TRADE
NSW1,2008/12/7 12:00,8573.13,22,TRADE
NSW1,2008/12/7 12:30,8535.45,24.54,TRADE
NSW1,2008/12/7 13:00,8555.68,22.82,TRADE
NSW1,2008/12/7 13:30,8459.69,22.51,TRADE
NSW1,2008/12/7 14:00,8445.01,22.85,TRADE
NSW1,2008/12/7 14:30,8499.93,23.8,TRADE
NSW1,2008/12/7 15:00,8472.02,24.16,TRADE
NSW1,2008/12/7 15:30,8533.74,21.83,TRADE
NSW1,2008/12/7 16:00,8446.71,22.04,TRADE
NSW1,2008/12/7 16:30,8406.65,22,TRADE
NSW1,2008/12/7 17:00,8437.44,22.02,TRADE
NSW1,2008/12/7 17:30,8503.55,22,TRADE
NSW1,2008/12/7 18:00,8457.47,21.99,TRADE
NSW1,2008/12/7 18:30,8417.55,22,TRADE
NSW1,2008/12/7 19:00,8444.3,22,TRADE
NSW1,2008/12/7 19:30,8552.59,22.39,TRADE
NSW1,2008/12/7 20:00,8558.39,21.83,TRADE
NSW1,2008/12/7 20:30,8403.78,22,TRADE
NSW1,2008/12/7 21:00,8180.53,22,TRADE
NSW1,2008/12/7 21:30,8046.06,22.99,TRADE
NSW1,2008/12/7 22:00,7854.74,21.17,TRADE
NSW1,2008/12/7 22:30,7805.76,24.03,TRADE
NSW1,2008/12/7 23:00,7593.56,22.41,TRADE
NSW1,2008/12/7 23:30,7378.19,22.08,TRADE
NSW1,2008/12/8 0:00,7230.23,21.14,TRADE
NSW1,2008/12/8 0:30,7142.32,20.57,TRADE
NSW1,2008/12/8 1:00,6957.53,21.13,TRADE
NSW1,2008/12/8 1:30,6688.91,22.22,TRADE
NSW1,2008/12/8 2:00,6436.01,18.33,TRADE
NSW1,2008/12/8 2:30,6337.88,18,TRADE
NSW1,2008/12/8 3:00,6290.9,17.11,TRADE
NSW1,2008/12/8 3:30,6322.16,15.72,TRADE
NSW1,2008/12/8 4:00,6410.83,16.52,TRADE
NSW1,2008/12/8 4:30,6636.6,17.57,TRADE
NSW1,2008/12/8 5:00,6926.56,18.65,TRADE
NSW1,2008/12/8 5:30,7531.18,24.29,TRADE
NSW1,2008/12/8 6:00,8200.22,24.22,TRADE
NSW1,2008/12/8 6:30,8628.7,23.22,TRADE
NSW1,2008/12/8 7:00,9110.03,27.02,TRADE
NSW1,2008/12/8 7:30,9359.71,27,TRADE
NSW1,2008/12/8 8:00,9527.83,27.54,TRADE
NSW1,2008/12/8 8:30,9818.35,33.81,TRADE
NSW1,2008/12/8 9:00,9978.5,32.92,TRADE
NSW1,2008/12/8 9:30,10050.62,34.22,TRADE
NSW1,2008/12/8 10:00,10091.48,34.84,TRADE
NSW1,2008/12/8 10:30,10110.59,34.7,TRADE
NSW1,2008/12/8 11:00,10119.72,34.36,TRADE
NSW1,2008/12/8 11:30,10102.15,34.48,TRADE
NSW1,2008/12/8 12:00,10136.87,34.33,TRADE
NSW1,2008/12/8 12:30,10163.41,33.28,TRADE
NSW1,2008/12/8 13:00,10065.22,28.91,TRADE
NSW1,2008/12/8 13:30,10165.38,33.75,TRADE
NSW1,2008/12/8 14:00,10090.48,32.24,TRADE
NSW1,2008/12/8 14:30,9977.05,31.89,TRADE
NSW1,2008/12/8 15:00,9963.25,31.55,TRADE
NSW1,2008/12/8 15:30,9995.35,32.31,TRADE
NSW1,2008/12/8 16:00,9986.44,31.46,TRADE
NSW1,2008/12/8 16:30,9924.7,29.04,TRADE
NSW1,2008/12/8 17:00,9848.13,27.21,TRADE
NSW1,2008/12/8 17:30,9564.96,26.48,TRADE
NSW1,2008/12/8 18:00,9465.95,25.28,TRADE
NSW1,2008/12/8 18:30,9192.35,23.7,TRADE
NSW1,2008/12/8 19:00,9101.58,25.84,TRADE
NSW1,2008/12/8 19:30,9153.78,26.46,TRADE
NSW1,2008/12/8 20:00,9155.85,26.35,TRADE
NSW1,2008/12/8 20:30,8917.64,22.37,TRADE
NSW1,2008/12/8 21:00,8500.45,21.55,TRADE
NSW1,2008/12/8 21:30,8516.67,21.89,TRADE
NSW1,2008/12/8 22:00,8266.37,21.73,TRADE
NSW1,2008/12/8 22:30,8256.6,24.74,TRADE
NSW1,2008/12/8 23:00,8150.84,23.21,TRADE
NSW1,2008/12/8 23:30,8008.89,22.75,TRADE
NSW1,2008/12/9 0:00,7841.92,22,TRADE
NSW1,2008/12/9 0:30,7677.72,20.17,TRADE
NSW1,2008/12/9 1:00,7454.21,18,TRADE
NSW1,2008/12/9 1:30,7113.95,18.55,TRADE
NSW1,2008/12/9 2:00,6828.28,16.18,TRADE
NSW1,2008/12/9 2:30,6607.18,13.57,TRADE
NSW1,2008/12/9 3:00,6490.02,12.9,TRADE
NSW1,2008/12/9 3:30,6491.54,13.46,TRADE
NSW1,2008/12/9 4:00,6547.47,13.52,TRADE
NSW1,2008/12/9 4:30,6767.48,17.6,TRADE
NSW1,2008/12/9 5:00,7012.67,18.9,TRADE
NSW1,2008/12/9 5:30,7594.45,21.86,TRADE
NSW1,2008/12/9 6:00,8213.23,24.13,TRADE
NSW1,2008/12/9 6:30,8586.51,22.67,TRADE
NSW1,2008/12/9 7:00,9062.42,24.87,TRADE
NSW1,2008/12/9 7:30,9315.91,26.61,TRADE
NSW1,2008/12/9 8:00,9483.52,26.54,TRADE
NSW1,2008/12/9 8:30,9734.77,29.22,TRADE
NSW1,2008/12/9 9:00,9940.75,30.38,TRADE
NSW1,2008/12/9 9:30,10050.81,30.72,TRADE
NSW1,2008/12/9 10:00,10181.72,32.43,TRADE
NSW1,2008/12/9 10:30,10269.03,34.29,TRADE
NSW1,2008/12/9 11:00,10374.61,36.66,TRADE
NSW1,2008/12/9 11:30,10476.3,41.72,TRADE
NSW1,2008/12/9 12:00,10506.38,38.78,TRADE
NSW1,2008/12/9 12:30,10607.55,37.98,TRADE
NSW1,2008/12/9 13:00,10658.37,38.64,TRADE
NSW1,2008/12/9 13:30,10730.11,37.55,TRADE
NSW1,2008/12/9 14:00,10782.06,38.44,TRADE
NSW1,2008/12/9 14:30,10786.3,37.38,TRADE
NSW1,2008/12/9 15:00,10874.18,35.31,TRADE
NSW1,2008/12/9 15:30,10982.34,41,TRADE
NSW1,2008/12/9 16:00,10961.38,41,TRADE
NSW1,2008/12/9 16:30,10815.83,35.32,TRADE
NSW1,2008/12/9 17:00,10676.44,35.53,TRADE
NSW1,2008/12/9 17:30,10343.98,34.52,TRADE
NSW1,2008/12/9 18:00,10110.45,29.19,TRADE
NSW1,2008/12/9 18:30,9815.39,25.7,TRADE
NSW1,2008/12/9 19:00,9734.11,26.52,TRADE
NSW1,2008/12/9 19:30,9772.76,32.24,TRADE
NSW1,2008/12/9 20:00,9783.83,33.14,TRADE
NSW1,2008/12/9 20:30,9449.05,28.63,TRADE
NSW1,2008/12/9 21:00,9152.14,22.84,TRADE
NSW1,2008/12/9 21:30,9069.39,21.86,TRADE
NSW1,2008/12/9 22:00,8779.69,21.8,TRADE
NSW1,2008/12/9 22:30,8698.5,24.49,TRADE
NSW1,2008/12/9 23:00,8508.36,23.19,TRADE
NSW1,2008/12/9 23:30,8253.25,22.07,TRADE
NSW1,2008/12/10 0:00,8060.28,22,TRADE
NSW1,2008/12/10 0:30,7830.3,21.2,TRADE
NSW1,2008/12/10 1:00,7594.4,21.06,TRADE
NSW1,2008/12/10 1:30,7245.77,21.25,TRADE
NSW1,2008/12/10 2:00,6972.86,18.41,TRADE
NSW1,2008/12/10 2:30,6760.69,15.25,TRADE
NSW1,2008/12/10 3:00,6614.55,15.27,TRADE
NSW1,2008/12/10 3:30,6635.35,14.93,TRADE
NSW1,2008/12/10 4:00,6706.01,16.24,TRADE
NSW1,2008/12/10 4:30,6926.63,17.5,TRADE
NSW1,2008/12/10 5:00,7140.95,18.61,TRADE
NSW1,2008/12/10 5:30,7763.65,22.17,TRADE
NSW1,2008/12/10 6:00,8427.28,24.44,TRADE
NSW1,2008/12/10 6:30,8885.03,25.34,TRADE
NSW1,2008/12/10 7:00,9338.42,31.23,TRADE
NSW1,2008/12/10 7:30,9607.74,31.42,TRADE
NSW1,2008/12/10 8:00,9848.41,33.03,TRADE
NSW1,2008/12/10 8:30,10144.93,34.83,TRADE
NSW1,2008/12/10 9:00,10245.47,33.13,TRADE
NSW1,2008/12/10 9:30,10348.6,34.45,TRADE
NSW1,2008/12/10 10:00,10401.34,35,TRADE
NSW1,2008/12/10 10:30,10382.86,34.83,TRADE
NSW1,2008/12/10 11:00,10391.19,34.67,TRADE
NSW1,2008/12/10 11:30,10278.16,34.59,TRADE
NSW1,2008/12/10 12:00,10284.03,35,TRADE
NSW1,2008/12/10 12:30,10265.15,35,TRADE
NSW1,2008/12/10 13:00,10220.24,35,TRADE
NSW1,2008/12/10 13:30,10204.96,35,TRADE
NSW1,2008/12/10 14:00,10107.49,28.78,TRADE
NSW1,2008/12/10 14:30,10064.19,26.99,TRADE
NSW1,2008/12/10 15:00,10034.01,27.55,TRADE
NSW1,2008/12/10 15:30,10029.44,28.3,TRADE
NSW1,2008/12/10 16:00,10020.43,28.97,TRADE
NSW1,2008/12/10 16:30,9945.69,27.08,TRADE
NSW1,2008/12/10 17:00,9897.1,26.75,TRADE
NSW1,2008/12/10 17:30,9642.81,22.12,TRADE
NSW1,2008/12/10 18:00,9500.44,22.3,TRADE
NSW1,2008/12/10 18:30,9271.36,22,TRADE
NSW1,2008/12/10 19:00,9215.61,22,TRADE
NSW1,2008/12/10 19:30,9241.9,26.37,TRADE
NSW1,2008/12/10 20:00,9181.34,25.48,TRADE
NSW1,2008/12/10 20:30,8930.72,22.03,TRADE
NSW1,2008/12/10 21:00,8612.38,21.8,TRADE
NSW1,2008/12/10 21:30,8613.51,22.97,TRADE
NSW1,2008/12/10 22:00,8445.47,21.71,TRADE
NSW1,2008/12/10 22:30,8374.02,25.01,TRADE
NSW1,2008/12/10 23:00,8252.19,22.75,TRADE
NSW1,2008/12/10 23:30,8135.86,26.61,TRADE
NSW1,2008/12/11 0:00,7964.32,24.65,TRADE
NSW1,2008/12/11 0:30,7777.22,21.77,TRADE
NSW1,2008/12/11 1:00,7526.09,22,TRADE
NSW1,2008/12/11 1:30,7175.52,23.12,TRADE
NSW1,2008/12/11 2:00,6872.52,21.49,TRADE
NSW1,2008/12/11 2:30,6670.16,18.67,TRADE
NSW1,2008/12/11 3:00,6596.46,17.45,TRADE
NSW1,2008/12/11 3:30,6621.26,16.5,TRADE
NSW1,2008/12/11 4:00,6632.6,15.6,TRADE
NSW1,2008/12/11 4:30,6863.07,17.83,TRADE
NSW1,2008/12/11 5:00,7120.54,21.43,TRADE
NSW1,2008/12/11 5:30,7718.48,22.19,TRADE
NSW1,2008/12/11 6:00,8344.42,24.86,TRADE
NSW1,2008/12/11 6:30,8765.76,24.17,TRADE
NSW1,2008/12/11 7:00,9182.66,28.18,TRADE
NSW1,2008/12/11 7:30,9383.37,33,TRADE
NSW1,2008/12/11 8:00,9427.15,31.68,TRADE
NSW1,2008/12/11 8:30,9651.12,34.29,TRADE
NSW1,2008/12/11 9:00,9730.65,35.94,TRADE
NSW1,2008/12/11 9:30,9849.83,35.99,TRADE
NSW1,2008/12/11 10:00,9826.95,37.62,TRADE
NSW1,2008/12/11 10:30,9814.87,38.81,TRADE
NSW1,2008/12/11 11:00,9859.66,37.19,TRADE
NSW1,2008/12/11 11:30,9761.98,36.34,TRADE
NSW1,2008/12/11 12:00,9702.6,38.29,TRADE
NSW1,2008/12/11 12:30,9795.22,39.61,TRADE
NSW1,2008/12/11 13:00,9765.75,34.77,TRADE
NSW1,2008/12/11 13:30,9714.13,34.38,TRADE
NSW1,2008/12/11 14:00,9706.31,33.22,TRADE
NSW1,2008/12/11 14:30,9676.73,34.57,TRADE
NSW1,2008/12/11 15:00,9668.66,34.09,TRADE
NSW1,2008/12/11 15:30,9667.95,34.25,TRADE
NSW1,2008/12/11 16:00,9672.11,31.29,TRADE
NSW1,2008/12/11 16:30,9615.28,31.16,TRADE
NSW1,2008/12/11 17:00,9639.59,27.79,TRADE
NSW1,2008/12/11 17:30,9453.33,26.66,TRADE
NSW1,2008/12/11 18:00,9403.65,27.48,TRADE
NSW1,2008/12/11 18:30,9227.44,27.15,TRADE
NSW1,2008/12/11 19:00,9175.17,26.91,TRADE
NSW1,2008/12/11 19:30,9282.57,32.13,TRADE
NSW1,2008/12/11 20:00,9214.54,30.98,TRADE
NSW1,2008/12/11 20:30,8949.22,28.72,TRADE
NSW1,2008/12/11 21:00,8642.82,24,TRADE
NSW1,2008/12/11 21:30,8642.64,22.35,TRADE
NSW1,2008/12/11 22:00,8395.8,21.08,TRADE
NSW1,2008/12/11 22:30,8345.15,23.64,TRADE
NSW1,2008/12/11 23:00,8246.75,22.88,TRADE
NSW1,2008/12/11 23:30,8058.88,21.92,TRADE
NSW1,2008/12/12 0:00,7898.78,21.99,TRADE
NSW1,2008/12/12 0:30,7662.6,21.11,TRADE
NSW1,2008/12/12 1:00,7464.53,19.73,TRADE
NSW1,2008/12/12 1:30,7118.64,20.28,TRADE
NSW1,2008/12/12 2:00,6797.36,17.25,TRADE
NSW1,2008/12/12 2:30,6576.53,15.31,TRADE
NSW1,2008/12/12 3:00,6476.77,13.54,TRADE
NSW1,2008/12/12 3:30,6465.46,13.27,TRADE
NSW1,2008/12/12 4:00,6530.32,14.58,TRADE
NSW1,2008/12/12 4:30,6709.92,16.67,TRADE
NSW1,2008/12/12 5:00,7081.83,20.25,TRADE
NSW1,2008/12/12 5:30,7647.42,22.03,TRADE
NSW1,2008/12/12 6:00,8308.81,22.99,TRADE
NSW1,2008/12/12 6:30,8744.46,23.4,TRADE
NSW1,2008/12/12 7:00,9139.43,30.57,TRADE
NSW1,2008/12/12 7:30,9326.53,29.85,TRADE
NSW1,2008/12/12 8:00,9408.92,29.33,TRADE
NSW1,2008/12/12 8:30,9586.2,32.29,TRADE
NSW1,2008/12/12 9:00,9697.76,30.7,TRADE
NSW1,2008/12/12 9:30,9694.7,32.37,TRADE
NSW1,2008/12/12 10:00,9711.39,31.87,TRADE
NSW1,2008/12/12 10:30,9684.43,31.2,TRADE
NSW1,2008/12/12 11:00,9702.89,28.97,TRADE
NSW1,2008/12/12 11:30,9679.98,26.57,TRADE
NSW1,2008/12/12 12:00,9629.65,24.17,TRADE
NSW1,2008/12/12 12:30,9608.88,22,TRADE
NSW1,2008/12/12 13:00,9587.84,22,TRADE
NSW1,2008/12/12 13:30,9576.16,22.11,TRADE
NSW1,2008/12/12 14:00,9439.15,24.02,TRADE
NSW1,2008/12/12 14:30,9445.08,22.01,TRADE
NSW1,2008/12/12 15:00,9549.39,22.02,TRADE
NSW1,2008/12/12 15:30,9526.31,21.67,TRADE
NSW1,2008/12/12 16:00,9586.54,22,TRADE
NSW1,2008/12/12 16:30,9541.81,22,TRADE
NSW1,2008/12/12 17:00,9476.37,22,TRADE
NSW1,2008/12/12 17:30,9314.58,22.75,TRADE
NSW1,2008/12/12 18:00,9179.32,21.61,TRADE
NSW1,2008/12/12 18:30,9003.65,21.91,TRADE
NSW1,2008/12/12 19:00,8967.02,22,TRADE
NSW1,2008/12/12 19:30,8952.76,22,TRADE
NSW1,2008/12/12 20:00,8824.56,21.93,TRADE
NSW1,2008/12/12 20:30,8534.32,21.65,TRADE
NSW1,2008/12/12 21:00,8329.7,20.69,TRADE
NSW1,2008/12/12 21:30,8428.22,21.01,TRADE
NSW1,2008/12/12 22:00,8289.03,18.94,TRADE
NSW1,2008/12/12 22:30,8344.03,24.35,TRADE
NSW1,2008/12/12 23:00,8238.25,22.62,TRADE
NSW1,2008/12/12 23:30,8112.81,22.27,TRADE
NSW1,2008/12/13 0:00,7914.26,21.47,TRADE
NSW1,2008/12/13 0:30,7685.85,18.77,TRADE
NSW1,2008/12/13 1:00,7424.66,18.83,TRADE
NSW1,2008/12/13 1:30,7112.02,17.34,TRADE
NSW1,2008/12/13 2:00,6785.88,14.33,TRADE
NSW1,2008/12/13 2:30,6521.3,12.19,TRADE
NSW1,2008/12/13 3:00,6372.32,12.08,TRADE
NSW1,2008/12/13 3:30,6274.67,12,TRADE
NSW1,2008/12/13 4:00,6287.48,12,TRADE
NSW1,2008/12/13 4:30,6356.28,12.06,TRADE
NSW1,2008/12/13 5:00,6428.88,12.71,TRADE
NSW1,2008/12/13 5:30,6666.86,17.14,TRADE
NSW1,2008/12/13 6:00,6964.16,18,TRADE
NSW1,2008/12/13 6:30,7343.01,19.56,TRADE
NSW1,2008/12/13 7:00,7789.28,19.45,TRADE
NSW1,2008/12/13 7:30,8227.69,21.6,TRADE
NSW1,2008/12/13 8:00,8620.7,23.26,TRADE
NSW1,2008/12/13 8:30,8881.9,23.89,TRADE
NSW1,2008/12/13 9:00,8881.59,24.65,TRADE
NSW1,2008/12/13 9:30,9084.25,25.96,TRADE
NSW1,2008/12/13 10:00,9339.52,30.27,TRADE
NSW1,2008/12/13 10:30,9253.03,24.45,TRADE
NSW1,2008/12/13 11:00,9277.99,22.43,TRADE
NSW1,2008/12/13 11:30,9202.68,22,TRADE
NSW1,2008/12/13 12:00,9239.58,22.67,TRADE
NSW1,2008/12/13 12:30,9233,22,TRADE
NSW1,2008/12/13 13:00,9213.96,22,TRADE
NSW1,2008/12/13 13:30,9221.21,22,TRADE
NSW1,2008/12/13 14:00,9083.54,21.67,TRADE
NSW1,2008/12/13 14:30,9180.74,22.44,TRADE
NSW1,2008/12/13 15:00,9239.17,22.75,TRADE
NSW1,2008/12/13 15:30,9242.54,24.94,TRADE
NSW1,2008/12/13 16:00,9293.43,25.75,TRADE
NSW1,2008/12/13 16:30,9173.9,22.75,TRADE
NSW1,2008/12/13 17:00,9143.6,22.87,TRADE
NSW1,2008/12/13 17:30,9045.16,22.71,TRADE
NSW1,2008/12/13 18:00,8855.27,21.67,TRADE
NSW1,2008/12/13 18:30,8637.2,21.54,TRADE
NSW1,2008/12/13 19:00,8486.52,22,TRADE
NSW1,2008/12/13 19:30,8526.22,22,TRADE
NSW1,2008/12/13 20:00,8605.84,22,TRADE
NSW1,2008/12/13 20:30,8440.49,22,TRADE
NSW1,2008/12/13 21:00,8207.71,21.14,TRADE
NSW1,2008/12/13 21:30,8154.81,20.67,TRADE
NSW1,2008/12/13 22:00,7961.79,19.17,TRADE
NSW1,2008/12/13 22:30,7947.54,22.32,TRADE
NSW1,2008/12/13 23:00,7724.9,21.85,TRADE
NSW1,2008/12/13 23:30,7521.05,21.16,TRADE
NSW1,2008/12/14 0:00,7307.03,20.54,TRADE
NSW1,2008/12/14 0:30,7144.75,18.09,TRADE
NSW1,2008/12/14 1:00,6945.88,16.95,TRADE
NSW1,2008/12/14 1:30,6661.8,16.55,TRADE
NSW1,2008/12/14 2:00,6433.21,13.32,TRADE
NSW1,2008/12/14 2:30,6259.72,12.07,TRADE
NSW1,2008/12/14 3:00,6170.06,11.85,TRADE
NSW1,2008/12/14 3:30,6124.89,5.59,TRADE
NSW1,2008/12/14 4:00,6111.02,5.06,TRADE
NSW1,2008/12/14 4:30,6137.81,6.97,TRADE
NSW1,2008/12/14 5:00,6134.08,8.15,TRADE
NSW1,2008/12/14 5:30,6229.23,11.78,TRADE
NSW1,2008/12/14 6:00,6418.97,12.11,TRADE
NSW1,2008/12/14 6:30,6714.27,17.13,TRADE
NSW1,2008/12/14 7:00,7077.69,17.56,TRADE
NSW1,2008/12/14 7:30,7483.79,15.65,TRADE
NSW1,2008/12/14 8:00,7770.06,17.5,TRADE
NSW1,2008/12/14 8:30,8051.19,18.86,TRADE
NSW1,2008/12/14 9:00,8247.38,21.58,TRADE
NSW1,2008/12/14 9:30,8381.79,21,TRADE
NSW1,2008/12/14 10:00,8364.73,20.95,TRADE
NSW1,2008/12/14 10:30,8393.7,21.05,TRADE
NSW1,2008/12/14 11:00,8327.14,21.49,TRADE
NSW1,2008/12/14 11:30,8315.56,21.5,TRADE
NSW1,2008/12/14 12:00,8265.3,20.99,TRADE
NSW1,2008/12/14 12:30,8205.18,21.13,TRADE
NSW1,2008/12/14 13:00,8112.95,21.04,TRADE
NSW1,2008/12/14 13:30,8047.52,20.55,TRADE
NSW1,2008/12/14 14:00,8002.42,19.92,TRADE
NSW1,2008/12/14 14:30,8016.55,19.99,TRADE
NSW1,2008/12/14 15:00,8029.07,20.79,TRADE
NSW1,2008/12/14 15:30,8050.85,20.76,TRADE
NSW1,2008/12/14 16:00,8091.38,21.05,TRADE
NSW1,2008/12/14 16:30,8036.71,20.61,TRADE
NSW1,2008/12/14 17:00,8075.99,21.4,TRADE
NSW1,2008/12/14 17:30,8111.95,21.32,TRADE
NSW1,2008/12/14 18:00,8077.93,21.07,TRADE
NSW1,2008/12/14 18:30,8028.07,20.86,TRADE
NSW1,2008/12/14 19:00,8020.28,21.03,TRADE
NSW1,2008/12/14 19:30,8167.86,22,TRADE
NSW1,2008/12/14 20:00,8325.99,22.67,TRADE
NSW1,2008/12/14 20:30,8209.28,21.57,TRADE
NSW1,2008/12/14 21:00,7973.7,21.14,TRADE
NSW1,2008/12/14 21:30,7875.93,20.97,TRADE
NSW1,2008/12/14 22:00,7660.94,18.98,TRADE
NSW1,2008/12/14 22:30,7649.84,23.24,TRADE
NSW1,2008/12/14 23:00,7407.44,20.94,TRADE
NSW1,2008/12/14 23:30,7288.2,21.11,TRADE
NSW1,2008/12/15 0:00,7149.05,21.58,TRADE
NSW1,2008/12/15 0:30,7041.93,19.06,TRADE
NSW1,2008/12/15 1:00,6861.96,18.33,TRADE
NSW1,2008/12/15 1:30,6623.1,18.62,TRADE
NSW1,2008/12/15 2:00,6414.36,16.65,TRADE
NSW1,2008/12/15 2:30,6260.01,12.52,TRADE
NSW1,2008/12/15 3:00,6179.45,11.96,TRADE
NSW1,2008/12/15 3:30,6213.59,11.95,TRADE
NSW1,2008/12/15 4:00,6304.8,12.2,TRADE
NSW1,2008/12/15 4:30,6545.18,14.12,TRADE
NSW1,2008/12/15 5:00,6794.74,18.44,TRADE
NSW1,2008/12/15 5:30,7405.01,21.33,TRADE
NSW1,2008/12/15 6:00,7986.17,22.32,TRADE
NSW1,2008/12/15 6:30,8410.91,21.4,TRADE
NSW1,2008/12/15 7:00,8894.15,25.26,TRADE
NSW1,2008/12/15 7:30,9121.27,26.38,TRADE
NSW1,2008/12/15 8:00,9300.73,25.78,TRADE
NSW1,2008/12/15 8:30,9467.95,22.05,TRADE
NSW1,2008/12/15 9:00,9552.76,23.58,TRADE
NSW1,2008/12/15 9:30,9589.79,24.68,TRADE
NSW1,2008/12/15 10:00,9694.11,25.69,TRADE
NSW1,2008/12/15 10:30,9648.47,22.48,TRADE
NSW1,2008/12/15 11:00,9643.01,22.11,TRADE
NSW1,2008/12/15 11:30,9595.02,22,TRADE
NSW1,2008/12/15 12:00,9623.84,22,TRADE
NSW1,2008/12/15 12:30,9634.12,21.57,TRADE
NSW1,2008/12/15 13:00,9646.73,22,TRADE
NSW1,2008/12/15 13:30,9693,22.03,TRADE
NSW1,2008/12/15 14:00,9684.38,22,TRADE
NSW1,2008/12/15 14:30,9651.39,22,TRADE
NSW1,2008/12/15 15:00,9632.24,22.27,TRADE
NSW1,2008/12/15 15:30,9638.99,22,TRADE
NSW1,2008/12/15 16:00,9576.78,22.01,TRADE
NSW1,2008/12/15 16:30,9538.21,22,TRADE
NSW1,2008/12/15 17:00,9438.39,21.56,TRADE
NSW1,2008/12/15 17:30,9150.56,21.86,TRADE
NSW1,2008/12/15 18:00,9017.02,21.32,TRADE
NSW1,2008/12/15 18:30,8770.45,20.17,TRADE
NSW1,2008/12/15 19:00,8659.22,21.97,TRADE
NSW1,2008/12/15 19:30,8790.06,22,TRADE
NSW1,2008/12/15 20:00,8904.52,22.37,TRADE
NSW1,2008/12/15 20:30,8728.86,22,TRADE
NSW1,2008/12/15 21:00,8426.33,21.7,TRADE
NSW1,2008/12/15 21:30,8437.9,21.82,TRADE
NSW1,2008/12/15 22:00,8202.3,19.31,TRADE
NSW1,2008/12/15 22:30,8197.41,23.91,TRADE
NSW1,2008/12/15 23:00,8095.82,22.28,TRADE
NSW1,2008/12/15 23:30,7938.98,21.62,TRADE
NSW1,2008/12/16 0:00,7772.56,20.19,TRADE
NSW1,2008/12/16 0:30,7609.04,19.46,TRADE
NSW1,2008/12/16 1:00,7394.27,19.69,TRADE
NSW1,2008/12/16 1:30,7054.62,19.44,TRADE
NSW1,2008/12/16 2:00,6752.01,16.14,TRADE
NSW1,2008/12/16 2:30,6534.41,12,TRADE
NSW1,2008/12/16 3:00,6427.4,11.85,TRADE
NSW1,2008/12/16 3:30,6405.8,10.02,TRADE
NSW1,2008/12/16 4:00,6474.33,11.38,TRADE
NSW1,2008/12/16 4:30,6682.27,12.45,TRADE
NSW1,2008/12/16 5:00,6908.86,17.19,TRADE
NSW1,2008/12/16 5:30,7513.64,21.42,TRADE
NSW1,2008/12/16 6:00,8110.98,21.8,TRADE
NSW1,2008/12/16 6:30,8467.38,21.85,TRADE
NSW1,2008/12/16 7:00,8858.62,21.37,TRADE
NSW1,2008/12/16 7:30,9041.78,22,TRADE
NSW1,2008/12/16 8:00,9209.61,22.12,TRADE
NSW1,2008/12/16 8:30,9408.05,22.16,TRADE
NSW1,2008/12/16 9:00,9588.36,22.08,TRADE
NSW1,2008/12/16 9:30,9665.47,22.58,TRADE
NSW1,2008/12/16 10:00,9757.55,26.38,TRADE
NSW1,2008/12/16 10:30,9771.62,26.74,TRADE
NSW1,2008/12/16 11:00,9829.69,26.5,TRADE
NSW1,2008/12/16 11:30,9904.54,26.5,TRADE
NSW1,2008/12/16 12:00,9875.45,31.22,TRADE
NSW1,2008/12/16 12:30,9936.83,32.29,TRADE
NSW1,2008/12/16 13:00,9984.37,32.11,TRADE
NSW1,2008/12/16 13:30,10060.88,33.13,TRADE
NSW1,2008/12/16 14:00,10051.78,34.21,TRADE
NSW1,2008/12/16 14:30,10028.96,34.31,TRADE
NSW1,2008/12/16 15:00,10115.33,34.91,TRADE
NSW1,2008/12/16 15:30,10168.48,34.73,TRADE
NSW1,2008/12/16 16:00,10203.58,34.91,TRADE
NSW1,2008/12/16 16:30,10127.43,33.21,TRADE
NSW1,2008/12/16 17:00,10039.3,31.34,TRADE
NSW1,2008/12/16 17:30,9777.51,31.89,TRADE
NSW1,2008/12/16 18:00,9595.44,27.93,TRADE
NSW1,2008/12/16 18:30,9276.87,24.22,TRADE
NSW1,2008/12/16 19:00,9099.23,21.98,TRADE
NSW1,2008/12/16 19:30,9171.53,22,TRADE
NSW1,2008/12/16 20:00,9235.35,22,TRADE
NSW1,2008/12/16 20:30,9039.69,22.09,TRADE
NSW1,2008/12/16 21:00,8724.57,21.78,TRADE
NSW1,2008/12/16 21:30,8683.93,21.72,TRADE
NSW1,2008/12/16 22:00,8436.3,21.4,TRADE
NSW1,2008/12/16 22:30,8322.98,24.3,TRADE
NSW1,2008/12/16 23:00,8180.8,22.56,TRADE
NSW1,2008/12/16 23:30,8051.07,23.31,TRADE
NSW1,2008/12/17 0:00,7867.42,21.95,TRADE
NSW1,2008/12/17 0:30,7640.85,20.49,TRADE
NSW1,2008/12/17 1:00,7363.84,20.67,TRADE
NSW1,2008/12/17 1:30,7082.39,19.98,TRADE
NSW1,2008/12/17 2:00,6794.04,16.98,TRADE
NSW1,2008/12/17 2:30,6521.32,13.47,TRADE
NSW1,2008/12/17 3:00,6410.45,12.41,TRADE
NSW1,2008/12/17 3:30,6371.2,12.48,TRADE
NSW1,2008/12/17 4:00,6405.49,12.47,TRADE
NSW1,2008/12/17 4:30,6627.85,15.35,TRADE
NSW1,2008/12/17 5:00,6824.19,17.62,TRADE
NSW1,2008/12/17 5:30,7412.32,21.86,TRADE
NSW1,2008/12/17 6:00,7977.74,21.88,TRADE
NSW1,2008/12/17 6:30,8304.87,21.63,TRADE
NSW1,2008/12/17 7:00,8785.52,23.8,TRADE
NSW1,2008/12/17 7:30,9065.74,23.43,TRADE
NSW1,2008/12/17 8:00,9292,24.4,TRADE
NSW1,2008/12/17 8:30,9576.39,30.98,TRADE
NSW1,2008/12/17 9:00,9798.91,30.6,TRADE
NSW1,2008/12/17 9:30,9927.99,32.79,TRADE
NSW1,2008/12/17 10:00,10056.27,32.96,TRADE
NSW1,2008/12/17 10:30,10107.21,33.97,TRADE
NSW1,2008/12/17 11:00,10178.26,35,TRADE
NSW1,2008/12/17 11:30,10253.48,35,TRADE
NSW1,2008/12/17 12:00,10278.19,35,TRADE
NSW1,2008/12/17 12:30,10346.43,35,TRADE
NSW1,2008/12/17 13:00,10419.94,34.62,TRADE
NSW1,2008/12/17 13:30,10460.86,38.35,TRADE
NSW1,2008/12/17 14:00,10428.25,35,TRADE
NSW1,2008/12/17 14:30,10383.52,35,TRADE
NSW1,2008/12/17 15:00,10396.86,32.64,TRADE
NSW1,2008/12/17 15:30,10339.18,32.5,TRADE
NSW1,2008/12/17 16:00,10291.16,31.84,TRADE
NSW1,2008/12/17 16:30,10155.41,29.77,TRADE
NSW1,2008/12/17 17:00,10119.69,34.22,TRADE
NSW1,2008/12/17 17:30,9857.9,30.2,TRADE
NSW1,2008/12/17 18:00,9635.03,27.65,TRADE
NSW1,2008/12/17 18:30,9324.28,26.58,TRADE
NSW1,2008/12/17 19:00,9150.82,25.83,TRADE
NSW1,2008/12/17 19:30,9179.77,26.59,TRADE
NSW1,2008/12/17 20:00,9199.84,26.78,TRADE
NSW1,2008/12/17 20:30,8971.5,25.6,TRADE
NSW1,2008/12/17 21:00,8699.12,22.19,TRADE
NSW1,2008/12/17 21:30,8695.16,21.87,TRADE
NSW1,2008/12/17 22:00,8433.83,21.21,TRADE
NSW1,2008/12/17 22:30,8367.68,25.91,TRADE
NSW1,2008/12/17 23:00,8221.99,22.75,TRADE
NSW1,2008/12/17 23:30,8032.28,22.47,TRADE
NSW1,2008/12/18 0:00,7826.74,22,TRADE
NSW1,2008/12/18 0:30,7612.31,21.17,TRADE
NSW1,2008/12/18 1:00,7354.23,19.42,TRADE
NSW1,2008/12/18 1:30,7042.69,20.87,TRADE
NSW1,2008/12/18 2:00,6757.31,18.21,TRADE
NSW1,2008/12/18 2:30,6550.58,15.73,TRADE
NSW1,2008/12/18 3:00,6444.34,15.2,TRADE
NSW1,2008/12/18 3:30,6445.04,14.17,TRADE
NSW1,2008/12/18 4:00,6480.05,14.77,TRADE
NSW1,2008/12/18 4:30,6695.26,17.67,TRADE
NSW1,2008/12/18 5:00,6914.69,19.59,TRADE
NSW1,2008/12/18 5:30,7487.98,22.44,TRADE
NSW1,2008/12/18 6:00,8112.97,23.18,TRADE
NSW1,2008/12/18 6:30,8521.52,24.47,TRADE
NSW1,2008/12/18 7:00,8991.17,26.66,TRADE
NSW1,2008/12/18 7:30,9275.78,29.75,TRADE
NSW1,2008/12/18 8:00,9540.3,32.64,TRADE
NSW1,2008/12/18 8:30,9831.81,31.99,TRADE
NSW1,2008/12/18 9:00,10019.04,31,TRADE
NSW1,2008/12/18 9:30,10189.54,27.46,TRADE
NSW1,2008/12/18 10:00,10326.46,30.38,TRADE
NSW1,2008/12/18 10:30,10366.98,29.3,TRADE
NSW1,2008/12/18 11:00,10506.28,30.22,TRADE
NSW1,2008/12/18 11:30,10614.64,28.93,TRADE
NSW1,2008/12/18 12:00,10752.83,34.69,TRADE
NSW1,2008/12/18 12:30,10838.7,35.27,TRADE
NSW1,2008/12/18 13:00,10844.83,35,TRADE
NSW1,2008/12/18 13:30,10853.82,35,TRADE
NSW1,2008/12/18 14:00,10768.55,34.82,TRADE
NSW1,2008/12/18 14:30,10818.69,35,TRADE
NSW1,2008/12/18 15:00,10886.41,35,TRADE
NSW1,2008/12/18 15:30,10963.04,35,TRADE
NSW1,2008/12/18 16:00,10945.94,35,TRADE
NSW1,2008/12/18 16:30,10781.19,35,TRADE
NSW1,2008/12/18 17:00,10706.4,35,TRADE
NSW1,2008/12/18 17:30,10332.61,29.2,TRADE
NSW1,2008/12/18 18:00,10089.81,26.75,TRADE
NSW1,2008/12/18 18:30,9839.77,26.78,TRADE
NSW1,2008/12/18 19:00,9603.2,24.27,TRADE
NSW1,2008/12/18 19:30,9524.21,23.89,TRADE
NSW1,2008/12/18 20:00,9498.82,24.6,TRADE
NSW1,2008/12/18 20:30,9277.48,22.14,TRADE
NSW1,2008/12/18 21:00,8960.6,22,TRADE
NSW1,2008/12/18 21:30,8934.41,21.49,TRADE
NSW1,2008/12/18 22:00,8590.98,20.55,TRADE
NSW1,2008/12/18 22:30,8526.87,25.38,TRADE
NSW1,2008/12/18 23:00,8332.67,21.29,TRADE
NSW1,2008/12/18 23:30,8109.15,23.04,TRADE
NSW1,2008/12/19 0:00,7851.47,21.88,TRADE
NSW1,2008/12/19 0:30,7619.95,19.48,TRADE
NSW1,2008/12/19 1:00,7343.16,18.85,TRADE
NSW1,2008/12/19 1:30,7052.35,20.33,TRADE
NSW1,2008/12/19 2:00,6763.92,17.64,TRADE
NSW1,2008/12/19 2:30,6549.58,13.05,TRADE
NSW1,2008/12/19 3:00,6450.26,12.78,TRADE
NSW1,2008/12/19 3:30,6444.62,12.84,TRADE
NSW1,2008/12/19 4:00,6500.58,13.37,TRADE
NSW1,2008/12/19 4:30,6705.06,16.75,TRADE
NSW1,2008/12/19 5:00,6920.77,18.9,TRADE
NSW1,2008/12/19 5:30,7467.03,21.62,TRADE
NSW1,2008/12/19 6:00,8050.21,22,TRADE
NSW1,2008/12/19 6:30,8432.32,21.35,TRADE
NSW1,2008/12/19 7:00,8893.98,22.04,TRADE
NSW1,2008/12/19 7:30,9171.09,21.86,TRADE
NSW1,2008/12/19 8:00,9401.41,26.18,TRADE
NSW1,2008/12/19 8:30,9648.66,28.99,TRADE
NSW1,2008/12/19 9:00,9820.36,30.57,TRADE
NSW1,2008/12/19 9:30,9913.9,28.94,TRADE
NSW1,2008/12/19 10:00,9977.36,29.7,TRADE
NSW1,2008/12/19 10:30,9973.71,30.04,TRADE
NSW1,2008/12/19 11:00,9968.79,27.39,TRADE
NSW1,2008/12/19 11:30,9985.02,27.04,TRADE
NSW1,2008/12/19 12:00,9947.89,26.91,TRADE
NSW1,2008/12/19 12:30,9939.55,24.27,TRADE
NSW1,2008/12/19 13:00,9904.3,23.69,TRADE
NSW1,2008/12/19 13:30,9868.27,26.99,TRADE
NSW1,2008/12/19 14:00,9808.05,27.21,TRADE
NSW1,2008/12/19 14:30,9736.61,22.89,TRADE
NSW1,2008/12/19 15:00,9653.93,21.05,TRADE
NSW1,2008/12/19 15:30,9470.78,22,TRADE
NSW1,2008/12/19 16:00,9407.65,22.05,TRADE
NSW1,2008/12/19 16:30,9276.9,22,TRADE
NSW1,2008/12/19 17:00,9148.63,24.33,TRADE
NSW1,2008/12/19 17:30,8837.85,21.66,TRADE
NSW1,2008/12/19 18:00,8670.06,22,TRADE
NSW1,2008/12/19 18:30,8479.96,21.99,TRADE
NSW1,2008/12/19 19:00,8382.17,22,TRADE
NSW1,2008/12/19 19:30,8462.79,22,TRADE
NSW1,2008/12/19 20:00,8524.41,22,TRADE
NSW1,2008/12/19 20:30,8424.47,22,TRADE
NSW1,2008/12/19 21:00,8207.09,22,TRADE
NSW1,2008/12/19 21:30,8294.49,21.83,TRADE
NSW1,2008/12/19 22:00,8178.33,20.83,TRADE
NSW1,2008/12/19 22:30,8236.99,25.78,TRADE
NSW1,2008/12/19 23:00,8148.7,21.95,TRADE
NSW1,2008/12/19 23:30,7915.72,22.22,TRADE
NSW1,2008/12/20 0:00,7718.72,21.65,TRADE
NSW1,2008/12/20 0:30,7512.99,18.81,TRADE
NSW1,2008/12/20 1:00,7210.45,19.33,TRADE
NSW1,2008/12/20 1:30,6870.64,18.71,TRADE
NSW1,2008/12/20 2:00,6576.7,14.34,TRADE
NSW1,2008/12/20 2:30,6346.18,12.19,TRADE
NSW1,2008/12/20 3:00,6216.86,12.48,TRADE
NSW1,2008/12/20 3:30,6163.2,12.05,TRADE
NSW1,2008/12/20 4:00,6189.21,11.7,TRADE
NSW1,2008/12/20 4:30,6242.73,12.08,TRADE
NSW1,2008/12/20 5:00,6284.93,12.05,TRADE
NSW1,2008/12/20 5:30,6465.29,12.91,TRADE
NSW1,2008/12/20 6:00,6699.43,14.03,TRADE
NSW1,2008/12/20 6:30,6980.22,16.74,TRADE
NSW1,2008/12/20 7:00,7357.24,18,TRADE
NSW1,2008/12/20 7:30,7792.11,19.77,TRADE
NSW1,2008/12/20 8:00,8029.14,20.63,TRADE
NSW1,2008/12/20 8:30,8290.91,23.55,TRADE
NSW1,2008/12/20 9:00,8432.69,22,TRADE
NSW1,2008/12/20 9:30,8541.63,22.07,TRADE
NSW1,2008/12/20 10:00,8512.22,22,TRADE
NSW1,2008/12/20 10:30,8469.78,22,TRADE
NSW1,2008/12/20 11:00,8453.61,22,TRADE
NSW1,2008/12/20 11:30,8386.27,22,TRADE
NSW1,2008/12/20 12:00,8316.75,22,TRADE
NSW1,2008/12/20 12:30,8277.84,22,TRADE
NSW1,2008/12/20 13:00,8210.14,22,TRADE
NSW1,2008/12/20 13:30,8142.73,22,TRADE
NSW1,2008/12/20 14:00,8050.19,22,TRADE
NSW1,2008/12/20 14:30,8038.31,22,TRADE
NSW1,2008/12/20 15:00,8043.89,22,TRADE
NSW1,2008/12/20 15:30,8037.97,21.7,TRADE
NSW1,2008/12/20 16:00,8063.38,21.99,TRADE
NSW1,2008/12/20 16:30,7991.85,21.13,TRADE
NSW1,2008/12/20 17:00,7987.83,19.81,TRADE
NSW1,2008/12/20 17:30,7956.45,19.82,TRADE
NSW1,2008/12/20 18:00,7914.19,19.86,TRADE
NSW1,2008/12/20 18:30,7820.84,18.7,TRADE
NSW1,2008/12/20 19:00,7746.81,18.58,TRADE
NSW1,2008/12/20 19:30,7859.27,18.77,TRADE
NSW1,2008/12/20 20:00,7982.17,18.93,TRADE
NSW1,2008/12/20 20:30,7883.82,18,TRADE
NSW1,2008/12/20 21:00,7735.81,18,TRADE
NSW1,2008/12/20 21:30,7746.89,18,TRADE
NSW1,2008/12/20 22:00,7646.04,17.37,TRADE
NSW1,2008/12/20 22:30,7659.08,22.35,TRADE
NSW1,2008/12/20 23:00,7465.27,19.17,TRADE
NSW1,2008/12/20 23:30,7278.69,19.47,TRADE
NSW1,2008/12/21 0:00,7118,18.1,TRADE
NSW1,2008/12/21 0:30,6957.5,17.08,TRADE
NSW1,2008/12/21 1:00,6767.45,16.8,TRADE
NSW1,2008/12/21 1:30,6499.22,15.36,TRADE
NSW1,2008/12/21 2:00,6301.33,12.72,TRADE
NSW1,2008/12/21 2:30,6122.83,10.54,TRADE
NSW1,2008/12/21 3:00,6028.4,3.7,TRADE
NSW1,2008/12/21 3:30,5957.76,3.29,TRADE
NSW1,2008/12/21 4:00,5954.78,3.97,TRADE
NSW1,2008/12/21 4:30,6006.12,5.13,TRADE
NSW1,2008/12/21 5:00,5984.05,1.61,TRADE
NSW1,2008/12/21 5:30,6123.47,4.49,TRADE
NSW1,2008/12/21 6:00,6315.22,8.78,TRADE
NSW1,2008/12/21 6:30,6570.54,13.44,TRADE
NSW1,2008/12/21 7:00,6922.96,13.88,TRADE
NSW1,2008/12/21 7:30,7303.64,17.58,TRADE
NSW1,2008/12/21 8:00,7607.85,18,TRADE
NSW1,2008/12/21 8:30,7873.83,20.38,TRADE
NSW1,2008/12/21 9:00,8027.26,19.95,TRADE
NSW1,2008/12/21 9:30,8134.71,21.07,TRADE
NSW1,2008/12/21 10:00,8136.85,20.96,TRADE
NSW1,2008/12/21 10:30,8169.26,19.86,TRADE
NSW1,2008/12/21 11:00,8161.38,18.97,TRADE
NSW1,2008/12/21 11:30,8110.94,19.7,TRADE
NSW1,2008/12/21 12:00,8048.75,19.91,TRADE
NSW1,2008/12/21 12:30,8031.78,20.2,TRADE
NSW1,2008/12/21 13:00,7983.32,21.96,TRADE
NSW1,2008/12/21 13:30,7952.43,21.98,TRADE
NSW1,2008/12/21 14:00,7948.03,21.84,TRADE
NSW1,2008/12/21 14:30,7968.24,21.81,TRADE
NSW1,2008/12/21 15:00,7954.41,22,TRADE
NSW1,2008/12/21 15:30,7989.87,22,TRADE
NSW1,2008/12/21 16:00,8013.3,22,TRADE
NSW1,2008/12/21 16:30,7967.13,22,TRADE
NSW1,2008/12/21 17:00,8021.41,22,TRADE
NSW1,2008/12/21 17:30,7986.41,22,TRADE
NSW1,2008/12/21 18:00,7972.48,22,TRADE
NSW1,2008/12/21 18:30,7888.17,21.76,TRADE
NSW1,2008/12/21 19:00,7842.52,21.36,TRADE
NSW1,2008/12/21 19:30,7980.6,21.86,TRADE
NSW1,2008/12/21 20:00,8170.99,23.29,TRADE
NSW1,2008/12/21 20:30,8076.86,21.68,TRADE
NSW1,2008/12/21 21:00,7887.63,19.11,TRADE
NSW1,2008/12/21 21:30,7851.61,19,TRADE
NSW1,2008/12/21 22:00,7690.01,17.15,TRADE
NSW1,2008/12/21 22:30,7581.89,23.1,TRADE
NSW1,2008/12/21 23:00,7377.28,20.38,TRADE
NSW1,2008/12/21 23:30,7163.49,18.73,TRADE
NSW1,2008/12/22 0:00,7043.5,17.06,TRADE
NSW1,2008/12/22 0:30,6914.6,13.86,TRADE
NSW1,2008/12/22 1:00,6750.78,14.9,TRADE
NSW1,2008/12/22 1:30,6517.55,13.64,TRADE
NSW1,2008/12/22 2:00,6308.33,11.57,TRADE
NSW1,2008/12/22 2:30,6207.06,6.26,TRADE
NSW1,2008/12/22 3:00,6134.98,4.19,TRADE
NSW1,2008/12/22 3:30,6115.5,6.09,TRADE
NSW1,2008/12/22 4:00,6185.25,6.27,TRADE
NSW1,2008/12/22 4:30,6344.42,11.27,TRADE
NSW1,2008/12/22 5:00,6453.59,12,TRADE
NSW1,2008/12/22 5:30,6928.28,16.36,TRADE
NSW1,2008/12/22 6:00,7391.19,17.27,TRADE
NSW1,2008/12/22 6:30,7734.85,17.87,TRADE
NSW1,2008/12/22 7:00,8179.22,19.59,TRADE
NSW1,2008/12/22 7:30,8497.08,20.35,TRADE
NSW1,2008/12/22 8:00,8833.02,22,TRADE
NSW1,2008/12/22 8:30,9137.31,21.83,TRADE
NSW1,2008/12/22 9:00,9293.53,22.24,TRADE
NSW1,2008/12/22 9:30,9424.52,22,TRADE
NSW1,2008/12/22 10:00,9485.69,22,TRADE
NSW1,2008/12/22 10:30,9490.39,22,TRADE
NSW1,2008/12/22 11:00,9581.95,22,TRADE
NSW1,2008/12/22 11:30,9602.54,22,TRADE
NSW1,2008/12/22 12:00,9582.28,21.99,TRADE
NSW1,2008/12/22 12:30,9616.86,22.16,TRADE
NSW1,2008/12/22 13:00,9654.59,23.03,TRADE
NSW1,2008/12/22 13:30,9724.16,26.38,TRADE
NSW1,2008/12/22 14:00,9746.9,26.49,TRADE
NSW1,2008/12/22 14:30,9775.37,25,TRADE
NSW1,2008/12/22 15:00,9825.32,25.06,TRADE
NSW1,2008/12/22 15:30,9866.41,25.42,TRADE
NSW1,2008/12/22 16:00,9844.18,22.91,TRADE
NSW1,2008/12/22 16:30,9784.79,24.65,TRADE
NSW1,2008/12/22 17:00,9738.27,24.31,TRADE
NSW1,2008/12/22 17:30,9486.23,22.12,TRADE
NSW1,2008/12/22 18:00,9315.12,21.94,TRADE
NSW1,2008/12/22 18:30,9026.04,22,TRADE
NSW1,2008/12/22 19:00,8886.76,21.97,TRADE
NSW1,2008/12/22 19:30,8928.57,22,TRADE
NSW1,2008/12/22 20:00,9051.49,22,TRADE
NSW1,2008/12/22 20:30,8882.78,21.95,TRADE
NSW1,2008/12/22 21:00,8580.36,21.92,TRADE
NSW1,2008/12/22 21:30,8608.93,21.66,TRADE
NSW1,2008/12/22 22:00,8353.3,19.78,TRADE
NSW1,2008/12/22 22:30,8285.27,23.29,TRADE
NSW1,2008/12/22 23:00,8120.69,22.24,TRADE
NSW1,2008/12/22 23:30,7918.49,21.27,TRADE
NSW1,2008/12/23 0:00,7742.09,20.48,TRADE
NSW1,2008/12/23 0:30,7499.41,17.89,TRADE
NSW1,2008/12/23 1:00,7278.31,16.03,TRADE
NSW1,2008/12/23 1:30,6943.17,17.89,TRADE
NSW1,2008/12/23 2:00,6667.52,13.85,TRADE
NSW1,2008/12/23 2:30,6434.61,9.6,TRADE
NSW1,2008/12/23 3:00,6341.37,6.76,TRADE
NSW1,2008/12/23 3:30,6324.46,10.46,TRADE
NSW1,2008/12/23 4:00,6358.82,12.26,TRADE
NSW1,2008/12/23 4:30,6537.41,8.86,TRADE
NSW1,2008/12/23 5:00,6700.58,13.4,TRADE
NSW1,2008/12/23 5:30,7138.71,17.79,TRADE
NSW1,2008/12/23 6:00,7591.72,20.86,TRADE
NSW1,2008/12/23 6:30,7915.39,19.61,TRADE
NSW1,2008/12/23 7:00,8386.06,21.96,TRADE
NSW1,2008/12/23 7:30,8732.92,21.85,TRADE
NSW1,2008/12/23 8:00,9040.56,22.26,TRADE
NSW1,2008/12/23 8:30,9345,22,TRADE
NSW1,2008/12/23 9:00,9502.87,22.2,TRADE
NSW1,2008/12/23 9:30,9600.95,22,TRADE
NSW1,2008/12/23 10:00,9649.9,22,TRADE
NSW1,2008/12/23 10:30,9682.08,22.02,TRADE
NSW1,2008/12/23 11:00,9664.47,22.37,TRADE
NSW1,2008/12/23 11:30,9668.8,25.69,TRADE
NSW1,2008/12/23 12:00,9680.14,26.5,TRADE
NSW1,2008/12/23 12:30,9673.44,26.01,TRADE
NSW1,2008/12/23 13:00,9632.99,24.31,TRADE
NSW1,2008/12/23 13:30,9615.92,23.27,TRADE
NSW1,2008/12/23 14:00,9643.39,22.59,TRADE
NSW1,2008/12/23 14:30,9703.43,22.8,TRADE
NSW1,2008/12/23 15:00,9757.12,22.94,TRADE
NSW1,2008/12/23 15:30,9762.43,26.05,TRADE
NSW1,2008/12/23 16:00,9777.97,26.35,TRADE
NSW1,2008/12/23 16:30,9630.87,23.48,TRADE
NSW1,2008/12/23 17:00,9591.39,22.69,TRADE
NSW1,2008/12/23 17:30,9298.82,22.19,TRADE
NSW1,2008/12/23 18:00,9101.24,21.95,TRADE
NSW1,2008/12/23 18:30,8896.09,21.5,TRADE
NSW1,2008/12/23 19:00,8793.16,22.1,TRADE
NSW1,2008/12/23 19:30,8819.75,22.08,TRADE
NSW1,2008/12/23 20:00,8813.37,22,TRADE
NSW1,2008/12/23 20:30,8653.46,22,TRADE
NSW1,2008/12/23 21:00,8394.45,21.9,TRADE
NSW1,2008/12/23 21:30,8441.96,22.07,TRADE
NSW1,2008/12/23 22:00,8288.35,20.3,TRADE
NSW1,2008/12/23 22:30,8263.18,26.57,TRADE
NSW1,2008/12/23 23:00,8124.66,22.96,TRADE
NSW1,2008/12/23 23:30,7910.06,21.88,TRADE
NSW1,2008/12/24 0:00,7669.02,21.8,TRADE
NSW1,2008/12/24 0:30,7424.52,19.08,TRADE
NSW1,2008/12/24 1:00,7170.49,18.98,TRADE
NSW1,2008/12/24 1:30,6829.39,17.98,TRADE
NSW1,2008/12/24 2:00,6562.61,16.22,TRADE
NSW1,2008/12/24 2:30,6337.82,14.62,TRADE
NSW1,2008/12/24 3:00,6239.81,13.38,TRADE
NSW1,2008/12/24 3:30,6210.37,12.78,TRADE
NSW1,2008/12/24 4:00,6248.05,12.62,TRADE
NSW1,2008/12/24 4:30,6391.25,14.17,TRADE
NSW1,2008/12/24 5:00,6563.06,16.4,TRADE
NSW1,2008/12/24 5:30,6921.4,17.44,TRADE
NSW1,2008/12/24 6:00,7336.06,18.78,TRADE
NSW1,2008/12/24 6:30,7656.95,19.29,TRADE
NSW1,2008/12/24 7:00,8059.14,21.18,TRADE
NSW1,2008/12/24 7:30,8399.44,21.06,TRADE
NSW1,2008/12/24 8:00,8648.23,22.08,TRADE
NSW1,2008/12/24 8:30,8955.03,21.62,TRADE
NSW1,2008/12/24 9:00,9065.52,19.81,TRADE
NSW1,2008/12/24 9:30,9140.14,22.43,TRADE
NSW1,2008/12/24 10:00,9077.92,22,TRADE
NSW1,2008/12/24 10:30,9111.44,22.13,TRADE
NSW1,2008/12/24 11:00,9131.66,22.62,TRADE
NSW1,2008/12/24 11:30,9049.73,22.37,TRADE
NSW1,2008/12/24 12:00,9013.36,23.93,TRADE
NSW1,2008/12/24 12:30,8967.09,25.79,TRADE
NSW1,2008/12/24 13:00,8864.71,22.08,TRADE
NSW1,2008/12/24 13:30,8822.55,21.89,TRADE
NSW1,2008/12/24 14:00,8767.97,22,TRADE
NSW1,2008/12/24 14:30,8620.65,22.12,TRADE
NSW1,2008/12/24 15:00,8678.06,22,TRADE
NSW1,2008/12/24 15:30,8673.2,22,TRADE
NSW1,2008/12/24 16:00,8658.65,22,TRADE
NSW1,2008/12/24 16:30,8592.76,22,TRADE
NSW1,2008/12/24 17:00,8475.38,22,TRADE
NSW1,2008/12/24 17:30,8200.73,22.08,TRADE
NSW1,2008/12/24 18:00,8017.85,21.96,TRADE
NSW1,2008/12/24 18:30,7813.07,21.68,TRADE
NSW1,2008/12/24 19:00,7727.07,21.87,TRADE
NSW1,2008/12/24 19:30,7779.18,22.01,TRADE
NSW1,2008/12/24 20:00,7839.38,22,TRADE
NSW1,2008/12/24 20:30,7749.43,21.96,TRADE
NSW1,2008/12/24 21:00,7596.24,21.34,TRADE
NSW1,2008/12/24 21:30,7797.93,22.12,TRADE
NSW1,2008/12/24 22:00,7760.75,20.74,TRADE
NSW1,2008/12/24 22:30,7904.11,24.71,TRADE
NSW1,2008/12/24 23:00,7752.63,21.88,TRADE
NSW1,2008/12/24 23:30,7541.08,21.79,TRADE
NSW1,2008/12/25 0:00,7339.17,20.94,TRADE
NSW1,2008/12/25 0:30,7138.47,21.55,TRADE
NSW1,2008/12/25 1:00,6874.64,18.67,TRADE
NSW1,2008/12/25 1:30,6534.61,17.52,TRADE
NSW1,2008/12/25 2:00,6210.38,14.44,TRADE
NSW1,2008/12/25 2:30,5973.08,15.59,TRADE
NSW1,2008/12/25 3:00,5847.92,13.18,TRADE
NSW1,2008/12/25 3:30,5749.67,7.94,TRADE
NSW1,2008/12/25 4:00,5714.14,5.45,TRADE
NSW1,2008/12/25 4:30,5757.34,8.2,TRADE
NSW1,2008/12/25 5:00,5767.24,9.19,TRADE
NSW1,2008/12/25 5:30,5929.39,12.42,TRADE
NSW1,2008/12/25 6:00,6137.91,12.34,TRADE
NSW1,2008/12/25 6:30,6325.25,16.77,TRADE
NSW1,2008/12/25 7:00,6638.66,17.32,TRADE
NSW1,2008/12/25 7:30,6921.76,18,TRADE
NSW1,2008/12/25 8:00,7121.33,18,TRADE
NSW1,2008/12/25 8:30,7357.9,20.68,TRADE
NSW1,2008/12/25 9:00,7489.32,21,TRADE
NSW1,2008/12/25 9:30,7593.37,21,TRADE
NSW1,2008/12/25 10:00,7629.11,20.82,TRADE
NSW1,2008/12/25 10:30,7626.88,20.55,TRADE
NSW1,2008/12/25 11:00,7592.04,20.92,TRADE
NSW1,2008/12/25 11:30,7518.63,20.97,TRADE
NSW1,2008/12/25 12:00,7403.94,19.7,TRADE
NSW1,2008/12/25 12:30,7300.68,20.27,TRADE
NSW1,2008/12/25 13:00,7189.71,19.09,TRADE
NSW1,2008/12/25 13:30,7124.86,18.12,TRADE
NSW1,2008/12/25 14:00,7133.68,18,TRADE
NSW1,2008/12/25 14:30,7161.73,18,TRADE
NSW1,2008/12/25 15:00,7202.98,18,TRADE
NSW1,2008/12/25 15:30,7253.64,20,TRADE
NSW1,2008/12/25 16:00,7271.98,19.78,TRADE
NSW1,2008/12/25 16:30,7253.16,18.29,TRADE
NSW1,2008/12/25 17:00,7268.92,19.04,TRADE
NSW1,2008/12/25 17:30,7185.41,17.83,TRADE
NSW1,2008/12/25 18:00,7119.75,18,TRADE
NSW1,2008/12/25 18:30,7051.87,18,TRADE
NSW1,2008/12/25 19:00,7025.49,17.93,TRADE
NSW1,2008/12/25 19:30,7167.78,18,TRADE
NSW1,2008/12/25 20:00,7381.33,21,TRADE
NSW1,2008/12/25 20:30,7365.45,19.87,TRADE
NSW1,2008/12/25 21:00,7292.33,19.17,TRADE
NSW1,2008/12/25 21:30,7389.22,21.32,TRADE
NSW1,2008/12/25 22:00,7360.85,19.15,TRADE
NSW1,2008/12/25 22:30,7443.47,23.44,TRADE
NSW1,2008/12/25 23:00,7365.57,22.23,TRADE
NSW1,2008/12/25 23:30,7186.98,21.76,TRADE
NSW1,2008/12/26 0:00,7034.88,21.18,TRADE
NSW1,2008/12/26 0:30,6839.43,20.24,TRADE
NSW1,2008/12/26 1:00,6630.7,18.52,TRADE
NSW1,2008/12/26 1:30,6332.63,17.59,TRADE
NSW1,2008/12/26 2:00,6036.77,15.66,TRADE
NSW1,2008/12/26 2:30,5834.88,13.82,TRADE
NSW1,2008/12/26 3:00,5727.61,12.59,TRADE
NSW1,2008/12/26 3:30,5664.89,12,TRADE
NSW1,2008/12/26 4:00,5631.96,12.61,TRADE
NSW1,2008/12/26 4:30,5678.95,12.72,TRADE
NSW1,2008/12/26 5:00,5660.93,12.32,TRADE
NSW1,2008/12/26 5:30,5759.73,12.37,TRADE
NSW1,2008/12/26 6:00,5899.17,13.9,TRADE
NSW1,2008/12/26 6:30,6085.67,14.23,TRADE
NSW1,2008/12/26 7:00,6364.77,16.79,TRADE
NSW1,2008/12/26 7:30,6704.68,18,TRADE
NSW1,2008/12/26 8:00,7014.44,19.34,TRADE
NSW1,2008/12/26 8:30,7367.33,20.99,TRADE
NSW1,2008/12/26 9:00,7638.23,21.5,TRADE
NSW1,2008/12/26 9:30,7872.04,22,TRADE
NSW1,2008/12/26 10:00,8059.71,22,TRADE
NSW1,2008/12/26 10:30,8184.07,22.03,TRADE
NSW1,2008/12/26 11:00,8338.21,22,TRADE
NSW1,2008/12/26 11:30,8418.26,22,TRADE
NSW1,2008/12/26 12:00,8499.07,22,TRADE
NSW1,2008/12/26 12:30,8557.83,22,TRADE
NSW1,2008/12/26 13:00,8633.71,22,TRADE
NSW1,2008/12/26 13:30,8712.98,22,TRADE
NSW1,2008/12/26 14:00,8788.82,22,TRADE
NSW1,2008/12/26 14:30,8839.83,22.01,TRADE
NSW1,2008/12/26 15:00,8907.94,22.6,TRADE
NSW1,2008/12/26 15:30,8955.91,26.72,TRADE
NSW1,2008/12/26 16:00,9002.06,26.52,TRADE
NSW1,2008/12/26 16:30,8992.91,25.4,TRADE
NSW1,2008/12/26 17:00,9036.41,26.18,TRADE
NSW1,2008/12/26 17:30,8922.48,23.65,TRADE
NSW1,2008/12/26 18:00,8818.17,22.55,TRADE
NSW1,2008/12/26 18:30,8653.8,22.04,TRADE
NSW1,2008/12/26 19:00,8529.87,22,TRADE
NSW1,2008/12/26 19:30,8554.22,22,TRADE
NSW1,2008/12/26 20:00,8666.69,22.15,TRADE
NSW1,2008/12/26 20:30,8541.77,22,TRADE
NSW1,2008/12/26 21:00,8314.51,21.63,TRADE
NSW1,2008/12/26 21:30,8284.41,21.91,TRADE
NSW1,2008/12/26 22:00,8136.3,21.34,TRADE
NSW1,2008/12/26 22:30,8101.63,27.1,TRADE
NSW1,2008/12/26 23:00,7946.64,22.28,TRADE
NSW1,2008/12/26 23:30,7734.8,21.9,TRADE
NSW1,2008/12/27 0:00,7523.63,22.01,TRADE
NSW1,2008/12/27 0:30,7310.2,21.5,TRADE
NSW1,2008/12/27 1:00,7052.11,20.63,TRADE
NSW1,2008/12/27 1:30,6721.28,21.74,TRADE
NSW1,2008/12/27 2:00,6448.83,19.28,TRADE
NSW1,2008/12/27 2:30,6216.38,18,TRADE
NSW1,2008/12/27 3:00,6127.89,18.6,TRADE
NSW1,2008/12/27 3:30,6052.25,15.75,TRADE
NSW1,2008/12/27 4:00,6043.83,15.7,TRADE
NSW1,2008/12/27 4:30,6082.85,16.39,TRADE
NSW1,2008/12/27 5:00,6060.69,14.05,TRADE
NSW1,2008/12/27 5:30,6151.94,16.54,TRADE
NSW1,2008/12/27 6:00,6372.01,19.57,TRADE
NSW1,2008/12/27 6:30,6671.96,18,TRADE
NSW1,2008/12/27 7:00,7044.32,19.83,TRADE
NSW1,2008/12/27 7:30,7455.64,20.67,TRADE
NSW1,2008/12/27 8:00,7825.72,22.21,TRADE
NSW1,2008/12/27 8:30,8262.63,26.65,TRADE
NSW1,2008/12/27 9:00,8454.65,26.54,TRADE
NSW1,2008/12/27 9:30,8689.3,26.5,TRADE
NSW1,2008/12/27 10:00,8747.39,27.87,TRADE
NSW1,2008/12/27 10:30,8840.57,30.29,TRADE
NSW1,2008/12/27 11:00,8946.59,33.53,TRADE
NSW1,2008/12/27 11:30,8986.08,35,TRADE
NSW1,2008/12/27 12:00,9080.44,35,TRADE
NSW1,2008/12/27 12:30,9115.34,35,TRADE
NSW1,2008/12/27 13:00,9154.96,31.71,TRADE
NSW1,2008/12/27 13:30,9218.52,31.47,TRADE
NSW1,2008/12/27 14:00,9208.4,31.48,TRADE
NSW1,2008/12/27 14:30,9172.18,29.14,TRADE
NSW1,2008/12/27 15:00,9108.75,28.41,TRADE
NSW1,2008/12/27 15:30,9041.14,27.07,TRADE
NSW1,2008/12/27 16:00,8990.63,26.5,TRADE
NSW1,2008/12/27 16:30,8730.11,24.45,TRADE
NSW1,2008/12/27 17:00,8660.38,24.7,TRADE
NSW1,2008/12/27 17:30,8481.08,22.25,TRADE
NSW1,2008/12/27 18:00,8370.81,21.98,TRADE
NSW1,2008/12/27 18:30,8248.51,22.02,TRADE
NSW1,2008/12/27 19:00,8177.51,22,TRADE
NSW1,2008/12/27 19:30,8199.95,21.97,TRADE
NSW1,2008/12/27 20:00,8158.02,22,TRADE
NSW1,2008/12/27 20:30,8030.37,22,TRADE
NSW1,2008/12/27 21:00,7798.43,22,TRADE
NSW1,2008/12/27 21:30,7779.4,22.14,TRADE
NSW1,2008/12/27 22:00,7645.08,22.34,TRADE
NSW1,2008/12/27 22:30,7604.39,28.84,TRADE
NSW1,2008/12/27 23:00,7427.28,24.39,TRADE
NSW1,2008/12/27 23:30,7268.1,24.79,TRADE
NSW1,2008/12/28 0:00,7132.32,23.68,TRADE
NSW1,2008/12/28 0:30,6931.61,21.74,TRADE
NSW1,2008/12/28 1:00,6723.16,21.61,TRADE
NSW1,2008/12/28 1:30,6443.53,21.76,TRADE
NSW1,2008/12/28 2:00,6224.86,20.76,TRADE
NSW1,2008/12/28 2:30,6045.4,19.1,TRADE
NSW1,2008/12/28 3:00,5977.55,18.71,TRADE
NSW1,2008/12/28 3:30,5933.43,17.83,TRADE
NSW1,2008/12/28 4:00,5940.94,17.1,TRADE
NSW1,2008/12/28 4:30,5964.62,17.67,TRADE
NSW1,2008/12/28 5:00,5952.12,17.22,TRADE
NSW1,2008/12/28 5:30,6007.33,17.16,TRADE
NSW1,2008/12/28 6:00,6167.02,18,TRADE
NSW1,2008/12/28 6:30,6445.15,20.47,TRADE
NSW1,2008/12/28 7:00,6781.61,21.64,TRADE
NSW1,2008/12/28 7:30,7205.17,22.76,TRADE
NSW1,2008/12/28 8:00,7547.78,24.14,TRADE
NSW1,2008/12/28 8:30,7952.3,26.5,TRADE
NSW1,2008/12/28 9:00,8192.99,22.05,TRADE
NSW1,2008/12/28 9:30,8419.21,22.1,TRADE
NSW1,2008/12/28 10:00,8591.1,25.63,TRADE
NSW1,2008/12/28 10:30,8713.74,26.59,TRADE
NSW1,2008/12/28 11:00,8825.01,27.07,TRADE
NSW1,2008/12/28 11:30,8958.13,33.35,TRADE
NSW1,2008/12/28 12:00,9066.63,33.9,TRADE
NSW1,2008/12/28 12:30,9176.51,35,TRADE
NSW1,2008/12/28 13:00,9237.73,35,TRADE
NSW1,2008/12/28 13:30,9271.86,35,TRADE
NSW1,2008/12/28 14:00,9331.4,35.44,TRADE
NSW1,2008/12/28 14:30,9379.92,36.21,TRADE
NSW1,2008/12/28 15:00,9353.19,35.91,TRADE
NSW1,2008/12/28 15:30,9293.3,35.23,TRADE
NSW1,2008/12/28 16:00,9311.5,35.99,TRADE
NSW1,2008/12/28 16:30,9323.76,36.5,TRADE
NSW1,2008/12/28 17:00,9362.47,39.28,TRADE
NSW1,2008/12/28 17:30,9359.99,35,TRADE
NSW1,2008/12/28 18:00,9261.24,35,TRADE
NSW1,2008/12/28 18:30,9074.59,27.92,TRADE
NSW1,2008/12/28 19:00,8911.92,26.5,TRADE
NSW1,2008/12/28 19:30,8870.57,26.02,TRADE
NSW1,2008/12/28 20:00,8979.9,26.53,TRADE
NSW1,2008/12/28 20:30,8870.63,25.63,TRADE
NSW1,2008/12/28 21:00,8619.65,21.78,TRADE
NSW1,2008/12/28 21:30,8468.38,21.52,TRADE
NSW1,2008/12/28 22:00,8179.38,21.17,TRADE
NSW1,2008/12/28 22:30,8018.02,27.53,TRADE
NSW1,2008/12/28 23:00,7695.37,21.53,TRADE
NSW1,2008/12/28 23:30,7430.13,23.5,TRADE
NSW1,2008/12/29 0:00,7233.44,21.98,TRADE
NSW1,2008/12/29 0:30,7016.07,21.52,TRADE
NSW1,2008/12/29 1:00,6802.51,19.77,TRADE
NSW1,2008/12/29 1:30,6553.34,19.95,TRADE
NSW1,2008/12/29 2:00,6322.1,15.55,TRADE
NSW1,2008/12/29 2:30,6195.07,15.23,TRADE
NSW1,2008/12/29 3:00,6108.76,16.05,TRADE
NSW1,2008/12/29 3:30,6132.97,16.87,TRADE
NSW1,2008/12/29 4:00,6141.51,16.99,TRADE
NSW1,2008/12/29 4:30,6254.09,17.83,TRADE
NSW1,2008/12/29 5:00,6348.96,18,TRADE
NSW1,2008/12/29 5:30,6616.94,19.44,TRADE
NSW1,2008/12/29 6:00,6934.03,21.06,TRADE
NSW1,2008/12/29 6:30,7277.33,20.5,TRADE
NSW1,2008/12/29 7:00,7677.05,22,TRADE
NSW1,2008/12/29 7:30,8117.53,24.26,TRADE
NSW1,2008/12/29 8:00,8507.52,23.06,TRADE
NSW1,2008/12/29 8:30,8894.92,25.32,TRADE
NSW1,2008/12/29 9:00,9104.72,26.73,TRADE
NSW1,2008/12/29 9:30,9231.8,27.32,TRADE
NSW1,2008/12/29 10:00,9333.08,32.77,TRADE
NSW1,2008/12/29 10:30,9352.94,34.54,TRADE
NSW1,2008/12/29 11:00,9375.31,35,TRADE
NSW1,2008/12/29 11:30,9360.97,35,TRADE
NSW1,2008/12/29 12:00,9317.26,35,TRADE
NSW1,2008/12/29 12:30,9245.93,35,TRADE
NSW1,2008/12/29 13:00,9173.51,35,TRADE
NSW1,2008/12/29 13:30,9049.52,34.69,TRADE
NSW1,2008/12/29 14:00,9004.33,32.93,TRADE
NSW1,2008/12/29 14:30,8684.81,27.9,TRADE
NSW1,2008/12/29 15:00,8672.85,26.83,TRADE
NSW1,2008/12/29 15:30,8926.91,29.88,TRADE
NSW1,2008/12/29 16:00,8941.25,31.74,TRADE
NSW1,2008/12/29 16:30,8944.75,31.72,TRADE
NSW1,2008/12/29 17:00,8945.74,31.68,TRADE
NSW1,2008/12/29 17:30,8668.54,26.1,TRADE
NSW1,2008/12/29 18:00,8558.24,25.98,TRADE
NSW1,2008/12/29 18:30,8398.25,25.54,TRADE
NSW1,2008/12/29 19:00,8278.6,25.77,TRADE
NSW1,2008/12/29 19:30,8268.49,25.41,TRADE
NSW1,2008/12/29 20:00,8251.64,23.36,TRADE
NSW1,2008/12/29 20:30,8083.82,23.16,TRADE
NSW1,2008/12/29 21:00,7835.42,21.74,TRADE
NSW1,2008/12/29 21:30,7894.71,22.78,TRADE
NSW1,2008/12/29 22:00,7719.04,21.29,TRADE
NSW1,2008/12/29 22:30,7756.99,28.91,TRADE
NSW1,2008/12/29 23:00,7670.63,25.28,TRADE
NSW1,2008/12/29 23:30,7529.42,24.32,TRADE
NSW1,2008/12/30 0:00,7362.03,21.94,TRADE
NSW1,2008/12/30 0:30,7158.18,21.72,TRADE
NSW1,2008/12/30 1:00,6932.51,21.74,TRADE
NSW1,2008/12/30 1:30,6625.56,20.92,TRADE
NSW1,2008/12/30 2:00,6364.68,17.9,TRADE
NSW1,2008/12/30 2:30,6149.19,16.4,TRADE
NSW1,2008/12/30 3:00,6051.94,15.88,TRADE
NSW1,2008/12/30 3:30,6004.27,15.01,TRADE
NSW1,2008/12/30 4:00,5987.38,14.67,TRADE
NSW1,2008/12/30 4:30,6115.77,16.67,TRADE
NSW1,2008/12/30 5:00,6236.35,18.93,TRADE
NSW1,2008/12/30 5:30,6503.96,20.27,TRADE
NSW1,2008/12/30 6:00,6789.24,21.36,TRADE
NSW1,2008/12/30 6:30,7047.4,18.5,TRADE
NSW1,2008/12/30 7:00,7300.67,20.37,TRADE
NSW1,2008/12/30 7:30,7652.61,23.13,TRADE
NSW1,2008/12/30 8:00,8094.98,22.45,TRADE
NSW1,2008/12/30 8:30,8453.72,26.47,TRADE
NSW1,2008/12/30 9:00,8667.08,25.65,TRADE
NSW1,2008/12/30 9:30,8801.3,25.74,TRADE
NSW1,2008/12/30 10:00,8906.56,22.11,TRADE
NSW1,2008/12/30 10:30,8921.78,21.72,TRADE
NSW1,2008/12/30 11:00,8990.68,22.12,TRADE
NSW1,2008/12/30 11:30,9064.27,25.92,TRADE
NSW1,2008/12/30 12:00,9123.29,34.11,TRADE
NSW1,2008/12/30 12:30,9202.91,29.5,TRADE
NSW1,2008/12/30 13:00,9240.3,24.4,TRADE
NSW1,2008/12/30 13:30,9264.31,28.72,TRADE
NSW1,2008/12/30 14:00,9340.81,29.69,TRADE
NSW1,2008/12/30 14:30,9409.79,32.37,TRADE
NSW1,2008/12/30 15:00,9444.12,34.81,TRADE
NSW1,2008/12/30 15:30,9500.78,34.5,TRADE
NSW1,2008/12/30 16:00,9610.3,35.19,TRADE
NSW1,2008/12/30 16:30,9622.74,35,TRADE
NSW1,2008/12/30 17:00,9597.4,35,TRADE
NSW1,2008/12/30 17:30,9354.02,31.15,TRADE
NSW1,2008/12/30 18:00,9219.6,26.66,TRADE
NSW1,2008/12/30 18:30,8952.47,25.23,TRADE
NSW1,2008/12/30 19:00,8745.78,23.17,TRADE
NSW1,2008/12/30 19:30,8734.79,22.36,TRADE
NSW1,2008/12/30 20:00,8819.96,23.62,TRADE
NSW1,2008/12/30 20:30,8653.61,22.28,TRADE
NSW1,2008/12/30 21:00,8365.73,22,TRADE
NSW1,2008/12/30 21:30,8354.53,22.03,TRADE
NSW1,2008/12/30 22:00,8135.77,21.1,TRADE
NSW1,2008/12/30 22:30,8131.88,25.59,TRADE
NSW1,2008/12/30 23:00,7953.54,23.15,TRADE
NSW1,2008/12/30 23:30,7752.24,23.52,TRADE
NSW1,2008/12/31 0:00,7531.52,21.79,TRADE
NSW1,2008/12/31 0:30,7305.51,21.44,TRADE
NSW1,2008/12/31 1:00,7068.37,20.57,TRADE
NSW1,2008/12/31 1:30,6717.86,19.66,TRADE
NSW1,2008/12/31 2:00,6422.1,16.75,TRADE
NSW1,2008/12/31 2:30,6228.96,14.39,TRADE
NSW1,2008/12/31 3:00,6098.7,14.71,TRADE
NSW1,2008/12/31 3:30,6069.4,14.73,TRADE
NSW1,2008/12/31 4:00,6089.12,17.01,TRADE
NSW1,2008/12/31 4:30,6189.47,17.43,TRADE
NSW1,2008/12/31 5:00,6259.53,17.06,TRADE
NSW1,2008/12/31 5:30,6502.08,16.9,TRADE
NSW1,2008/12/31 6:00,6781.9,17.83,TRADE
NSW1,2008/12/31 6:30,7079.18,19.14,TRADE
NSW1,2008/12/31 7:00,7430.06,20.83,TRADE
NSW1,2008/12/31 7:30,7799.05,22.07,TRADE
NSW1,2008/12/31 8:00,8205.35,23.05,TRADE
NSW1,2008/12/31 8:30,8611.01,22.98,TRADE
NSW1,2008/12/31 9:00,8812.28,22.54,TRADE
NSW1,2008/12/31 9:30,8942.02,25.92,TRADE
NSW1,2008/12/31 10:00,9050.13,26.55,TRADE
NSW1,2008/12/31 10:30,9069.95,26.68,TRADE
NSW1,2008/12/31 11:00,9139.2,27.97,TRADE
NSW1,2008/12/31 11:30,9209.06,32.76,TRADE
NSW1,2008/12/31 12:00,9291.78,30.49,TRADE
NSW1,2008/12/31 12:30,9374.79,26.5,TRADE
NSW1,2008/12/31 13:00,9440.35,27.37,TRADE
NSW1,2008/12/31 13:30,9481.2,28.31,TRADE
NSW1,2008/12/31 14:00,9561.24,30.55,TRADE
NSW1,2008/12/31 14:30,9596.51,33.58,TRADE
NSW1,2008/12/31 15:00,9703.35,34.76,TRADE
NSW1,2008/12/31 15:30,9713.16,35,TRADE
NSW1,2008/12/31 16:00,9734.36,34.47,TRADE
NSW1,2008/12/31 16:30,9641.21,35,TRADE
NSW1,2008/12/31 17:00,9420.66,25.78,TRADE
NSW1,2008/12/31 17:30,8997.37,23.6,TRADE
NSW1,2008/12/31 18:00,8727.16,22.55,TRADE
NSW1,2008/12/31 18:30,8326.72,21.52,TRADE
NSW1,2008/12/31 19:00,8011.72,21.84,TRADE
NSW1,2008/12/31 19:30,7886.81,21.99,TRADE
NSW1,2008/12/31 20:00,7915.6,21.68,TRADE
NSW1,2008/12/31 20:30,7720.5,21.16,TRADE
NSW1,2008/12/31 21:00,7560.66,21,TRADE
NSW1,2008/12/31 21:30,7787.83,21.5,TRADE
NSW1,2008/12/31 22:00,7782.06,21.14,TRADE
NSW1,2008/12/31 22:30,8000.57,29.72,TRADE
NSW1,2008/12/31 23:00,7947.48,23.9,TRADE
NSW1,2008/12/31 23:30,7861.5,23.47,TRADE
NSW1,2009/1/1 0:00,7769.09,21.45,TRADE
?NSW1,2009/1/1 0:30,7535,18.38,TRADE
NSW1,2009/1/1 1:00,7229.24,19.67,TRADE
NSW1,2009/1/1 1:30,6857.62,16.61,TRADE
NSW1,2009/1/1 2:00,6535.05,14.57,TRADE
NSW1,2009/1/1 2:30,6287.88,13.87,TRADE
NSW1,2009/1/1 3:00,6114.88,12.78,TRADE
NSW1,2009/1/1 3:30,5997.31,11.13,TRADE
NSW1,2009/1/1 4:00,5992.67,10.93,TRADE
NSW1,2009/1/1 4:30,5982.61,12,TRADE
NSW1,2009/1/1 5:00,5916.82,11.77,TRADE
NSW1,2009/1/1 5:30,5934.37,12,TRADE
NSW1,2009/1/1 6:00,6000.91,12,TRADE
NSW1,2009/1/1 6:30,6149.65,13.51,TRADE
NSW1,2009/1/1 7:00,6377.8,16.21,TRADE
NSW1,2009/1/1 7:30,6684.26,18.74,TRADE
NSW1,2009/1/1 8:00,6919.82,19.99,TRADE
NSW1,2009/1/1 8:30,7250.55,22,TRADE
NSW1,2009/1/1 9:00,7513.67,22,TRADE
NSW1,2009/1/1 9:30,7740.55,22.56,TRADE
NSW1,2009/1/1 10:00,7985.51,22.25,TRADE
NSW1,2009/1/1 10:30,8113.57,22.75,TRADE
NSW1,2009/1/1 11:00,8297.23,24.01,TRADE
NSW1,2009/1/1 11:30,8437.99,26.86,TRADE
NSW1,2009/1/1 12:00,8543.12,27.47,TRADE
NSW1,2009/1/1 12:30,8657.24,29.02,TRADE
NSW1,2009/1/1 13:00,8734.24,29,TRADE
NSW1,2009/1/1 13:30,8877.65,34.66,TRADE
NSW1,2009/1/1 14:00,8975.66,34.39,TRADE
NSW1,2009/1/1 14:30,9077.81,35.45,TRADE
NSW1,2009/1/1 15:00,9146.68,35.29,TRADE
NSW1,2009/1/1 15:30,9223.64,34.99,TRADE
NSW1,2009/1/1 16:00,9300.03,38.21,TRADE
NSW1,2009/1/1 16:30,9363.53,32.02,TRADE
NSW1,2009/1/1 17:00,9428.12,32.44,TRADE
NSW1,2009/1/1 17:30,9376.06,30.89,TRADE
NSW1,2009/1/1 18:00,9346.88,31.44,TRADE
NSW1,2009/1/1 18:30,9158.63,30.22,TRADE
NSW1,2009/1/1 19:00,9019.42,30,TRADE
NSW1,2009/1/1 19:30,8959.04,30,TRADE
NSW1,2009/1/1 20:00,9016.91,30,TRADE
NSW1,2009/1/1 20:30,8849.1,28.97,TRADE
NSW1,2009/1/1 21:00,8545.59,24.05,TRADE
NSW1,2009/1/1 21:30,8392.97,22.11,TRADE
NSW1,2009/1/1 22:00,8073.76,21.06,TRADE
NSW1,2009/1/1 22:30,7993.97,22.55,TRADE
NSW1,2009/1/1 23:00,7743.54,21.95,TRADE
NSW1,2009/1/1 23:30,7511.03,22,TRADE
NSW1,2009/1/2 0:00,7297.68,21.48,TRADE
NSW1,2009/1/2 0:30,7054.62,17.77,TRADE
NSW1,2009/1/2 1:00,6823.02,14.87,TRADE
NSW1,2009/1/2 1:30,6490.71,14.41,TRADE
NSW1,2009/1/2 2:00,6248.64,11.91,TRADE
NSW1,2009/1/2 2:30,6082.09,10.92,TRADE
NSW1,2009/1/2 3:00,6014.54,10.06,TRADE
NSW1,2009/1/2 3:30,5972.69,6.34,TRADE
NSW1,2009/1/2 4:00,5954.02,5.3,TRADE
NSW1,2009/1/2 4:30,6027.58,8.73,TRADE
NSW1,2009/1/2 5:00,6143.99,10.29,TRADE
NSW1,2009/1/2 5:30,6357.36,13.04,TRADE
NSW1,2009/1/2 6:00,6621.16,16.89,TRADE
NSW1,2009/1/2 6:30,6876.48,19.25,TRADE
NSW1,2009/1/2 7:00,7240.46,20.7,TRADE
NSW1,2009/1/2 7:30,7595.43,21.91,TRADE
NSW1,2009/1/2 8:00,7926.47,22.94,TRADE
NSW1,2009/1/2 8:30,8285.48,22.8,TRADE
NSW1,2009/1/2 9:00,8436.97,22.04,TRADE
NSW1,2009/1/2 9:30,8595.13,22,TRADE
NSW1,2009/1/2 10:00,8651.19,22,TRADE
NSW1,2009/1/2 10:30,8662.78,21.99,TRADE
NSW1,2009/1/2 11:00,8716.02,22,TRADE
NSW1,2009/1/2 11:30,8756.29,22,TRADE
NSW1,2009/1/2 12:00,8716.51,22,TRADE
NSW1,2009/1/2 12:30,8679.17,22,TRADE
NSW1,2009/1/2 13:00,8630.17,21.94,TRADE
NSW1,2009/1/2 13:30,8546.51,21.95,TRADE
NSW1,2009/1/2 14:00,8516.25,22,TRADE
NSW1,2009/1/2 14:30,8443.71,22,TRADE
NSW1,2009/1/2 15:00,8364.18,22,TRADE
NSW1,2009/1/2 15:30,8326.86,22,TRADE
NSW1,2009/1/2 16:00,8322.81,22.04,TRADE
NSW1,2009/1/2 16:30,8320.77,22,TRADE
NSW1,2009/1/2 17:00,8352.18,22,TRADE
NSW1,2009/1/2 17:30,8188.45,22,TRADE
NSW1,2009/1/2 18:00,8133.45,22,TRADE
NSW1,2009/1/2 18:30,7996.54,22.07,TRADE
NSW1,2009/1/2 19:00,7911.82,22,TRADE
NSW1,2009/1/2 19:30,7956.79,22,TRADE
NSW1,2009/1/2 20:00,7928.82,22,TRADE
NSW1,2009/1/2 20:30,7801.84,22.04,TRADE
NSW1,2009/1/2 21:00,7582.32,22,TRADE
NSW1,2009/1/2 21:30,7688.98,22.32,TRADE
NSW1,2009/1/2 22:00,7635.68,21.71,TRADE
NSW1,2009/1/2 22:30,7717.95,25.78,TRADE
NSW1,2009/1/2 23:00,7666.24,21.79,TRADE
NSW1,2009/1/2 23:30,7502.64,22.14,TRADE
NSW1,2009/1/3 0:00,7333.82,21.99,TRADE
NSW1,2009/1/3 0:30,7163.07,20.39,TRADE
NSW1,2009/1/3 1:00,6910.19,17.62,TRADE
NSW1,2009/1/3 1:30,6588.73,17.23,TRADE
NSW1,2009/1/3 2:00,6262.81,12.68,TRADE
NSW1,2009/1/3 2:30,6046.51,11.76,TRADE
NSW1,2009/1/3 3:00,5945.1,11.14,TRADE
NSW1,2009/1/3 3:30,5898.92,9.94,TRADE
NSW1,2009/1/3 4:00,5882.81,9.77,TRADE
NSW1,2009/1/3 4:30,5930.09,11,TRADE
NSW1,2009/1/3 5:00,5958.36,10.18,TRADE
NSW1,2009/1/3 5:30,6076.46,10.62,TRADE
NSW1,2009/1/3 6:00,6217.67,11.85,TRADE
NSW1,2009/1/3 6:30,6446.93,15.47,TRADE
NSW1,2009/1/3 7:00,6748.84,17.94,TRADE
NSW1,2009/1/3 7:30,7139.51,21.34,TRADE
NSW1,2009/1/3 8:00,7448.54,22,TRADE
NSW1,2009/1/3 8:30,7837.19,22.46,TRADE
NSW1,2009/1/3 9:00,7964.94,22.3,TRADE
NSW1,2009/1/3 9:30,8050.72,22.04,TRADE
NSW1,2009/1/3 10:00,8083.39,22,TRADE
NSW1,2009/1/3 10:30,8068.89,22,TRADE
NSW1,2009/1/3 11:00,8076.29,22,TRADE
NSW1,2009/1/3 11:30,8035.63,22,TRADE
NSW1,2009/1/3 12:00,8015.25,22,TRADE
NSW1,2009/1/3 12:30,7977.65,22,TRADE
NSW1,2009/1/3 13:00,7886.78,22,TRADE
NSW1,2009/1/3 13:30,7853.6,22,TRADE
NSW1,2009/1/3 14:00,7800.69,22,TRADE
NSW1,2009/1/3 14:30,7808.81,22,TRADE
NSW1,2009/1/3 15:00,7799.3,22,TRADE
NSW1,2009/1/3 15:30,7861.05,22.01,TRADE
NSW1,2009/1/3 16:00,7908.5,22,TRADE
NSW1,2009/1/3 16:30,7910.14,21.98,TRADE
NSW1,2009/1/3 17:00,7979.12,22,TRADE
NSW1,2009/1/3 17:30,7940.61,22,TRADE
NSW1,2009/1/3 18:00,7950.93,22,TRADE
NSW1,2009/1/3 18:30,7859.66,22,TRADE
NSW1,2009/1/3 19:00,7781.67,22,TRADE
NSW1,2009/1/3 19:30,7809.44,22,TRADE
NSW1,2009/1/3 20:00,7944.16,22.12,TRADE
NSW1,2009/1/3 20:30,7855.2,22,TRADE
NSW1,2009/1/3 21:00,7700.24,21.98,TRADE
NSW1,2009/1/3 21:30,7671.86,21.98,TRADE
NSW1,2009/1/3 22:00,7584.66,21.46,TRADE
NSW1,2009/1/3 22:30,7568.02,22.3,TRADE
NSW1,2009/1/3 23:00,7374.23,21.77,TRADE
NSW1,2009/1/3 23:30,7171.84,20.79,TRADE
NSW1,2009/1/4 0:00,6998.73,20,TRADE
NSW1,2009/1/4 0:30,6844.95,16.16,TRADE
NSW1,2009/1/4 1:00,6656.47,13.92,TRADE
NSW1,2009/1/4 1:30,6384.31,13.48,TRADE
NSW1,2009/1/4 2:00,6155.25,11.8,TRADE
NSW1,2009/1/4 2:30,5998.65,10.75,TRADE
NSW1,2009/1/4 3:00,5928.54,9.88,TRADE
NSW1,2009/1/4 3:30,5880.57,3.23,TRADE
NSW1,2009/1/4 4:00,5859.59,5.92,TRADE
NSW1,2009/1/4 4:30,5921.5,3.88,TRADE
NSW1,2009/1/4 5:00,5927.21,6.25,TRADE
NSW1,2009/1/4 5:30,6005.16,7.07,TRADE
NSW1,2009/1/4 6:00,6129.73,10.78,TRADE
NSW1,2009/1/4 6:30,6321.05,12.32,TRADE
NSW1,2009/1/4 7:00,6600.08,15.87,TRADE
NSW1,2009/1/4 7:30,6973.83,18.54,TRADE
NSW1,2009/1/4 8:00,7329.49,20.48,TRADE
NSW1,2009/1/4 8:30,7659.11,22,TRADE
NSW1,2009/1/4 9:00,7891.2,22.01,TRADE
NSW1,2009/1/4 9:30,8108.99,22.16,TRADE
NSW1,2009/1/4 10:00,8242.57,22,TRADE
NSW1,2009/1/4 10:30,8329.12,22,TRADE
NSW1,2009/1/4 11:00,8419.16,22,TRADE
NSW1,2009/1/4 11:30,8503.15,22,TRADE
NSW1,2009/1/4 12:00,8556.77,22,TRADE
NSW1,2009/1/4 12:30,8607.46,22,TRADE
NSW1,2009/1/4 13:00,8650.93,22,TRADE
NSW1,2009/1/4 13:30,8692,22.21,TRADE
NSW1,2009/1/4 14:00,8750.97,24.13,TRADE
NSW1,2009/1/4 14:30,8797.39,25.55,TRADE
NSW1,2009/1/4 15:00,8876.06,26.77,TRADE
NSW1,2009/1/4 15:30,8912.82,28.06,TRADE
NSW1,2009/1/4 16:00,8922.54,26.66,TRADE
NSW1,2009/1/4 16:30,8832.7,25.47,TRADE
NSW1,2009/1/4 17:00,8849.61,26.59,TRADE
NSW1,2009/1/4 17:30,8822.64,25.48,TRADE
NSW1,2009/1/4 18:00,8751.63,25.36,TRADE
NSW1,2009/1/4 18:30,8593.75,22.88,TRADE
NSW1,2009/1/4 19:00,8433.4,21.99,TRADE
NSW1,2009/1/4 19:30,8426.83,22,TRADE
NSW1,2009/1/4 20:00,8547.58,22,TRADE
NSW1,2009/1/4 20:30,8419.64,21.91,TRADE
NSW1,2009/1/4 21:00,8147.66,21.66,TRADE
NSW1,2009/1/4 21:30,8000.46,21.81,TRADE
NSW1,2009/1/4 22:00,7806.81,21.16,TRADE
NSW1,2009/1/4 22:30,7673.57,23.04,TRADE
NSW1,2009/1/4 23:00,7417.06,19.84,TRADE
NSW1,2009/1/4 23:30,7212.2,20.04,TRADE
NSW1,2009/1/5 0:00,7051.66,17.97,TRADE
NSW1,2009/1/5 0:30,6895.88,15.5,TRADE
NSW1,2009/1/5 1:00,6768.96,14.07,TRADE
NSW1,2009/1/5 1:30,6516.18,13.46,TRADE
NSW1,2009/1/5 2:00,6309.3,11.33,TRADE
NSW1,2009/1/5 2:30,6194.75,10.71,TRADE
NSW1,2009/1/5 3:00,6124.14,9.98,TRADE
NSW1,2009/1/5 3:30,6142.71,9.29,TRADE
NSW1,2009/1/5 4:00,6190.34,9.84,TRADE
NSW1,2009/1/5 4:30,6324.15,11.75,TRADE
NSW1,2009/1/5 5:00,6509.2,14.14,TRADE
NSW1,2009/1/5 5:30,6905.98,17.44,TRADE
NSW1,2009/1/5 6:00,7337.83,19.45,TRADE
NSW1,2009/1/5 6:30,7736.33,22.85,TRADE
NSW1,2009/1/5 7:00,8252.87,22.56,TRADE
NSW1,2009/1/5 7:30,8715.42,22.29,TRADE
NSW1,2009/1/5 8:00,9126.29,24.33,TRADE
NSW1,2009/1/5 8:30,9536.99,26.78,TRADE
NSW1,2009/1/5 9:00,9773.6,30.13,TRADE
NSW1,2009/1/5 9:30,10019.77,33.7,TRADE
NSW1,2009/1/5 10:00,10263.38,37.08,TRADE
NSW1,2009/1/5 10:30,10444.62,39.19,TRADE
NSW1,2009/1/5 11:00,10664.93,39.81,TRADE
NSW1,2009/1/5 11:30,10851.37,40,TRADE
NSW1,2009/1/5 12:00,11044.8,44.97,TRADE
NSW1,2009/1/5 12:30,11285.11,52.02,TRADE
NSW1,2009/1/5 13:00,11465.95,59.98,TRADE
NSW1,2009/1/5 13:30,11557.56,60.23,TRADE
NSW1,2009/1/5 14:00,11659.17,59.99,TRADE
NSW1,2009/1/5 14:30,11650.63,59.98,TRADE
NSW1,2009/1/5 15:00,11793.91,59.99,TRADE
NSW1,2009/1/5 15:30,11931.59,60.78,TRADE
NSW1,2009/1/5 16:00,11973.55,91.77,TRADE
NSW1,2009/1/5 16:30,11920.93,76.69,TRADE
NSW1,2009/1/5 17:00,11771.76,62.17,TRADE
NSW1,2009/1/5 17:30,11485.48,60,TRADE
NSW1,2009/1/5 18:00,11338.84,58.81,TRADE
NSW1,2009/1/5 18:30,11023.15,52.46,TRADE
NSW1,2009/1/5 19:00,10715.26,42.12,TRADE
NSW1,2009/1/5 19:30,10535.53,40.52,TRADE
NSW1,2009/1/5 20:00,10557.2,40.93,TRADE
NSW1,2009/1/5 20:30,10321.14,43.06,TRADE
NSW1,2009/1/5 21:00,9868.05,40.56,TRADE
NSW1,2009/1/5 21:30,9718.59,39.03,TRADE
NSW1,2009/1/5 22:00,9232.45,30.21,TRADE
NSW1,2009/1/5 22:30,9040.07,32.32,TRADE
NSW1,2009/1/5 23:00,8682.06,27.95,TRADE
NSW1,2009/1/5 23:30,8401.29,28.81,TRADE
NSW1,2009/1/6 0:00,8131.22,24.63,TRADE
NSW1,2009/1/6 0:30,7854.07,21.47,TRADE
NSW1,2009/1/6 1:00,7556.65,21.5,TRADE
NSW1,2009/1/6 1:30,7201.07,22.58,TRADE
NSW1,2009/1/6 2:00,6903.98,20.97,TRADE
NSW1,2009/1/6 2:30,6740.48,18.28,TRADE
NSW1,2009/1/6 3:00,6614.79,20.94,TRADE
NSW1,2009/1/6 3:30,6624.82,19.26,TRADE
NSW1,2009/1/6 4:00,6648.59,18.86,TRADE
NSW1,2009/1/6 4:30,6806,21.32,TRADE
NSW1,2009/1/6 5:00,6965.15,21.02,TRADE
NSW1,2009/1/6 5:30,7319.19,23.23,TRADE
NSW1,2009/1/6 6:00,7767.59,25.21,TRADE
NSW1,2009/1/6 6:30,8226.54,26.19,TRADE
NSW1,2009/1/6 7:00,8689.41,30.33,TRADE
NSW1,2009/1/6 7:30,9235.47,31.79,TRADE
NSW1,2009/1/6 8:00,9599.77,33.53,TRADE
NSW1,2009/1/6 8:30,10019.56,40,TRADE
NSW1,2009/1/6 9:00,10308.75,40.86,TRADE
NSW1,2009/1/6 9:30,10610.06,44.79,TRADE
NSW1,2009/1/6 10:00,10838.69,48.5,TRADE
NSW1,2009/1/6 10:30,11083.73,59.73,TRADE
NSW1,2009/1/6 11:00,11310.45,62.31,TRADE
NSW1,2009/1/6 11:30,11482.73,70.02,TRADE
NSW1,2009/1/6 12:00,11706.51,90.52,TRADE
NSW1,2009/1/6 12:30,11902.11,100.13,TRADE
NSW1,2009/1/6 13:00,11985.23,102.39,TRADE
NSW1,2009/1/6 13:30,12106.88,106.33,TRADE
NSW1,2009/1/6 14:00,12143.38,109.53,TRADE
NSW1,2009/1/6 14:30,12311.81,119.64,TRADE
NSW1,2009/1/6 15:00,12359.07,119.64,TRADE
NSW1,2009/1/6 15:30,12466.57,151.44,TRADE
NSW1,2009/1/6 16:00,12497.69,276.4,TRADE
NSW1,2009/1/6 16:30,12361.14,147.82,TRADE
NSW1,2009/1/6 17:00,12197.22,114.53,TRADE
NSW1,2009/1/6 17:30,11826.25,91.73,TRADE
NSW1,2009/1/6 18:00,11617.09,60.07,TRADE
NSW1,2009/1/6 18:30,11205.13,55.14,TRADE
NSW1,2009/1/6 19:00,10884.11,48.31,TRADE
NSW1,2009/1/6 19:30,10663.53,47.98,TRADE
NSW1,2009/1/6 20:00,10606.78,44.18,TRADE
NSW1,2009/1/6 20:30,10379.99,45.81,TRADE
NSW1,2009/1/6 21:00,9928.27,40.15,TRADE
NSW1,2009/1/6 21:30,9785.44,43.41,TRADE
NSW1,2009/1/6 22:00,9379.95,34.76,TRADE
NSW1,2009/1/6 22:30,9134.65,33.18,TRADE
NSW1,2009/1/6 23:00,8804.41,28.25,TRADE
NSW1,2009/1/6 23:30,8482.13,29.13,TRADE
NSW1,2009/1/7 0:00,8232.12,24.18,TRADE
NSW1,2009/1/7 0:30,7970.31,22.2,TRADE
NSW1,2009/1/7 1:00,7713.17,21.4,TRADE
NSW1,2009/1/7 1:30,7356.97,23.33,TRADE
NSW1,2009/1/7 2:00,7057.69,21.81,TRADE
NSW1,2009/1/7 2:30,6866.96,21.96,TRADE
NSW1,2009/1/7 3:00,6771.73,21.66,TRADE
NSW1,2009/1/7 3:30,6763.84,22,TRADE
NSW1,2009/1/7 4:00,6782.52,22,TRADE
NSW1,2009/1/7 4:30,6916.73,21.83,TRADE
NSW1,2009/1/7 5:00,7074.4,22.94,TRADE
NSW1,2009/1/7 5:30,7493.76,33.69,TRADE
NSW1,2009/1/7 6:00,7934,25.43,TRADE
NSW1,2009/1/7 6:30,8361.41,30,TRADE
NSW1,2009/1/7 7:00,8858.05,36.73,TRADE
NSW1,2009/1/7 7:30,9294.9,34.36,TRADE
NSW1,2009/1/7 8:00,9739.41,38.6,TRADE
NSW1,2009/1/7 8:30,10151.63,45.98,TRADE
NSW1,2009/1/7 9:00,10428.55,46.18,TRADE
NSW1,2009/1/7 9:30,10732.38,49.13,TRADE
NSW1,2009/1/7 10:00,11003.85,52.34,TRADE
NSW1,2009/1/7 10:30,11227.3,57.22,TRADE
NSW1,2009/1/7 11:00,11477.45,59.98,TRADE
NSW1,2009/1/7 11:30,11745.47,59.98,TRADE
NSW1,2009/1/7 12:00,11947.37,59.99,TRADE
NSW1,2009/1/7 12:30,12185.59,107.21,TRADE
NSW1,2009/1/7 13:00,12325.09,99.54,TRADE
NSW1,2009/1/7 13:30,12423.49,103.9,TRADE
NSW1,2009/1/7 14:00,12453.62,106.05,TRADE
NSW1,2009/1/7 14:30,12420.82,125.54,TRADE
NSW1,2009/1/7 15:00,12305.46,130.65,TRADE
NSW1,2009/1/7 15:30,12255.62,130.54,TRADE
NSW1,2009/1/7 16:00,12216.08,116.53,TRADE
NSW1,2009/1/7 16:30,12040.85,76.23,TRADE
NSW1,2009/1/7 17:00,11899.59,60,TRADE
NSW1,2009/1/7 17:30,11521.52,59.99,TRADE
NSW1,2009/1/7 18:00,11286.05,59.92,TRADE
NSW1,2009/1/7 18:30,11025.62,46.64,TRADE
NSW1,2009/1/7 19:00,10803.3,40,TRADE
NSW1,2009/1/7 19:30,10806.14,42.7,TRADE
NSW1,2009/1/7 20:00,10799.07,44.96,TRADE
NSW1,2009/1/7 20:30,10529.92,56.82,TRADE
NSW1,2009/1/7 21:00,10174.11,47.57,TRADE
NSW1,2009/1/7 21:30,10034.34,47.5,TRADE
NSW1,2009/1/7 22:00,9572.67,35.06,TRADE
NSW1,2009/1/7 22:30,9335.67,40.28,TRADE
NSW1,2009/1/7 23:00,8979.64,32.78,TRADE
NSW1,2009/1/7 23:30,8645.63,32.5,TRADE
NSW1,2009/1/8 0:00,8368.28,24.66,TRADE
NSW1,2009/1/8 0:30,8060.97,21.94,TRADE
NSW1,2009/1/8 1:00,7732.05,21.73,TRADE
NSW1,2009/1/8 1:30,7426.72,23.41,TRADE
NSW1,2009/1/8 2:00,7119.48,21.74,TRADE
NSW1,2009/1/8 2:30,6929.37,21.34,TRADE
NSW1,2009/1/8 3:00,6824.65,20.66,TRADE
NSW1,2009/1/8 3:30,6783.78,20.53,TRADE
NSW1,2009/1/8 4:00,6807.95,21.56,TRADE
NSW1,2009/1/8 4:30,6942.4,20.81,TRADE
NSW1,2009/1/8 5:00,7151.39,22.04,TRADE
NSW1,2009/1/8 5:30,7589.2,24.51,TRADE
NSW1,2009/1/8 6:00,7967.85,24.64,TRADE
NSW1,2009/1/8 6:30,8338.95,24.58,TRADE
NSW1,2009/1/8 7:00,8712.36,28.93,TRADE
NSW1,2009/1/8 7:30,9049.18,26.03,TRADE
NSW1,2009/1/8 8:00,9304,29.65,TRADE
NSW1,2009/1/8 8:30,9606.34,34.44,TRADE
NSW1,2009/1/8 9:00,9726.43,33.25,TRADE
NSW1,2009/1/8 9:30,9816.05,33.45,TRADE
NSW1,2009/1/8 10:00,9869.24,33.96,TRADE
NSW1,2009/1/8 10:30,9841.63,37.22,TRADE
NSW1,2009/1/8 11:00,9874.72,39.1,TRADE
NSW1,2009/1/8 11:30,9862.21,36.51,TRADE
NSW1,2009/1/8 12:00,9849.55,33.16,TRADE
NSW1,2009/1/8 12:30,9835.32,35.67,TRADE
NSW1,2009/1/8 13:00,9742.98,31.61,TRADE
NSW1,2009/1/8 13:30,9732.46,27.1,TRADE
NSW1,2009/1/8 14:00,9685.93,26.91,TRADE
NSW1,2009/1/8 14:30,9625.14,26.43,TRADE
NSW1,2009/1/8 15:00,9588.38,26.32,TRADE
NSW1,2009/1/8 15:30,9574.95,25.71,TRADE
NSW1,2009/1/8 16:00,9563.79,25.05,TRADE
NSW1,2009/1/8 16:30,9529.64,25.01,TRADE
NSW1,2009/1/8 17:00,9502.2,25.09,TRADE
NSW1,2009/1/8 17:30,9328.15,25.01,TRADE
NSW1,2009/1/8 18:00,9215.69,25,TRADE
NSW1,2009/1/8 18:30,9061.95,22.94,TRADE
NSW1,2009/1/8 19:00,8972.52,22.17,TRADE
NSW1,2009/1/8 19:30,8930.27,22.31,TRADE
NSW1,2009/1/8 20:00,8858.39,25,TRADE
NSW1,2009/1/8 20:30,8591.85,22.66,TRADE
NSW1,2009/1/8 21:00,8276.08,21.63,TRADE
NSW1,2009/1/8 21:30,8301.87,22.03,TRADE
NSW1,2009/1/8 22:00,8124.98,21.44,TRADE
NSW1,2009/1/8 22:30,8155.05,23.73,TRADE
NSW1,2009/1/8 23:00,8041.67,23.5,TRADE
NSW1,2009/1/8 23:30,7870.48,23.5,TRADE
NSW1,2009/1/9 0:00,7712.64,22.5,TRADE
NSW1,2009/1/9 0:30,7532.52,21.67,TRADE
NSW1,2009/1/9 1:00,7284.8,21.87,TRADE
NSW1,2009/1/9 1:30,6953.26,21.97,TRADE
NSW1,2009/1/9 2:00,6668.42,20.62,TRADE
NSW1,2009/1/9 2:30,6450.87,16.92,TRADE
NSW1,2009/1/9 3:00,6392.35,18.89,TRADE
NSW1,2009/1/9 3:30,6376.26,18.13,TRADE
NSW1,2009/1/9 4:00,6378.81,17.68,TRADE
NSW1,2009/1/9 4:30,6576.6,20.17,TRADE
NSW1,2009/1/9 5:00,6757.66,21.25,TRADE
NSW1,2009/1/9 5:30,7144.22,22.15,TRADE
NSW1,2009/1/9 6:00,7552.62,22.74,TRADE
NSW1,2009/1/9 6:30,7915.25,25.13,TRADE
NSW1,2009/1/9 7:00,8277.86,25.58,TRADE
NSW1,2009/1/9 7:30,8655.44,24.66,TRADE
NSW1,2009/1/9 8:00,8914.51,25.45,TRADE
NSW1,2009/1/9 8:30,9185.55,26.02,TRADE
NSW1,2009/1/9 9:00,9284.3,26.16,TRADE
NSW1,2009/1/9 9:30,9391.23,28.68,TRADE
NSW1,2009/1/9 10:00,9382.62,29.23,TRADE
NSW1,2009/1/9 10:30,9383.66,26.86,TRADE
NSW1,2009/1/9 11:00,9360.18,25.04,TRADE
NSW1,2009/1/9 11:30,9345.73,25.14,TRADE
NSW1,2009/1/9 12:00,9316.2,25.08,TRADE
NSW1,2009/1/9 12:30,9368.55,25.41,TRADE
NSW1,2009/1/9 13:00,9321.86,25.41,TRADE
NSW1,2009/1/9 13:30,9282.59,24.77,TRADE
NSW1,2009/1/9 14:00,9274.49,25.01,TRADE
NSW1,2009/1/9 14:30,9273.3,25.11,TRADE
NSW1,2009/1/9 15:00,9244.99,27.86,TRADE
NSW1,2009/1/9 15:30,9198.36,27.84,TRADE
NSW1,2009/1/9 16:00,9260.08,31.26,TRADE
NSW1,2009/1/9 16:30,9186.78,26.16,TRADE
NSW1,2009/1/9 17:00,9041.03,24.73,TRADE
NSW1,2009/1/9 17:30,8796.83,23.61,TRADE
NSW1,2009/1/9 18:00,8648.72,21.51,TRADE
NSW1,2009/1/9 18:30,8409.93,21.18,TRADE
NSW1,2009/1/9 19:00,8300.71,21.78,TRADE
NSW1,2009/1/9 19:30,8350.02,22,TRADE
NSW1,2009/1/9 20:00,8355.24,22,TRADE
NSW1,2009/1/9 20:30,8216.98,22,TRADE
NSW1,2009/1/9 21:00,8030.53,21.98,TRADE
NSW1,2009/1/9 21:30,8131.93,23.03,TRADE
NSW1,2009/1/9 22:00,8041.67,21.96,TRADE
NSW1,2009/1/9 22:30,8116.68,24.21,TRADE
NSW1,2009/1/9 23:00,7989.46,22.82,TRADE
NSW1,2009/1/9 23:30,7843.13,25,TRADE
NSW1,2009/1/10 0:00,7670.81,22.55,TRADE
NSW1,2009/1/10 0:30,7474.04,22.1,TRADE
NSW1,2009/1/10 1:00,7163.73,21.72,TRADE
NSW1,2009/1/10 1:30,6850.14,21.35,TRADE
NSW1,2009/1/10 2:00,6587.94,15.71,TRADE
NSW1,2009/1/10 2:30,6388.51,13.34,TRADE
NSW1,2009/1/10 3:00,6249.24,12.49,TRADE
NSW1,2009/1/10 3:30,6153.3,12.84,TRADE
NSW1,2009/1/10 4:00,6114.95,12.68,TRADE
NSW1,2009/1/10 4:30,6212.21,14.7,TRADE
NSW1,2009/1/10 5:00,6269.67,14.27,TRADE
NSW1,2009/1/10 5:30,6354.56,15.86,TRADE
NSW1,2009/1/10 6:00,6577.94,18.84,TRADE
NSW1,2009/1/10 6:30,6815.23,21.32,TRADE
NSW1,2009/1/10 7:00,7150.13,22.1,TRADE
NSW1,2009/1/10 7:30,7562.02,21.99,TRADE
NSW1,2009/1/10 8:00,7960.52,22.03,TRADE
NSW1,2009/1/10 8:30,8345.39,23.63,TRADE
NSW1,2009/1/10 9:00,8494.48,24.83,TRADE
NSW1,2009/1/10 9:30,8576.13,25.63,TRADE
NSW1,2009/1/10 10:00,8582.67,27.07,TRADE
NSW1,2009/1/10 10:30,8568.59,26.71,TRADE
NSW1,2009/1/10 11:00,8517.72,24.95,TRADE
NSW1,2009/1/10 11:30,8488.57,24.98,TRADE
NSW1,2009/1/10 12:00,8477.56,24.8,TRADE
NSW1,2009/1/10 12:30,8447.68,25.01,TRADE
NSW1,2009/1/10 13:00,8373.16,24.7,TRADE
NSW1,2009/1/10 13:30,8315.16,24.36,TRADE
NSW1,2009/1/10 14:00,8306.56,24.5,TRADE
NSW1,2009/1/10 14:30,8262.06,24.2,TRADE
NSW1,2009/1/10 15:00,8320.59,24.58,TRADE
NSW1,2009/1/10 15:30,8348.16,24.05,TRADE
NSW1,2009/1/10 16:00,8348.6,24.72,TRADE
NSW1,2009/1/10 16:30,8251.53,23.53,TRADE
NSW1,2009/1/10 17:00,8235.85,24.46,TRADE
NSW1,2009/1/10 17:30,8194.68,22.98,TRADE
NSW1,2009/1/10 18:00,8168.13,22.33,TRADE
NSW1,2009/1/10 18:30,8026,21.83,TRADE
NSW1,2009/1/10 19:00,7993.29,22,TRADE
NSW1,2009/1/10 19:30,8053.29,22,TRADE
NSW1,2009/1/10 20:00,8117.77,22.15,TRADE
NSW1,2009/1/10 20:30,8038.75,22.04,TRADE
NSW1,2009/1/10 21:00,7875.97,21.83,TRADE
NSW1,2009/1/10 21:30,7876.36,21.76,TRADE
NSW1,2009/1/10 22:00,7795.31,21.55,TRADE
NSW1,2009/1/10 22:30,7754.64,22.14,TRADE
NSW1,2009/1/10 23:00,7570.88,21.97,TRADE
NSW1,2009/1/10 23:30,7394.33,22.73,TRADE
NSW1,2009/1/11 0:00,7242.89,21.72,TRADE
NSW1,2009/1/11 0:30,7038.64,21.58,TRADE
NSW1,2009/1/11 1:00,6844.39,20.08,TRADE
NSW1,2009/1/11 1:30,6599.2,19.68,TRADE
NSW1,2009/1/11 2:00,6342.36,15.31,TRADE
NSW1,2009/1/11 2:30,6177.46,13.21,TRADE
NSW1,2009/1/11 3:00,6086.08,12.48,TRADE
NSW1,2009/1/11 3:30,6037.56,13.69,TRADE
NSW1,2009/1/11 4:00,6034.69,12.39,TRADE
NSW1,2009/1/11 4:30,6087.73,12.99,TRADE
NSW1,2009/1/11 5:00,6096.9,13.45,TRADE
NSW1,2009/1/11 5:30,6112.84,13.27,TRADE
NSW1,2009/1/11 6:00,6232.99,14.44,TRADE
NSW1,2009/1/11 6:30,6426.21,16.26,TRADE
NSW1,2009/1/11 7:00,6737.38,17.31,TRADE
NSW1,2009/1/11 7:30,7129.69,18.61,TRADE
NSW1,2009/1/11 8:00,7472.4,21.85,TRADE
NSW1,2009/1/11 8:30,7804.96,22,TRADE
NSW1,2009/1/11 9:00,8033.27,22.05,TRADE
NSW1,2009/1/11 9:30,8250.39,24.02,TRADE
NSW1,2009/1/11 10:00,8322.53,24.98,TRADE
NSW1,2009/1/11 10:30,8387.51,24.98,TRADE
NSW1,2009/1/11 11:00,8454.79,25,TRADE
NSW1,2009/1/11 11:30,8507.3,25,TRADE
NSW1,2009/1/11 12:00,8535.97,25.01,TRADE
NSW1,2009/1/11 12:30,8548.52,25.01,TRADE
NSW1,2009/1/11 13:00,8557.29,25.01,TRADE
NSW1,2009/1/11 13:30,8595.09,25.01,TRADE
NSW1,2009/1/11 14:00,8612.01,25.01,TRADE
NSW1,2009/1/11 14:30,8681.02,25.01,TRADE
NSW1,2009/1/11 15:00,8718.67,25.01,TRADE
NSW1,2009/1/11 15:30,8745.81,28.22,TRADE
NSW1,2009/1/11 16:00,8742.31,28.26,TRADE
NSW1,2009/1/11 16:30,8677.15,26.36,TRADE
NSW1,2009/1/11 17:00,8692.06,25.4,TRADE
NSW1,2009/1/11 17:30,8659.13,25.12,TRADE
NSW1,2009/1/11 18:00,8589.15,25,TRADE
NSW1,2009/1/11 18:30,8500.53,23.98,TRADE
NSW1,2009/1/11 19:00,8470.37,23.55,TRADE
NSW1,2009/1/11 19:30,8512.87,23.53,TRADE
NSW1,2009/1/11 20:00,8501.81,23.1,TRADE
NSW1,2009/1/11 20:30,8423.1,22.43,TRADE
NSW1,2009/1/11 21:00,8176.89,21.58,TRADE
NSW1,2009/1/11 21:30,8080.4,21.94,TRADE
NSW1,2009/1/11 22:00,7831.03,21.03,TRADE
NSW1,2009/1/11 22:30,7768.06,23.97,TRADE
NSW1,2009/1/11 23:00,7549.63,21.55,TRADE
NSW1,2009/1/11 23:30,7367.45,21.46,TRADE
NSW1,2009/1/12 0:00,7192.63,19.33,TRADE
NSW1,2009/1/12 0:30,7013.76,19.65,TRADE
NSW1,2009/1/12 1:00,6902.63,20.61,TRADE
NSW1,2009/1/12 1:30,6664.66,22.93,TRADE
NSW1,2009/1/12 2:00,6501.46,20.6,TRADE
NSW1,2009/1/12 2:30,6374.21,16.54,TRADE
NSW1,2009/1/12 3:00,6309.12,15.46,TRADE
NSW1,2009/1/12 3:30,6337.15,17.41,TRADE
NSW1,2009/1/12 4:00,6365.58,17.96,TRADE
NSW1,2009/1/12 4:30,6567.45,19.63,TRADE
NSW1,2009/1/12 5:00,6781.88,21.76,TRADE
NSW1,2009/1/12 5:30,7246.27,23.21,TRADE
NSW1,2009/1/12 6:00,7743.53,23.44,TRADE
NSW1,2009/1/12 6:30,8168.75,28.46,TRADE
NSW1,2009/1/12 7:00,8639.21,30.87,TRADE
NSW1,2009/1/12 7:30,9081.95,26.82,TRADE
NSW1,2009/1/12 8:00,9445.84,30.44,TRADE
NSW1,2009/1/12 8:30,9842.72,32.19,TRADE
NSW1,2009/1/12 9:00,10034.73,31.36,TRADE
NSW1,2009/1/12 9:30,10241.61,30.43,TRADE
NSW1,2009/1/12 10:00,10384.11,31.19,TRADE
NSW1,2009/1/12 10:30,10492.73,33.31,TRADE
NSW1,2009/1/12 11:00,10565.25,31.89,TRADE
NSW1,2009/1/12 11:30,10600.19,33.7,TRADE
NSW1,2009/1/12 12:00,10713.32,32.76,TRADE
NSW1,2009/1/12 12:30,10797.3,32.59,TRADE
NSW1,2009/1/12 13:00,10895.24,37.1,TRADE
NSW1,2009/1/12 13:30,10942,37.75,TRADE
NSW1,2009/1/12 14:00,10925.71,34.79,TRADE
NSW1,2009/1/12 14:30,10960.85,33.38,TRADE
NSW1,2009/1/12 15:00,10979.79,32.46,TRADE
NSW1,2009/1/12 15:30,10954.96,34.24,TRADE
NSW1,2009/1/12 16:00,10948.42,34.63,TRADE
NSW1,2009/1/12 16:30,10799.59,29.42,TRADE
NSW1,2009/1/12 17:00,10622.76,30.09,TRADE
NSW1,2009/1/12 17:30,10352.36,25.87,TRADE
NSW1,2009/1/12 18:00,10116.51,25.05,TRADE
NSW1,2009/1/12 18:30,9820,25.01,TRADE
NSW1,2009/1/12 19:00,9587.83,24.08,TRADE
NSW1,2009/1/12 19:30,9532.29,22.91,TRADE
NSW1,2009/1/12 20:00,9506.65,22,TRADE
NSW1,2009/1/12 20:30,9299.37,21.98,TRADE
NSW1,2009/1/12 21:00,8910.48,21.9,TRADE
NSW1,2009/1/12 21:30,8875.47,22.26,TRADE
NSW1,2009/1/12 22:00,8627.19,21.05,TRADE
NSW1,2009/1/12 22:30,8563.13,23.14,TRADE
NSW1,2009/1/12 23:00,8374.4,21.82,TRADE
NSW1,2009/1/12 23:30,8182.24,22.68,TRADE
NSW1,2009/1/13 0:00,7989.03,22,TRADE
NSW1,2009/1/13 0:30,7762.61,20.35,TRADE
NSW1,2009/1/13 1:00,7483.87,16.55,TRADE
NSW1,2009/1/13 1:30,7164.41,17.81,TRADE
NSW1,2009/1/13 2:00,6897.35,14.35,TRADE
NSW1,2009/1/13 2:30,6712.83,13.53,TRADE
NSW1,2009/1/13 3:00,6597.6,12.29,TRADE
NSW1,2009/1/13 3:30,6578.64,14.44,TRADE
NSW1,2009/1/13 4:00,6614.98,13.17,TRADE
NSW1,2009/1/13 4:30,6821.07,15.38,TRADE
NSW1,2009/1/13 5:00,7039.04,17.57,TRADE
NSW1,2009/1/13 5:30,7493.15,21.99,TRADE
NSW1,2009/1/13 6:00,7970.07,21.83,TRADE
NSW1,2009/1/13 6:30,8463.88,26.53,TRADE
NSW1,2009/1/13 7:00,8978.65,27.49,TRADE
NSW1,2009/1/13 7:30,9338.63,23.79,TRADE
NSW1,2009/1/13 8:00,9658.37,23.86,TRADE
NSW1,2009/1/13 8:30,10031.86,24.88,TRADE
NSW1,2009/1/13 9:00,10236.59,25,TRADE
NSW1,2009/1/13 9:30,10432.04,25.01,TRADE
NSW1,2009/1/13 10:00,10505.36,25.3,TRADE
NSW1,2009/1/13 10:30,10617.65,28.58,TRADE
NSW1,2009/1/13 11:00,10761.43,29.98,TRADE
NSW1,2009/1/13 11:30,10825.28,29.98,TRADE
NSW1,2009/1/13 12:00,10936.05,33.06,TRADE
NSW1,2009/1/13 12:30,11036.65,37.01,TRADE
NSW1,2009/1/13 13:00,11108.26,31.64,TRADE
NSW1,2009/1/13 13:30,11259.85,39.78,TRADE
NSW1,2009/1/13 14:00,11366.67,40.08,TRADE
NSW1,2009/1/13 14:30,11464.33,42.9,TRADE
NSW1,2009/1/13 15:00,11487.48,49.41,TRADE
NSW1,2009/1/13 15:30,11562.59,91.23,TRADE
NSW1,2009/1/13 16:00,11602.69,96,TRADE
NSW1,2009/1/13 16:30,11508.21,56.06,TRADE
NSW1,2009/1/13 17:00,11389.92,42.45,TRADE
NSW1,2009/1/13 17:30,11042.5,36.57,TRADE
NSW1,2009/1/13 18:00,10887.78,32.32,TRADE
NSW1,2009/1/13 18:30,10486.24,30.57,TRADE
NSW1,2009/1/13 19:00,10194.55,28.54,TRADE
NSW1,2009/1/13 19:30,10049.16,34.21,TRADE
NSW1,2009/1/13 20:00,10050.52,32.26,TRADE
NSW1,2009/1/13 20:30,9838.23,30.59,TRADE
NSW1,2009/1/13 21:00,9476.46,25.33,TRADE
NSW1,2009/1/13 21:30,9426.88,30.76,TRADE
NSW1,2009/1/13 22:00,9142.31,31.15,TRADE
NSW1,2009/1/13 22:30,8932.96,27.95,TRADE
NSW1,2009/1/13 23:00,8673.55,25.62,TRADE
NSW1,2009/1/13 23:30,8396.21,32.42,TRADE
NSW1,2009/1/14 0:00,8174.73,24.83,TRADE
NSW1,2009/1/14 0:30,7973.71,24.16,TRADE
NSW1,2009/1/14 1:00,7701.99,23.24,TRADE
NSW1,2009/1/14 1:30,7397.08,21.94,TRADE
NSW1,2009/1/14 2:00,7083.11,20.22,TRADE
NSW1,2009/1/14 2:30,6841.87,21.6,TRADE
NSW1,2009/1/14 3:00,6743.62,21.83,TRADE
NSW1,2009/1/14 3:30,6722.3,21.99,TRADE
NSW1,2009/1/14 4:00,6777.71,21.98,TRADE
NSW1,2009/1/14 4:30,6991.46,22.49,TRADE
NSW1,2009/1/14 5:00,7205.39,24.11,TRADE
NSW1,2009/1/14 5:30,7674.36,24.96,TRADE
NSW1,2009/1/14 6:00,8164.74,24.38,TRADE
NSW1,2009/1/14 6:30,8651.18,31.1,TRADE
NSW1,2009/1/14 7:00,9151.34,37.68,TRADE
NSW1,2009/1/14 7:30,9617.74,36.53,TRADE
NSW1,2009/1/14 8:00,10022.78,40.5,TRADE
NSW1,2009/1/14 8:30,10452.98,51.19,TRADE
NSW1,2009/1/14 9:00,10726.47,56.65,TRADE
NSW1,2009/1/14 9:30,11016.12,57.81,TRADE
NSW1,2009/1/14 10:00,11315.07,69.89,TRADE
NSW1,2009/1/14 10:30,11506.11,62.52,TRADE
NSW1,2009/1/14 11:00,11752.48,77.21,TRADE
NSW1,2009/1/14 11:30,11967.41,84.33,TRADE
NSW1,2009/1/14 12:00,12149.93,82.62,TRADE
NSW1,2009/1/14 12:30,12362.57,89.69,TRADE
NSW1,2009/1/14 13:00,12608.6,89.69,TRADE
NSW1,2009/1/14 13:30,12718.57,89.69,TRADE
NSW1,2009/1/14 14:00,12860.38,89.69,TRADE
NSW1,2009/1/14 14:30,12925.48,89.69,TRADE
NSW1,2009/1/14 15:00,12934.78,93.12,TRADE
NSW1,2009/1/14 15:30,13088.42,113.13,TRADE
NSW1,2009/1/14 16:00,13151.65,121.54,TRADE
NSW1,2009/1/14 16:30,13090.4,119.4,TRADE
NSW1,2009/1/14 17:00,12931.75,112.71,TRADE
NSW1,2009/1/14 17:30,12510.44,72.55,TRADE
NSW1,2009/1/14 18:00,12314.54,59.44,TRADE
NSW1,2009/1/14 18:30,11968.22,58.21,TRADE
NSW1,2009/1/14 19:00,11687.81,49.57,TRADE
NSW1,2009/1/14 19:30,11436.17,47.33,TRADE
NSW1,2009/1/14 20:00,11419.59,46.23,TRADE
NSW1,2009/1/14 20:30,11129.84,44.77,TRADE
NSW1,2009/1/14 21:00,10682.12,38.22,TRADE
NSW1,2009/1/14 21:30,10420.92,37.27,TRADE
NSW1,2009/1/14 22:00,9959.9,29.81,TRADE
NSW1,2009/1/14 22:30,9689.89,54.92,TRADE
NSW1,2009/1/14 23:00,9290.95,43.47,TRADE
NSW1,2009/1/14 23:30,8936.89,36.9,TRADE
NSW1,2009/1/15 0:00,8634.12,27.84,TRADE
NSW1,2009/1/15 0:30,8377.97,31.79,TRADE
NSW1,2009/1/15 1:00,8050.65,23.59,TRADE
NSW1,2009/1/15 1:30,7733.45,22.72,TRADE
NSW1,2009/1/15 2:00,7400.07,20.96,TRADE
NSW1,2009/1/15 2:30,7189.04,21.17,TRADE
NSW1,2009/1/15 3:00,7081.12,22,TRADE
NSW1,2009/1/15 3:30,7038.71,21.83,TRADE
NSW1,2009/1/15 4:00,7081.14,22,TRADE
NSW1,2009/1/15 4:30,7264.79,22.74,TRADE
NSW1,2009/1/15 5:00,7451.16,23.06,TRADE
NSW1,2009/1/15 5:30,7901.61,24.96,TRADE
NSW1,2009/1/15 6:00,8402.58,30.9,TRADE
NSW1,2009/1/15 6:30,8909.72,40.47,TRADE
NSW1,2009/1/15 7:00,9506.63,44.86,TRADE
NSW1,2009/1/15 7:30,10045.51,40.32,TRADE
NSW1,2009/1/15 8:00,10581.34,45.98,TRADE
NSW1,2009/1/15 8:30,11144.88,59.03,TRADE
NSW1,2009/1/15 9:00,11558.81,66.72,TRADE
NSW1,2009/1/15 9:30,11915.92,86.61,TRADE
NSW1,2009/1/15 10:00,12241.81,106.77,TRADE
NSW1,2009/1/15 10:30,12506.03,113.21,TRADE
NSW1,2009/1/15 11:00,12832.23,119.4,TRADE
NSW1,2009/1/15 11:30,13003.47,119.4,TRADE
NSW1,2009/1/15 12:00,13201.23,1853.4,TRADE
NSW1,2009/1/15 12:30,13143.18,636.22,TRADE
NSW1,2009/1/15 13:00,13037.81,89.58,TRADE
NSW1,2009/1/15 13:30,13281.17,244.35,TRADE
NSW1,2009/1/15 14:00,13518.06,5210.57,TRADE
NSW1,2009/1/15 14:30,13431.53,3255.29,TRADE
NSW1,2009/1/15 15:00,13139.88,254.01,TRADE
NSW1,2009/1/15 15:30,13013.49,117.24,TRADE
NSW1,2009/1/15 16:00,12977.31,127.08,TRADE
NSW1,2009/1/15 16:30,12576.41,54.32,TRADE
NSW1,2009/1/15 17:00,12195.08,68.64,TRADE
NSW1,2009/1/15 17:30,11658.37,59.46,TRADE
NSW1,2009/1/15 18:00,11243.44,48.16,TRADE
NSW1,2009/1/15 18:30,10755.48,42.33,TRADE
NSW1,2009/1/15 19:00,10409.65,40.2,TRADE
NSW1,2009/1/15 19:30,10232.31,35.4,TRADE
NSW1,2009/1/15 20:00,10071.52,30.66,TRADE
NSW1,2009/1/15 20:30,9684.08,26.38,TRADE
NSW1,2009/1/15 21:00,9276.67,23.68,TRADE
NSW1,2009/1/15 21:30,9186.29,21.67,TRADE
NSW1,2009/1/15 22:00,8842.48,21.44,TRADE
NSW1,2009/1/15 22:30,8821.67,27.93,TRADE
NSW1,2009/1/15 23:00,8574.69,22.36,TRADE
NSW1,2009/1/15 23:30,8301.54,21.95,TRADE
NSW1,2009/1/16 0:00,8087.97,22,TRADE
NSW1,2009/1/16 0:30,7832.03,22.18,TRADE
NSW1,2009/1/16 1:00,7588.08,21.67,TRADE
NSW1,2009/1/16 1:30,7268.52,21.72,TRADE
NSW1,2009/1/16 2:00,7018.07,18.36,TRADE
NSW1,2009/1/16 2:30,6834.38,17.61,TRADE
NSW1,2009/1/16 3:00,6780.7,16.98,TRADE
NSW1,2009/1/16 3:30,6756.33,16.48,TRADE
NSW1,2009/1/16 4:00,6800.4,17.38,TRADE
NSW1,2009/1/16 4:30,6960.36,21.49,TRADE
NSW1,2009/1/16 5:00,7221.78,22.4,TRADE
NSW1,2009/1/16 5:30,7655.94,22.55,TRADE
NSW1,2009/1/16 6:00,8100.85,23.48,TRADE
NSW1,2009/1/16 6:30,8511.02,28.19,TRADE
NSW1,2009/1/16 7:00,9006.78,31.83,TRADE
NSW1,2009/1/16 7:30,9427.25,25.29,TRADE
NSW1,2009/1/16 8:00,9786.23,28.24,TRADE
NSW1,2009/1/16 8:30,10130.05,32.91,TRADE
NSW1,2009/1/16 9:00,10307.83,36.23,TRADE
NSW1,2009/1/16 9:30,10474.03,40.07,TRADE
NSW1,2009/1/16 10:00,10583.18,40.61,TRADE
NSW1,2009/1/16 10:30,10666.56,44.95,TRADE
NSW1,2009/1/16 11:00,10745.19,50.56,TRADE
NSW1,2009/1/16 11:30,10811.55,54.31,TRADE
NSW1,2009/1/16 12:00,10934.46,57.85,TRADE
NSW1,2009/1/16 12:30,11031.25,61.3,TRADE
NSW1,2009/1/16 13:00,11078.65,67.63,TRADE
NSW1,2009/1/16 13:30,11178.11,60.14,TRADE
NSW1,2009/1/16 14:00,11253.08,60.69,TRADE
NSW1,2009/1/16 14:30,11286.67,61.75,TRADE
NSW1,2009/1/16 15:00,11414.28,62.3,TRADE
NSW1,2009/1/16 15:30,11365.62,59.98,TRADE
NSW1,2009/1/16 16:00,11277.9,59.98,TRADE
NSW1,2009/1/16 16:30,10995.55,55.41,TRADE
NSW1,2009/1/16 17:00,10627.48,45.3,TRADE
NSW1,2009/1/16 17:30,10099.25,41.32,TRADE
NSW1,2009/1/16 18:00,9786.4,25.9,TRADE
NSW1,2009/1/16 18:30,9485.99,25.87,TRADE
NSW1,2009/1/16 19:00,9238.52,25,TRADE
NSW1,2009/1/16 19:30,9254.1,24.57,TRADE
NSW1,2009/1/16 20:00,9146.71,23.27,TRADE
NSW1,2009/1/16 20:30,8937.36,22.63,TRADE
NSW1,2009/1/16 21:00,8610.72,21.5,TRADE
NSW1,2009/1/16 21:30,8684.77,22,TRADE
NSW1,2009/1/16 22:00,8477.84,20.75,TRADE
NSW1,2009/1/16 22:30,8431.56,23.13,TRADE
NSW1,2009/1/16 23:00,8292.02,21.75,TRADE
NSW1,2009/1/16 23:30,8085.34,23.87,TRADE
NSW1,2009/1/17 0:00,7916.91,22.46,TRADE
NSW1,2009/1/17 0:30,7667.22,21.84,TRADE
NSW1,2009/1/17 1:00,7428.52,22.07,TRADE
NSW1,2009/1/17 1:30,6987.69,22.15,TRADE
NSW1,2009/1/17 2:00,6700.44,21.67,TRADE
NSW1,2009/1/17 2:30,6544.66,21.99,TRADE
NSW1,2009/1/17 3:00,6504.56,21.35,TRADE
NSW1,2009/1/17 3:30,6414.44,21.63,TRADE
NSW1,2009/1/17 4:00,6412.27,20.76,TRADE
NSW1,2009/1/17 4:30,6483.88,17.08,TRADE
NSW1,2009/1/17 5:00,6586.02,18.14,TRADE
NSW1,2009/1/17 5:30,6700.97,13.08,TRADE
NSW1,2009/1/17 6:00,6822.52,17.3,TRADE
NSW1,2009/1/17 6:30,7087.15,21.49,TRADE
NSW1,2009/1/17 7:00,7474.18,22.12,TRADE
NSW1,2009/1/17 7:30,7843.19,22.05,TRADE
NSW1,2009/1/17 8:00,8117.67,22.46,TRADE
NSW1,2009/1/17 8:30,8241.63,22.42,TRADE
NSW1,2009/1/17 9:00,8564.17,26.48,TRADE
NSW1,2009/1/17 9:30,8650.8,27.94,TRADE
NSW1,2009/1/17 10:00,8697.31,27.63,TRADE
NSW1,2009/1/17 10:30,8684.22,28.67,TRADE
NSW1,2009/1/17 11:00,8605.21,28.58,TRADE
NSW1,2009/1/17 11:30,8604.86,28.38,TRADE
NSW1,2009/1/17 12:00,8536.52,26.68,TRADE
NSW1,2009/1/17 12:30,8492.31,27.12,TRADE
NSW1,2009/1/17 13:00,8462.44,29.36,TRADE
NSW1,2009/1/17 13:30,8389.66,28.78,TRADE
NSW1,2009/1/17 14:00,8339.04,28.54,TRADE
NSW1,2009/1/17 14:30,8319.5,27.42,TRADE
NSW1,2009/1/17 15:00,8347.49,25.01,TRADE
NSW1,2009/1/17 15:30,8347.68,25,TRADE
NSW1,2009/1/17 16:00,8355.58,25.01,TRADE
NSW1,2009/1/17 16:30,8256.47,25,TRADE
NSW1,2009/1/17 17:00,8299.53,25,TRADE
NSW1,2009/1/17 17:30,8282.23,25,TRADE
NSW1,2009/1/17 18:00,8191.09,22.57,TRADE
NSW1,2009/1/17 18:30,8046.68,22,TRADE
NSW1,2009/1/17 19:00,7963.32,22,TRADE
NSW1,2009/1/17 19:30,7966.19,22,TRADE
NSW1,2009/1/17 20:00,8080.24,22,TRADE
NSW1,2009/1/17 20:30,7960.5,22,TRADE
NSW1,2009/1/17 21:00,7796.98,21.5,TRADE
NSW1,2009/1/17 21:30,7815.89,22.63,TRADE
NSW1,2009/1/17 22:00,7784.2,21.61,TRADE
NSW1,2009/1/17 22:30,7720.21,22.35,TRADE
NSW1,2009/1/17 23:00,7524.33,21.15,TRADE
NSW1,2009/1/17 23:30,7326.07,22.8,TRADE
NSW1,2009/1/18 0:00,7162.39,21.16,TRADE
NSW1,2009/1/18 0:30,7017.23,21.24,TRADE
NSW1,2009/1/18 1:00,6812.78,19.05,TRADE
NSW1,2009/1/18 1:30,6550.28,20.22,TRADE
NSW1,2009/1/18 2:00,6326.08,15.68,TRADE
NSW1,2009/1/18 2:30,6107.63,14.04,TRADE
NSW1,2009/1/18 3:00,6101.34,16.66,TRADE
NSW1,2009/1/18 3:30,6049.94,15.14,TRADE
NSW1,2009/1/18 4:00,6064.54,12.41,TRADE
NSW1,2009/1/18 4:30,6069.88,14.21,TRADE
NSW1,2009/1/18 5:00,6092.9,10,TRADE
NSW1,2009/1/18 5:30,6125.84,-170.76,TRADE
NSW1,2009/1/18 6:00,6243.93,4.02,TRADE
NSW1,2009/1/18 6:30,6437.86,14.35,TRADE
NSW1,2009/1/18 7:00,6753.93,17.15,TRADE
NSW1,2009/1/18 7:30,7139.87,17.95,TRADE
NSW1,2009/1/18 8:00,7421.66,20.44,TRADE
NSW1,2009/1/18 8:30,7787.38,22.28,TRADE
NSW1,2009/1/18 9:00,8019.06,22,TRADE
NSW1,2009/1/18 9:30,8211.53,24.07,TRADE
NSW1,2009/1/18 10:00,8288.41,24.62,TRADE
NSW1,2009/1/18 10:30,8317.48,24.85,TRADE
NSW1,2009/1/18 11:00,8357.09,25.4,TRADE
NSW1,2009/1/18 11:30,8380,25.06,TRADE
NSW1,2009/1/18 12:00,8385.87,25.07,TRADE
NSW1,2009/1/18 12:30,8371.9,25,TRADE
NSW1,2009/1/18 13:00,8370.66,25,TRADE
NSW1,2009/1/18 13:30,8386.93,25,TRADE
NSW1,2009/1/18 14:00,8385.37,25,TRADE
NSW1,2009/1/18 14:30,8442.38,25.01,TRADE
NSW1,2009/1/18 15:00,8474.27,25,TRADE
NSW1,2009/1/18 15:30,8489.6,25.01,TRADE
NSW1,2009/1/18 16:00,8522.53,25.26,TRADE
NSW1,2009/1/18 16:30,8496.4,25.01,TRADE
NSW1,2009/1/18 17:00,8552.57,25,TRADE
NSW1,2009/1/18 17:30,8572.59,25,TRADE
NSW1,2009/1/18 18:00,8545.8,25,TRADE
NSW1,2009/1/18 18:30,8436.23,24.43,TRADE
NSW1,2009/1/18 19:00,8400.99,22.94,TRADE
NSW1,2009/1/18 19:30,8373.52,22.53,TRADE
NSW1,2009/1/18 20:00,8556.67,24.37,TRADE
NSW1,2009/1/18 20:30,8441.67,22.36,TRADE
NSW1,2009/1/18 21:00,8158.71,22,TRADE
NSW1,2009/1/18 21:30,8072.07,21.8,TRADE
NSW1,2009/1/18 22:00,7870.63,21.85,TRADE
NSW1,2009/1/18 22:30,7767.6,21.62,TRADE
NSW1,2009/1/18 23:00,7543.61,20.2,TRADE
NSW1,2009/1/18 23:30,7322.4,20.51,TRADE
NSW1,2009/1/19 0:00,7182.06,18.82,TRADE
NSW1,2009/1/19 0:30,7035.96,16.54,TRADE
NSW1,2009/1/19 1:00,6869.11,14.94,TRADE
NSW1,2009/1/19 1:30,6651.71,20.02,TRADE
NSW1,2009/1/19 2:00,6474.65,12.83,TRADE
NSW1,2009/1/19 2:30,6351.55,7.05,TRADE
NSW1,2009/1/19 3:00,6280.27,4.06,TRADE
NSW1,2009/1/19 3:30,6318.63,9.68,TRADE
NSW1,2009/1/19 4:00,6406.66,10.84,TRADE
NSW1,2009/1/19 4:30,6607.91,11.75,TRADE
NSW1,2009/1/19 5:00,6841.54,16.38,TRADE
NSW1,2009/1/19 5:30,7241.45,21.99,TRADE
NSW1,2009/1/19 6:00,7765,22.23,TRADE
NSW1,2009/1/19 6:30,8197.79,23.53,TRADE
NSW1,2009/1/19 7:00,8687.96,25.09,TRADE
NSW1,2009/1/19 7:30,9058.7,23.39,TRADE
NSW1,2009/1/19 8:00,9402.21,26.05,TRADE
NSW1,2009/1/19 8:30,9719.9,26.65,TRADE
NSW1,2009/1/19 9:00,9941.04,29.08,TRADE
NSW1,2009/1/19 9:30,10084.83,27.45,TRADE
NSW1,2009/1/19 10:00,10252.45,29.14,TRADE
NSW1,2009/1/19 10:30,10351.19,26.22,TRADE
NSW1,2009/1/19 11:00,10421.62,26.75,TRADE
NSW1,2009/1/19 11:30,10499.75,29.78,TRADE
NSW1,2009/1/19 12:00,10559.67,30.42,TRADE
NSW1,2009/1/19 12:30,10662.19,31.15,TRADE
NSW1,2009/1/19 13:00,10712.86,31.2,TRADE
NSW1,2009/1/19 13:30,10771.91,33.71,TRADE
NSW1,2009/1/19 14:00,10875.98,35.72,TRADE
NSW1,2009/1/19 14:30,10968.7,35.29,TRADE
NSW1,2009/1/19 15:00,11026.45,30.61,TRADE
NSW1,2009/1/19 15:30,11046.78,26.47,TRADE
NSW1,2009/1/19 16:00,11089.04,30.58,TRADE
NSW1,2009/1/19 16:30,11024.74,32.1,TRADE
NSW1,2009/1/19 17:00,10910.23,29.1,TRADE
NSW1,2009/1/19 17:30,10559.42,23.2,TRADE
NSW1,2009/1/19 18:00,10352.82,22,TRADE
NSW1,2009/1/19 18:30,10038.28,23.17,TRADE
NSW1,2009/1/19 19:00,9812.11,21.83,TRADE
NSW1,2009/1/19 19:30,9681.62,23.69,TRADE
NSW1,2009/1/19 20:00,9790.49,25.01,TRADE
NSW1,2009/1/19 20:30,9537.28,25.06,TRADE
NSW1,2009/1/19 21:00,9172.7,24.74,TRADE
NSW1,2009/1/19 21:30,9138.78,24.79,TRADE
NSW1,2009/1/19 22:00,8859.56,23.11,TRADE
NSW1,2009/1/19 22:30,8746.75,24.73,TRADE
NSW1,2009/1/19 23:00,8505.56,23.24,TRADE
NSW1,2009/1/19 23:30,8295.55,22.81,TRADE
NSW1,2009/1/20 0:00,8038.8,22,TRADE
NSW1,2009/1/20 0:30,7873.66,22.73,TRADE
NSW1,2009/1/20 1:00,7593.28,21.01,TRADE
NSW1,2009/1/20 1:30,7298.16,21.72,TRADE
NSW1,2009/1/20 2:00,7027.44,14.53,TRADE
NSW1,2009/1/20 2:30,6763.97,10.15,TRADE
NSW1,2009/1/20 3:00,6699.6,10.83,TRADE
NSW1,2009/1/20 3:30,6672.47,9.46,TRADE
NSW1,2009/1/20 4:00,6725,11.08,TRADE
NSW1,2009/1/20 4:30,6944.69,15.74,TRADE
NSW1,2009/1/20 5:00,7180.62,21.41,TRADE
NSW1,2009/1/20 5:30,7610.95,22.45,TRADE
NSW1,2009/1/20 6:00,8144.24,23.98,TRADE
NSW1,2009/1/20 6:30,8521.51,29.07,TRADE
NSW1,2009/1/20 7:00,9033.88,33.69,TRADE
NSW1,2009/1/20 7:30,9463.15,26.21,TRADE
NSW1,2009/1/20 8:00,9880.57,25.43,TRADE
NSW1,2009/1/20 8:30,10286.51,33.83,TRADE
NSW1,2009/1/20 9:00,10554.25,33.02,TRADE
NSW1,2009/1/20 9:30,10878.75,36.45,TRADE
NSW1,2009/1/20 10:00,11090.49,35.27,TRADE
NSW1,2009/1/20 10:30,11326.4,37.19,TRADE
NSW1,2009/1/20 11:00,11584.49,39.21,TRADE
NSW1,2009/1/20 11:30,11831,39.03,TRADE
NSW1,2009/1/20 12:00,12076.58,55.7,TRADE
NSW1,2009/1/20 12:30,12263.09,72.97,TRADE
NSW1,2009/1/20 13:00,12369.71,81.02,TRADE
NSW1,2009/1/20 13:30,12560.28,89.69,TRADE
NSW1,2009/1/20 14:00,12652.98,89.69,TRADE
NSW1,2009/1/20 14:30,12647.97,109.65,TRADE
NSW1,2009/1/20 15:00,12657.8,100,TRADE
NSW1,2009/1/20 15:30,12740.86,89.69,TRADE
NSW1,2009/1/20 16:00,12698.97,89.69,TRADE
NSW1,2009/1/20 16:30,12598.46,76.22,TRADE
NSW1,2009/1/20 17:00,12528.04,59.69,TRADE
NSW1,2009/1/20 17:30,12056.64,37.89,TRADE
NSW1,2009/1/20 18:00,11801.22,35.12,TRADE
NSW1,2009/1/20 18:30,11291.87,29.13,TRADE
NSW1,2009/1/20 19:00,11001.3,28.06,TRADE
NSW1,2009/1/20 19:30,10875.82,28.01,TRADE
NSW1,2009/1/20 20:00,10848.62,36.36,TRADE
NSW1,2009/1/20 20:30,10583.17,35.99,TRADE
NSW1,2009/1/20 21:00,10193.02,30.42,TRADE
NSW1,2009/1/20 21:30,10054.4,31.89,TRADE
NSW1,2009/1/20 22:00,9652.15,27.85,TRADE
NSW1,2009/1/20 22:30,9428,34.59,TRADE
NSW1,2009/1/20 23:00,9074.31,28.32,TRADE
NSW1,2009/1/20 23:30,8768.6,25.8,TRADE
NSW1,2009/1/21 0:00,8476.88,25,TRADE
NSW1,2009/1/21 0:30,8213.87,24.15,TRADE
NSW1,2009/1/21 1:00,7921.55,22,TRADE
NSW1,2009/1/21 1:30,7550.77,22.64,TRADE
NSW1,2009/1/21 2:00,7265.39,20.36,TRADE
NSW1,2009/1/21 2:30,7075.64,16.92,TRADE
NSW1,2009/1/21 3:00,6973.83,16.81,TRADE
NSW1,2009/1/21 3:30,6964.92,16.9,TRADE
NSW1,2009/1/21 4:00,7032.23,18.34,TRADE
NSW1,2009/1/21 4:30,7204.15,21.28,TRADE
NSW1,2009/1/21 5:00,7438.29,21.52,TRADE
NSW1,2009/1/21 5:30,8000.46,24.5,TRADE
NSW1,2009/1/21 6:00,8487.13,26.09,TRADE
NSW1,2009/1/21 6:30,8997.43,36.85,TRADE
NSW1,2009/1/21 7:00,9546.31,39.69,TRADE
NSW1,2009/1/21 7:30,10022.17,31.39,TRADE
NSW1,2009/1/21 8:00,10490.03,35.04,TRADE
NSW1,2009/1/21 8:30,11005.27,39.23,TRADE
NSW1,2009/1/21 9:00,11353.01,46.15,TRADE
NSW1,2009/1/21 9:30,11701.07,48.02,TRADE
NSW1,2009/1/21 10:00,11984.26,50.98,TRADE
NSW1,2009/1/21 10:30,12207.07,48.37,TRADE
NSW1,2009/1/21 11:00,12456.65,57.36,TRADE
NSW1,2009/1/21 11:30,12634.63,51.91,TRADE
NSW1,2009/1/21 12:00,12878.06,59.34,TRADE
NSW1,2009/1/21 12:30,13066.2,60.37,TRADE
NSW1,2009/1/21 13:00,13160.34,70.48,TRADE
NSW1,2009/1/21 13:30,13294.46,82.36,TRADE
NSW1,2009/1/21 14:00,13326.47,69.81,TRADE
NSW1,2009/1/21 14:30,13321.1,88.61,TRADE
NSW1,2009/1/21 15:00,13203.77,85.22,TRADE
NSW1,2009/1/21 15:30,13078.14,81.65,TRADE
NSW1,2009/1/21 16:00,12880.03,66.05,TRADE
NSW1,2009/1/21 16:30,12596.36,57.58,TRADE
NSW1,2009/1/21 17:00,12221.42,43.81,TRADE
NSW1,2009/1/21 17:30,11716.13,34.63,TRADE
NSW1,2009/1/21 18:00,11424.55,31.89,TRADE
NSW1,2009/1/21 18:30,11055.01,25.92,TRADE
NSW1,2009/1/21 19:00,10766.7,26.45,TRADE
NSW1,2009/1/21 19:30,10691.99,25.64,TRADE
NSW1,2009/1/21 20:00,10577.31,26.81,TRADE
NSW1,2009/1/21 20:30,10261.09,26.76,TRADE
NSW1,2009/1/21 21:00,9877.23,25.74,TRADE
NSW1,2009/1/21 21:30,9779.65,26.47,TRADE
NSW1,2009/1/21 22:00,9441.72,25.23,TRADE
NSW1,2009/1/21 22:30,9271.41,26.07,TRADE
NSW1,2009/1/21 23:00,8955.27,23.54,TRADE
NSW1,2009/1/21 23:30,8646,23.67,TRADE
NSW1,2009/1/22 0:00,8410.99,21.73,TRADE
NSW1,2009/1/22 0:30,8181.47,22.49,TRADE
NSW1,2009/1/22 1:00,7944.01,22,TRADE
NSW1,2009/1/22 1:30,7561.99,21.66,TRADE
NSW1,2009/1/22 2:00,7281.31,17,TRADE
NSW1,2009/1/22 2:30,7132.44,14.02,TRADE
NSW1,2009/1/22 3:00,7017.5,14.14,TRADE
NSW1,2009/1/22 3:30,7034,15.91,TRADE
NSW1,2009/1/22 4:00,7089.76,15.84,TRADE
NSW1,2009/1/22 4:30,7295.19,18.34,TRADE
NSW1,2009/1/22 5:00,7577.09,21.67,TRADE
NSW1,2009/1/22 5:30,7972.55,22.15,TRADE
NSW1,2009/1/22 6:00,8425.59,23.29,TRADE
NSW1,2009/1/22 6:30,8943.2,26.98,TRADE
NSW1,2009/1/22 7:00,9621.54,33.32,TRADE
NSW1,2009/1/22 7:30,10125.53,27.93,TRADE
NSW1,2009/1/22 8:00,10521.63,33.54,TRADE
NSW1,2009/1/22 8:30,10941.86,39.2,TRADE
NSW1,2009/1/22 9:00,11220.03,40,TRADE
NSW1,2009/1/22 9:30,11476.95,39.61,TRADE
NSW1,2009/1/22 10:00,11640.49,45.96,TRADE
NSW1,2009/1/22 10:30,11671.36,47.06,TRADE
NSW1,2009/1/22 11:00,11727.92,48.04,TRADE
NSW1,2009/1/22 11:30,11690.77,40.21,TRADE
NSW1,2009/1/22 12:00,11738.55,45.22,TRADE
NSW1,2009/1/22 12:30,11805.42,53.69,TRADE
NSW1,2009/1/22 13:00,11920.44,59.5,TRADE
NSW1,2009/1/22 13:30,12055.26,73.11,TRADE
NSW1,2009/1/22 14:00,12141.55,84.16,TRADE
NSW1,2009/1/22 14:30,12228.1,83.58,TRADE
NSW1,2009/1/22 15:00,12282.77,68.12,TRADE
NSW1,2009/1/22 15:30,12396.29,89.69,TRADE
NSW1,2009/1/22 16:00,12368.32,85.21,TRADE
NSW1,2009/1/22 16:30,12273.67,61.84,TRADE
NSW1,2009/1/22 17:00,12181.63,59.95,TRADE
NSW1,2009/1/22 17:30,11948.62,42.28,TRADE
NSW1,2009/1/22 18:00,11740.4,33.7,TRADE
NSW1,2009/1/22 18:30,11393.25,29.98,TRADE
NSW1,2009/1/22 19:00,11255.36,33.67,TRADE
NSW1,2009/1/22 19:30,11216.48,32.4,TRADE
NSW1,2009/1/22 20:00,11202.88,39.94,TRADE
NSW1,2009/1/22 20:30,10886.95,36.33,TRADE
NSW1,2009/1/22 21:00,10464.94,32.64,TRADE
NSW1,2009/1/22 21:30,10373.22,41.36,TRADE
NSW1,2009/1/22 22:00,9948.08,33.74,TRADE
NSW1,2009/1/22 22:30,9714.61,50.11,TRADE
NSW1,2009/1/22 23:00,9383.81,39.77,TRADE
NSW1,2009/1/22 23:30,9028.85,34.8,TRADE
NSW1,2009/1/23 0:00,8748.98,26.36,TRADE
NSW1,2009/1/23 0:30,8480.15,28.68,TRADE
NSW1,2009/1/23 1:00,8187.8,24.32,TRADE
NSW1,2009/1/23 1:30,7827.29,23.95,TRADE
NSW1,2009/1/23 2:00,7550.7,22,TRADE
NSW1,2009/1/23 2:30,7356.56,22,TRADE
NSW1,2009/1/23 3:00,7271.11,21.95,TRADE
NSW1,2009/1/23 3:30,7234.66,21.12,TRADE
NSW1,2009/1/23 4:00,7269.3,21.84,TRADE
NSW1,2009/1/23 4:30,7474.29,22,TRADE
NSW1,2009/1/23 5:00,7747.45,22.61,TRADE
NSW1,2009/1/23 5:30,8193.18,28.25,TRADE
NSW1,2009/1/23 6:00,8755.05,35.78,TRADE
NSW1,2009/1/23 6:30,9263.03,39.81,TRADE
NSW1,2009/1/23 7:00,9856.25,43.83,TRADE
NSW1,2009/1/23 7:30,10444.12,40.43,TRADE
NSW1,2009/1/23 8:00,10933.01,44.88,TRADE
NSW1,2009/1/23 8:30,11485.5,55.23,TRADE
NSW1,2009/1/23 9:00,11802.87,56.16,TRADE
NSW1,2009/1/23 9:30,12111.15,56.05,TRADE
NSW1,2009/1/23 10:00,12290.87,55.99,TRADE
NSW1,2009/1/23 10:30,12433.49,45.48,TRADE
NSW1,2009/1/23 11:00,12635.64,47.09,TRADE
NSW1,2009/1/23 11:30,12800.16,48.67,TRADE
NSW1,2009/1/23 12:00,12923.23,50.97,TRADE
NSW1,2009/1/23 12:30,13033.71,53.71,TRADE
NSW1,2009/1/23 13:00,13105.27,51.32,TRADE
NSW1,2009/1/23 13:30,13126.42,68.51,TRADE
NSW1,2009/1/23 14:00,13252.87,88.18,TRADE
NSW1,2009/1/23 14:30,13286.12,85.58,TRADE
NSW1,2009/1/23 15:00,13312.17,83.52,TRADE
NSW1,2009/1/23 15:30,13269.39,83.01,TRADE
NSW1,2009/1/23 16:00,13225.74,85.08,TRADE
NSW1,2009/1/23 16:30,13003.52,53.01,TRADE
NSW1,2009/1/23 17:00,12726.32,53.88,TRADE
NSW1,2009/1/23 17:30,12324.33,46.8,TRADE
NSW1,2009/1/23 18:00,12068.8,42.92,TRADE
NSW1,2009/1/23 18:30,11632.2,32.75,TRADE
NSW1,2009/1/23 19:00,11355.4,31.59,TRADE
NSW1,2009/1/23 19:30,11241.46,29.71,TRADE
NSW1,2009/1/23 20:00,11210.4,32.48,TRADE
NSW1,2009/1/23 20:30,10967.55,31.99,TRADE
NSW1,2009/1/23 21:00,10601.63,27.28,TRADE
NSW1,2009/1/23 21:30,10573.58,30.12,TRADE
NSW1,2009/1/23 22:00,10063.09,25.7,TRADE
NSW1,2009/1/23 22:30,9874.58,27.97,TRADE
NSW1,2009/1/23 23:00,9575.94,24.91,TRADE
NSW1,2009/1/23 23:30,9121.98,23.85,TRADE
NSW1,2009/1/24 0:00,8801.7,21.3,TRADE
NSW1,2009/1/24 0:30,8484.14,22.82,TRADE
NSW1,2009/1/24 1:00,8183.18,22.59,TRADE
NSW1,2009/1/24 1:30,7845.64,22.5,TRADE
NSW1,2009/1/24 2:00,7544.77,22.01,TRADE
NSW1,2009/1/24 2:30,7355.39,21.65,TRADE
NSW1,2009/1/24 3:00,7229.42,20.95,TRADE
NSW1,2009/1/24 3:30,7178.71,20.88,TRADE
NSW1,2009/1/24 4:00,7136.75,20.6,TRADE
NSW1,2009/1/24 4:30,7213.12,20.92,TRADE
NSW1,2009/1/24 5:00,7325.34,21.19,TRADE
NSW1,2009/1/24 5:30,7434.53,21.38,TRADE
NSW1,2009/1/24 6:00,7596.65,21.59,TRADE
NSW1,2009/1/24 6:30,7976.32,21.94,TRADE
NSW1,2009/1/24 7:00,8495.85,22.28,TRADE
NSW1,2009/1/24 7:30,9105.8,22.83,TRADE
NSW1,2009/1/24 8:00,9755.59,25.57,TRADE
NSW1,2009/1/24 8:30,10485.73,35.61,TRADE
NSW1,2009/1/24 9:00,10929.23,49.97,TRADE
NSW1,2009/1/24 9:30,11325.08,69.96,TRADE
NSW1,2009/1/24 10:00,11548.42,72.73,TRADE
NSW1,2009/1/24 10:30,11812.61,65.63,TRADE
NSW1,2009/1/24 11:00,11972.87,62.99,TRADE
NSW1,2009/1/24 11:30,12151.21,72.65,TRADE
NSW1,2009/1/24 12:00,12274.21,95,TRADE
NSW1,2009/1/24 12:30,12356.19,159.45,TRADE
NSW1,2009/1/24 13:00,12419.56,287.57,TRADE
NSW1,2009/1/24 13:30,12444.06,289.14,TRADE
NSW1,2009/1/24 14:00,12485.6,299.89,TRADE
NSW1,2009/1/24 14:30,12525.17,298.16,TRADE
NSW1,2009/1/24 15:00,12555.88,299.89,TRADE
NSW1,2009/1/24 15:30,12582.71,299.89,TRADE
NSW1,2009/1/24 16:00,12515.61,219.04,TRADE
NSW1,2009/1/24 16:30,12338.24,130.71,TRADE
NSW1,2009/1/24 17:00,12116.02,222.12,TRADE
NSW1,2009/1/24 17:30,11579.47,72.24,TRADE
NSW1,2009/1/24 18:00,10880.78,53.03,TRADE
NSW1,2009/1/24 18:30,10317.2,37.28,TRADE
NSW1,2009/1/24 19:00,9860.85,30.06,TRADE
NSW1,2009/1/24 19:30,9680.44,29.53,TRADE
NSW1,2009/1/24 20:00,9586.34,31.61,TRADE
NSW1,2009/1/24 20:30,9350.01,34.36,TRADE
NSW1,2009/1/24 21:00,9006.65,25.85,TRADE
NSW1,2009/1/24 21:30,8954.44,28.57,TRADE
NSW1,2009/1/24 22:00,8696.66,25.43,TRADE
NSW1,2009/1/24 22:30,8516.65,27.9,TRADE
NSW1,2009/1/24 23:00,8214.39,25.2,TRADE
NSW1,2009/1/24 23:30,7953.17,25.01,TRADE
NSW1,2009/1/25 0:00,7678.99,24.74,TRADE
NSW1,2009/1/25 0:30,7463.77,22.17,TRADE
NSW1,2009/1/25 1:00,7250.35,21.75,TRADE
NSW1,2009/1/25 1:30,6953.17,21.73,TRADE
NSW1,2009/1/25 2:00,6717.26,17.04,TRADE
NSW1,2009/1/25 2:30,6614.08,17.08,TRADE
NSW1,2009/1/25 3:00,6542.41,16.36,TRADE
NSW1,2009/1/25 3:30,6474.75,16.35,TRADE
NSW1,2009/1/25 4:00,6436.4,15.83,TRADE
NSW1,2009/1/25 4:30,6466.65,17.33,TRADE
NSW1,2009/1/25 5:00,6524.14,17.16,TRADE
NSW1,2009/1/25 5:30,6593.39,17.06,TRADE
NSW1,2009/1/25 6:00,6656.71,16.89,TRADE
NSW1,2009/1/25 6:30,6838.45,19.25,TRADE
NSW1,2009/1/25 7:00,7140.66,21.12,TRADE
NSW1,2009/1/25 7:30,7438.33,21.51,TRADE
NSW1,2009/1/25 8:00,7773.53,23.19,TRADE
NSW1,2009/1/25 8:30,8094.91,24.28,TRADE
NSW1,2009/1/25 9:00,8288.44,24.7,TRADE
NSW1,2009/1/25 9:30,8491.59,25.18,TRADE
NSW1,2009/1/25 10:00,8590.07,25.85,TRADE
NSW1,2009/1/25 10:30,8615.66,25.85,TRADE
NSW1,2009/1/25 11:00,8689.51,26.71,TRADE
NSW1,2009/1/25 11:30,8719.78,25.85,TRADE
NSW1,2009/1/25 12:00,8741.66,25.85,TRADE
NSW1,2009/1/25 12:30,8787.9,26.71,TRADE
NSW1,2009/1/25 13:00,8805.82,26.71,TRADE
NSW1,2009/1/25 13:30,8829.67,28.43,TRADE
NSW1,2009/1/25 14:00,8835.05,30.93,TRADE
NSW1,2009/1/25 14:30,8862.09,35.98,TRADE
NSW1,2009/1/25 15:00,8913.33,38.31,TRADE
NSW1,2009/1/25 15:30,8950.53,37.86,TRADE
NSW1,2009/1/25 16:00,8947.89,38.28,TRADE
NSW1,2009/1/25 16:30,8856.32,36.43,TRADE
NSW1,2009/1/25 17:00,8848.37,36.16,TRADE
NSW1,2009/1/25 17:30,8842.38,35.79,TRADE
NSW1,2009/1/25 18:00,8772.22,34.19,TRADE
NSW1,2009/1/25 18:30,8672.78,29.62,TRADE
NSW1,2009/1/25 19:00,8567.38,25.85,TRADE
NSW1,2009/1/25 19:30,8615.13,25.57,TRADE
NSW1,2009/1/25 20:00,8670.52,25.15,TRADE
NSW1,2009/1/25 20:30,8548.31,25.01,TRADE
NSW1,2009/1/25 21:00,8394.31,24,TRADE
NSW1,2009/1/25 21:30,8326.77,21.67,TRADE
NSW1,2009/1/25 22:00,8228.72,23.5,TRADE
NSW1,2009/1/25 22:30,8196.1,26.16,TRADE
NSW1,2009/1/25 23:00,7943.36,24.11,TRADE
NSW1,2009/1/25 23:30,7670.01,25.01,TRADE
NSW1,2009/1/26 0:00,7498.38,22.83,TRADE
NSW1,2009/1/26 0:30,7284.78,21.6,TRADE
NSW1,2009/1/26 1:00,7109.8,21.55,TRADE
NSW1,2009/1/26 1:30,6806.55,21.53,TRADE
NSW1,2009/1/26 2:00,6628.06,17.24,TRADE
NSW1,2009/1/26 2:30,6499.25,14.85,TRADE
NSW1,2009/1/26 3:00,6405.14,14.57,TRADE
NSW1,2009/1/26 3:30,6382.66,15.17,TRADE
NSW1,2009/1/26 4:00,6375.84,13.7,TRADE
NSW1,2009/1/26 4:30,6439.18,15.35,TRADE
NSW1,2009/1/26 5:00,6549.2,17.73,TRADE
NSW1,2009/1/26 5:30,6674.49,16.99,TRADE
NSW1,2009/1/26 6:00,6821.6,19.1,TRADE
NSW1,2009/1/26 6:30,7043.75,21.61,TRADE
NSW1,2009/1/26 7:00,7325.41,21.99,TRADE
NSW1,2009/1/26 7:30,7688.9,21.99,TRADE
NSW1,2009/1/26 8:00,7944.99,22.52,TRADE
NSW1,2009/1/26 8:30,8270.8,25.29,TRADE
NSW1,2009/1/26 9:00,8534.22,25.85,TRADE
NSW1,2009/1/26 9:30,8720.78,28.74,TRADE
NSW1,2009/1/26 10:00,8858.37,33.62,TRADE
NSW1,2009/1/26 10:30,8943.9,35.73,TRADE
NSW1,2009/1/26 11:00,9039.62,38.1,TRADE
NSW1,2009/1/26 11:30,9078.14,38.53,TRADE
NSW1,2009/1/26 12:00,9169.18,39.04,TRADE
NSW1,2009/1/26 12:30,9205.36,37.22,TRADE
NSW1,2009/1/26 13:00,9309.64,39.58,TRADE
NSW1,2009/1/26 13:30,9423.03,41.15,TRADE
NSW1,2009/1/26 14:00,9483.87,40.43,TRADE
NSW1,2009/1/26 14:30,9556.04,40.46,TRADE
NSW1,2009/1/26 15:00,9583.57,40.06,TRADE
NSW1,2009/1/26 15:30,9697.53,39.98,TRADE
NSW1,2009/1/26 16:00,9653.18,39.75,TRADE
NSW1,2009/1/26 16:30,9672.31,39.05,TRADE
NSW1,2009/1/26 17:00,9639.33,39,TRADE
NSW1,2009/1/26 17:30,9508.64,37.72,TRADE
NSW1,2009/1/26 18:00,9345.06,36.27,TRADE
NSW1,2009/1/26 18:30,9197.44,35.47,TRADE
NSW1,2009/1/26 19:00,9128.05,33.95,TRADE
NSW1,2009/1/26 19:30,9160.53,33.91,TRADE
NSW1,2009/1/26 20:00,9163.87,32.51,TRADE
NSW1,2009/1/26 20:30,9000.77,30.68,TRADE
NSW1,2009/1/26 21:00,8731.52,26.34,TRADE
NSW1,2009/1/26 21:30,8653.45,25.92,TRADE
NSW1,2009/1/26 22:00,8518.7,24.31,TRADE
NSW1,2009/1/26 22:30,8448.64,23.76,TRADE
NSW1,2009/1/26 23:00,8238.45,21.99,TRADE
NSW1,2009/1/26 23:30,8015.66,22,TRADE
NSW1,2009/1/27 0:00,7883.95,21.83,TRADE
NSW1,2009/1/27 0:30,7652.07,19.9,TRADE
NSW1,2009/1/27 1:00,7415.21,16.9,TRADE
NSW1,2009/1/27 1:30,7097.54,17.2,TRADE
NSW1,2009/1/27 2:00,6845.61,12.73,TRADE
NSW1,2009/1/27 2:30,6669.78,12,TRADE
NSW1,2009/1/27 3:00,6600.56,11.62,TRADE
NSW1,2009/1/27 3:30,6615.83,11.08,TRADE
NSW1,2009/1/27 4:00,6671.27,11.96,TRADE
NSW1,2009/1/27 4:30,6893.29,15.41,TRADE
NSW1,2009/1/27 5:00,7147.04,19.43,TRADE
NSW1,2009/1/27 5:30,7721.26,21.85,TRADE
NSW1,2009/1/27 6:00,8289.1,23.95,TRADE
NSW1,2009/1/27 6:30,8780.32,29.61,TRADE
NSW1,2009/1/27 7:00,9230.27,33.13,TRADE
NSW1,2009/1/27 7:30,9636.93,33.95,TRADE
NSW1,2009/1/27 8:00,10048.21,36.32,TRADE
NSW1,2009/1/27 8:30,10404.84,39.06,TRADE
NSW1,2009/1/27 9:00,10567.44,38.94,TRADE
NSW1,2009/1/27 9:30,10739.25,38.89,TRADE
NSW1,2009/1/27 10:00,10835.82,39.73,TRADE
NSW1,2009/1/27 10:30,10870.11,38.94,TRADE
NSW1,2009/1/27 11:00,10946.74,33.91,TRADE
NSW1,2009/1/27 11:30,10985.3,33.24,TRADE
NSW1,2009/1/27 12:00,11064.88,42.52,TRADE
NSW1,2009/1/27 12:30,11124.48,51.47,TRADE
NSW1,2009/1/27 13:00,11203.02,51.91,TRADE
NSW1,2009/1/27 13:30,11199.51,57.11,TRADE
NSW1,2009/1/27 14:00,11223.14,50.2,TRADE
NSW1,2009/1/27 14:30,11291.54,53.62,TRADE
NSW1,2009/1/27 15:00,11413.26,57.11,TRADE
NSW1,2009/1/27 15:30,11416.39,48.27,TRADE
NSW1,2009/1/27 16:00,11449.46,59.14,TRADE
NSW1,2009/1/27 16:30,11361.49,47.77,TRADE
NSW1,2009/1/27 17:00,11263.47,45.8,TRADE
NSW1,2009/1/27 17:30,10928.31,43.88,TRADE
NSW1,2009/1/27 18:00,10694.65,40.3,TRADE
NSW1,2009/1/27 18:30,10392.95,32.59,TRADE
NSW1,2009/1/27 19:00,10201.41,31.92,TRADE
NSW1,2009/1/27 19:30,10174.93,35,TRADE
NSW1,2009/1/27 20:00,10146.96,39.43,TRADE
NSW1,2009/1/27 20:30,9847.51,37,TRADE
NSW1,2009/1/27 21:00,9461.35,32.29,TRADE
NSW1,2009/1/27 21:30,9423.22,43.76,TRADE
NSW1,2009/1/27 22:00,9179.13,31.61,TRADE
NSW1,2009/1/27 22:30,9010.96,38.83,TRADE
NSW1,2009/1/27 23:00,8753.51,34.16,TRADE
NSW1,2009/1/27 23:30,8483.67,29.93,TRADE
NSW1,2009/1/28 0:00,8229.93,25.88,TRADE
NSW1,2009/1/28 0:30,8026.7,27.95,TRADE
NSW1,2009/1/28 1:00,7724.07,22.42,TRADE
NSW1,2009/1/28 1:30,7402.39,21.66,TRADE
NSW1,2009/1/28 2:00,7122.51,17.73,TRADE
NSW1,2009/1/28 2:30,6917.26,11.82,TRADE
NSW1,2009/1/28 3:00,6835.41,13.46,TRADE
NSW1,2009/1/28 3:30,6838.22,15.08,TRADE
NSW1,2009/1/28 4:00,6918,16.12,TRADE
NSW1,2009/1/28 4:30,7083.43,19.47,TRADE
NSW1,2009/1/28 5:00,7390.18,21.74,TRADE
NSW1,2009/1/28 5:30,7875.43,23.36,TRADE
NSW1,2009/1/28 6:00,8428.44,25.92,TRADE
NSW1,2009/1/28 6:30,8917.16,35.36,TRADE
NSW1,2009/1/28 7:00,9384.33,37.15,TRADE
NSW1,2009/1/28 7:30,9806.29,34.76,TRADE
NSW1,2009/1/28 8:00,10188.88,32.01,TRADE
NSW1,2009/1/28 8:30,10617.02,35.22,TRADE
NSW1,2009/1/28 9:00,10875.28,36.83,TRADE
NSW1,2009/1/28 9:30,11104.28,40.89,TRADE
NSW1,2009/1/28 10:00,11295.07,39.82,TRADE
NSW1,2009/1/28 10:30,11486.76,42.91,TRADE
NSW1,2009/1/28 11:00,11668.46,43.67,TRADE
NSW1,2009/1/28 11:30,11814.9,55.64,TRADE
NSW1,2009/1/28 12:00,11990.91,55.8,TRADE
NSW1,2009/1/28 12:30,12076.37,121.12,TRADE
NSW1,2009/1/28 13:00,12170.74,148.46,TRADE
NSW1,2009/1/28 13:30,12301.6,136.53,TRADE
NSW1,2009/1/28 14:00,12398.64,149.1,TRADE
NSW1,2009/1/28 14:30,12430.35,149.95,TRADE
NSW1,2009/1/28 15:00,12586.11,160.11,TRADE
NSW1,2009/1/28 15:30,12675.42,251.88,TRADE
NSW1,2009/1/28 16:00,12729.74,275.76,TRADE
NSW1,2009/1/28 16:30,12631.33,185.71,TRADE
NSW1,2009/1/28 17:00,12478.26,144.86,TRADE
NSW1,2009/1/28 17:30,12057.89,80.92,TRADE
NSW1,2009/1/28 18:00,11826.62,56.77,TRADE
NSW1,2009/1/28 18:30,11402.78,33.14,TRADE
NSW1,2009/1/28 19:00,11092.42,28.13,TRADE
NSW1,2009/1/28 19:30,10970.34,32.69,TRADE
NSW1,2009/1/28 20:00,10932.7,35.54,TRADE
NSW1,2009/1/28 20:30,10581.3,34.01,TRADE
NSW1,2009/1/28 21:00,10098.08,31.69,TRADE
NSW1,2009/1/28 21:30,9911.99,40.09,TRADE
NSW1,2009/1/28 22:00,9526.57,30.46,TRADE
NSW1,2009/1/28 22:30,9302.7,44.07,TRADE
NSW1,2009/1/28 23:00,8982.05,35.29,TRADE
NSW1,2009/1/28 23:30,8629.58,32.46,TRADE
NSW1,2009/1/29 0:00,8383.67,27.53,TRADE
NSW1,2009/1/29 0:30,8162.35,30.94,TRADE
NSW1,2009/1/29 1:00,7907.77,26.57,TRADE
NSW1,2009/1/29 1:30,7541.98,23.5,TRADE
NSW1,2009/1/29 2:00,7237.48,22,TRADE
NSW1,2009/1/29 2:30,7072.57,22,TRADE
NSW1,2009/1/29 3:00,6976.37,22,TRADE
NSW1,2009/1/29 3:30,6999.99,22,TRADE
NSW1,2009/1/29 4:00,7046.99,22.09,TRADE
NSW1,2009/1/29 4:30,7258.98,23.52,TRADE
NSW1,2009/1/29 5:00,7545.69,24.99,TRADE
NSW1,2009/1/29 5:30,7992.7,24.51,TRADE
NSW1,2009/1/29 6:00,8578.08,31,TRADE
NSW1,2009/1/29 6:30,9095.64,37.52,TRADE
NSW1,2009/1/29 7:00,9630.36,39.78,TRADE
NSW1,2009/1/29 7:30,9986.78,40.02,TRADE
NSW1,2009/1/29 8:00,10317.93,30.91,TRADE
NSW1,2009/1/29 8:30,10717.74,28.26,TRADE
NSW1,2009/1/29 9:00,11017.84,36.67,TRADE
NSW1,2009/1/29 9:30,11323.58,38.14,TRADE
NSW1,2009/1/29 10:00,11586.29,44.59,TRADE
NSW1,2009/1/29 10:30,11807.05,53.99,TRADE
NSW1,2009/1/29 11:00,11988.51,58.17,TRADE
NSW1,2009/1/29 11:30,12132.86,82.71,TRADE
NSW1,2009/1/29 12:00,12270.68,89.69,TRADE
NSW1,2009/1/29 12:30,12426.11,124.49,TRADE
NSW1,2009/1/29 13:00,12518.59,139.77,TRADE
NSW1,2009/1/29 13:30,12688.89,149,TRADE
NSW1,2009/1/29 14:00,12764.06,233.04,TRADE
NSW1,2009/1/29 14:30,12813.65,273.11,TRADE
NSW1,2009/1/29 15:00,12993.3,299.89,TRADE
NSW1,2009/1/29 15:30,13060.16,305.05,TRADE
NSW1,2009/1/29 16:00,13096.37,2657.59,TRADE
NSW1,2009/1/29 16:30,12957.91,276.2,TRADE
NSW1,2009/1/29 17:00,12838.46,258.94,TRADE
NSW1,2009/1/29 17:30,12419.95,125.98,TRADE
NSW1,2009/1/29 18:00,12123.61,76.98,TRADE
NSW1,2009/1/29 18:30,11767.83,59.41,TRADE
NSW1,2009/1/29 19:00,11463.55,90.94,TRADE
NSW1,2009/1/29 19:30,11300.7,60.39,TRADE
NSW1,2009/1/29 20:00,11239.03,70.08,TRADE
NSW1,2009/1/29 20:30,10760.53,46.98,TRADE
NSW1,2009/1/29 21:00,10213.77,33.96,TRADE
NSW1,2009/1/29 21:30,10042.19,39.39,TRADE
NSW1,2009/1/29 22:00,9584.47,25.78,TRADE
NSW1,2009/1/29 22:30,9378.63,41.73,TRADE
NSW1,2009/1/29 23:00,8992.85,33.5,TRADE
NSW1,2009/1/29 23:30,8669.64,28.47,TRADE
NSW1,2009/1/30 0:00,8438.77,25.01,TRADE
NSW1,2009/1/30 0:30,8190.72,24.85,TRADE
NSW1,2009/1/30 1:00,7899.26,24.39,TRADE
NSW1,2009/1/30 1:30,7582.19,24.27,TRADE
NSW1,2009/1/30 2:00,7328.08,21.82,TRADE
NSW1,2009/1/30 2:30,7173.44,22.31,TRADE
NSW1,2009/1/30 3:00,7064.43,21.95,TRADE
NSW1,2009/1/30 3:30,7054.32,21.92,TRADE
NSW1,2009/1/30 4:00,7114.22,21.94,TRADE
NSW1,2009/1/30 4:30,7287.27,21.98,TRADE
NSW1,2009/1/30 5:00,7564.46,23.42,TRADE
NSW1,2009/1/30 5:30,8111.07,25.67,TRADE
NSW1,2009/1/30 6:00,8659,29.45,TRADE
NSW1,2009/1/30 6:30,9176.43,40.72,TRADE
NSW1,2009/1/30 7:00,9690.73,43.31,TRADE
NSW1,2009/1/30 7:30,10134.73,45.06,TRADE
NSW1,2009/1/30 8:00,10483.56,51.44,TRADE
NSW1,2009/1/30 8:30,10864.32,56.83,TRADE
NSW1,2009/1/30 9:00,11116,44.09,TRADE
NSW1,2009/1/30 9:30,11412.19,67.27,TRADE
NSW1,2009/1/30 10:00,11658.04,139.13,TRADE
NSW1,2009/1/30 10:30,11815.82,96.64,TRADE
NSW1,2009/1/30 11:00,11950.18,127.41,TRADE
NSW1,2009/1/30 11:30,12009.83,67.36,TRADE
NSW1,2009/1/30 12:00,12120.41,167.58,TRADE
NSW1,2009/1/30 12:30,12233.35,111.71,TRADE
NSW1,2009/1/30 13:00,12291.93,187.81,TRADE
NSW1,2009/1/30 13:30,12466.94,168.11,TRADE
NSW1,2009/1/30 14:00,12646.87,203.78,TRADE
NSW1,2009/1/30 14:30,12661.12,178.47,TRADE
NSW1,2009/1/30 15:00,12866.21,225.4,TRADE
NSW1,2009/1/30 15:30,12963.54,203.21,TRADE
NSW1,2009/1/30 16:00,13039.95,181.37,TRADE
NSW1,2009/1/30 16:30,12853.12,256.83,TRADE
NSW1,2009/1/30 17:00,12592.57,144.07,TRADE
NSW1,2009/1/30 17:30,12055.92,81.4,TRADE
NSW1,2009/1/30 18:00,11736.91,85.07,TRADE
NSW1,2009/1/30 18:30,11333.27,45.33,TRADE
NSW1,2009/1/30 19:00,11035.7,44.94,TRADE
NSW1,2009/1/30 19:30,10827.59,44.96,TRADE
NSW1,2009/1/30 20:00,10744.87,37.17,TRADE
NSW1,2009/1/30 20:30,10428.07,35.31,TRADE
NSW1,2009/1/30 21:00,10032.29,34.62,TRADE
NSW1,2009/1/30 21:30,9959.38,34.58,TRADE
NSW1,2009/1/30 22:00,9628.36,23.5,TRADE
NSW1,2009/1/30 22:30,9481.46,31.8,TRADE
NSW1,2009/1/30 23:00,9219.81,33.72,TRADE
NSW1,2009/1/30 23:30,8810,28.84,TRADE
NSW1,2009/1/31 0:00,8580.3,26.28,TRADE
NSW1,2009/1/31 0:30,8318.13,25.42,TRADE
NSW1,2009/1/31 1:00,7974.96,23.66,TRADE
NSW1,2009/1/31 1:30,7649.9,22.68,TRADE
NSW1,2009/1/31 2:00,7332.12,22.15,TRADE
NSW1,2009/1/31 2:30,7174.81,21.67,TRADE
NSW1,2009/1/31 3:00,7063.14,20.93,TRADE
NSW1,2009/1/31 3:30,6983.78,20.8,TRADE
NSW1,2009/1/31 4:00,6954,21.03,TRADE
NSW1,2009/1/31 4:30,7041.69,21.81,TRADE
NSW1,2009/1/31 5:00,7083,22,TRADE
NSW1,2009/1/31 5:30,7231.29,21.63,TRADE
NSW1,2009/1/31 6:00,7358.06,21.64,TRADE
NSW1,2009/1/31 6:30,7712.75,22.64,TRADE
NSW1,2009/1/31 7:00,8187.79,24.12,TRADE
NSW1,2009/1/31 7:30,8685.26,23.5,TRADE
NSW1,2009/1/31 8:00,9149.5,27.45,TRADE
NSW1,2009/1/31 8:30,9661.03,38.15,TRADE
NSW1,2009/1/31 9:00,9926.86,36.95,TRADE
NSW1,2009/1/31 9:30,10256.87,41.17,TRADE
NSW1,2009/1/31 10:00,10410,42.89,TRADE
NSW1,2009/1/31 10:30,10684.37,41.18,TRADE
NSW1,2009/1/31 11:00,10925.45,51.41,TRADE
NSW1,2009/1/31 11:30,11117.59,47.4,TRADE
NSW1,2009/1/31 12:00,11259.02,45.24,TRADE
NSW1,2009/1/31 12:30,11359.72,59.99,TRADE
NSW1,2009/1/31 13:00,11458.02,64.99,TRADE
NSW1,2009/1/31 13:30,11576.41,98.58,TRADE
NSW1,2009/1/31 14:00,11661.46,93.32,TRADE
NSW1,2009/1/31 14:30,11786.84,116.64,TRADE
NSW1,2009/1/31 15:00,11851.83,151.77,TRADE
NSW1,2009/1/31 15:30,11863.56,269.11,TRADE
NSW1,2009/1/31 16:00,11845.4,77.26,TRADE
NSW1,2009/1/31 16:30,11709.41,80.22,TRADE
NSW1,2009/1/31 17:00,11573.31,65.33,TRADE
NSW1,2009/1/31 17:30,11322.49,47.3,TRADE
NSW1,2009/1/31 18:00,11093.73,42.15,TRADE
NSW1,2009/1/31 18:30,10807.74,37.49,TRADE
NSW1,2009/1/31 19:00,10553.71,34.59,TRADE
NSW1,2009/1/31 19:30,10435.06,36.57,TRADE
NSW1,2009/1/31 20:00,10492.04,39.2,TRADE
NSW1,2009/1/31 20:30,10282.96,39.77,TRADE
NSW1,2009/1/31 21:00,9948.03,35.43,TRADE
NSW1,2009/1/31 21:30,9788.6,33.38,TRADE
NSW1,2009/1/31 22:00,9452.69,25.5,TRADE
NSW1,2009/1/31 22:30,9211.45,27.22,TRADE
NSW1,2009/1/31 23:00,8805.66,24.29,TRADE
NSW1,2009/1/31 23:30,8486.94,24.41,TRADE
NSW1,2009/2/1 0:00,8179.47,21.17,TRADE
?NSW1,2009/1/1 0:30,7535,18.38,TRADE
NSW1,2009/1/1 1:00,7229.24,19.67,TRADE
NSW1,2009/1/1 1:30,6857.62,16.61,TRADE
NSW1,2009/1/1 2:00,6535.05,14.57,TRADE
NSW1,2009/1/1 2:30,6287.88,13.87,TRADE
NSW1,2009/1/1 3:00,6114.88,12.78,TRADE
NSW1,2009/1/1 3:30,5997.31,11.13,TRADE
NSW1,2009/1/1 4:00,5992.67,10.93,TRADE
NSW1,2009/1/1 4:30,5982.61,12,TRADE
NSW1,2009/1/1 5:00,5916.82,11.77,TRADE
NSW1,2009/1/1 5:30,5934.37,12,TRADE
NSW1,2009/1/1 6:00,6000.91,12,TRADE
NSW1,2009/1/1 6:30,6149.65,13.51,TRADE
NSW1,2009/1/1 7:00,6377.8,16.21,TRADE
NSW1,2009/1/1 7:30,6684.26,18.74,TRADE
NSW1,2009/1/1 8:00,6919.82,19.99,TRADE
NSW1,2009/1/1 8:30,7250.55,22,TRADE
NSW1,2009/1/1 9:00,7513.67,22,TRADE
NSW1,2009/1/1 9:30,7740.55,22.56,TRADE
NSW1,2009/1/1 10:00,7985.51,22.25,TRADE
NSW1,2009/1/1 10:30,8113.57,22.75,TRADE
NSW1,2009/1/1 11:00,8297.23,24.01,TRADE
NSW1,2009/1/1 11:30,8437.99,26.86,TRADE
NSW1,2009/1/1 12:00,8543.12,27.47,TRADE
NSW1,2009/1/1 12:30,8657.24,29.02,TRADE
NSW1,2009/1/1 13:00,8734.24,29,TRADE
NSW1,2009/1/1 13:30,8877.65,34.66,TRADE
NSW1,2009/1/1 14:00,8975.66,34.39,TRADE
NSW1,2009/1/1 14:30,9077.81,35.45,TRADE
NSW1,2009/1/1 15:00,9146.68,35.29,TRADE
NSW1,2009/1/1 15:30,9223.64,34.99,TRADE
NSW1,2009/1/1 16:00,9300.03,38.21,TRADE
NSW1,2009/1/1 16:30,9363.53,32.02,TRADE
NSW1,2009/1/1 17:00,9428.12,32.44,TRADE
NSW1,2009/1/1 17:30,9376.06,30.89,TRADE
NSW1,2009/1/1 18:00,9346.88,31.44,TRADE
NSW1,2009/1/1 18:30,9158.63,30.22,TRADE
NSW1,2009/1/1 19:00,9019.42,30,TRADE
NSW1,2009/1/1 19:30,8959.04,30,TRADE
NSW1,2009/1/1 20:00,9016.91,30,TRADE
NSW1,2009/1/1 20:30,8849.1,28.97,TRADE
NSW1,2009/1/1 21:00,8545.59,24.05,TRADE
NSW1,2009/1/1 21:30,8392.97,22.11,TRADE
NSW1,2009/1/1 22:00,8073.76,21.06,TRADE
NSW1,2009/1/1 22:30,7993.97,22.55,TRADE
NSW1,2009/1/1 23:00,7743.54,21.95,TRADE
NSW1,2009/1/1 23:30,7511.03,22,TRADE
NSW1,2009/1/2 0:00,7297.68,21.48,TRADE
NSW1,2009/1/2 0:30,7054.62,17.77,TRADE
NSW1,2009/1/2 1:00,6823.02,14.87,TRADE
NSW1,2009/1/2 1:30,6490.71,14.41,TRADE
NSW1,2009/1/2 2:00,6248.64,11.91,TRADE
NSW1,2009/1/2 2:30,6082.09,10.92,TRADE
NSW1,2009/1/2 3:00,6014.54,10.06,TRADE
NSW1,2009/1/2 3:30,5972.69,6.34,TRADE
NSW1,2009/1/2 4:00,5954.02,5.3,TRADE
NSW1,2009/1/2 4:30,6027.58,8.73,TRADE
NSW1,2009/1/2 5:00,6143.99,10.29,TRADE
NSW1,2009/1/2 5:30,6357.36,13.04,TRADE
NSW1,2009/1/2 6:00,6621.16,16.89,TRADE
NSW1,2009/1/2 6:30,6876.48,19.25,TRADE
NSW1,2009/1/2 7:00,7240.46,20.7,TRADE
NSW1,2009/1/2 7:30,7595.43,21.91,TRADE
NSW1,2009/1/2 8:00,7926.47,22.94,TRADE
NSW1,2009/1/2 8:30,8285.48,22.8,TRADE
NSW1,2009/1/2 9:00,8436.97,22.04,TRADE
NSW1,2009/1/2 9:30,8595.13,22,TRADE
NSW1,2009/1/2 10:00,8651.19,22,TRADE
NSW1,2009/1/2 10:30,8662.78,21.99,TRADE
NSW1,2009/1/2 11:00,8716.02,22,TRADE
NSW1,2009/1/2 11:30,8756.29,22,TRADE
NSW1,2009/1/2 12:00,8716.51,22,TRADE
NSW1,2009/1/2 12:30,8679.17,22,TRADE
NSW1,2009/1/2 13:00,8630.17,21.94,TRADE
NSW1,2009/1/2 13:30,8546.51,21.95,TRADE
NSW1,2009/1/2 14:00,8516.25,22,TRADE
NSW1,2009/1/2 14:30,8443.71,22,TRADE
NSW1,2009/1/2 15:00,8364.18,22,TRADE
NSW1,2009/1/2 15:30,8326.86,22,TRADE
NSW1,2009/1/2 16:00,8322.81,22.04,TRADE
NSW1,2009/1/2 16:30,8320.77,22,TRADE
NSW1,2009/1/2 17:00,8352.18,22,TRADE
NSW1,2009/1/2 17:30,8188.45,22,TRADE
NSW1,2009/1/2 18:00,8133.45,22,TRADE
NSW1,2009/1/2 18:30,7996.54,22.07,TRADE
NSW1,2009/1/2 19:00,7911.82,22,TRADE
NSW1,2009/1/2 19:30,7956.79,22,TRADE
NSW1,2009/1/2 20:00,7928.82,22,TRADE
NSW1,2009/1/2 20:30,7801.84,22.04,TRADE
NSW1,2009/1/2 21:00,7582.32,22,TRADE
NSW1,2009/1/2 21:30,7688.98,22.32,TRADE
NSW1,2009/1/2 22:00,7635.68,21.71,TRADE
NSW1,2009/1/2 22:30,7717.95,25.78,TRADE
NSW1,2009/1/2 23:00,7666.24,21.79,TRADE
NSW1,2009/1/2 23:30,7502.64,22.14,TRADE
NSW1,2009/1/3 0:00,7333.82,21.99,TRADE
NSW1,2009/1/3 0:30,7163.07,20.39,TRADE
NSW1,2009/1/3 1:00,6910.19,17.62,TRADE
NSW1,2009/1/3 1:30,6588.73,17.23,TRADE
NSW1,2009/1/3 2:00,6262.81,12.68,TRADE
NSW1,2009/1/3 2:30,6046.51,11.76,TRADE
NSW1,2009/1/3 3:00,5945.1,11.14,TRADE
NSW1,2009/1/3 3:30,5898.92,9.94,TRADE
NSW1,2009/1/3 4:00,5882.81,9.77,TRADE
NSW1,2009/1/3 4:30,5930.09,11,TRADE
NSW1,2009/1/3 5:00,5958.36,10.18,TRADE
NSW1,2009/1/3 5:30,6076.46,10.62,TRADE
NSW1,2009/1/3 6:00,6217.67,11.85,TRADE
NSW1,2009/1/3 6:30,6446.93,15.47,TRADE
NSW1,2009/1/3 7:00,6748.84,17.94,TRADE
NSW1,2009/1/3 7:30,7139.51,21.34,TRADE
NSW1,2009/1/3 8:00,7448.54,22,TRADE
NSW1,2009/1/3 8:30,7837.19,22.46,TRADE
NSW1,2009/1/3 9:00,7964.94,22.3,TRADE
NSW1,2009/1/3 9:30,8050.72,22.04,TRADE
NSW1,2009/1/3 10:00,8083.39,22,TRADE
NSW1,2009/1/3 10:30,8068.89,22,TRADE
NSW1,2009/1/3 11:00,8076.29,22,TRADE
NSW1,2009/1/3 11:30,8035.63,22,TRADE
NSW1,2009/1/3 12:00,8015.25,22,TRADE
NSW1,2009/1/3 12:30,7977.65,22,TRADE
NSW1,2009/1/3 13:00,7886.78,22,TRADE
NSW1,2009/1/3 13:30,7853.6,22,TRADE
NSW1,2009/1/3 14:00,7800.69,22,TRADE
NSW1,2009/1/3 14:30,7808.81,22,TRADE
NSW1,2009/1/3 15:00,7799.3,22,TRADE
NSW1,2009/1/3 15:30,7861.05,22.01,TRADE
NSW1,2009/1/3 16:00,7908.5,22,TRADE
NSW1,2009/1/3 16:30,7910.14,21.98,TRADE
NSW1,2009/1/3 17:00,7979.12,22,TRADE
NSW1,2009/1/3 17:30,7940.61,22,TRADE
NSW1,2009/1/3 18:00,7950.93,22,TRADE
NSW1,2009/1/3 18:30,7859.66,22,TRADE
NSW1,2009/1/3 19:00,7781.67,22,TRADE
NSW1,2009/1/3 19:30,7809.44,22,TRADE
NSW1,2009/1/3 20:00,7944.16,22.12,TRADE
NSW1,2009/1/3 20:30,7855.2,22,TRADE
NSW1,2009/1/3 21:00,7700.24,21.98,TRADE
NSW1,2009/1/3 21:30,7671.86,21.98,TRADE
NSW1,2009/1/3 22:00,7584.66,21.46,TRADE
NSW1,2009/1/3 22:30,7568.02,22.3,TRADE
NSW1,2009/1/3 23:00,7374.23,21.77,TRADE
NSW1,2009/1/3 23:30,7171.84,20.79,TRADE
NSW1,2009/1/4 0:00,6998.73,20,TRADE
NSW1,2009/1/4 0:30,6844.95,16.16,TRADE
NSW1,2009/1/4 1:00,6656.47,13.92,TRADE
NSW1,2009/1/4 1:30,6384.31,13.48,TRADE
NSW1,2009/1/4 2:00,6155.25,11.8,TRADE
NSW1,2009/1/4 2:30,5998.65,10.75,TRADE
NSW1,2009/1/4 3:00,5928.54,9.88,TRADE
NSW1,2009/1/4 3:30,5880.57,3.23,TRADE
NSW1,2009/1/4 4:00,5859.59,5.92,TRADE
NSW1,2009/1/4 4:30,5921.5,3.88,TRADE
NSW1,2009/1/4 5:00,5927.21,6.25,TRADE
NSW1,2009/1/4 5:30,6005.16,7.07,TRADE
NSW1,2009/1/4 6:00,6129.73,10.78,TRADE
NSW1,2009/1/4 6:30,6321.05,12.32,TRADE
NSW1,2009/1/4 7:00,6600.08,15.87,TRADE
NSW1,2009/1/4 7:30,6973.83,18.54,TRADE
NSW1,2009/1/4 8:00,7329.49,20.48,TRADE
NSW1,2009/1/4 8:30,7659.11,22,TRADE
NSW1,2009/1/4 9:00,7891.2,22.01,TRADE
NSW1,2009/1/4 9:30,8108.99,22.16,TRADE
NSW1,2009/1/4 10:00,8242.57,22,TRADE
NSW1,2009/1/4 10:30,8329.12,22,TRADE
NSW1,2009/1/4 11:00,8419.16,22,TRADE
NSW1,2009/1/4 11:30,8503.15,22,TRADE
NSW1,2009/1/4 12:00,8556.77,22,TRADE
NSW1,2009/1/4 12:30,8607.46,22,TRADE
NSW1,2009/1/4 13:00,8650.93,22,TRADE
NSW1,2009/1/4 13:30,8692,22.21,TRADE
NSW1,2009/1/4 14:00,8750.97,24.13,TRADE
NSW1,2009/1/4 14:30,8797.39,25.55,TRADE
NSW1,2009/1/4 15:00,8876.06,26.77,TRADE
NSW1,2009/1/4 15:30,8912.82,28.06,TRADE
NSW1,2009/1/4 16:00,8922.54,26.66,TRADE
NSW1,2009/1/4 16:30,8832.7,25.47,TRADE
NSW1,2009/1/4 17:00,8849.61,26.59,TRADE
NSW1,2009/1/4 17:30,8822.64,25.48,TRADE
NSW1,2009/1/4 18:00,8751.63,25.36,TRADE
NSW1,2009/1/4 18:30,8593.75,22.88,TRADE
NSW1,2009/1/4 19:00,8433.4,21.99,TRADE
NSW1,2009/1/4 19:30,8426.83,22,TRADE
NSW1,2009/1/4 20:00,8547.58,22,TRADE
NSW1,2009/1/4 20:30,8419.64,21.91,TRADE
NSW1,2009/1/4 21:00,8147.66,21.66,TRADE
NSW1,2009/1/4 21:30,8000.46,21.81,TRADE
NSW1,2009/1/4 22:00,7806.81,21.16,TRADE
NSW1,2009/1/4 22:30,7673.57,23.04,TRADE
NSW1,2009/1/4 23:00,7417.06,19.84,TRADE
NSW1,2009/1/4 23:30,7212.2,20.04,TRADE
NSW1,2009/1/5 0:00,7051.66,17.97,TRADE
NSW1,2009/1/5 0:30,6895.88,15.5,TRADE
NSW1,2009/1/5 1:00,6768.96,14.07,TRADE
NSW1,2009/1/5 1:30,6516.18,13.46,TRADE
NSW1,2009/1/5 2:00,6309.3,11.33,TRADE
NSW1,2009/1/5 2:30,6194.75,10.71,TRADE
NSW1,2009/1/5 3:00,6124.14,9.98,TRADE
NSW1,2009/1/5 3:30,6142.71,9.29,TRADE
NSW1,2009/1/5 4:00,6190.34,9.84,TRADE
NSW1,2009/1/5 4:30,6324.15,11.75,TRADE
NSW1,2009/1/5 5:00,6509.2,14.14,TRADE
NSW1,2009/1/5 5:30,6905.98,17.44,TRADE
NSW1,2009/1/5 6:00,7337.83,19.45,TRADE
NSW1,2009/1/5 6:30,7736.33,22.85,TRADE
NSW1,2009/1/5 7:00,8252.87,22.56,TRADE
NSW1,2009/1/5 7:30,8715.42,22.29,TRADE
NSW1,2009/1/5 8:00,9126.29,24.33,TRADE
NSW1,2009/1/5 8:30,9536.99,26.78,TRADE
NSW1,2009/1/5 9:00,9773.6,30.13,TRADE
NSW1,2009/1/5 9:30,10019.77,33.7,TRADE
NSW1,2009/1/5 10:00,10263.38,37.08,TRADE
NSW1,2009/1/5 10:30,10444.62,39.19,TRADE
NSW1,2009/1/5 11:00,10664.93,39.81,TRADE
NSW1,2009/1/5 11:30,10851.37,40,TRADE
NSW1,2009/1/5 12:00,11044.8,44.97,TRADE
NSW1,2009/1/5 12:30,11285.11,52.02,TRADE
NSW1,2009/1/5 13:00,11465.95,59.98,TRADE
NSW1,2009/1/5 13:30,11557.56,60.23,TRADE
NSW1,2009/1/5 14:00,11659.17,59.99,TRADE
NSW1,2009/1/5 14:30,11650.63,59.98,TRADE
NSW1,2009/1/5 15:00,11793.91,59.99,TRADE
NSW1,2009/1/5 15:30,11931.59,60.78,TRADE
NSW1,2009/1/5 16:00,11973.55,91.77,TRADE
NSW1,2009/1/5 16:30,11920.93,76.69,TRADE
NSW1,2009/1/5 17:00,11771.76,62.17,TRADE
NSW1,2009/1/5 17:30,11485.48,60,TRADE
NSW1,2009/1/5 18:00,11338.84,58.81,TRADE
NSW1,2009/1/5 18:30,11023.15,52.46,TRADE
NSW1,2009/1/5 19:00,10715.26,42.12,TRADE
NSW1,2009/1/5 19:30,10535.53,40.52,TRADE
NSW1,2009/1/5 20:00,10557.2,40.93,TRADE
NSW1,2009/1/5 20:30,10321.14,43.06,TRADE
NSW1,2009/1/5 21:00,9868.05,40.56,TRADE
NSW1,2009/1/5 21:30,9718.59,39.03,TRADE
NSW1,2009/1/5 22:00,9232.45,30.21,TRADE
NSW1,2009/1/5 22:30,9040.07,32.32,TRADE
NSW1,2009/1/5 23:00,8682.06,27.95,TRADE
NSW1,2009/1/5 23:30,8401.29,28.81,TRADE
NSW1,2009/1/6 0:00,8131.22,24.63,TRADE
NSW1,2009/1/6 0:30,7854.07,21.47,TRADE
NSW1,2009/1/6 1:00,7556.65,21.5,TRADE
NSW1,2009/1/6 1:30,7201.07,22.58,TRADE
NSW1,2009/1/6 2:00,6903.98,20.97,TRADE
NSW1,2009/1/6 2:30,6740.48,18.28,TRADE
NSW1,2009/1/6 3:00,6614.79,20.94,TRADE
NSW1,2009/1/6 3:30,6624.82,19.26,TRADE
NSW1,2009/1/6 4:00,6648.59,18.86,TRADE
NSW1,2009/1/6 4:30,6806,21.32,TRADE
NSW1,2009/1/6 5:00,6965.15,21.02,TRADE
NSW1,2009/1/6 5:30,7319.19,23.23,TRADE
NSW1,2009/1/6 6:00,7767.59,25.21,TRADE
NSW1,2009/1/6 6:30,8226.54,26.19,TRADE
NSW1,2009/1/6 7:00,8689.41,30.33,TRADE
NSW1,2009/1/6 7:30,9235.47,31.79,TRADE
NSW1,2009/1/6 8:00,9599.77,33.53,TRADE
NSW1,2009/1/6 8:30,10019.56,40,TRADE
NSW1,2009/1/6 9:00,10308.75,40.86,TRADE
NSW1,2009/1/6 9:30,10610.06,44.79,TRADE
NSW1,2009/1/6 10:00,10838.69,48.5,TRADE
NSW1,2009/1/6 10:30,11083.73,59.73,TRADE
NSW1,2009/1/6 11:00,11310.45,62.31,TRADE
NSW1,2009/1/6 11:30,11482.73,70.02,TRADE
NSW1,2009/1/6 12:00,11706.51,90.52,TRADE
NSW1,2009/1/6 12:30,11902.11,100.13,TRADE
NSW1,2009/1/6 13:00,11985.23,102.39,TRADE
NSW1,2009/1/6 13:30,12106.88,106.33,TRADE
NSW1,2009/1/6 14:00,12143.38,109.53,TRADE
NSW1,2009/1/6 14:30,12311.81,119.64,TRADE
NSW1,2009/1/6 15:00,12359.07,119.64,TRADE
NSW1,2009/1/6 15:30,12466.57,151.44,TRADE
NSW1,2009/1/6 16:00,12497.69,276.4,TRADE
NSW1,2009/1/6 16:30,12361.14,147.82,TRADE
NSW1,2009/1/6 17:00,12197.22,114.53,TRADE
NSW1,2009/1/6 17:30,11826.25,91.73,TRADE
NSW1,2009/1/6 18:00,11617.09,60.07,TRADE
NSW1,2009/1/6 18:30,11205.13,55.14,TRADE
NSW1,2009/1/6 19:00,10884.11,48.31,TRADE
NSW1,2009/1/6 19:30,10663.53,47.98,TRADE
NSW1,2009/1/6 20:00,10606.78,44.18,TRADE
NSW1,2009/1/6 20:30,10379.99,45.81,TRADE
NSW1,2009/1/6 21:00,9928.27,40.15,TRADE
NSW1,2009/1/6 21:30,9785.44,43.41,TRADE
NSW1,2009/1/6 22:00,9379.95,34.76,TRADE
NSW1,2009/1/6 22:30,9134.65,33.18,TRADE
NSW1,2009/1/6 23:00,8804.41,28.25,TRADE
NSW1,2009/1/6 23:30,8482.13,29.13,TRADE
NSW1,2009/1/7 0:00,8232.12,24.18,TRADE
NSW1,2009/1/7 0:30,7970.31,22.2,TRADE
NSW1,2009/1/7 1:00,7713.17,21.4,TRADE
NSW1,2009/1/7 1:30,7356.97,23.33,TRADE
NSW1,2009/1/7 2:00,7057.69,21.81,TRADE
NSW1,2009/1/7 2:30,6866.96,21.96,TRADE
NSW1,2009/1/7 3:00,6771.73,21.66,TRADE
NSW1,2009/1/7 3:30,6763.84,22,TRADE
NSW1,2009/1/7 4:00,6782.52,22,TRADE
NSW1,2009/1/7 4:30,6916.73,21.83,TRADE
NSW1,2009/1/7 5:00,7074.4,22.94,TRADE
NSW1,2009/1/7 5:30,7493.76,33.69,TRADE
NSW1,2009/1/7 6:00,7934,25.43,TRADE
NSW1,2009/1/7 6:30,8361.41,30,TRADE
NSW1,2009/1/7 7:00,8858.05,36.73,TRADE
NSW1,2009/1/7 7:30,9294.9,34.36,TRADE
NSW1,2009/1/7 8:00,9739.41,38.6,TRADE
NSW1,2009/1/7 8:30,10151.63,45.98,TRADE
NSW1,2009/1/7 9:00,10428.55,46.18,TRADE
NSW1,2009/1/7 9:30,10732.38,49.13,TRADE
NSW1,2009/1/7 10:00,11003.85,52.34,TRADE
NSW1,2009/1/7 10:30,11227.3,57.22,TRADE
NSW1,2009/1/7 11:00,11477.45,59.98,TRADE
NSW1,2009/1/7 11:30,11745.47,59.98,TRADE
NSW1,2009/1/7 12:00,11947.37,59.99,TRADE
NSW1,2009/1/7 12:30,12185.59,107.21,TRADE
NSW1,2009/1/7 13:00,12325.09,99.54,TRADE
NSW1,2009/1/7 13:30,12423.49,103.9,TRADE
NSW1,2009/1/7 14:00,12453.62,106.05,TRADE
NSW1,2009/1/7 14:30,12420.82,125.54,TRADE
NSW1,2009/1/7 15:00,12305.46,130.65,TRADE
NSW1,2009/1/7 15:30,12255.62,130.54,TRADE
NSW1,2009/1/7 16:00,12216.08,116.53,TRADE
NSW1,2009/1/7 16:30,12040.85,76.23,TRADE
NSW1,2009/1/7 17:00,11899.59,60,TRADE
NSW1,2009/1/7 17:30,11521.52,59.99,TRADE
NSW1,2009/1/7 18:00,11286.05,59.92,TRADE
NSW1,2009/1/7 18:30,11025.62,46.64,TRADE
NSW1,2009/1/7 19:00,10803.3,40,TRADE
NSW1,2009/1/7 19:30,10806.14,42.7,TRADE
NSW1,2009/1/7 20:00,10799.07,44.96,TRADE
NSW1,2009/1/7 20:30,10529.92,56.82,TRADE
NSW1,2009/1/7 21:00,10174.11,47.57,TRADE
NSW1,2009/1/7 21:30,10034.34,47.5,TRADE
NSW1,2009/1/7 22:00,9572.67,35.06,TRADE
NSW1,2009/1/7 22:30,9335.67,40.28,TRADE
NSW1,2009/1/7 23:00,8979.64,32.78,TRADE
NSW1,2009/1/7 23:30,8645.63,32.5,TRADE
NSW1,2009/1/8 0:00,8368.28,24.66,TRADE
NSW1,2009/1/8 0:30,8060.97,21.94,TRADE
NSW1,2009/1/8 1:00,7732.05,21.73,TRADE
NSW1,2009/1/8 1:30,7426.72,23.41,TRADE
NSW1,2009/1/8 2:00,7119.48,21.74,TRADE
NSW1,2009/1/8 2:30,6929.37,21.34,TRADE
NSW1,2009/1/8 3:00,6824.65,20.66,TRADE
NSW1,2009/1/8 3:30,6783.78,20.53,TRADE
NSW1,2009/1/8 4:00,6807.95,21.56,TRADE
NSW1,2009/1/8 4:30,6942.4,20.81,TRADE
NSW1,2009/1/8 5:00,7151.39,22.04,TRADE
NSW1,2009/1/8 5:30,7589.2,24.51,TRADE
NSW1,2009/1/8 6:00,7967.85,24.64,TRADE
NSW1,2009/1/8 6:30,8338.95,24.58,TRADE
NSW1,2009/1/8 7:00,8712.36,28.93,TRADE
NSW1,2009/1/8 7:30,9049.18,26.03,TRADE
NSW1,2009/1/8 8:00,9304,29.65,TRADE
NSW1,2009/1/8 8:30,9606.34,34.44,TRADE
NSW1,2009/1/8 9:00,9726.43,33.25,TRADE
NSW1,2009/1/8 9:30,9816.05,33.45,TRADE
NSW1,2009/1/8 10:00,9869.24,33.96,TRADE
NSW1,2009/1/8 10:30,9841.63,37.22,TRADE
NSW1,2009/1/8 11:00,9874.72,39.1,TRADE
NSW1,2009/1/8 11:30,9862.21,36.51,TRADE
NSW1,2009/1/8 12:00,9849.55,33.16,TRADE
NSW1,2009/1/8 12:30,9835.32,35.67,TRADE
NSW1,2009/1/8 13:00,9742.98,31.61,TRADE
NSW1,2009/1/8 13:30,9732.46,27.1,TRADE
NSW1,2009/1/8 14:00,9685.93,26.91,TRADE
NSW1,2009/1/8 14:30,9625.14,26.43,TRADE
NSW1,2009/1/8 15:00,9588.38,26.32,TRADE
NSW1,2009/1/8 15:30,9574.95,25.71,TRADE
NSW1,2009/1/8 16:00,9563.79,25.05,TRADE
NSW1,2009/1/8 16:30,9529.64,25.01,TRADE
NSW1,2009/1/8 17:00,9502.2,25.09,TRADE
NSW1,2009/1/8 17:30,9328.15,25.01,TRADE
NSW1,2009/1/8 18:00,9215.69,25,TRADE
NSW1,2009/1/8 18:30,9061.95,22.94,TRADE
NSW1,2009/1/8 19:00,8972.52,22.17,TRADE
NSW1,2009/1/8 19:30,8930.27,22.31,TRADE
NSW1,2009/1/8 20:00,8858.39,25,TRADE
NSW1,2009/1/8 20:30,8591.85,22.66,TRADE
NSW1,2009/1/8 21:00,8276.08,21.63,TRADE
NSW1,2009/1/8 21:30,8301.87,22.03,TRADE
NSW1,2009/1/8 22:00,8124.98,21.44,TRADE
NSW1,2009/1/8 22:30,8155.05,23.73,TRADE
NSW1,2009/1/8 23:00,8041.67,23.5,TRADE
NSW1,2009/1/8 23:30,7870.48,23.5,TRADE
NSW1,2009/1/9 0:00,7712.64,22.5,TRADE
NSW1,2009/1/9 0:30,7532.52,21.67,TRADE
NSW1,2009/1/9 1:00,7284.8,21.87,TRADE
NSW1,2009/1/9 1:30,6953.26,21.97,TRADE
NSW1,2009/1/9 2:00,6668.42,20.62,TRADE
NSW1,2009/1/9 2:30,6450.87,16.92,TRADE
NSW1,2009/1/9 3:00,6392.35,18.89,TRADE
NSW1,2009/1/9 3:30,6376.26,18.13,TRADE
NSW1,2009/1/9 4:00,6378.81,17.68,TRADE
NSW1,2009/1/9 4:30,6576.6,20.17,TRADE
NSW1,2009/1/9 5:00,6757.66,21.25,TRADE
NSW1,2009/1/9 5:30,7144.22,22.15,TRADE
NSW1,2009/1/9 6:00,7552.62,22.74,TRADE
NSW1,2009/1/9 6:30,7915.25,25.13,TRADE
NSW1,2009/1/9 7:00,8277.86,25.58,TRADE
NSW1,2009/1/9 7:30,8655.44,24.66,TRADE
NSW1,2009/1/9 8:00,8914.51,25.45,TRADE
NSW1,2009/1/9 8:30,9185.55,26.02,TRADE
NSW1,2009/1/9 9:00,9284.3,26.16,TRADE
NSW1,2009/1/9 9:30,9391.23,28.68,TRADE
NSW1,2009/1/9 10:00,9382.62,29.23,TRADE
NSW1,2009/1/9 10:30,9383.66,26.86,TRADE
NSW1,2009/1/9 11:00,9360.18,25.04,TRADE
NSW1,2009/1/9 11:30,9345.73,25.14,TRADE
NSW1,2009/1/9 12:00,9316.2,25.08,TRADE
NSW1,2009/1/9 12:30,9368.55,25.41,TRADE
NSW1,2009/1/9 13:00,9321.86,25.41,TRADE
NSW1,2009/1/9 13:30,9282.59,24.77,TRADE
NSW1,2009/1/9 14:00,9274.49,25.01,TRADE
NSW1,2009/1/9 14:30,9273.3,25.11,TRADE
NSW1,2009/1/9 15:00,9244.99,27.86,TRADE
NSW1,2009/1/9 15:30,9198.36,27.84,TRADE
NSW1,2009/1/9 16:00,9260.08,31.26,TRADE
NSW1,2009/1/9 16:30,9186.78,26.16,TRADE
NSW1,2009/1/9 17:00,9041.03,24.73,TRADE
NSW1,2009/1/9 17:30,8796.83,23.61,TRADE
NSW1,2009/1/9 18:00,8648.72,21.51,TRADE
NSW1,2009/1/9 18:30,8409.93,21.18,TRADE
NSW1,2009/1/9 19:00,8300.71,21.78,TRADE
NSW1,2009/1/9 19:30,8350.02,22,TRADE
NSW1,2009/1/9 20:00,8355.24,22,TRADE
NSW1,2009/1/9 20:30,8216.98,22,TRADE
NSW1,2009/1/9 21:00,8030.53,21.98,TRADE
NSW1,2009/1/9 21:30,8131.93,23.03,TRADE
NSW1,2009/1/9 22:00,8041.67,21.96,TRADE
NSW1,2009/1/9 22:30,8116.68,24.21,TRADE
NSW1,2009/1/9 23:00,7989.46,22.82,TRADE
NSW1,2009/1/9 23:30,7843.13,25,TRADE
NSW1,2009/1/10 0:00,7670.81,22.55,TRADE
NSW1,2009/1/10 0:30,7474.04,22.1,TRADE
NSW1,2009/1/10 1:00,7163.73,21.72,TRADE
NSW1,2009/1/10 1:30,6850.14,21.35,TRADE
NSW1,2009/1/10 2:00,6587.94,15.71,TRADE
NSW1,2009/1/10 2:30,6388.51,13.34,TRADE
NSW1,2009/1/10 3:00,6249.24,12.49,TRADE
NSW1,2009/1/10 3:30,6153.3,12.84,TRADE
NSW1,2009/1/10 4:00,6114.95,12.68,TRADE
NSW1,2009/1/10 4:30,6212.21,14.7,TRADE
NSW1,2009/1/10 5:00,6269.67,14.27,TRADE
NSW1,2009/1/10 5:30,6354.56,15.86,TRADE
NSW1,2009/1/10 6:00,6577.94,18.84,TRADE
NSW1,2009/1/10 6:30,6815.23,21.32,TRADE
NSW1,2009/1/10 7:00,7150.13,22.1,TRADE
NSW1,2009/1/10 7:30,7562.02,21.99,TRADE
NSW1,2009/1/10 8:00,7960.52,22.03,TRADE
NSW1,2009/1/10 8:30,8345.39,23.63,TRADE
NSW1,2009/1/10 9:00,8494.48,24.83,TRADE
NSW1,2009/1/10 9:30,8576.13,25.63,TRADE
NSW1,2009/1/10 10:00,8582.67,27.07,TRADE
NSW1,2009/1/10 10:30,8568.59,26.71,TRADE
NSW1,2009/1/10 11:00,8517.72,24.95,TRADE
NSW1,2009/1/10 11:30,8488.57,24.98,TRADE
NSW1,2009/1/10 12:00,8477.56,24.8,TRADE
NSW1,2009/1/10 12:30,8447.68,25.01,TRADE
NSW1,2009/1/10 13:00,8373.16,24.7,TRADE
NSW1,2009/1/10 13:30,8315.16,24.36,TRADE
NSW1,2009/1/10 14:00,8306.56,24.5,TRADE
NSW1,2009/1/10 14:30,8262.06,24.2,TRADE
NSW1,2009/1/10 15:00,8320.59,24.58,TRADE
NSW1,2009/1/10 15:30,8348.16,24.05,TRADE
NSW1,2009/1/10 16:00,8348.6,24.72,TRADE
NSW1,2009/1/10 16:30,8251.53,23.53,TRADE
NSW1,2009/1/10 17:00,8235.85,24.46,TRADE
NSW1,2009/1/10 17:30,8194.68,22.98,TRADE
NSW1,2009/1/10 18:00,8168.13,22.33,TRADE
NSW1,2009/1/10 18:30,8026,21.83,TRADE
NSW1,2009/1/10 19:00,7993.29,22,TRADE
NSW1,2009/1/10 19:30,8053.29,22,TRADE
NSW1,2009/1/10 20:00,8117.77,22.15,TRADE
NSW1,2009/1/10 20:30,8038.75,22.04,TRADE
NSW1,2009/1/10 21:00,7875.97,21.83,TRADE
NSW1,2009/1/10 21:30,7876.36,21.76,TRADE
NSW1,2009/1/10 22:00,7795.31,21.55,TRADE
NSW1,2009/1/10 22:30,7754.64,22.14,TRADE
NSW1,2009/1/10 23:00,7570.88,21.97,TRADE
NSW1,2009/1/10 23:30,7394.33,22.73,TRADE
NSW1,2009/1/11 0:00,7242.89,21.72,TRADE
NSW1,2009/1/11 0:30,7038.64,21.58,TRADE
NSW1,2009/1/11 1:00,6844.39,20.08,TRADE
NSW1,2009/1/11 1:30,6599.2,19.68,TRADE
NSW1,2009/1/11 2:00,6342.36,15.31,TRADE
NSW1,2009/1/11 2:30,6177.46,13.21,TRADE
NSW1,2009/1/11 3:00,6086.08,12.48,TRADE
NSW1,2009/1/11 3:30,6037.56,13.69,TRADE
NSW1,2009/1/11 4:00,6034.69,12.39,TRADE
NSW1,2009/1/11 4:30,6087.73,12.99,TRADE
NSW1,2009/1/11 5:00,6096.9,13.45,TRADE
NSW1,2009/1/11 5:30,6112.84,13.27,TRADE
NSW1,2009/1/11 6:00,6232.99,14.44,TRADE
NSW1,2009/1/11 6:30,6426.21,16.26,TRADE
NSW1,2009/1/11 7:00,6737.38,17.31,TRADE
NSW1,2009/1/11 7:30,7129.69,18.61,TRADE
NSW1,2009/1/11 8:00,7472.4,21.85,TRADE
NSW1,2009/1/11 8:30,7804.96,22,TRADE
NSW1,2009/1/11 9:00,8033.27,22.05,TRADE
NSW1,2009/1/11 9:30,8250.39,24.02,TRADE
NSW1,2009/1/11 10:00,8322.53,24.98,TRADE
NSW1,2009/1/11 10:30,8387.51,24.98,TRADE
NSW1,2009/1/11 11:00,8454.79,25,TRADE
NSW1,2009/1/11 11:30,8507.3,25,TRADE
NSW1,2009/1/11 12:00,8535.97,25.01,TRADE
NSW1,2009/1/11 12:30,8548.52,25.01,TRADE
NSW1,2009/1/11 13:00,8557.29,25.01,TRADE
NSW1,2009/1/11 13:30,8595.09,25.01,TRADE
NSW1,2009/1/11 14:00,8612.01,25.01,TRADE
NSW1,2009/1/11 14:30,8681.02,25.01,TRADE
NSW1,2009/1/11 15:00,8718.67,25.01,TRADE
NSW1,2009/1/11 15:30,8745.81,28.22,TRADE
NSW1,2009/1/11 16:00,8742.31,28.26,TRADE
NSW1,2009/1/11 16:30,8677.15,26.36,TRADE
NSW1,2009/1/11 17:00,8692.06,25.4,TRADE
NSW1,2009/1/11 17:30,8659.13,25.12,TRADE
NSW1,2009/1/11 18:00,8589.15,25,TRADE
NSW1,2009/1/11 18:30,8500.53,23.98,TRADE
NSW1,2009/1/11 19:00,8470.37,23.55,TRADE
NSW1,2009/1/11 19:30,8512.87,23.53,TRADE
NSW1,2009/1/11 20:00,8501.81,23.1,TRADE
NSW1,2009/1/11 20:30,8423.1,22.43,TRADE
NSW1,2009/1/11 21:00,8176.89,21.58,TRADE
NSW1,2009/1/11 21:30,8080.4,21.94,TRADE
NSW1,2009/1/11 22:00,7831.03,21.03,TRADE
NSW1,2009/1/11 22:30,7768.06,23.97,TRADE
NSW1,2009/1/11 23:00,7549.63,21.55,TRADE
NSW1,2009/1/11 23:30,7367.45,21.46,TRADE
NSW1,2009/1/12 0:00,7192.63,19.33,TRADE
NSW1,2009/1/12 0:30,7013.76,19.65,TRADE
NSW1,2009/1/12 1:00,6902.63,20.61,TRADE
NSW1,2009/1/12 1:30,6664.66,22.93,TRADE
NSW1,2009/1/12 2:00,6501.46,20.6,TRADE
NSW1,2009/1/12 2:30,6374.21,16.54,TRADE
NSW1,2009/1/12 3:00,6309.12,15.46,TRADE
NSW1,2009/1/12 3:30,6337.15,17.41,TRADE
NSW1,2009/1/12 4:00,6365.58,17.96,TRADE
NSW1,2009/1/12 4:30,6567.45,19.63,TRADE
NSW1,2009/1/12 5:00,6781.88,21.76,TRADE
NSW1,2009/1/12 5:30,7246.27,23.21,TRADE
NSW1,2009/1/12 6:00,7743.53,23.44,TRADE
NSW1,2009/1/12 6:30,8168.75,28.46,TRADE
NSW1,2009/1/12 7:00,8639.21,30.87,TRADE
NSW1,2009/1/12 7:30,9081.95,26.82,TRADE
NSW1,2009/1/12 8:00,9445.84,30.44,TRADE
NSW1,2009/1/12 8:30,9842.72,32.19,TRADE
NSW1,2009/1/12 9:00,10034.73,31.36,TRADE
NSW1,2009/1/12 9:30,10241.61,30.43,TRADE
NSW1,2009/1/12 10:00,10384.11,31.19,TRADE
NSW1,2009/1/12 10:30,10492.73,33.31,TRADE
NSW1,2009/1/12 11:00,10565.25,31.89,TRADE
NSW1,2009/1/12 11:30,10600.19,33.7,TRADE
NSW1,2009/1/12 12:00,10713.32,32.76,TRADE
NSW1,2009/1/12 12:30,10797.3,32.59,TRADE
NSW1,2009/1/12 13:00,10895.24,37.1,TRADE
NSW1,2009/1/12 13:30,10942,37.75,TRADE
NSW1,2009/1/12 14:00,10925.71,34.79,TRADE
NSW1,2009/1/12 14:30,10960.85,33.38,TRADE
NSW1,2009/1/12 15:00,10979.79,32.46,TRADE
NSW1,2009/1/12 15:30,10954.96,34.24,TRADE
NSW1,2009/1/12 16:00,10948.42,34.63,TRADE
NSW1,2009/1/12 16:30,10799.59,29.42,TRADE
NSW1,2009/1/12 17:00,10622.76,30.09,TRADE
NSW1,2009/1/12 17:30,10352.36,25.87,TRADE
NSW1,2009/1/12 18:00,10116.51,25.05,TRADE
NSW1,2009/1/12 18:30,9820,25.01,TRADE
NSW1,2009/1/12 19:00,9587.83,24.08,TRADE
NSW1,2009/1/12 19:30,9532.29,22.91,TRADE
NSW1,2009/1/12 20:00,9506.65,22,TRADE
NSW1,2009/1/12 20:30,9299.37,21.98,TRADE
NSW1,2009/1/12 21:00,8910.48,21.9,TRADE
NSW1,2009/1/12 21:30,8875.47,22.26,TRADE
NSW1,2009/1/12 22:00,8627.19,21.05,TRADE
NSW1,2009/1/12 22:30,8563.13,23.14,TRADE
NSW1,2009/1/12 23:00,8374.4,21.82,TRADE
NSW1,2009/1/12 23:30,8182.24,22.68,TRADE
NSW1,2009/1/13 0:00,7989.03,22,TRADE
NSW1,2009/1/13 0:30,7762.61,20.35,TRADE
NSW1,2009/1/13 1:00,7483.87,16.55,TRADE
NSW1,2009/1/13 1:30,7164.41,17.81,TRADE
NSW1,2009/1/13 2:00,6897.35,14.35,TRADE
NSW1,2009/1/13 2:30,6712.83,13.53,TRADE
NSW1,2009/1/13 3:00,6597.6,12.29,TRADE
NSW1,2009/1/13 3:30,6578.64,14.44,TRADE
NSW1,2009/1/13 4:00,6614.98,13.17,TRADE
NSW1,2009/1/13 4:30,6821.07,15.38,TRADE
NSW1,2009/1/13 5:00,7039.04,17.57,TRADE
NSW1,2009/1/13 5:30,7493.15,21.99,TRADE
NSW1,2009/1/13 6:00,7970.07,21.83,TRADE
NSW1,2009/1/13 6:30,8463.88,26.53,TRADE
NSW1,2009/1/13 7:00,8978.65,27.49,TRADE
NSW1,2009/1/13 7:30,9338.63,23.79,TRADE
NSW1,2009/1/13 8:00,9658.37,23.86,TRADE
NSW1,2009/1/13 8:30,10031.86,24.88,TRADE
NSW1,2009/1/13 9:00,10236.59,25,TRADE
NSW1,2009/1/13 9:30,10432.04,25.01,TRADE
NSW1,2009/1/13 10:00,10505.36,25.3,TRADE
NSW1,2009/1/13 10:30,10617.65,28.58,TRADE
NSW1,2009/1/13 11:00,10761.43,29.98,TRADE
NSW1,2009/1/13 11:30,10825.28,29.98,TRADE
NSW1,2009/1/13 12:00,10936.05,33.06,TRADE
NSW1,2009/1/13 12:30,11036.65,37.01,TRADE
NSW1,2009/1/13 13:00,11108.26,31.64,TRADE
NSW1,2009/1/13 13:30,11259.85,39.78,TRADE
NSW1,2009/1/13 14:00,11366.67,40.08,TRADE
NSW1,2009/1/13 14:30,11464.33,42.9,TRADE
NSW1,2009/1/13 15:00,11487.48,49.41,TRADE
NSW1,2009/1/13 15:30,11562.59,91.23,TRADE
NSW1,2009/1/13 16:00,11602.69,96,TRADE
NSW1,2009/1/13 16:30,11508.21,56.06,TRADE
NSW1,2009/1/13 17:00,11389.92,42.45,TRADE
NSW1,2009/1/13 17:30,11042.5,36.57,TRADE
NSW1,2009/1/13 18:00,10887.78,32.32,TRADE
NSW1,2009/1/13 18:30,10486.24,30.57,TRADE
NSW1,2009/1/13 19:00,10194.55,28.54,TRADE
NSW1,2009/1/13 19:30,10049.16,34.21,TRADE
NSW1,2009/1/13 20:00,10050.52,32.26,TRADE
NSW1,2009/1/13 20:30,9838.23,30.59,TRADE
NSW1,2009/1/13 21:00,9476.46,25.33,TRADE
NSW1,2009/1/13 21:30,9426.88,30.76,TRADE
NSW1,2009/1/13 22:00,9142.31,31.15,TRADE
NSW1,2009/1/13 22:30,8932.96,27.95,TRADE
NSW1,2009/1/13 23:00,8673.55,25.62,TRADE
NSW1,2009/1/13 23:30,8396.21,32.42,TRADE
NSW1,2009/1/14 0:00,8174.73,24.83,TRADE
NSW1,2009/1/14 0:30,7973.71,24.16,TRADE
NSW1,2009/1/14 1:00,7701.99,23.24,TRADE
NSW1,2009/1/14 1:30,7397.08,21.94,TRADE
NSW1,2009/1/14 2:00,7083.11,20.22,TRADE
NSW1,2009/1/14 2:30,6841.87,21.6,TRADE
NSW1,2009/1/14 3:00,6743.62,21.83,TRADE
NSW1,2009/1/14 3:30,6722.3,21.99,TRADE
NSW1,2009/1/14 4:00,6777.71,21.98,TRADE
NSW1,2009/1/14 4:30,6991.46,22.49,TRADE
NSW1,2009/1/14 5:00,7205.39,24.11,TRADE
NSW1,2009/1/14 5:30,7674.36,24.96,TRADE
NSW1,2009/1/14 6:00,8164.74,24.38,TRADE
NSW1,2009/1/14 6:30,8651.18,31.1,TRADE
NSW1,2009/1/14 7:00,9151.34,37.68,TRADE
NSW1,2009/1/14 7:30,9617.74,36.53,TRADE
NSW1,2009/1/14 8:00,10022.78,40.5,TRADE
NSW1,2009/1/14 8:30,10452.98,51.19,TRADE
NSW1,2009/1/14 9:00,10726.47,56.65,TRADE
NSW1,2009/1/14 9:30,11016.12,57.81,TRADE
NSW1,2009/1/14 10:00,11315.07,69.89,TRADE
NSW1,2009/1/14 10:30,11506.11,62.52,TRADE
NSW1,2009/1/14 11:00,11752.48,77.21,TRADE
NSW1,2009/1/14 11:30,11967.41,84.33,TRADE
NSW1,2009/1/14 12:00,12149.93,82.62,TRADE
NSW1,2009/1/14 12:30,12362.57,89.69,TRADE
NSW1,2009/1/14 13:00,12608.6,89.69,TRADE
NSW1,2009/1/14 13:30,12718.57,89.69,TRADE
NSW1,2009/1/14 14:00,12860.38,89.69,TRADE
NSW1,2009/1/14 14:30,12925.48,89.69,TRADE
NSW1,2009/1/14 15:00,12934.78,93.12,TRADE
NSW1,2009/1/14 15:30,13088.42,113.13,TRADE
NSW1,2009/1/14 16:00,13151.65,121.54,TRADE
NSW1,2009/1/14 16:30,13090.4,119.4,TRADE
NSW1,2009/1/14 17:00,12931.75,112.71,TRADE
NSW1,2009/1/14 17:30,12510.44,72.55,TRADE
NSW1,2009/1/14 18:00,12314.54,59.44,TRADE
NSW1,2009/1/14 18:30,11968.22,58.21,TRADE
NSW1,2009/1/14 19:00,11687.81,49.57,TRADE
NSW1,2009/1/14 19:30,11436.17,47.33,TRADE
NSW1,2009/1/14 20:00,11419.59,46.23,TRADE
NSW1,2009/1/14 20:30,11129.84,44.77,TRADE
NSW1,2009/1/14 21:00,10682.12,38.22,TRADE
NSW1,2009/1/14 21:30,10420.92,37.27,TRADE
NSW1,2009/1/14 22:00,9959.9,29.81,TRADE
NSW1,2009/1/14 22:30,9689.89,54.92,TRADE
NSW1,2009/1/14 23:00,9290.95,43.47,TRADE
NSW1,2009/1/14 23:30,8936.89,36.9,TRADE
NSW1,2009/1/15 0:00,8634.12,27.84,TRADE
NSW1,2009/1/15 0:30,8377.97,31.79,TRADE
NSW1,2009/1/15 1:00,8050.65,23.59,TRADE
NSW1,2009/1/15 1:30,7733.45,22.72,TRADE
NSW1,2009/1/15 2:00,7400.07,20.96,TRADE
NSW1,2009/1/15 2:30,7189.04,21.17,TRADE
NSW1,2009/1/15 3:00,7081.12,22,TRADE
NSW1,2009/1/15 3:30,7038.71,21.83,TRADE
NSW1,2009/1/15 4:00,7081.14,22,TRADE
NSW1,2009/1/15 4:30,7264.79,22.74,TRADE
NSW1,2009/1/15 5:00,7451.16,23.06,TRADE
NSW1,2009/1/15 5:30,7901.61,24.96,TRADE
NSW1,2009/1/15 6:00,8402.58,30.9,TRADE
NSW1,2009/1/15 6:30,8909.72,40.47,TRADE
NSW1,2009/1/15 7:00,9506.63,44.86,TRADE
NSW1,2009/1/15 7:30,10045.51,40.32,TRADE
NSW1,2009/1/15 8:00,10581.34,45.98,TRADE
NSW1,2009/1/15 8:30,11144.88,59.03,TRADE
NSW1,2009/1/15 9:00,11558.81,66.72,TRADE
NSW1,2009/1/15 9:30,11915.92,86.61,TRADE
NSW1,2009/1/15 10:00,12241.81,106.77,TRADE
NSW1,2009/1/15 10:30,12506.03,113.21,TRADE
NSW1,2009/1/15 11:00,12832.23,119.4,TRADE
NSW1,2009/1/15 11:30,13003.47,119.4,TRADE
NSW1,2009/1/15 12:00,13201.23,1853.4,TRADE
NSW1,2009/1/15 12:30,13143.18,636.22,TRADE
NSW1,2009/1/15 13:00,13037.81,89.58,TRADE
NSW1,2009/1/15 13:30,13281.17,244.35,TRADE
NSW1,2009/1/15 14:00,13518.06,5210.57,TRADE
NSW1,2009/1/15 14:30,13431.53,3255.29,TRADE
NSW1,2009/1/15 15:00,13139.88,254.01,TRADE
NSW1,2009/1/15 15:30,13013.49,117.24,TRADE
NSW1,2009/1/15 16:00,12977.31,127.08,TRADE
NSW1,2009/1/15 16:30,12576.41,54.32,TRADE
NSW1,2009/1/15 17:00,12195.08,68.64,TRADE
NSW1,2009/1/15 17:30,11658.37,59.46,TRADE
NSW1,2009/1/15 18:00,11243.44,48.16,TRADE
NSW1,2009/1/15 18:30,10755.48,42.33,TRADE
NSW1,2009/1/15 19:00,10409.65,40.2,TRADE
NSW1,2009/1/15 19:30,10232.31,35.4,TRADE
NSW1,2009/1/15 20:00,10071.52,30.66,TRADE
NSW1,2009/1/15 20:30,9684.08,26.38,TRADE
NSW1,2009/1/15 21:00,9276.67,23.68,TRADE
NSW1,2009/1/15 21:30,9186.29,21.67,TRADE
NSW1,2009/1/15 22:00,8842.48,21.44,TRADE
NSW1,2009/1/15 22:30,8821.67,27.93,TRADE
NSW1,2009/1/15 23:00,8574.69,22.36,TRADE
NSW1,2009/1/15 23:30,8301.54,21.95,TRADE
NSW1,2009/1/16 0:00,8087.97,22,TRADE
NSW1,2009/1/16 0:30,7832.03,22.18,TRADE
NSW1,2009/1/16 1:00,7588.08,21.67,TRADE
NSW1,2009/1/16 1:30,7268.52,21.72,TRADE
NSW1,2009/1/16 2:00,7018.07,18.36,TRADE
NSW1,2009/1/16 2:30,6834.38,17.61,TRADE
NSW1,2009/1/16 3:00,6780.7,16.98,TRADE
NSW1,2009/1/16 3:30,6756.33,16.48,TRADE
NSW1,2009/1/16 4:00,6800.4,17.38,TRADE
NSW1,2009/1/16 4:30,6960.36,21.49,TRADE
NSW1,2009/1/16 5:00,7221.78,22.4,TRADE
NSW1,2009/1/16 5:30,7655.94,22.55,TRADE
NSW1,2009/1/16 6:00,8100.85,23.48,TRADE
NSW1,2009/1/16 6:30,8511.02,28.19,TRADE
NSW1,2009/1/16 7:00,9006.78,31.83,TRADE
NSW1,2009/1/16 7:30,9427.25,25.29,TRADE
NSW1,2009/1/16 8:00,9786.23,28.24,TRADE
NSW1,2009/1/16 8:30,10130.05,32.91,TRADE
NSW1,2009/1/16 9:00,10307.83,36.23,TRADE
NSW1,2009/1/16 9:30,10474.03,40.07,TRADE
NSW1,2009/1/16 10:00,10583.18,40.61,TRADE
NSW1,2009/1/16 10:30,10666.56,44.95,TRADE
NSW1,2009/1/16 11:00,10745.19,50.56,TRADE
NSW1,2009/1/16 11:30,10811.55,54.31,TRADE
NSW1,2009/1/16 12:00,10934.46,57.85,TRADE
NSW1,2009/1/16 12:30,11031.25,61.3,TRADE
NSW1,2009/1/16 13:00,11078.65,67.63,TRADE
NSW1,2009/1/16 13:30,11178.11,60.14,TRADE
NSW1,2009/1/16 14:00,11253.08,60.69,TRADE
NSW1,2009/1/16 14:30,11286.67,61.75,TRADE
NSW1,2009/1/16 15:00,11414.28,62.3,TRADE
NSW1,2009/1/16 15:30,11365.62,59.98,TRADE
NSW1,2009/1/16 16:00,11277.9,59.98,TRADE
NSW1,2009/1/16 16:30,10995.55,55.41,TRADE
NSW1,2009/1/16 17:00,10627.48,45.3,TRADE
NSW1,2009/1/16 17:30,10099.25,41.32,TRADE
NSW1,2009/1/16 18:00,9786.4,25.9,TRADE
NSW1,2009/1/16 18:30,9485.99,25.87,TRADE
NSW1,2009/1/16 19:00,9238.52,25,TRADE
NSW1,2009/1/16 19:30,9254.1,24.57,TRADE
NSW1,2009/1/16 20:00,9146.71,23.27,TRADE
NSW1,2009/1/16 20:30,8937.36,22.63,TRADE
NSW1,2009/1/16 21:00,8610.72,21.5,TRADE
NSW1,2009/1/16 21:30,8684.77,22,TRADE
NSW1,2009/1/16 22:00,8477.84,20.75,TRADE
NSW1,2009/1/16 22:30,8431.56,23.13,TRADE
NSW1,2009/1/16 23:00,8292.02,21.75,TRADE
NSW1,2009/1/16 23:30,8085.34,23.87,TRADE
NSW1,2009/1/17 0:00,7916.91,22.46,TRADE
NSW1,2009/1/17 0:30,7667.22,21.84,TRADE
NSW1,2009/1/17 1:00,7428.52,22.07,TRADE
NSW1,2009/1/17 1:30,6987.69,22.15,TRADE
NSW1,2009/1/17 2:00,6700.44,21.67,TRADE
NSW1,2009/1/17 2:30,6544.66,21.99,TRADE
NSW1,2009/1/17 3:00,6504.56,21.35,TRADE
NSW1,2009/1/17 3:30,6414.44,21.63,TRADE
NSW1,2009/1/17 4:00,6412.27,20.76,TRADE
NSW1,2009/1/17 4:30,6483.88,17.08,TRADE
NSW1,2009/1/17 5:00,6586.02,18.14,TRADE
NSW1,2009/1/17 5:30,6700.97,13.08,TRADE
NSW1,2009/1/17 6:00,6822.52,17.3,TRADE
NSW1,2009/1/17 6:30,7087.15,21.49,TRADE
NSW1,2009/1/17 7:00,7474.18,22.12,TRADE
NSW1,2009/1/17 7:30,7843.19,22.05,TRADE
NSW1,2009/1/17 8:00,8117.67,22.46,TRADE
NSW1,2009/1/17 8:30,8241.63,22.42,TRADE
NSW1,2009/1/17 9:00,8564.17,26.48,TRADE
NSW1,2009/1/17 9:30,8650.8,27.94,TRADE
NSW1,2009/1/17 10:00,8697.31,27.63,TRADE
NSW1,2009/1/17 10:30,8684.22,28.67,TRADE
NSW1,2009/1/17 11:00,8605.21,28.58,TRADE
NSW1,2009/1/17 11:30,8604.86,28.38,TRADE
NSW1,2009/1/17 12:00,8536.52,26.68,TRADE
NSW1,2009/1/17 12:30,8492.31,27.12,TRADE
NSW1,2009/1/17 13:00,8462.44,29.36,TRADE
NSW1,2009/1/17 13:30,8389.66,28.78,TRADE
NSW1,2009/1/17 14:00,8339.04,28.54,TRADE
NSW1,2009/1/17 14:30,8319.5,27.42,TRADE
NSW1,2009/1/17 15:00,8347.49,25.01,TRADE
NSW1,2009/1/17 15:30,8347.68,25,TRADE
NSW1,2009/1/17 16:00,8355.58,25.01,TRADE
NSW1,2009/1/17 16:30,8256.47,25,TRADE
NSW1,2009/1/17 17:00,8299.53,25,TRADE
NSW1,2009/1/17 17:30,8282.23,25,TRADE
NSW1,2009/1/17 18:00,8191.09,22.57,TRADE
NSW1,2009/1/17 18:30,8046.68,22,TRADE
NSW1,2009/1/17 19:00,7963.32,22,TRADE
NSW1,2009/1/17 19:30,7966.19,22,TRADE
NSW1,2009/1/17 20:00,8080.24,22,TRADE
NSW1,2009/1/17 20:30,7960.5,22,TRADE
NSW1,2009/1/17 21:00,7796.98,21.5,TRADE
NSW1,2009/1/17 21:30,7815.89,22.63,TRADE
NSW1,2009/1/17 22:00,7784.2,21.61,TRADE
NSW1,2009/1/17 22:30,7720.21,22.35,TRADE
NSW1,2009/1/17 23:00,7524.33,21.15,TRADE
NSW1,2009/1/17 23:30,7326.07,22.8,TRADE
NSW1,2009/1/18 0:00,7162.39,21.16,TRADE
NSW1,2009/1/18 0:30,7017.23,21.24,TRADE
NSW1,2009/1/18 1:00,6812.78,19.05,TRADE
NSW1,2009/1/18 1:30,6550.28,20.22,TRADE
NSW1,2009/1/18 2:00,6326.08,15.68,TRADE
NSW1,2009/1/18 2:30,6107.63,14.04,TRADE
NSW1,2009/1/18 3:00,6101.34,16.66,TRADE
NSW1,2009/1/18 3:30,6049.94,15.14,TRADE
NSW1,2009/1/18 4:00,6064.54,12.41,TRADE
NSW1,2009/1/18 4:30,6069.88,14.21,TRADE
NSW1,2009/1/18 5:00,6092.9,10,TRADE
NSW1,2009/1/18 5:30,6125.84,-170.76,TRADE
NSW1,2009/1/18 6:00,6243.93,4.02,TRADE
NSW1,2009/1/18 6:30,6437.86,14.35,TRADE
NSW1,2009/1/18 7:00,6753.93,17.15,TRADE
NSW1,2009/1/18 7:30,7139.87,17.95,TRADE
NSW1,2009/1/18 8:00,7421.66,20.44,TRADE
NSW1,2009/1/18 8:30,7787.38,22.28,TRADE
NSW1,2009/1/18 9:00,8019.06,22,TRADE
NSW1,2009/1/18 9:30,8211.53,24.07,TRADE
NSW1,2009/1/18 10:00,8288.41,24.62,TRADE
NSW1,2009/1/18 10:30,8317.48,24.85,TRADE
NSW1,2009/1/18 11:00,8357.09,25.4,TRADE
NSW1,2009/1/18 11:30,8380,25.06,TRADE
NSW1,2009/1/18 12:00,8385.87,25.07,TRADE
NSW1,2009/1/18 12:30,8371.9,25,TRADE
NSW1,2009/1/18 13:00,8370.66,25,TRADE
NSW1,2009/1/18 13:30,8386.93,25,TRADE
NSW1,2009/1/18 14:00,8385.37,25,TRADE
NSW1,2009/1/18 14:30,8442.38,25.01,TRADE
NSW1,2009/1/18 15:00,8474.27,25,TRADE
NSW1,2009/1/18 15:30,8489.6,25.01,TRADE
NSW1,2009/1/18 16:00,8522.53,25.26,TRADE
NSW1,2009/1/18 16:30,8496.4,25.01,TRADE
NSW1,2009/1/18 17:00,8552.57,25,TRADE
NSW1,2009/1/18 17:30,8572.59,25,TRADE
NSW1,2009/1/18 18:00,8545.8,25,TRADE
NSW1,2009/1/18 18:30,8436.23,24.43,TRADE
NSW1,2009/1/18 19:00,8400.99,22.94,TRADE
NSW1,2009/1/18 19:30,8373.52,22.53,TRADE
NSW1,2009/1/18 20:00,8556.67,24.37,TRADE
NSW1,2009/1/18 20:30,8441.67,22.36,TRADE
NSW1,2009/1/18 21:00,8158.71,22,TRADE
NSW1,2009/1/18 21:30,8072.07,21.8,TRADE
NSW1,2009/1/18 22:00,7870.63,21.85,TRADE
NSW1,2009/1/18 22:30,7767.6,21.62,TRADE
NSW1,2009/1/18 23:00,7543.61,20.2,TRADE
NSW1,2009/1/18 23:30,7322.4,20.51,TRADE
NSW1,2009/1/19 0:00,7182.06,18.82,TRADE
NSW1,2009/1/19 0:30,7035.96,16.54,TRADE
NSW1,2009/1/19 1:00,6869.11,14.94,TRADE
NSW1,2009/1/19 1:30,6651.71,20.02,TRADE
NSW1,2009/1/19 2:00,6474.65,12.83,TRADE
NSW1,2009/1/19 2:30,6351.55,7.05,TRADE
NSW1,2009/1/19 3:00,6280.27,4.06,TRADE
NSW1,2009/1/19 3:30,6318.63,9.68,TRADE
NSW1,2009/1/19 4:00,6406.66,10.84,TRADE
NSW1,2009/1/19 4:30,6607.91,11.75,TRADE
NSW1,2009/1/19 5:00,6841.54,16.38,TRADE
NSW1,2009/1/19 5:30,7241.45,21.99,TRADE
NSW1,2009/1/19 6:00,7765,22.23,TRADE
NSW1,2009/1/19 6:30,8197.79,23.53,TRADE
NSW1,2009/1/19 7:00,8687.96,25.09,TRADE
NSW1,2009/1/19 7:30,9058.7,23.39,TRADE
NSW1,2009/1/19 8:00,9402.21,26.05,TRADE
NSW1,2009/1/19 8:30,9719.9,26.65,TRADE
NSW1,2009/1/19 9:00,9941.04,29.08,TRADE
NSW1,2009/1/19 9:30,10084.83,27.45,TRADE
NSW1,2009/1/19 10:00,10252.45,29.14,TRADE
NSW1,2009/1/19 10:30,10351.19,26.22,TRADE
NSW1,2009/1/19 11:00,10421.62,26.75,TRADE
NSW1,2009/1/19 11:30,10499.75,29.78,TRADE
NSW1,2009/1/19 12:00,10559.67,30.42,TRADE
NSW1,2009/1/19 12:30,10662.19,31.15,TRADE
NSW1,2009/1/19 13:00,10712.86,31.2,TRADE
NSW1,2009/1/19 13:30,10771.91,33.71,TRADE
NSW1,2009/1/19 14:00,10875.98,35.72,TRADE
NSW1,2009/1/19 14:30,10968.7,35.29,TRADE
NSW1,2009/1/19 15:00,11026.45,30.61,TRADE
NSW1,2009/1/19 15:30,11046.78,26.47,TRADE
NSW1,2009/1/19 16:00,11089.04,30.58,TRADE
NSW1,2009/1/19 16:30,11024.74,32.1,TRADE
NSW1,2009/1/19 17:00,10910.23,29.1,TRADE
NSW1,2009/1/19 17:30,10559.42,23.2,TRADE
NSW1,2009/1/19 18:00,10352.82,22,TRADE
NSW1,2009/1/19 18:30,10038.28,23.17,TRADE
NSW1,2009/1/19 19:00,9812.11,21.83,TRADE
NSW1,2009/1/19 19:30,9681.62,23.69,TRADE
NSW1,2009/1/19 20:00,9790.49,25.01,TRADE
NSW1,2009/1/19 20:30,9537.28,25.06,TRADE
NSW1,2009/1/19 21:00,9172.7,24.74,TRADE
NSW1,2009/1/19 21:30,9138.78,24.79,TRADE
NSW1,2009/1/19 22:00,8859.56,23.11,TRADE
NSW1,2009/1/19 22:30,8746.75,24.73,TRADE
NSW1,2009/1/19 23:00,8505.56,23.24,TRADE
NSW1,2009/1/19 23:30,8295.55,22.81,TRADE
NSW1,2009/1/20 0:00,8038.8,22,TRADE
NSW1,2009/1/20 0:30,7873.66,22.73,TRADE
NSW1,2009/1/20 1:00,7593.28,21.01,TRADE
NSW1,2009/1/20 1:30,7298.16,21.72,TRADE
NSW1,2009/1/20 2:00,7027.44,14.53,TRADE
NSW1,2009/1/20 2:30,6763.97,10.15,TRADE
NSW1,2009/1/20 3:00,6699.6,10.83,TRADE
NSW1,2009/1/20 3:30,6672.47,9.46,TRADE
NSW1,2009/1/20 4:00,6725,11.08,TRADE
NSW1,2009/1/20 4:30,6944.69,15.74,TRADE
NSW1,2009/1/20 5:00,7180.62,21.41,TRADE
NSW1,2009/1/20 5:30,7610.95,22.45,TRADE
NSW1,2009/1/20 6:00,8144.24,23.98,TRADE
NSW1,2009/1/20 6:30,8521.51,29.07,TRADE
NSW1,2009/1/20 7:00,9033.88,33.69,TRADE
NSW1,2009/1/20 7:30,9463.15,26.21,TRADE
NSW1,2009/1/20 8:00,9880.57,25.43,TRADE
NSW1,2009/1/20 8:30,10286.51,33.83,TRADE
NSW1,2009/1/20 9:00,10554.25,33.02,TRADE
NSW1,2009/1/20 9:30,10878.75,36.45,TRADE
NSW1,2009/1/20 10:00,11090.49,35.27,TRADE
NSW1,2009/1/20 10:30,11326.4,37.19,TRADE
NSW1,2009/1/20 11:00,11584.49,39.21,TRADE
NSW1,2009/1/20 11:30,11831,39.03,TRADE
NSW1,2009/1/20 12:00,12076.58,55.7,TRADE
NSW1,2009/1/20 12:30,12263.09,72.97,TRADE
NSW1,2009/1/20 13:00,12369.71,81.02,TRADE
NSW1,2009/1/20 13:30,12560.28,89.69,TRADE
NSW1,2009/1/20 14:00,12652.98,89.69,TRADE
NSW1,2009/1/20 14:30,12647.97,109.65,TRADE
NSW1,2009/1/20 15:00,12657.8,100,TRADE
NSW1,2009/1/20 15:30,12740.86,89.69,TRADE
NSW1,2009/1/20 16:00,12698.97,89.69,TRADE
NSW1,2009/1/20 16:30,12598.46,76.22,TRADE
NSW1,2009/1/20 17:00,12528.04,59.69,TRADE
NSW1,2009/1/20 17:30,12056.64,37.89,TRADE
NSW1,2009/1/20 18:00,11801.22,35.12,TRADE
NSW1,2009/1/20 18:30,11291.87,29.13,TRADE
NSW1,2009/1/20 19:00,11001.3,28.06,TRADE
NSW1,2009/1/20 19:30,10875.82,28.01,TRADE
NSW1,2009/1/20 20:00,10848.62,36.36,TRADE
NSW1,2009/1/20 20:30,10583.17,35.99,TRADE
NSW1,2009/1/20 21:00,10193.02,30.42,TRADE
NSW1,2009/1/20 21:30,10054.4,31.89,TRADE
NSW1,2009/1/20 22:00,9652.15,27.85,TRADE
NSW1,2009/1/20 22:30,9428,34.59,TRADE
NSW1,2009/1/20 23:00,9074.31,28.32,TRADE
NSW1,2009/1/20 23:30,8768.6,25.8,TRADE
NSW1,2009/1/21 0:00,8476.88,25,TRADE
NSW1,2009/1/21 0:30,8213.87,24.15,TRADE
NSW1,2009/1/21 1:00,7921.55,22,TRADE
NSW1,2009/1/21 1:30,7550.77,22.64,TRADE
NSW1,2009/1/21 2:00,7265.39,20.36,TRADE
NSW1,2009/1/21 2:30,7075.64,16.92,TRADE
NSW1,2009/1/21 3:00,6973.83,16.81,TRADE
NSW1,2009/1/21 3:30,6964.92,16.9,TRADE
NSW1,2009/1/21 4:00,7032.23,18.34,TRADE
NSW1,2009/1/21 4:30,7204.15,21.28,TRADE
NSW1,2009/1/21 5:00,7438.29,21.52,TRADE
NSW1,2009/1/21 5:30,8000.46,24.5,TRADE
NSW1,2009/1/21 6:00,8487.13,26.09,TRADE
NSW1,2009/1/21 6:30,8997.43,36.85,TRADE
NSW1,2009/1/21 7:00,9546.31,39.69,TRADE
NSW1,2009/1/21 7:30,10022.17,31.39,TRADE
NSW1,2009/1/21 8:00,10490.03,35.04,TRADE
NSW1,2009/1/21 8:30,11005.27,39.23,TRADE
NSW1,2009/1/21 9:00,11353.01,46.15,TRADE
NSW1,2009/1/21 9:30,11701.07,48.02,TRADE
NSW1,2009/1/21 10:00,11984.26,50.98,TRADE
NSW1,2009/1/21 10:30,12207.07,48.37,TRADE
NSW1,2009/1/21 11:00,12456.65,57.36,TRADE
NSW1,2009/1/21 11:30,12634.63,51.91,TRADE
NSW1,2009/1/21 12:00,12878.06,59.34,TRADE
NSW1,2009/1/21 12:30,13066.2,60.37,TRADE
NSW1,2009/1/21 13:00,13160.34,70.48,TRADE
NSW1,2009/1/21 13:30,13294.46,82.36,TRADE
NSW1,2009/1/21 14:00,13326.47,69.81,TRADE
NSW1,2009/1/21 14:30,13321.1,88.61,TRADE
NSW1,2009/1/21 15:00,13203.77,85.22,TRADE
NSW1,2009/1/21 15:30,13078.14,81.65,TRADE
NSW1,2009/1/21 16:00,12880.03,66.05,TRADE
NSW1,2009/1/21 16:30,12596.36,57.58,TRADE
NSW1,2009/1/21 17:00,12221.42,43.81,TRADE
NSW1,2009/1/21 17:30,11716.13,34.63,TRADE
NSW1,2009/1/21 18:00,11424.55,31.89,TRADE
NSW1,2009/1/21 18:30,11055.01,25.92,TRADE
NSW1,2009/1/21 19:00,10766.7,26.45,TRADE
NSW1,2009/1/21 19:30,10691.99,25.64,TRADE
NSW1,2009/1/21 20:00,10577.31,26.81,TRADE
NSW1,2009/1/21 20:30,10261.09,26.76,TRADE
NSW1,2009/1/21 21:00,9877.23,25.74,TRADE
NSW1,2009/1/21 21:30,9779.65,26.47,TRADE
NSW1,2009/1/21 22:00,9441.72,25.23,TRADE
NSW1,2009/1/21 22:30,9271.41,26.07,TRADE
NSW1,2009/1/21 23:00,8955.27,23.54,TRADE
NSW1,2009/1/21 23:30,8646,23.67,TRADE
NSW1,2009/1/22 0:00,8410.99,21.73,TRADE
NSW1,2009/1/22 0:30,8181.47,22.49,TRADE
NSW1,2009/1/22 1:00,7944.01,22,TRADE
NSW1,2009/1/22 1:30,7561.99,21.66,TRADE
NSW1,2009/1/22 2:00,7281.31,17,TRADE
NSW1,2009/1/22 2:30,7132.44,14.02,TRADE
NSW1,2009/1/22 3:00,7017.5,14.14,TRADE
NSW1,2009/1/22 3:30,7034,15.91,TRADE
NSW1,2009/1/22 4:00,7089.76,15.84,TRADE
NSW1,2009/1/22 4:30,7295.19,18.34,TRADE
NSW1,2009/1/22 5:00,7577.09,21.67,TRADE
NSW1,2009/1/22 5:30,7972.55,22.15,TRADE
NSW1,2009/1/22 6:00,8425.59,23.29,TRADE
NSW1,2009/1/22 6:30,8943.2,26.98,TRADE
NSW1,2009/1/22 7:00,9621.54,33.32,TRADE
NSW1,2009/1/22 7:30,10125.53,27.93,TRADE
NSW1,2009/1/22 8:00,10521.63,33.54,TRADE
NSW1,2009/1/22 8:30,10941.86,39.2,TRADE
NSW1,2009/1/22 9:00,11220.03,40,TRADE
NSW1,2009/1/22 9:30,11476.95,39.61,TRADE
NSW1,2009/1/22 10:00,11640.49,45.96,TRADE
NSW1,2009/1/22 10:30,11671.36,47.06,TRADE
NSW1,2009/1/22 11:00,11727.92,48.04,TRADE
NSW1,2009/1/22 11:30,11690.77,40.21,TRADE
NSW1,2009/1/22 12:00,11738.55,45.22,TRADE
NSW1,2009/1/22 12:30,11805.42,53.69,TRADE
NSW1,2009/1/22 13:00,11920.44,59.5,TRADE
NSW1,2009/1/22 13:30,12055.26,73.11,TRADE
NSW1,2009/1/22 14:00,12141.55,84.16,TRADE
NSW1,2009/1/22 14:30,12228.1,83.58,TRADE
NSW1,2009/1/22 15:00,12282.77,68.12,TRADE
NSW1,2009/1/22 15:30,12396.29,89.69,TRADE
NSW1,2009/1/22 16:00,12368.32,85.21,TRADE
NSW1,2009/1/22 16:30,12273.67,61.84,TRADE
NSW1,2009/1/22 17:00,12181.63,59.95,TRADE
NSW1,2009/1/22 17:30,11948.62,42.28,TRADE
NSW1,2009/1/22 18:00,11740.4,33.7,TRADE
NSW1,2009/1/22 18:30,11393.25,29.98,TRADE
NSW1,2009/1/22 19:00,11255.36,33.67,TRADE
NSW1,2009/1/22 19:30,11216.48,32.4,TRADE
NSW1,2009/1/22 20:00,11202.88,39.94,TRADE
NSW1,2009/1/22 20:30,10886.95,36.33,TRADE
NSW1,2009/1/22 21:00,10464.94,32.64,TRADE
NSW1,2009/1/22 21:30,10373.22,41.36,TRADE
NSW1,2009/1/22 22:00,9948.08,33.74,TRADE
NSW1,2009/1/22 22:30,9714.61,50.11,TRADE
NSW1,2009/1/22 23:00,9383.81,39.77,TRADE
NSW1,2009/1/22 23:30,9028.85,34.8,TRADE
NSW1,2009/1/23 0:00,8748.98,26.36,TRADE
NSW1,2009/1/23 0:30,8480.15,28.68,TRADE
NSW1,2009/1/23 1:00,8187.8,24.32,TRADE
NSW1,2009/1/23 1:30,7827.29,23.95,TRADE
NSW1,2009/1/23 2:00,7550.7,22,TRADE
NSW1,2009/1/23 2:30,7356.56,22,TRADE
NSW1,2009/1/23 3:00,7271.11,21.95,TRADE
NSW1,2009/1/23 3:30,7234.66,21.12,TRADE
NSW1,2009/1/23 4:00,7269.3,21.84,TRADE
NSW1,2009/1/23 4:30,7474.29,22,TRADE
NSW1,2009/1/23 5:00,7747.45,22.61,TRADE
NSW1,2009/1/23 5:30,8193.18,28.25,TRADE
NSW1,2009/1/23 6:00,8755.05,35.78,TRADE
NSW1,2009/1/23 6:30,9263.03,39.81,TRADE
NSW1,2009/1/23 7:00,9856.25,43.83,TRADE
NSW1,2009/1/23 7:30,10444.12,40.43,TRADE
NSW1,2009/1/23 8:00,10933.01,44.88,TRADE
NSW1,2009/1/23 8:30,11485.5,55.23,TRADE
NSW1,2009/1/23 9:00,11802.87,56.16,TRADE
NSW1,2009/1/23 9:30,12111.15,56.05,TRADE
NSW1,2009/1/23 10:00,12290.87,55.99,TRADE
NSW1,2009/1/23 10:30,12433.49,45.48,TRADE
NSW1,2009/1/23 11:00,12635.64,47.09,TRADE
NSW1,2009/1/23 11:30,12800.16,48.67,TRADE
NSW1,2009/1/23 12:00,12923.23,50.97,TRADE
NSW1,2009/1/23 12:30,13033.71,53.71,TRADE
NSW1,2009/1/23 13:00,13105.27,51.32,TRADE
NSW1,2009/1/23 13:30,13126.42,68.51,TRADE
NSW1,2009/1/23 14:00,13252.87,88.18,TRADE
NSW1,2009/1/23 14:30,13286.12,85.58,TRADE
NSW1,2009/1/23 15:00,13312.17,83.52,TRADE
NSW1,2009/1/23 15:30,13269.39,83.01,TRADE
NSW1,2009/1/23 16:00,13225.74,85.08,TRADE
NSW1,2009/1/23 16:30,13003.52,53.01,TRADE
NSW1,2009/1/23 17:00,12726.32,53.88,TRADE
NSW1,2009/1/23 17:30,12324.33,46.8,TRADE
NSW1,2009/1/23 18:00,12068.8,42.92,TRADE
NSW1,2009/1/23 18:30,11632.2,32.75,TRADE
NSW1,2009/1/23 19:00,11355.4,31.59,TRADE
NSW1,2009/1/23 19:30,11241.46,29.71,TRADE
NSW1,2009/1/23 20:00,11210.4,32.48,TRADE
NSW1,2009/1/23 20:30,10967.55,31.99,TRADE
NSW1,2009/1/23 21:00,10601.63,27.28,TRADE
NSW1,2009/1/23 21:30,10573.58,30.12,TRADE
NSW1,2009/1/23 22:00,10063.09,25.7,TRADE
NSW1,2009/1/23 22:30,9874.58,27.97,TRADE
NSW1,2009/1/23 23:00,9575.94,24.91,TRADE
NSW1,2009/1/23 23:30,9121.98,23.85,TRADE
NSW1,2009/1/24 0:00,8801.7,21.3,TRADE
NSW1,2009/1/24 0:30,8484.14,22.82,TRADE
NSW1,2009/1/24 1:00,8183.18,22.59,TRADE
NSW1,2009/1/24 1:30,7845.64,22.5,TRADE
NSW1,2009/1/24 2:00,7544.77,22.01,TRADE
NSW1,2009/1/24 2:30,7355.39,21.65,TRADE
NSW1,2009/1/24 3:00,7229.42,20.95,TRADE
NSW1,2009/1/24 3:30,7178.71,20.88,TRADE
NSW1,2009/1/24 4:00,7136.75,20.6,TRADE
NSW1,2009/1/24 4:30,7213.12,20.92,TRADE
NSW1,2009/1/24 5:00,7325.34,21.19,TRADE
NSW1,2009/1/24 5:30,7434.53,21.38,TRADE
NSW1,2009/1/24 6:00,7596.65,21.59,TRADE
NSW1,2009/1/24 6:30,7976.32,21.94,TRADE
NSW1,2009/1/24 7:00,8495.85,22.28,TRADE
NSW1,2009/1/24 7:30,9105.8,22.83,TRADE
NSW1,2009/1/24 8:00,9755.59,25.57,TRADE
NSW1,2009/1/24 8:30,10485.73,35.61,TRADE
NSW1,2009/1/24 9:00,10929.23,49.97,TRADE
NSW1,2009/1/24 9:30,11325.08,69.96,TRADE
NSW1,2009/1/24 10:00,11548.42,72.73,TRADE
NSW1,2009/1/24 10:30,11812.61,65.63,TRADE
NSW1,2009/1/24 11:00,11972.87,62.99,TRADE
NSW1,2009/1/24 11:30,12151.21,72.65,TRADE
NSW1,2009/1/24 12:00,12274.21,95,TRADE
NSW1,2009/1/24 12:30,12356.19,159.45,TRADE
NSW1,2009/1/24 13:00,12419.56,287.57,TRADE
NSW1,2009/1/24 13:30,12444.06,289.14,TRADE
NSW1,2009/1/24 14:00,12485.6,299.89,TRADE
NSW1,2009/1/24 14:30,12525.17,298.16,TRADE
NSW1,2009/1/24 15:00,12555.88,299.89,TRADE
NSW1,2009/1/24 15:30,12582.71,299.89,TRADE
NSW1,2009/1/24 16:00,12515.61,219.04,TRADE
NSW1,2009/1/24 16:30,12338.24,130.71,TRADE
NSW1,2009/1/24 17:00,12116.02,222.12,TRADE
NSW1,2009/1/24 17:30,11579.47,72.24,TRADE
NSW1,2009/1/24 18:00,10880.78,53.03,TRADE
NSW1,2009/1/24 18:30,10317.2,37.28,TRADE
NSW1,2009/1/24 19:00,9860.85,30.06,TRADE
NSW1,2009/1/24 19:30,9680.44,29.53,TRADE
NSW1,2009/1/24 20:00,9586.34,31.61,TRADE
NSW1,2009/1/24 20:30,9350.01,34.36,TRADE
NSW1,2009/1/24 21:00,9006.65,25.85,TRADE
NSW1,2009/1/24 21:30,8954.44,28.57,TRADE
NSW1,2009/1/24 22:00,8696.66,25.43,TRADE
NSW1,2009/1/24 22:30,8516.65,27.9,TRADE
NSW1,2009/1/24 23:00,8214.39,25.2,TRADE
NSW1,2009/1/24 23:30,7953.17,25.01,TRADE
NSW1,2009/1/25 0:00,7678.99,24.74,TRADE
NSW1,2009/1/25 0:30,7463.77,22.17,TRADE
NSW1,2009/1/25 1:00,7250.35,21.75,TRADE
NSW1,2009/1/25 1:30,6953.17,21.73,TRADE
NSW1,2009/1/25 2:00,6717.26,17.04,TRADE
NSW1,2009/1/25 2:30,6614.08,17.08,TRADE
NSW1,2009/1/25 3:00,6542.41,16.36,TRADE
NSW1,2009/1/25 3:30,6474.75,16.35,TRADE
NSW1,2009/1/25 4:00,6436.4,15.83,TRADE
NSW1,2009/1/25 4:30,6466.65,17.33,TRADE
NSW1,2009/1/25 5:00,6524.14,17.16,TRADE
NSW1,2009/1/25 5:30,6593.39,17.06,TRADE
NSW1,2009/1/25 6:00,6656.71,16.89,TRADE
NSW1,2009/1/25 6:30,6838.45,19.25,TRADE
NSW1,2009/1/25 7:00,7140.66,21.12,TRADE
NSW1,2009/1/25 7:30,7438.33,21.51,TRADE
NSW1,2009/1/25 8:00,7773.53,23.19,TRADE
NSW1,2009/1/25 8:30,8094.91,24.28,TRADE
NSW1,2009/1/25 9:00,8288.44,24.7,TRADE
NSW1,2009/1/25 9:30,8491.59,25.18,TRADE
NSW1,2009/1/25 10:00,8590.07,25.85,TRADE
NSW1,2009/1/25 10:30,8615.66,25.85,TRADE
NSW1,2009/1/25 11:00,8689.51,26.71,TRADE
NSW1,2009/1/25 11:30,8719.78,25.85,TRADE
NSW1,2009/1/25 12:00,8741.66,25.85,TRADE
NSW1,2009/1/25 12:30,8787.9,26.71,TRADE
NSW1,2009/1/25 13:00,8805.82,26.71,TRADE
NSW1,2009/1/25 13:30,8829.67,28.43,TRADE
NSW1,2009/1/25 14:00,8835.05,30.93,TRADE
NSW1,2009/1/25 14:30,8862.09,35.98,TRADE
NSW1,2009/1/25 15:00,8913.33,38.31,TRADE
NSW1,2009/1/25 15:30,8950.53,37.86,TRADE
NSW1,2009/1/25 16:00,8947.89,38.28,TRADE
NSW1,2009/1/25 16:30,8856.32,36.43,TRADE
NSW1,2009/1/25 17:00,8848.37,36.16,TRADE
NSW1,2009/1/25 17:30,8842.38,35.79,TRADE
NSW1,2009/1/25 18:00,8772.22,34.19,TRADE
NSW1,2009/1/25 18:30,8672.78,29.62,TRADE
NSW1,2009/1/25 19:00,8567.38,25.85,TRADE
NSW1,2009/1/25 19:30,8615.13,25.57,TRADE
NSW1,2009/1/25 20:00,8670.52,25.15,TRADE
NSW1,2009/1/25 20:30,8548.31,25.01,TRADE
NSW1,2009/1/25 21:00,8394.31,24,TRADE
NSW1,2009/1/25 21:30,8326.77,21.67,TRADE
NSW1,2009/1/25 22:00,8228.72,23.5,TRADE
NSW1,2009/1/25 22:30,8196.1,26.16,TRADE
NSW1,2009/1/25 23:00,7943.36,24.11,TRADE
NSW1,2009/1/25 23:30,7670.01,25.01,TRADE
NSW1,2009/1/26 0:00,7498.38,22.83,TRADE
NSW1,2009/1/26 0:30,7284.78,21.6,TRADE
NSW1,2009/1/26 1:00,7109.8,21.55,TRADE
NSW1,2009/1/26 1:30,6806.55,21.53,TRADE
NSW1,2009/1/26 2:00,6628.06,17.24,TRADE
NSW1,2009/1/26 2:30,6499.25,14.85,TRADE
NSW1,2009/1/26 3:00,6405.14,14.57,TRADE
NSW1,2009/1/26 3:30,6382.66,15.17,TRADE
NSW1,2009/1/26 4:00,6375.84,13.7,TRADE
NSW1,2009/1/26 4:30,6439.18,15.35,TRADE
NSW1,2009/1/26 5:00,6549.2,17.73,TRADE
NSW1,2009/1/26 5:30,6674.49,16.99,TRADE
NSW1,2009/1/26 6:00,6821.6,19.1,TRADE
NSW1,2009/1/26 6:30,7043.75,21.61,TRADE
NSW1,2009/1/26 7:00,7325.41,21.99,TRADE
NSW1,2009/1/26 7:30,7688.9,21.99,TRADE
NSW1,2009/1/26 8:00,7944.99,22.52,TRADE
NSW1,2009/1/26 8:30,8270.8,25.29,TRADE
NSW1,2009/1/26 9:00,8534.22,25.85,TRADE
NSW1,2009/1/26 9:30,8720.78,28.74,TRADE
NSW1,2009/1/26 10:00,8858.37,33.62,TRADE
NSW1,2009/1/26 10:30,8943.9,35.73,TRADE
NSW1,2009/1/26 11:00,9039.62,38.1,TRADE
NSW1,2009/1/26 11:30,9078.14,38.53,TRADE
NSW1,2009/1/26 12:00,9169.18,39.04,TRADE
NSW1,2009/1/26 12:30,9205.36,37.22,TRADE
NSW1,2009/1/26 13:00,9309.64,39.58,TRADE
NSW1,2009/1/26 13:30,9423.03,41.15,TRADE
NSW1,2009/1/26 14:00,9483.87,40.43,TRADE
NSW1,2009/1/26 14:30,9556.04,40.46,TRADE
NSW1,2009/1/26 15:00,9583.57,40.06,TRADE
NSW1,2009/1/26 15:30,9697.53,39.98,TRADE
NSW1,2009/1/26 16:00,9653.18,39.75,TRADE
NSW1,2009/1/26 16:30,9672.31,39.05,TRADE
NSW1,2009/1/26 17:00,9639.33,39,TRADE
NSW1,2009/1/26 17:30,9508.64,37.72,TRADE
NSW1,2009/1/26 18:00,9345.06,36.27,TRADE
NSW1,2009/1/26 18:30,9197.44,35.47,TRADE
NSW1,2009/1/26 19:00,9128.05,33.95,TRADE
NSW1,2009/1/26 19:30,9160.53,33.91,TRADE
NSW1,2009/1/26 20:00,9163.87,32.51,TRADE
NSW1,2009/1/26 20:30,9000.77,30.68,TRADE
NSW1,2009/1/26 21:00,8731.52,26.34,TRADE
NSW1,2009/1/26 21:30,8653.45,25.92,TRADE
NSW1,2009/1/26 22:00,8518.7,24.31,TRADE
NSW1,2009/1/26 22:30,8448.64,23.76,TRADE
NSW1,2009/1/26 23:00,8238.45,21.99,TRADE
NSW1,2009/1/26 23:30,8015.66,22,TRADE
NSW1,2009/1/27 0:00,7883.95,21.83,TRADE
NSW1,2009/1/27 0:30,7652.07,19.9,TRADE
NSW1,2009/1/27 1:00,7415.21,16.9,TRADE
NSW1,2009/1/27 1:30,7097.54,17.2,TRADE
NSW1,2009/1/27 2:00,6845.61,12.73,TRADE
NSW1,2009/1/27 2:30,6669.78,12,TRADE
NSW1,2009/1/27 3:00,6600.56,11.62,TRADE
NSW1,2009/1/27 3:30,6615.83,11.08,TRADE
NSW1,2009/1/27 4:00,6671.27,11.96,TRADE
NSW1,2009/1/27 4:30,6893.29,15.41,TRADE
NSW1,2009/1/27 5:00,7147.04,19.43,TRADE
NSW1,2009/1/27 5:30,7721.26,21.85,TRADE
NSW1,2009/1/27 6:00,8289.1,23.95,TRADE
NSW1,2009/1/27 6:30,8780.32,29.61,TRADE
NSW1,2009/1/27 7:00,9230.27,33.13,TRADE
NSW1,2009/1/27 7:30,9636.93,33.95,TRADE
NSW1,2009/1/27 8:00,10048.21,36.32,TRADE
NSW1,2009/1/27 8:30,10404.84,39.06,TRADE
NSW1,2009/1/27 9:00,10567.44,38.94,TRADE
NSW1,2009/1/27 9:30,10739.25,38.89,TRADE
NSW1,2009/1/27 10:00,10835.82,39.73,TRADE
NSW1,2009/1/27 10:30,10870.11,38.94,TRADE
NSW1,2009/1/27 11:00,10946.74,33.91,TRADE
NSW1,2009/1/27 11:30,10985.3,33.24,TRADE
NSW1,2009/1/27 12:00,11064.88,42.52,TRADE
NSW1,2009/1/27 12:30,11124.48,51.47,TRADE
NSW1,2009/1/27 13:00,11203.02,51.91,TRADE
NSW1,2009/1/27 13:30,11199.51,57.11,TRADE
NSW1,2009/1/27 14:00,11223.14,50.2,TRADE
NSW1,2009/1/27 14:30,11291.54,53.62,TRADE
NSW1,2009/1/27 15:00,11413.26,57.11,TRADE
NSW1,2009/1/27 15:30,11416.39,48.27,TRADE
NSW1,2009/1/27 16:00,11449.46,59.14,TRADE
NSW1,2009/1/27 16:30,11361.49,47.77,TRADE
NSW1,2009/1/27 17:00,11263.47,45.8,TRADE
NSW1,2009/1/27 17:30,10928.31,43.88,TRADE
NSW1,2009/1/27 18:00,10694.65,40.3,TRADE
NSW1,2009/1/27 18:30,10392.95,32.59,TRADE
NSW1,2009/1/27 19:00,10201.41,31.92,TRADE
NSW1,2009/1/27 19:30,10174.93,35,TRADE
NSW1,2009/1/27 20:00,10146.96,39.43,TRADE
NSW1,2009/1/27 20:30,9847.51,37,TRADE
NSW1,2009/1/27 21:00,9461.35,32.29,TRADE
NSW1,2009/1/27 21:30,9423.22,43.76,TRADE
NSW1,2009/1/27 22:00,9179.13,31.61,TRADE
NSW1,2009/1/27 22:30,9010.96,38.83,TRADE
NSW1,2009/1/27 23:00,8753.51,34.16,TRADE
NSW1,2009/1/27 23:30,8483.67,29.93,TRADE
NSW1,2009/1/28 0:00,8229.93,25.88,TRADE
NSW1,2009/1/28 0:30,8026.7,27.95,TRADE
NSW1,2009/1/28 1:00,7724.07,22.42,TRADE
NSW1,2009/1/28 1:30,7402.39,21.66,TRADE
NSW1,2009/1/28 2:00,7122.51,17.73,TRADE
NSW1,2009/1/28 2:30,6917.26,11.82,TRADE
NSW1,2009/1/28 3:00,6835.41,13.46,TRADE
NSW1,2009/1/28 3:30,6838.22,15.08,TRADE
NSW1,2009/1/28 4:00,6918,16.12,TRADE
NSW1,2009/1/28 4:30,7083.43,19.47,TRADE
NSW1,2009/1/28 5:00,7390.18,21.74,TRADE
NSW1,2009/1/28 5:30,7875.43,23.36,TRADE
NSW1,2009/1/28 6:00,8428.44,25.92,TRADE
NSW1,2009/1/28 6:30,8917.16,35.36,TRADE
NSW1,2009/1/28 7:00,9384.33,37.15,TRADE
NSW1,2009/1/28 7:30,9806.29,34.76,TRADE
NSW1,2009/1/28 8:00,10188.88,32.01,TRADE
NSW1,2009/1/28 8:30,10617.02,35.22,TRADE
NSW1,2009/1/28 9:00,10875.28,36.83,TRADE
NSW1,2009/1/28 9:30,11104.28,40.89,TRADE
NSW1,2009/1/28 10:00,11295.07,39.82,TRADE
NSW1,2009/1/28 10:30,11486.76,42.91,TRADE
NSW1,2009/1/28 11:00,11668.46,43.67,TRADE
NSW1,2009/1/28 11:30,11814.9,55.64,TRADE
NSW1,2009/1/28 12:00,11990.91,55.8,TRADE
NSW1,2009/1/28 12:30,12076.37,121.12,TRADE
NSW1,2009/1/28 13:00,12170.74,148.46,TRADE
NSW1,2009/1/28 13:30,12301.6,136.53,TRADE
NSW1,2009/1/28 14:00,12398.64,149.1,TRADE
NSW1,2009/1/28 14:30,12430.35,149.95,TRADE
NSW1,2009/1/28 15:00,12586.11,160.11,TRADE
NSW1,2009/1/28 15:30,12675.42,251.88,TRADE
NSW1,2009/1/28 16:00,12729.74,275.76,TRADE
NSW1,2009/1/28 16:30,12631.33,185.71,TRADE
NSW1,2009/1/28 17:00,12478.26,144.86,TRADE
NSW1,2009/1/28 17:30,12057.89,80.92,TRADE
NSW1,2009/1/28 18:00,11826.62,56.77,TRADE
NSW1,2009/1/28 18:30,11402.78,33.14,TRADE
NSW1,2009/1/28 19:00,11092.42,28.13,TRADE
NSW1,2009/1/28 19:30,10970.34,32.69,TRADE
NSW1,2009/1/28 20:00,10932.7,35.54,TRADE
NSW1,2009/1/28 20:30,10581.3,34.01,TRADE
NSW1,2009/1/28 21:00,10098.08,31.69,TRADE
NSW1,2009/1/28 21:30,9911.99,40.09,TRADE
NSW1,2009/1/28 22:00,9526.57,30.46,TRADE
NSW1,2009/1/28 22:30,9302.7,44.07,TRADE
NSW1,2009/1/28 23:00,8982.05,35.29,TRADE
NSW1,2009/1/28 23:30,8629.58,32.46,TRADE
NSW1,2009/1/29 0:00,8383.67,27.53,TRADE
NSW1,2009/1/29 0:30,8162.35,30.94,TRADE
NSW1,2009/1/29 1:00,7907.77,26.57,TRADE
NSW1,2009/1/29 1:30,7541.98,23.5,TRADE
NSW1,2009/1/29 2:00,7237.48,22,TRADE
NSW1,2009/1/29 2:30,7072.57,22,TRADE
NSW1,2009/1/29 3:00,6976.37,22,TRADE
NSW1,2009/1/29 3:30,6999.99,22,TRADE
NSW1,2009/1/29 4:00,7046.99,22.09,TRADE
NSW1,2009/1/29 4:30,7258.98,23.52,TRADE
NSW1,2009/1/29 5:00,7545.69,24.99,TRADE
NSW1,2009/1/29 5:30,7992.7,24.51,TRADE
NSW1,2009/1/29 6:00,8578.08,31,TRADE
NSW1,2009/1/29 6:30,9095.64,37.52,TRADE
NSW1,2009/1/29 7:00,9630.36,39.78,TRADE
NSW1,2009/1/29 7:30,9986.78,40.02,TRADE
NSW1,2009/1/29 8:00,10317.93,30.91,TRADE
NSW1,2009/1/29 8:30,10717.74,28.26,TRADE
NSW1,2009/1/29 9:00,11017.84,36.67,TRADE
NSW1,2009/1/29 9:30,11323.58,38.14,TRADE
NSW1,2009/1/29 10:00,11586.29,44.59,TRADE
NSW1,2009/1/29 10:30,11807.05,53.99,TRADE
NSW1,2009/1/29 11:00,11988.51,58.17,TRADE
NSW1,2009/1/29 11:30,12132.86,82.71,TRADE
NSW1,2009/1/29 12:00,12270.68,89.69,TRADE
NSW1,2009/1/29 12:30,12426.11,124.49,TRADE
NSW1,2009/1/29 13:00,12518.59,139.77,TRADE
NSW1,2009/1/29 13:30,12688.89,149,TRADE
NSW1,2009/1/29 14:00,12764.06,233.04,TRADE
NSW1,2009/1/29 14:30,12813.65,273.11,TRADE
NSW1,2009/1/29 15:00,12993.3,299.89,TRADE
NSW1,2009/1/29 15:30,13060.16,305.05,TRADE
NSW1,2009/1/29 16:00,13096.37,2657.59,TRADE
NSW1,2009/1/29 16:30,12957.91,276.2,TRADE
NSW1,2009/1/29 17:00,12838.46,258.94,TRADE
NSW1,2009/1/29 17:30,12419.95,125.98,TRADE
NSW1,2009/1/29 18:00,12123.61,76.98,TRADE
NSW1,2009/1/29 18:30,11767.83,59.41,TRADE
NSW1,2009/1/29 19:00,11463.55,90.94,TRADE
NSW1,2009/1/29 19:30,11300.7,60.39,TRADE
NSW1,2009/1/29 20:00,11239.03,70.08,TRADE
NSW1,2009/1/29 20:30,10760.53,46.98,TRADE
NSW1,2009/1/29 21:00,10213.77,33.96,TRADE
NSW1,2009/1/29 21:30,10042.19,39.39,TRADE
NSW1,2009/1/29 22:00,9584.47,25.78,TRADE
NSW1,2009/1/29 22:30,9378.63,41.73,TRADE
NSW1,2009/1/29 23:00,8992.85,33.5,TRADE
NSW1,2009/1/29 23:30,8669.64,28.47,TRADE
NSW1,2009/1/30 0:00,8438.77,25.01,TRADE
NSW1,2009/1/30 0:30,8190.72,24.85,TRADE
NSW1,2009/1/30 1:00,7899.26,24.39,TRADE
NSW1,2009/1/30 1:30,7582.19,24.27,TRADE
NSW1,2009/1/30 2:00,7328.08,21.82,TRADE
NSW1,2009/1/30 2:30,7173.44,22.31,TRADE
NSW1,2009/1/30 3:00,7064.43,21.95,TRADE
NSW1,2009/1/30 3:30,7054.32,21.92,TRADE
NSW1,2009/1/30 4:00,7114.22,21.94,TRADE
NSW1,2009/1/30 4:30,7287.27,21.98,TRADE
NSW1,2009/1/30 5:00,7564.46,23.42,TRADE
NSW1,2009/1/30 5:30,8111.07,25.67,TRADE
NSW1,2009/1/30 6:00,8659,29.45,TRADE
NSW1,2009/1/30 6:30,9176.43,40.72,TRADE
NSW1,2009/1/30 7:00,9690.73,43.31,TRADE
NSW1,2009/1/30 7:30,10134.73,45.06,TRADE
NSW1,2009/1/30 8:00,10483.56,51.44,TRADE
NSW1,2009/1/30 8:30,10864.32,56.83,TRADE
NSW1,2009/1/30 9:00,11116,44.09,TRADE
NSW1,2009/1/30 9:30,11412.19,67.27,TRADE
NSW1,2009/1/30 10:00,11658.04,139.13,TRADE
NSW1,2009/1/30 10:30,11815.82,96.64,TRADE
NSW1,2009/1/30 11:00,11950.18,127.41,TRADE
NSW1,2009/1/30 11:30,12009.83,67.36,TRADE
NSW1,2009/1/30 12:00,12120.41,167.58,TRADE
NSW1,2009/1/30 12:30,12233.35,111.71,TRADE
NSW1,2009/1/30 13:00,12291.93,187.81,TRADE
NSW1,2009/1/30 13:30,12466.94,168.11,TRADE
NSW1,2009/1/30 14:00,12646.87,203.78,TRADE
NSW1,2009/1/30 14:30,12661.12,178.47,TRADE
NSW1,2009/1/30 15:00,12866.21,225.4,TRADE
NSW1,2009/1/30 15:30,12963.54,203.21,TRADE
NSW1,2009/1/30 16:00,13039.95,181.37,TRADE
NSW1,2009/1/30 16:30,12853.12,256.83,TRADE
NSW1,2009/1/30 17:00,12592.57,144.07,TRADE
NSW1,2009/1/30 17:30,12055.92,81.4,TRADE
NSW1,2009/1/30 18:00,11736.91,85.07,TRADE
NSW1,2009/1/30 18:30,11333.27,45.33,TRADE
NSW1,2009/1/30 19:00,11035.7,44.94,TRADE
NSW1,2009/1/30 19:30,10827.59,44.96,TRADE
NSW1,2009/1/30 20:00,10744.87,37.17,TRADE
NSW1,2009/1/30 20:30,10428.07,35.31,TRADE
NSW1,2009/1/30 21:00,10032.29,34.62,TRADE
NSW1,2009/1/30 21:30,9959.38,34.58,TRADE
NSW1,2009/1/30 22:00,9628.36,23.5,TRADE
NSW1,2009/1/30 22:30,9481.46,31.8,TRADE
NSW1,2009/1/30 23:00,9219.81,33.72,TRADE
NSW1,2009/1/30 23:30,8810,28.84,TRADE
NSW1,2009/1/31 0:00,8580.3,26.28,TRADE
NSW1,2009/1/31 0:30,8318.13,25.42,TRADE
NSW1,2009/1/31 1:00,7974.96,23.66,TRADE
NSW1,2009/1/31 1:30,7649.9,22.68,TRADE
NSW1,2009/1/31 2:00,7332.12,22.15,TRADE
NSW1,2009/1/31 2:30,7174.81,21.67,TRADE
NSW1,2009/1/31 3:00,7063.14,20.93,TRADE
NSW1,2009/1/31 3:30,6983.78,20.8,TRADE
NSW1,2009/1/31 4:00,6954,21.03,TRADE
NSW1,2009/1/31 4:30,7041.69,21.81,TRADE
NSW1,2009/1/31 5:00,7083,22,TRADE
NSW1,2009/1/31 5:30,7231.29,21.63,TRADE
NSW1,2009/1/31 6:00,7358.06,21.64,TRADE
NSW1,2009/1/31 6:30,7712.75,22.64,TRADE
NSW1,2009/1/31 7:00,8187.79,24.12,TRADE
NSW1,2009/1/31 7:30,8685.26,23.5,TRADE
NSW1,2009/1/31 8:00,9149.5,27.45,TRADE
NSW1,2009/1/31 8:30,9661.03,38.15,TRADE
NSW1,2009/1/31 9:00,9926.86,36.95,TRADE
NSW1,2009/1/31 9:30,10256.87,41.17,TRADE
NSW1,2009/1/31 10:00,10410,42.89,TRADE
NSW1,2009/1/31 10:30,10684.37,41.18,TRADE
NSW1,2009/1/31 11:00,10925.45,51.41,TRADE
NSW1,2009/1/31 11:30,11117.59,47.4,TRADE
NSW1,2009/1/31 12:00,11259.02,45.24,TRADE
NSW1,2009/1/31 12:30,11359.72,59.99,TRADE
NSW1,2009/1/31 13:00,11458.02,64.99,TRADE
NSW1,2009/1/31 13:30,11576.41,98.58,TRADE
NSW1,2009/1/31 14:00,11661.46,93.32,TRADE
NSW1,2009/1/31 14:30,11786.84,116.64,TRADE
NSW1,2009/1/31 15:00,11851.83,151.77,TRADE
NSW1,2009/1/31 15:30,11863.56,269.11,TRADE
NSW1,2009/1/31 16:00,11845.4,77.26,TRADE
NSW1,2009/1/31 16:30,11709.41,80.22,TRADE
NSW1,2009/1/31 17:00,11573.31,65.33,TRADE
NSW1,2009/1/31 17:30,11322.49,47.3,TRADE
NSW1,2009/1/31 18:00,11093.73,42.15,TRADE
NSW1,2009/1/31 18:30,10807.74,37.49,TRADE
NSW1,2009/1/31 19:00,10553.71,34.59,TRADE
NSW1,2009/1/31 19:30,10435.06,36.57,TRADE
NSW1,2009/1/31 20:00,10492.04,39.2,TRADE
NSW1,2009/1/31 20:30,10282.96,39.77,TRADE
NSW1,2009/1/31 21:00,9948.03,35.43,TRADE
NSW1,2009/1/31 21:30,9788.6,33.38,TRADE
NSW1,2009/1/31 22:00,9452.69,25.5,TRADE
NSW1,2009/1/31 22:30,9211.45,27.22,TRADE
NSW1,2009/1/31 23:00,8805.66,24.29,TRADE
NSW1,2009/1/31 23:30,8486.94,24.41,TRADE
NSW1,2009/2/1 0:00,8179.47,21.17,TRADE
?NSW1,2009/2/1 0:30,7884.29,21.37,TRADE
NSW1,2009/2/1 1:00,7651.97,20.83,TRADE
NSW1,2009/2/1 1:30,7325.13,20.03,TRADE
NSW1,2009/2/1 2:00,7106.63,15.04,TRADE
NSW1,2009/2/1 2:30,6927.68,15.43,TRADE
NSW1,2009/2/1 3:00,6825.36,15.99,TRADE
NSW1,2009/2/1 3:30,6752.52,14.33,TRADE
NSW1,2009/2/1 4:00,6755.86,14.17,TRADE
NSW1,2009/2/1 4:30,6769.36,14.02,TRADE
NSW1,2009/2/1 5:00,6824.91,15.43,TRADE
NSW1,2009/2/1 5:30,6848.57,15.91,TRADE
NSW1,2009/2/1 6:00,6913.08,15.74,TRADE
NSW1,2009/2/1 6:30,7158.68,16.18,TRADE
NSW1,2009/2/1 7:00,7556.45,20.12,TRADE
NSW1,2009/2/1 7:30,7954.9,17.3,TRADE
NSW1,2009/2/1 8:00,8342.83,20.24,TRADE
NSW1,2009/2/1 8:30,8821.6,22,TRADE
NSW1,2009/2/1 9:00,9234.26,22.55,TRADE
NSW1,2009/2/1 9:30,9596.07,24.54,TRADE
NSW1,2009/2/1 10:00,9885.69,28.82,TRADE
NSW1,2009/2/1 10:30,10067.87,33.27,TRADE
NSW1,2009/2/1 11:00,10302.82,37.06,TRADE
NSW1,2009/2/1 11:30,10447.96,38.02,TRADE
NSW1,2009/2/1 12:00,10593.65,41.18,TRADE
NSW1,2009/2/1 12:30,10579.65,41.74,TRADE
NSW1,2009/2/1 13:00,10656.03,45.22,TRADE
NSW1,2009/2/1 13:30,10696.28,54.36,TRADE
NSW1,2009/2/1 14:00,10757.17,57.59,TRADE
NSW1,2009/2/1 14:30,10853.66,59.07,TRADE
NSW1,2009/2/1 15:00,10925.5,64.98,TRADE
NSW1,2009/2/1 15:30,10913.89,73.09,TRADE
NSW1,2009/2/1 16:00,10939.39,70.79,TRADE
NSW1,2009/2/1 16:30,10871.73,74.03,TRADE
NSW1,2009/2/1 17:00,10847.81,76.14,TRADE
NSW1,2009/2/1 17:30,10808.85,61.16,TRADE
NSW1,2009/2/1 18:00,10705.18,57.16,TRADE
NSW1,2009/2/1 18:30,10497.09,36.94,TRADE
NSW1,2009/2/1 19:00,10371.72,38.1,TRADE
NSW1,2009/2/1 19:30,10338.89,42.3,TRADE
NSW1,2009/2/1 20:00,10432.41,45.76,TRADE
NSW1,2009/2/1 20:30,10158.93,39.37,TRADE
NSW1,2009/2/1 21:00,9811.58,33.93,TRADE
NSW1,2009/2/1 21:30,9575.19,27.17,TRADE
NSW1,2009/2/1 22:00,9222.66,22.19,TRADE
NSW1,2009/2/1 22:30,9082.74,24.65,TRADE
NSW1,2009/2/1 23:00,8715.32,23.2,TRADE
NSW1,2009/2/1 23:30,8364.68,22.03,TRADE
NSW1,2009/2/2 0:00,8086.2,21,TRADE
NSW1,2009/2/2 0:30,7814.6,21.46,TRADE
NSW1,2009/2/2 1:00,7640.01,18.89,TRADE
NSW1,2009/2/2 1:30,7356.46,18.27,TRADE
NSW1,2009/2/2 2:00,7132.07,16.15,TRADE
NSW1,2009/2/2 2:30,6994.68,15.74,TRADE
NSW1,2009/2/2 3:00,6940.37,15.29,TRADE
NSW1,2009/2/2 3:30,6973.18,15.44,TRADE
NSW1,2009/2/2 4:00,7038.5,16.9,TRADE
NSW1,2009/2/2 4:30,7276.85,17.13,TRADE
NSW1,2009/2/2 5:00,7584.43,20.45,TRADE
NSW1,2009/2/2 5:30,8203.06,23.37,TRADE
NSW1,2009/2/2 6:00,8803.29,24.63,TRADE
NSW1,2009/2/2 6:30,9390.5,36.5,TRADE
NSW1,2009/2/2 7:00,9977.37,45.12,TRADE
NSW1,2009/2/2 7:30,10352.91,44.14,TRADE
NSW1,2009/2/2 8:00,10646.56,45.78,TRADE
NSW1,2009/2/2 8:30,11070.68,50.86,TRADE
NSW1,2009/2/2 9:00,11396.14,54.39,TRADE
NSW1,2009/2/2 9:30,11625.57,52.28,TRADE
NSW1,2009/2/2 10:00,11822.68,59.98,TRADE
NSW1,2009/2/2 10:30,11919.81,59.98,TRADE
NSW1,2009/2/2 11:00,12101.7,62.05,TRADE
NSW1,2009/2/2 11:30,12248.06,68.49,TRADE
NSW1,2009/2/2 12:00,12397.22,84.91,TRADE
NSW1,2009/2/2 12:30,12560.22,89.98,TRADE
NSW1,2009/2/2 13:00,12640.52,96.68,TRADE
NSW1,2009/2/2 13:30,12791.23,113.39,TRADE
NSW1,2009/2/2 14:00,12824.82,119.97,TRADE
NSW1,2009/2/2 14:30,12867.42,119.97,TRADE
NSW1,2009/2/2 15:00,13000.02,119.97,TRADE
NSW1,2009/2/2 15:30,13109.19,119.97,TRADE
NSW1,2009/2/2 16:00,13088.14,119.97,TRADE
NSW1,2009/2/2 16:30,12970.77,91.7,TRADE
NSW1,2009/2/2 17:00,12763.72,89.98,TRADE
NSW1,2009/2/2 17:30,12274.81,64.97,TRADE
NSW1,2009/2/2 18:00,12001.48,57.95,TRADE
NSW1,2009/2/2 18:30,11532.62,50.14,TRADE
NSW1,2009/2/2 19:00,11201.44,44.99,TRADE
NSW1,2009/2/2 19:30,11106.75,44.99,TRADE
NSW1,2009/2/2 20:00,10898.97,44.99,TRADE
NSW1,2009/2/2 20:30,10531.73,41.31,TRADE
NSW1,2009/2/2 21:00,10029,33.51,TRADE
NSW1,2009/2/2 21:30,9839.32,32.17,TRADE
NSW1,2009/2/2 22:00,9398.37,22.28,TRADE
NSW1,2009/2/2 22:30,9241.77,28.02,TRADE
NSW1,2009/2/2 23:00,8974.08,26.24,TRADE
NSW1,2009/2/2 23:30,8697.11,24.5,TRADE
NSW1,2009/2/3 0:00,8464.76,22.27,TRADE
NSW1,2009/2/3 0:30,8236.77,23.04,TRADE
NSW1,2009/2/3 1:00,7963.63,22.17,TRADE
NSW1,2009/2/3 1:30,7631.74,21.83,TRADE
NSW1,2009/2/3 2:00,7366.57,21.24,TRADE
NSW1,2009/2/3 2:30,7203.55,19,TRADE
NSW1,2009/2/3 3:00,7173.22,19.09,TRADE
NSW1,2009/2/3 3:30,7152.32,20.15,TRADE
NSW1,2009/2/3 4:00,7236.46,20.46,TRADE
NSW1,2009/2/3 4:30,7485.36,21.99,TRADE
NSW1,2009/2/3 5:00,7795.36,22.49,TRADE
NSW1,2009/2/3 5:30,8423.77,30.23,TRADE
NSW1,2009/2/3 6:00,8953.42,50.16,TRADE
NSW1,2009/2/3 6:30,9410.3,48.5,TRADE
NSW1,2009/2/3 7:00,9888.74,51.35,TRADE
NSW1,2009/2/3 7:30,10278.88,40.48,TRADE
NSW1,2009/2/3 8:00,10589.63,41.52,TRADE
NSW1,2009/2/3 8:30,10883.95,36.23,TRADE
NSW1,2009/2/3 9:00,11145.42,36.17,TRADE
NSW1,2009/2/3 9:30,11344.78,37.4,TRADE
NSW1,2009/2/3 10:00,11578.6,39,TRADE
NSW1,2009/2/3 10:30,11696.4,39.51,TRADE
NSW1,2009/2/3 11:00,11892.95,39.62,TRADE
NSW1,2009/2/3 11:30,12001.06,40.74,TRADE
NSW1,2009/2/3 12:00,12124.76,51.96,TRADE
NSW1,2009/2/3 12:30,12157.35,58.3,TRADE
NSW1,2009/2/3 13:00,12262.7,59.62,TRADE
NSW1,2009/2/3 13:30,12423.53,62.07,TRADE
NSW1,2009/2/3 14:00,12444.29,59.19,TRADE
NSW1,2009/2/3 14:30,12500.71,59.98,TRADE
NSW1,2009/2/3 15:00,12537.52,84.98,TRADE
NSW1,2009/2/3 15:30,12537.02,88.87,TRADE
NSW1,2009/2/3 16:00,12404.16,59.98,TRADE
NSW1,2009/2/3 16:30,12153.22,59.41,TRADE
NSW1,2009/2/3 17:00,11863.03,49.62,TRADE
NSW1,2009/2/3 17:30,11446.16,38.78,TRADE
NSW1,2009/2/3 18:00,11128.31,35.97,TRADE
NSW1,2009/2/3 18:30,10800.25,31.71,TRADE
NSW1,2009/2/3 19:00,10655.2,29.02,TRADE
NSW1,2009/2/3 19:30,10678.09,29.71,TRADE
NSW1,2009/2/3 20:00,10592.33,36.61,TRADE
NSW1,2009/2/3 20:30,10310.72,33.89,TRADE
NSW1,2009/2/3 21:00,9953,28.07,TRADE
NSW1,2009/2/3 21:30,9825.03,24.42,TRADE
NSW1,2009/2/3 22:00,9418.87,21.68,TRADE
NSW1,2009/2/3 22:30,9232.29,23.71,TRADE
NSW1,2009/2/3 23:00,8975.2,22.58,TRADE
NSW1,2009/2/3 23:30,8690.56,23.59,TRADE
NSW1,2009/2/4 0:00,8473.87,21.17,TRADE
NSW1,2009/2/4 0:30,8193.52,22.18,TRADE
NSW1,2009/2/4 1:00,7969.62,22.3,TRADE
NSW1,2009/2/4 1:30,7720.71,21.63,TRADE
NSW1,2009/2/4 2:00,7426.73,21.59,TRADE
NSW1,2009/2/4 2:30,7218.95,20.65,TRADE
NSW1,2009/2/4 3:00,7147.76,20.56,TRADE
NSW1,2009/2/4 3:30,7179.21,21.22,TRADE
NSW1,2009/2/4 4:00,7229.37,20.07,TRADE
NSW1,2009/2/4 4:30,7438.65,20.98,TRADE
NSW1,2009/2/4 5:00,7724.83,22.23,TRADE
NSW1,2009/2/4 5:30,8279.09,20.28,TRADE
NSW1,2009/2/4 6:00,8871.59,26.23,TRADE
NSW1,2009/2/4 6:30,9404.47,31.63,TRADE
NSW1,2009/2/4 7:00,9933.41,42.19,TRADE
NSW1,2009/2/4 7:30,10234.27,40.4,TRADE
NSW1,2009/2/4 8:00,10497.94,36.75,TRADE
NSW1,2009/2/4 8:30,10877.94,42.77,TRADE
NSW1,2009/2/4 9:00,11071.68,41.37,TRADE
NSW1,2009/2/4 9:30,11296.82,42.64,TRADE
NSW1,2009/2/4 10:00,11453.3,48.07,TRADE
NSW1,2009/2/4 10:30,11521.05,55.04,TRADE
NSW1,2009/2/4 11:00,11607.03,53.48,TRADE
NSW1,2009/2/4 11:30,11687.04,56.21,TRADE
NSW1,2009/2/4 12:00,11839.44,59.42,TRADE
NSW1,2009/2/4 12:30,12011.71,59.91,TRADE
NSW1,2009/2/4 13:00,12155.99,60.21,TRADE
NSW1,2009/2/4 13:30,12317.44,65.87,TRADE
NSW1,2009/2/4 14:00,12407.72,62.06,TRADE
NSW1,2009/2/4 14:30,12492.78,71.33,TRADE
NSW1,2009/2/4 15:00,12679.66,89.85,TRADE
NSW1,2009/2/4 15:30,12805.27,89.98,TRADE
NSW1,2009/2/4 16:00,12819.65,89.98,TRADE
NSW1,2009/2/4 16:30,12621.64,76.68,TRADE
NSW1,2009/2/4 17:00,12362.18,58.27,TRADE
NSW1,2009/2/4 17:30,11916.8,44.49,TRADE
NSW1,2009/2/4 18:00,11608.42,37.75,TRADE
NSW1,2009/2/4 18:30,11334.13,38.03,TRADE
NSW1,2009/2/4 19:00,11153.73,37.14,TRADE
NSW1,2009/2/4 19:30,11134.82,34.83,TRADE
NSW1,2009/2/4 20:00,11095.17,46.69,TRADE
NSW1,2009/2/4 20:30,10753.47,30.29,TRADE
NSW1,2009/2/4 21:00,10340.18,33.33,TRADE
NSW1,2009/2/4 21:30,10108.51,33.08,TRADE
NSW1,2009/2/4 22:00,9706.42,26.9,TRADE
NSW1,2009/2/4 22:30,9456.91,30.58,TRADE
NSW1,2009/2/4 23:00,9146.16,25.48,TRADE
NSW1,2009/2/4 23:30,8813.81,22.49,TRADE
NSW1,2009/2/5 0:00,8564.52,22.51,TRADE
NSW1,2009/2/5 0:30,8386.35,25.13,TRADE
NSW1,2009/2/5 1:00,8081.67,22.66,TRADE
NSW1,2009/2/5 1:30,7763.89,22.37,TRADE
NSW1,2009/2/5 2:00,7518.48,22,TRADE
NSW1,2009/2/5 2:30,7308.79,19.99,TRADE
NSW1,2009/2/5 3:00,7230.63,17,TRADE
NSW1,2009/2/5 3:30,7231.75,18.16,TRADE
NSW1,2009/2/5 4:00,7285.73,21.79,TRADE
NSW1,2009/2/5 4:30,7499.77,22,TRADE
NSW1,2009/2/5 5:00,7809.01,22.37,TRADE
NSW1,2009/2/5 5:30,8294.94,24.98,TRADE
NSW1,2009/2/5 6:00,8853.82,33.3,TRADE
NSW1,2009/2/5 6:30,9421.75,48.6,TRADE
NSW1,2009/2/5 7:00,10000.02,54.65,TRADE
NSW1,2009/2/5 7:30,10390.31,45.96,TRADE
NSW1,2009/2/5 8:00,10750.49,46.82,TRADE
NSW1,2009/2/5 8:30,11194.43,54.76,TRADE
NSW1,2009/2/5 9:00,11541.83,58.83,TRADE
NSW1,2009/2/5 9:30,11829.31,59.98,TRADE
NSW1,2009/2/5 10:00,12040.44,62.69,TRADE
NSW1,2009/2/5 10:30,12211.23,86.72,TRADE
NSW1,2009/2/5 11:00,12445.71,89.98,TRADE
NSW1,2009/2/5 11:30,12676.11,91.18,TRADE
NSW1,2009/2/5 12:00,12900.03,108,TRADE
NSW1,2009/2/5 12:30,13084.76,113.59,TRADE
NSW1,2009/2/5 13:00,13302.63,119.05,TRADE
NSW1,2009/2/5 13:30,13448.25,116.99,TRADE
NSW1,2009/2/5 14:00,13511.95,98.05,TRADE
NSW1,2009/2/5 14:30,13630.46,112.26,TRADE
NSW1,2009/2/5 15:00,13825.27,97.96,TRADE
NSW1,2009/2/5 15:30,13983.24,118.98,TRADE
NSW1,2009/2/5 16:00,13972.28,119.97,TRADE
NSW1,2009/2/5 16:30,13745.62,98.3,TRADE
NSW1,2009/2/5 17:00,13648.94,88.2,TRADE
NSW1,2009/2/5 17:30,13302.7,84.99,TRADE
NSW1,2009/2/5 18:00,13023.23,71.37,TRADE
NSW1,2009/2/5 18:30,12608.22,68.62,TRADE
NSW1,2009/2/5 19:00,12321.31,63.1,TRADE
NSW1,2009/2/5 19:30,12228.95,59.98,TRADE
NSW1,2009/2/5 20:00,12182.39,62.61,TRADE
NSW1,2009/2/5 20:30,11686.57,58.02,TRADE
NSW1,2009/2/5 21:00,11105.93,48.54,TRADE
NSW1,2009/2/5 21:30,10842.62,46.57,TRADE
NSW1,2009/2/5 22:00,10211.28,34.37,TRADE
NSW1,2009/2/5 22:30,9878.11,36.48,TRADE
NSW1,2009/2/5 23:00,9421.73,26.13,TRADE
NSW1,2009/2/5 23:30,9091.67,29.68,TRADE
NSW1,2009/2/6 0:00,8827.5,22.8,TRADE
NSW1,2009/2/6 0:30,8561.58,23.35,TRADE
NSW1,2009/2/6 1:00,8265.49,21.67,TRADE
NSW1,2009/2/6 1:30,7891.02,22.67,TRADE
NSW1,2009/2/6 2:00,7634.42,22.15,TRADE
NSW1,2009/2/6 2:30,7459.78,18.5,TRADE
NSW1,2009/2/6 3:00,7375.66,17.99,TRADE
NSW1,2009/2/6 3:30,7383.62,17.98,TRADE
NSW1,2009/2/6 4:00,7402.82,16.61,TRADE
NSW1,2009/2/6 4:30,7607.42,20.33,TRADE
NSW1,2009/2/6 5:00,7917.57,22,TRADE
NSW1,2009/2/6 5:30,8479.3,24.34,TRADE
NSW1,2009/2/6 6:00,9025.33,32.35,TRADE
NSW1,2009/2/6 6:30,9524.91,42.58,TRADE
NSW1,2009/2/6 7:00,10112.36,48.38,TRADE
NSW1,2009/2/6 7:30,10544.62,40.76,TRADE
NSW1,2009/2/6 8:00,10959.37,40.1,TRADE
NSW1,2009/2/6 8:30,11478.34,47.12,TRADE
NSW1,2009/2/6 9:00,11783.85,48.64,TRADE
NSW1,2009/2/6 9:30,12121.73,55.72,TRADE
NSW1,2009/2/6 10:00,12374.72,58.66,TRADE
NSW1,2009/2/6 10:30,12620.37,60.08,TRADE
NSW1,2009/2/6 11:00,12888.87,77.99,TRADE
NSW1,2009/2/6 11:30,13072.2,86,TRADE
NSW1,2009/2/6 12:00,13283.76,90.24,TRADE
NSW1,2009/2/6 12:30,13451.5,110.29,TRADE
NSW1,2009/2/6 13:00,13637.5,119.97,TRADE
NSW1,2009/2/6 13:30,13745.28,102.19,TRADE
NSW1,2009/2/6 14:00,13826.08,115.29,TRADE
NSW1,2009/2/6 14:30,13859.75,119.97,TRADE
NSW1,2009/2/6 15:00,14032.36,120.05,TRADE
NSW1,2009/2/6 15:30,14040.76,120.25,TRADE
NSW1,2009/2/6 16:00,14106.44,119.98,TRADE
NSW1,2009/2/6 16:30,13744.62,114.32,TRADE
NSW1,2009/2/6 17:00,13597.39,109.66,TRADE
NSW1,2009/2/6 17:30,13119.85,99.07,TRADE
NSW1,2009/2/6 18:00,12809.86,94.59,TRADE
NSW1,2009/2/6 18:30,12400.66,73.24,TRADE
NSW1,2009/2/6 19:00,12057.14,68.22,TRADE
NSW1,2009/2/6 19:30,11970.39,94.79,TRADE
NSW1,2009/2/6 20:00,11941.93,107.32,TRADE
NSW1,2009/2/6 20:30,11530.88,96.67,TRADE
NSW1,2009/2/6 21:00,11177.75,62.07,TRADE
NSW1,2009/2/6 21:30,10944.81,84.81,TRADE
NSW1,2009/2/6 22:00,10542.27,50.43,TRADE
NSW1,2009/2/6 22:30,10229,53.62,TRADE
NSW1,2009/2/6 23:00,9839.22,44.17,TRADE
NSW1,2009/2/6 23:30,9406.61,40,TRADE
NSW1,2009/2/7 0:00,9036.23,28.45,TRADE
NSW1,2009/2/7 0:30,8703.21,22.34,TRADE
NSW1,2009/2/7 1:00,8359.43,25.45,TRADE
NSW1,2009/2/7 1:30,8039.94,25.89,TRADE
NSW1,2009/2/7 2:00,7733.42,22.47,TRADE
NSW1,2009/2/7 2:30,7571.17,22.64,TRADE
NSW1,2009/2/7 3:00,7388.88,21.67,TRADE
NSW1,2009/2/7 3:30,7297.9,22,TRADE
NSW1,2009/2/7 4:00,7306.92,22,TRADE
NSW1,2009/2/7 4:30,7360.5,22,TRADE
NSW1,2009/2/7 5:00,7451.29,22,TRADE
NSW1,2009/2/7 5:30,7661.53,22.5,TRADE
NSW1,2009/2/7 6:00,7773.77,22.61,TRADE
NSW1,2009/2/7 6:30,8108.39,22.41,TRADE
NSW1,2009/2/7 7:00,8610.58,28.21,TRADE
NSW1,2009/2/7 7:30,9194.36,24.87,TRADE
NSW1,2009/2/7 8:00,9771.65,35.52,TRADE
NSW1,2009/2/7 8:30,10387.51,44.33,TRADE
NSW1,2009/2/7 9:00,10785.83,52.49,TRADE
NSW1,2009/2/7 9:30,11186.25,70.23,TRADE
NSW1,2009/2/7 10:00,11476.1,89.38,TRADE
NSW1,2009/2/7 10:30,11709.14,107.93,TRADE
NSW1,2009/2/7 11:00,12011.31,131.49,TRADE
NSW1,2009/2/7 11:30,12204.23,126.49,TRADE
NSW1,2009/2/7 12:00,12356.4,174.78,TRADE
NSW1,2009/2/7 12:30,12583.72,150.47,TRADE
NSW1,2009/2/7 13:00,12731.55,284.68,TRADE
NSW1,2009/2/7 13:30,12862.87,1679.67,TRADE
NSW1,2009/2/7 14:00,12832.16,213.15,TRADE
NSW1,2009/2/7 14:30,12884.09,281.98,TRADE
NSW1,2009/2/7 15:00,12860.43,304.91,TRADE
NSW1,2009/2/7 15:30,12810.34,1177.48,TRADE
NSW1,2009/2/7 16:00,12757.88,2772.67,TRADE
NSW1,2009/2/7 16:30,12635.1,95.48,TRADE
NSW1,2009/2/7 17:00,12539.54,84.18,TRADE
NSW1,2009/2/7 17:30,12265.26,101.85,TRADE
NSW1,2009/2/7 18:00,12066,104.03,TRADE
NSW1,2009/2/7 18:30,11719.17,124.84,TRADE
NSW1,2009/2/7 19:00,11423.63,63.2,TRADE
NSW1,2009/2/7 19:30,11240.19,85.61,TRADE
NSW1,2009/2/7 20:00,11204.18,129.5,TRADE
NSW1,2009/2/7 20:30,10907.11,74.66,TRADE
NSW1,2009/2/7 21:00,10471.75,47.62,TRADE
NSW1,2009/2/7 21:30,10277.35,53.39,TRADE
NSW1,2009/2/7 22:00,9798.25,-106.15,TRADE
NSW1,2009/2/7 22:30,9511.51,59.12,TRADE
NSW1,2009/2/7 23:00,9312.14,54.51,TRADE
NSW1,2009/2/7 23:30,8905.78,48.53,TRADE
NSW1,2009/2/8 0:00,8601.56,39.62,TRADE
NSW1,2009/2/8 0:30,8239.99,29.17,TRADE
NSW1,2009/2/8 1:00,7959.9,24.28,TRADE
NSW1,2009/2/8 1:30,7652.39,19.85,TRADE
NSW1,2009/2/8 2:00,7295,1677.91,TRADE
NSW1,2009/2/8 2:30,7224.18,30.12,TRADE
NSW1,2009/2/8 3:00,7177.45,22.18,TRADE
NSW1,2009/2/8 3:30,7094.36,23.13,TRADE
NSW1,2009/2/8 4:00,7120.66,22.66,TRADE
NSW1,2009/2/8 4:30,7107.38,21.39,TRADE
NSW1,2009/2/8 5:00,7142.05,22.33,TRADE
NSW1,2009/2/8 5:30,7212.95,22.61,TRADE
NSW1,2009/2/8 6:00,7262.03,22.33,TRADE
NSW1,2009/2/8 6:30,7568.34,23.44,TRADE
NSW1,2009/2/8 7:00,7996.42,23.96,TRADE
NSW1,2009/2/8 7:30,8463.67,24.77,TRADE
NSW1,2009/2/8 8:00,8921.23,28.58,TRADE
NSW1,2009/2/8 8:30,9420.49,35.26,TRADE
NSW1,2009/2/8 9:00,9870.33,43.3,TRADE
NSW1,2009/2/8 9:30,10209.63,70.11,TRADE
NSW1,2009/2/8 10:00,10446.43,71.85,TRADE
NSW1,2009/2/8 10:30,10747.35,56.99,TRADE
NSW1,2009/2/8 11:00,11064.84,64.38,TRADE
NSW1,2009/2/8 11:30,11303.19,79.72,TRADE
NSW1,2009/2/8 12:00,11595.51,105.09,TRADE
NSW1,2009/2/8 12:30,11734.3,114.17,TRADE
NSW1,2009/2/8 13:00,11883.2,107.7,TRADE
NSW1,2009/2/8 13:30,12010,142.14,TRADE
NSW1,2009/2/8 14:00,12147.74,107.46,TRADE
NSW1,2009/2/8 14:30,12217.6,197.77,TRADE
NSW1,2009/2/8 15:00,12310,282.83,TRADE
NSW1,2009/2/8 15:30,12290.67,307.09,TRADE
NSW1,2009/2/8 16:00,12241.99,3006.8,TRADE
NSW1,2009/2/8 16:30,12153.34,310,TRADE
NSW1,2009/2/8 17:00,12183.32,310,TRADE
NSW1,2009/2/8 17:30,12058.38,175.77,TRADE
NSW1,2009/2/8 18:00,11971.55,114.08,TRADE
NSW1,2009/2/8 18:30,11687.04,147.71,TRADE
NSW1,2009/2/8 19:00,11435.4,135.22,TRADE
NSW1,2009/2/8 19:30,11381.95,148.2,TRADE
NSW1,2009/2/8 20:00,11287.77,208.65,TRADE
NSW1,2009/2/8 20:30,10793.92,91.77,TRADE
NSW1,2009/2/8 21:00,10235.69,60.82,TRADE
NSW1,2009/2/8 21:30,9810.18,44.11,TRADE
NSW1,2009/2/8 22:00,9306.96,30.48,TRADE
NSW1,2009/2/8 22:30,8901.07,29.22,TRADE
NSW1,2009/2/8 23:00,8506.57,27.51,TRADE
NSW1,2009/2/8 23:30,8224.54,23.85,TRADE
NSW1,2009/2/9 0:00,7975.74,22.57,TRADE
NSW1,2009/2/9 0:30,7856.27,25.23,TRADE
NSW1,2009/2/9 1:00,7699.21,25.09,TRADE
NSW1,2009/2/9 1:30,7427.56,23.37,TRADE
NSW1,2009/2/9 2:00,7236.69,22.45,TRADE
NSW1,2009/2/9 2:30,7158.64,22,TRADE
NSW1,2009/2/9 3:00,7100.64,22,TRADE
NSW1,2009/2/9 3:30,7144.35,22,TRADE
NSW1,2009/2/9 4:00,7169.23,22,TRADE
NSW1,2009/2/9 4:30,7359.18,22.4,TRADE
NSW1,2009/2/9 5:00,7621.38,22.04,TRADE
NSW1,2009/2/9 5:30,8234.76,24,TRADE
NSW1,2009/2/9 6:00,8782.74,26.19,TRADE
NSW1,2009/2/9 6:30,9305.32,31.45,TRADE
NSW1,2009/2/9 7:00,9729.95,36.99,TRADE
NSW1,2009/2/9 7:30,10033.2,30.86,TRADE
NSW1,2009/2/9 8:00,10207.15,29.31,TRADE
NSW1,2009/2/9 8:30,10501.64,38.62,TRADE
NSW1,2009/2/9 9:00,10635.49,31.38,TRADE
NSW1,2009/2/9 9:30,10725.99,27.68,TRADE
NSW1,2009/2/9 10:00,10800.44,31.58,TRADE
NSW1,2009/2/9 10:30,10790.76,30.45,TRADE
NSW1,2009/2/9 11:00,10778.75,39.63,TRADE
NSW1,2009/2/9 11:30,10774.1,41.54,TRADE
NSW1,2009/2/9 12:00,10791.82,44.68,TRADE
NSW1,2009/2/9 12:30,10774.21,44.63,TRADE
NSW1,2009/2/9 13:00,10800.04,44.12,TRADE
NSW1,2009/2/9 13:30,10751.75,44.18,TRADE
NSW1,2009/2/9 14:00,10721.72,44.03,TRADE
NSW1,2009/2/9 14:30,10641.9,42.58,TRADE
NSW1,2009/2/9 15:00,10693.57,43.71,TRADE
NSW1,2009/2/9 15:30,10665.31,44.66,TRADE
NSW1,2009/2/9 16:00,10648.31,47.85,TRADE
NSW1,2009/2/9 16:30,10595.08,46.34,TRADE
NSW1,2009/2/9 17:00,10502.74,38.74,TRADE
NSW1,2009/2/9 17:30,10133.56,32.23,TRADE
NSW1,2009/2/9 18:00,10003.37,41.45,TRADE
NSW1,2009/2/9 18:30,9800.75,35.11,TRADE
NSW1,2009/2/9 19:00,9656.94,31.42,TRADE
NSW1,2009/2/9 19:30,9739.01,37.39,TRADE
NSW1,2009/2/9 20:00,9546.05,39.25,TRADE
NSW1,2009/2/9 20:30,9207.63,30.51,TRADE
NSW1,2009/2/9 21:00,8824.01,23.9,TRADE
NSW1,2009/2/9 21:30,8848.4,25.88,TRADE
NSW1,2009/2/9 22:00,8629.12,23.32,TRADE
NSW1,2009/2/9 22:30,8570.41,33.64,TRADE
NSW1,2009/2/9 23:00,8344.72,24.65,TRADE
NSW1,2009/2/9 23:30,8088.09,23.99,TRADE
NSW1,2009/2/10 0:00,7953.31,22.35,TRADE
NSW1,2009/2/10 0:30,7746.96,22.27,TRADE
NSW1,2009/2/10 1:00,7497.72,21.99,TRADE
NSW1,2009/2/10 1:30,7158.77,20.06,TRADE
NSW1,2009/2/10 2:00,6963.59,21.67,TRADE
NSW1,2009/2/10 2:30,6752.01,20.75,TRADE
NSW1,2009/2/10 3:00,6698.81,21.15,TRADE
NSW1,2009/2/10 3:30,6740.46,21.78,TRADE
NSW1,2009/2/10 4:00,6796.31,21.58,TRADE
NSW1,2009/2/10 4:30,7041.32,21.92,TRADE
NSW1,2009/2/10 5:00,7334.62,22,TRADE
NSW1,2009/2/10 5:30,7978.17,23.13,TRADE
NSW1,2009/2/10 6:00,8493.29,23.29,TRADE
NSW1,2009/2/10 6:30,8968.51,27.88,TRADE
NSW1,2009/2/10 7:00,9390.42,30.44,TRADE
NSW1,2009/2/10 7:30,9617.2,25.1,TRADE
NSW1,2009/2/10 8:00,9694.02,24.76,TRADE
NSW1,2009/2/10 8:30,9867.45,24.6,TRADE
NSW1,2009/2/10 9:00,10050.7,23.58,TRADE
NSW1,2009/2/10 9:30,10143.76,22.23,TRADE
NSW1,2009/2/10 10:00,10148.33,21.83,TRADE
NSW1,2009/2/10 10:30,10093.42,23.51,TRADE
NSW1,2009/2/10 11:00,10148.84,25.71,TRADE
NSW1,2009/2/10 11:30,10031.18,24.26,TRADE
NSW1,2009/2/10 12:00,10001.58,23.96,TRADE
NSW1,2009/2/10 12:30,10030.83,23.09,TRADE
NSW1,2009/2/10 13:00,10068.8,24.29,TRADE
NSW1,2009/2/10 13:30,10094.17,25.71,TRADE
NSW1,2009/2/10 14:00,10012.04,23.14,TRADE
NSW1,2009/2/10 14:30,9917.73,22,TRADE
NSW1,2009/2/10 15:00,9930.95,23,TRADE
NSW1,2009/2/10 15:30,9972.83,24.51,TRADE
NSW1,2009/2/10 16:00,9964.62,25.01,TRADE
NSW1,2009/2/10 16:30,9905.06,25.43,TRADE
NSW1,2009/2/10 17:00,9891.13,25.57,TRADE
NSW1,2009/2/10 17:30,9670.66,25,TRADE
NSW1,2009/2/10 18:00,9552.43,25.15,TRADE
NSW1,2009/2/10 18:30,9331.36,25.01,TRADE
NSW1,2009/2/10 19:00,9303.54,25.01,TRADE
NSW1,2009/2/10 19:30,9243.36,25,TRADE
NSW1,2009/2/10 20:00,9088.31,25,TRADE
NSW1,2009/2/10 20:30,8808.04,23,TRADE
NSW1,2009/2/10 21:00,8487.54,22,TRADE
NSW1,2009/2/10 21:30,8482.28,22,TRADE
NSW1,2009/2/10 22:00,8258.69,21.45,TRADE
NSW1,2009/2/10 22:30,8241.5,21.8,TRADE
NSW1,2009/2/10 23:00,8080.83,23.26,TRADE
NSW1,2009/2/10 23:30,7871.78,22.68,TRADE
NSW1,2009/2/11 0:00,7685.8,21.84,TRADE
NSW1,2009/2/11 0:30,7515.28,23.06,TRADE
NSW1,2009/2/11 1:00,7314.08,22.38,TRADE
NSW1,2009/2/11 1:30,7017.9,21.45,TRADE
NSW1,2009/2/11 2:00,6737.23,20.58,TRADE
NSW1,2009/2/11 2:30,6547.84,18.63,TRADE
NSW1,2009/2/11 3:00,6456.67,19.03,TRADE
NSW1,2009/2/11 3:30,6435.94,20.19,TRADE
NSW1,2009/2/11 4:00,6567.13,20.65,TRADE
NSW1,2009/2/11 4:30,6787.17,21.54,TRADE
NSW1,2009/2/11 5:00,7054.83,19.58,TRADE
NSW1,2009/2/11 5:30,7669.32,22.58,TRADE
NSW1,2009/2/11 6:00,8281.35,23.59,TRADE
NSW1,2009/2/11 6:30,8743.85,26.66,TRADE
NSW1,2009/2/11 7:00,9135.84,30.37,TRADE
NSW1,2009/2/11 7:30,9224.31,25.28,TRADE
NSW1,2009/2/11 8:00,9340.89,25.19,TRADE
NSW1,2009/2/11 8:30,9514.4,23.31,TRADE
NSW1,2009/2/11 9:00,9627.69,24.23,TRADE
NSW1,2009/2/11 9:30,9738.13,23.27,TRADE
NSW1,2009/2/11 10:00,9739.5,24.89,TRADE
NSW1,2009/2/11 10:30,9722.77,25.15,TRADE
NSW1,2009/2/11 11:00,9727.61,30.41,TRADE
NSW1,2009/2/11 11:30,9690.73,25.01,TRADE
NSW1,2009/2/11 12:00,9712.39,29.08,TRADE
NSW1,2009/2/11 12:30,9702.26,27.17,TRADE
NSW1,2009/2/11 13:00,9685.43,31.75,TRADE
NSW1,2009/2/11 13:30,9684.82,30.17,TRADE
NSW1,2009/2/11 14:00,9644.48,26.59,TRADE
NSW1,2009/2/11 14:30,9608.18,25.75,TRADE
NSW1,2009/2/11 15:00,9621.09,26.73,TRADE
NSW1,2009/2/11 15:30,9644.53,31.83,TRADE
NSW1,2009/2/11 16:00,9597.24,29.6,TRADE
NSW1,2009/2/11 16:30,9545.67,30.39,TRADE
NSW1,2009/2/11 17:00,9458.45,28.91,TRADE
NSW1,2009/2/11 17:30,9235.33,25.85,TRADE
NSW1,2009/2/11 18:00,9142.85,25.85,TRADE
NSW1,2009/2/11 18:30,8956.54,25.85,TRADE
NSW1,2009/2/11 19:00,8885.75,25.85,TRADE
NSW1,2009/2/11 19:30,8969.44,25.85,TRADE
NSW1,2009/2/11 20:00,8882.63,25.85,TRADE
NSW1,2009/2/11 20:30,8669.33,25.85,TRADE
NSW1,2009/2/11 21:00,8339.87,24.14,TRADE
NSW1,2009/2/11 21:30,8354.67,22.32,TRADE
NSW1,2009/2/11 22:00,8143.95,21.74,TRADE
NSW1,2009/2/11 22:30,8203.77,24.18,TRADE
NSW1,2009/2/11 23:00,8086.84,24.14,TRADE
NSW1,2009/2/11 23:30,7909.05,26.08,TRADE
NSW1,2009/2/12 0:00,7763.3,23.96,TRADE
NSW1,2009/2/12 0:30,7538.03,22.9,TRADE
NSW1,2009/2/12 1:00,7327.99,21.87,TRADE
NSW1,2009/2/12 1:30,7005.56,22.23,TRADE
NSW1,2009/2/12 2:00,6706.34,18.67,TRADE
NSW1,2009/2/12 2:30,6507.31,17,TRADE
NSW1,2009/2/12 3:00,6449.6,17.45,TRADE
NSW1,2009/2/12 3:30,6448.41,17,TRADE
NSW1,2009/2/12 4:00,6495.08,18.13,TRADE
NSW1,2009/2/12 4:30,6730.72,21.83,TRADE
NSW1,2009/2/12 5:00,7024.7,22.72,TRADE
NSW1,2009/2/12 5:30,7610.59,23.87,TRADE
NSW1,2009/2/12 6:00,8201.02,25.18,TRADE
NSW1,2009/2/12 6:30,8609.49,28.12,TRADE
NSW1,2009/2/12 7:00,8997.85,33.76,TRADE
NSW1,2009/2/12 7:30,9173.56,25.74,TRADE
NSW1,2009/2/12 8:00,9241.96,25.57,TRADE
NSW1,2009/2/12 8:30,9405.71,21.71,TRADE
NSW1,2009/2/12 9:00,9488.2,22.28,TRADE
NSW1,2009/2/12 9:30,9533.75,22.28,TRADE
NSW1,2009/2/12 10:00,9587.57,24.37,TRADE
NSW1,2009/2/12 10:30,9568.62,25,TRADE
NSW1,2009/2/12 11:00,9578.76,25,TRADE
NSW1,2009/2/12 11:30,9582.92,25,TRADE
NSW1,2009/2/12 12:00,9464.01,24.56,TRADE
NSW1,2009/2/12 12:30,9463.55,25.01,TRADE
NSW1,2009/2/12 13:00,9460.82,25.01,TRADE
NSW1,2009/2/12 13:30,9471.97,26.46,TRADE
NSW1,2009/2/12 14:00,9432.82,27.05,TRADE
NSW1,2009/2/12 14:30,9314.23,24.69,TRADE
NSW1,2009/2/12 15:00,9330.74,24.87,TRADE
NSW1,2009/2/12 15:30,9300.77,25.15,TRADE
NSW1,2009/2/12 16:00,9343.44,25.71,TRADE
NSW1,2009/2/12 16:30,9303.09,25.43,TRADE
NSW1,2009/2/12 17:00,9396.57,26.54,TRADE
NSW1,2009/2/12 17:30,9270.62,25.15,TRADE
NSW1,2009/2/12 18:00,9202.97,24.26,TRADE
NSW1,2009/2/12 18:30,9056.33,23.96,TRADE
NSW1,2009/2/12 19:00,9055.63,24.16,TRADE
NSW1,2009/2/12 19:30,9074.78,24.38,TRADE
NSW1,2009/2/12 20:00,8989.96,23.66,TRADE
NSW1,2009/2/12 20:30,8670.49,23.31,TRADE
NSW1,2009/2/12 21:00,8335.93,22,TRADE
NSW1,2009/2/12 21:30,8395.58,21.65,TRADE
NSW1,2009/2/12 22:00,8162.82,21.83,TRADE
NSW1,2009/2/12 22:30,8191.17,23.26,TRADE
NSW1,2009/2/12 23:00,8109.48,21.91,TRADE
NSW1,2009/2/12 23:30,7937.38,22.27,TRADE
NSW1,2009/2/13 0:00,7757.91,20.49,TRADE
NSW1,2009/2/13 0:30,7558.6,22.67,TRADE
NSW1,2009/2/13 1:00,7356.26,20.97,TRADE
NSW1,2009/2/13 1:30,7045.65,20.55,TRADE
NSW1,2009/2/13 2:00,6740.96,18.19,TRADE
NSW1,2009/2/13 2:30,6536.9,16.78,TRADE
NSW1,2009/2/13 3:00,6422.13,16.67,TRADE
NSW1,2009/2/13 3:30,6421.38,16.9,TRADE
NSW1,2009/2/13 4:00,6479.19,17.81,TRADE
NSW1,2009/2/13 4:30,6684.49,21.56,TRADE
NSW1,2009/2/13 5:00,6989.36,22.39,TRADE
NSW1,2009/2/13 5:30,7584.31,23.79,TRADE
NSW1,2009/2/13 6:00,8167.19,23.09,TRADE
NSW1,2009/2/13 6:30,8594.45,24.98,TRADE
NSW1,2009/2/13 7:00,9049.11,30.78,TRADE
NSW1,2009/2/13 7:30,9259.16,24.5,TRADE
NSW1,2009/2/13 8:00,9342.65,25.93,TRADE
NSW1,2009/2/13 8:30,9545.62,27.4,TRADE
NSW1,2009/2/13 9:00,9622.1,27.6,TRADE
NSW1,2009/2/13 9:30,9673.41,27.04,TRADE
NSW1,2009/2/13 10:00,9694.41,25.76,TRADE
NSW1,2009/2/13 10:30,9675.36,22.17,TRADE
NSW1,2009/2/13 11:00,9602.93,22.25,TRADE
NSW1,2009/2/13 11:30,9576.52,22,TRADE
NSW1,2009/2/13 12:00,9474.66,22.67,TRADE
NSW1,2009/2/13 12:30,9426.67,24.03,TRADE
NSW1,2009/2/13 13:00,9393.8,24.4,TRADE
NSW1,2009/2/13 13:30,9318.49,23.33,TRADE
NSW1,2009/2/13 14:00,9282.09,23.44,TRADE
NSW1,2009/2/13 14:30,9165.74,22,TRADE
NSW1,2009/2/13 15:00,9093.44,24.11,TRADE
NSW1,2009/2/13 15:30,9183.6,25.01,TRADE
NSW1,2009/2/13 16:00,9236.93,24.86,TRADE
NSW1,2009/2/13 16:30,9180.05,24.98,TRADE
NSW1,2009/2/13 17:00,9096.06,24.25,TRADE
NSW1,2009/2/13 17:30,8911.65,22.39,TRADE
NSW1,2009/2/13 18:00,8823.73,21.98,TRADE
NSW1,2009/2/13 18:30,8699.62,22,TRADE
NSW1,2009/2/13 19:00,8724.65,22.02,TRADE
NSW1,2009/2/13 19:30,8779.57,22.2,TRADE
NSW1,2009/2/13 20:00,8666.19,22.03,TRADE
NSW1,2009/2/13 20:30,8449.05,22.06,TRADE
NSW1,2009/2/13 21:00,8175.09,22,TRADE
NSW1,2009/2/13 21:30,8312.84,21.83,TRADE
NSW1,2009/2/13 22:00,8217.59,20.53,TRADE
NSW1,2009/2/13 22:30,8250.67,22.58,TRADE
NSW1,2009/2/13 23:00,8174.56,22.73,TRADE
NSW1,2009/2/13 23:30,7973.22,22.03,TRADE
NSW1,2009/2/14 0:00,7846.86,20.97,TRADE
NSW1,2009/2/14 0:30,7644.99,21.71,TRADE
NSW1,2009/2/14 1:00,7373.73,20.11,TRADE
NSW1,2009/2/14 1:30,7087.44,22.42,TRADE
NSW1,2009/2/14 2:00,6752.82,17.35,TRADE
NSW1,2009/2/14 2:30,6527.71,15.02,TRADE
NSW1,2009/2/14 3:00,6327.44,10.63,TRADE
NSW1,2009/2/14 3:30,6269.94,11.84,TRADE
NSW1,2009/2/14 4:00,6304.09,8.93,TRADE
NSW1,2009/2/14 4:30,6414.32,12.97,TRADE
NSW1,2009/2/14 5:00,6500.94,16.53,TRADE
NSW1,2009/2/14 5:30,6678.67,17,TRADE
NSW1,2009/2/14 6:00,6801.9,17,TRADE
NSW1,2009/2/14 6:30,7067.81,18.63,TRADE
NSW1,2009/2/14 7:00,7521,22.03,TRADE
NSW1,2009/2/14 7:30,7961.09,22.35,TRADE
NSW1,2009/2/14 8:00,8389.03,23.55,TRADE
NSW1,2009/2/14 8:30,8695.07,22.65,TRADE
NSW1,2009/2/14 9:00,8844.86,22.72,TRADE
NSW1,2009/2/14 9:30,8961.99,22.46,TRADE
NSW1,2009/2/14 10:00,8951.79,22.35,TRADE
NSW1,2009/2/14 10:30,8922.49,22.38,TRADE
NSW1,2009/2/14 11:00,8883.86,22.53,TRADE
NSW1,2009/2/14 11:30,8831.86,22.39,TRADE
NSW1,2009/2/14 12:00,8739.44,22,TRADE
NSW1,2009/2/14 12:30,8628.2,21.95,TRADE
NSW1,2009/2/14 13:00,8515.84,22,TRADE
NSW1,2009/2/14 13:30,8424.36,22,TRADE
NSW1,2009/2/14 14:00,8361.48,22,TRADE
NSW1,2009/2/14 14:30,8358.94,22,TRADE
NSW1,2009/2/14 15:00,8377.88,22,TRADE
NSW1,2009/2/14 15:30,8443.19,22,TRADE
NSW1,2009/2/14 16:00,8479.25,22,TRADE
NSW1,2009/2/14 16:30,8429.04,22,TRADE
NSW1,2009/2/14 17:00,8539.96,22.06,TRADE
NSW1,2009/2/14 17:30,8552.54,22,TRADE
NSW1,2009/2/14 18:00,8541.17,22,TRADE
NSW1,2009/2/14 18:30,8435.18,21.99,TRADE
NSW1,2009/2/14 19:00,8382.89,21.97,TRADE
NSW1,2009/2/14 19:30,8353.51,22,TRADE
NSW1,2009/2/14 20:00,8253.05,22,TRADE
NSW1,2009/2/14 20:30,8057.11,21.83,TRADE
NSW1,2009/2/14 21:00,7896.1,20.57,TRADE
NSW1,2009/2/14 21:30,7894.09,20.3,TRADE
NSW1,2009/2/14 22:00,7776.67,18.93,TRADE
NSW1,2009/2/14 22:30,7768.23,19.34,TRADE
NSW1,2009/2/14 23:00,7647.29,18.78,TRADE
NSW1,2009/2/14 23:30,7450.84,21.22,TRADE
NSW1,2009/2/15 0:00,7280.95,20.85,TRADE
NSW1,2009/2/15 0:30,7111.68,18.48,TRADE
NSW1,2009/2/15 1:00,6910.38,16.18,TRADE
NSW1,2009/2/15 1:30,6658.31,20.12,TRADE
NSW1,2009/2/15 2:00,6443.88,15.38,TRADE
NSW1,2009/2/15 2:30,6286.92,11.89,TRADE
NSW1,2009/2/15 3:00,6174.46,10.2,TRADE
NSW1,2009/2/15 3:30,6113.13,7.47,TRADE
NSW1,2009/2/15 4:00,6105.11,4.87,TRADE
NSW1,2009/2/15 4:30,6125.26,6.23,TRADE
NSW1,2009/2/15 5:00,6197.22,8.49,TRADE
NSW1,2009/2/15 5:30,6350.9,11.42,TRADE
NSW1,2009/2/15 6:00,6402.35,5.01,TRADE
NSW1,2009/2/15 6:30,6618.62,10.47,TRADE
NSW1,2009/2/15 7:00,6931.31,17.41,TRADE
NSW1,2009/2/15 7:30,7329.83,19.57,TRADE
NSW1,2009/2/15 8:00,7717.81,22,TRADE
NSW1,2009/2/15 8:30,8099.09,22.14,TRADE
NSW1,2009/2/15 9:00,8347.81,22.01,TRADE
NSW1,2009/2/15 9:30,8517.47,22,TRADE
NSW1,2009/2/15 10:00,8592.56,22,TRADE
NSW1,2009/2/15 10:30,8615.59,22,TRADE
NSW1,2009/2/15 11:00,8617.07,22,TRADE
NSW1,2009/2/15 11:30,8599.38,23.1,TRADE
NSW1,2009/2/15 12:00,8525.43,22.77,TRADE
NSW1,2009/2/15 12:30,8442.73,23.51,TRADE
NSW1,2009/2/15 13:00,8389.38,23.54,TRADE
NSW1,2009/2/15 13:30,8311.45,22.02,TRADE
NSW1,2009/2/15 14:00,8250.7,21.83,TRADE
NSW1,2009/2/15 14:30,8271.42,22,TRADE
NSW1,2009/2/15 15:00,8286.27,22,TRADE
NSW1,2009/2/15 15:30,8259.26,22,TRADE
NSW1,2009/2/15 16:00,8292.93,22,TRADE
NSW1,2009/2/15 16:30,8275.35,22.93,TRADE
NSW1,2009/2/15 17:00,8397.33,22.77,TRADE
NSW1,2009/2/15 17:30,8437.1,23.36,TRADE
NSW1,2009/2/15 18:00,8451.65,22.83,TRADE
NSW1,2009/2/15 18:30,8397.69,22.21,TRADE
NSW1,2009/2/15 19:00,8437.17,24.23,TRADE
NSW1,2009/2/15 19:30,8554.69,24.57,TRADE
NSW1,2009/2/15 20:00,8467.51,24.79,TRADE
NSW1,2009/2/15 20:30,8271,23.4,TRADE
NSW1,2009/2/15 21:00,7962.98,21.38,TRADE
NSW1,2009/2/15 21:30,7874.09,21.52,TRADE
NSW1,2009/2/15 22:00,7662.94,19.38,TRADE
NSW1,2009/2/15 22:30,7611.16,18.82,TRADE
NSW1,2009/2/15 23:00,7415.84,17.04,TRADE
NSW1,2009/2/15 23:30,7272.45,21.15,TRADE
NSW1,2009/2/16 0:00,7180.75,21.45,TRADE
NSW1,2009/2/16 0:30,7053.32,20.44,TRADE
NSW1,2009/2/16 1:00,6917.74,17.39,TRADE
NSW1,2009/2/16 1:30,6680.76,21.38,TRADE
NSW1,2009/2/16 2:00,6475.11,16.56,TRADE
NSW1,2009/2/16 2:30,6329.67,14.06,TRADE
NSW1,2009/2/16 3:00,6254.32,13.04,TRADE
NSW1,2009/2/16 3:30,6289.98,12.08,TRADE
NSW1,2009/2/16 4:00,6364.02,13.69,TRADE
NSW1,2009/2/16 4:30,6604.75,18.81,TRADE
NSW1,2009/2/16 5:00,6913.23,18.42,TRADE
NSW1,2009/2/16 5:30,7592.55,24.29,TRADE
NSW1,2009/2/16 6:00,8192.84,24,TRADE
NSW1,2009/2/16 6:30,8704.53,25.29,TRADE
NSW1,2009/2/16 7:00,9102.9,28.4,TRADE
NSW1,2009/2/16 7:30,9331.89,26.47,TRADE
NSW1,2009/2/16 8:00,9399.48,27.15,TRADE
NSW1,2009/2/16 8:30,9597.58,31.83,TRADE
NSW1,2009/2/16 9:00,9759.04,33.14,TRADE
NSW1,2009/2/16 9:30,9867.32,33.38,TRADE
NSW1,2009/2/16 10:00,9870.01,33.69,TRADE
NSW1,2009/2/16 10:30,9850.78,38.06,TRADE
NSW1,2009/2/16 11:00,9869.61,37.18,TRADE
NSW1,2009/2/16 11:30,9776.06,35.23,TRADE
NSW1,2009/2/16 12:00,9724.41,32.49,TRADE
NSW1,2009/2/16 12:30,9744.25,35.97,TRADE
NSW1,2009/2/16 13:00,9705.64,33.73,TRADE
NSW1,2009/2/16 13:30,9690.44,32.57,TRADE
NSW1,2009/2/16 14:00,9656.92,33.29,TRADE
NSW1,2009/2/16 14:30,9578.58,30.32,TRADE
NSW1,2009/2/16 15:00,9580.13,33.01,TRADE
NSW1,2009/2/16 15:30,9579.21,32.77,TRADE
NSW1,2009/2/16 16:00,9621.16,33.01,TRADE
NSW1,2009/2/16 16:30,9478.85,29.63,TRADE
NSW1,2009/2/16 17:00,9502.84,30.2,TRADE
NSW1,2009/2/16 17:30,9341.51,25.81,TRADE
NSW1,2009/2/16 18:00,9233.98,24.71,TRADE
NSW1,2009/2/16 18:30,9030.23,24.88,TRADE
NSW1,2009/2/16 19:00,8966.07,24.14,TRADE
NSW1,2009/2/16 19:30,9076.94,24.09,TRADE
NSW1,2009/2/16 20:00,8916.42,23.53,TRADE
NSW1,2009/2/16 20:30,8660.42,22.97,TRADE
NSW1,2009/2/16 21:00,8372.52,21.93,TRADE
NSW1,2009/2/16 21:30,8437.64,21.66,TRADE
NSW1,2009/2/16 22:00,8179.23,20.49,TRADE
NSW1,2009/2/16 22:30,8220.91,22.74,TRADE
NSW1,2009/2/16 23:00,8049.99,21.63,TRADE
NSW1,2009/2/16 23:30,7939.96,22.75,TRADE
NSW1,2009/2/17 0:00,7818.67,22.09,TRADE
NSW1,2009/2/17 0:30,7627.08,21.47,TRADE
NSW1,2009/2/17 1:00,7453.01,19.45,TRADE
NSW1,2009/2/17 1:30,7148.3,18.53,TRADE
NSW1,2009/2/17 2:00,6832.26,14.42,TRADE
NSW1,2009/2/17 2:30,6633.2,11.76,TRADE
NSW1,2009/2/17 3:00,6562.6,12,TRADE
NSW1,2009/2/17 3:30,6550.94,11.96,TRADE
NSW1,2009/2/17 4:00,6539.39,12,TRADE
NSW1,2009/2/17 4:30,6694.42,14.11,TRADE
NSW1,2009/2/17 5:00,7100.71,21.45,TRADE
NSW1,2009/2/17 5:30,7747.09,23.94,TRADE
NSW1,2009/2/17 6:00,8325.98,24.87,TRADE
NSW1,2009/2/17 6:30,8792.82,31.7,TRADE
NSW1,2009/2/17 7:00,9172.53,35.05,TRADE
NSW1,2009/2/17 7:30,9348.72,32.75,TRADE
NSW1,2009/2/17 8:00,9312.26,27.66,TRADE
NSW1,2009/2/17 8:30,9548.62,30.01,TRADE
NSW1,2009/2/17 9:00,9694.49,26.82,TRADE
NSW1,2009/2/17 9:30,9817.19,25.73,TRADE
NSW1,2009/2/17 10:00,9793.11,25.01,TRADE
NSW1,2009/2/17 10:30,9781.81,24.64,TRADE
NSW1,2009/2/17 11:00,9760.7,21.28,TRADE
NSW1,2009/2/17 11:30,9695.91,22,TRADE
NSW1,2009/2/17 12:00,9712.53,23.35,TRADE
NSW1,2009/2/17 12:30,9762.19,24.78,TRADE
NSW1,2009/2/17 13:00,9706.78,22.85,TRADE
NSW1,2009/2/17 13:30,9697.91,23.3,TRADE
NSW1,2009/2/17 14:00,9606.39,22.11,TRADE
NSW1,2009/2/17 14:30,9543.56,22,TRADE
NSW1,2009/2/17 15:00,9560.2,22,TRADE
NSW1,2009/2/17 15:30,9584.06,22.28,TRADE
NSW1,2009/2/17 16:00,9669.82,22.55,TRADE
NSW1,2009/2/17 16:30,9676.94,22.28,TRADE
NSW1,2009/2/17 17:00,9645.33,21.59,TRADE
NSW1,2009/2/17 17:30,9499.14,22.64,TRADE
NSW1,2009/2/17 18:00,9393.01,22,TRADE
NSW1,2009/2/17 18:30,9274.09,24.36,TRADE
NSW1,2009/2/17 19:00,9256.01,27.96,TRADE
NSW1,2009/2/17 19:30,9282.11,26.93,TRADE
NSW1,2009/2/17 20:00,9089,24.6,TRADE
NSW1,2009/2/17 20:30,8821.53,23.47,TRADE
NSW1,2009/2/17 21:00,8540.7,21.98,TRADE
NSW1,2009/2/17 21:30,8586.36,22.11,TRADE
NSW1,2009/2/17 22:00,8370.93,21.19,TRADE
NSW1,2009/2/17 22:30,8344.92,23.15,TRADE
NSW1,2009/2/17 23:00,8192.87,21.27,TRADE
NSW1,2009/2/17 23:30,8045.82,22.4,TRADE
NSW1,2009/2/18 0:00,7880.65,19.52,TRADE
NSW1,2009/2/18 0:30,7613.3,19,TRADE
NSW1,2009/2/18 1:00,7420.7,15.83,TRADE
NSW1,2009/2/18 1:30,7110.55,15.09,TRADE
NSW1,2009/2/18 2:00,6837.62,12.2,TRADE
NSW1,2009/2/18 2:30,6620.61,11.29,TRADE
NSW1,2009/2/18 3:00,6531.46,10.49,TRADE
NSW1,2009/2/18 3:30,6505.21,9.87,TRADE
NSW1,2009/2/18 4:00,6623.38,10.86,TRADE
NSW1,2009/2/18 4:30,6794.33,11.84,TRADE
NSW1,2009/2/18 5:00,7095.4,15.82,TRADE
NSW1,2009/2/18 5:30,7767.16,24.53,TRADE
NSW1,2009/2/18 6:00,8392.87,29.45,TRADE
NSW1,2009/2/18 6:30,8839.64,34.74,TRADE
NSW1,2009/2/18 7:00,9315.9,36.21,TRADE
NSW1,2009/2/18 7:30,9470.22,31.01,TRADE
NSW1,2009/2/18 8:00,9525.66,28.81,TRADE
NSW1,2009/2/18 8:30,9734.33,35.71,TRADE
NSW1,2009/2/18 9:00,9881.6,39.27,TRADE
NSW1,2009/2/18 9:30,9949.07,38.77,TRADE
NSW1,2009/2/18 10:00,10033.16,39.79,TRADE
NSW1,2009/2/18 10:30,10040.43,38.49,TRADE
NSW1,2009/2/18 11:00,10033.3,31.33,TRADE
NSW1,2009/2/18 11:30,9978.16,22.66,TRADE
NSW1,2009/2/18 12:00,10006.24,22.31,TRADE
NSW1,2009/2/18 12:30,10063.58,23.37,TRADE
NSW1,2009/2/18 13:00,10091.74,24.31,TRADE
NSW1,2009/2/18 13:30,10100.36,27.51,TRADE
NSW1,2009/2/18 14:00,10072.83,28.1,TRADE
NSW1,2009/2/18 14:30,10047.49,29.34,TRADE
NSW1,2009/2/18 15:00,10087.18,27.81,TRADE
NSW1,2009/2/18 15:30,10103.99,28.12,TRADE
NSW1,2009/2/18 16:00,10084.67,28.56,TRADE
NSW1,2009/2/18 16:30,10054.57,27.91,TRADE
NSW1,2009/2/18 17:00,9949.35,32.77,TRADE
NSW1,2009/2/18 17:30,9699.06,25.3,TRADE
NSW1,2009/2/18 18:00,9524.74,22.56,TRADE
NSW1,2009/2/18 18:30,9305.1,22.28,TRADE
NSW1,2009/2/18 19:00,9289.46,22.67,TRADE
NSW1,2009/2/18 19:30,9416.4,25.43,TRADE
NSW1,2009/2/18 20:00,9318.41,29.07,TRADE
NSW1,2009/2/18 20:30,9046.44,25.42,TRADE
NSW1,2009/2/18 21:00,8745.65,22.22,TRADE
NSW1,2009/2/18 21:30,8772.32,22.35,TRADE
NSW1,2009/2/18 22:00,8527.96,21.44,TRADE
NSW1,2009/2/18 22:30,8486.76,21.87,TRADE
NSW1,2009/2/18 23:00,8338.47,21.25,TRADE
NSW1,2009/2/18 23:30,8134.49,22.35,TRADE
NSW1,2009/2/19 0:00,7969.93,20.84,TRADE
NSW1,2009/2/19 0:30,7750.75,22.72,TRADE
NSW1,2009/2/19 1:00,7494.82,19.84,TRADE
NSW1,2009/2/19 1:30,7187.5,20.06,TRADE
NSW1,2009/2/19 2:00,6911.47,19,TRADE
NSW1,2009/2/19 2:30,6720.7,17.04,TRADE
NSW1,2009/2/19 3:00,6627.64,15.04,TRADE
NSW1,2009/2/19 3:30,6599.78,13.52,TRADE
NSW1,2009/2/19 4:00,6612.48,14.72,TRADE
NSW1,2009/2/19 4:30,6798.09,18.5,TRADE
NSW1,2009/2/19 5:00,7100.5,22.13,TRADE
NSW1,2009/2/19 5:30,7785.15,24.12,TRADE
NSW1,2009/2/19 6:00,8333.76,28.25,TRADE
NSW1,2009/2/19 6:30,8734.17,33.4,TRADE
NSW1,2009/2/19 7:00,9193.56,38.27,TRADE
NSW1,2009/2/19 7:30,9402.3,33.87,TRADE
NSW1,2009/2/19 8:00,9587.12,33.16,TRADE
NSW1,2009/2/19 8:30,9897.44,35.42,TRADE
NSW1,2009/2/19 9:00,10091.22,34.84,TRADE
NSW1,2009/2/19 9:30,10204.07,37.33,TRADE
NSW1,2009/2/19 10:00,10242.76,34.55,TRADE
NSW1,2009/2/19 10:30,10341.34,38.16,TRADE
NSW1,2009/2/19 11:00,10439.86,35.04,TRADE
NSW1,2009/2/19 11:30,10512.09,34.25,TRADE
NSW1,2009/2/19 12:00,10576.14,32.88,TRADE
NSW1,2009/2/19 12:30,10660.39,36.72,TRADE
NSW1,2009/2/19 13:00,10660.48,41,TRADE
NSW1,2009/2/19 13:30,10815.44,45.11,TRADE
NSW1,2009/2/19 14:00,10848.83,44.53,TRADE
NSW1,2009/2/19 14:30,10817.05,38.64,TRADE
NSW1,2009/2/19 15:00,10913.23,40.67,TRADE
NSW1,2009/2/19 15:30,10963.66,41.33,TRADE
NSW1,2009/2/19 16:00,10977.55,40.67,TRADE
NSW1,2009/2/19 16:30,10900.55,42.06,TRADE
NSW1,2009/2/19 17:00,10871.97,44.81,TRADE
NSW1,2009/2/19 17:30,10587.08,41.95,TRADE
NSW1,2009/2/19 18:00,10411.09,37.78,TRADE
NSW1,2009/2/19 18:30,10090.52,29.77,TRADE
NSW1,2009/2/19 19:00,9923.13,24.07,TRADE
NSW1,2009/2/19 19:30,10003.95,26.38,TRADE
NSW1,2009/2/19 20:00,9842.74,31.45,TRADE
NSW1,2009/2/19 20:30,9401.95,25.09,TRADE
NSW1,2009/2/19 21:00,8981.59,22.05,TRADE
NSW1,2009/2/19 21:30,8913.54,22.45,TRADE
NSW1,2009/2/19 22:00,8638.11,21.25,TRADE
NSW1,2009/2/19 22:30,8529.77,25.06,TRADE
NSW1,2009/2/19 23:00,8336.69,22.29,TRADE
NSW1,2009/2/19 23:30,8117.38,22.88,TRADE
NSW1,2009/2/20 0:00,7922.71,20.09,TRADE
NSW1,2009/2/20 0:30,7727.49,21.78,TRADE
NSW1,2009/2/20 1:00,7508.94,20.17,TRADE
NSW1,2009/2/20 1:30,7157.46,21.34,TRADE
NSW1,2009/2/20 2:00,6893.1,20.24,TRADE
NSW1,2009/2/20 2:30,6721.79,18.33,TRADE
NSW1,2009/2/20 3:00,6634.15,17.87,TRADE
NSW1,2009/2/20 3:30,6634.32,17.47,TRADE
NSW1,2009/2/20 4:00,6686.76,18.64,TRADE
NSW1,2009/2/20 4:30,6884.94,21.23,TRADE
NSW1,2009/2/20 5:00,7191.13,22.03,TRADE
NSW1,2009/2/20 5:30,7852.77,24.59,TRADE
NSW1,2009/2/20 6:00,8390.51,28.46,TRADE
NSW1,2009/2/20 6:30,8788.53,31.72,TRADE
NSW1,2009/2/20 7:00,9199.52,32.31,TRADE
NSW1,2009/2/20 7:30,9479.55,26.37,TRADE
NSW1,2009/2/20 8:00,9684.18,25.8,TRADE
NSW1,2009/2/20 8:30,9966.12,31.63,TRADE
NSW1,2009/2/20 9:00,10142.5,32.87,TRADE
NSW1,2009/2/20 9:30,10315.18,33.42,TRADE
NSW1,2009/2/20 10:00,10431.04,34.61,TRADE
NSW1,2009/2/20 10:30,10544.02,36,TRADE
NSW1,2009/2/20 11:00,10609.89,37.7,TRADE
NSW1,2009/2/20 11:30,10686.98,34.66,TRADE
NSW1,2009/2/20 12:00,10713.65,33.1,TRADE
NSW1,2009/2/20 12:30,10809.58,34.9,TRADE
NSW1,2009/2/20 13:00,10885.09,39.08,TRADE
NSW1,2009/2/20 13:30,10965.7,41.28,TRADE
NSW1,2009/2/20 14:00,10999.89,35.85,TRADE
NSW1,2009/2/20 14:30,10972.93,32.38,TRADE
NSW1,2009/2/20 15:00,11073.32,33.59,TRADE
NSW1,2009/2/20 15:30,11135.64,33.16,TRADE
NSW1,2009/2/20 16:00,11034.45,26.1,TRADE
NSW1,2009/2/20 16:30,10779.32,27.06,TRADE
NSW1,2009/2/20 17:00,10504.22,26.41,TRADE
NSW1,2009/2/20 17:30,10097.95,24.88,TRADE
NSW1,2009/2/20 18:00,9821.54,25.39,TRADE
NSW1,2009/2/20 18:30,9548.96,26.67,TRADE
NSW1,2009/2/20 19:00,9495.67,26.06,TRADE
NSW1,2009/2/20 19:30,9563.08,32.33,TRADE
NSW1,2009/2/20 20:00,9429.91,30.72,TRADE
NSW1,2009/2/20 20:30,9164.42,25.19,TRADE
NSW1,2009/2/20 21:00,8873.66,21.85,TRADE
NSW1,2009/2/20 21:30,8898.76,21.66,TRADE
NSW1,2009/2/20 22:00,8716.6,21.06,TRADE
NSW1,2009/2/20 22:30,8684.1,25.83,TRADE
NSW1,2009/2/20 23:00,8540.6,21.64,TRADE
NSW1,2009/2/20 23:30,8349.01,21.91,TRADE
NSW1,2009/2/21 0:00,8113.42,21.05,TRADE
NSW1,2009/2/21 0:30,7841.31,21.38,TRADE
NSW1,2009/2/21 1:00,7560.26,19.67,TRADE
NSW1,2009/2/21 1:30,7247.34,25.3,TRADE
NSW1,2009/2/21 2:00,6941.35,18.96,TRADE
NSW1,2009/2/21 2:30,6724.74,14.54,TRADE
NSW1,2009/2/21 3:00,6586.79,14.13,TRADE
NSW1,2009/2/21 3:30,6547.89,13.15,TRADE
NSW1,2009/2/21 4:00,6554.54,12.13,TRADE
NSW1,2009/2/21 4:30,6638.63,19.75,TRADE
NSW1,2009/2/21 5:00,6742.2,21.06,TRADE
NSW1,2009/2/21 5:30,6957.47,21.9,TRADE
NSW1,2009/2/21 6:00,7138.04,21.97,TRADE
NSW1,2009/2/21 6:30,7422.95,21.46,TRADE
NSW1,2009/2/21 7:00,7819.32,21.93,TRADE
NSW1,2009/2/21 7:30,8236.56,22,TRADE
NSW1,2009/2/21 8:00,8587.81,23.71,TRADE
NSW1,2009/2/21 8:30,8982.56,30.65,TRADE
NSW1,2009/2/21 9:00,9078.61,31.41,TRADE
NSW1,2009/2/21 9:30,9257.55,24.13,TRADE
NSW1,2009/2/21 10:00,9246.7,23.14,TRADE
NSW1,2009/2/21 10:30,9262.2,23.87,TRADE
NSW1,2009/2/21 11:00,9283.27,24.19,TRADE
NSW1,2009/2/21 11:30,9251.62,23.8,TRADE
NSW1,2009/2/21 12:00,9135.59,22.77,TRADE
NSW1,2009/2/21 12:30,9115.64,23.1,TRADE
NSW1,2009/2/21 13:00,9057.19,22.63,TRADE
NSW1,2009/2/21 13:30,9010.64,22.44,TRADE
NSW1,2009/2/21 14:00,8979.12,23.09,TRADE
NSW1,2009/2/21 14:30,8964.12,23.24,TRADE
NSW1,2009/2/21 15:00,8941.1,23.74,TRADE
NSW1,2009/2/21 15:30,8975.83,24.84,TRADE
NSW1,2009/2/21 16:00,8956.7,25.85,TRADE
NSW1,2009/2/21 16:30,8796.15,23.24,TRADE
NSW1,2009/2/21 17:00,8822.23,22.52,TRADE
NSW1,2009/2/21 17:30,8753.25,22,TRADE
NSW1,2009/2/21 18:00,8639.77,21.97,TRADE
NSW1,2009/2/21 18:30,8542.74,23.56,TRADE
NSW1,2009/2/21 19:00,8528.39,22.63,TRADE
NSW1,2009/2/21 19:30,8604.46,26.34,TRADE
NSW1,2009/2/21 20:00,8494.01,24.2,TRADE
NSW1,2009/2/21 20:30,8299.28,22,TRADE
NSW1,2009/2/21 21:00,8088.86,21.67,TRADE
NSW1,2009/2/21 21:30,8058.79,22,TRADE
NSW1,2009/2/21 22:00,7921.83,21.26,TRADE
NSW1,2009/2/21 22:30,7952.94,23.24,TRADE
NSW1,2009/2/21 23:00,7754.33,21.57,TRADE
NSW1,2009/2/21 23:30,7521.16,21.24,TRADE
NSW1,2009/2/22 0:00,7367.75,16.71,TRADE
NSW1,2009/2/22 0:30,7172.99,15.49,TRADE
NSW1,2009/2/22 1:00,6995.59,14.7,TRADE
NSW1,2009/2/22 1:30,6748.52,25.15,TRADE
NSW1,2009/2/22 2:00,6505.86,17.97,TRADE
NSW1,2009/2/22 2:30,6355.73,13.15,TRADE
NSW1,2009/2/22 3:00,6281.77,12.19,TRADE
NSW1,2009/2/22 3:30,6241.95,11.89,TRADE
NSW1,2009/2/22 4:00,6226.88,11.74,TRADE
NSW1,2009/2/22 4:30,6288.91,13.01,TRADE
NSW1,2009/2/22 5:00,6329.84,12.34,TRADE
NSW1,2009/2/22 5:30,6467.93,15.84,TRADE
NSW1,2009/2/22 6:00,6517.52,12.37,TRADE
NSW1,2009/2/22 6:30,6707.53,13.47,TRADE
NSW1,2009/2/22 7:00,7015.68,17.39,TRADE
NSW1,2009/2/22 7:30,7430.82,18.9,TRADE
NSW1,2009/2/22 8:00,7787.33,21.67,TRADE
NSW1,2009/2/22 8:30,8104.43,22,TRADE
NSW1,2009/2/22 9:00,8360.89,22,TRADE
NSW1,2009/2/22 9:30,8527.87,21.76,TRADE
NSW1,2009/2/22 10:00,8595.15,21.69,TRADE
NSW1,2009/2/22 10:30,8622.28,22.2,TRADE
NSW1,2009/2/22 11:00,8624.66,22,TRADE
NSW1,2009/2/22 11:30,8601.55,21.83,TRADE
NSW1,2009/2/22 12:00,8653.88,22,TRADE
NSW1,2009/2/22 12:30,8637.49,22,TRADE
NSW1,2009/2/22 13:00,8600.95,22,TRADE
NSW1,2009/2/22 13:30,8552.64,23.81,TRADE
NSW1,2009/2/22 14:00,8569.73,22.41,TRADE
NSW1,2009/2/22 14:30,8639.17,22,TRADE
NSW1,2009/2/22 15:00,8695.56,22.6,TRADE
NSW1,2009/2/22 15:30,8724.38,24.58,TRADE
NSW1,2009/2/22 16:00,8771.35,25.31,TRADE
NSW1,2009/2/22 16:30,8755.68,25.86,TRADE
NSW1,2009/2/22 17:00,8830.7,31.59,TRADE
NSW1,2009/2/22 17:30,8858.14,29.75,TRADE
NSW1,2009/2/22 18:00,8803.66,28.16,TRADE
NSW1,2009/2/22 18:30,8729.01,26.96,TRADE
NSW1,2009/2/22 19:00,8765.7,28.14,TRADE
NSW1,2009/2/22 19:30,8938.57,31.6,TRADE
NSW1,2009/2/22 20:00,8821.15,31.03,TRADE
NSW1,2009/2/22 20:30,8593.54,27.66,TRADE
NSW1,2009/2/22 21:00,8342.21,21.88,TRADE
NSW1,2009/2/22 21:30,8186.64,21.66,TRADE
NSW1,2009/2/22 22:00,7982.87,20.74,TRADE
NSW1,2009/2/22 22:30,7833.5,22.7,TRADE
NSW1,2009/2/22 23:00,7593.75,20.79,TRADE
NSW1,2009/2/22 23:30,7392.58,20.73,TRADE
NSW1,2009/2/23 0:00,7268.83,19,TRADE
NSW1,2009/2/23 0:30,7136.99,18.51,TRADE
NSW1,2009/2/23 1:00,6986.13,17.71,TRADE
NSW1,2009/2/23 1:30,6713.92,16.83,TRADE
NSW1,2009/2/23 2:00,6533.61,14.64,TRADE
NSW1,2009/2/23 2:30,6407.64,12.6,TRADE
NSW1,2009/2/23 3:00,6386.12,12,TRADE
NSW1,2009/2/23 3:30,6396.11,12,TRADE
NSW1,2009/2/23 4:00,6469.46,12,TRADE
NSW1,2009/2/23 4:30,6728.89,15.31,TRADE
NSW1,2009/2/23 5:00,7019.34,16.71,TRADE
NSW1,2009/2/23 5:30,7694.8,20.36,TRADE
NSW1,2009/2/23 6:00,8301.76,22.51,TRADE
NSW1,2009/2/23 6:30,8835.39,24.38,TRADE
NSW1,2009/2/23 7:00,9219.89,26.77,TRADE
NSW1,2009/2/23 7:30,9503.64,26.17,TRADE
NSW1,2009/2/23 8:00,9670.62,27.32,TRADE
NSW1,2009/2/23 8:30,10026.54,36.57,TRADE
NSW1,2009/2/23 9:00,10240.61,39.44,TRADE
NSW1,2009/2/23 9:30,10429.67,37.14,TRADE
NSW1,2009/2/23 10:00,10540.68,39.57,TRADE
NSW1,2009/2/23 10:30,10602.22,40.85,TRADE
NSW1,2009/2/23 11:00,10749.85,42.39,TRADE
NSW1,2009/2/23 11:30,10867.81,42.39,TRADE
NSW1,2009/2/23 12:00,10911.64,42.12,TRADE
NSW1,2009/2/23 12:30,11055.29,45.28,TRADE
NSW1,2009/2/23 13:00,11128.27,45.91,TRADE
NSW1,2009/2/23 13:30,11233.8,51.45,TRADE
NSW1,2009/2/23 14:00,11204.79,49.04,TRADE
NSW1,2009/2/23 14:30,11306.76,48.38,TRADE
NSW1,2009/2/23 15:00,11331.5,45.68,TRADE
NSW1,2009/2/23 15:30,11325.08,45.24,TRADE
NSW1,2009/2/23 16:00,11249.99,43.7,TRADE
NSW1,2009/2/23 16:30,11138.51,44.49,TRADE
NSW1,2009/2/23 17:00,10954.11,42.38,TRADE
NSW1,2009/2/23 17:30,10524.07,28.65,TRADE
NSW1,2009/2/23 18:00,10215.62,27.05,TRADE
NSW1,2009/2/23 18:30,10000.31,26.16,TRADE
NSW1,2009/2/23 19:00,9954.86,25.43,TRADE
NSW1,2009/2/23 19:30,9873.15,23.55,TRADE
NSW1,2009/2/23 20:00,9630.37,22.32,TRADE
NSW1,2009/2/23 20:30,9213.07,21.95,TRADE
NSW1,2009/2/23 21:00,8861.6,21.26,TRADE
NSW1,2009/2/23 21:30,8807.09,21.76,TRADE
NSW1,2009/2/23 22:00,8562.61,21.33,TRADE
NSW1,2009/2/23 22:30,8525.05,21.84,TRADE
NSW1,2009/2/23 23:00,8326.17,21.54,TRADE
NSW1,2009/2/23 23:30,8156.39,22.06,TRADE
NSW1,2009/2/24 0:00,7914.74,20.55,TRADE
NSW1,2009/2/24 0:30,7735.3,19.23,TRADE
NSW1,2009/2/24 1:00,7472.18,18.28,TRADE
NSW1,2009/2/24 1:30,7150.9,18.01,TRADE
NSW1,2009/2/24 2:00,6870.75,16.17,TRADE
NSW1,2009/2/24 2:30,6694.13,12.28,TRADE
NSW1,2009/2/24 3:00,6613.21,11.73,TRADE
NSW1,2009/2/24 3:30,6600.5,12.66,TRADE
NSW1,2009/2/24 4:00,6612.39,15.88,TRADE
NSW1,2009/2/24 4:30,6849.29,16.91,TRADE
NSW1,2009/2/24 5:00,7181.46,17.21,TRADE
NSW1,2009/2/24 5:30,7848.05,21.62,TRADE
NSW1,2009/2/24 6:00,8467.2,22.28,TRADE
NSW1,2009/2/24 6:30,8916.32,24.79,TRADE
NSW1,2009/2/24 7:00,9343.14,28.16,TRADE
NSW1,2009/2/24 7:30,9583.58,25.62,TRADE
NSW1,2009/2/24 8:00,9810.55,26.44,TRADE
NSW1,2009/2/24 8:30,10167.6,29.95,TRADE
NSW1,2009/2/24 9:00,10386.62,31.53,TRADE
NSW1,2009/2/24 9:30,10567.8,31.94,TRADE
NSW1,2009/2/24 10:00,10758.76,35.44,TRADE
NSW1,2009/2/24 10:30,10854.79,38.05,TRADE
NSW1,2009/2/24 11:00,10986.52,40.29,TRADE
NSW1,2009/2/24 11:30,11076.96,40.23,TRADE
NSW1,2009/2/24 12:00,11126.44,39,TRADE
NSW1,2009/2/24 12:30,11263.78,45.67,TRADE
NSW1,2009/2/24 13:00,11337.03,47.53,TRADE
NSW1,2009/2/24 13:30,11402.89,45.58,TRADE
NSW1,2009/2/24 14:00,11426.58,46.01,TRADE
NSW1,2009/2/24 14:30,11424.71,42.55,TRADE
NSW1,2009/2/24 15:00,11505.71,47.35,TRADE
NSW1,2009/2/24 15:30,11510.49,49.25,TRADE
NSW1,2009/2/24 16:00,11464.84,46.4,TRADE
NSW1,2009/2/24 16:30,11285.64,38.52,TRADE
NSW1,2009/2/24 17:00,11066.89,36.49,TRADE
NSW1,2009/2/24 17:30,10597.15,28.49,TRADE
NSW1,2009/2/24 18:00,10278.57,26.59,TRADE
NSW1,2009/2/24 18:30,9985.49,25.31,TRADE
NSW1,2009/2/24 19:00,9883.33,25.79,TRADE
NSW1,2009/2/24 19:30,9941.76,25.85,TRADE
NSW1,2009/2/24 20:00,9694.06,25.38,TRADE
NSW1,2009/2/24 20:30,9358.31,24.52,TRADE
NSW1,2009/2/24 21:00,9013.9,22.33,TRADE
NSW1,2009/2/24 21:30,8979.11,22.78,TRADE
NSW1,2009/2/24 22:00,8623.85,21.15,TRADE
NSW1,2009/2/24 22:30,8519.95,24.55,TRADE
NSW1,2009/2/24 23:00,8297.05,23.54,TRADE
NSW1,2009/2/24 23:30,8090.03,21.84,TRADE
NSW1,2009/2/25 0:00,7889.82,21.94,TRADE
NSW1,2009/2/25 0:30,7674.69,21.47,TRADE
NSW1,2009/2/25 1:00,7456.48,19.1,TRADE
NSW1,2009/2/25 1:30,7129.68,18.77,TRADE
NSW1,2009/2/25 2:00,6843.01,16.76,TRADE
NSW1,2009/2/25 2:30,6666.35,14.26,TRADE
NSW1,2009/2/25 3:00,6618.78,11.33,TRADE
NSW1,2009/2/25 3:30,6611.37,14.02,TRADE
NSW1,2009/2/25 4:00,6711.91,11.15,TRADE
NSW1,2009/2/25 4:30,6918.92,15.45,TRADE
NSW1,2009/2/25 5:00,7231.28,19.02,TRADE
NSW1,2009/2/25 5:30,7883.81,22.13,TRADE
NSW1,2009/2/25 6:00,8530.24,23.57,TRADE
NSW1,2009/2/25 6:30,8949.84,25.48,TRADE
NSW1,2009/2/25 7:00,9387.31,29.96,TRADE
NSW1,2009/2/25 7:30,9588.91,28.33,TRADE
NSW1,2009/2/25 8:00,9711.67,26.78,TRADE
NSW1,2009/2/25 8:30,10026.58,29.79,TRADE
NSW1,2009/2/25 9:00,10185.87,26.74,TRADE
NSW1,2009/2/25 9:30,10296.42,30.33,TRADE
NSW1,2009/2/25 10:00,10403.63,33.53,TRADE
NSW1,2009/2/25 10:30,10471.97,32.57,TRADE
NSW1,2009/2/25 11:00,10561.61,35.12,TRADE
NSW1,2009/2/25 11:30,10607.78,33.81,TRADE
NSW1,2009/2/25 12:00,10630.64,35.37,TRADE
NSW1,2009/2/25 12:30,10724.88,39.46,TRADE
NSW1,2009/2/25 13:00,10797.25,37.98,TRADE
NSW1,2009/2/25 13:30,10875.26,38.25,TRADE
NSW1,2009/2/25 14:00,10905.73,40.26,TRADE
NSW1,2009/2/25 14:30,10920.96,38.28,TRADE
NSW1,2009/2/25 15:00,10911.5,35.05,TRADE
NSW1,2009/2/25 15:30,10922.05,35.23,TRADE
NSW1,2009/2/25 16:00,10883.28,34.97,TRADE
NSW1,2009/2/25 16:30,10698.95,33.67,TRADE
NSW1,2009/2/25 17:00,10462.94,32.22,TRADE
NSW1,2009/2/25 17:30,10079.48,26.43,TRADE
NSW1,2009/2/25 18:00,9892.18,25.61,TRADE
NSW1,2009/2/25 18:30,9677.71,25.71,TRADE
NSW1,2009/2/25 19:00,9679.62,25.67,TRADE
NSW1,2009/2/25 19:30,9639.94,25.57,TRADE
NSW1,2009/2/25 20:00,9422.95,24.65,TRADE
NSW1,2009/2/25 20:30,9085.47,22.56,TRADE
NSW1,2009/2/25 21:00,8719.38,21.74,TRADE
NSW1,2009/2/25 21:30,8666.18,21.98,TRADE
NSW1,2009/2/25 22:00,8424.4,21.16,TRADE
NSW1,2009/2/25 22:30,8344.08,23,TRADE
NSW1,2009/2/25 23:00,8176.69,22.18,TRADE
NSW1,2009/2/25 23:30,7960.01,21.97,TRADE
NSW1,2009/2/26 0:00,7766.7,21.1,TRADE
NSW1,2009/2/26 0:30,7535.81,21.72,TRADE
NSW1,2009/2/26 1:00,7318.65,19.66,TRADE
NSW1,2009/2/26 1:30,6951.36,19.01,TRADE
NSW1,2009/2/26 2:00,6695.52,17.66,TRADE
NSW1,2009/2/26 2:30,6495.14,15.99,TRADE
NSW1,2009/2/26 3:00,6421.61,14.82,TRADE
NSW1,2009/2/26 3:30,6451.55,15.43,TRADE
NSW1,2009/2/26 4:00,6509.24,16.15,TRADE
NSW1,2009/2/26 4:30,6728.01,17.66,TRADE
NSW1,2009/2/26 5:00,7086.01,22.88,TRADE
NSW1,2009/2/26 5:30,7747.02,22.39,TRADE
NSW1,2009/2/26 6:00,8344.04,22.5,TRADE
NSW1,2009/2/26 6:30,8731.86,24.55,TRADE
NSW1,2009/2/26 7:00,9142.32,26.42,TRADE
NSW1,2009/2/26 7:30,9315.92,26.7,TRADE
NSW1,2009/2/26 8:00,9507.42,34.54,TRADE
NSW1,2009/2/26 8:30,9741.94,29.82,TRADE
NSW1,2009/2/26 9:00,9857.12,29.83,TRADE
NSW1,2009/2/26 9:30,9963.52,35.28,TRADE
NSW1,2009/2/26 10:00,10038.99,30.36,TRADE
NSW1,2009/2/26 10:30,10061.1,33.25,TRADE
NSW1,2009/2/26 11:00,10100.55,38.49,TRADE
NSW1,2009/2/26 11:30,10070.13,38.42,TRADE
NSW1,2009/2/26 12:00,10079.61,37.67,TRADE
NSW1,2009/2/26 12:30,10101.33,39.03,TRADE
NSW1,2009/2/26 13:00,10027.15,38.92,TRADE
NSW1,2009/2/26 13:30,10092.52,60.05,TRADE
NSW1,2009/2/26 14:00,10024.18,41.28,TRADE
NSW1,2009/2/26 14:30,10001.86,40.06,TRADE
NSW1,2009/2/26 15:00,10105.34,41.48,TRADE
NSW1,2009/2/26 15:30,10081.59,41.76,TRADE
NSW1,2009/2/26 16:00,10086.28,33.68,TRADE
NSW1,2009/2/26 16:30,9996.26,32.32,TRADE
NSW1,2009/2/26 17:00,9946.12,40.3,TRADE
NSW1,2009/2/26 17:30,9703.4,31,TRADE
NSW1,2009/2/26 18:00,9571.45,29.5,TRADE
NSW1,2009/2/26 18:30,9399.26,30.73,TRADE
NSW1,2009/2/26 19:00,9468.15,33.04,TRADE
NSW1,2009/2/26 19:30,9553.7,32.43,TRADE
NSW1,2009/2/26 20:00,9373.12,31.97,TRADE
NSW1,2009/2/26 20:30,8988.37,29.56,TRADE
NSW1,2009/2/26 21:00,8658.62,25.19,TRADE
NSW1,2009/2/26 21:30,8642.95,21.7,TRADE
NSW1,2009/2/26 22:00,8388.1,20.67,TRADE
NSW1,2009/2/26 22:30,8373.87,21.38,TRADE
NSW1,2009/2/26 23:00,8247.15,20.95,TRADE
NSW1,2009/2/26 23:30,8035.7,20.52,TRADE
NSW1,2009/2/27 0:00,7836.53,18.15,TRADE
NSW1,2009/2/27 0:30,7681.42,20.37,TRADE
NSW1,2009/2/27 1:00,7392.41,18.36,TRADE
NSW1,2009/2/27 1:30,7066.45,17.83,TRADE
NSW1,2009/2/27 2:00,6780.83,14.17,TRADE
NSW1,2009/2/27 2:30,6581.52,11.56,TRADE
NSW1,2009/2/27 3:00,6528.48,11.94,TRADE
NSW1,2009/2/27 3:30,6537.09,12,TRADE
NSW1,2009/2/27 4:00,6578.76,11.59,TRADE
NSW1,2009/2/27 4:30,6780.18,13.5,TRADE
NSW1,2009/2/27 5:00,7101.12,17.47,TRADE
NSW1,2009/2/27 5:30,7686.68,22.71,TRADE
NSW1,2009/2/27 6:00,8244.56,22.46,TRADE
NSW1,2009/2/27 6:30,8672.72,25.11,TRADE
NSW1,2009/2/27 7:00,8955.79,25.22,TRADE
NSW1,2009/2/27 7:30,9289.25,25.16,TRADE
NSW1,2009/2/27 8:00,9386.75,25.25,TRADE
NSW1,2009/2/27 8:30,9634.64,28,TRADE
NSW1,2009/2/27 9:00,9835.47,29.62,TRADE
NSW1,2009/2/27 9:30,9928.21,32.22,TRADE
NSW1,2009/2/27 10:00,9954.06,32.88,TRADE
NSW1,2009/2/27 10:30,9984.47,32.82,TRADE
NSW1,2009/2/27 11:00,10011.64,34.68,TRADE
NSW1,2009/2/27 11:30,10031.37,33.83,TRADE
NSW1,2009/2/27 12:00,10030.96,32.79,TRADE
NSW1,2009/2/27 12:30,10020.01,32.15,TRADE
NSW1,2009/2/27 13:00,10091.19,32.75,TRADE
NSW1,2009/2/27 13:30,10131.79,32.2,TRADE
NSW1,2009/2/27 14:00,10089.48,33.6,TRADE
NSW1,2009/2/27 14:30,10097.81,32.14,TRADE
NSW1,2009/2/27 15:00,10146.09,31.2,TRADE
NSW1,2009/2/27 15:30,10159.26,32.5,TRADE
NSW1,2009/2/27 16:00,10083.32,33.15,TRADE
NSW1,2009/2/27 16:30,9940.21,33.15,TRADE
NSW1,2009/2/27 17:00,9743.53,31.38,TRADE
NSW1,2009/2/27 17:30,9394.34,23.84,TRADE
NSW1,2009/2/27 18:00,9228.29,22,TRADE
NSW1,2009/2/27 18:30,9089.49,22,TRADE
NSW1,2009/2/27 19:00,9095.9,22,TRADE
NSW1,2009/2/27 19:30,9123.82,22,TRADE
NSW1,2009/2/27 20:00,8925.78,21.94,TRADE
NSW1,2009/2/27 20:30,8627.29,21.5,TRADE
NSW1,2009/2/27 21:00,8376.01,20.98,TRADE
NSW1,2009/2/27 21:30,8453.63,21.68,TRADE
NSW1,2009/2/27 22:00,8301.11,19.83,TRADE
NSW1,2009/2/27 22:30,8370.97,21.55,TRADE
NSW1,2009/2/27 23:00,8213.77,20.13,TRADE
NSW1,2009/2/27 23:30,7995.74,20.67,TRADE
NSW1,2009/2/28 0:00,7781.93,19.46,TRADE
NSW1,2009/2/28 0:30,7539.51,18.88,TRADE
NSW1,2009/2/28 1:00,7297.63,17.78,TRADE
NSW1,2009/2/28 1:30,7003.86,17.57,TRADE
NSW1,2009/2/28 2:00,6725.62,13.17,TRADE
NSW1,2009/2/28 2:30,6518.59,11.33,TRADE
NSW1,2009/2/28 3:00,6432.16,10.14,TRADE
NSW1,2009/2/28 3:30,6379.63,9.32,TRADE
NSW1,2009/2/28 4:00,6377.68,9.18,TRADE
NSW1,2009/2/28 4:30,6455.73,9.8,TRADE
NSW1,2009/2/28 5:00,6477.94,11.76,TRADE
NSW1,2009/2/28 5:30,6675.27,14.83,TRADE
NSW1,2009/2/28 6:00,6906.19,16.59,TRADE
NSW1,2009/2/28 6:30,7131.84,17,TRADE
NSW1,2009/2/28 7:00,7525.29,19.01,TRADE
NSW1,2009/2/28 7:30,7929.1,21.49,TRADE
NSW1,2009/2/28 8:00,8291.39,22.25,TRADE
NSW1,2009/2/28 8:30,8652.07,22.27,TRADE
NSW1,2009/2/28 9:00,8755.47,22,TRADE
NSW1,2009/2/28 9:30,8861.32,22,TRADE
NSW1,2009/2/28 10:00,8870.64,22,TRADE
NSW1,2009/2/28 10:30,8890.55,22,TRADE
NSW1,2009/2/28 11:00,8902.76,22,TRADE
NSW1,2009/2/28 11:30,8934.14,22,TRADE
NSW1,2009/2/28 12:00,8932.87,22,TRADE
NSW1,2009/2/28 12:30,8914.62,21.95,TRADE
NSW1,2009/2/28 13:00,8995.59,22,TRADE
NSW1,2009/2/28 13:30,9054.91,22,TRADE
NSW1,2009/2/28 14:00,9171.62,22.26,TRADE
NSW1,2009/2/28 14:30,9302.05,22.19,TRADE
NSW1,2009/2/28 15:00,9391.76,22.08,TRADE
NSW1,2009/2/28 15:30,9451.77,22.5,TRADE
NSW1,2009/2/28 16:00,9513.74,25.61,TRADE
NSW1,2009/2/28 16:30,9403.19,26.12,TRADE
NSW1,2009/2/28 17:00,9390.1,22.67,TRADE
NSW1,2009/2/28 17:30,9282.54,22.14,TRADE
NSW1,2009/2/28 18:00,9117.65,21.98,TRADE
NSW1,2009/2/28 18:30,8979.27,21.93,TRADE
NSW1,2009/2/28 19:00,9005.2,22,TRADE
NSW1,2009/2/28 19:30,8989.52,21.99,TRADE
NSW1,2009/2/28 20:00,8860.96,21.97,TRADE
NSW1,2009/2/28 20:30,8622.64,21.5,TRADE
NSW1,2009/2/28 21:00,8409.64,20.97,TRADE
NSW1,2009/2/28 21:30,8415.89,21.13,TRADE
NSW1,2009/2/28 22:00,8254.69,19.68,TRADE
NSW1,2009/2/28 22:30,8191.29,20.67,TRADE
NSW1,2009/2/28 23:00,7952.97,19.8,TRADE
NSW1,2009/2/28 23:30,7711.1,19.7,TRADE
NSW1,2009/3/1 0:00,7509.81,18.75,TRADE
?NSW1,2009/3/1 0:30,7314.54,17.88,TRADE
NSW1,2009/3/1 1:00,7134.55,17.66,TRADE
NSW1,2009/3/1 1:30,6812.03,15.45,TRADE
NSW1,2009/3/1 2:00,6571.59,12.56,TRADE
NSW1,2009/3/1 2:30,6431.59,11.9,TRADE
NSW1,2009/3/1 3:00,6372.99,10.77,TRADE
NSW1,2009/3/1 3:30,6314.86,9.95,TRADE
NSW1,2009/3/1 4:00,6337.18,9.48,TRADE
NSW1,2009/3/1 4:30,6381.69,9.03,TRADE
NSW1,2009/3/1 5:00,6429.45,10.42,TRADE
NSW1,2009/3/1 5:30,6549.74,11.82,TRADE
NSW1,2009/3/1 6:00,6634.12,12,TRADE
NSW1,2009/3/1 6:30,6845.74,12.07,TRADE
NSW1,2009/3/1 7:00,7124.17,13.63,TRADE
NSW1,2009/3/1 7:30,7497.92,16.91,TRADE
NSW1,2009/3/1 8:00,7828.79,17.5,TRADE
NSW1,2009/3/1 8:30,8141.18,20.77,TRADE
NSW1,2009/3/1 9:00,8371.1,21.41,TRADE
NSW1,2009/3/1 9:30,8549.5,21.5,TRADE
NSW1,2009/3/1 10:00,8612.66,21.37,TRADE
NSW1,2009/3/1 10:30,8649.87,21.96,TRADE
NSW1,2009/3/1 11:00,8677.25,22.08,TRADE
NSW1,2009/3/1 11:30,8722.74,21.94,TRADE
NSW1,2009/3/1 12:00,8778.94,22,TRADE
NSW1,2009/3/1 12:30,8800.64,22,TRADE
NSW1,2009/3/1 13:00,8823.36,22,TRADE
NSW1,2009/3/1 13:30,8846.85,22,TRADE
NSW1,2009/3/1 14:00,8901.83,22,TRADE
NSW1,2009/3/1 14:30,8960.67,22,TRADE
NSW1,2009/3/1 15:00,9026.06,22,TRADE
NSW1,2009/3/1 15:30,9025.51,22,TRADE
NSW1,2009/3/1 16:00,9030.95,22,TRADE
NSW1,2009/3/1 16:30,9015.3,22,TRADE
NSW1,2009/3/1 17:00,8951.65,21.88,TRADE
NSW1,2009/3/1 17:30,9054,22,TRADE
NSW1,2009/3/1 18:00,8961.17,21.83,TRADE
NSW1,2009/3/1 18:30,8844.48,21.66,TRADE
NSW1,2009/3/1 19:00,8986.92,22,TRADE
NSW1,2009/3/1 19:30,9101.15,22,TRADE
NSW1,2009/3/1 20:00,8937.66,21.92,TRADE
NSW1,2009/3/1 20:30,8650.99,21.84,TRADE
NSW1,2009/3/1 21:00,8406.88,21.39,TRADE
NSW1,2009/3/1 21:30,8218.63,20.45,TRADE
NSW1,2009/3/1 22:00,7946.03,18.23,TRADE
NSW1,2009/3/1 22:30,7848.7,20,TRADE
NSW1,2009/3/1 23:00,7619.45,18.94,TRADE
NSW1,2009/3/1 23:30,7439.72,18.5,TRADE
NSW1,2009/3/2 0:00,7270.32,17.21,TRADE
NSW1,2009/3/2 0:30,7142.91,17.54,TRADE
NSW1,2009/3/2 1:00,6962.2,14.33,TRADE
NSW1,2009/3/2 1:30,6743.83,13.72,TRADE
NSW1,2009/3/2 2:00,6536.55,12,TRADE
NSW1,2009/3/2 2:30,6455.16,11.53,TRADE
NSW1,2009/3/2 3:00,6408.91,10.54,TRADE
NSW1,2009/3/2 3:30,6487.17,10.41,TRADE
NSW1,2009/3/2 4:00,6525.94,10.62,TRADE
NSW1,2009/3/2 4:30,6761.73,12.24,TRADE
NSW1,2009/3/2 5:00,7070.94,16.42,TRADE
NSW1,2009/3/2 5:30,7721.41,19.51,TRADE
NSW1,2009/3/2 6:00,8310.9,20.63,TRADE
NSW1,2009/3/2 6:30,8796.59,23.75,TRADE
NSW1,2009/3/2 7:00,9285.02,25.1,TRADE
NSW1,2009/3/2 7:30,9580.83,24.83,TRADE
NSW1,2009/3/2 8:00,9629.63,23.33,TRADE
NSW1,2009/3/2 8:30,9883.75,25.47,TRADE
NSW1,2009/3/2 9:00,10154.91,26.8,TRADE
NSW1,2009/3/2 9:30,10267.37,27.25,TRADE
NSW1,2009/3/2 10:00,10320.93,27.96,TRADE
NSW1,2009/3/2 10:30,10397.17,31.09,TRADE
NSW1,2009/3/2 11:00,10423.24,30.25,TRADE
NSW1,2009/3/2 11:30,10478.46,30.76,TRADE
NSW1,2009/3/2 12:00,10526.45,32.26,TRADE
NSW1,2009/3/2 12:30,10569.08,29.75,TRADE
NSW1,2009/3/2 13:00,10601.67,33.31,TRADE
NSW1,2009/3/2 13:30,10633.96,33.14,TRADE
NSW1,2009/3/2 14:00,10663.28,34.05,TRADE
NSW1,2009/3/2 14:30,10497.94,31.22,TRADE
NSW1,2009/3/2 15:00,10691.14,32.67,TRADE
NSW1,2009/3/2 15:30,10694.74,33.04,TRADE
NSW1,2009/3/2 16:00,10712.37,32.45,TRADE
NSW1,2009/3/2 16:30,10652.09,30.75,TRADE
NSW1,2009/3/2 17:00,10485.89,30.89,TRADE
NSW1,2009/3/2 17:30,10109.14,26.28,TRADE
NSW1,2009/3/2 18:00,9926.05,25.54,TRADE
NSW1,2009/3/2 18:30,9659.42,24.23,TRADE
NSW1,2009/3/2 19:00,9696.92,25.62,TRADE
NSW1,2009/3/2 19:30,9766.58,26.02,TRADE
NSW1,2009/3/2 20:00,9460.2,25.38,TRADE
NSW1,2009/3/2 20:30,9153.3,22.06,TRADE
NSW1,2009/3/2 21:00,8775.65,21.12,TRADE
NSW1,2009/3/2 21:30,8754.4,21.25,TRADE
NSW1,2009/3/2 22:00,8512.13,20.38,TRADE
NSW1,2009/3/2 22:30,8388.72,21.11,TRADE
NSW1,2009/3/2 23:00,8248.53,20.73,TRADE
NSW1,2009/3/2 23:30,8073.14,21.3,TRADE
NSW1,2009/3/3 0:00,7891.91,20.77,TRADE
NSW1,2009/3/3 0:30,7721.63,19.88,TRADE
NSW1,2009/3/3 1:00,7459.55,17.3,TRADE
NSW1,2009/3/3 1:30,7128.07,18.49,TRADE
NSW1,2009/3/3 2:00,6873.93,17,TRADE
NSW1,2009/3/3 2:30,6716.96,16.55,TRADE
NSW1,2009/3/3 3:00,6600.93,15.76,TRADE
NSW1,2009/3/3 3:30,6632.15,16.99,TRADE
NSW1,2009/3/3 4:00,6664,16.77,TRADE
NSW1,2009/3/3 4:30,6919.8,17,TRADE
NSW1,2009/3/3 5:00,7225.23,19.56,TRADE
NSW1,2009/3/3 5:30,7878.96,21.59,TRADE
NSW1,2009/3/3 6:00,8497.48,22.63,TRADE
NSW1,2009/3/3 6:30,8923.72,25.25,TRADE
NSW1,2009/3/3 7:00,9378.25,25.89,TRADE
NSW1,2009/3/3 7:30,9644.55,25.85,TRADE
NSW1,2009/3/3 8:00,9839.07,25.85,TRADE
NSW1,2009/3/3 8:30,10101.45,28.37,TRADE
NSW1,2009/3/3 9:00,10229.46,27.07,TRADE
NSW1,2009/3/3 9:30,10397.02,27.51,TRADE
NSW1,2009/3/3 10:00,10513.29,26.61,TRADE
NSW1,2009/3/3 10:30,10541.26,26,TRADE
NSW1,2009/3/3 11:00,10604.05,27.73,TRADE
NSW1,2009/3/3 11:30,10619.12,31.33,TRADE
NSW1,2009/3/3 12:00,10683.73,29.65,TRADE
NSW1,2009/3/3 12:30,10688.85,30.64,TRADE
NSW1,2009/3/3 13:00,10808.1,31.63,TRADE
NSW1,2009/3/3 13:30,10826.28,31.76,TRADE
NSW1,2009/3/3 14:00,10786.86,32.52,TRADE
NSW1,2009/3/3 14:30,10784.45,31.38,TRADE
NSW1,2009/3/3 15:00,10798.96,31.6,TRADE
NSW1,2009/3/3 15:30,10761.06,32.08,TRADE
NSW1,2009/3/3 16:00,10821.67,40.52,TRADE
NSW1,2009/3/3 16:30,10795.3,33.78,TRADE
NSW1,2009/3/3 17:00,10621.08,35.87,TRADE
NSW1,2009/3/3 17:30,10264.15,29.01,TRADE
NSW1,2009/3/3 18:00,10106.44,26.8,TRADE
NSW1,2009/3/3 18:30,9972.28,24.59,TRADE
NSW1,2009/3/3 19:00,9990.77,28.48,TRADE
NSW1,2009/3/3 19:30,9999.83,29.5,TRADE
NSW1,2009/3/3 20:00,9838.7,29.51,TRADE
NSW1,2009/3/3 20:30,9453.75,22.16,TRADE
NSW1,2009/3/3 21:00,9152.16,21.53,TRADE
NSW1,2009/3/3 21:30,9045.79,21.83,TRADE
NSW1,2009/3/3 22:00,8784.11,20.87,TRADE
NSW1,2009/3/3 22:30,8685.03,24.61,TRADE
NSW1,2009/3/3 23:00,8451.66,21.65,TRADE
NSW1,2009/3/3 23:30,8240.14,21.63,TRADE
NSW1,2009/3/4 0:00,8008.34,20.41,TRADE
NSW1,2009/3/4 0:30,7799.79,21.13,TRADE
NSW1,2009/3/4 1:00,7560.01,20.09,TRADE
NSW1,2009/3/4 1:30,7247.24,18.24,TRADE
NSW1,2009/3/4 2:00,6982,17,TRADE
NSW1,2009/3/4 2:30,6743.03,16.57,TRADE
NSW1,2009/3/4 3:00,6665.13,16.2,TRADE
NSW1,2009/3/4 3:30,6650.74,16.85,TRADE
NSW1,2009/3/4 4:00,6726.82,16.93,TRADE
NSW1,2009/3/4 4:30,6960.81,17,TRADE
NSW1,2009/3/4 5:00,7299.56,19.37,TRADE
NSW1,2009/3/4 5:30,7982.03,21.16,TRADE
NSW1,2009/3/4 6:00,8627.76,21.55,TRADE
NSW1,2009/3/4 6:30,9100.26,27.94,TRADE
NSW1,2009/3/4 7:00,9554.2,28.45,TRADE
NSW1,2009/3/4 7:30,9812.16,24.07,TRADE
NSW1,2009/3/4 8:00,9982.75,23.63,TRADE
NSW1,2009/3/4 8:30,10272.56,27.71,TRADE
NSW1,2009/3/4 9:00,10360.49,27.56,TRADE
NSW1,2009/3/4 9:30,10503.89,29.24,TRADE
NSW1,2009/3/4 10:00,10560.89,28.32,TRADE
NSW1,2009/3/4 10:30,10518.92,23.13,TRADE
NSW1,2009/3/4 11:00,10538.84,22.68,TRADE
NSW1,2009/3/4 11:30,10371.22,22,TRADE
NSW1,2009/3/4 12:00,10285.03,22,TRADE
NSW1,2009/3/4 12:30,10263.53,22.01,TRADE
NSW1,2009/3/4 13:00,10189.85,22,TRADE
NSW1,2009/3/4 13:30,10135.06,22,TRADE
NSW1,2009/3/4 14:00,10083.73,22.47,TRADE
NSW1,2009/3/4 14:30,9956.52,21.83,TRADE
NSW1,2009/3/4 15:00,9931.85,24.09,TRADE
NSW1,2009/3/4 15:30,9976.65,22.63,TRADE
NSW1,2009/3/4 16:00,9944.3,21.83,TRADE
NSW1,2009/3/4 16:30,9821.94,21.83,TRADE
NSW1,2009/3/4 17:00,9749.37,21.83,TRADE
NSW1,2009/3/4 17:30,9438.84,21.83,TRADE
NSW1,2009/3/4 18:00,9314.06,21.83,TRADE
NSW1,2009/3/4 18:30,9131.54,21.67,TRADE
NSW1,2009/3/4 19:00,9144.91,22,TRADE
NSW1,2009/3/4 19:30,9264.32,25.68,TRADE
NSW1,2009/3/4 20:00,9107.5,25.15,TRADE
NSW1,2009/3/4 20:30,8854.92,22.52,TRADE
NSW1,2009/3/4 21:00,8498.81,21.66,TRADE
NSW1,2009/3/4 21:30,8491.88,21.81,TRADE
NSW1,2009/3/4 22:00,8267.95,20.6,TRADE
NSW1,2009/3/4 22:30,8211.5,21.49,TRADE
NSW1,2009/3/4 23:00,8079.12,20.65,TRADE
NSW1,2009/3/4 23:30,7874.87,20.36,TRADE
NSW1,2009/3/5 0:00,7689.87,19.05,TRADE
NSW1,2009/3/5 0:30,7521.7,20.05,TRADE
NSW1,2009/3/5 1:00,7265.38,18.83,TRADE
NSW1,2009/3/5 1:30,6932.32,19.79,TRADE
NSW1,2009/3/5 2:00,6667.32,17,TRADE
NSW1,2009/3/5 2:30,6449.27,14.71,TRADE
NSW1,2009/3/5 3:00,6346.5,14.7,TRADE
NSW1,2009/3/5 3:30,6322.3,13.66,TRADE
NSW1,2009/3/5 4:00,6410.78,15.72,TRADE
NSW1,2009/3/5 4:30,6608.9,17.2,TRADE
NSW1,2009/3/5 5:00,6906.66,19.46,TRADE
NSW1,2009/3/5 5:30,7547.34,20.88,TRADE
NSW1,2009/3/5 6:00,8152.76,21.82,TRADE
NSW1,2009/3/5 6:30,8562.49,25.25,TRADE
NSW1,2009/3/5 7:00,8951.16,22,TRADE
NSW1,2009/3/5 7:30,9085.16,22.05,TRADE
NSW1,2009/3/5 8:00,9183.75,22.23,TRADE
NSW1,2009/3/5 8:30,9386.51,23.76,TRADE
NSW1,2009/3/5 9:00,9461.13,23.43,TRADE
NSW1,2009/3/5 9:30,9553.18,22.93,TRADE
NSW1,2009/3/5 10:00,9578.65,22.48,TRADE
NSW1,2009/3/5 10:30,9608.49,23.63,TRADE
NSW1,2009/3/5 11:00,9625.63,24.62,TRADE
NSW1,2009/3/5 11:30,9601.89,25.05,TRADE
NSW1,2009/3/5 12:00,9609.51,25.18,TRADE
NSW1,2009/3/5 12:30,9594.94,25.07,TRADE
NSW1,2009/3/5 13:00,9629.98,25.72,TRADE
NSW1,2009/3/5 13:30,9701.56,26.67,TRADE
NSW1,2009/3/5 14:00,9631.23,26.2,TRADE
NSW1,2009/3/5 14:30,9631.91,23.88,TRADE
NSW1,2009/3/5 15:00,9665.25,26.99,TRADE
NSW1,2009/3/5 15:30,9655.74,26.5,TRADE
NSW1,2009/3/5 16:00,9635.33,26.47,TRADE
NSW1,2009/3/5 16:30,9533.6,26.02,TRADE
NSW1,2009/3/5 17:00,9485.13,25.49,TRADE
NSW1,2009/3/5 17:30,9244.05,22.92,TRADE
NSW1,2009/3/5 18:00,9129.85,22.65,TRADE
NSW1,2009/3/5 18:30,8974.96,22.11,TRADE
NSW1,2009/3/5 19:00,9144.03,22.98,TRADE
NSW1,2009/3/5 19:30,9175.62,25.11,TRADE
NSW1,2009/3/5 20:00,9036.84,22.66,TRADE
NSW1,2009/3/5 20:30,8643.07,21.74,TRADE
NSW1,2009/3/5 21:00,8346.75,21.98,TRADE
NSW1,2009/3/5 21:30,8356.49,21.74,TRADE
NSW1,2009/3/5 22:00,8155.38,20.98,TRADE
NSW1,2009/3/5 22:30,8156.31,21.75,TRADE
NSW1,2009/3/5 23:00,8002.4,20.66,TRADE
NSW1,2009/3/5 23:30,7863.73,21.3,TRADE
NSW1,2009/3/6 0:00,7717.38,20.67,TRADE
NSW1,2009/3/6 0:30,7539.12,17.53,TRADE
NSW1,2009/3/6 1:00,7314.65,17,TRADE
NSW1,2009/3/6 1:30,6959.61,20.35,TRADE
NSW1,2009/3/6 2:00,6665.26,16.87,TRADE
NSW1,2009/3/6 2:30,6474.08,15.01,TRADE
NSW1,2009/3/6 3:00,6396.35,14.95,TRADE
NSW1,2009/3/6 3:30,6371.69,14.85,TRADE
NSW1,2009/3/6 4:00,6414.56,15.39,TRADE
NSW1,2009/3/6 4:30,6633.87,17,TRADE
NSW1,2009/3/6 5:00,6936.7,19.37,TRADE
NSW1,2009/3/6 5:30,7557.27,21.7,TRADE
NSW1,2009/3/6 6:00,8150.2,22.85,TRADE
NSW1,2009/3/6 6:30,8522.74,22.67,TRADE
NSW1,2009/3/6 7:00,8912.24,22,TRADE
NSW1,2009/3/6 7:30,9057.21,22.7,TRADE
NSW1,2009/3/6 8:00,9160.41,23.31,TRADE
NSW1,2009/3/6 8:30,9349.33,22.42,TRADE
NSW1,2009/3/6 9:00,9439.5,23.45,TRADE
NSW1,2009/3/6 9:30,9572.58,28.08,TRADE
NSW1,2009/3/6 10:00,9681.4,28.82,TRADE
NSW1,2009/3/6 10:30,9654.79,25.78,TRADE
NSW1,2009/3/6 11:00,9649.89,26.01,TRADE
NSW1,2009/3/6 11:30,9648.55,25.13,TRADE
NSW1,2009/3/6 12:00,9640.08,24.69,TRADE
NSW1,2009/3/6 12:30,9639.63,25.42,TRADE
NSW1,2009/3/6 13:00,9640.79,26.66,TRADE
NSW1,2009/3/6 13:30,9630.29,25.15,TRADE
NSW1,2009/3/6 14:00,9623.78,25.07,TRADE
NSW1,2009/3/6 14:30,9571.31,24.05,TRADE
NSW1,2009/3/6 15:00,9580.56,24.69,TRADE
NSW1,2009/3/6 15:30,9641.65,26.25,TRADE
NSW1,2009/3/6 16:00,9590.08,26.5,TRADE
NSW1,2009/3/6 16:30,9492.47,26.05,TRADE
NSW1,2009/3/6 17:00,9311.96,25.5,TRADE
NSW1,2009/3/6 17:30,8981.79,21.96,TRADE
NSW1,2009/3/6 18:00,8822.23,21.96,TRADE
NSW1,2009/3/6 18:30,8652.47,22,TRADE
NSW1,2009/3/6 19:00,8786.97,22,TRADE
NSW1,2009/3/6 19:30,8880.29,22,TRADE
NSW1,2009/3/6 20:00,8731.03,21.98,TRADE
NSW1,2009/3/6 20:30,8426.95,21.43,TRADE
NSW1,2009/3/6 21:00,8189.17,20.97,TRADE
NSW1,2009/3/6 21:30,8222.86,20.8,TRADE
NSW1,2009/3/6 22:00,8068.94,19.59,TRADE
NSW1,2009/3/6 22:30,8192.07,19.51,TRADE
NSW1,2009/3/6 23:00,8045.59,18.87,TRADE
NSW1,2009/3/6 23:30,7848.81,19.47,TRADE
NSW1,2009/3/7 0:00,7649.47,18.02,TRADE
NSW1,2009/3/7 0:30,7489.76,16.48,TRADE
NSW1,2009/3/7 1:00,7257.4,16.43,TRADE
NSW1,2009/3/7 1:30,6912.62,23.53,TRADE
NSW1,2009/3/7 2:00,6660.48,16.8,TRADE
NSW1,2009/3/7 2:30,6420.8,12.96,TRADE
NSW1,2009/3/7 3:00,6334.09,11.6,TRADE
NSW1,2009/3/7 3:30,6258.48,9.78,TRADE
NSW1,2009/3/7 4:00,6261.16,9.45,TRADE
NSW1,2009/3/7 4:30,6313.76,10.06,TRADE
NSW1,2009/3/7 5:00,6406.07,11.31,TRADE
NSW1,2009/3/7 5:30,6632.59,15.82,TRADE
NSW1,2009/3/7 6:00,6788.71,15.59,TRADE
NSW1,2009/3/7 6:30,7049.16,14.52,TRADE
NSW1,2009/3/7 7:00,7410.45,18.35,TRADE
NSW1,2009/3/7 7:30,7804.14,21,TRADE
NSW1,2009/3/7 8:00,8145.9,21.6,TRADE
NSW1,2009/3/7 8:30,8510.75,22.91,TRADE
NSW1,2009/3/7 9:00,8610.51,22.45,TRADE
NSW1,2009/3/7 9:30,8745.55,22.01,TRADE
NSW1,2009/3/7 10:00,8725.77,21.99,TRADE
NSW1,2009/3/7 10:30,8752.42,22,TRADE
NSW1,2009/3/7 11:00,8738.98,22.01,TRADE
NSW1,2009/3/7 11:30,8730.6,22,TRADE
NSW1,2009/3/7 12:00,8707.35,22,TRADE
NSW1,2009/3/7 12:30,8746.15,22,TRADE
NSW1,2009/3/7 13:00,8712.71,22,TRADE
NSW1,2009/3/7 13:30,8699.93,22,TRADE
NSW1,2009/3/7 14:00,8696.8,22,TRADE
NSW1,2009/3/7 14:30,8727.19,22,TRADE
NSW1,2009/3/7 15:00,8751.34,22.1,TRADE
NSW1,2009/3/7 15:30,8823.73,22.01,TRADE
NSW1,2009/3/7 16:00,8885.32,22.34,TRADE
NSW1,2009/3/7 16:30,8798.72,22,TRADE
NSW1,2009/3/7 17:00,8801.23,22,TRADE
NSW1,2009/3/7 17:30,8715.09,21.78,TRADE
NSW1,2009/3/7 18:00,8596.39,22,TRADE
NSW1,2009/3/7 18:30,8509.82,22,TRADE
NSW1,2009/3/7 19:00,8609.5,22,TRADE
NSW1,2009/3/7 19:30,8653.68,22,TRADE
NSW1,2009/3/7 20:00,8486.93,22.01,TRADE
NSW1,2009/3/7 20:30,8293.29,21.78,TRADE
NSW1,2009/3/7 21:00,8093.54,20.77,TRADE
NSW1,2009/3/7 21:30,8015.37,20.9,TRADE
NSW1,2009/3/7 22:00,7922.86,20.65,TRADE
NSW1,2009/3/7 22:30,7865.94,21.51,TRADE
NSW1,2009/3/7 23:00,7675.7,21.07,TRADE
NSW1,2009/3/7 23:30,7467.13,21.01,TRADE
NSW1,2009/3/8 0:00,7283.47,20.52,TRADE
NSW1,2009/3/8 0:30,7120.5,17.68,TRADE
NSW1,2009/3/8 1:00,6893.6,17.46,TRADE
NSW1,2009/3/8 1:30,6649.03,17.84,TRADE
NSW1,2009/3/8 2:00,6390.87,15.87,TRADE
NSW1,2009/3/8 2:30,6267.33,12.58,TRADE
NSW1,2009/3/8 3:00,6199.56,12.07,TRADE
NSW1,2009/3/8 3:30,6176.4,12,TRADE
NSW1,2009/3/8 4:00,6123.52,11.81,TRADE
NSW1,2009/3/8 4:30,6193.85,12,TRADE
NSW1,2009/3/8 5:00,6215.9,12.02,TRADE
NSW1,2009/3/8 5:30,6353.87,13.2,TRADE
NSW1,2009/3/8 6:00,6438.22,13.43,TRADE
NSW1,2009/3/8 6:30,6605.61,14.19,TRADE
NSW1,2009/3/8 7:00,6946.32,16.65,TRADE
NSW1,2009/3/8 7:30,7300.17,17,TRADE
NSW1,2009/3/8 8:00,7675.47,17,TRADE
NSW1,2009/3/8 8:30,7948.89,20.14,TRADE
NSW1,2009/3/8 9:00,8169.05,21.23,TRADE
NSW1,2009/3/8 9:30,8335.69,21.14,TRADE
NSW1,2009/3/8 10:00,8413.04,21.44,TRADE
NSW1,2009/3/8 10:30,8410.61,21.98,TRADE
NSW1,2009/3/8 11:00,8452.83,21.88,TRADE
NSW1,2009/3/8 11:30,8452.18,22,TRADE
NSW1,2009/3/8 12:00,8443.45,21.76,TRADE
NSW1,2009/3/8 12:30,8424.95,21.41,TRADE
NSW1,2009/3/8 13:00,8426.88,22,TRADE
NSW1,2009/3/8 13:30,8401.74,21.68,TRADE
NSW1,2009/3/8 14:00,8309.48,21,TRADE
NSW1,2009/3/8 14:30,8295.94,21,TRADE
NSW1,2009/3/8 15:00,8321.73,21.02,TRADE
NSW1,2009/3/8 15:30,8397.27,21.29,TRADE
NSW1,2009/3/8 16:00,8444.08,21.96,TRADE
NSW1,2009/3/8 16:30,8407.73,21.49,TRADE
NSW1,2009/3/8 17:00,8535.16,22,TRADE
NSW1,2009/3/8 17:30,8576.35,22,TRADE
NSW1,2009/3/8 18:00,8541.57,21.98,TRADE
NSW1,2009/3/8 18:30,8470.73,21.21,TRADE
NSW1,2009/3/8 19:00,8624.69,22.43,TRADE
NSW1,2009/3/8 19:30,8604.38,22,TRADE
NSW1,2009/3/8 20:00,8432.07,21.47,TRADE
NSW1,2009/3/8 20:30,8193.6,20.8,TRADE
NSW1,2009/3/8 21:00,7906.14,19.33,TRADE
NSW1,2009/3/8 21:30,7789.73,19.77,TRADE
NSW1,2009/3/8 22:00,7597.39,17.54,TRADE
NSW1,2009/3/8 22:30,7601.95,19.22,TRADE
NSW1,2009/3/8 23:00,7412.16,18.07,TRADE
NSW1,2009/3/8 23:30,7236.89,17.23,TRADE
NSW1,2009/3/9 0:00,7125.86,17,TRADE
NSW1,2009/3/9 0:30,6985.67,16.94,TRADE
NSW1,2009/3/9 1:00,6826.24,16.31,TRADE
NSW1,2009/3/9 1:30,6638.23,16.38,TRADE
NSW1,2009/3/9 2:00,6443.27,13.56,TRADE
NSW1,2009/3/9 2:30,6315.68,12,TRADE
NSW1,2009/3/9 3:00,6266.54,12,TRADE
NSW1,2009/3/9 3:30,6255.02,11.83,TRADE
NSW1,2009/3/9 4:00,6325.85,12,TRADE
NSW1,2009/3/9 4:30,6542.76,12.46,TRADE
NSW1,2009/3/9 5:00,6846.14,15.86,TRADE
NSW1,2009/3/9 5:30,7478.58,19.3,TRADE
NSW1,2009/3/9 6:00,8096.87,19.6,TRADE
NSW1,2009/3/9 6:30,8499.13,21.5,TRADE
NSW1,2009/3/9 7:00,8958.92,21.77,TRADE
NSW1,2009/3/9 7:30,9199.49,22.29,TRADE
NSW1,2009/3/9 8:00,9438.13,22.22,TRADE
NSW1,2009/3/9 8:30,9710.75,24.84,TRADE
NSW1,2009/3/9 9:00,9837.02,25.85,TRADE
NSW1,2009/3/9 9:30,9910.24,23.96,TRADE
NSW1,2009/3/9 10:00,9946.38,23.95,TRADE
NSW1,2009/3/9 10:30,9904,24.52,TRADE
NSW1,2009/3/9 11:00,9996.59,25.05,TRADE
NSW1,2009/3/9 11:30,10005.57,24.76,TRADE
NSW1,2009/3/9 12:00,9995.9,24.98,TRADE
NSW1,2009/3/9 12:30,10076.02,25.02,TRADE
NSW1,2009/3/9 13:00,10096.29,25.36,TRADE
NSW1,2009/3/9 13:30,10120.69,25.57,TRADE
NSW1,2009/3/9 14:00,10089.52,25.12,TRADE
NSW1,2009/3/9 14:30,10091.13,25.23,TRADE
NSW1,2009/3/9 15:00,10122.75,25.61,TRADE
NSW1,2009/3/9 15:30,10080.63,25.26,TRADE
NSW1,2009/3/9 16:00,10082.81,25.54,TRADE
NSW1,2009/3/9 16:30,10019.35,25.56,TRADE
NSW1,2009/3/9 17:00,9879.76,25.19,TRADE
NSW1,2009/3/9 17:30,9627.24,24.27,TRADE
NSW1,2009/3/9 18:00,9504.21,23.22,TRADE
NSW1,2009/3/9 18:30,9400.43,22,TRADE
NSW1,2009/3/9 19:00,9482.3,22.01,TRADE
NSW1,2009/3/9 19:30,9430.36,21.94,TRADE
NSW1,2009/3/9 20:00,9164.51,21.76,TRADE
NSW1,2009/3/9 20:30,8820.14,21.29,TRADE
NSW1,2009/3/9 21:00,8487.92,20.5,TRADE
NSW1,2009/3/9 21:30,8430.67,20.76,TRADE
NSW1,2009/3/9 22:00,8238.73,18.35,TRADE
NSW1,2009/3/9 22:30,8232.76,19.57,TRADE
NSW1,2009/3/9 23:00,8122.12,18.84,TRADE
NSW1,2009/3/9 23:30,7991.96,20.67,TRADE
NSW1,2009/3/10 0:00,7834.11,20.05,TRADE
NSW1,2009/3/10 0:30,7623.93,17,TRADE
NSW1,2009/3/10 1:00,7371.61,17,TRADE
NSW1,2009/3/10 1:30,7019.65,18.58,TRADE
NSW1,2009/3/10 2:00,6699.44,16.79,TRADE
NSW1,2009/3/10 2:30,6523.45,13.86,TRADE
NSW1,2009/3/10 3:00,6418,12.71,TRADE
NSW1,2009/3/10 3:30,6460.72,15.02,TRADE
NSW1,2009/3/10 4:00,6531.34,15.17,TRADE
NSW1,2009/3/10 4:30,6767.88,17,TRADE
NSW1,2009/3/10 5:00,7058.15,17.99,TRADE
NSW1,2009/3/10 5:30,7728.18,21.83,TRADE
NSW1,2009/3/10 6:00,8325.29,21.44,TRADE
NSW1,2009/3/10 6:30,8789.71,23.86,TRADE
NSW1,2009/3/10 7:00,9243.66,24.05,TRADE
NSW1,2009/3/10 7:30,9402.55,22.84,TRADE
NSW1,2009/3/10 8:00,9504.04,22.05,TRADE
NSW1,2009/3/10 8:30,9669.78,21.92,TRADE
NSW1,2009/3/10 9:00,9911.86,24.41,TRADE
NSW1,2009/3/10 9:30,10074.08,25.02,TRADE
NSW1,2009/3/10 10:00,10101.21,24.22,TRADE
NSW1,2009/3/10 10:30,10098.81,23.95,TRADE
NSW1,2009/3/10 11:00,10095.78,24.75,TRADE
NSW1,2009/3/10 11:30,10125.81,26.11,TRADE
NSW1,2009/3/10 12:00,10147.18,27.89,TRADE
NSW1,2009/3/10 12:30,10184.86,30.08,TRADE
NSW1,2009/3/10 13:00,10165.14,28.83,TRADE
NSW1,2009/3/10 13:30,10134.4,28.11,TRADE
NSW1,2009/3/10 14:00,10149.43,29.27,TRADE
NSW1,2009/3/10 14:30,10103.58,28.87,TRADE
NSW1,2009/3/10 15:00,10099.47,27.9,TRADE
NSW1,2009/3/10 15:30,10077.19,25.57,TRADE
NSW1,2009/3/10 16:00,10084.19,25.52,TRADE
NSW1,2009/3/10 16:30,9949.1,23.37,TRADE
NSW1,2009/3/10 17:00,9846.18,22.86,TRADE
NSW1,2009/3/10 17:30,9516.22,21.92,TRADE
NSW1,2009/3/10 18:00,9399.06,22,TRADE
NSW1,2009/3/10 18:30,9241.56,21.85,TRADE
NSW1,2009/3/10 19:00,9356.35,22,TRADE
NSW1,2009/3/10 19:30,9380.28,21.82,TRADE
NSW1,2009/3/10 20:00,9119.28,21.91,TRADE
NSW1,2009/3/10 20:30,8781.79,21.44,TRADE
NSW1,2009/3/10 21:00,8475.14,20.4,TRADE
NSW1,2009/3/10 21:30,8463.13,20.89,TRADE
NSW1,2009/3/10 22:00,8257.34,18.07,TRADE
NSW1,2009/3/10 22:30,8282.1,20.49,TRADE
NSW1,2009/3/10 23:00,8128.01,19.3,TRADE
NSW1,2009/3/10 23:30,7958.01,19.99,TRADE
NSW1,2009/3/11 0:00,7784.4,18.59,TRADE
NSW1,2009/3/11 0:30,7607.34,17.04,TRADE
NSW1,2009/3/11 1:00,7379.62,17,TRADE
NSW1,2009/3/11 1:30,7051.86,18.27,TRADE
NSW1,2009/3/11 2:00,6799.46,16.52,TRADE
NSW1,2009/3/11 2:30,6613.93,12.2,TRADE
NSW1,2009/3/11 3:00,6557.47,12.01,TRADE
NSW1,2009/3/11 3:30,6543.67,12.05,TRADE
NSW1,2009/3/11 4:00,6576.8,12.35,TRADE
NSW1,2009/3/11 4:30,6782.97,16.81,TRADE
NSW1,2009/3/11 5:00,7085.5,18.13,TRADE
NSW1,2009/3/11 5:30,7761.18,21.28,TRADE
NSW1,2009/3/11 6:00,8387.47,21.89,TRADE
NSW1,2009/3/11 6:30,8846.84,26.97,TRADE
NSW1,2009/3/11 7:00,9264.62,27.97,TRADE
NSW1,2009/3/11 7:30,9413.84,23.38,TRADE
NSW1,2009/3/11 8:00,9547.74,23.41,TRADE
NSW1,2009/3/11 8:30,9787.37,26.47,TRADE
NSW1,2009/3/11 9:00,9918.09,30.8,TRADE
NSW1,2009/3/11 9:30,9973.55,31.26,TRADE
NSW1,2009/3/11 10:00,10006.51,29.9,TRADE
NSW1,2009/3/11 10:30,9983.43,25.16,TRADE
NSW1,2009/3/11 11:00,9998.33,30.16,TRADE
NSW1,2009/3/11 11:30,9955.34,29.06,TRADE
NSW1,2009/3/11 12:00,9972.68,30.73,TRADE
NSW1,2009/3/11 12:30,9969.19,32.29,TRADE
NSW1,2009/3/11 13:00,9877.17,30.7,TRADE
NSW1,2009/3/11 13:30,9909.63,30.53,TRADE
NSW1,2009/3/11 14:00,9940.62,30.01,TRADE
NSW1,2009/3/11 14:30,9907.07,29.8,TRADE
NSW1,2009/3/11 15:00,9949,31.18,TRADE
NSW1,2009/3/11 15:30,9984.92,30.94,TRADE
NSW1,2009/3/11 16:00,9966.27,30.83,TRADE
NSW1,2009/3/11 16:30,9913.04,29.94,TRADE
NSW1,2009/3/11 17:00,9801.43,26.46,TRADE
NSW1,2009/3/11 17:30,9503.98,23.01,TRADE
NSW1,2009/3/11 18:00,9427.7,23.01,TRADE
NSW1,2009/3/11 18:30,9322.36,22.13,TRADE
NSW1,2009/3/11 19:00,9397.98,23.53,TRADE
NSW1,2009/3/11 19:30,9288.4,27.79,TRADE
NSW1,2009/3/11 20:00,9098.23,32.2,TRADE
NSW1,2009/3/11 20:30,8845.95,26.82,TRADE
NSW1,2009/3/11 21:00,8521.12,22,TRADE
NSW1,2009/3/11 21:30,8514.52,21.98,TRADE
NSW1,2009/3/11 22:00,8309.55,21.84,TRADE
NSW1,2009/3/11 22:30,8374.04,23.88,TRADE
NSW1,2009/3/11 23:00,8242.14,23.07,TRADE
NSW1,2009/3/11 23:30,8101.05,23.26,TRADE
NSW1,2009/3/12 0:00,7907.29,22,TRADE
NSW1,2009/3/12 0:30,7709.62,21.67,TRADE
NSW1,2009/3/12 1:00,7471.55,21.83,TRADE
NSW1,2009/3/12 1:30,7140.2,23.12,TRADE
NSW1,2009/3/12 2:00,6829.81,21.33,TRADE
NSW1,2009/3/12 2:30,6613.59,19.89,TRADE
NSW1,2009/3/12 3:00,6544.96,20.49,TRADE
NSW1,2009/3/12 3:30,6540.93,20.07,TRADE
NSW1,2009/3/12 4:00,6586.07,20.44,TRADE
NSW1,2009/3/12 4:30,6780.2,21.32,TRADE
NSW1,2009/3/12 5:00,7077.19,22.15,TRADE
NSW1,2009/3/12 5:30,7770.23,24.44,TRADE
NSW1,2009/3/12 6:00,8445.11,25.75,TRADE
NSW1,2009/3/12 6:30,8879.88,33.38,TRADE
NSW1,2009/3/12 7:00,9273.47,26.84,TRADE
NSW1,2009/3/12 7:30,9405.36,23.03,TRADE
NSW1,2009/3/12 8:00,9548.7,23.72,TRADE
NSW1,2009/3/12 8:30,9774.33,27.85,TRADE
NSW1,2009/3/12 9:00,9974.4,30.41,TRADE
NSW1,2009/3/12 9:30,10090.33,26.42,TRADE
NSW1,2009/3/12 10:00,10143.63,27.75,TRADE
NSW1,2009/3/12 10:30,10138.62,25.54,TRADE
NSW1,2009/3/12 11:00,10168.28,25.58,TRADE
NSW1,2009/3/12 11:30,10147.55,25.55,TRADE
NSW1,2009/3/12 12:00,10130.84,28.56,TRADE
NSW1,2009/3/12 12:30,10149.98,31.25,TRADE
NSW1,2009/3/12 13:00,10189.64,31.5,TRADE
NSW1,2009/3/12 13:30,10215.81,31.5,TRADE
NSW1,2009/3/12 14:00,10214.73,35.64,TRADE
NSW1,2009/3/12 14:30,10175.24,33.17,TRADE
NSW1,2009/3/12 15:00,10177.14,32.9,TRADE
NSW1,2009/3/12 15:30,10144.14,31.61,TRADE
NSW1,2009/3/12 16:00,10142.68,31.58,TRADE
NSW1,2009/3/12 16:30,10053.4,31.5,TRADE
NSW1,2009/3/12 17:00,9963.05,31.45,TRADE
NSW1,2009/3/12 17:30,9688.72,26.39,TRADE
NSW1,2009/3/12 18:00,9554.91,24.38,TRADE
NSW1,2009/3/12 18:30,9476.98,25.31,TRADE
NSW1,2009/3/12 19:00,9583.82,30.65,TRADE
NSW1,2009/3/12 19:30,9556.42,29.71,TRADE
NSW1,2009/3/12 20:00,9347.62,26.59,TRADE
NSW1,2009/3/12 20:30,8996.43,22.38,TRADE
NSW1,2009/3/12 21:00,8670.65,21.94,TRADE
NSW1,2009/3/12 21:30,8641.22,21.99,TRADE
NSW1,2009/3/12 22:00,8403.75,21.82,TRADE
NSW1,2009/3/12 22:30,8407.47,24.03,TRADE
NSW1,2009/3/12 23:00,8262.94,22.55,TRADE
NSW1,2009/3/12 23:30,8068.4,22.83,TRADE
NSW1,2009/3/13 0:00,7883.14,22,TRADE
NSW1,2009/3/13 0:30,7729.66,21.83,TRADE
NSW1,2009/3/13 1:00,7481.78,20.05,TRADE
NSW1,2009/3/13 1:30,7120.32,22.55,TRADE
NSW1,2009/3/13 2:00,6832.39,19.93,TRADE
NSW1,2009/3/13 2:30,6633.4,17.74,TRADE
NSW1,2009/3/13 3:00,6520.63,17.08,TRADE
NSW1,2009/3/13 3:30,6491.8,16.73,TRADE
NSW1,2009/3/13 4:00,6559.12,18.06,TRADE
NSW1,2009/3/13 4:30,6776.54,18.62,TRADE
NSW1,2009/3/13 5:00,7046.95,20.53,TRADE
NSW1,2009/3/13 5:30,7691.23,21.05,TRADE
NSW1,2009/3/13 6:00,8292.75,21.78,TRADE
NSW1,2009/3/13 6:30,8765.83,24.28,TRADE
NSW1,2009/3/13 7:00,9180.52,23.67,TRADE
NSW1,2009/3/13 7:30,9392.13,23.28,TRADE
NSW1,2009/3/13 8:00,9535.33,22.61,TRADE
NSW1,2009/3/13 8:30,9772.88,23.27,TRADE
NSW1,2009/3/13 9:00,9903.57,24.41,TRADE
NSW1,2009/3/13 9:30,10004.5,25.94,TRADE
NSW1,2009/3/13 10:00,10038.38,25.73,TRADE
NSW1,2009/3/13 10:30,10009.86,27.24,TRADE
NSW1,2009/3/13 11:00,10062.57,26.88,TRADE
NSW1,2009/3/13 11:30,10093.53,26.05,TRADE
NSW1,2009/3/13 12:00,10068.81,25.04,TRADE
NSW1,2009/3/13 12:30,10036.5,24.96,TRADE
NSW1,2009/3/13 13:00,9974.92,24.71,TRADE
NSW1,2009/3/13 13:30,9918.06,24.27,TRADE
NSW1,2009/3/13 14:00,9891.74,24.37,TRADE
NSW1,2009/3/13 14:30,9856.47,23.91,TRADE
NSW1,2009/3/13 15:00,9973.43,24.89,TRADE
NSW1,2009/3/13 15:30,9999.17,25.86,TRADE
NSW1,2009/3/13 16:00,10032.02,31,TRADE
NSW1,2009/3/13 16:30,9909.78,28.58,TRADE
NSW1,2009/3/13 17:00,9742.36,26.02,TRADE
NSW1,2009/3/13 17:30,9413.58,23.13,TRADE
NSW1,2009/3/13 18:00,9280.62,22.38,TRADE
NSW1,2009/3/13 18:30,9195.41,24.3,TRADE
NSW1,2009/3/13 19:00,9267.7,25.66,TRADE
NSW1,2009/3/13 19:30,9194.63,23.65,TRADE
NSW1,2009/3/13 20:00,8956.09,22,TRADE
NSW1,2009/3/13 20:30,8649.08,21.99,TRADE
NSW1,2009/3/13 21:00,8426.24,22,TRADE
NSW1,2009/3/13 21:30,8570.21,22.44,TRADE
NSW1,2009/3/13 22:00,8379.91,21.52,TRADE
NSW1,2009/3/13 22:30,8490.57,24.57,TRADE
NSW1,2009/3/13 23:00,8339.65,22.48,TRADE
NSW1,2009/3/13 23:30,8132.91,24.71,TRADE
NSW1,2009/3/14 0:00,7945.29,22.27,TRADE
NSW1,2009/3/14 0:30,7712.7,22,TRADE
NSW1,2009/3/14 1:00,7436.42,21.71,TRADE
NSW1,2009/3/14 1:30,7106.38,23.62,TRADE
NSW1,2009/3/14 2:00,6739.47,20.6,TRADE
NSW1,2009/3/14 2:30,6517.71,18.88,TRADE
NSW1,2009/3/14 3:00,6412.98,19.43,TRADE
NSW1,2009/3/14 3:30,6352.82,18.24,TRADE
NSW1,2009/3/14 4:00,6316.19,17.38,TRADE
NSW1,2009/3/14 4:30,6399.09,19.58,TRADE
NSW1,2009/3/14 5:00,6483.54,19.82,TRADE
NSW1,2009/3/14 5:30,6682.81,19.83,TRADE
NSW1,2009/3/14 6:00,6888.94,19.64,TRADE
NSW1,2009/3/14 6:30,7101.98,17.25,TRADE
NSW1,2009/3/14 7:00,7539.37,20.67,TRADE
NSW1,2009/3/14 7:30,8003.05,23.62,TRADE
NSW1,2009/3/14 8:00,8373.71,22.57,TRADE
NSW1,2009/3/14 8:30,8762.02,23.7,TRADE
NSW1,2009/3/14 9:00,8863.89,23.87,TRADE
NSW1,2009/3/14 9:30,8972.29,24.9,TRADE
NSW1,2009/3/14 10:00,8971.26,25.03,TRADE
NSW1,2009/3/14 10:30,9006.6,25.1,TRADE
NSW1,2009/3/14 11:00,9024.51,22.47,TRADE
NSW1,2009/3/14 11:30,9000.54,21.77,TRADE
NSW1,2009/3/14 12:00,8957.97,22,TRADE
NSW1,2009/3/14 12:30,8925.78,22.02,TRADE
NSW1,2009/3/14 13:00,8892.83,22,TRADE
NSW1,2009/3/14 13:30,8873.96,21.85,TRADE
NSW1,2009/3/14 14:00,8878.74,22,TRADE
NSW1,2009/3/14 14:30,8939.3,22.38,TRADE
NSW1,2009/3/14 15:00,9001.91,22.09,TRADE
NSW1,2009/3/14 15:30,8999.38,22.12,TRADE
NSW1,2009/3/14 16:00,8993.13,22,TRADE
NSW1,2009/3/14 16:30,8746.86,22,TRADE
NSW1,2009/3/14 17:00,8795.94,22,TRADE
NSW1,2009/3/14 17:30,8749.82,22,TRADE
NSW1,2009/3/14 18:00,8729.74,22,TRADE
NSW1,2009/3/14 18:30,8715.17,21.99,TRADE
NSW1,2009/3/14 19:00,8726.62,22,TRADE
NSW1,2009/3/14 19:30,8470.62,21.57,TRADE
NSW1,2009/3/14 20:00,8271.29,21.58,TRADE
NSW1,2009/3/14 20:30,8087.35,21.61,TRADE
NSW1,2009/3/14 21:00,7919.5,20.92,TRADE
NSW1,2009/3/14 21:30,7890.09,20.95,TRADE
NSW1,2009/3/14 22:00,7787.66,20.51,TRADE
NSW1,2009/3/14 22:30,7829.36,22.23,TRADE
NSW1,2009/3/14 23:00,7604.81,21.41,TRADE
NSW1,2009/3/14 23:30,7398.97,21.99,TRADE
NSW1,2009/3/15 0:00,7264.47,21.13,TRADE
NSW1,2009/3/15 0:30,7068.28,20.67,TRADE
NSW1,2009/3/15 1:00,6852.6,20.1,TRADE
NSW1,2009/3/15 1:30,6561.29,19.57,TRADE
NSW1,2009/3/15 2:00,6334.11,17.96,TRADE
NSW1,2009/3/15 2:30,6214.48,18.21,TRADE
NSW1,2009/3/15 3:00,6135.68,17.57,TRADE
NSW1,2009/3/15 3:30,6089.3,16.75,TRADE
NSW1,2009/3/15 4:00,6049.37,16.76,TRADE
NSW1,2009/3/15 4:30,6115.76,16.64,TRADE
NSW1,2009/3/15 5:00,6204.16,18.57,TRADE
NSW1,2009/3/15 5:30,6357.07,20.61,TRADE
NSW1,2009/3/15 6:00,6465.7,19.78,TRADE
NSW1,2009/3/15 6:30,6640.34,17.78,TRADE
NSW1,2009/3/15 7:00,6962.27,18.08,TRADE
NSW1,2009/3/15 7:30,7350.77,20.46,TRADE
NSW1,2009/3/15 8:00,7723.41,21.82,TRADE
NSW1,2009/3/15 8:30,8048.88,22.67,TRADE
NSW1,2009/3/15 9:00,8304.97,23.92,TRADE
NSW1,2009/3/15 9:30,8498.61,22.76,TRADE
NSW1,2009/3/15 10:00,8562.64,23.35,TRADE
NSW1,2009/3/15 10:30,8615.45,29.41,TRADE
NSW1,2009/3/15 11:00,8668.79,28.79,TRADE
NSW1,2009/3/15 11:30,8734.05,30.2,TRADE
NSW1,2009/3/15 12:00,8775.72,30.47,TRADE
NSW1,2009/3/15 12:30,8813.28,31.63,TRADE
NSW1,2009/3/15 13:00,8843.39,31.64,TRADE
NSW1,2009/3/15 13:30,8884.83,31.56,TRADE
NSW1,2009/3/15 14:00,8904.59,31.5,TRADE
NSW1,2009/3/15 14:30,8896.71,31.5,TRADE
NSW1,2009/3/15 15:00,8971.22,31.9,TRADE
NSW1,2009/3/15 15:30,8990.25,32.97,TRADE
NSW1,2009/3/15 16:00,9007.02,32.99,TRADE
NSW1,2009/3/15 16:30,8916.83,32.97,TRADE
NSW1,2009/3/15 17:00,8938.79,32.99,TRADE
NSW1,2009/3/15 17:30,8910.26,32.99,TRADE
NSW1,2009/3/15 18:00,8893.66,32.54,TRADE
NSW1,2009/3/15 18:30,8827.64,31.75,TRADE
NSW1,2009/3/15 19:00,8961.66,40.35,TRADE
NSW1,2009/3/15 19:30,8902.48,39.29,TRADE
NSW1,2009/3/15 20:00,8759.23,33.03,TRADE
NSW1,2009/3/15 20:30,8474.25,25.18,TRADE
NSW1,2009/3/15 21:00,8165.67,22,TRADE
NSW1,2009/3/15 21:30,8062.85,22.07,TRADE
NSW1,2009/3/15 22:00,7816.37,21.3,TRADE
NSW1,2009/3/15 22:30,7753.82,22.47,TRADE
NSW1,2009/3/15 23:00,7459.64,21.72,TRADE
NSW1,2009/3/15 23:30,7318.51,22.85,TRADE
NSW1,2009/3/16 0:00,7155.04,21.99,TRADE
NSW1,2009/3/16 0:30,7040.13,23.57,TRADE
NSW1,2009/3/16 1:00,6917.37,22,TRADE
NSW1,2009/3/16 1:30,6626.69,22.71,TRADE
NSW1,2009/3/16 2:00,6422.28,21.44,TRADE
NSW1,2009/3/16 2:30,6301.74,20.4,TRADE
NSW1,2009/3/16 3:00,6232.65,20.4,TRADE
NSW1,2009/3/16 3:30,6274.14,20.4,TRADE
NSW1,2009/3/16 4:00,6352.36,20.4,TRADE
NSW1,2009/3/16 4:30,6564.1,21.2,TRADE
NSW1,2009/3/16 5:00,6891.71,22.59,TRADE
NSW1,2009/3/16 5:30,7525.65,22.24,TRADE
NSW1,2009/3/16 6:00,8179.24,25.88,TRADE
NSW1,2009/3/16 6:30,8603.59,31.57,TRADE
NSW1,2009/3/16 7:00,9043.16,32.16,TRADE
NSW1,2009/3/16 7:30,9196.84,28.75,TRADE
NSW1,2009/3/16 8:00,9285.47,29.18,TRADE
NSW1,2009/3/16 8:30,9536,31.56,TRADE
NSW1,2009/3/16 9:00,9538.42,31.43,TRADE
NSW1,2009/3/16 9:30,9380.08,29.98,TRADE
NSW1,2009/3/16 10:00,9451.44,31.33,TRADE
NSW1,2009/3/16 10:30,9635.04,32.92,TRADE
NSW1,2009/3/16 11:00,9752.27,33.98,TRADE
NSW1,2009/3/16 11:30,9736.39,34.55,TRADE
NSW1,2009/3/16 12:00,9801.18,34.92,TRADE
NSW1,2009/3/16 12:30,9771.28,35.03,TRADE
NSW1,2009/3/16 13:00,9815.73,34.64,TRADE
NSW1,2009/3/16 13:30,9798.91,30.21,TRADE
NSW1,2009/3/16 14:00,9803.31,32,TRADE
NSW1,2009/3/16 14:30,9800.71,32.83,TRADE
NSW1,2009/3/16 15:00,9836.25,32.79,TRADE
NSW1,2009/3/16 15:30,9866.56,34.03,TRADE
NSW1,2009/3/16 16:00,9898.28,37.29,TRADE
NSW1,2009/3/16 16:30,9768.79,32.35,TRADE
NSW1,2009/3/16 17:00,9702.25,32.32,TRADE
NSW1,2009/3/16 17:30,9439.71,27.12,TRADE
NSW1,2009/3/16 18:00,9294.7,25.96,TRADE
NSW1,2009/3/16 18:30,9183.18,25.96,TRADE
NSW1,2009/3/16 19:00,9264.48,28.69,TRADE
NSW1,2009/3/16 19:30,9206.27,32.43,TRADE
NSW1,2009/3/16 20:00,8943.68,27.81,TRADE
NSW1,2009/3/16 20:30,8644.38,23.55,TRADE
NSW1,2009/3/16 21:00,8378.85,22,TRADE
NSW1,2009/3/16 21:30,8382.62,22.95,TRADE
NSW1,2009/3/16 22:00,8170.66,21.2,TRADE
NSW1,2009/3/16 22:30,8143.67,23.59,TRADE
NSW1,2009/3/16 23:00,8082.45,22.04,TRADE
NSW1,2009/3/16 23:30,7940.72,22.47,TRADE
NSW1,2009/3/17 0:00,7832.73,22.26,TRADE
NSW1,2009/3/17 0:30,7645.87,21.3,TRADE
NSW1,2009/3/17 1:00,7410.64,22.59,TRADE
NSW1,2009/3/17 1:30,7059.95,22.84,TRADE
NSW1,2009/3/17 2:00,6794.37,21.15,TRADE
NSW1,2009/3/17 2:30,6543.43,19.72,TRADE
NSW1,2009/3/17 3:00,6466.11,20.34,TRADE
NSW1,2009/3/17 3:30,6411.84,20.34,TRADE
NSW1,2009/3/17 4:00,6497.59,21.83,TRADE
NSW1,2009/3/17 4:30,6684.61,21.57,TRADE
NSW1,2009/3/17 5:00,7034.88,22,TRADE
NSW1,2009/3/17 5:30,7733.62,24.07,TRADE
NSW1,2009/3/17 6:00,8390.61,29.78,TRADE
NSW1,2009/3/17 6:30,8774.13,40.59,TRADE
NSW1,2009/3/17 7:00,9114.71,37.91,TRADE
NSW1,2009/3/17 7:30,9228.92,30.75,TRADE
NSW1,2009/3/17 8:00,9248.41,31.65,TRADE
NSW1,2009/3/17 8:30,9433.91,39.72,TRADE
NSW1,2009/3/17 9:00,9506.34,41.28,TRADE
NSW1,2009/3/17 9:30,9578.57,38.68,TRADE
NSW1,2009/3/17 10:00,9630.65,46.77,TRADE
NSW1,2009/3/17 10:30,9594.04,46.64,TRADE
NSW1,2009/3/17 11:00,9639.23,44.06,TRADE
NSW1,2009/3/17 11:30,9654.55,42.45,TRADE
NSW1,2009/3/17 12:00,9693.9,41.42,TRADE
NSW1,2009/3/17 12:30,9723.37,55.18,TRADE
NSW1,2009/3/17 13:00,9735.96,35.81,TRADE
NSW1,2009/3/17 13:30,9686.27,29.56,TRADE
NSW1,2009/3/17 14:00,9705.31,43.04,TRADE
NSW1,2009/3/17 14:30,9744.02,36.65,TRADE
NSW1,2009/3/17 15:00,9755.45,40.11,TRADE
NSW1,2009/3/17 15:30,9870.26,49.1,TRADE
NSW1,2009/3/17 16:00,9837.38,38.55,TRADE
NSW1,2009/3/17 16:30,9793.24,39.37,TRADE
NSW1,2009/3/17 17:00,9687.5,32.18,TRADE
NSW1,2009/3/17 17:30,9406.34,31.17,TRADE
NSW1,2009/3/17 18:00,9293.75,30.34,TRADE
NSW1,2009/3/17 18:30,9167.55,29.36,TRADE
NSW1,2009/3/17 19:00,9302.18,31.78,TRADE
NSW1,2009/3/17 19:30,9236.65,31.62,TRADE
NSW1,2009/3/17 20:00,8996.44,27.59,TRADE
NSW1,2009/3/17 20:30,8671.56,25.12,TRADE
NSW1,2009/3/17 21:00,8421.32,22.62,TRADE
NSW1,2009/3/17 21:30,8414.52,22.03,TRADE
NSW1,2009/3/17 22:00,8232.05,20.87,TRADE
NSW1,2009/3/17 22:30,8271.4,25.4,TRADE
NSW1,2009/3/17 23:00,8120.74,21.92,TRADE
NSW1,2009/3/17 23:30,7990.98,22.13,TRADE
NSW1,2009/3/18 0:00,7827.57,22,TRADE
NSW1,2009/3/18 0:30,7650.57,21.05,TRADE
NSW1,2009/3/18 1:00,7351.6,19.27,TRADE
NSW1,2009/3/18 1:30,6986.71,21.07,TRADE
NSW1,2009/3/18 2:00,6702.48,20,TRADE
NSW1,2009/3/18 2:30,6486.63,17.19,TRADE
NSW1,2009/3/18 3:00,6393.25,17,TRADE
NSW1,2009/3/18 3:30,6358.53,17,TRADE
NSW1,2009/3/18 4:00,6454.4,17,TRADE
NSW1,2009/3/18 4:30,6675.69,19.42,TRADE
NSW1,2009/3/18 5:00,6999.02,20.72,TRADE
NSW1,2009/3/18 5:30,7644.1,21.83,TRADE
NSW1,2009/3/18 6:00,8304.07,22.26,TRADE
NSW1,2009/3/18 6:30,8699.03,26.96,TRADE
NSW1,2009/3/18 7:00,9109.3,29.6,TRADE
NSW1,2009/3/18 7:30,9205.83,25.96,TRADE
NSW1,2009/3/18 8:00,9338.31,25.96,TRADE
NSW1,2009/3/18 8:30,9546.93,28.32,TRADE
NSW1,2009/3/18 9:00,9683.57,33.4,TRADE
NSW1,2009/3/18 9:30,9811.43,37.42,TRADE
NSW1,2009/3/18 10:00,9868.2,36.62,TRADE
NSW1,2009/3/18 10:30,9855.13,37.88,TRADE
NSW1,2009/3/18 11:00,9860.05,36.33,TRADE
NSW1,2009/3/18 11:30,9847.08,33,TRADE
NSW1,2009/3/18 12:00,9883.43,33.61,TRADE
NSW1,2009/3/18 12:30,9937.16,39.68,TRADE
NSW1,2009/3/18 13:00,9926.54,40.19,TRADE
NSW1,2009/3/18 13:30,9981.95,51.59,TRADE
NSW1,2009/3/18 14:00,9952.98,42.7,TRADE
NSW1,2009/3/18 14:30,9941.07,37.74,TRADE
NSW1,2009/3/18 15:00,9930.29,38.35,TRADE
NSW1,2009/3/18 15:30,9930.13,40.46,TRADE
NSW1,2009/3/18 16:00,9923.42,38.09,TRADE
NSW1,2009/3/18 16:30,9876.62,41.27,TRADE
NSW1,2009/3/18 17:00,9729.42,34.03,TRADE
NSW1,2009/3/18 17:30,9427.01,33.7,TRADE
NSW1,2009/3/18 18:00,9299.14,31.52,TRADE
NSW1,2009/3/18 18:30,9240.23,31.6,TRADE
NSW1,2009/3/18 19:00,9373.08,34.74,TRADE
NSW1,2009/3/18 19:30,9255.82,35.42,TRADE
NSW1,2009/3/18 20:00,9053.41,29.71,TRADE
NSW1,2009/3/18 20:30,8717.2,23.97,TRADE
NSW1,2009/3/18 21:00,8465.53,23.69,TRADE
NSW1,2009/3/18 21:30,8466.14,23.48,TRADE
NSW1,2009/3/18 22:00,8218.05,21.37,TRADE
NSW1,2009/3/18 22:30,8214.89,24.6,TRADE
NSW1,2009/3/18 23:00,8090.26,22.01,TRADE
NSW1,2009/3/18 23:30,7928.37,22.89,TRADE
NSW1,2009/3/19 0:00,7776.18,21.98,TRADE
NSW1,2009/3/19 0:30,7558.87,21.4,TRADE
NSW1,2009/3/19 1:00,7348.66,19.78,TRADE
NSW1,2009/3/19 1:30,6995.17,21.73,TRADE
NSW1,2009/3/19 2:00,6693.77,20.09,TRADE
NSW1,2009/3/19 2:30,6489.36,15.71,TRADE
NSW1,2009/3/19 3:00,6385.07,15.64,TRADE
NSW1,2009/3/19 3:30,6370.3,16.37,TRADE
NSW1,2009/3/19 4:00,6428.89,18.22,TRADE
NSW1,2009/3/19 4:30,6646.13,20.33,TRADE
NSW1,2009/3/19 5:00,6946.83,20.94,TRADE
NSW1,2009/3/19 5:30,7630.42,22.19,TRADE
NSW1,2009/3/19 6:00,8225.45,27.69,TRADE
NSW1,2009/3/19 6:30,8658.59,33.74,TRADE
NSW1,2009/3/19 7:00,9066.06,36.7,TRADE
NSW1,2009/3/19 7:30,9204.06,29.57,TRADE
NSW1,2009/3/19 8:00,9348.21,31.72,TRADE
NSW1,2009/3/19 8:30,9579.76,35.33,TRADE
NSW1,2009/3/19 9:00,9709.47,34.89,TRADE
NSW1,2009/3/19 9:30,9837.78,33.41,TRADE
NSW1,2009/3/19 10:00,9929.11,34.94,TRADE
NSW1,2009/3/19 10:30,9992.66,37.51,TRADE
NSW1,2009/3/19 11:00,10096.06,39.76,TRADE
NSW1,2009/3/19 11:30,10084.34,37.77,TRADE
NSW1,2009/3/19 12:00,10117.88,41.3,TRADE
NSW1,2009/3/19 12:30,10192.91,42.01,TRADE
NSW1,2009/3/19 13:00,10277.54,62.49,TRADE
NSW1,2009/3/19 13:30,10419.25,76.88,TRADE
NSW1,2009/3/19 14:00,10518.59,81.68,TRADE
NSW1,2009/3/19 14:30,10463.13,66.9,TRADE
NSW1,2009/3/19 15:00,10588.94,61.84,TRADE
NSW1,2009/3/19 15:30,10620.11,41.27,TRADE
NSW1,2009/3/19 16:00,10627.17,43.45,TRADE
NSW1,2009/3/19 16:30,10500.49,35.48,TRADE
NSW1,2009/3/19 17:00,10360.71,33.58,TRADE
NSW1,2009/3/19 17:30,10037.26,32.59,TRADE
NSW1,2009/3/19 18:00,9882.23,31.68,TRADE
NSW1,2009/3/19 18:30,9811.28,33.07,TRADE
NSW1,2009/3/19 19:00,9880.34,36.61,TRADE
NSW1,2009/3/19 19:30,9778.9,37.04,TRADE
NSW1,2009/3/19 20:00,9537.95,31.87,TRADE
NSW1,2009/3/19 20:30,9133.86,26.18,TRADE
NSW1,2009/3/19 21:00,8777.19,23.26,TRADE
NSW1,2009/3/19 21:30,8721.96,22.08,TRADE
NSW1,2009/3/19 22:00,8456.4,20.6,TRADE
NSW1,2009/3/19 22:30,8439.61,24.55,TRADE
NSW1,2009/3/19 23:00,8243.72,22.06,TRADE
NSW1,2009/3/19 23:30,8051.51,22.74,TRADE
NSW1,2009/3/20 0:00,7902.51,21.78,TRADE
NSW1,2009/3/20 0:30,7666.93,20.77,TRADE
NSW1,2009/3/20 1:00,7423.25,18.63,TRADE
NSW1,2009/3/20 1:30,7065.79,21.39,TRADE
NSW1,2009/3/20 2:00,6757.71,19.82,TRADE
NSW1,2009/3/20 2:30,6560.97,17,TRADE
NSW1,2009/3/20 3:00,6467.71,17,TRADE
NSW1,2009/3/20 3:30,6489.59,17,TRADE
NSW1,2009/3/20 4:00,6524.15,17,TRADE
NSW1,2009/3/20 4:30,6758.27,20.09,TRADE
NSW1,2009/3/20 5:00,7064.87,21.39,TRADE
NSW1,2009/3/20 5:30,7731.17,22.05,TRADE
NSW1,2009/3/20 6:00,8325.78,23.27,TRADE
NSW1,2009/3/20 6:30,8764.08,28.33,TRADE
NSW1,2009/3/20 7:00,9193.77,33.27,TRADE
NSW1,2009/3/20 7:30,9377.34,32.55,TRADE
NSW1,2009/3/20 8:00,9502.27,35.63,TRADE
NSW1,2009/3/20 8:30,9796.63,39.01,TRADE
NSW1,2009/3/20 9:00,10003.86,43.04,TRADE
NSW1,2009/3/20 9:30,10170.03,47.73,TRADE
NSW1,2009/3/20 10:00,10284.22,51.02,TRADE
NSW1,2009/3/20 10:30,10351.44,46.84,TRADE
NSW1,2009/3/20 11:00,10452.34,74.17,TRADE
NSW1,2009/3/20 11:30,10503.41,52.69,TRADE
NSW1,2009/3/20 12:00,10544.31,40.63,TRADE
NSW1,2009/3/20 12:30,10614.28,41.95,TRADE
NSW1,2009/3/20 13:00,10584.4,38.08,TRADE
NSW1,2009/3/20 13:30,10625.25,39.21,TRADE
NSW1,2009/3/20 14:00,10695.45,42.06,TRADE
NSW1,2009/3/20 14:30,10659.7,42.63,TRADE
NSW1,2009/3/20 15:00,10685.1,42.29,TRADE
NSW1,2009/3/20 15:30,10680.94,41.55,TRADE
NSW1,2009/3/20 16:00,10653.23,44.83,TRADE
NSW1,2009/3/20 16:30,10421.66,40.39,TRADE
NSW1,2009/3/20 17:00,10135.93,39.02,TRADE
NSW1,2009/3/20 17:30,9709.85,30.36,TRADE
NSW1,2009/3/20 18:00,9592.12,26.49,TRADE
NSW1,2009/3/20 18:30,9453.39,25.55,TRADE
NSW1,2009/3/20 19:00,9471.09,35.23,TRADE
NSW1,2009/3/20 19:30,9363.32,49.8,TRADE
NSW1,2009/3/20 20:00,9121.36,42.73,TRADE
NSW1,2009/3/20 20:30,8879.06,34.62,TRADE
NSW1,2009/3/20 21:00,8610.66,38.64,TRADE
NSW1,2009/3/20 21:30,8685.92,34.91,TRADE
NSW1,2009/3/20 22:00,8509.76,29.89,TRADE
NSW1,2009/3/20 22:30,8548.94,45.53,TRADE
NSW1,2009/3/20 23:00,8366.1,38.96,TRADE
NSW1,2009/3/20 23:30,8166.26,49.97,TRADE
NSW1,2009/3/21 0:00,7923.12,36.42,TRADE
NSW1,2009/3/21 0:30,7707.47,37.33,TRADE
NSW1,2009/3/21 1:00,7453.89,33.93,TRADE
NSW1,2009/3/21 1:30,7102.21,30.39,TRADE
NSW1,2009/3/21 2:00,6795.84,21.23,TRADE
NSW1,2009/3/21 2:30,6543.53,20.73,TRADE
NSW1,2009/3/21 3:00,6453.87,19.54,TRADE
NSW1,2009/3/21 3:30,6368.74,18.28,TRADE
NSW1,2009/3/21 4:00,6394.32,18.88,TRADE
NSW1,2009/3/21 4:30,6413.26,20.22,TRADE
NSW1,2009/3/21 5:00,6519.69,20.45,TRADE
NSW1,2009/3/21 5:30,6768.19,21.99,TRADE
NSW1,2009/3/21 6:00,6985.06,22,TRADE
NSW1,2009/3/21 6:30,7269.84,23.1,TRADE
NSW1,2009/3/21 7:00,7711.75,22.36,TRADE
NSW1,2009/3/21 7:30,8072.56,21.67,TRADE
NSW1,2009/3/21 8:00,8410.9,23.5,TRADE
NSW1,2009/3/21 8:30,8811.84,32.08,TRADE
NSW1,2009/3/21 9:00,8926.18,32.6,TRADE
NSW1,2009/3/21 9:30,9009.44,33.5,TRADE
NSW1,2009/3/21 10:00,9001.64,41.11,TRADE
NSW1,2009/3/21 10:30,9031.77,43.78,TRADE
NSW1,2009/3/21 11:00,9059.36,44.01,TRADE
NSW1,2009/3/21 11:30,9000.9,43.79,TRADE
NSW1,2009/3/21 12:00,9013.89,43.62,TRADE
NSW1,2009/3/21 12:30,8981.27,43.61,TRADE
NSW1,2009/3/21 13:00,8972.25,41.79,TRADE
NSW1,2009/3/21 13:30,8905.01,37.97,TRADE
NSW1,2009/3/21 14:00,8913.68,40.59,TRADE
NSW1,2009/3/21 14:30,8902.65,48.17,TRADE
NSW1,2009/3/21 15:00,8935.4,68.86,TRADE
NSW1,2009/3/21 15:30,8983,39.09,TRADE
NSW1,2009/3/21 16:00,8959.25,24,TRADE
NSW1,2009/3/21 16:30,8839.22,26.59,TRADE
NSW1,2009/3/21 17:00,8888.29,35.31,TRADE
NSW1,2009/3/21 17:30,8788.24,40.07,TRADE
NSW1,2009/3/21 18:00,8708.11,39.59,TRADE
NSW1,2009/3/21 18:30,8705.83,34.24,TRADE
NSW1,2009/3/21 19:00,8819.73,37.57,TRADE
NSW1,2009/3/21 19:30,8692.85,38.32,TRADE
NSW1,2009/3/21 20:00,8481.66,31.42,TRADE
NSW1,2009/3/21 20:30,8303.05,24.62,TRADE
NSW1,2009/3/21 21:00,8094.2,22.3,TRADE
NSW1,2009/3/21 21:30,8049.84,22.15,TRADE
NSW1,2009/3/21 22:00,7890.78,21.67,TRADE
NSW1,2009/3/21 22:30,7861.5,22.64,TRADE
NSW1,2009/3/21 23:00,7636.88,22.46,TRADE
NSW1,2009/3/21 23:30,7456.52,22.85,TRADE
NSW1,2009/3/22 0:00,7304.21,22.02,TRADE
NSW1,2009/3/22 0:30,7126.06,21.15,TRADE
NSW1,2009/3/22 1:00,6909.89,18.38,TRADE
NSW1,2009/3/22 1:30,6620.25,20.43,TRADE
NSW1,2009/3/22 2:00,6372.84,14.65,TRADE
NSW1,2009/3/22 2:30,6243.45,14.12,TRADE
NSW1,2009/3/22 3:00,6167.81,14.18,TRADE
NSW1,2009/3/22 3:30,6104.84,12.17,TRADE
NSW1,2009/3/22 4:00,6094.57,11.59,TRADE
NSW1,2009/3/22 4:30,6139.48,12.62,TRADE
NSW1,2009/3/22 5:00,6164.79,12.71,TRADE
NSW1,2009/3/22 5:30,6324.95,16.59,TRADE
NSW1,2009/3/22 6:00,6458.09,16.76,TRADE
NSW1,2009/3/22 6:30,6602.09,19.36,TRADE
NSW1,2009/3/22 7:00,6929.74,20.99,TRADE
NSW1,2009/3/22 7:30,7327.89,21.58,TRADE
NSW1,2009/3/22 8:00,7678.2,22.57,TRADE
NSW1,2009/3/22 8:30,8017.56,23.5,TRADE
NSW1,2009/3/22 9:00,8225.2,22.54,TRADE
NSW1,2009/3/22 9:30,8371.23,22,TRADE
NSW1,2009/3/22 10:00,8438.55,24.32,TRADE
NSW1,2009/3/22 10:30,8511.01,23.14,TRADE
NSW1,2009/3/22 11:00,8559.8,21.81,TRADE
NSW1,2009/3/22 11:30,8559.96,22,TRADE
NSW1,2009/3/22 12:00,8574.77,22,TRADE
NSW1,2009/3/22 12:30,8565.85,22,TRADE
NSW1,2009/3/22 13:00,8552.61,22,TRADE
NSW1,2009/3/22 13:30,8548.19,22,TRADE
NSW1,2009/3/22 14:00,8558.44,22,TRADE
NSW1,2009/3/22 14:30,8588.16,22,TRADE
NSW1,2009/3/22 15:00,8623.69,22,TRADE
NSW1,2009/3/22 15:30,8673.7,21.94,TRADE
NSW1,2009/3/22 16:00,8688.63,22.23,TRADE
NSW1,2009/3/22 16:30,8661.53,22,TRADE
NSW1,2009/3/22 17:00,8727.99,22,TRADE
NSW1,2009/3/22 17:30,8800.05,22.13,TRADE
NSW1,2009/3/22 18:00,8800.48,22.43,TRADE
NSW1,2009/3/22 18:30,8896.99,24.86,TRADE
NSW1,2009/3/22 19:00,9056.82,28.04,TRADE
NSW1,2009/3/22 19:30,8891.07,25.96,TRADE
NSW1,2009/3/22 20:00,8693.3,22.3,TRADE
NSW1,2009/3/22 20:30,8368.09,21.1,TRADE
NSW1,2009/3/22 21:00,8067.35,20.9,TRADE
NSW1,2009/3/22 21:30,7902.11,21.08,TRADE
NSW1,2009/3/22 22:00,7683.36,18.8,TRADE
NSW1,2009/3/22 22:30,7627.63,22.43,TRADE
NSW1,2009/3/22 23:00,7385.85,20.58,TRADE
NSW1,2009/3/22 23:30,7224.99,20.89,TRADE
NSW1,2009/3/23 0:00,7060.01,20.34,TRADE
NSW1,2009/3/23 0:30,6904.43,20.13,TRADE
NSW1,2009/3/23 1:00,6741.49,19.13,TRADE
NSW1,2009/3/23 1:30,6489.13,18.75,TRADE
NSW1,2009/3/23 2:00,6344.83,16.49,TRADE
NSW1,2009/3/23 2:30,6215.13,14.35,TRADE
NSW1,2009/3/23 3:00,6194.38,12.82,TRADE
NSW1,2009/3/23 3:30,6203,12.36,TRADE
NSW1,2009/3/23 4:00,6308.26,13.24,TRADE
NSW1,2009/3/23 4:30,6530.48,16.64,TRADE
NSW1,2009/3/23 5:00,6853.12,19.21,TRADE
NSW1,2009/3/23 5:30,7479.83,21.17,TRADE
NSW1,2009/3/23 6:00,8180.26,21.87,TRADE
NSW1,2009/3/23 6:30,8620.85,28.02,TRADE
NSW1,2009/3/23 7:00,9054.93,23.47,TRADE
NSW1,2009/3/23 7:30,9273.84,25.02,TRADE
NSW1,2009/3/23 8:00,9388.96,25.27,TRADE
NSW1,2009/3/23 8:30,9677.48,28.87,TRADE
NSW1,2009/3/23 9:00,9838.71,31.02,TRADE
NSW1,2009/3/23 9:30,10010.76,31.78,TRADE
NSW1,2009/3/23 10:00,10097.06,32.25,TRADE
NSW1,2009/3/23 10:30,10166.12,34.84,TRADE
NSW1,2009/3/23 11:00,10291.05,38.42,TRADE
NSW1,2009/3/23 11:30,10339.35,38.24,TRADE
NSW1,2009/3/23 12:00,10397.34,39.87,TRADE
NSW1,2009/3/23 12:30,10441.64,41.1,TRADE
NSW1,2009/3/23 13:00,10488.61,36.83,TRADE
NSW1,2009/3/23 13:30,10539.61,36.04,TRADE
NSW1,2009/3/23 14:00,10515.38,33.5,TRADE
NSW1,2009/3/23 14:30,10558.79,33.31,TRADE
NSW1,2009/3/23 15:00,10651.53,32.79,TRADE
NSW1,2009/3/23 15:30,10668.65,34.77,TRADE
NSW1,2009/3/23 16:00,10641.84,34.36,TRADE
NSW1,2009/3/23 16:30,10597.86,37.43,TRADE
NSW1,2009/3/23 17:00,10438.81,33.24,TRADE
NSW1,2009/3/23 17:30,10088.22,27.35,TRADE
NSW1,2009/3/23 18:00,9913.5,25.6,TRADE
NSW1,2009/3/23 18:30,9841.41,25.87,TRADE
NSW1,2009/3/23 19:00,9826.52,28.57,TRADE
NSW1,2009/3/23 19:30,9601.64,28.62,TRADE
NSW1,2009/3/23 20:00,9323.67,25.71,TRADE
NSW1,2009/3/23 20:30,8959.93,22.57,TRADE
NSW1,2009/3/23 21:00,8624.83,21.65,TRADE
NSW1,2009/3/23 21:30,8562.75,21.79,TRADE
NSW1,2009/3/23 22:00,8315.05,20.62,TRADE
NSW1,2009/3/23 22:30,8309.79,24.48,TRADE
NSW1,2009/3/23 23:00,8102.34,22.25,TRADE
NSW1,2009/3/23 23:30,7985.09,23.15,TRADE
NSW1,2009/3/24 0:00,7838.47,21.82,TRADE
NSW1,2009/3/24 0:30,7609.05,20.39,TRADE
NSW1,2009/3/24 1:00,7366.68,18.11,TRADE
NSW1,2009/3/24 1:30,7017.85,21.73,TRADE
NSW1,2009/3/24 2:00,6731.16,20.29,TRADE
NSW1,2009/3/24 2:30,6541.94,16.59,TRADE
NSW1,2009/3/24 3:00,6459.4,17.18,TRADE
NSW1,2009/3/24 3:30,6457.78,16.47,TRADE
NSW1,2009/3/24 4:00,6521.23,18.16,TRADE
NSW1,2009/3/24 4:30,6753.28,20.4,TRADE
NSW1,2009/3/24 5:00,7101.52,22.03,TRADE
NSW1,2009/3/24 5:30,7760.03,22,TRADE
NSW1,2009/3/24 6:00,8422.39,22.77,TRADE
NSW1,2009/3/24 6:30,8827.66,29.44,TRADE
NSW1,2009/3/24 7:00,9195.05,28.04,TRADE
NSW1,2009/3/24 7:30,9364.06,26.65,TRADE
NSW1,2009/3/24 8:00,9540.4,27.4,TRADE
NSW1,2009/3/24 8:30,9840.46,31.54,TRADE
NSW1,2009/3/24 9:00,10064.56,34.97,TRADE
NSW1,2009/3/24 9:30,10205.92,35.94,TRADE
NSW1,2009/3/24 10:00,10280.89,32.96,TRADE
NSW1,2009/3/24 10:30,10417.31,32.62,TRADE
NSW1,2009/3/24 11:00,10492.8,32.43,TRADE
NSW1,2009/3/24 11:30,10559.86,32.68,TRADE
NSW1,2009/3/24 12:00,10678.53,33.72,TRADE
NSW1,2009/3/24 12:30,10759.1,37.11,TRADE
NSW1,2009/3/24 13:00,10835.66,36.48,TRADE
NSW1,2009/3/24 13:30,10974.96,38.11,TRADE
NSW1,2009/3/24 14:00,10992.11,35.62,TRADE
NSW1,2009/3/24 14:30,10993.7,34.04,TRADE
NSW1,2009/3/24 15:00,11075.52,36.12,TRADE
NSW1,2009/3/24 15:30,11127.42,38.51,TRADE
NSW1,2009/3/24 16:00,11081.22,34.39,TRADE
NSW1,2009/3/24 16:30,10983.24,37.12,TRADE
NSW1,2009/3/24 17:00,10775.37,33.38,TRADE
NSW1,2009/3/24 17:30,10399.19,27.47,TRADE
NSW1,2009/3/24 18:00,10247.5,28.98,TRADE
NSW1,2009/3/24 18:30,10162.81,28.59,TRADE
NSW1,2009/3/24 19:00,10183.76,31.58,TRADE
NSW1,2009/3/24 19:30,9929.44,26.86,TRADE
NSW1,2009/3/24 20:00,9633.86,24.44,TRADE
NSW1,2009/3/24 20:30,9260.26,22.14,TRADE
NSW1,2009/3/24 21:00,8875.26,22.09,TRADE
NSW1,2009/3/24 21:30,8865.63,22.27,TRADE
NSW1,2009/3/24 22:00,8553.47,21.31,TRADE
NSW1,2009/3/24 22:30,8449.41,23.77,TRADE
NSW1,2009/3/24 23:00,8276.31,22.6,TRADE
NSW1,2009/3/24 23:30,8105.51,23.22,TRADE
NSW1,2009/3/25 0:00,7910.19,22,TRADE
NSW1,2009/3/25 0:30,7697.06,19.77,TRADE
NSW1,2009/3/25 1:00,7419.06,17.53,TRADE
NSW1,2009/3/25 1:30,7069.17,19.87,TRADE
NSW1,2009/3/25 2:00,6777.32,14.75,TRADE
NSW1,2009/3/25 2:30,6566.8,11.89,TRADE
NSW1,2009/3/25 3:00,6513.57,11.91,TRADE
NSW1,2009/3/25 3:30,6499.33,12,TRADE
NSW1,2009/3/25 4:00,6555.93,12,TRADE
NSW1,2009/3/25 4:30,6774.56,16.18,TRADE
NSW1,2009/3/25 5:00,7107.81,18.68,TRADE
NSW1,2009/3/25 5:30,7743.44,22.25,TRADE
NSW1,2009/3/25 6:00,8381.23,21.73,TRADE
NSW1,2009/3/25 6:30,8847.2,27.04,TRADE
NSW1,2009/3/25 7:00,9255.63,24.18,TRADE
NSW1,2009/3/25 7:30,9394.7,23.65,TRADE
NSW1,2009/3/25 8:00,9553.77,24.93,TRADE
NSW1,2009/3/25 8:30,9781.99,27.62,TRADE
NSW1,2009/3/25 9:00,9979.05,30.13,TRADE
NSW1,2009/3/25 9:30,10170.5,31.61,TRADE
NSW1,2009/3/25 10:00,10258.64,33.28,TRADE
NSW1,2009/3/25 10:30,10331.41,34.06,TRADE
NSW1,2009/3/25 11:00,10454.7,33.91,TRADE
NSW1,2009/3/25 11:30,10668.65,40.07,TRADE
NSW1,2009/3/25 12:00,10619.81,52.8,TRADE
NSW1,2009/3/25 12:30,10734.48,48.01,TRADE
NSW1,2009/3/25 13:00,10841.21,46.14,TRADE
NSW1,2009/3/25 13:30,10950.23,48.06,TRADE
NSW1,2009/3/25 14:00,11011.77,45.5,TRADE
NSW1,2009/3/25 14:30,10975.51,44.39,TRADE
NSW1,2009/3/25 15:00,11059.31,41.74,TRADE
NSW1,2009/3/25 15:30,11149.26,41.21,TRADE
NSW1,2009/3/25 16:00,11136.82,36.29,TRADE
NSW1,2009/3/25 16:30,11001.3,35.65,TRADE
NSW1,2009/3/25 17:00,10716.5,29.96,TRADE
NSW1,2009/3/25 17:30,10320.78,26.02,TRADE
NSW1,2009/3/25 18:00,10203.39,25.96,TRADE
NSW1,2009/3/25 18:30,10101.88,23.63,TRADE
NSW1,2009/3/25 19:00,9914.81,22.93,TRADE
NSW1,2009/3/25 19:30,9684.96,22,TRADE
NSW1,2009/3/25 20:00,9361.69,21.91,TRADE
NSW1,2009/3/25 20:30,9022.87,21.87,TRADE
NSW1,2009/3/25 21:00,8669,20.98,TRADE
NSW1,2009/3/25 21:30,8581.39,20.63,TRADE
NSW1,2009/3/25 22:00,8328.66,17.28,TRADE
NSW1,2009/3/25 22:30,8300.76,19.22,TRADE
NSW1,2009/3/25 23:00,8137.67,17.57,TRADE
NSW1,2009/3/25 23:30,7942.8,17.8,TRADE
NSW1,2009/3/26 0:00,7774.69,17,TRADE
NSW1,2009/3/26 0:30,7580.3,17,TRADE
NSW1,2009/3/26 1:00,7304.8,14.54,TRADE
NSW1,2009/3/26 1:30,6961.28,16.22,TRADE
NSW1,2009/3/26 2:00,6707.35,12.85,TRADE
NSW1,2009/3/26 2:30,6544.98,10.09,TRADE
NSW1,2009/3/26 3:00,6447.45,8.76,TRADE
NSW1,2009/3/26 3:30,6458.42,9.28,TRADE
NSW1,2009/3/26 4:00,6533.86,9.47,TRADE
NSW1,2009/3/26 4:30,6730.83,11.12,TRADE
NSW1,2009/3/26 5:00,7014.76,13.76,TRADE
NSW1,2009/3/26 5:30,7678.17,17.41,TRADE
NSW1,2009/3/26 6:00,8346.02,20.32,TRADE
NSW1,2009/3/26 6:30,8786.48,22.57,TRADE
NSW1,2009/3/26 7:00,9226.87,22.75,TRADE
NSW1,2009/3/26 7:30,9395.09,22,TRADE
NSW1,2009/3/26 8:00,9575.12,22.02,TRADE
NSW1,2009/3/26 8:30,9926.9,23.36,TRADE
NSW1,2009/3/26 9:00,10103.68,23.74,TRADE
NSW1,2009/3/26 9:30,10264.21,23.81,TRADE
NSW1,2009/3/26 10:00,10373.99,24.96,TRADE
NSW1,2009/3/26 10:30,10460.17,25.54,TRADE
NSW1,2009/3/26 11:00,10549.01,28.27,TRADE
NSW1,2009/3/26 11:30,10574.49,27.66,TRADE
NSW1,2009/3/26 12:00,10621.41,24.79,TRADE
NSW1,2009/3/26 12:30,10696.43,27.38,TRADE
NSW1,2009/3/26 13:00,10826.78,30.39,TRADE
NSW1,2009/3/26 13:30,10912.27,30.38,TRADE
NSW1,2009/3/26 14:00,10941.64,30.55,TRADE
NSW1,2009/3/26 14:30,10952.2,30.21,TRADE
NSW1,2009/3/26 15:00,11009.85,30.67,TRADE
NSW1,2009/3/26 15:30,10950.86,31.58,TRADE
NSW1,2009/3/26 16:00,10757.48,30.78,TRADE
NSW1,2009/3/26 16:30,10653.54,27.64,TRADE
NSW1,2009/3/26 17:00,10629.81,25.15,TRADE
NSW1,2009/3/26 17:30,10431.79,24.91,TRADE
NSW1,2009/3/26 18:00,10349.45,25.15,TRADE
NSW1,2009/3/26 18:30,10354.04,25.27,TRADE
NSW1,2009/3/26 19:00,10299.22,25.75,TRADE
NSW1,2009/3/26 19:30,10070.72,25.08,TRADE
NSW1,2009/3/26 20:00,9836.08,23.07,TRADE
NSW1,2009/3/26 20:30,9333.07,21.09,TRADE
NSW1,2009/3/26 21:00,8924.4,20.8,TRADE
NSW1,2009/3/26 21:30,8802.32,21.26,TRADE
NSW1,2009/3/26 22:00,8489.12,16.91,TRADE
NSW1,2009/3/26 22:30,8477.25,20.32,TRADE
NSW1,2009/3/26 23:00,8259.51,17.96,TRADE
NSW1,2009/3/26 23:30,8048.16,18.17,TRADE
NSW1,2009/3/27 0:00,7866.65,17,TRADE
NSW1,2009/3/27 0:30,7646.27,16.64,TRADE
NSW1,2009/3/27 1:00,7386.04,13.77,TRADE
NSW1,2009/3/27 1:30,7033.35,15.46,TRADE
NSW1,2009/3/27 2:00,6757.02,11.88,TRADE
NSW1,2009/3/27 2:30,6582.64,8.75,TRADE
NSW1,2009/3/27 3:00,6504.82,8.28,TRADE
NSW1,2009/3/27 3:30,6501.49,9.36,TRADE
NSW1,2009/3/27 4:00,6546.32,7.28,TRADE
NSW1,2009/3/27 4:30,6752.9,11.96,TRADE
NSW1,2009/3/27 5:00,7030.59,12.55,TRADE
NSW1,2009/3/27 5:30,7674.94,18.44,TRADE
NSW1,2009/3/27 6:00,8271.9,20.49,TRADE
NSW1,2009/3/27 6:30,8769.96,23.65,TRADE
NSW1,2009/3/27 7:00,9213.91,23.26,TRADE
NSW1,2009/3/27 7:30,9409.2,22.93,TRADE
NSW1,2009/3/27 8:00,9536.35,22.25,TRADE
NSW1,2009/3/27 8:30,9749.72,23.94,TRADE
NSW1,2009/3/27 9:00,9857.05,23.84,TRADE
NSW1,2009/3/27 9:30,9903.04,25.2,TRADE
NSW1,2009/3/27 10:00,9874.48,27.51,TRADE
NSW1,2009/3/27 10:30,9804.04,24.89,TRADE
NSW1,2009/3/27 11:00,9849.82,27.44,TRADE
NSW1,2009/3/27 11:30,9844.83,26.15,TRADE
NSW1,2009/3/27 12:00,9805.4,28.8,TRADE
NSW1,2009/3/27 12:30,9765.29,28.08,TRADE
NSW1,2009/3/27 13:00,9725.39,30.65,TRADE
NSW1,2009/3/27 13:30,9718.41,31.11,TRADE
NSW1,2009/3/27 14:00,9629.51,29.46,TRADE
NSW1,2009/3/27 14:30,9596.19,30.59,TRADE
NSW1,2009/3/27 15:00,9603.86,28.84,TRADE
NSW1,2009/3/27 15:30,9599.84,28.62,TRADE
NSW1,2009/3/27 16:00,9541.54,25.71,TRADE
NSW1,2009/3/27 16:30,9455.74,28.58,TRADE
NSW1,2009/3/27 17:00,9322.06,26.72,TRADE
NSW1,2009/3/27 17:30,8998.56,21.98,TRADE
NSW1,2009/3/27 18:00,8941.29,22,TRADE
NSW1,2009/3/27 18:30,8977.22,22,TRADE
NSW1,2009/3/27 19:00,9015.08,22.06,TRADE
NSW1,2009/3/27 19:30,8864.68,22.05,TRADE
NSW1,2009/3/27 20:00,8680.62,22,TRADE
NSW1,2009/3/27 20:30,8413.09,21.46,TRADE
NSW1,2009/3/27 21:00,8134.18,20.97,TRADE
NSW1,2009/3/27 21:30,8192.23,21.41,TRADE
NSW1,2009/3/27 22:00,8084.29,18.63,TRADE
NSW1,2009/3/27 22:30,8140.55,22.98,TRADE
NSW1,2009/3/27 23:00,7998.79,20.38,TRADE
NSW1,2009/3/27 23:30,7822.74,20.75,TRADE
NSW1,2009/3/28 0:00,7674.15,20.65,TRADE
NSW1,2009/3/28 0:30,7465.95,16.99,TRADE
NSW1,2009/3/28 1:00,7168.24,16.55,TRADE
NSW1,2009/3/28 1:30,6830.56,18.76,TRADE
NSW1,2009/3/28 2:00,6531.26,15.96,TRADE
NSW1,2009/3/28 2:30,6308.26,11.5,TRADE
NSW1,2009/3/28 3:00,6175.84,9.36,TRADE
NSW1,2009/3/28 3:30,6137.29,8.16,TRADE
NSW1,2009/3/28 4:00,6154.49,4.93,TRADE
NSW1,2009/3/28 4:30,6235.71,7.64,TRADE
NSW1,2009/3/28 5:00,6338.65,10.65,TRADE
NSW1,2009/3/28 5:30,6566.84,16.51,TRADE
NSW1,2009/3/28 6:00,6787.65,19.32,TRADE
NSW1,2009/3/28 6:30,7021.07,17.22,TRADE
NSW1,2009/3/28 7:00,7436.82,20.25,TRADE
NSW1,2009/3/28 7:30,7790.67,21.29,TRADE
NSW1,2009/3/28 8:00,8129.03,23.28,TRADE
NSW1,2009/3/28 8:30,8519.41,23.3,TRADE
NSW1,2009/3/28 9:00,8649.79,22.25,TRADE
NSW1,2009/3/28 9:30,8757.1,22.35,TRADE
NSW1,2009/3/28 10:00,8702.67,22,TRADE
NSW1,2009/3/28 10:30,8583.44,21.99,TRADE
NSW1,2009/3/28 11:00,8548.13,22,TRADE
NSW1,2009/3/28 11:30,8508.73,22,TRADE
NSW1,2009/3/28 12:00,8498.52,22,TRADE
NSW1,2009/3/28 12:30,8466.64,22,TRADE
NSW1,2009/3/28 13:00,8443.46,22,TRADE
NSW1,2009/3/28 13:30,8395.28,22,TRADE
NSW1,2009/3/28 14:00,8358.7,22,TRADE
NSW1,2009/3/28 14:30,8375.68,22,TRADE
NSW1,2009/3/28 15:00,8395.77,22,TRADE
NSW1,2009/3/28 15:30,8434.26,22,TRADE
NSW1,2009/3/28 16:00,8468.67,22,TRADE
NSW1,2009/3/28 16:30,8362.68,22,TRADE
NSW1,2009/3/28 17:00,8381.53,22,TRADE
NSW1,2009/3/28 17:30,8301.02,22,TRADE
NSW1,2009/3/28 18:00,8283.93,22,TRADE
NSW1,2009/3/28 18:30,8421.18,22,TRADE
NSW1,2009/3/28 19:00,8490.39,22,TRADE
NSW1,2009/3/28 19:30,8282.54,21.95,TRADE
NSW1,2009/3/28 20:00,7939.56,21.47,TRADE
NSW1,2009/3/28 20:30,7729.56,20.5,TRADE
NSW1,2009/3/28 21:00,7607.68,19.07,TRADE
NSW1,2009/3/28 21:30,7655.42,20.16,TRADE
NSW1,2009/3/28 22:00,7606.59,19.06,TRADE
NSW1,2009/3/28 22:30,7621.61,23.38,TRADE
NSW1,2009/3/28 23:00,7449.43,21.21,TRADE
NSW1,2009/3/28 23:30,7293.44,21.82,TRADE
NSW1,2009/3/29 0:00,7168.7,18.9,TRADE
NSW1,2009/3/29 0:30,6966.2,16.54,TRADE
NSW1,2009/3/29 1:00,6783.41,16.79,TRADE
NSW1,2009/3/29 1:30,6517.77,16.64,TRADE
NSW1,2009/3/29 2:00,6260.54,15.48,TRADE
NSW1,2009/3/29 2:30,6120.26,11.99,TRADE
NSW1,2009/3/29 3:00,6050.79,8.99,TRADE
NSW1,2009/3/29 3:30,6016.9,8.34,TRADE
NSW1,2009/3/29 4:00,6024.09,7.43,TRADE
NSW1,2009/3/29 4:30,6057.58,9.7,TRADE
NSW1,2009/3/29 5:00,6123.96,10.29,TRADE
NSW1,2009/3/29 5:30,6233.32,13.11,TRADE
NSW1,2009/3/29 6:00,6368.18,16.92,TRADE
NSW1,2009/3/29 6:30,6500.9,16.46,TRADE
NSW1,2009/3/29 7:00,6805.55,17.76,TRADE
NSW1,2009/3/29 7:30,7212.22,18.33,TRADE
NSW1,2009/3/29 8:00,7516.03,21.44,TRADE
NSW1,2009/3/29 8:30,7868.87,22.02,TRADE
NSW1,2009/3/29 9:00,8058.02,22.21,TRADE
NSW1,2009/3/29 9:30,8207,22.5,TRADE
NSW1,2009/3/29 10:00,8277.08,23.23,TRADE
NSW1,2009/3/29 10:30,8313.29,25.65,TRADE
NSW1,2009/3/29 11:00,8359.25,28.36,TRADE
NSW1,2009/3/29 11:30,8367.19,29.76,TRADE
NSW1,2009/3/29 12:00,8369.91,29.3,TRADE
NSW1,2009/3/29 12:30,8304.84,26.77,TRADE
NSW1,2009/3/29 13:00,8216.69,22.94,TRADE
NSW1,2009/3/29 13:30,8175.09,23.9,TRADE
NSW1,2009/3/29 14:00,8146.17,22.67,TRADE
NSW1,2009/3/29 14:30,8190.38,23.02,TRADE
NSW1,2009/3/29 15:00,8241.69,24.17,TRADE
NSW1,2009/3/29 15:30,8314.83,27.13,TRADE
NSW1,2009/3/29 16:00,8317.66,28.13,TRADE
NSW1,2009/3/29 16:30,8277.12,26.08,TRADE
NSW1,2009/3/29 17:00,8330.46,25.84,TRADE
NSW1,2009/3/29 17:30,8385.39,25.83,TRADE
NSW1,2009/3/29 18:00,8443.86,25.66,TRADE
NSW1,2009/3/29 18:30,8676.79,32.18,TRADE
NSW1,2009/3/29 19:00,8692.05,32.16,TRADE
NSW1,2009/3/29 19:30,8541.22,29.18,TRADE
NSW1,2009/3/29 20:00,8363.99,22.76,TRADE
NSW1,2009/3/29 20:30,8097.05,21.55,TRADE
NSW1,2009/3/29 21:00,7807.56,20.86,TRADE
NSW1,2009/3/29 21:30,7699.76,21.82,TRADE
NSW1,2009/3/29 22:00,7528.29,19.29,TRADE
NSW1,2009/3/29 22:30,7463.16,21.64,TRADE
NSW1,2009/3/29 23:00,7283.74,19.75,TRADE
NSW1,2009/3/29 23:30,7095.54,19.22,TRADE
NSW1,2009/3/30 0:00,6991.77,18.42,TRADE
NSW1,2009/3/30 0:30,6863.64,16.84,TRADE
NSW1,2009/3/30 1:00,6737.63,17.46,TRADE
NSW1,2009/3/30 1:30,6499.49,16.87,TRADE
NSW1,2009/3/30 2:00,6346.8,15.59,TRADE
NSW1,2009/3/30 2:30,6245.16,11.28,TRADE
NSW1,2009/3/30 3:00,6184.46,10.33,TRADE
NSW1,2009/3/30 3:30,6209.46,10.48,TRADE
NSW1,2009/3/30 4:00,6273.94,10.6,TRADE
NSW1,2009/3/30 4:30,6508.38,15.83,TRADE
NSW1,2009/3/30 5:00,6795.03,18.78,TRADE
NSW1,2009/3/30 5:30,7448.37,24.94,TRADE
NSW1,2009/3/30 6:00,8101.76,22,TRADE
NSW1,2009/3/30 6:30,8574.78,28.23,TRADE
NSW1,2009/3/30 7:00,9040.23,37.87,TRADE
NSW1,2009/3/30 7:30,9212.09,30.03,TRADE
NSW1,2009/3/30 8:00,9340.77,26.13,TRADE
NSW1,2009/3/30 8:30,9610.94,31.61,TRADE
NSW1,2009/3/30 9:00,9743.42,32.71,TRADE
NSW1,2009/3/30 9:30,9845.32,31.4,TRADE
NSW1,2009/3/30 10:00,9924.27,32.92,TRADE
NSW1,2009/3/30 10:30,9967.8,36.3,TRADE
NSW1,2009/3/30 11:00,9957.66,35.68,TRADE
NSW1,2009/3/30 11:30,9953.18,39.77,TRADE
NSW1,2009/3/30 12:00,9947.81,44.88,TRADE
NSW1,2009/3/30 12:30,9981.33,36.86,TRADE
NSW1,2009/3/30 13:00,9963.26,34.02,TRADE
NSW1,2009/3/30 13:30,9982.99,33.94,TRADE
NSW1,2009/3/30 14:00,9934.2,32.99,TRADE
NSW1,2009/3/30 14:30,9894.12,32.08,TRADE
NSW1,2009/3/30 15:00,9921.67,34.17,TRADE
NSW1,2009/3/30 15:30,9956.71,35.08,TRADE
NSW1,2009/3/30 16:00,9663.71,28.77,TRADE
NSW1,2009/3/30 16:30,9557.23,33.29,TRADE
NSW1,2009/3/30 17:00,9496.52,32.21,TRADE
NSW1,2009/3/30 17:30,9271.47,26.63,TRADE
NSW1,2009/3/30 18:00,9445.88,30.07,TRADE
NSW1,2009/3/30 18:30,9520.71,32.13,TRADE
NSW1,2009/3/30 19:00,9402.88,32.26,TRADE
NSW1,2009/3/30 19:30,9253.64,28.37,TRADE
NSW1,2009/3/30 20:00,9020.47,24.22,TRADE
NSW1,2009/3/30 20:30,8668.79,21.57,TRADE
NSW1,2009/3/30 21:00,8362.14,20.92,TRADE
NSW1,2009/3/30 21:30,8372.06,21.51,TRADE
NSW1,2009/3/30 22:00,8145.73,20.37,TRADE
NSW1,2009/3/30 22:30,8207.25,23.51,TRADE
NSW1,2009/3/30 23:00,8050.87,21.55,TRADE
NSW1,2009/3/30 23:30,7936.07,22.21,TRADE
NSW1,2009/3/31 0:00,7777.27,20.9,TRADE
NSW1,2009/3/31 0:30,7595.86,17.53,TRADE
NSW1,2009/3/31 1:00,7390.96,16.95,TRADE
NSW1,2009/3/31 1:30,7035.78,18.44,TRADE
NSW1,2009/3/31 2:00,6751.56,16.07,TRADE
NSW1,2009/3/31 2:30,6551.78,12.77,TRADE
NSW1,2009/3/31 3:00,6448.59,10.41,TRADE
NSW1,2009/3/31 3:30,6449.21,10.3,TRADE
NSW1,2009/3/31 4:00,6537.42,10.98,TRADE
NSW1,2009/3/31 4:30,6753.91,15.19,TRADE
NSW1,2009/3/31 5:00,7065.01,18.27,TRADE
NSW1,2009/3/31 5:30,7689.75,22.34,TRADE
NSW1,2009/3/31 6:00,8363.94,22.32,TRADE
NSW1,2009/3/31 6:30,8900.19,28.8,TRADE
NSW1,2009/3/31 7:00,9270.22,37.12,TRADE
NSW1,2009/3/31 7:30,9427.28,26.47,TRADE
NSW1,2009/3/31 8:00,9500.79,25.8,TRADE
NSW1,2009/3/31 8:30,9719.4,31.29,TRADE
NSW1,2009/3/31 9:00,9831.33,32,TRADE
NSW1,2009/3/31 9:30,9870.3,31.5,TRADE
NSW1,2009/3/31 10:00,9871.72,31.54,TRADE
NSW1,2009/3/31 10:30,9843.27,32.24,TRADE
NSW1,2009/3/31 11:00,9851.92,33.6,TRADE
NSW1,2009/3/31 11:30,9881.98,34.38,TRADE
NSW1,2009/3/31 12:00,9834.06,33.99,TRADE
NSW1,2009/3/31 12:30,9873.45,37.31,TRADE
NSW1,2009/3/31 13:00,9855.22,34.51,TRADE
NSW1,2009/3/31 13:30,9816.1,33.53,TRADE
NSW1,2009/3/31 14:00,9751.42,46.78,TRADE
NSW1,2009/3/31 14:30,9684.57,39.58,TRADE
NSW1,2009/3/31 15:00,9703.08,38.64,TRADE
NSW1,2009/3/31 15:30,9719.8,38.66,TRADE
NSW1,2009/3/31 16:00,9770.96,48.26,TRADE
NSW1,2009/3/31 16:30,9821.86,44.36,TRADE
NSW1,2009/3/31 17:00,9861.35,39.27,TRADE
NSW1,2009/3/31 17:30,9638.91,33.56,TRADE
NSW1,2009/3/31 18:00,9641.51,32.01,TRADE
NSW1,2009/3/31 18:30,9563.86,34.07,TRADE
NSW1,2009/3/31 19:00,9405.71,32.57,TRADE
NSW1,2009/3/31 19:30,9207.14,25.85,TRADE
NSW1,2009/3/31 20:00,8976.28,23.66,TRADE
NSW1,2009/3/31 20:30,8596.64,22.36,TRADE
NSW1,2009/3/31 21:00,8343.95,21.67,TRADE
NSW1,2009/3/31 21:30,8406.98,21.81,TRADE
NSW1,2009/3/31 22:00,8212.76,20.5,TRADE
NSW1,2009/3/31 22:30,8242.79,22.34,TRADE
NSW1,2009/3/31 23:00,8147.66,21.79,TRADE
NSW1,2009/3/31 23:30,7979.37,22.82,TRADE
NSW1,2009/4/1 0:00,7795.04,22.17,TRADE
?NSW1,2009/4/1 0:30,7679.61,22.02,TRADE
NSW1,2009/4/1 1:00,7478.77,20.87,TRADE
NSW1,2009/4/1 1:30,7124.53,22.92,TRADE
NSW1,2009/4/1 2:00,6836.55,20.82,TRADE
NSW1,2009/4/1 2:30,6614.28,18.38,TRADE
NSW1,2009/4/1 3:00,6536.64,17.61,TRADE
NSW1,2009/4/1 3:30,6504.17,17.18,TRADE
NSW1,2009/4/1 4:00,6548.84,16.53,TRADE
NSW1,2009/4/1 4:30,6785.27,20.62,TRADE
NSW1,2009/4/1 5:00,7059.01,21.43,TRADE
NSW1,2009/4/1 5:30,7709.58,23.1,TRADE
NSW1,2009/4/1 6:00,8364.82,26.26,TRADE
NSW1,2009/4/1 6:30,8932.9,57.55,TRADE
NSW1,2009/4/1 7:00,9348.78,49.9,TRADE
NSW1,2009/4/1 7:30,9545.15,38.26,TRADE
NSW1,2009/4/1 8:00,9588.03,62.19,TRADE
NSW1,2009/4/1 8:30,9741.83,42.73,TRADE
NSW1,2009/4/1 9:00,9852.01,53.99,TRADE
NSW1,2009/4/1 9:30,9902.69,57.65,TRADE
NSW1,2009/4/1 10:00,9890.58,56.42,TRADE
NSW1,2009/4/1 10:30,9889.31,57.83,TRADE
NSW1,2009/4/1 11:00,9890.97,59.99,TRADE
NSW1,2009/4/1 11:30,9865.08,64.64,TRADE
NSW1,2009/4/1 12:00,9859,70.91,TRADE
NSW1,2009/4/1 12:30,9860.42,59.57,TRADE
NSW1,2009/4/1 13:00,9840.39,76.85,TRADE
NSW1,2009/4/1 13:30,9869.62,80.24,TRADE
NSW1,2009/4/1 14:00,9779.75,84.42,TRADE
NSW1,2009/4/1 14:30,9737.62,97.9,TRADE
NSW1,2009/4/1 15:00,9795.64,87.66,TRADE
NSW1,2009/4/1 15:30,9796.3,79.24,TRADE
NSW1,2009/4/1 16:00,9782.09,81.64,TRADE
NSW1,2009/4/1 16:30,9785.53,59.14,TRADE
NSW1,2009/4/1 17:00,9791.28,55.53,TRADE
NSW1,2009/4/1 17:30,9601.92,48.44,TRADE
NSW1,2009/4/1 18:00,9588.64,65.08,TRADE
NSW1,2009/4/1 18:30,9558.83,84.7,TRADE
NSW1,2009/4/1 19:00,9336.57,81.16,TRADE
NSW1,2009/4/1 19:30,9129.1,47.43,TRADE
NSW1,2009/4/1 20:00,8966.68,31.94,TRADE
NSW1,2009/4/1 20:30,8656.3,24.29,TRADE
NSW1,2009/4/1 21:00,8393.81,23.79,TRADE
NSW1,2009/4/1 21:30,8468.45,23.36,TRADE
NSW1,2009/4/1 22:00,8264.94,21.48,TRADE
NSW1,2009/4/1 22:30,8288.7,24.02,TRADE
NSW1,2009/4/1 23:00,8115.59,22.71,TRADE
NSW1,2009/4/1 23:30,7939.49,22.41,TRADE
NSW1,2009/4/2 0:00,7837.31,21.73,TRADE
NSW1,2009/4/2 0:30,7639.32,20.44,TRADE
NSW1,2009/4/2 1:00,7392.19,18.61,TRADE
NSW1,2009/4/2 1:30,7038.24,21.75,TRADE
NSW1,2009/4/2 2:00,6728.44,18.86,TRADE
NSW1,2009/4/2 2:30,6506.02,16.39,TRADE
NSW1,2009/4/2 3:00,6340.18,15.59,TRADE
NSW1,2009/4/2 3:30,6283.63,16.21,TRADE
NSW1,2009/4/2 4:00,6414.45,16.82,TRADE
NSW1,2009/4/2 4:30,6647.17,17.49,TRADE
NSW1,2009/4/2 5:00,6943.79,20.83,TRADE
NSW1,2009/4/2 5:30,7618.67,22,TRADE
NSW1,2009/4/2 6:00,8279.24,25.56,TRADE
NSW1,2009/4/2 6:30,8844.53,37.42,TRADE
NSW1,2009/4/2 7:00,9317.41,57.93,TRADE
NSW1,2009/4/2 7:30,9416.28,58.38,TRADE
NSW1,2009/4/2 8:00,9506.02,64.59,TRADE
NSW1,2009/4/2 8:30,9717.93,85.19,TRADE
NSW1,2009/4/2 9:00,9827.47,66.94,TRADE
NSW1,2009/4/2 9:30,9930.75,70.69,TRADE
NSW1,2009/4/2 10:00,10002.87,90.11,TRADE
NSW1,2009/4/2 10:30,9909.44,86.66,TRADE
NSW1,2009/4/2 11:00,9916.51,90.53,TRADE
NSW1,2009/4/2 11:30,9991.64,93.53,TRADE
NSW1,2009/4/2 12:00,10002.17,98.34,TRADE
NSW1,2009/4/2 12:30,10003.41,105.69,TRADE
NSW1,2009/4/2 13:00,9967.45,101.37,TRADE
NSW1,2009/4/2 13:30,10033.11,96.03,TRADE
NSW1,2009/4/2 14:00,10024.06,85.6,TRADE
NSW1,2009/4/2 14:30,9949.97,83.54,TRADE
NSW1,2009/4/2 15:00,9972.61,99.87,TRADE
NSW1,2009/4/2 15:30,9948.33,118.2,TRADE
NSW1,2009/4/2 16:00,9962.29,93.82,TRADE
NSW1,2009/4/2 16:30,9907.08,91.49,TRADE
NSW1,2009/4/2 17:00,9890.61,93.66,TRADE
NSW1,2009/4/2 17:30,9629.54,70.67,TRADE
NSW1,2009/4/2 18:00,9642.79,78.28,TRADE
NSW1,2009/4/2 18:30,9682.32,93.56,TRADE
NSW1,2009/4/2 19:00,9591.83,98.21,TRADE
NSW1,2009/4/2 19:30,9430.62,84.59,TRADE
NSW1,2009/4/2 20:00,9199.17,64.96,TRADE
NSW1,2009/4/2 20:30,8824.72,40.66,TRADE
NSW1,2009/4/2 21:00,8551.8,32.61,TRADE
NSW1,2009/4/2 21:30,8555.05,32.92,TRADE
NSW1,2009/4/2 22:00,8375.07,25.91,TRADE
NSW1,2009/4/2 22:30,8407.5,30.33,TRADE
NSW1,2009/4/2 23:00,8167.77,30.04,TRADE
NSW1,2009/4/2 23:30,7978.87,32.75,TRADE
NSW1,2009/4/3 0:00,7845.42,28.13,TRADE
NSW1,2009/4/3 0:30,7669.23,22.19,TRADE
NSW1,2009/4/3 1:00,7426.39,21.73,TRADE
NSW1,2009/4/3 1:30,7095.42,24.7,TRADE
NSW1,2009/4/3 2:00,6764.74,21.46,TRADE
NSW1,2009/4/3 2:30,6538.06,19.7,TRADE
NSW1,2009/4/3 3:00,6444.77,17.99,TRADE
NSW1,2009/4/3 3:30,6425.07,17.3,TRADE
NSW1,2009/4/3 4:00,6470.16,17.6,TRADE
NSW1,2009/4/3 4:30,6688.21,20.4,TRADE
NSW1,2009/4/3 5:00,7008.78,20.67,TRADE
NSW1,2009/4/3 5:30,7639.73,25.42,TRADE
NSW1,2009/4/3 6:00,8347.19,42.29,TRADE
NSW1,2009/4/3 6:30,8843.75,50.39,TRADE
NSW1,2009/4/3 7:00,9308,59.27,TRADE
NSW1,2009/4/3 7:30,9509.56,79.53,TRADE
NSW1,2009/4/3 8:00,9598.86,63.49,TRADE
NSW1,2009/4/3 8:30,9818.8,81.45,TRADE
NSW1,2009/4/3 9:00,9972.62,84.2,TRADE
NSW1,2009/4/3 9:30,10107.23,77.02,TRADE
NSW1,2009/4/3 10:00,10160.27,66.48,TRADE
NSW1,2009/4/3 10:30,10171.55,65.65,TRADE
NSW1,2009/4/3 11:00,10228.35,70.28,TRADE
NSW1,2009/4/3 11:30,10210.29,65.15,TRADE
NSW1,2009/4/3 12:00,10167.77,63.04,TRADE
NSW1,2009/4/3 12:30,10173.22,61.6,TRADE
NSW1,2009/4/3 13:00,10171.3,67.83,TRADE
NSW1,2009/4/3 13:30,10217.31,64.51,TRADE
NSW1,2009/4/3 14:00,10162.81,63.95,TRADE
NSW1,2009/4/3 14:30,10173.53,72.81,TRADE
NSW1,2009/4/3 15:00,10206.79,67.72,TRADE
NSW1,2009/4/3 15:30,10201.03,61.5,TRADE
NSW1,2009/4/3 16:00,10114.59,56.7,TRADE
NSW1,2009/4/3 16:30,9950.07,43.25,TRADE
NSW1,2009/4/3 17:00,9787.29,45.66,TRADE
NSW1,2009/4/3 17:30,9510.82,39.74,TRADE
NSW1,2009/4/3 18:00,9492.3,41.42,TRADE
NSW1,2009/4/3 18:30,9554.28,43.3,TRADE
NSW1,2009/4/3 19:00,9402.8,41.85,TRADE
NSW1,2009/4/3 19:30,9196.72,37.84,TRADE
NSW1,2009/4/3 20:00,8955.74,34.54,TRADE
NSW1,2009/4/3 20:30,8712.14,34.38,TRADE
NSW1,2009/4/3 21:00,8466.29,31.05,TRADE
NSW1,2009/4/3 21:30,8489.73,31.84,TRADE
NSW1,2009/4/3 22:00,8355.92,24.44,TRADE
NSW1,2009/4/3 22:30,8406.94,30.47,TRADE
NSW1,2009/4/3 23:00,8237.22,30.53,TRADE
NSW1,2009/4/3 23:30,8018.58,32.06,TRADE
NSW1,2009/4/4 0:00,7862.31,27.19,TRADE
NSW1,2009/4/4 0:30,7671.52,21.66,TRADE
NSW1,2009/4/4 1:00,7399.42,21.94,TRADE
NSW1,2009/4/4 1:30,7072.99,25.42,TRADE
NSW1,2009/4/4 2:00,6731.48,21.15,TRADE
NSW1,2009/4/4 2:30,6498.65,20.27,TRADE
NSW1,2009/4/4 3:00,6333.59,18.26,TRADE
NSW1,2009/4/4 3:30,6280.66,19.78,TRADE
NSW1,2009/4/4 4:00,6257.55,19.56,TRADE
NSW1,2009/4/4 4:30,6296.07,19.9,TRADE
NSW1,2009/4/4 5:00,6417.89,20.54,TRADE
NSW1,2009/4/4 5:30,6681.71,21.52,TRADE
NSW1,2009/4/4 6:00,6883.48,22,TRADE
NSW1,2009/4/4 6:30,7178.41,22,TRADE
NSW1,2009/4/4 7:00,7547.96,22.24,TRADE
NSW1,2009/4/4 7:30,8043.04,23.16,TRADE
NSW1,2009/4/4 8:00,8375.56,28.35,TRADE
NSW1,2009/4/4 8:30,8739.72,36.29,TRADE
NSW1,2009/4/4 9:00,8795.83,37.49,TRADE
NSW1,2009/4/4 9:30,8832.58,39.63,TRADE
NSW1,2009/4/4 10:00,8688.6,42.48,TRADE
NSW1,2009/4/4 10:30,8613.33,40.48,TRADE
NSW1,2009/4/4 11:00,8682.96,52.84,TRADE
NSW1,2009/4/4 11:30,8620.79,51.72,TRADE
NSW1,2009/4/4 12:00,8535.42,45.66,TRADE
NSW1,2009/4/4 12:30,8432.07,43.52,TRADE
NSW1,2009/4/4 13:00,8363.57,42.08,TRADE
NSW1,2009/4/4 13:30,8273.23,36.35,TRADE
NSW1,2009/4/4 14:00,8205.45,33.6,TRADE
NSW1,2009/4/4 14:30,8212.55,33.41,TRADE
NSW1,2009/4/4 15:00,8260.8,34.34,TRADE
NSW1,2009/4/4 15:30,8235.05,31.92,TRADE
NSW1,2009/4/4 16:00,8324.4,32.9,TRADE
NSW1,2009/4/4 16:30,8254.63,32.1,TRADE
NSW1,2009/4/4 17:00,8365.93,32.54,TRADE
NSW1,2009/4/4 17:30,8391.82,33.1,TRADE
NSW1,2009/4/4 18:00,8513.14,36.39,TRADE
NSW1,2009/4/4 18:30,8555.58,36.29,TRADE
NSW1,2009/4/4 19:00,8448.52,37.27,TRADE
NSW1,2009/4/4 19:30,8267.06,32.3,TRADE
NSW1,2009/4/4 20:00,8141.63,31.92,TRADE
NSW1,2009/4/4 20:30,7959.28,29.7,TRADE
NSW1,2009/4/4 21:00,7799.32,23.48,TRADE
NSW1,2009/4/4 21:30,7827.17,26.12,TRADE
NSW1,2009/4/4 22:00,7686.71,21.84,TRADE
NSW1,2009/4/4 22:30,7721.16,24.99,TRADE
NSW1,2009/4/4 23:00,7510.77,27.89,TRADE
NSW1,2009/4/4 23:30,7282.47,25.19,TRADE
NSW1,2009/4/5 0:00,7153.94,25.18,TRADE
NSW1,2009/4/5 0:30,6979.86,22.48,TRADE
NSW1,2009/4/5 1:00,6844.17,21.94,TRADE
NSW1,2009/4/5 1:30,6548.11,22.41,TRADE
NSW1,2009/4/5 2:00,6309.45,21.5,TRADE
NSW1,2009/4/5 2:30,6110.45,19.65,TRADE
NSW1,2009/4/5 3:00,6041.95,19.99,TRADE
NSW1,2009/4/5 3:30,6028.33,18.09,TRADE
NSW1,2009/4/5 4:00,5928.31,16.56,TRADE
NSW1,2009/4/5 4:30,5964.66,17.22,TRADE
NSW1,2009/4/5 5:00,5993.33,17.1,TRADE
NSW1,2009/4/5 5:30,6089.65,18.13,TRADE
NSW1,2009/4/5 6:00,6128.88,17.1,TRADE
NSW1,2009/4/5 6:30,6414.29,18.58,TRADE
NSW1,2009/4/5 7:00,6600.32,17.92,TRADE
NSW1,2009/4/5 7:30,6972.69,20.71,TRADE
NSW1,2009/4/5 8:00,7385.9,22.05,TRADE
NSW1,2009/4/5 8:30,7767.25,23.07,TRADE
NSW1,2009/4/5 9:00,8034.74,28.85,TRADE
NSW1,2009/4/5 9:30,8218.22,32.45,TRADE
NSW1,2009/4/5 10:00,8287.76,34.38,TRADE
NSW1,2009/4/5 10:30,8388.81,37.37,TRADE
NSW1,2009/4/5 11:00,8374.79,35.68,TRADE
NSW1,2009/4/5 11:30,8320.33,34.35,TRADE
NSW1,2009/4/5 12:00,8329.7,34.93,TRADE
NSW1,2009/4/5 12:30,8285.96,35.62,TRADE
NSW1,2009/4/5 13:00,8244.99,36.19,TRADE
NSW1,2009/4/5 13:30,8200.6,34.13,TRADE
NSW1,2009/4/5 14:00,8184.55,34.02,TRADE
NSW1,2009/4/5 14:30,8178.83,33.36,TRADE
NSW1,2009/4/5 15:00,8125.91,33.33,TRADE
NSW1,2009/4/5 15:30,8165.87,33.79,TRADE
NSW1,2009/4/5 16:00,8149.97,33.86,TRADE
NSW1,2009/4/5 16:30,8185.86,34.74,TRADE
NSW1,2009/4/5 17:00,8232.52,38.43,TRADE
NSW1,2009/4/5 17:30,8325.44,44.72,TRADE
NSW1,2009/4/5 18:00,8609.63,58.97,TRADE
NSW1,2009/4/5 18:30,9031.43,61.6,TRADE
NSW1,2009/4/5 19:00,9029.59,60.56,TRADE
NSW1,2009/4/5 19:30,8695.5,42.77,TRADE
NSW1,2009/4/5 20:00,8583.19,39.12,TRADE
NSW1,2009/4/5 20:30,8362.17,32.6,TRADE
NSW1,2009/4/5 21:00,8148.09,26.53,TRADE
NSW1,2009/4/5 21:30,7924.6,22.8,TRADE
NSW1,2009/4/5 22:00,7647.97,21.51,TRADE
NSW1,2009/4/5 22:30,7640.69,22.1,TRADE
NSW1,2009/4/5 23:00,7498.41,22,TRADE
NSW1,2009/4/5 23:30,7439.35,23.25,TRADE
NSW1,2009/4/6 0:00,7317.03,22.51,TRADE
NSW1,2009/4/6 0:30,7091.66,21.41,TRADE
NSW1,2009/4/6 1:00,6975.94,20.85,TRADE
NSW1,2009/4/6 1:30,6886.05,20.72,TRADE
NSW1,2009/4/6 2:00,6731.1,17.66,TRADE
NSW1,2009/4/6 2:30,6466.94,17.03,TRADE
NSW1,2009/4/6 3:00,6251.98,15.85,TRADE
NSW1,2009/4/6 3:30,6193.93,15.69,TRADE
NSW1,2009/4/6 4:00,6132.51,15.66,TRADE
NSW1,2009/4/6 4:30,6192.37,16.12,TRADE
NSW1,2009/4/6 5:00,6280.59,19.01,TRADE
NSW1,2009/4/6 5:30,6666.59,21.99,TRADE
NSW1,2009/4/6 6:00,7020.33,21.62,TRADE
NSW1,2009/4/6 6:30,7671.17,22.87,TRADE
NSW1,2009/4/6 7:00,8350.92,25.23,TRADE
NSW1,2009/4/6 7:30,8623.49,27.79,TRADE
NSW1,2009/4/6 8:00,9033.11,33.05,TRADE
NSW1,2009/4/6 8:30,9217.64,35.94,TRADE
NSW1,2009/4/6 9:00,9279.05,43.56,TRADE
NSW1,2009/4/6 9:30,9366.92,44.92,TRADE
NSW1,2009/4/6 10:00,9450.37,50.45,TRADE
NSW1,2009/4/6 10:30,9527.92,56.22,TRADE
NSW1,2009/4/6 11:00,9567.44,57.49,TRADE
NSW1,2009/4/6 11:30,9523.51,52.35,TRADE
NSW1,2009/4/6 12:00,9509.74,42.04,TRADE
NSW1,2009/4/6 12:30,9484.77,41.94,TRADE
NSW1,2009/4/6 13:00,9503.99,42.11,TRADE
NSW1,2009/4/6 13:30,9442.73,35.46,TRADE
NSW1,2009/4/6 14:00,9409.14,34.81,TRADE
NSW1,2009/4/6 14:30,9405.2,36.01,TRADE
NSW1,2009/4/6 15:00,9323.22,31.73,TRADE
NSW1,2009/4/6 15:30,9239.43,31.97,TRADE
NSW1,2009/4/6 16:00,9209.06,31.79,TRADE
NSW1,2009/4/6 16:30,9277.8,29.26,TRADE
NSW1,2009/4/6 17:00,9342.32,31.8,TRADE
NSW1,2009/4/6 17:30,9421.99,34.22,TRADE
NSW1,2009/4/6 18:00,9685.08,40.13,TRADE
NSW1,2009/4/6 18:30,9851.16,45.11,TRADE
NSW1,2009/4/6 19:00,9763.85,44.27,TRADE
NSW1,2009/4/6 19:30,9436.98,38.41,TRADE
NSW1,2009/4/6 20:00,9132.92,30.89,TRADE
NSW1,2009/4/6 20:30,8924.56,29.08,TRADE
NSW1,2009/4/6 21:00,8696.91,28.32,TRADE
NSW1,2009/4/6 21:30,8427.54,26.36,TRADE
NSW1,2009/4/6 22:00,8139.1,22.41,TRADE
NSW1,2009/4/6 22:30,8286.62,25.09,TRADE
NSW1,2009/4/6 23:00,8131.85,24.67,TRADE
NSW1,2009/4/6 23:30,8118.75,29.25,TRADE
NSW1,2009/4/7 0:00,8035.76,25.19,TRADE
NSW1,2009/4/7 0:30,7929.12,22.28,TRADE
NSW1,2009/4/7 1:00,7702.23,21.69,TRADE
NSW1,2009/4/7 1:30,7589.64,22.31,TRADE
NSW1,2009/4/7 2:00,7377.35,20.86,TRADE
NSW1,2009/4/7 2:30,6968.14,19.76,TRADE
NSW1,2009/4/7 3:00,6666.25,18.41,TRADE
NSW1,2009/4/7 3:30,6480.19,16.95,TRADE
NSW1,2009/4/7 4:00,6406.76,17,TRADE
NSW1,2009/4/7 4:30,6373.8,17,TRADE
NSW1,2009/4/7 5:00,6483.43,18.59,TRADE
NSW1,2009/4/7 5:30,6777.81,20.75,TRADE
NSW1,2009/4/7 6:00,7153.91,21.95,TRADE
NSW1,2009/4/7 6:30,7863.58,23.81,TRADE
NSW1,2009/4/7 7:00,8499.12,28.11,TRADE
NSW1,2009/4/7 7:30,8776.27,30.1,TRADE
NSW1,2009/4/7 8:00,9080.6,34.68,TRADE
NSW1,2009/4/7 8:30,9232.17,37.49,TRADE
NSW1,2009/4/7 9:00,9274.1,35.1,TRADE
NSW1,2009/4/7 9:30,9425.9,39.92,TRADE
NSW1,2009/4/7 10:00,9500.92,43.18,TRADE
NSW1,2009/4/7 10:30,9553.75,42.46,TRADE
NSW1,2009/4/7 11:00,9543.39,41.21,TRADE
NSW1,2009/4/7 11:30,9465.45,38.15,TRADE
NSW1,2009/4/7 12:00,9504.06,41.09,TRADE
NSW1,2009/4/7 12:30,9494.37,39.95,TRADE
NSW1,2009/4/7 13:00,9513.8,39.69,TRADE
NSW1,2009/4/7 13:30,9494.12,38.22,TRADE
NSW1,2009/4/7 14:00,9506.99,34.75,TRADE
NSW1,2009/4/7 14:30,9484.47,33.49,TRADE
NSW1,2009/4/7 15:00,9470.26,31.81,TRADE
NSW1,2009/4/7 15:30,9406.45,31.18,TRADE
NSW1,2009/4/7 16:00,9359.61,31.78,TRADE
NSW1,2009/4/7 16:30,9377.82,49.37,TRADE
NSW1,2009/4/7 17:00,9335.64,49.86,TRADE
NSW1,2009/4/7 17:30,9276.33,43.82,TRADE
NSW1,2009/4/7 18:00,9599.09,46.74,TRADE
NSW1,2009/4/7 18:30,9861.15,52.95,TRADE
NSW1,2009/4/7 19:00,9793.04,42.15,TRADE
NSW1,2009/4/7 19:30,9504.13,35.22,TRADE
NSW1,2009/4/7 20:00,9279.52,33.01,TRADE
NSW1,2009/4/7 20:30,9108.5,31.86,TRADE
NSW1,2009/4/7 21:00,8833.85,26.05,TRADE
NSW1,2009/4/7 21:30,8565.98,23.62,TRADE
NSW1,2009/4/7 22:00,8280.81,22,TRADE
NSW1,2009/4/7 22:30,8445.75,27.5,TRADE
NSW1,2009/4/7 23:00,8204.82,24.67,TRADE
NSW1,2009/4/7 23:30,8188.23,30.77,TRADE
NSW1,2009/4/8 0:00,8033.49,24.86,TRADE
NSW1,2009/4/8 0:30,7888.39,21.73,TRADE
NSW1,2009/4/8 1:00,7684.51,22.12,TRADE
NSW1,2009/4/8 1:30,7556.97,22.61,TRADE
NSW1,2009/4/8 2:00,7328.58,19.85,TRADE
NSW1,2009/4/8 2:30,6925.95,18.92,TRADE
NSW1,2009/4/8 3:00,6676.63,18.23,TRADE
NSW1,2009/4/8 3:30,6418.8,16.5,TRADE
NSW1,2009/4/8 4:00,6335.81,16.97,TRADE
NSW1,2009/4/8 4:30,6268.01,16.92,TRADE
NSW1,2009/4/8 5:00,6460.35,17.82,TRADE
NSW1,2009/4/8 5:30,6721.54,21.06,TRADE
NSW1,2009/4/8 6:00,7110.25,21.45,TRADE
NSW1,2009/4/8 6:30,7819.72,25.72,TRADE
NSW1,2009/4/8 7:00,8461.09,34.17,TRADE
NSW1,2009/4/8 7:30,8695.14,34.12,TRADE
NSW1,2009/4/8 8:00,9029.8,37.82,TRADE
NSW1,2009/4/8 8:30,9148.42,50.58,TRADE
NSW1,2009/4/8 9:00,9197.06,39.64,TRADE
NSW1,2009/4/8 9:30,9316.52,40.63,TRADE
NSW1,2009/4/8 10:00,9384.86,40.24,TRADE
NSW1,2009/4/8 10:30,9468.49,38.63,TRADE
NSW1,2009/4/8 11:00,9475.89,36.5,TRADE
NSW1,2009/4/8 11:30,9446.32,36.24,TRADE
NSW1,2009/4/8 12:00,9401.2,37.02,TRADE
NSW1,2009/4/8 12:30,9403.87,36.74,TRADE
NSW1,2009/4/8 13:00,9344.84,36.7,TRADE
NSW1,2009/4/8 13:30,9379.37,38.29,TRADE
NSW1,2009/4/8 14:00,9372.46,36.76,TRADE
NSW1,2009/4/8 14:30,9370.43,39.25,TRADE
NSW1,2009/4/8 15:00,9330.73,34.87,TRADE
NSW1,2009/4/8 15:30,9301.65,34.58,TRADE
NSW1,2009/4/8 16:00,9278.16,33.69,TRADE
NSW1,2009/4/8 16:30,9209.46,30.41,TRADE
NSW1,2009/4/8 17:00,9197.43,29.6,TRADE
NSW1,2009/4/8 17:30,9224.8,30.46,TRADE
NSW1,2009/4/8 18:00,9470.18,32.92,TRADE
NSW1,2009/4/8 18:30,9698.26,35.67,TRADE
NSW1,2009/4/8 19:00,9607.82,34.17,TRADE
NSW1,2009/4/8 19:30,9323.23,29.18,TRADE
NSW1,2009/4/8 20:00,9110.62,27.97,TRADE
NSW1,2009/4/8 20:30,8911.32,25.68,TRADE
NSW1,2009/4/8 21:00,8689.27,24.72,TRADE
NSW1,2009/4/8 21:30,8414.3,24.71,TRADE
NSW1,2009/4/8 22:00,8155,21.95,TRADE
NSW1,2009/4/8 22:30,8325.82,25.44,TRADE
NSW1,2009/4/8 23:00,8109.88,23.01,TRADE
NSW1,2009/4/8 23:30,8123.66,27.31,TRADE
NSW1,2009/4/9 0:00,7976.16,24.59,TRADE
NSW1,2009/4/9 0:30,7775.72,21.47,TRADE
NSW1,2009/4/9 1:00,7600.63,21.73,TRADE
NSW1,2009/4/9 1:30,7444.33,22.31,TRADE
NSW1,2009/4/9 2:00,7212.13,18.78,TRADE
NSW1,2009/4/9 2:30,6823.96,17.36,TRADE
NSW1,2009/4/9 3:00,6564.07,17.56,TRADE
NSW1,2009/4/9 3:30,6369.85,15.68,TRADE
NSW1,2009/4/9 4:00,6291.96,15.63,TRADE
NSW1,2009/4/9 4:30,6278.16,15.98,TRADE
NSW1,2009/4/9 5:00,6353.37,17.82,TRADE
NSW1,2009/4/9 5:30,6641.21,20.78,TRADE
NSW1,2009/4/9 6:00,6986.79,21.45,TRADE
NSW1,2009/4/9 6:30,7629.05,22.2,TRADE
NSW1,2009/4/9 7:00,8275.65,23.59,TRADE
NSW1,2009/4/9 7:30,8511.63,26.35,TRADE
NSW1,2009/4/9 8:00,8820.72,31.32,TRADE
NSW1,2009/4/9 8:30,9011.37,31.65,TRADE
NSW1,2009/4/9 9:00,9126.05,32.62,TRADE
NSW1,2009/4/9 9:30,9260.01,37.52,TRADE
NSW1,2009/4/9 10:00,9311.21,32.72,TRADE
NSW1,2009/4/9 10:30,9402.36,32.35,TRADE
NSW1,2009/4/9 11:00,9428.79,31.57,TRADE
NSW1,2009/4/9 11:30,9378.99,32.3,TRADE
NSW1,2009/4/9 12:00,9368.66,33.99,TRADE
NSW1,2009/4/9 12:30,9342.42,32.49,TRADE
NSW1,2009/4/9 13:00,9321.08,31.65,TRADE
NSW1,2009/4/9 13:30,9311.71,33.1,TRADE
NSW1,2009/4/9 14:00,9188.38,29.71,TRADE
NSW1,2009/4/9 14:30,9272.99,32.13,TRADE
NSW1,2009/4/9 15:00,9237.35,31.59,TRADE
NSW1,2009/4/9 15:30,9100.32,31.15,TRADE
NSW1,2009/4/9 16:00,9126.74,31.37,TRADE
NSW1,2009/4/9 16:30,9082.04,30.05,TRADE
NSW1,2009/4/9 17:00,9029.19,26.61,TRADE
NSW1,2009/4/9 17:30,9019.74,30.16,TRADE
NSW1,2009/4/9 18:00,9258.76,32.34,TRADE
NSW1,2009/4/9 18:30,9498.07,35.11,TRADE
NSW1,2009/4/9 19:00,9384.79,33.08,TRADE
NSW1,2009/4/9 19:30,9116.18,30.99,TRADE
NSW1,2009/4/9 20:00,8919.38,27.96,TRADE
NSW1,2009/4/9 20:30,8732.47,26.94,TRADE
NSW1,2009/4/9 21:00,8537.54,24.53,TRADE
NSW1,2009/4/9 21:30,8226.46,23.74,TRADE
NSW1,2009/4/9 22:00,8009.44,21.3,TRADE
NSW1,2009/4/9 22:30,8173.98,24.65,TRADE
NSW1,2009/4/9 23:00,8050.86,23.77,TRADE
NSW1,2009/4/9 23:30,8011.54,32.57,TRADE
NSW1,2009/4/10 0:00,7955.38,27.4,TRADE
NSW1,2009/4/10 0:30,7692.96,21.41,TRADE
NSW1,2009/4/10 1:00,7522.6,22,TRADE
NSW1,2009/4/10 1:30,7322.26,22.71,TRADE
NSW1,2009/4/10 2:00,7028.24,19.68,TRADE
NSW1,2009/4/10 2:30,6675.78,18.82,TRADE
NSW1,2009/4/10 3:00,6400.31,17.37,TRADE
NSW1,2009/4/10 3:30,6220.99,15.98,TRADE
NSW1,2009/4/10 4:00,6069.79,14.16,TRADE
NSW1,2009/4/10 4:30,6035.08,13.61,TRADE
NSW1,2009/4/10 5:00,6018.2,19.3,TRADE
NSW1,2009/4/10 5:30,6112.26,19.83,TRADE
NSW1,2009/4/10 6:00,6238.97,20.23,TRADE
NSW1,2009/4/10 6:30,6397.72,19.15,TRADE
NSW1,2009/4/10 7:00,6553.3,18.77,TRADE
NSW1,2009/4/10 7:30,6695.58,19.95,TRADE
NSW1,2009/4/10 8:00,6932.2,21.46,TRADE
NSW1,2009/4/10 8:30,7242.14,22,TRADE
NSW1,2009/4/10 9:00,7487.75,22.04,TRADE
NSW1,2009/4/10 9:30,7686.29,22.19,TRADE
NSW1,2009/4/10 10:00,7824.29,24.08,TRADE
NSW1,2009/4/10 10:30,7906.67,25.05,TRADE
NSW1,2009/4/10 11:00,7892.66,24.64,TRADE
NSW1,2009/4/10 11:30,7882.89,23.66,TRADE
NSW1,2009/4/10 12:00,7867.43,24.74,TRADE
NSW1,2009/4/10 12:30,7878.81,24.33,TRADE
NSW1,2009/4/10 13:00,7825.41,23.49,TRADE
NSW1,2009/4/10 13:30,7779.26,23.02,TRADE
NSW1,2009/4/10 14:00,7694.3,22.22,TRADE
NSW1,2009/4/10 14:30,7606.23,21.83,TRADE
NSW1,2009/4/10 15:00,7531.3,21.2,TRADE
NSW1,2009/4/10 15:30,7506.28,22,TRADE
NSW1,2009/4/10 16:00,7541.56,22,TRADE
NSW1,2009/4/10 16:30,7596.5,22.39,TRADE
NSW1,2009/4/10 17:00,7704.47,22,TRADE
NSW1,2009/4/10 17:30,7860.67,25.67,TRADE
NSW1,2009/4/10 18:00,8325.18,33.28,TRADE
NSW1,2009/4/10 18:30,8674.66,37.66,TRADE
NSW1,2009/4/10 19:00,8515.89,36.42,TRADE
NSW1,2009/4/10 19:30,8243.84,31.52,TRADE
NSW1,2009/4/10 20:00,8049.24,27.62,TRADE
NSW1,2009/4/10 20:30,7924.71,26.07,TRADE
NSW1,2009/4/10 21:00,7762.67,25.01,TRADE
NSW1,2009/4/10 21:30,7599.63,23.29,TRADE
NSW1,2009/4/10 22:00,7474.31,21.74,TRADE
NSW1,2009/4/10 22:30,7686.34,25.08,TRADE
NSW1,2009/4/10 23:00,7609.2,25.02,TRADE
NSW1,2009/4/10 23:30,7731.3,30.63,TRADE
NSW1,2009/4/11 0:00,7647.21,26.03,TRADE
NSW1,2009/4/11 0:30,7504.06,22.47,TRADE
NSW1,2009/4/11 1:00,7357.54,21.99,TRADE
NSW1,2009/4/11 1:30,7157.31,22.9,TRADE
NSW1,2009/4/11 2:00,6936.08,20.76,TRADE
NSW1,2009/4/11 2:30,6612.1,19.67,TRADE
NSW1,2009/4/11 3:00,6329.44,17.28,TRADE
NSW1,2009/4/11 3:30,6125.68,16.77,TRADE
NSW1,2009/4/11 4:00,6014.5,16.43,TRADE
NSW1,2009/4/11 4:30,5967.61,16.25,TRADE
NSW1,2009/4/11 5:00,5955.76,16.18,TRADE
NSW1,2009/4/11 5:30,6039.93,16.6,TRADE
NSW1,2009/4/11 6:00,6111.07,17.2,TRADE
NSW1,2009/4/11 6:30,6277.06,18.13,TRADE
NSW1,2009/4/11 7:00,6456.15,16.83,TRADE
NSW1,2009/4/11 7:30,6811.42,17.76,TRADE
NSW1,2009/4/11 8:00,7205.99,18.83,TRADE
NSW1,2009/4/11 8:30,7603.48,22.58,TRADE
NSW1,2009/4/11 9:00,7884.52,25.09,TRADE
NSW1,2009/4/11 9:30,8192.51,27.73,TRADE
NSW1,2009/4/11 10:00,8230.14,29.11,TRADE
NSW1,2009/4/11 10:30,8266.28,28.5,TRADE
NSW1,2009/4/11 11:00,8207.47,26.87,TRADE
NSW1,2009/4/11 11:30,8109.74,24.86,TRADE
NSW1,2009/4/11 12:00,8131.67,29.5,TRADE
NSW1,2009/4/11 12:30,8101.49,28.86,TRADE
NSW1,2009/4/11 13:00,8072.06,25.75,TRADE
NSW1,2009/4/11 13:30,8026.22,25.33,TRADE
NSW1,2009/4/11 14:00,7984.23,23.01,TRADE
NSW1,2009/4/11 14:30,7968.42,24.88,TRADE
NSW1,2009/4/11 15:00,7910,22.91,TRADE
NSW1,2009/4/11 15:30,7913.98,22.88,TRADE
NSW1,2009/4/11 16:00,7942.76,23.85,TRADE
NSW1,2009/4/11 16:30,7988.74,24.81,TRADE
NSW1,2009/4/11 17:00,8148.19,29.81,TRADE
NSW1,2009/4/11 17:30,8272.68,31.29,TRADE
NSW1,2009/4/11 18:00,8608.57,34.9,TRADE
NSW1,2009/4/11 18:30,8766.1,40.14,TRADE
NSW1,2009/4/11 19:00,8621.39,38.52,TRADE
NSW1,2009/4/11 19:30,8339.46,30.61,TRADE
NSW1,2009/4/11 20:00,8125,27.73,TRADE
NSW1,2009/4/11 20:30,7988.48,23.19,TRADE
NSW1,2009/4/11 21:00,7822.9,22.4,TRADE
NSW1,2009/4/11 21:30,7659.06,22.25,TRADE
NSW1,2009/4/11 22:00,7514.19,22,TRADE
NSW1,2009/4/11 22:30,7539.07,22.2,TRADE
NSW1,2009/4/11 23:00,7479.16,23.6,TRADE
NSW1,2009/4/11 23:30,7447.96,27.03,TRADE
NSW1,2009/4/12 0:00,7293.32,23.62,TRADE
NSW1,2009/4/12 0:30,7063.35,21.69,TRADE
NSW1,2009/4/12 1:00,6894.35,21.75,TRADE
NSW1,2009/4/12 1:30,6740.34,22.79,TRADE
NSW1,2009/4/12 2:00,6553.61,19.07,TRADE
NSW1,2009/4/12 2:30,6233.81,16.97,TRADE
NSW1,2009/4/12 3:00,6055.01,16.82,TRADE
NSW1,2009/4/12 3:30,5925.53,16.43,TRADE
NSW1,2009/4/12 4:00,5870.74,16.23,TRADE
NSW1,2009/4/12 4:30,5849.66,15.82,TRADE
NSW1,2009/4/12 5:00,5849.53,16.12,TRADE
NSW1,2009/4/12 5:30,5872.98,16.32,TRADE
NSW1,2009/4/12 6:00,5950.35,16.95,TRADE
NSW1,2009/4/12 6:30,6093.86,16.96,TRADE
NSW1,2009/4/12 7:00,6232.92,17,TRADE
NSW1,2009/4/12 7:30,6476.25,18.82,TRADE
NSW1,2009/4/12 8:00,6852.59,20,TRADE
NSW1,2009/4/12 8:30,7184.77,21.93,TRADE
NSW1,2009/4/12 9:00,7450.82,22.3,TRADE
NSW1,2009/4/12 9:30,7696.87,22.02,TRADE
NSW1,2009/4/12 10:00,7836.73,22,TRADE
NSW1,2009/4/12 10:30,7873.65,22,TRADE
NSW1,2009/4/12 11:00,7899.53,22.04,TRADE
NSW1,2009/4/12 11:30,7887.1,22.02,TRADE
NSW1,2009/4/12 12:00,7857.44,22.02,TRADE
NSW1,2009/4/12 12:30,7826.35,22.01,TRADE
NSW1,2009/4/12 13:00,7748.83,22.09,TRADE
NSW1,2009/4/12 13:30,7637.04,22,TRADE
NSW1,2009/4/12 14:00,7586.78,22,TRADE
NSW1,2009/4/12 14:30,7510.65,21.83,TRADE
NSW1,2009/4/12 15:00,7456.03,22,TRADE
NSW1,2009/4/12 15:30,7477.28,22,TRADE
NSW1,2009/4/12 16:00,7452.63,22,TRADE
NSW1,2009/4/12 16:30,7514.53,22,TRADE
NSW1,2009/4/12 17:00,7572.14,22,TRADE
NSW1,2009/4/12 17:30,7655.17,22.4,TRADE
NSW1,2009/4/12 18:00,8040.26,29.04,TRADE
NSW1,2009/4/12 18:30,8361.57,32.68,TRADE
NSW1,2009/4/12 19:00,8295.31,32.24,TRADE
NSW1,2009/4/12 19:30,8068.62,27.06,TRADE
NSW1,2009/4/12 20:00,7947.59,24.04,TRADE
NSW1,2009/4/12 20:30,7810.13,22,TRADE
NSW1,2009/4/12 21:00,7678.12,21.37,TRADE
NSW1,2009/4/12 21:30,7492.97,21.68,TRADE
NSW1,2009/4/12 22:00,7325.9,21.03,TRADE
NSW1,2009/4/12 22:30,7392.87,22.03,TRADE
NSW1,2009/4/12 23:00,7303.72,22,TRADE
NSW1,2009/4/12 23:30,7274.01,23.97,TRADE
NSW1,2009/4/13 0:00,7094.42,21.78,TRADE
NSW1,2009/4/13 0:30,6877.99,20.89,TRADE
NSW1,2009/4/13 1:00,6714.27,19.26,TRADE
NSW1,2009/4/13 1:30,6586.13,19.22,TRADE
NSW1,2009/4/13 2:00,6412.78,16.72,TRADE
NSW1,2009/4/13 2:30,6147.47,16.83,TRADE
NSW1,2009/4/13 3:00,5993.98,16.77,TRADE
NSW1,2009/4/13 3:30,5874.16,16.22,TRADE
NSW1,2009/4/13 4:00,5832.68,15.85,TRADE
NSW1,2009/4/13 4:30,5837.12,16.08,TRADE
NSW1,2009/4/13 5:00,5880.5,15.03,TRADE
NSW1,2009/4/13 5:30,5986.13,16.48,TRADE
NSW1,2009/4/13 6:00,6118.58,16.05,TRADE
NSW1,2009/4/13 6:30,6315.42,16.88,TRADE
NSW1,2009/4/13 7:00,6445.3,17.15,TRADE
NSW1,2009/4/13 7:30,6647.78,17.07,TRADE
NSW1,2009/4/13 8:00,6938.21,18.36,TRADE
NSW1,2009/4/13 8:30,7289.99,21.33,TRADE
NSW1,2009/4/13 9:00,7567.47,22.11,TRADE
NSW1,2009/4/13 9:30,7850.3,22.14,TRADE
NSW1,2009/4/13 10:00,8129.39,22.07,TRADE
NSW1,2009/4/13 10:30,8239.15,22.59,TRADE
NSW1,2009/4/13 11:00,8290.78,22.51,TRADE
NSW1,2009/4/13 11:30,8248.38,22.16,TRADE
NSW1,2009/4/13 12:00,8223.08,22.49,TRADE
NSW1,2009/4/13 12:30,8236.64,24.06,TRADE
NSW1,2009/4/13 13:00,8183.66,24.07,TRADE
NSW1,2009/4/13 13:30,8133.91,22.73,TRADE
NSW1,2009/4/13 14:00,8053.13,22,TRADE
NSW1,2009/4/13 14:30,7991.35,22,TRADE
NSW1,2009/4/13 15:00,7970.49,22.01,TRADE
NSW1,2009/4/13 15:30,8033.69,22.41,TRADE
NSW1,2009/4/13 16:00,8093.56,23.05,TRADE
NSW1,2009/4/13 16:30,8216.4,25.25,TRADE
NSW1,2009/4/13 17:00,8357.63,28.95,TRADE
NSW1,2009/4/13 17:30,8604.73,33.21,TRADE
NSW1,2009/4/13 18:00,8991.84,39.81,TRADE
NSW1,2009/4/13 18:30,9026.02,43.17,TRADE
NSW1,2009/4/13 19:00,8840.13,37.32,TRADE
NSW1,2009/4/13 19:30,8456.19,31.25,TRADE
NSW1,2009/4/13 20:00,8259.46,22.6,TRADE
NSW1,2009/4/13 20:30,8123.06,22.21,TRADE
NSW1,2009/4/13 21:00,7960.23,21.98,TRADE
NSW1,2009/4/13 21:30,7774.25,21.74,TRADE
NSW1,2009/4/13 22:00,7580.49,21.52,TRADE
NSW1,2009/4/13 22:30,7634.08,22.97,TRADE
NSW1,2009/4/13 23:00,7461.69,22.03,TRADE
NSW1,2009/4/13 23:30,7639.72,25.99,TRADE
NSW1,2009/4/14 0:00,7596.38,22.43,TRADE
NSW1,2009/4/14 0:30,7442.38,20.8,TRADE
NSW1,2009/4/14 1:00,7278.16,20.13,TRADE
NSW1,2009/4/14 1:30,7140.66,19.38,TRADE
NSW1,2009/4/14 2:00,6926.13,16.75,TRADE
NSW1,2009/4/14 2:30,6544.48,16.25,TRADE
NSW1,2009/4/14 3:00,6287.86,14.66,TRADE
NSW1,2009/4/14 3:30,6106.26,11.55,TRADE
NSW1,2009/4/14 4:00,6037.39,10.36,TRADE
NSW1,2009/4/14 4:30,6026.18,10.01,TRADE
NSW1,2009/4/14 5:00,6130.77,14.6,TRADE
NSW1,2009/4/14 5:30,6365.12,18.2,TRADE
NSW1,2009/4/14 6:00,6657.99,20.38,TRADE
NSW1,2009/4/14 6:30,7252.79,22.29,TRADE
NSW1,2009/4/14 7:00,7674.07,22.28,TRADE
NSW1,2009/4/14 7:30,7981.8,22.25,TRADE
NSW1,2009/4/14 8:00,8442.03,23.45,TRADE
NSW1,2009/4/14 8:30,8802.05,31.17,TRADE
NSW1,2009/4/14 9:00,9033.37,38.94,TRADE
NSW1,2009/4/14 9:30,9274.21,52.05,TRADE
NSW1,2009/4/14 10:00,9418.09,66.38,TRADE
NSW1,2009/4/14 10:30,9525.64,69.27,TRADE
NSW1,2009/4/14 11:00,9552.3,66.84,TRADE
NSW1,2009/4/14 11:30,9536.61,49.4,TRADE
NSW1,2009/4/14 12:00,9533.57,43.17,TRADE
NSW1,2009/4/14 12:30,9549.25,44.59,TRADE
NSW1,2009/4/14 13:00,9576.58,40.58,TRADE
NSW1,2009/4/14 13:30,9561.58,41.04,TRADE
NSW1,2009/4/14 14:00,9544.21,41.66,TRADE
NSW1,2009/4/14 14:30,9519.41,41.52,TRADE
NSW1,2009/4/14 15:00,9477.82,41.45,TRADE
NSW1,2009/4/14 15:30,9451.96,43.15,TRADE
NSW1,2009/4/14 16:00,9402.14,39.52,TRADE
NSW1,2009/4/14 16:30,9329.24,40.17,TRADE
NSW1,2009/4/14 17:00,9304.01,36.84,TRADE
NSW1,2009/4/14 17:30,9333.93,40.54,TRADE
NSW1,2009/4/14 18:00,9588.29,45.33,TRADE
NSW1,2009/4/14 18:30,9739.49,59.28,TRADE
NSW1,2009/4/14 19:00,9542.3,46.4,TRADE
NSW1,2009/4/14 19:30,9148.35,33.39,TRADE
NSW1,2009/4/14 20:00,8925.57,30.95,TRADE
NSW1,2009/4/14 20:30,8767.88,27.35,TRADE
NSW1,2009/4/14 21:00,8547.6,25.54,TRADE
NSW1,2009/4/14 21:30,8267.76,24.82,TRADE
NSW1,2009/4/14 22:00,8020.92,21.78,TRADE
NSW1,2009/4/14 22:30,8157.2,24.88,TRADE
NSW1,2009/4/14 23:00,7974.99,25.62,TRADE
NSW1,2009/4/14 23:30,7994.9,29.62,TRADE
NSW1,2009/4/15 0:00,7825.17,25.29,TRADE
NSW1,2009/4/15 0:30,7647.84,21.47,TRADE
NSW1,2009/4/15 1:00,7506.07,21.73,TRADE
NSW1,2009/4/15 1:30,7352.97,21.71,TRADE
NSW1,2009/4/15 2:00,7107.52,19.86,TRADE
NSW1,2009/4/15 2:30,6751.46,18.26,TRADE
NSW1,2009/4/15 3:00,6461.01,18.1,TRADE
NSW1,2009/4/15 3:30,6249.61,11.81,TRADE
NSW1,2009/4/15 4:00,6182.21,12,TRADE
NSW1,2009/4/15 4:30,6184.25,12.23,TRADE
NSW1,2009/4/15 5:00,6281.77,14.93,TRADE
NSW1,2009/4/15 5:30,6499.08,20.74,TRADE
NSW1,2009/4/15 6:00,6812.46,22.32,TRADE
NSW1,2009/4/15 6:30,7356.62,22.25,TRADE
NSW1,2009/4/15 7:00,7799.43,22.07,TRADE
NSW1,2009/4/15 7:30,8077.95,23.59,TRADE
NSW1,2009/4/15 8:00,8501.58,27.07,TRADE
NSW1,2009/4/15 8:30,8782.51,29.27,TRADE
NSW1,2009/4/15 9:00,9010.77,36.17,TRADE
NSW1,2009/4/15 9:30,9227.5,40.58,TRADE
NSW1,2009/4/15 10:00,9344.64,45.96,TRADE
NSW1,2009/4/15 10:30,9438.46,49.64,TRADE
NSW1,2009/4/15 11:00,9469.2,50.01,TRADE
NSW1,2009/4/15 11:30,9436.64,53.71,TRADE
NSW1,2009/4/15 12:00,9388.01,49.94,TRADE
NSW1,2009/4/15 12:30,9459.09,52.82,TRADE
NSW1,2009/4/15 13:00,9514.38,48.28,TRADE
NSW1,2009/4/15 13:30,9518.93,48.19,TRADE
NSW1,2009/4/15 14:00,9516.76,48.27,TRADE
NSW1,2009/4/15 14:30,9490.64,58.08,TRADE
NSW1,2009/4/15 15:00,9461.24,53.96,TRADE
NSW1,2009/4/15 15:30,9469.61,50.72,TRADE
NSW1,2009/4/15 16:00,9443.29,46.73,TRADE
NSW1,2009/4/15 16:30,9383.41,36.42,TRADE
NSW1,2009/4/15 17:00,9367.42,41.55,TRADE
NSW1,2009/4/15 17:30,9323.56,36.94,TRADE
NSW1,2009/4/15 18:00,9474.19,49.2,TRADE
NSW1,2009/4/15 18:30,9673.91,66.59,TRADE
NSW1,2009/4/15 19:00,9521.21,60.08,TRADE
NSW1,2009/4/15 19:30,9198.23,41.69,TRADE
NSW1,2009/4/15 20:00,8986.56,37.09,TRADE
NSW1,2009/4/15 20:30,8807.18,33.43,TRADE
NSW1,2009/4/15 21:00,8598.66,31.63,TRADE
NSW1,2009/4/15 21:30,8333.98,29.25,TRADE
NSW1,2009/4/15 22:00,8084.11,23.42,TRADE
NSW1,2009/4/15 22:30,8266.32,34.91,TRADE
NSW1,2009/4/15 23:00,8098.08,32.33,TRADE
NSW1,2009/4/15 23:30,8076.35,37.04,TRADE
NSW1,2009/4/16 0:00,7944.01,33.77,TRADE
NSW1,2009/4/16 0:30,7744.88,23.8,TRADE
NSW1,2009/4/16 1:00,7550.35,21.73,TRADE
NSW1,2009/4/16 1:30,7391.4,22.61,TRADE
NSW1,2009/4/16 2:00,7142.86,20.62,TRADE
NSW1,2009/4/16 2:30,6764.16,21.3,TRADE
NSW1,2009/4/16 3:00,6486.46,18.98,TRADE
NSW1,2009/4/16 3:30,6312.28,17,TRADE
NSW1,2009/4/16 4:00,6242.79,17,TRADE
NSW1,2009/4/16 4:30,6241.15,17,TRADE
NSW1,2009/4/16 5:00,6289.95,18.07,TRADE
NSW1,2009/4/16 5:30,6537.38,21.47,TRADE
NSW1,2009/4/16 6:00,6837.63,21.8,TRADE
NSW1,2009/4/16 6:30,7388.96,24.1,TRADE
NSW1,2009/4/16 7:00,7831.14,24.05,TRADE
NSW1,2009/4/16 7:30,8124.41,25.33,TRADE
NSW1,2009/4/16 8:00,8468.44,28.87,TRADE
NSW1,2009/4/16 8:30,8772.77,33.89,TRADE
NSW1,2009/4/16 9:00,8895.83,36.18,TRADE
NSW1,2009/4/16 9:30,9089.46,43.57,TRADE
NSW1,2009/4/16 10:00,9194,56.93,TRADE
NSW1,2009/4/16 10:30,9289.17,50.3,TRADE
NSW1,2009/4/16 11:00,9291.87,44.1,TRADE
NSW1,2009/4/16 11:30,9293.48,43.59,TRADE
NSW1,2009/4/16 12:00,9241.18,44.23,TRADE
NSW1,2009/4/16 12:30,9224.56,43.88,TRADE
NSW1,2009/4/16 13:00,9253.39,42.66,TRADE
NSW1,2009/4/16 13:30,9212.81,40.54,TRADE
NSW1,2009/4/16 14:00,9241.92,39.86,TRADE
NSW1,2009/4/16 14:30,9268.07,41.11,TRADE
NSW1,2009/4/16 15:00,9238.56,35.89,TRADE
NSW1,2009/4/16 15:30,9233.6,38.05,TRADE
NSW1,2009/4/16 16:00,9209.93,36.5,TRADE
NSW1,2009/4/16 16:30,9171.08,33.11,TRADE
NSW1,2009/4/16 17:00,9171.24,34.93,TRADE
NSW1,2009/4/16 17:30,9205.13,39.51,TRADE
NSW1,2009/4/16 18:00,9565.85,60.89,TRADE
NSW1,2009/4/16 18:30,9789.14,75.86,TRADE
NSW1,2009/4/16 19:00,9619.34,61.82,TRADE
NSW1,2009/4/16 19:30,9318.29,45.67,TRADE
NSW1,2009/4/16 20:00,9141.23,40.37,TRADE
NSW1,2009/4/16 20:30,8969.8,36.58,TRADE
NSW1,2009/4/16 21:00,8747.26,31.91,TRADE
NSW1,2009/4/16 21:30,8353.51,24.47,TRADE
NSW1,2009/4/16 22:00,8159.13,23.15,TRADE
NSW1,2009/4/16 22:30,8339.65,28.81,TRADE
NSW1,2009/4/16 23:00,8173.98,25.82,TRADE
NSW1,2009/4/16 23:30,8144.29,30.37,TRADE
NSW1,2009/4/17 0:00,7993.98,26.89,TRADE
NSW1,2009/4/17 0:30,7790.13,22.15,TRADE
NSW1,2009/4/17 1:00,7618.93,22,TRADE
NSW1,2009/4/17 1:30,7430.64,21.53,TRADE
NSW1,2009/4/17 2:00,7190.21,21.28,TRADE
NSW1,2009/4/17 2:30,6781.96,20.05,TRADE
NSW1,2009/4/17 3:00,6530.11,19.7,TRADE
NSW1,2009/4/17 3:30,6328.08,17,TRADE
NSW1,2009/4/17 4:00,6241.98,17,TRADE
NSW1,2009/4/17 4:30,6223.04,17,TRADE
NSW1,2009/4/17 5:00,6284.41,19.64,TRADE
NSW1,2009/4/17 5:30,6527.98,21.3,TRADE
NSW1,2009/4/17 6:00,6838.02,22.39,TRADE
NSW1,2009/4/17 6:30,7416.01,23.16,TRADE
NSW1,2009/4/17 7:00,7814.23,23.99,TRADE
NSW1,2009/4/17 7:30,8113.46,25.48,TRADE
NSW1,2009/4/17 8:00,8465,33.82,TRADE
NSW1,2009/4/17 8:30,8792.75,41.03,TRADE
NSW1,2009/4/17 9:00,8938.11,48.93,TRADE
NSW1,2009/4/17 9:30,9168.42,47.75,TRADE
NSW1,2009/4/17 10:00,9251.47,51.59,TRADE
NSW1,2009/4/17 10:30,9273.56,50.23,TRADE
NSW1,2009/4/17 11:00,9286.92,47.96,TRADE
NSW1,2009/4/17 11:30,9252.07,51.13,TRADE
NSW1,2009/4/17 12:00,9240.45,48.34,TRADE
NSW1,2009/4/17 12:30,9218.42,47.66,TRADE
NSW1,2009/4/17 13:00,9204.03,46.37,TRADE
NSW1,2009/4/17 13:30,9177.15,44.2,TRADE
NSW1,2009/4/17 14:00,9138.26,45.58,TRADE
NSW1,2009/4/17 14:30,9119.45,45.58,TRADE
NSW1,2009/4/17 15:00,9101.81,41.92,TRADE
NSW1,2009/4/17 15:30,9022.92,41.11,TRADE
NSW1,2009/4/17 16:00,9006.08,37.02,TRADE
NSW1,2009/4/17 16:30,9002.67,37.32,TRADE
NSW1,2009/4/17 17:00,9016.56,35.92,TRADE
NSW1,2009/4/17 17:30,9021.87,37.15,TRADE
NSW1,2009/4/17 18:00,9320.93,47.19,TRADE
NSW1,2009/4/17 18:30,9403.27,47.5,TRADE
NSW1,2009/4/17 19:00,9205.88,40.9,TRADE
NSW1,2009/4/17 19:30,8892.09,35.51,TRADE
NSW1,2009/4/17 20:00,8701.93,35.12,TRADE
NSW1,2009/4/17 20:30,8557.2,35.01,TRADE
NSW1,2009/4/17 21:00,8387.11,32.59,TRADE
NSW1,2009/4/17 21:30,8188.47,30.3,TRADE
NSW1,2009/4/17 22:00,8006.77,26.21,TRADE
NSW1,2009/4/17 22:30,8234.45,36.34,TRADE
NSW1,2009/4/17 23:00,8111.19,36.48,TRADE
NSW1,2009/4/17 23:30,8127.77,53.83,TRADE
NSW1,2009/4/18 0:00,8030.22,49.17,TRADE
NSW1,2009/4/18 0:30,7854.23,30.79,TRADE
NSW1,2009/4/18 1:00,7650.44,28.09,TRADE
NSW1,2009/4/18 1:30,7472.2,28.12,TRADE
NSW1,2009/4/18 2:00,7188.4,21.22,TRADE
NSW1,2009/4/18 2:30,6807.7,22,TRADE
NSW1,2009/4/18 3:00,6498.41,21.94,TRADE
NSW1,2009/4/18 3:30,6292.3,20.4,TRADE
NSW1,2009/4/18 4:00,6176.71,20.15,TRADE
NSW1,2009/4/18 4:30,6107.92,17.58,TRADE
NSW1,2009/4/18 5:00,6099.62,18.25,TRADE
NSW1,2009/4/18 5:30,6204.09,20.4,TRADE
NSW1,2009/4/18 6:00,6276.46,20.29,TRADE
NSW1,2009/4/18 6:30,6518.48,21.88,TRADE
NSW1,2009/4/18 7:00,6684.35,22.04,TRADE
NSW1,2009/4/18 7:30,7015.05,23.82,TRADE
NSW1,2009/4/18 8:00,7464.68,23.77,TRADE
NSW1,2009/4/18 8:30,7860.21,29.58,TRADE
NSW1,2009/4/18 9:00,8148.5,34.12,TRADE
NSW1,2009/4/18 9:30,8467.9,39.77,TRADE
NSW1,2009/4/18 10:00,8482.74,39.66,TRADE
NSW1,2009/4/18 10:30,8522.14,40.16,TRADE
NSW1,2009/4/18 11:00,8502.58,39.95,TRADE
NSW1,2009/4/18 11:30,8435.42,37.82,TRADE
NSW1,2009/4/18 12:00,8415.69,36.58,TRADE
NSW1,2009/4/18 12:30,8368.72,36.34,TRADE
NSW1,2009/4/18 13:00,8304.18,35.97,TRADE
NSW1,2009/4/18 13:30,8228.3,35.06,TRADE
NSW1,2009/4/18 14:00,8153.37,31.5,TRADE
NSW1,2009/4/18 14:30,8046.76,31.32,TRADE
NSW1,2009/4/18 15:00,8008.04,28.77,TRADE
NSW1,2009/4/18 15:30,7999.5,29.18,TRADE
NSW1,2009/4/18 16:00,7961.19,27.06,TRADE
NSW1,2009/4/18 16:30,8016.24,27.09,TRADE
NSW1,2009/4/18 17:00,8105.21,31.82,TRADE
NSW1,2009/4/18 17:30,8199.22,32.34,TRADE
NSW1,2009/4/18 18:00,8602.38,45.22,TRADE
NSW1,2009/4/18 18:30,8827.07,65.99,TRADE
NSW1,2009/4/18 19:00,8675.25,52.87,TRADE
NSW1,2009/4/18 19:30,8422.42,36.12,TRADE
NSW1,2009/4/18 20:00,8233.52,34.77,TRADE
NSW1,2009/4/18 20:30,8109.15,35.79,TRADE
NSW1,2009/4/18 21:00,7965.46,36.63,TRADE
NSW1,2009/4/18 21:30,7779.07,33.97,TRADE
NSW1,2009/4/18 22:00,7658.09,28.68,TRADE
NSW1,2009/4/18 22:30,7708.08,33.01,TRADE
NSW1,2009/4/18 23:00,7673.85,34.87,TRADE
NSW1,2009/4/18 23:30,7647.27,35.18,TRADE
NSW1,2009/4/19 0:00,7491.71,33.95,TRADE
NSW1,2009/4/19 0:30,7279.18,23.29,TRADE
NSW1,2009/4/19 1:00,7088.98,22,TRADE
NSW1,2009/4/19 1:30,6948.31,23.2,TRADE
NSW1,2009/4/19 2:00,6758.58,21.66,TRADE
NSW1,2009/4/19 2:30,6387.85,21.6,TRADE
NSW1,2009/4/19 3:00,6159.64,21.95,TRADE
NSW1,2009/4/19 3:30,6022.48,20.98,TRADE
NSW1,2009/4/19 4:00,5951.59,20.16,TRADE
NSW1,2009/4/19 4:30,5890.88,19.09,TRADE
NSW1,2009/4/19 5:00,5933.01,19.9,TRADE
NSW1,2009/4/19 5:30,5957.55,20.37,TRADE
NSW1,2009/4/19 6:00,6067.92,20.4,TRADE
NSW1,2009/4/19 6:30,6267.54,17.79,TRADE
NSW1,2009/4/19 7:00,6356.99,19.48,TRADE
NSW1,2009/4/19 7:30,6592.82,21.66,TRADE
NSW1,2009/4/19 8:00,6966.47,22.49,TRADE
NSW1,2009/4/19 8:30,7325.57,24.34,TRADE
NSW1,2009/4/19 9:00,7646.98,24.32,TRADE
NSW1,2009/4/19 9:30,7925.67,31.92,TRADE
NSW1,2009/4/19 10:00,8135.46,35.56,TRADE
NSW1,2009/4/19 10:30,8192.58,35.56,TRADE
NSW1,2009/4/19 11:00,8245.95,35.05,TRADE
NSW1,2009/4/19 11:30,8172.24,34.42,TRADE
NSW1,2009/4/19 12:00,8130.73,33.99,TRADE
NSW1,2009/4/19 12:30,8158.53,34.38,TRADE
NSW1,2009/4/19 13:00,8099,33.67,TRADE
NSW1,2009/4/19 13:30,8019.85,32.79,TRADE
NSW1,2009/4/19 14:00,7959.05,31.4,TRADE
NSW1,2009/4/19 14:30,7894.59,25.81,TRADE
NSW1,2009/4/19 15:00,7814.99,24.01,TRADE
NSW1,2009/4/19 15:30,7821.4,24.31,TRADE
NSW1,2009/4/19 16:00,7891.27,26.44,TRADE
NSW1,2009/4/19 16:30,7955.84,29.64,TRADE
NSW1,2009/4/19 17:00,8080.48,31.41,TRADE
NSW1,2009/4/19 17:30,8225.78,33.94,TRADE
NSW1,2009/4/19 18:00,8713.6,56.17,TRADE
NSW1,2009/4/19 18:30,8947.18,79.57,TRADE
NSW1,2009/4/19 19:00,8786.18,68,TRADE
NSW1,2009/4/19 19:30,8547.94,55.33,TRADE
NSW1,2009/4/19 20:00,8366.76,38.47,TRADE
NSW1,2009/4/19 20:30,8271.08,36.59,TRADE
NSW1,2009/4/19 21:00,8077.81,32.66,TRADE
NSW1,2009/4/19 21:30,7865.55,31.64,TRADE
NSW1,2009/4/19 22:00,7668.52,25.45,TRADE
NSW1,2009/4/19 22:30,7716.52,30.21,TRADE
NSW1,2009/4/19 23:00,7555.69,24.01,TRADE
NSW1,2009/4/19 23:30,7474.48,27.52,TRADE
NSW1,2009/4/20 0:00,7320.21,24.82,TRADE
NSW1,2009/4/20 0:30,7111.41,21.92,TRADE
NSW1,2009/4/20 1:00,6949.66,22,TRADE
NSW1,2009/4/20 1:30,6831.33,22.38,TRADE
NSW1,2009/4/20 2:00,6679.02,21.41,TRADE
NSW1,2009/4/20 2:30,6346.45,21.66,TRADE
NSW1,2009/4/20 3:00,6148.51,20.22,TRADE
NSW1,2009/4/20 3:30,6073.02,18.37,TRADE
NSW1,2009/4/20 4:00,6016.16,17.39,TRADE
NSW1,2009/4/20 4:30,6042.52,17.96,TRADE
NSW1,2009/4/20 5:00,6145.13,20.82,TRADE
NSW1,2009/4/20 5:30,6402.83,22.12,TRADE
NSW1,2009/4/20 6:00,6772.98,22.42,TRADE
NSW1,2009/4/20 6:30,7382.77,24.97,TRADE
NSW1,2009/4/20 7:00,7846.2,29.03,TRADE
NSW1,2009/4/20 7:30,8126.99,30.75,TRADE
NSW1,2009/4/20 8:00,8527.79,49.35,TRADE
NSW1,2009/4/20 8:30,8789.11,66.08,TRADE
NSW1,2009/4/20 9:00,8984.62,65.04,TRADE
NSW1,2009/4/20 9:30,9195.83,70.33,TRADE
NSW1,2009/4/20 10:00,9277.43,69.83,TRADE
NSW1,2009/4/20 10:30,9370.8,68.93,TRADE
NSW1,2009/4/20 11:00,9350.86,67.12,TRADE
NSW1,2009/4/20 11:30,9295.63,55.31,TRADE
NSW1,2009/4/20 12:00,9276.58,58.62,TRADE
NSW1,2009/4/20 12:30,9247.75,59.06,TRADE
NSW1,2009/4/20 13:00,9224.31,57.44,TRADE
NSW1,2009/4/20 13:30,9234.67,60.24,TRADE
NSW1,2009/4/20 14:00,9203.37,55.14,TRADE
NSW1,2009/4/20 14:30,9152.51,50.94,TRADE
NSW1,2009/4/20 15:00,9094.91,42.92,TRADE
NSW1,2009/4/20 15:30,9088.61,43.17,TRADE
NSW1,2009/4/20 16:00,9106.48,40.76,TRADE
NSW1,2009/4/20 16:30,9121.03,39.04,TRADE
NSW1,2009/4/20 17:00,9256.82,41.91,TRADE
NSW1,2009/4/20 17:30,9437.09,44.82,TRADE
NSW1,2009/4/20 18:00,9884.52,70.78,TRADE
NSW1,2009/4/20 18:30,9969.59,81.64,TRADE
NSW1,2009/4/20 19:00,9739.7,62.99,TRADE
NSW1,2009/4/20 19:30,9438.14,40.9,TRADE
NSW1,2009/4/20 20:00,9224.28,40.55,TRADE
NSW1,2009/4/20 20:30,9067.19,44.34,TRADE
NSW1,2009/4/20 21:00,8833.59,38.28,TRADE
NSW1,2009/4/20 21:30,8567.06,34.08,TRADE
NSW1,2009/4/20 22:00,8282.68,29.91,TRADE
NSW1,2009/4/20 22:30,8420.1,35.32,TRADE
NSW1,2009/4/20 23:00,8216.06,35.05,TRADE
NSW1,2009/4/20 23:30,8201.68,40.68,TRADE
NSW1,2009/4/21 0:00,8063.94,33.82,TRADE
NSW1,2009/4/21 0:30,7893.01,27.35,TRADE
NSW1,2009/4/21 1:00,7741.93,22.46,TRADE
NSW1,2009/4/21 1:30,7567.19,23.28,TRADE
NSW1,2009/4/21 2:00,7351.31,21.58,TRADE
NSW1,2009/4/21 2:30,6994.29,21.49,TRADE
NSW1,2009/4/21 3:00,6661.24,18.64,TRADE
NSW1,2009/4/21 3:30,6437.57,15.09,TRADE
NSW1,2009/4/21 4:00,6332.87,12.8,TRADE
NSW1,2009/4/21 4:30,6294.46,19.76,TRADE
NSW1,2009/4/21 5:00,6359.81,17.62,TRADE
NSW1,2009/4/21 5:30,6610.34,21.1,TRADE
NSW1,2009/4/21 6:00,6973.27,22.35,TRADE
NSW1,2009/4/21 6:30,7581.8,28.62,TRADE
NSW1,2009/4/21 7:00,8052.06,40.57,TRADE
NSW1,2009/4/21 7:30,8337.07,35.11,TRADE
NSW1,2009/4/21 8:00,8725.64,52.11,TRADE
NSW1,2009/4/21 8:30,9023.29,51.9,TRADE
NSW1,2009/4/21 9:00,9164.93,43.17,TRADE
NSW1,2009/4/21 9:30,9348.59,43.88,TRADE
NSW1,2009/4/21 10:00,9449.46,48.4,TRADE
NSW1,2009/4/21 10:30,9484.18,45.93,TRADE
NSW1,2009/4/21 11:00,9457.1,50.58,TRADE
NSW1,2009/4/21 11:30,9378.36,51.06,TRADE
NSW1,2009/4/21 12:00,9388.19,53.56,TRADE
NSW1,2009/4/21 12:30,9381.65,66.85,TRADE
NSW1,2009/4/21 13:00,9325.07,57.33,TRADE
NSW1,2009/4/21 13:30,9314.99,48.56,TRADE
NSW1,2009/4/21 14:00,9261.22,47.34,TRADE
NSW1,2009/4/21 14:30,9215.89,49.48,TRADE
NSW1,2009/4/21 15:00,9145.96,44.41,TRADE
NSW1,2009/4/21 15:30,9144.61,44.92,TRADE
NSW1,2009/4/21 16:00,9083.34,43.06,TRADE
NSW1,2009/4/21 16:30,9105.66,42.27,TRADE
NSW1,2009/4/21 17:00,9219.14,46.38,TRADE
NSW1,2009/4/21 17:30,9414.03,64.7,TRADE
NSW1,2009/4/21 18:00,9860,133.29,TRADE
NSW1,2009/4/21 18:30,9919.56,111.45,TRADE
NSW1,2009/4/21 19:00,9732.21,72.39,TRADE
NSW1,2009/4/21 19:30,9412.35,68.18,TRADE
NSW1,2009/4/21 20:00,9227.72,61.87,TRADE
NSW1,2009/4/21 20:30,9064.06,63.12,TRADE
NSW1,2009/4/21 21:00,8872.6,55.78,TRADE
NSW1,2009/4/21 21:30,8592.16,47.58,TRADE
NSW1,2009/4/21 22:00,8359.99,33.91,TRADE
NSW1,2009/4/21 22:30,8488.59,47.37,TRADE
NSW1,2009/4/21 23:00,8293.48,41.33,TRADE
NSW1,2009/4/21 23:30,8292.56,48.8,TRADE
NSW1,2009/4/22 0:00,8143.52,37.86,TRADE
NSW1,2009/4/22 0:30,7971.89,26.38,TRADE
NSW1,2009/4/22 1:00,7829.59,22.48,TRADE
NSW1,2009/4/22 1:30,7645.97,23.24,TRADE
NSW1,2009/4/22 2:00,7364.39,21.88,TRADE
NSW1,2009/4/22 2:30,6951.89,22,TRADE
NSW1,2009/4/22 3:00,6621.3,20.71,TRADE
NSW1,2009/4/22 3:30,6408.18,18.79,TRADE
NSW1,2009/4/22 4:00,6312.06,16.63,TRADE
NSW1,2009/4/22 4:30,6299.9,15,TRADE
NSW1,2009/4/22 5:00,6359.54,20.3,TRADE
NSW1,2009/4/22 5:30,6604.29,21.6,TRADE
NSW1,2009/4/22 6:00,6907.96,22.21,TRADE
NSW1,2009/4/22 6:30,7542.33,28.85,TRADE
NSW1,2009/4/22 7:00,8027.27,37.2,TRADE
NSW1,2009/4/22 7:30,8354.82,37.11,TRADE
NSW1,2009/4/22 8:00,8714.38,48.36,TRADE
NSW1,2009/4/22 8:30,8982.04,50.03,TRADE
NSW1,2009/4/22 9:00,9125.59,44.86,TRADE
NSW1,2009/4/22 9:30,9308.47,47.91,TRADE
NSW1,2009/4/22 10:00,9369.7,48.88,TRADE
NSW1,2009/4/22 10:30,9445.05,50.55,TRADE
NSW1,2009/4/22 11:00,9483.19,48.48,TRADE
NSW1,2009/4/22 11:30,9395.09,47.66,TRADE
NSW1,2009/4/22 12:00,9374.89,48.62,TRADE
NSW1,2009/4/22 12:30,9340.14,48.73,TRADE
NSW1,2009/4/22 13:00,9279.48,46.65,TRADE
NSW1,2009/4/22 13:30,9194.62,48.8,TRADE
NSW1,2009/4/22 14:00,9112.05,45.8,TRADE
NSW1,2009/4/22 14:30,9161.27,61.05,TRADE
NSW1,2009/4/22 15:00,9175.6,51.04,TRADE
NSW1,2009/4/22 15:30,9135.95,43.09,TRADE
NSW1,2009/4/22 16:00,9119,43.03,TRADE
NSW1,2009/4/22 16:30,9123.02,41.26,TRADE
NSW1,2009/4/22 17:00,9232.96,41.56,TRADE
NSW1,2009/4/22 17:30,9463.94,45.71,TRADE
NSW1,2009/4/22 18:00,9862.52,61.03,TRADE
NSW1,2009/4/22 18:30,9946.11,74.72,TRADE
NSW1,2009/4/22 19:00,9729.13,51.77,TRADE
NSW1,2009/4/22 19:30,9456.07,39.4,TRADE
NSW1,2009/4/22 20:00,9211.52,38.15,TRADE
NSW1,2009/4/22 20:30,9065.08,39.62,TRADE
NSW1,2009/4/22 21:00,8843.47,34.05,TRADE
NSW1,2009/4/22 21:30,8596.75,33.01,TRADE
NSW1,2009/4/22 22:00,8326.18,25.54,TRADE
NSW1,2009/4/22 22:30,8470.71,28.96,TRADE
NSW1,2009/4/22 23:00,8236.85,28.73,TRADE
NSW1,2009/4/22 23:30,8223.59,29.81,TRADE
NSW1,2009/4/23 0:00,8149.75,27.54,TRADE
NSW1,2009/4/23 0:30,7919.81,21.66,TRADE
NSW1,2009/4/23 1:00,7770.93,21.83,TRADE
NSW1,2009/4/23 1:30,7588.21,22.18,TRADE
NSW1,2009/4/23 2:00,7326.11,19.89,TRADE
NSW1,2009/4/23 2:30,6960.19,19.28,TRADE
NSW1,2009/4/23 3:00,6684.11,17.96,TRADE
NSW1,2009/4/23 3:30,6403.93,16.25,TRADE
NSW1,2009/4/23 4:00,6331.26,16.2,TRADE
NSW1,2009/4/23 4:30,6320.78,13.83,TRADE
NSW1,2009/4/23 5:00,6399.36,14.5,TRADE
NSW1,2009/4/23 5:30,6637.24,17.1,TRADE
NSW1,2009/4/23 6:00,6985.91,19.08,TRADE
NSW1,2009/4/23 6:30,7607.4,23.1,TRADE
NSW1,2009/4/23 7:00,8116.74,25.85,TRADE
NSW1,2009/4/23 7:30,8372.62,28.24,TRADE
NSW1,2009/4/23 8:00,8787.16,36.92,TRADE
NSW1,2009/4/23 8:30,9051.87,41.2,TRADE
NSW1,2009/4/23 9:00,9198.69,41.24,TRADE
NSW1,2009/4/23 9:30,9363.71,44.5,TRADE
NSW1,2009/4/23 10:00,9455.98,44.53,TRADE
NSW1,2009/4/23 10:30,9489.97,43.81,TRADE
NSW1,2009/4/23 11:00,9508.02,38.84,TRADE
NSW1,2009/4/23 11:30,9450.33,34.46,TRADE
NSW1,2009/4/23 12:00,9423.84,35.14,TRADE
NSW1,2009/4/23 12:30,9423.24,33.17,TRADE
NSW1,2009/4/23 13:00,9392.98,31.83,TRADE
NSW1,2009/4/23 13:30,9385.81,31.5,TRADE
NSW1,2009/4/23 14:00,9329.94,31.5,TRADE
NSW1,2009/4/23 14:30,9307.18,31.38,TRADE
NSW1,2009/4/23 15:00,9242.72,33.2,TRADE
NSW1,2009/4/23 15:30,9183.66,32.99,TRADE
NSW1,2009/4/23 16:00,9108.15,28.78,TRADE
NSW1,2009/4/23 16:30,9133.81,30.55,TRADE
NSW1,2009/4/23 17:00,9170.26,29.05,TRADE
NSW1,2009/4/23 17:30,9352.77,29.03,TRADE
NSW1,2009/4/23 18:00,9904.55,41.43,TRADE
NSW1,2009/4/23 18:30,10011.22,41.46,TRADE
NSW1,2009/4/23 19:00,9820.28,35.02,TRADE
NSW1,2009/4/23 19:30,9566.9,35.06,TRADE
NSW1,2009/4/23 20:00,9363.24,31.62,TRADE
NSW1,2009/4/23 20:30,9228.51,31.65,TRADE
NSW1,2009/4/23 21:00,9050.65,29.73,TRADE
NSW1,2009/4/23 21:30,8737.97,25.34,TRADE
NSW1,2009/4/23 22:00,8469.16,21.75,TRADE
NSW1,2009/4/23 22:30,8577.52,23.57,TRADE
NSW1,2009/4/23 23:00,8348.08,21.94,TRADE
NSW1,2009/4/23 23:30,8364.74,26.73,TRADE
NSW1,2009/4/24 0:00,8202.28,22.25,TRADE
NSW1,2009/4/24 0:30,7985.99,22,TRADE
NSW1,2009/4/24 1:00,7838.49,21.98,TRADE
NSW1,2009/4/24 1:30,7677.34,21.9,TRADE
NSW1,2009/4/24 2:00,7423.32,19.56,TRADE
NSW1,2009/4/24 2:30,7054.13,19,TRADE
NSW1,2009/4/24 3:00,6771.69,18.88,TRADE
NSW1,2009/4/24 3:30,6526.02,16.72,TRADE
NSW1,2009/4/24 4:00,6425.34,15.34,TRADE
NSW1,2009/4/24 4:30,6401.46,15.49,TRADE
NSW1,2009/4/24 5:00,6442.09,15.47,TRADE
NSW1,2009/4/24 5:30,6748.67,19.8,TRADE
NSW1,2009/4/24 6:00,7046.21,20.88,TRADE
NSW1,2009/4/24 6:30,7644.54,22.64,TRADE
NSW1,2009/4/24 7:00,8151.22,27.41,TRADE
NSW1,2009/4/24 7:30,8434.46,25.37,TRADE
NSW1,2009/4/24 8:00,8841.87,37.08,TRADE
NSW1,2009/4/24 8:30,9092.51,43.65,TRADE
NSW1,2009/4/24 9:00,9242.46,44.3,TRADE
NSW1,2009/4/24 9:30,9456.18,46.1,TRADE
NSW1,2009/4/24 10:00,9486.06,43.81,TRADE
NSW1,2009/4/24 10:30,9508.48,44.87,TRADE
NSW1,2009/4/24 11:00,9490.23,38.07,TRADE
NSW1,2009/4/24 11:30,9445.64,37.28,TRADE
NSW1,2009/4/24 12:00,9368.12,38.67,TRADE
NSW1,2009/4/24 12:30,9344.24,40.13,TRADE
NSW1,2009/4/24 13:00,9323.56,39.35,TRADE
NSW1,2009/4/24 13:30,9300.88,38.7,TRADE
NSW1,2009/4/24 14:00,9258.52,37.8,TRADE
NSW1,2009/4/24 14:30,9213.43,37.43,TRADE
NSW1,2009/4/24 15:00,9174.28,35.74,TRADE
NSW1,2009/4/24 15:30,9157.12,34.09,TRADE
NSW1,2009/4/24 16:00,9155.96,33.95,TRADE
NSW1,2009/4/24 16:30,9230.04,34.31,TRADE
NSW1,2009/4/24 17:00,9339.83,36.81,TRADE
NSW1,2009/4/24 17:30,9496.66,37.85,TRADE
NSW1,2009/4/24 18:00,9802.05,44.76,TRADE
NSW1,2009/4/24 18:30,9690.29,43.6,TRADE
NSW1,2009/4/24 19:00,9466.35,37.25,TRADE
NSW1,2009/4/24 19:30,9130.45,27.99,TRADE
NSW1,2009/4/24 20:00,8918.37,26.55,TRADE
NSW1,2009/4/24 20:30,8752.46,29.56,TRADE
NSW1,2009/4/24 21:00,8562.06,24.74,TRADE
NSW1,2009/4/24 21:30,8341.98,25.7,TRADE
NSW1,2009/4/24 22:00,8152.67,22.27,TRADE
NSW1,2009/4/24 22:30,8414.28,30.62,TRADE
NSW1,2009/4/24 23:00,8328.96,27.42,TRADE
NSW1,2009/4/24 23:30,8326.32,29.34,TRADE
NSW1,2009/4/25 0:00,8245,25.56,TRADE
NSW1,2009/4/25 0:30,8024.46,21.76,TRADE
NSW1,2009/4/25 1:00,7826.28,21.73,TRADE
NSW1,2009/4/25 1:30,7648.68,22.36,TRADE
NSW1,2009/4/25 2:00,7327.31,20.63,TRADE
NSW1,2009/4/25 2:30,6982.44,20.69,TRADE
NSW1,2009/4/25 3:00,6644.16,19.65,TRADE
NSW1,2009/4/25 3:30,6396.61,17,TRADE
NSW1,2009/4/25 4:00,6286.55,17,TRADE
NSW1,2009/4/25 4:30,6217.74,18.49,TRADE
NSW1,2009/4/25 5:00,6227.08,20.35,TRADE
NSW1,2009/4/25 5:30,6296.58,18.22,TRADE
NSW1,2009/4/25 6:00,6376.05,16.86,TRADE
NSW1,2009/4/25 6:30,6487.98,17,TRADE
NSW1,2009/4/25 7:00,6604.68,17,TRADE
NSW1,2009/4/25 7:30,6798.9,17.72,TRADE
NSW1,2009/4/25 8:00,7163.71,21.05,TRADE
NSW1,2009/4/25 8:30,7495.2,22.31,TRADE
NSW1,2009/4/25 9:00,7794.96,22.38,TRADE
NSW1,2009/4/25 9:30,8081.48,23.18,TRADE
NSW1,2009/4/25 10:00,8178.99,22.33,TRADE
NSW1,2009/4/25 10:30,8293.11,22.17,TRADE
NSW1,2009/4/25 11:00,8263.98,22.25,TRADE
NSW1,2009/4/25 11:30,8211.66,22.62,TRADE
NSW1,2009/4/25 12:00,8229.62,22.95,TRADE
NSW1,2009/4/25 12:30,8229.86,23.01,TRADE
NSW1,2009/4/25 13:00,8187.42,22.64,TRADE
NSW1,2009/4/25 13:30,8149.35,22.84,TRADE
NSW1,2009/4/25 14:00,8050.47,21.83,TRADE
NSW1,2009/4/25 14:30,7988.74,22,TRADE
NSW1,2009/4/25 15:00,7884.53,21.57,TRADE
NSW1,2009/4/25 15:30,7845.08,22,TRADE
NSW1,2009/4/25 16:00,7861.45,22,TRADE
NSW1,2009/4/25 16:30,7927.02,22.09,TRADE
NSW1,2009/4/25 17:00,8081.33,26.37,TRADE
NSW1,2009/4/25 17:30,8298.03,35.59,TRADE
NSW1,2009/4/25 18:00,8839.56,53,TRADE
NSW1,2009/4/25 18:30,8892.19,50.58,TRADE
NSW1,2009/4/25 19:00,8748.88,42.95,TRADE
NSW1,2009/4/25 19:30,8481.37,34.28,TRADE
NSW1,2009/4/25 20:00,8302.05,33.93,TRADE
NSW1,2009/4/25 20:30,8151.27,33.99,TRADE
NSW1,2009/4/25 21:00,8009.41,31.85,TRADE
NSW1,2009/4/25 21:30,7884.6,28.05,TRADE
NSW1,2009/4/25 22:00,7681.57,21.54,TRADE
NSW1,2009/4/25 22:30,7757.15,22.88,TRADE
NSW1,2009/4/25 23:00,7679.49,21.92,TRADE
NSW1,2009/4/25 23:30,7677.81,30.25,TRADE
NSW1,2009/4/26 0:00,7523.74,23.94,TRADE
NSW1,2009/4/26 0:30,7315.67,21.39,TRADE
NSW1,2009/4/26 1:00,7128.4,22,TRADE
NSW1,2009/4/26 1:30,6943.43,22.07,TRADE
NSW1,2009/4/26 2:00,6750.26,20.87,TRADE
NSW1,2009/4/26 2:30,6424.66,20.09,TRADE
NSW1,2009/4/26 3:00,6204.62,19.97,TRADE
NSW1,2009/4/26 3:30,6066.17,16.47,TRADE
NSW1,2009/4/26 4:00,5977.01,15.7,TRADE
NSW1,2009/4/26 4:30,5972.65,15.17,TRADE
NSW1,2009/4/26 5:00,5968.04,14.05,TRADE
NSW1,2009/4/26 5:30,6043.47,14.48,TRADE
NSW1,2009/4/26 6:00,6139.38,15.98,TRADE
NSW1,2009/4/26 6:30,6292.33,16.02,TRADE
NSW1,2009/4/26 7:00,6408.36,16.68,TRADE
NSW1,2009/4/26 7:30,6670.39,19,TRADE
NSW1,2009/4/26 8:00,7038.37,21.92,TRADE
NSW1,2009/4/26 8:30,7431.68,24.05,TRADE
NSW1,2009/4/26 9:00,7764.93,29.25,TRADE
NSW1,2009/4/26 9:30,8079.07,31.6,TRADE
NSW1,2009/4/26 10:00,8151.45,31.95,TRADE
NSW1,2009/4/26 10:30,8021.43,31.18,TRADE
NSW1,2009/4/26 11:00,8181.96,32.16,TRADE
NSW1,2009/4/26 11:30,8287.49,35.49,TRADE
NSW1,2009/4/26 12:00,8157.65,33.91,TRADE
NSW1,2009/4/26 12:30,8240.04,34.28,TRADE
NSW1,2009/4/26 13:00,8196.7,33.77,TRADE
NSW1,2009/4/26 13:30,8093.66,33,TRADE
NSW1,2009/4/26 14:00,8057.58,32.98,TRADE
NSW1,2009/4/26 14:30,7947.66,31.84,TRADE
NSW1,2009/4/26 15:00,7904.48,31.16,TRADE
NSW1,2009/4/26 15:30,7915.9,31.31,TRADE
NSW1,2009/4/26 16:00,7982.41,32.24,TRADE
NSW1,2009/4/26 16:30,8112.41,34.14,TRADE
NSW1,2009/4/26 17:00,8266.39,41.88,TRADE
NSW1,2009/4/26 17:30,8501.18,51.73,TRADE
NSW1,2009/4/26 18:00,9108.66,91.08,TRADE
NSW1,2009/4/26 18:30,9324.39,116.51,TRADE
NSW1,2009/4/26 19:00,9187.27,85.1,TRADE
NSW1,2009/4/26 19:30,8953.96,81.26,TRADE
NSW1,2009/4/26 20:00,8809.65,69.83,TRADE
NSW1,2009/4/26 20:30,8683.73,78.87,TRADE
NSW1,2009/4/26 21:00,8544.5,68.43,TRADE
NSW1,2009/4/26 21:30,8369.6,48.67,TRADE
NSW1,2009/4/26 22:00,8173.39,36.09,TRADE
NSW1,2009/4/26 22:30,8151.02,38.2,TRADE
NSW1,2009/4/26 23:00,7923.92,34.96,TRADE
NSW1,2009/4/26 23:30,7854.41,36.7,TRADE
NSW1,2009/4/27 0:00,7675.87,30.19,TRADE
NSW1,2009/4/27 0:30,7434.3,24.57,TRADE
NSW1,2009/4/27 1:00,7271.7,22.02,TRADE
NSW1,2009/4/27 1:30,7141.45,23.5,TRADE
NSW1,2009/4/27 2:00,6990.65,21.47,TRADE
NSW1,2009/4/27 2:30,6696.11,21.69,TRADE
NSW1,2009/4/27 3:00,6478.31,22,TRADE
NSW1,2009/4/27 3:30,6370.35,21.83,TRADE
NSW1,2009/4/27 4:00,6286.27,19.94,TRADE
NSW1,2009/4/27 4:30,6311.99,20.98,TRADE
NSW1,2009/4/27 5:00,6412.64,22.01,TRADE
NSW1,2009/4/27 5:30,6686.58,22.67,TRADE
NSW1,2009/4/27 6:00,7105.6,22.44,TRADE
NSW1,2009/4/27 6:30,7677.85,29.7,TRADE
NSW1,2009/4/27 7:00,8202.2,34.46,TRADE
NSW1,2009/4/27 7:30,8509.83,46.38,TRADE
NSW1,2009/4/27 8:00,8917.37,78.51,TRADE
NSW1,2009/4/27 8:30,9168.32,77.94,TRADE
NSW1,2009/4/27 9:00,9334.07,76.55,TRADE
NSW1,2009/4/27 9:30,9485.77,83.47,TRADE
NSW1,2009/4/27 10:00,9558.43,69.37,TRADE
NSW1,2009/4/27 10:30,9559.79,64.4,TRADE
NSW1,2009/4/27 11:00,9544.46,75.1,TRADE
NSW1,2009/4/27 11:30,9454.29,76.4,TRADE
NSW1,2009/4/27 12:00,9384.2,74.01,TRADE
NSW1,2009/4/27 12:30,9412.81,76.78,TRADE
NSW1,2009/4/27 13:00,9357.32,72.02,TRADE
NSW1,2009/4/27 13:30,9342.99,66.32,TRADE
NSW1,2009/4/27 14:00,9300.46,75.61,TRADE
NSW1,2009/4/27 14:30,9253.96,71.58,TRADE
NSW1,2009/4/27 15:00,9109.08,58.92,TRADE
NSW1,2009/4/27 15:30,9170.53,49.63,TRADE
NSW1,2009/4/27 16:00,9211.92,59.27,TRADE
NSW1,2009/4/27 16:30,9291.89,62.08,TRADE
NSW1,2009/4/27 17:00,9472.48,77.11,TRADE
NSW1,2009/4/27 17:30,9791.49,53.64,TRADE
NSW1,2009/4/27 18:00,10491.26,183.89,TRADE
NSW1,2009/4/27 18:30,10530.29,123.87,TRADE
NSW1,2009/4/27 19:00,10369.23,99.81,TRADE
NSW1,2009/4/27 19:30,10058.48,77.38,TRADE
NSW1,2009/4/27 20:00,9822.19,82.49,TRADE
NSW1,2009/4/27 20:30,9660.98,80.26,TRADE
NSW1,2009/4/27 21:00,9431.66,75.5,TRADE
NSW1,2009/4/27 21:30,9119.61,76.69,TRADE
NSW1,2009/4/27 22:00,8860.94,50.95,TRADE
NSW1,2009/4/27 22:30,8945.84,71.22,TRADE
NSW1,2009/4/27 23:00,8689.75,48.13,TRADE
NSW1,2009/4/27 23:30,8645.6,54.13,TRADE
NSW1,2009/4/28 0:00,8474.93,47.87,TRADE
NSW1,2009/4/28 0:30,8306.15,40.03,TRADE
NSW1,2009/4/28 1:00,8180.54,38.37,TRADE
NSW1,2009/4/28 1:30,7980.48,34.52,TRADE
NSW1,2009/4/28 2:00,7728.76,29.98,TRADE
NSW1,2009/4/28 2:30,7325.79,23.14,TRADE
NSW1,2009/4/28 3:00,7006.8,19.93,TRADE
NSW1,2009/4/28 3:30,6725.66,20.15,TRADE
NSW1,2009/4/28 4:00,6576.76,20.64,TRADE
NSW1,2009/4/28 4:30,6551.07,20.82,TRADE
NSW1,2009/4/28 5:00,6672.03,22.22,TRADE
NSW1,2009/4/28 5:30,6927.45,23.79,TRADE
NSW1,2009/4/28 6:00,7328.59,28.87,TRADE
NSW1,2009/4/28 6:30,8075.6,49.06,TRADE
NSW1,2009/4/28 7:00,8673.51,63.77,TRADE
NSW1,2009/4/28 7:30,8980.64,54.6,TRADE
NSW1,2009/4/28 8:00,9288.39,72.11,TRADE
NSW1,2009/4/28 8:30,9441.56,64.26,TRADE
NSW1,2009/4/28 9:00,9450.98,59.27,TRADE
NSW1,2009/4/28 9:30,9514.1,70.79,TRADE
NSW1,2009/4/28 10:00,9563.18,72.81,TRADE
NSW1,2009/4/28 10:30,9517.92,78.35,TRADE
NSW1,2009/4/28 11:00,9395.28,68.27,TRADE
NSW1,2009/4/28 11:30,9386.03,74.07,TRADE
NSW1,2009/4/28 12:00,9384.94,75.66,TRADE
NSW1,2009/4/28 12:30,9333.63,75.66,TRADE
NSW1,2009/4/28 13:00,9308.49,69.19,TRADE
NSW1,2009/4/28 13:30,9256.29,72.14,TRADE
NSW1,2009/4/28 14:00,9170.12,69.43,TRADE
NSW1,2009/4/28 14:30,9246.44,69.96,TRADE
NSW1,2009/4/28 15:00,9129.81,56.16,TRADE
NSW1,2009/4/28 15:30,9104.64,45.48,TRADE
NSW1,2009/4/28 16:00,9135.44,45.11,TRADE
NSW1,2009/4/28 16:30,9156.23,43.85,TRADE
NSW1,2009/4/28 17:00,9327.99,43.14,TRADE
NSW1,2009/4/28 17:30,9656.24,33.59,TRADE
NSW1,2009/4/28 18:00,10261.8,65.12,TRADE
NSW1,2009/4/28 18:30,10390.33,69.01,TRADE
NSW1,2009/4/28 19:00,10273.27,71.82,TRADE
NSW1,2009/4/28 19:30,10003.24,57.93,TRADE
NSW1,2009/4/28 20:00,9809.28,46.26,TRADE
NSW1,2009/4/28 20:30,9644.19,67.33,TRADE
NSW1,2009/4/28 21:00,9428.1,66.48,TRADE
NSW1,2009/4/28 21:30,9152.83,57.12,TRADE
NSW1,2009/4/28 22:00,8927.8,43.27,TRADE
NSW1,2009/4/28 22:30,9002.26,69.8,TRADE
NSW1,2009/4/28 23:00,8800.5,46.73,TRADE
NSW1,2009/4/28 23:30,8710.79,48.18,TRADE
NSW1,2009/4/29 0:00,8541.28,37.41,TRADE
NSW1,2009/4/29 0:30,8356.59,33.46,TRADE
NSW1,2009/4/29 1:00,8206.62,32.83,TRADE
NSW1,2009/4/29 1:30,8002.93,27.9,TRADE
NSW1,2009/4/29 2:00,7749.13,26.37,TRADE
NSW1,2009/4/29 2:30,7403.85,25.43,TRADE
NSW1,2009/4/29 3:00,7052.59,21.16,TRADE
NSW1,2009/4/29 3:30,6814.63,21.37,TRADE
NSW1,2009/4/29 4:00,6690.63,21.87,TRADE
NSW1,2009/4/29 4:30,6673.99,22.19,TRADE
NSW1,2009/4/29 5:00,6729.44,22.21,TRADE
NSW1,2009/4/29 5:30,7009.55,25.82,TRADE
NSW1,2009/4/29 6:00,7439.82,35.91,TRADE
NSW1,2009/4/29 6:30,8217.78,51.44,TRADE
NSW1,2009/4/29 7:00,8898.41,76.27,TRADE
NSW1,2009/4/29 7:30,9260.99,73.37,TRADE
NSW1,2009/4/29 8:00,9672.7,89.96,TRADE
NSW1,2009/4/29 8:30,9806.49,113.75,TRADE
NSW1,2009/4/29 9:00,9708.13,81.24,TRADE
NSW1,2009/4/29 9:30,9738.8,86.44,TRADE
NSW1,2009/4/29 10:00,9715.2,82.52,TRADE
NSW1,2009/4/29 10:30,9696.57,65.36,TRADE
NSW1,2009/4/29 11:00,9649.82,69.57,TRADE
NSW1,2009/4/29 11:30,9545.44,60.76,TRADE
NSW1,2009/4/29 12:00,9448.99,57.84,TRADE
NSW1,2009/4/29 12:30,9407.7,54.28,TRADE
NSW1,2009/4/29 13:00,9323.76,45.96,TRADE
NSW1,2009/4/29 13:30,9338.33,47.55,TRADE
NSW1,2009/4/29 14:00,9341.23,48.47,TRADE
NSW1,2009/4/29 14:30,9354.5,45.8,TRADE
NSW1,2009/4/29 15:00,9263.65,45.11,TRADE
NSW1,2009/4/29 15:30,9250.16,45.18,TRADE
NSW1,2009/4/29 16:00,9304.17,45.27,TRADE
NSW1,2009/4/29 16:30,9437.7,43.37,TRADE
NSW1,2009/4/29 17:00,9669.11,49.24,TRADE
NSW1,2009/4/29 17:30,10052.51,42.62,TRADE
NSW1,2009/4/29 18:00,10717.21,78.99,TRADE
NSW1,2009/4/29 18:30,10768.1,87.65,TRADE
NSW1,2009/4/29 19:00,10689.54,78.66,TRADE
NSW1,2009/4/29 19:30,10368.79,60.24,TRADE
NSW1,2009/4/29 20:00,10123.65,51.07,TRADE
NSW1,2009/4/29 20:30,9959.29,55.16,TRADE
NSW1,2009/4/29 21:00,9719.92,55.22,TRADE
NSW1,2009/4/29 21:30,9436.04,55.24,TRADE
NSW1,2009/4/29 22:00,9070.16,36.86,TRADE
NSW1,2009/4/29 22:30,9131.29,44.94,TRADE
NSW1,2009/4/29 23:00,8874.22,39.36,TRADE
NSW1,2009/4/29 23:30,8779.25,46.72,TRADE
NSW1,2009/4/30 0:00,8614.28,42.23,TRADE
NSW1,2009/4/30 0:30,8400.05,35.85,TRADE
NSW1,2009/4/30 1:00,8247.06,32.79,TRADE
NSW1,2009/4/30 1:30,8059.46,29.38,TRADE
NSW1,2009/4/30 2:00,7825.83,26.41,TRADE
NSW1,2009/4/30 2:30,7420.09,22.66,TRADE
NSW1,2009/4/30 3:00,7103.28,20.61,TRADE
NSW1,2009/4/30 3:30,6863.67,20.5,TRADE
NSW1,2009/4/30 4:00,6733.03,21.73,TRADE
NSW1,2009/4/30 4:30,6696.83,21.64,TRADE
NSW1,2009/4/30 5:00,6769.63,23.38,TRADE
NSW1,2009/4/30 5:30,7100.23,27.39,TRADE
NSW1,2009/4/30 6:00,7498.35,35.17,TRADE
NSW1,2009/4/30 6:30,8324.91,46.98,TRADE
NSW1,2009/4/30 7:00,9009.1,74.72,TRADE
NSW1,2009/4/30 7:30,9401.24,66.31,TRADE
NSW1,2009/4/30 8:00,9771.31,93.1,TRADE
NSW1,2009/4/30 8:30,9864.74,93.84,TRADE
NSW1,2009/4/30 9:00,9769.27,73.19,TRADE
NSW1,2009/4/30 9:30,9797.41,71.08,TRADE
NSW1,2009/4/30 10:00,9728.97,58.27,TRADE
NSW1,2009/4/30 10:30,9708.04,53.14,TRADE
NSW1,2009/4/30 11:00,9632.07,52.34,TRADE
NSW1,2009/4/30 11:30,9529.51,51.82,TRADE
NSW1,2009/4/30 12:00,9514.16,47.9,TRADE
NSW1,2009/4/30 12:30,9460.91,47.46,TRADE
NSW1,2009/4/30 13:00,9437.65,46.7,TRADE
NSW1,2009/4/30 13:30,9353.34,45.92,TRADE
NSW1,2009/4/30 14:00,9376.3,46.27,TRADE
NSW1,2009/4/30 14:30,9360.5,46.78,TRADE
NSW1,2009/4/30 15:00,9285.63,44.5,TRADE
NSW1,2009/4/30 15:30,9267.39,39.55,TRADE
NSW1,2009/4/30 16:00,9332.5,39.15,TRADE
NSW1,2009/4/30 16:30,9432.06,41.1,TRADE
NSW1,2009/4/30 17:00,9607.34,43.34,TRADE
NSW1,2009/4/30 17:30,9915.72,40.69,TRADE
NSW1,2009/4/30 18:00,10645.71,74.22,TRADE
NSW1,2009/4/30 18:30,10772.22,92.86,TRADE
NSW1,2009/4/30 19:00,10676.45,90.14,TRADE
NSW1,2009/4/30 19:30,10460.4,78.36,TRADE
NSW1,2009/4/30 20:00,10273.81,73.5,TRADE
NSW1,2009/4/30 20:30,10146.09,86.28,TRADE
NSW1,2009/4/30 21:00,9900.7,67.43,TRADE
NSW1,2009/4/30 21:30,9560.66,50.54,TRADE
NSW1,2009/4/30 22:00,9243.29,36.44,TRADE
NSW1,2009/4/30 22:30,9322.1,51.47,TRADE
NSW1,2009/4/30 23:00,9042.22,46.24,TRADE
NSW1,2009/4/30 23:30,8954.85,50.4,TRADE
NSW1,2009/5/1 0:00,8724.15,36.38,TRADE
?NSW1,2009/5/1 0:30,8565.68,33.4,TRADE
NSW1,2009/5/1 1:00,8395.47,28.69,TRADE
NSW1,2009/5/1 1:30,8214.8,25.38,TRADE
NSW1,2009/5/1 2:00,7944.88,21.47,TRADE
NSW1,2009/5/1 2:30,7545.95,22,TRADE
NSW1,2009/5/1 3:00,7216.7,21.41,TRADE
NSW1,2009/5/1 3:30,6939.91,20.03,TRADE
NSW1,2009/5/1 4:00,6839.23,20.4,TRADE
NSW1,2009/5/1 4:30,6807.88,20.93,TRADE
NSW1,2009/5/1 5:00,6889.89,21.82,TRADE
NSW1,2009/5/1 5:30,7184.21,22.35,TRADE
NSW1,2009/5/1 6:00,7606.77,24.12,TRADE
NSW1,2009/5/1 6:30,8387.38,33.3,TRADE
NSW1,2009/5/1 7:00,9094.68,42.54,TRADE
NSW1,2009/5/1 7:30,9444.9,43.1,TRADE
NSW1,2009/5/1 8:00,9811.79,59.94,TRADE
NSW1,2009/5/1 8:30,9895.03,59.01,TRADE
NSW1,2009/5/1 9:00,9800.57,45.43,TRADE
NSW1,2009/5/1 9:30,9818.24,42.92,TRADE
NSW1,2009/5/1 10:00,9705.03,40.89,TRADE
NSW1,2009/5/1 10:30,9716.41,38.92,TRADE
NSW1,2009/5/1 11:00,9623.28,36.01,TRADE
NSW1,2009/5/1 11:30,9563.16,33.8,TRADE
NSW1,2009/5/1 12:00,9475.01,31.55,TRADE
NSW1,2009/5/1 12:30,9404.07,32.02,TRADE
NSW1,2009/5/1 13:00,9307.98,31.61,TRADE
NSW1,2009/5/1 13:30,9239.58,28.81,TRADE
NSW1,2009/5/1 14:00,9190.98,26.16,TRADE
NSW1,2009/5/1 14:30,9156.42,25.75,TRADE
NSW1,2009/5/1 15:00,9096.23,28.06,TRADE
NSW1,2009/5/1 15:30,8970.42,27.18,TRADE
NSW1,2009/5/1 16:00,9048.05,31.48,TRADE
NSW1,2009/5/1 16:30,9077.64,32.73,TRADE
NSW1,2009/5/1 17:00,9225.2,37.54,TRADE
NSW1,2009/5/1 17:30,9513.9,39.05,TRADE
NSW1,2009/5/1 18:00,10096.2,58.76,TRADE
NSW1,2009/5/1 18:30,10111.27,58.82,TRADE
NSW1,2009/5/1 19:00,9997.5,46.76,TRADE
NSW1,2009/5/1 19:30,9741.46,45.62,TRADE
NSW1,2009/5/1 20:00,9542.64,42.51,TRADE
NSW1,2009/5/1 20:30,9406.55,34.23,TRADE
NSW1,2009/5/1 21:00,9194.63,31.02,TRADE
NSW1,2009/5/1 21:30,9000.52,30.53,TRADE
NSW1,2009/5/1 22:00,8737.32,25.23,TRADE
NSW1,2009/5/1 22:30,8983.04,35.48,TRADE
NSW1,2009/5/1 23:00,8798.77,32.87,TRADE
NSW1,2009/5/1 23:30,8765.03,33.36,TRADE
NSW1,2009/5/2 0:00,8608.93,32.01,TRADE
NSW1,2009/5/2 0:30,8422.36,30.25,TRADE
NSW1,2009/5/2 1:00,8196.57,24.41,TRADE
NSW1,2009/5/2 1:30,8021.77,26.96,TRADE
NSW1,2009/5/2 2:00,7664.66,22.04,TRADE
NSW1,2009/5/2 2:30,7332.94,21.67,TRADE
NSW1,2009/5/2 3:00,7026.7,20.77,TRADE
NSW1,2009/5/2 3:30,6781.33,20.58,TRADE
NSW1,2009/5/2 4:00,6589.66,20.4,TRADE
NSW1,2009/5/2 4:30,6512.53,20.4,TRADE
NSW1,2009/5/2 5:00,6521.77,20.4,TRADE
NSW1,2009/5/2 5:30,6627.44,20.4,TRADE
NSW1,2009/5/2 6:00,6751.24,20.54,TRADE
NSW1,2009/5/2 6:30,7121.37,21.67,TRADE
NSW1,2009/5/2 7:00,7362.74,22,TRADE
NSW1,2009/5/2 7:30,7778.85,23.97,TRADE
NSW1,2009/5/2 8:00,8262.37,28.06,TRADE
NSW1,2009/5/2 8:30,8704.63,31.74,TRADE
NSW1,2009/5/2 9:00,8890.16,33.73,TRADE
NSW1,2009/5/2 9:30,9087.93,33.46,TRADE
NSW1,2009/5/2 10:00,8972.86,30.56,TRADE
NSW1,2009/5/2 10:30,8926.3,30.63,TRADE
NSW1,2009/5/2 11:00,8768.24,26.53,TRADE
NSW1,2009/5/2 11:30,8653.93,25.03,TRADE
NSW1,2009/5/2 12:00,8510.51,25.1,TRADE
NSW1,2009/5/2 12:30,8421.41,24.94,TRADE
NSW1,2009/5/2 13:00,8277.37,23.59,TRADE
NSW1,2009/5/2 13:30,8273.25,24.12,TRADE
NSW1,2009/5/2 14:00,8206.85,23.72,TRADE
NSW1,2009/5/2 14:30,8123,22.07,TRADE
NSW1,2009/5/2 15:00,8098.83,21.92,TRADE
NSW1,2009/5/2 15:30,8053.46,21.93,TRADE
NSW1,2009/5/2 16:00,8159.69,22,TRADE
NSW1,2009/5/2 16:30,8264.48,22.65,TRADE
NSW1,2009/5/2 17:00,8461.62,25.54,TRADE
NSW1,2009/5/2 17:30,8778.42,32.33,TRADE
NSW1,2009/5/2 18:00,9488.14,49.95,TRADE
NSW1,2009/5/2 18:30,9523.78,55.22,TRADE
NSW1,2009/5/2 19:00,9329.99,45.42,TRADE
NSW1,2009/5/2 19:30,9079.54,36.85,TRADE
NSW1,2009/5/2 20:00,8858.74,33.97,TRADE
NSW1,2009/5/2 20:30,8733.95,31.46,TRADE
NSW1,2009/5/2 21:00,8623.9,28.71,TRADE
NSW1,2009/5/2 21:30,8447.03,30.09,TRADE
NSW1,2009/5/2 22:00,8295.65,27.85,TRADE
NSW1,2009/5/2 22:30,8298.65,35.07,TRADE
NSW1,2009/5/2 23:00,8162.89,35.2,TRADE
NSW1,2009/5/2 23:30,8128.82,38.44,TRADE
NSW1,2009/5/3 0:00,7946.74,33.03,TRADE
NSW1,2009/5/3 0:30,7653.2,27.38,TRADE
NSW1,2009/5/3 1:00,7468.83,23.28,TRADE
NSW1,2009/5/3 1:30,7324.63,25.55,TRADE
NSW1,2009/5/3 2:00,7049.77,21.28,TRADE
NSW1,2009/5/3 2:30,6728.33,20.6,TRADE
NSW1,2009/5/3 3:00,6472.42,20.94,TRADE
NSW1,2009/5/3 3:30,6334.41,20.21,TRADE
NSW1,2009/5/3 4:00,6215.45,18.24,TRADE
NSW1,2009/5/3 4:30,6249.9,20.2,TRADE
NSW1,2009/5/3 5:00,6221.6,18.63,TRADE
NSW1,2009/5/3 5:30,6345.59,20.24,TRADE
NSW1,2009/5/3 6:00,6435.53,19.03,TRADE
NSW1,2009/5/3 6:30,6680.76,20.4,TRADE
NSW1,2009/5/3 7:00,6806.41,20.4,TRADE
NSW1,2009/5/3 7:30,7117.65,21.62,TRADE
NSW1,2009/5/3 8:00,7526.75,23.73,TRADE
NSW1,2009/5/3 8:30,7996.19,28.62,TRADE
NSW1,2009/5/3 9:00,8309.24,32.41,TRADE
NSW1,2009/5/3 9:30,8539.41,33.76,TRADE
NSW1,2009/5/3 10:00,8521.46,33.4,TRADE
NSW1,2009/5/3 10:30,8564.41,33.23,TRADE
NSW1,2009/5/3 11:00,8583.52,32.54,TRADE
NSW1,2009/5/3 11:30,8445.49,31.61,TRADE
NSW1,2009/5/3 12:00,8403.22,31.5,TRADE
NSW1,2009/5/3 12:30,8355.6,29.72,TRADE
NSW1,2009/5/3 13:00,8274.46,26.13,TRADE
NSW1,2009/5/3 13:30,8119.51,25.64,TRADE
NSW1,2009/5/3 14:00,8088.87,24.51,TRADE
NSW1,2009/5/3 14:30,7999.05,24.22,TRADE
NSW1,2009/5/3 15:00,7950.76,23.72,TRADE
NSW1,2009/5/3 15:30,7970.42,24.45,TRADE
NSW1,2009/5/3 16:00,8037.73,25.35,TRADE
NSW1,2009/5/3 16:30,8148.44,24.68,TRADE
NSW1,2009/5/3 17:00,8353.96,29.84,TRADE
NSW1,2009/5/3 17:30,8660.53,32.21,TRADE
NSW1,2009/5/3 18:00,9389.53,63.54,TRADE
NSW1,2009/5/3 18:30,9547.14,62.03,TRADE
NSW1,2009/5/3 19:00,9449.86,40.2,TRADE
NSW1,2009/5/3 19:30,9257.4,33.99,TRADE
NSW1,2009/5/3 20:00,9070.96,31.88,TRADE
NSW1,2009/5/3 20:30,8959.16,31.5,TRADE
NSW1,2009/5/3 21:00,8786.57,29.66,TRADE
NSW1,2009/5/3 21:30,8589.39,29.75,TRADE
NSW1,2009/5/3 22:00,8363.28,23.94,TRADE
NSW1,2009/5/3 22:30,8264.32,24.71,TRADE
NSW1,2009/5/3 23:00,8074.69,22.42,TRADE
NSW1,2009/5/3 23:30,7969.33,24.35,TRADE
NSW1,2009/5/4 0:00,7748.12,22.32,TRADE
NSW1,2009/5/4 0:30,7567.65,21.32,TRADE
NSW1,2009/5/4 1:00,7339.98,20.54,TRADE
NSW1,2009/5/4 1:30,7253.17,22.63,TRADE
NSW1,2009/5/4 2:00,7039.85,20.55,TRADE
NSW1,2009/5/4 2:30,6759.78,19.7,TRADE
NSW1,2009/5/4 3:00,6537.97,18.26,TRADE
NSW1,2009/5/4 3:30,6428.16,16.92,TRADE
NSW1,2009/5/4 4:00,6375.57,15.89,TRADE
NSW1,2009/5/4 4:30,6392.52,16.4,TRADE
NSW1,2009/5/4 5:00,6533.73,17.76,TRADE
NSW1,2009/5/4 5:30,6798.61,20.21,TRADE
NSW1,2009/5/4 6:00,7220.29,20.83,TRADE
NSW1,2009/5/4 6:30,8014.84,24.37,TRADE
NSW1,2009/5/4 7:00,8779.01,28.15,TRADE
NSW1,2009/5/4 7:30,9216.98,26.08,TRADE
NSW1,2009/5/4 8:00,9638.9,31.77,TRADE
NSW1,2009/5/4 8:30,9743.69,37.07,TRADE
NSW1,2009/5/4 9:00,9649.51,35.97,TRADE
NSW1,2009/5/4 9:30,9663.96,37.17,TRADE
NSW1,2009/5/4 10:00,9636.3,37.56,TRADE
NSW1,2009/5/4 10:30,9724.68,39.21,TRADE
NSW1,2009/5/4 11:00,9694.68,39.56,TRADE
NSW1,2009/5/4 11:30,9597.58,37.08,TRADE
NSW1,2009/5/4 12:00,9558.8,34.68,TRADE
NSW1,2009/5/4 12:30,9515.79,33.33,TRADE
NSW1,2009/5/4 13:00,9456.18,28.19,TRADE
NSW1,2009/5/4 13:30,9409.71,28.43,TRADE
NSW1,2009/5/4 14:00,9409.22,29.06,TRADE
NSW1,2009/5/4 14:30,9301.92,25.5,TRADE
NSW1,2009/5/4 15:00,9293.8,24.63,TRADE
NSW1,2009/5/4 15:30,9316.3,25.31,TRADE
NSW1,2009/5/4 16:00,9351.56,26.22,TRADE
NSW1,2009/5/4 16:30,9380.56,26.65,TRADE
NSW1,2009/5/4 17:00,9514.52,30.11,TRADE
NSW1,2009/5/4 17:30,9880.21,36.58,TRADE
NSW1,2009/5/4 18:00,10441.95,54.08,TRADE
NSW1,2009/5/4 18:30,10448.49,55.24,TRADE
NSW1,2009/5/4 19:00,10259.78,44.89,TRADE
NSW1,2009/5/4 19:30,9969.21,40.91,TRADE
NSW1,2009/5/4 20:00,9785.85,35.94,TRADE
NSW1,2009/5/4 20:30,9532.08,33.14,TRADE
NSW1,2009/5/4 21:00,9423.91,31.69,TRADE
NSW1,2009/5/4 21:30,9118.91,29.63,TRADE
NSW1,2009/5/4 22:00,8847.09,26.5,TRADE
NSW1,2009/5/4 22:30,8892.61,30.33,TRADE
NSW1,2009/5/4 23:00,8718.41,32.18,TRADE
NSW1,2009/5/4 23:30,8623.6,33.27,TRADE
NSW1,2009/5/5 0:00,8523.87,32.63,TRADE
NSW1,2009/5/5 0:30,8315.69,25.83,TRADE
NSW1,2009/5/5 1:00,8192.25,24.92,TRADE
NSW1,2009/5/5 1:30,8005.28,24.87,TRADE
NSW1,2009/5/5 2:00,7810.73,23.54,TRADE
NSW1,2009/5/5 2:30,7401.91,22,TRADE
NSW1,2009/5/5 3:00,7041.8,21.11,TRADE
NSW1,2009/5/5 3:30,6822.77,21.04,TRADE
NSW1,2009/5/5 4:00,6684.07,20.33,TRADE
NSW1,2009/5/5 4:30,6661.13,20.99,TRADE
NSW1,2009/5/5 5:00,6738.34,21.98,TRADE
NSW1,2009/5/5 5:30,7033.02,24.3,TRADE
NSW1,2009/5/5 6:00,7382.55,22.81,TRADE
NSW1,2009/5/5 6:30,8228.48,29.16,TRADE
NSW1,2009/5/5 7:00,8862.98,40.59,TRADE
NSW1,2009/5/5 7:30,9246.21,45.49,TRADE
NSW1,2009/5/5 8:00,9580.86,58.94,TRADE
NSW1,2009/5/5 8:30,9718.91,55.19,TRADE
NSW1,2009/5/5 9:00,9621.76,52.09,TRADE
NSW1,2009/5/5 9:30,9664.26,54.52,TRADE
NSW1,2009/5/5 10:00,9644.74,46.29,TRADE
NSW1,2009/5/5 10:30,9640.38,43.59,TRADE
NSW1,2009/5/5 11:00,9575.42,42.68,TRADE
NSW1,2009/5/5 11:30,9525.71,41.99,TRADE
NSW1,2009/5/5 12:00,9494.13,41.23,TRADE
NSW1,2009/5/5 12:30,9425.88,37.13,TRADE
NSW1,2009/5/5 13:00,9455.11,38.38,TRADE
NSW1,2009/5/5 13:30,9403.18,35.92,TRADE
NSW1,2009/5/5 14:00,9404.06,35.71,TRADE
NSW1,2009/5/5 14:30,9330.34,34.78,TRADE
NSW1,2009/5/5 15:00,9252.88,33.21,TRADE
NSW1,2009/5/5 15:30,9231.3,32.78,TRADE
NSW1,2009/5/5 16:00,9264.99,33.24,TRADE
NSW1,2009/5/5 16:30,9305.76,35.66,TRADE
NSW1,2009/5/5 17:00,9531.6,38.78,TRADE
NSW1,2009/5/5 17:30,9950.34,48.64,TRADE
NSW1,2009/5/5 18:00,10555.19,59.06,TRADE
NSW1,2009/5/5 18:30,10506.35,59.75,TRADE
NSW1,2009/5/5 19:00,10318.46,52.48,TRADE
NSW1,2009/5/5 19:30,10045.96,46.63,TRADE
NSW1,2009/5/5 20:00,9790.61,42.19,TRADE
NSW1,2009/5/5 20:30,9610.59,39.86,TRADE
NSW1,2009/5/5 21:00,9528.24,37.88,TRADE
NSW1,2009/5/5 21:30,9207.19,34.12,TRADE
NSW1,2009/5/5 22:00,8944.49,28.74,TRADE
NSW1,2009/5/5 22:30,9037.97,33.59,TRADE
NSW1,2009/5/5 23:00,8833.39,34.51,TRADE
NSW1,2009/5/5 23:30,8725.28,32.13,TRADE
NSW1,2009/5/6 0:00,8585.8,28.45,TRADE
NSW1,2009/5/6 0:30,8388.85,25.43,TRADE
NSW1,2009/5/6 1:00,8262.54,24.55,TRADE
NSW1,2009/5/6 1:30,8062.3,25.29,TRADE
NSW1,2009/5/6 2:00,7843.6,25.87,TRADE
NSW1,2009/5/6 2:30,7431.91,25.38,TRADE
NSW1,2009/5/6 3:00,7146.17,23.46,TRADE
NSW1,2009/5/6 3:30,6862.01,21.55,TRADE
NSW1,2009/5/6 4:00,6722.45,21.67,TRADE
NSW1,2009/5/6 4:30,6645.99,22,TRADE
NSW1,2009/5/6 5:00,6732.47,22,TRADE
NSW1,2009/5/6 5:30,7025.11,22.41,TRADE
NSW1,2009/5/6 6:00,7442.25,23.83,TRADE
NSW1,2009/5/6 6:30,8208.85,30.27,TRADE
NSW1,2009/5/6 7:00,8910.34,35.37,TRADE
NSW1,2009/5/6 7:30,9236.41,40.96,TRADE
NSW1,2009/5/6 8:00,9568.19,51.84,TRADE
NSW1,2009/5/6 8:30,9652.84,49.36,TRADE
NSW1,2009/5/6 9:00,9578.99,46.47,TRADE
NSW1,2009/5/6 9:30,9619.1,46.53,TRADE
NSW1,2009/5/6 10:00,9645.52,46.58,TRADE
NSW1,2009/5/6 10:30,9624.34,46.09,TRADE
NSW1,2009/5/6 11:00,9563.92,40.51,TRADE
NSW1,2009/5/6 11:30,9495.13,42.03,TRADE
NSW1,2009/5/6 12:00,9436.98,41.55,TRADE
NSW1,2009/5/6 12:30,9411.86,37.14,TRADE
NSW1,2009/5/6 13:00,9309.35,34.49,TRADE
NSW1,2009/5/6 13:30,9346.97,34.34,TRADE
NSW1,2009/5/6 14:00,9327.76,35.15,TRADE
NSW1,2009/5/6 14:30,9336.25,34.22,TRADE
NSW1,2009/5/6 15:00,9240.97,31.82,TRADE
NSW1,2009/5/6 15:30,9203.12,31.68,TRADE
NSW1,2009/5/6 16:00,9199.38,27.67,TRADE
NSW1,2009/5/6 16:30,9267.69,34.44,TRADE
NSW1,2009/5/6 17:00,9423.97,34.77,TRADE
NSW1,2009/5/6 17:30,9767.27,40.3,TRADE
NSW1,2009/5/6 18:00,10313.74,57.67,TRADE
NSW1,2009/5/6 18:30,10309.66,56.57,TRADE
NSW1,2009/5/6 19:00,10173.97,48.28,TRADE
NSW1,2009/5/6 19:30,9926.19,43.44,TRADE
NSW1,2009/5/6 20:00,9683.43,42.58,TRADE
NSW1,2009/5/6 20:30,9597.49,37.67,TRADE
NSW1,2009/5/6 21:00,9427.36,33.29,TRADE
NSW1,2009/5/6 21:30,9141.7,32.86,TRADE
NSW1,2009/5/6 22:00,8867.84,25.04,TRADE
NSW1,2009/5/6 22:30,8915.47,32.26,TRADE
NSW1,2009/5/6 23:00,8720.49,29.9,TRADE
NSW1,2009/5/6 23:30,8642.94,31.34,TRADE
NSW1,2009/5/7 0:00,8499.45,25.9,TRADE
NSW1,2009/5/7 0:30,8328.33,23.64,TRADE
NSW1,2009/5/7 1:00,8173.03,22.05,TRADE
NSW1,2009/5/7 1:30,8009.63,24.27,TRADE
NSW1,2009/5/7 2:00,7749.56,21.86,TRADE
NSW1,2009/5/7 2:30,7372.41,22,TRADE
NSW1,2009/5/7 3:00,7027.71,21.34,TRADE
NSW1,2009/5/7 3:30,6802.14,21.26,TRADE
NSW1,2009/5/7 4:00,6651.79,20.15,TRADE
NSW1,2009/5/7 4:30,6636.23,19.36,TRADE
NSW1,2009/5/7 5:00,6733.88,20.73,TRADE
NSW1,2009/5/7 5:30,7021.71,22,TRADE
NSW1,2009/5/7 6:00,7433.42,22.09,TRADE
NSW1,2009/5/7 6:30,8298.31,24.11,TRADE
NSW1,2009/5/7 7:00,9002.94,27.28,TRADE
NSW1,2009/5/7 7:30,9339.8,27.61,TRADE
NSW1,2009/5/7 8:00,9690.12,34.34,TRADE
NSW1,2009/5/7 8:30,9738.4,32.4,TRADE
NSW1,2009/5/7 9:00,9636.15,31.41,TRADE
NSW1,2009/5/7 9:30,9621.11,31.53,TRADE
NSW1,2009/5/7 10:00,9639.16,33.92,TRADE
NSW1,2009/5/7 10:30,9630.59,33.73,TRADE
NSW1,2009/5/7 11:00,9605.74,33.78,TRADE
NSW1,2009/5/7 11:30,9521,33.37,TRADE
NSW1,2009/5/7 12:00,9476.99,31.68,TRADE
NSW1,2009/5/7 12:30,9447.58,30.99,TRADE
NSW1,2009/5/7 13:00,9370.57,29.94,TRADE
NSW1,2009/5/7 13:30,9298.12,30.17,TRADE
NSW1,2009/5/7 14:00,9297.12,31.2,TRADE
NSW1,2009/5/7 14:30,9333.5,32.22,TRADE
NSW1,2009/5/7 15:00,9272.12,31.71,TRADE
NSW1,2009/5/7 15:30,9236.91,28.72,TRADE
NSW1,2009/5/7 16:00,9227.26,25.57,TRADE
NSW1,2009/5/7 16:30,9283.69,26.97,TRADE
NSW1,2009/5/7 17:00,9394.01,28.81,TRADE
NSW1,2009/5/7 17:30,9752.04,35.91,TRADE
NSW1,2009/5/7 18:00,10417.91,69.65,TRADE
NSW1,2009/5/7 18:30,10423.64,53.32,TRADE
NSW1,2009/5/7 19:00,10269.94,50.99,TRADE
NSW1,2009/5/7 19:30,10055.7,44.31,TRADE
NSW1,2009/5/7 20:00,9884.84,42.18,TRADE
NSW1,2009/5/7 20:30,9734.24,40.11,TRADE
NSW1,2009/5/7 21:00,9537.04,36.49,TRADE
NSW1,2009/5/7 21:30,9227.91,32.03,TRADE
NSW1,2009/5/7 22:00,8896.28,24.61,TRADE
NSW1,2009/5/7 22:30,8976.72,31.63,TRADE
NSW1,2009/5/7 23:00,8761.02,27.91,TRADE
NSW1,2009/5/7 23:30,8687.14,31.51,TRADE
NSW1,2009/5/8 0:00,8568.73,30.29,TRADE
NSW1,2009/5/8 0:30,8360.92,25.15,TRADE
NSW1,2009/5/8 1:00,8201,22,TRADE
NSW1,2009/5/8 1:30,8006.03,22.94,TRADE
NSW1,2009/5/8 2:00,7765.59,22,TRADE
NSW1,2009/5/8 2:30,7357.35,22.29,TRADE
NSW1,2009/5/8 3:00,7063.44,21.61,TRADE
NSW1,2009/5/8 3:30,6807.25,21.89,TRADE
NSW1,2009/5/8 4:00,6705.82,20.88,TRADE
NSW1,2009/5/8 4:30,6663.86,20.79,TRADE
NSW1,2009/5/8 5:00,6761.66,22,TRADE
NSW1,2009/5/8 5:30,7034.96,22.09,TRADE
NSW1,2009/5/8 6:00,7478.85,23.76,TRADE
NSW1,2009/5/8 6:30,8261.63,31.34,TRADE
NSW1,2009/5/8 7:00,8958.54,38.32,TRADE
NSW1,2009/5/8 7:30,9307.05,42.24,TRADE
NSW1,2009/5/8 8:00,9590.37,54.79,TRADE
NSW1,2009/5/8 8:30,9679.35,44.67,TRADE
NSW1,2009/5/8 9:00,9577.72,42.52,TRADE
NSW1,2009/5/8 9:30,9635.87,40.87,TRADE
NSW1,2009/5/8 10:00,9658.58,41.16,TRADE
NSW1,2009/5/8 10:30,9602.66,41.01,TRADE
NSW1,2009/5/8 11:00,9563.36,40.12,TRADE
NSW1,2009/5/8 11:30,9499.04,40.91,TRADE
NSW1,2009/5/8 12:00,9384.74,39.85,TRADE
NSW1,2009/5/8 12:30,9384.2,40.36,TRADE
NSW1,2009/5/8 13:00,9363.08,41.24,TRADE
NSW1,2009/5/8 13:30,9270.12,40.15,TRADE
NSW1,2009/5/8 14:00,9200.96,38.22,TRADE
NSW1,2009/5/8 14:30,9116.76,38.54,TRADE
NSW1,2009/5/8 15:00,8987.47,36.76,TRADE
NSW1,2009/5/8 15:30,9003.98,37.12,TRADE
NSW1,2009/5/8 16:00,9102.39,39.48,TRADE
NSW1,2009/5/8 16:30,9184.67,37.43,TRADE
NSW1,2009/5/8 17:00,9302.64,38.76,TRADE
NSW1,2009/5/8 17:30,9752.31,44.24,TRADE
NSW1,2009/5/8 18:00,10243.43,48.79,TRADE
NSW1,2009/5/8 18:30,10194.75,44.2,TRADE
NSW1,2009/5/8 19:00,10034.73,41.26,TRADE
NSW1,2009/5/8 19:30,9762,40.69,TRADE
NSW1,2009/5/8 20:00,9552.79,39.04,TRADE
NSW1,2009/5/8 20:30,9416.27,36.89,TRADE
NSW1,2009/5/8 21:00,9358.5,36.31,TRADE
NSW1,2009/5/8 21:30,9107.64,33.26,TRADE
NSW1,2009/5/8 22:00,8877.35,28.86,TRADE
NSW1,2009/5/8 22:30,9074.41,36.61,TRADE
NSW1,2009/5/8 23:00,8918.36,35.59,TRADE
NSW1,2009/5/8 23:30,8876.94,43.47,TRADE
NSW1,2009/5/9 0:00,8724.69,36.03,TRADE
NSW1,2009/5/9 0:30,8522.48,30.42,TRADE
NSW1,2009/5/9 1:00,8300.41,25.73,TRADE
NSW1,2009/5/9 1:30,8136.4,26.14,TRADE
NSW1,2009/5/9 2:00,7802.26,22,TRADE
NSW1,2009/5/9 2:30,7406.32,22.23,TRADE
NSW1,2009/5/9 3:00,7098.94,21.57,TRADE
NSW1,2009/5/9 3:30,6771.69,21.13,TRADE
NSW1,2009/5/9 4:00,6661.43,21.57,TRADE
NSW1,2009/5/9 4:30,6547.97,21.74,TRADE
NSW1,2009/5/9 5:00,6576.47,22,TRADE
NSW1,2009/5/9 5:30,6659.1,22,TRADE
NSW1,2009/5/9 6:00,6836.17,22,TRADE
NSW1,2009/5/9 6:30,7166.37,22,TRADE
NSW1,2009/5/9 7:00,7423.75,22.02,TRADE
NSW1,2009/5/9 7:30,7857.87,22.94,TRADE
NSW1,2009/5/9 8:00,8422.35,31.13,TRADE
NSW1,2009/5/9 8:30,8753.79,35.34,TRADE
NSW1,2009/5/9 9:00,8984.7,42.06,TRADE
NSW1,2009/5/9 9:30,9114.58,42.58,TRADE
NSW1,2009/5/9 10:00,8997.69,40.05,TRADE
NSW1,2009/5/9 10:30,8973.39,42.47,TRADE
NSW1,2009/5/9 11:00,8805.33,41.35,TRADE
NSW1,2009/5/9 11:30,8673.64,36.29,TRADE
NSW1,2009/5/9 12:00,8498.63,33.16,TRADE
NSW1,2009/5/9 12:30,8431.34,32.12,TRADE
NSW1,2009/5/9 13:00,8348.87,32.01,TRADE
NSW1,2009/5/9 13:30,8257.7,29.98,TRADE
NSW1,2009/5/9 14:00,8165.22,24.35,TRADE
NSW1,2009/5/9 14:30,8113.61,23.34,TRADE
NSW1,2009/5/9 15:00,8073.82,22.65,TRADE
NSW1,2009/5/9 15:30,8012.31,23.07,TRADE
NSW1,2009/5/9 16:00,8056.31,22.53,TRADE
NSW1,2009/5/9 16:30,8236.89,25.06,TRADE
NSW1,2009/5/9 17:00,8458.23,29.75,TRADE
NSW1,2009/5/9 17:30,8862.69,41.15,TRADE
NSW1,2009/5/9 18:00,9506.5,67.72,TRADE
NSW1,2009/5/9 18:30,9489.56,57.2,TRADE
NSW1,2009/5/9 19:00,9314.54,45.12,TRADE
NSW1,2009/5/9 19:30,9042.2,36.49,TRADE
NSW1,2009/5/9 20:00,8879.28,35.86,TRADE
NSW1,2009/5/9 20:30,8761.75,32.72,TRADE
NSW1,2009/5/9 21:00,8669.8,30.65,TRADE
NSW1,2009/5/9 21:30,8483.46,30.1,TRADE
NSW1,2009/5/9 22:00,8339.17,24.06,TRADE
NSW1,2009/5/9 22:30,8368.71,29.49,TRADE
NSW1,2009/5/9 23:00,8233.55,29.14,TRADE
NSW1,2009/5/9 23:30,8198.78,31.94,TRADE
NSW1,2009/5/10 0:00,8012.35,26.8,TRADE
NSW1,2009/5/10 0:30,7766.66,24.11,TRADE
NSW1,2009/5/10 1:00,7532.66,21.75,TRADE
NSW1,2009/5/10 1:30,7343.75,22.16,TRADE
NSW1,2009/5/10 2:00,7103.27,22,TRADE
NSW1,2009/5/10 2:30,6779.7,21.53,TRADE
NSW1,2009/5/10 3:00,6525.47,20.66,TRADE
NSW1,2009/5/10 3:30,6379.46,20.76,TRADE
NSW1,2009/5/10 4:00,6301.01,20.5,TRADE
NSW1,2009/5/10 4:30,6228.71,21.54,TRADE
NSW1,2009/5/10 5:00,6246.56,22,TRADE
NSW1,2009/5/10 5:30,6308.97,22.14,TRADE
NSW1,2009/5/10 6:00,6421.01,21.78,TRADE
NSW1,2009/5/10 6:30,6602.32,21.96,TRADE
NSW1,2009/5/10 7:00,6817.25,20.83,TRADE
NSW1,2009/5/10 7:30,7114.61,20.93,TRADE
NSW1,2009/5/10 8:00,7520.99,22.7,TRADE
NSW1,2009/5/10 8:30,8000.18,27.12,TRADE
NSW1,2009/5/10 9:00,8306.85,26.12,TRADE
NSW1,2009/5/10 9:30,8623.97,30.14,TRADE
NSW1,2009/5/10 10:00,8750.2,31.69,TRADE
NSW1,2009/5/10 10:30,8833.27,30.84,TRADE
NSW1,2009/5/10 11:00,8767.49,23.76,TRADE
NSW1,2009/5/10 11:30,8700.83,23.64,TRADE
NSW1,2009/5/10 12:00,8546.84,22.37,TRADE
NSW1,2009/5/10 12:30,8426.74,21.98,TRADE
NSW1,2009/5/10 13:00,8225.41,21.97,TRADE
NSW1,2009/5/10 13:30,8107.56,22,TRADE
NSW1,2009/5/10 14:00,8039.07,21.98,TRADE
NSW1,2009/5/10 14:30,7956.73,21.96,TRADE
NSW1,2009/5/10 15:00,7943.22,22,TRADE
NSW1,2009/5/10 15:30,7959.46,22.17,TRADE
NSW1,2009/5/10 16:00,8035.99,22,TRADE
NSW1,2009/5/10 16:30,8211.81,22,TRADE
NSW1,2009/5/10 17:00,8494.82,23.02,TRADE
NSW1,2009/5/10 17:30,8943.03,30.01,TRADE
NSW1,2009/5/10 18:00,9472.25,49.69,TRADE
NSW1,2009/5/10 18:30,9562.22,46.48,TRADE
NSW1,2009/5/10 19:00,9447.87,42.98,TRADE
NSW1,2009/5/10 19:30,9284.98,39.05,TRADE
NSW1,2009/5/10 20:00,9179.1,37.39,TRADE
NSW1,2009/5/10 20:30,9120.16,36.56,TRADE
NSW1,2009/5/10 21:00,9017.2,34.46,TRADE
NSW1,2009/5/10 21:30,8806.31,31.62,TRADE
NSW1,2009/5/10 22:00,8488.78,25.82,TRADE
NSW1,2009/5/10 22:30,8426.4,24.95,TRADE
NSW1,2009/5/10 23:00,8185.61,21.64,TRADE
NSW1,2009/5/10 23:30,8105.21,24.4,TRADE
NSW1,2009/5/11 0:00,7897.28,22.27,TRADE
NSW1,2009/5/11 0:30,7622.91,21.61,TRADE
NSW1,2009/5/11 1:00,7493.71,22,TRADE
NSW1,2009/5/11 1:30,7371.93,22.36,TRADE
NSW1,2009/5/11 2:00,7224.49,21.83,TRADE
NSW1,2009/5/11 2:30,6904.67,22.08,TRADE
NSW1,2009/5/11 3:00,6678.71,21.96,TRADE
NSW1,2009/5/11 3:30,6555.92,21.2,TRADE
NSW1,2009/5/11 4:00,6426.76,20.73,TRADE
NSW1,2009/5/11 4:30,6500.27,21.52,TRADE
NSW1,2009/5/11 5:00,6572.93,21.81,TRADE
NSW1,2009/5/11 5:30,6943.92,22.52,TRADE
NSW1,2009/5/11 6:00,7378.13,21.8,TRADE
NSW1,2009/5/11 6:30,8213.48,23.67,TRADE
NSW1,2009/5/11 7:00,9029.19,34.37,TRADE
NSW1,2009/5/11 7:30,9448.02,33.91,TRADE
NSW1,2009/5/11 8:00,9828.58,49.51,TRADE
NSW1,2009/5/11 8:30,9857.01,53.61,TRADE
NSW1,2009/5/11 9:00,9786.55,44.21,TRADE
NSW1,2009/5/11 9:30,9826.81,45.72,TRADE
NSW1,2009/5/11 10:00,9807.42,41.81,TRADE
NSW1,2009/5/11 10:30,9811.72,44.46,TRADE
NSW1,2009/5/11 11:00,9753.65,49.65,TRADE
NSW1,2009/5/11 11:30,9644.59,42.52,TRADE
NSW1,2009/5/11 12:00,9543.18,38.21,TRADE
NSW1,2009/5/11 12:30,9515.35,37.53,TRADE
NSW1,2009/5/11 13:00,9406.12,34.66,TRADE
NSW1,2009/5/11 13:30,9443.03,35.44,TRADE
NSW1,2009/5/11 14:00,9403.67,35.65,TRADE
NSW1,2009/5/11 14:30,9366.93,34.8,TRADE
NSW1,2009/5/11 15:00,9308.56,32.69,TRADE
NSW1,2009/5/11 15:30,9280.94,33.08,TRADE
NSW1,2009/5/11 16:00,9312.37,33.7,TRADE
NSW1,2009/5/11 16:30,9357.52,33.97,TRADE
NSW1,2009/5/11 17:00,9533.08,35.14,TRADE
NSW1,2009/5/11 17:30,10235.68,49.92,TRADE
NSW1,2009/5/11 18:00,10921.52,67.54,TRADE
NSW1,2009/5/11 18:30,10962.71,61.87,TRADE
NSW1,2009/5/11 19:00,10763.55,45.44,TRADE
NSW1,2009/5/11 19:30,10508.61,43.24,TRADE
NSW1,2009/5/11 20:00,10214.4,39.85,TRADE
NSW1,2009/5/11 20:30,10185.21,44.17,TRADE
NSW1,2009/5/11 21:00,9976.53,41.73,TRADE
NSW1,2009/5/11 21:30,9653.94,36.8,TRADE
NSW1,2009/5/11 22:00,9302.02,30.18,TRADE
NSW1,2009/5/11 22:30,9271.83,36.1,TRADE
NSW1,2009/5/11 23:00,9051.09,32.36,TRADE
NSW1,2009/5/11 23:30,8912.37,34.48,TRADE
NSW1,2009/5/12 0:00,8774.51,31.07,TRADE
NSW1,2009/5/12 0:30,8529.21,24.46,TRADE
NSW1,2009/5/12 1:00,8405.63,22.12,TRADE
NSW1,2009/5/12 1:30,8203.32,22.81,TRADE
NSW1,2009/5/12 2:00,8009.53,21.48,TRADE
NSW1,2009/5/12 2:30,7524.6,21.83,TRADE
NSW1,2009/5/12 3:00,7273.81,21.65,TRADE
NSW1,2009/5/12 3:30,7014.81,20.89,TRADE
NSW1,2009/5/12 4:00,6872.02,20.4,TRADE
NSW1,2009/5/12 4:30,6891.43,20.4,TRADE
NSW1,2009/5/12 5:00,6986.51,21.35,TRADE
NSW1,2009/5/12 5:30,7281.3,22.5,TRADE
NSW1,2009/5/12 6:00,7743.41,22.08,TRADE
NSW1,2009/5/12 6:30,8651.55,29.65,TRADE
NSW1,2009/5/12 7:00,9466.61,37.63,TRADE
NSW1,2009/5/12 7:30,9878.37,33.17,TRADE
NSW1,2009/5/12 8:00,10219.12,41.4,TRADE
NSW1,2009/5/12 8:30,10240.29,45.54,TRADE
NSW1,2009/5/12 9:00,10054.58,37.45,TRADE
NSW1,2009/5/12 9:30,10066.33,36.9,TRADE
NSW1,2009/5/12 10:00,9968.08,35.33,TRADE
NSW1,2009/5/12 10:30,9880.05,35.08,TRADE
NSW1,2009/5/12 11:00,9801.45,34.13,TRADE
NSW1,2009/5/12 11:30,9664.26,32.2,TRADE
NSW1,2009/5/12 12:00,9613.8,33.11,TRADE
NSW1,2009/5/12 12:30,9566.3,31.85,TRADE
NSW1,2009/5/12 13:00,9513.77,31.67,TRADE
NSW1,2009/5/12 13:30,9479.22,31.81,TRADE
NSW1,2009/5/12 14:00,9387.02,30.98,TRADE
NSW1,2009/5/12 14:30,9389.82,29.92,TRADE
NSW1,2009/5/12 15:00,9356.49,31.4,TRADE
NSW1,2009/5/12 15:30,9335.07,31.55,TRADE
NSW1,2009/5/12 16:00,9404.22,31.64,TRADE
NSW1,2009/5/12 16:30,9509.61,31.69,TRADE
NSW1,2009/5/12 17:00,9778.1,34.66,TRADE
NSW1,2009/5/12 17:30,10353.65,39.55,TRADE
NSW1,2009/5/12 18:00,10997.72,56.02,TRADE
NSW1,2009/5/12 18:30,10964.39,45.82,TRADE
NSW1,2009/5/12 19:00,10835.12,44.13,TRADE
NSW1,2009/5/12 19:30,10550.3,41.44,TRADE
NSW1,2009/5/12 20:00,10356.74,38.07,TRADE
NSW1,2009/5/12 20:30,10212.1,42.3,TRADE
NSW1,2009/5/12 21:00,10060.52,40.75,TRADE
NSW1,2009/5/12 21:30,9720.85,37.12,TRADE
NSW1,2009/5/12 22:00,9414.01,32.12,TRADE
NSW1,2009/5/12 22:30,9390.32,34.35,TRADE
NSW1,2009/5/12 23:00,9132.53,31.11,TRADE
NSW1,2009/5/12 23:30,8945.23,32.13,TRADE
NSW1,2009/5/13 0:00,8784.03,29.35,TRADE
NSW1,2009/5/13 0:30,8584.07,23.43,TRADE
NSW1,2009/5/13 1:00,8451.78,22,TRADE
NSW1,2009/5/13 1:30,8250.29,23.69,TRADE
NSW1,2009/5/13 2:00,8018.31,21.57,TRADE
NSW1,2009/5/13 2:30,7626.26,22,TRADE
NSW1,2009/5/13 3:00,7304.76,21.01,TRADE
NSW1,2009/5/13 3:30,6975.31,19.92,TRADE
NSW1,2009/5/13 4:00,6863.95,14.27,TRADE
NSW1,2009/5/13 4:30,6805.16,16.19,TRADE
NSW1,2009/5/13 5:00,6849.86,19.1,TRADE
NSW1,2009/5/13 5:30,7174.34,21.94,TRADE
NSW1,2009/5/13 6:00,7680.45,22.31,TRADE
NSW1,2009/5/13 6:30,8565.68,26.28,TRADE
NSW1,2009/5/13 7:00,9383.57,33.63,TRADE
NSW1,2009/5/13 7:30,9781.63,31.68,TRADE
NSW1,2009/5/13 8:00,10152.86,40.04,TRADE
NSW1,2009/5/13 8:30,10128.22,38.43,TRADE
NSW1,2009/5/13 9:00,9916.32,35.93,TRADE
NSW1,2009/5/13 9:30,9906.65,35.12,TRADE
NSW1,2009/5/13 10:00,9833.89,32.69,TRADE
NSW1,2009/5/13 10:30,9746.06,31.67,TRADE
NSW1,2009/5/13 11:00,9637.75,31.67,TRADE
NSW1,2009/5/13 11:30,9514.32,31.6,TRADE
NSW1,2009/5/13 12:00,9435.48,31.64,TRADE
NSW1,2009/5/13 12:30,9385.38,31.64,TRADE
NSW1,2009/5/13 13:00,9353.86,30.41,TRADE
NSW1,2009/5/13 13:30,9319.43,27.31,TRADE
NSW1,2009/5/13 14:00,9289.05,24.76,TRADE
NSW1,2009/5/13 14:30,9243.28,24.81,TRADE
NSW1,2009/5/13 15:00,9169.36,24.96,TRADE
NSW1,2009/5/13 15:30,9152.27,25.57,TRADE
NSW1,2009/5/13 16:00,9217.77,29.72,TRADE
NSW1,2009/5/13 16:30,9303.68,28.84,TRADE
NSW1,2009/5/13 17:00,9489.51,33.18,TRADE
NSW1,2009/5/13 17:30,10112.56,42.63,TRADE
NSW1,2009/5/13 18:00,10793.74,50.7,TRADE
NSW1,2009/5/13 18:30,10763.15,45.53,TRADE
NSW1,2009/5/13 19:00,10641.19,44.63,TRADE
NSW1,2009/5/13 19:30,10407.66,38.12,TRADE
NSW1,2009/5/13 20:00,10226.75,34.74,TRADE
NSW1,2009/5/13 20:30,10117.55,37.92,TRADE
NSW1,2009/5/13 21:00,9914.91,33.63,TRADE
NSW1,2009/5/13 21:30,9601.19,30.3,TRADE
NSW1,2009/5/13 22:00,9254.67,24.52,TRADE
NSW1,2009/5/13 22:30,9266.49,27.79,TRADE
NSW1,2009/5/13 23:00,8966.86,23.4,TRADE
NSW1,2009/5/13 23:30,8842.53,25.54,TRADE
NSW1,2009/5/14 0:00,8688.63,22.57,TRADE
NSW1,2009/5/14 0:30,8472.02,21.81,TRADE
NSW1,2009/5/14 1:00,8301.1,21.98,TRADE
NSW1,2009/5/14 1:30,8117.11,21.24,TRADE
NSW1,2009/5/14 2:00,7851.18,19.93,TRADE
NSW1,2009/5/14 2:30,7464.85,21.04,TRADE
NSW1,2009/5/14 3:00,7165.45,18.73,TRADE
NSW1,2009/5/14 3:30,6914.44,13.85,TRADE
NSW1,2009/5/14 4:00,6763.76,12.71,TRADE
NSW1,2009/5/14 4:30,6713.96,12.93,TRADE
NSW1,2009/5/14 5:00,6822.44,18.14,TRADE
NSW1,2009/5/14 5:30,7123.47,20.81,TRADE
NSW1,2009/5/14 6:00,7585.17,21.81,TRADE
NSW1,2009/5/14 6:30,8456.61,23.39,TRADE
NSW1,2009/5/14 7:00,9325.27,33.5,TRADE
NSW1,2009/5/14 7:30,9763.17,28.38,TRADE
NSW1,2009/5/14 8:00,10126.24,36.07,TRADE
NSW1,2009/5/14 8:30,10126.14,34.81,TRADE
NSW1,2009/5/14 9:00,9950.28,33.68,TRADE
NSW1,2009/5/14 9:30,9909.03,33.32,TRADE
NSW1,2009/5/14 10:00,9839.22,31.51,TRADE
NSW1,2009/5/14 10:30,9805.98,30.59,TRADE
NSW1,2009/5/14 11:00,9751.1,24.9,TRADE
NSW1,2009/5/14 11:30,9596.9,24.37,TRADE
NSW1,2009/5/14 12:00,9528.27,24.31,TRADE
NSW1,2009/5/14 12:30,9457.03,24.77,TRADE
NSW1,2009/5/14 13:00,9423.55,24.06,TRADE
NSW1,2009/5/14 13:30,9330.97,23.86,TRADE
NSW1,2009/5/14 14:00,9254.01,23.93,TRADE
NSW1,2009/5/14 14:30,9303.19,24.28,TRADE
NSW1,2009/5/14 15:00,9255.64,23.76,TRADE
NSW1,2009/5/14 15:30,9191.61,23.56,TRADE
NSW1,2009/5/14 16:00,9233.03,23.56,TRADE
NSW1,2009/5/14 16:30,9366.88,25.09,TRADE
NSW1,2009/5/14 17:00,9597.54,28.71,TRADE
NSW1,2009/5/14 17:30,10128.68,34.96,TRADE
NSW1,2009/5/14 18:00,10808.98,45.04,TRADE
NSW1,2009/5/14 18:30,10856.1,44.94,TRADE
NSW1,2009/5/14 19:00,10745.53,40.86,TRADE
NSW1,2009/5/14 19:30,10503.89,39.93,TRADE
NSW1,2009/5/14 20:00,10324.63,39.99,TRADE
NSW1,2009/5/14 20:30,10178.19,40.56,TRADE
NSW1,2009/5/14 21:00,10017.99,34.43,TRADE
NSW1,2009/5/14 21:30,9675.34,27.83,TRADE
NSW1,2009/5/14 22:00,9316.06,23.67,TRADE
NSW1,2009/5/14 22:30,9358.04,26.47,TRADE
NSW1,2009/5/14 23:00,9097.87,23.52,TRADE
NSW1,2009/5/14 23:30,8949.16,24.55,TRADE
NSW1,2009/5/15 0:00,8655.69,21.51,TRADE
NSW1,2009/5/15 0:30,8363.9,21.24,TRADE
NSW1,2009/5/15 1:00,8304.69,21.87,TRADE
NSW1,2009/5/15 1:30,8101.39,20.49,TRADE
NSW1,2009/5/15 2:00,7849.79,18.7,TRADE
NSW1,2009/5/15 2:30,7462.22,20.8,TRADE
NSW1,2009/5/15 3:00,7172.76,18.31,TRADE
NSW1,2009/5/15 3:30,6919.64,15.89,TRADE
NSW1,2009/5/15 4:00,6780.77,12.34,TRADE
NSW1,2009/5/15 4:30,6748.16,15.27,TRADE
NSW1,2009/5/15 5:00,6761.39,17.09,TRADE
NSW1,2009/5/15 5:30,7105.3,20.61,TRADE
NSW1,2009/5/15 6:00,7514.21,21.2,TRADE
NSW1,2009/5/15 6:30,8383,25.6,TRADE
NSW1,2009/5/15 7:00,9176.21,29.65,TRADE
NSW1,2009/5/15 7:30,9583.49,25.66,TRADE
NSW1,2009/5/15 8:00,9982.76,29.57,TRADE
NSW1,2009/5/15 8:30,10080.91,29.91,TRADE
NSW1,2009/5/15 9:00,9916.98,26.21,TRADE
NSW1,2009/5/15 9:30,9890.73,25.39,TRADE
NSW1,2009/5/15 10:00,9854.72,25.3,TRADE
NSW1,2009/5/15 10:30,9780.39,25.27,TRADE
NSW1,2009/5/15 11:00,9725.04,25.57,TRADE
NSW1,2009/5/15 11:30,9596.41,26.67,TRADE
NSW1,2009/5/15 12:00,9552.45,27.52,TRADE
NSW1,2009/5/15 12:30,9442.64,25.29,TRADE
NSW1,2009/5/15 13:00,9343.32,25.57,TRADE
NSW1,2009/5/15 13:30,9339.81,25.7,TRADE
NSW1,2009/5/15 14:00,9267.83,25.61,TRADE
NSW1,2009/5/15 14:30,9201.99,24.92,TRADE
NSW1,2009/5/15 15:00,9146.54,24.99,TRADE
NSW1,2009/5/15 15:30,9137.4,25.37,TRADE
NSW1,2009/5/15 16:00,9156.04,30.63,TRADE
NSW1,2009/5/15 16:30,9269.42,33.14,TRADE
NSW1,2009/5/15 17:00,9402.37,34.2,TRADE
NSW1,2009/5/15 17:30,9931.22,45.27,TRADE
NSW1,2009/5/15 18:00,10483.98,48.83,TRADE
NSW1,2009/5/15 18:30,10389.01,45.5,TRADE
NSW1,2009/5/15 19:00,10278.03,43.48,TRADE
NSW1,2009/5/15 19:30,9896.45,40.56,TRADE
NSW1,2009/5/15 20:00,9746.33,40.94,TRADE
NSW1,2009/5/15 20:30,9631.15,42.59,TRADE
NSW1,2009/5/15 21:00,9440.02,40.86,TRADE
NSW1,2009/5/15 21:30,9186.29,36.19,TRADE
NSW1,2009/5/15 22:00,8940.13,24.75,TRADE
NSW1,2009/5/15 22:30,9117.92,38.11,TRADE
NSW1,2009/5/15 23:00,8989.81,37.15,TRADE
NSW1,2009/5/15 23:30,8929.09,45.03,TRADE
NSW1,2009/5/16 0:00,8737.84,33.47,TRADE
NSW1,2009/5/16 0:30,8561.9,27.32,TRADE
NSW1,2009/5/16 1:00,8309.32,22.27,TRADE
NSW1,2009/5/16 1:30,8061.63,22.14,TRADE
NSW1,2009/5/16 2:00,7763.02,21.82,TRADE
NSW1,2009/5/16 2:30,7368.48,22.31,TRADE
NSW1,2009/5/16 3:00,7063.59,20.95,TRADE
NSW1,2009/5/16 3:30,6722.98,18.99,TRADE
NSW1,2009/5/16 4:00,6547.31,16.18,TRADE
NSW1,2009/5/16 4:30,6506.76,17.08,TRADE
NSW1,2009/5/16 5:00,6526.58,17,TRADE
NSW1,2009/5/16 5:30,6547.94,18.13,TRADE
NSW1,2009/5/16 6:00,6693.8,20.2,TRADE
NSW1,2009/5/16 6:30,6936.58,21.3,TRADE
NSW1,2009/5/16 7:00,7266.55,20.87,TRADE
NSW1,2009/5/16 7:30,7651,22.4,TRADE
NSW1,2009/5/16 8:00,8135.35,23.68,TRADE
NSW1,2009/5/16 8:30,8518.86,30.21,TRADE
NSW1,2009/5/16 9:00,8854.98,35.58,TRADE
NSW1,2009/5/16 9:30,9119.74,39.16,TRADE
NSW1,2009/5/16 10:00,9058.63,37.93,TRADE
NSW1,2009/5/16 10:30,8998.62,36.59,TRADE
NSW1,2009/5/16 11:00,8875.4,36.17,TRADE
NSW1,2009/5/16 11:30,8738.75,34.13,TRADE
NSW1,2009/5/16 12:00,8654.07,32.27,TRADE
NSW1,2009/5/16 12:30,8540.42,32,TRADE
NSW1,2009/5/16 13:00,8499.13,28.45,TRADE
NSW1,2009/5/16 13:30,8424.61,26.63,TRADE
NSW1,2009/5/16 14:00,8351.55,25.49,TRADE
NSW1,2009/5/16 14:30,8233.71,22.28,TRADE
NSW1,2009/5/16 15:00,8209.08,22.12,TRADE
NSW1,2009/5/16 15:30,8172.86,22.06,TRADE
NSW1,2009/5/16 16:00,8240.05,22.52,TRADE
NSW1,2009/5/16 16:30,8417.05,26.25,TRADE
NSW1,2009/5/16 17:00,8558.07,27.58,TRADE
NSW1,2009/5/16 17:30,9070.33,41.76,TRADE
NSW1,2009/5/16 18:00,9564.64,64.96,TRADE
NSW1,2009/5/16 18:30,9572.44,61.63,TRADE
NSW1,2009/5/16 19:00,9337.61,49.16,TRADE
NSW1,2009/5/16 19:30,9123.82,50.92,TRADE
NSW1,2009/5/16 20:00,8932.33,42.21,TRADE
NSW1,2009/5/16 20:30,8817.96,37.37,TRADE
NSW1,2009/5/16 21:00,8697.27,34.9,TRADE
NSW1,2009/5/16 21:30,8498.89,32.89,TRADE
NSW1,2009/5/16 22:00,8413.98,27.39,TRADE
NSW1,2009/5/16 22:30,8477.1,31.28,TRADE
NSW1,2009/5/16 23:00,8404.1,27.58,TRADE
NSW1,2009/5/16 23:30,8379.58,30.77,TRADE
NSW1,2009/5/17 0:00,8171.14,27.55,TRADE
NSW1,2009/5/17 0:30,7960.83,25.02,TRADE
NSW1,2009/5/17 1:00,7669.66,22,TRADE
NSW1,2009/5/17 1:30,7499.93,22.44,TRADE
NSW1,2009/5/17 2:00,7226.51,21.5,TRADE
NSW1,2009/5/17 2:30,6931.22,22.31,TRADE
NSW1,2009/5/17 3:00,6694.08,21.5,TRADE
NSW1,2009/5/17 3:30,6516.74,20.4,TRADE
NSW1,2009/5/17 4:00,6375.46,20.15,TRADE
NSW1,2009/5/17 4:30,6389.31,20.33,TRADE
NSW1,2009/5/17 5:00,6383.62,20.4,TRADE
NSW1,2009/5/17 5:30,6485.39,20.4,TRADE
NSW1,2009/5/17 6:00,6587.76,20.4,TRADE
NSW1,2009/5/17 6:30,6852.43,20.8,TRADE
NSW1,2009/5/17 7:00,7049.41,20.22,TRADE
NSW1,2009/5/17 7:30,7333.67,21.76,TRADE
NSW1,2009/5/17 8:00,7865.51,22.68,TRADE
NSW1,2009/5/17 8:30,8298.12,25.05,TRADE
NSW1,2009/5/17 9:00,8542.6,29.77,TRADE
NSW1,2009/5/17 9:30,8717.3,31.78,TRADE
NSW1,2009/5/17 10:00,8742.17,32.02,TRADE
NSW1,2009/5/17 10:30,8736.93,31.83,TRADE
NSW1,2009/5/17 11:00,8632.38,30.17,TRADE
NSW1,2009/5/17 11:30,8513.3,30.78,TRADE
NSW1,2009/5/17 12:00,8427.28,28.75,TRADE
NSW1,2009/5/17 12:30,8352.99,29.12,TRADE
NSW1,2009/5/17 13:00,8253.01,25.08,TRADE
NSW1,2009/5/17 13:30,8175.72,22.87,TRADE
NSW1,2009/5/17 14:00,8046.14,22.09,TRADE
NSW1,2009/5/17 14:30,8004.71,21.57,TRADE
NSW1,2009/5/17 15:00,7908.07,21.87,TRADE
NSW1,2009/5/17 15:30,7974.67,22,TRADE
NSW1,2009/5/17 16:00,8060.83,22,TRADE
NSW1,2009/5/17 16:30,8334.05,22.21,TRADE
NSW1,2009/5/17 17:00,8710.95,25.99,TRADE
NSW1,2009/5/17 17:30,9346.71,47.22,TRADE
NSW1,2009/5/17 18:00,9949.03,61.67,TRADE
NSW1,2009/5/17 18:30,10019.5,60.52,TRADE
NSW1,2009/5/17 19:00,9927,56.36,TRADE
NSW1,2009/5/17 19:30,9758.33,54.2,TRADE
NSW1,2009/5/17 20:00,9612.56,57.83,TRADE
NSW1,2009/5/17 20:30,9495.73,42.49,TRADE
NSW1,2009/5/17 21:00,9388.22,39.33,TRADE
NSW1,2009/5/17 21:30,9065.01,32.8,TRADE
NSW1,2009/5/17 22:00,8787.79,27.41,TRADE
NSW1,2009/5/17 22:30,8641.85,28.17,TRADE
NSW1,2009/5/17 23:00,8413.25,23.04,TRADE
NSW1,2009/5/17 23:30,8229.13,25.91,TRADE
NSW1,2009/5/18 0:00,8029.5,22.36,TRADE
NSW1,2009/5/18 0:30,7815.96,21.43,TRADE
NSW1,2009/5/18 1:00,7657.42,21.54,TRADE
NSW1,2009/5/18 1:30,7489.73,21.35,TRADE
NSW1,2009/5/18 2:00,7316.09,19.91,TRADE
NSW1,2009/5/18 2:30,7026.13,20.95,TRADE
NSW1,2009/5/18 3:00,6837.48,20.07,TRADE
NSW1,2009/5/18 3:30,6701.38,16.55,TRADE
NSW1,2009/5/18 4:00,6622.81,17.14,TRADE
NSW1,2009/5/18 4:30,6668.2,19.59,TRADE
NSW1,2009/5/18 5:00,6757.48,20.57,TRADE
NSW1,2009/5/18 5:30,7116.12,22.17,TRADE
NSW1,2009/5/18 6:00,7561.94,21.61,TRADE
NSW1,2009/5/18 6:30,8451.4,32.47,TRADE
NSW1,2009/5/18 7:00,9240.85,46.2,TRADE
NSW1,2009/5/18 7:30,9686.79,37.84,TRADE
NSW1,2009/5/18 8:00,10049.6,57.02,TRADE
NSW1,2009/5/18 8:30,10142.13,63.92,TRADE
NSW1,2009/5/18 9:00,10044.12,43.02,TRADE
NSW1,2009/5/18 9:30,10066.05,44.34,TRADE
NSW1,2009/5/18 10:00,9986.91,42.82,TRADE
NSW1,2009/5/18 10:30,9810.51,38.58,TRADE
NSW1,2009/5/18 11:00,9581.78,34.27,TRADE
NSW1,2009/5/18 11:30,9660.89,34.88,TRADE
NSW1,2009/5/18 12:00,9680.58,34.87,TRADE
NSW1,2009/5/18 12:30,9596.33,33.7,TRADE
NSW1,2009/5/18 13:00,9554.68,31.61,TRADE
NSW1,2009/5/18 13:30,9528.99,32.33,TRADE
NSW1,2009/5/18 14:00,9503.59,32.93,TRADE
NSW1,2009/5/18 14:30,9423.3,31.65,TRADE
NSW1,2009/5/18 15:00,9389.11,31.39,TRADE
NSW1,2009/5/18 15:30,9337.06,34.49,TRADE
NSW1,2009/5/18 16:00,9403.53,34.26,TRADE
NSW1,2009/5/18 16:30,9592.63,36.48,TRADE
NSW1,2009/5/18 17:00,9931.93,40.69,TRADE
NSW1,2009/5/18 17:30,10533.07,46.67,TRADE
NSW1,2009/5/18 18:00,11100.37,73.95,TRADE
NSW1,2009/5/18 18:30,10995.35,47.23,TRADE
NSW1,2009/5/18 19:00,10821.72,36.76,TRADE
NSW1,2009/5/18 19:30,10540.15,34.95,TRADE
NSW1,2009/5/18 20:00,10224.07,32.9,TRADE
NSW1,2009/5/18 20:30,10147.9,33.08,TRADE
NSW1,2009/5/18 21:00,9907.33,29.58,TRADE
NSW1,2009/5/18 21:30,9525.14,31.64,TRADE
NSW1,2009/5/18 22:00,9208.32,25.92,TRADE
NSW1,2009/5/18 22:30,9234.18,31.86,TRADE
NSW1,2009/5/18 23:00,8974.84,31.18,TRADE
NSW1,2009/5/18 23:30,8836.43,31.54,TRADE
NSW1,2009/5/19 0:00,8711.98,29.02,TRADE
NSW1,2009/5/19 0:30,8504.06,23.12,TRADE
NSW1,2009/5/19 1:00,8312.93,22,TRADE
NSW1,2009/5/19 1:30,8164.02,21.85,TRADE
NSW1,2009/5/19 2:00,7828.58,21.43,TRADE
NSW1,2009/5/19 2:30,7478.95,21.64,TRADE
NSW1,2009/5/19 3:00,7188.94,20.84,TRADE
NSW1,2009/5/19 3:30,6903.85,20.31,TRADE
NSW1,2009/5/19 4:00,6777.73,21.33,TRADE
NSW1,2009/5/19 4:30,6756.92,21.91,TRADE
NSW1,2009/5/19 5:00,6831.14,21.2,TRADE
NSW1,2009/5/19 5:30,7125.21,21.97,TRADE
NSW1,2009/5/19 6:00,7529.57,22.01,TRADE
NSW1,2009/5/19 6:30,8343.11,25.41,TRADE
NSW1,2009/5/19 7:00,9122.07,33.03,TRADE
NSW1,2009/5/19 7:30,9515.13,32.91,TRADE
NSW1,2009/5/19 8:00,9922.25,40.16,TRADE
NSW1,2009/5/19 8:30,9985.03,36.92,TRADE
NSW1,2009/5/19 9:00,9897.02,34.61,TRADE
NSW1,2009/5/19 9:30,9917.95,35.28,TRADE
NSW1,2009/5/19 10:00,9895.22,35.54,TRADE
NSW1,2009/5/19 10:30,9877.65,33.9,TRADE
NSW1,2009/5/19 11:00,9806.72,33.77,TRADE
NSW1,2009/5/19 11:30,9707.31,33.96,TRADE
NSW1,2009/5/19 12:00,9700.25,36.14,TRADE
NSW1,2009/5/19 12:30,9652.9,34.21,TRADE
NSW1,2009/5/19 13:00,9579.59,33.6,TRADE
NSW1,2009/5/19 13:30,9536.86,31.85,TRADE
NSW1,2009/5/19 14:00,9498.89,31.47,TRADE
NSW1,2009/5/19 14:30,9436.17,31.04,TRADE
NSW1,2009/5/19 15:00,9378.54,29.89,TRADE
NSW1,2009/5/19 15:30,9349.73,25.2,TRADE
NSW1,2009/5/19 16:00,9407.66,28.08,TRADE
NSW1,2009/5/19 16:30,9608.49,31.26,TRADE
NSW1,2009/5/19 17:00,9900.76,30.38,TRADE
NSW1,2009/5/19 17:30,10483.49,47.02,TRADE
NSW1,2009/5/19 18:00,10924.35,73.98,TRADE
NSW1,2009/5/19 18:30,10821.72,42.74,TRADE
NSW1,2009/5/19 19:00,10615.17,34.09,TRADE
NSW1,2009/5/19 19:30,10335.31,32.22,TRADE
NSW1,2009/5/19 20:00,10052.16,33.18,TRADE
NSW1,2009/5/19 20:30,9978.6,39.02,TRADE
NSW1,2009/5/19 21:00,9737.43,33.82,TRADE
NSW1,2009/5/19 21:30,9456.96,31.35,TRADE
NSW1,2009/5/19 22:00,9114.28,27.01,TRADE
NSW1,2009/5/19 22:30,9153.12,31.17,TRADE
NSW1,2009/5/19 23:00,8926.07,28.37,TRADE
NSW1,2009/5/19 23:30,8779.83,29.85,TRADE
NSW1,2009/5/20 0:00,8643.59,26.21,TRADE
NSW1,2009/5/20 0:30,8459.65,21.76,TRADE
NSW1,2009/5/20 1:00,8256.34,22,TRADE
NSW1,2009/5/20 1:30,8077.01,22.22,TRADE
NSW1,2009/5/20 2:00,7801.6,21.54,TRADE
NSW1,2009/5/20 2:30,7385.07,20.89,TRADE
NSW1,2009/5/20 3:00,7071.86,20.6,TRADE
NSW1,2009/5/20 3:30,6806.95,19.04,TRADE
NSW1,2009/5/20 4:00,6703.58,20.73,TRADE
NSW1,2009/5/20 4:30,6673.81,21.05,TRADE
NSW1,2009/5/20 5:00,6709.75,19.47,TRADE
NSW1,2009/5/20 5:30,6947.15,21.17,TRADE
NSW1,2009/5/20 6:00,7370,21.99,TRADE
NSW1,2009/5/20 6:30,8152.63,22.47,TRADE
NSW1,2009/5/20 7:00,8929.83,31.64,TRADE
NSW1,2009/5/20 7:30,9289.7,29.87,TRADE
NSW1,2009/5/20 8:00,9690.02,37.74,TRADE
NSW1,2009/5/20 8:30,9827.84,38.77,TRADE
NSW1,2009/5/20 9:00,9764.55,36.39,TRADE
NSW1,2009/5/20 9:30,9819.39,35.23,TRADE
NSW1,2009/5/20 10:00,9840.04,34.44,TRADE
NSW1,2009/5/20 10:30,9854.91,34.67,TRADE
NSW1,2009/5/20 11:00,9824.11,34.18,TRADE
NSW1,2009/5/20 11:30,9703.33,33.1,TRADE
NSW1,2009/5/20 12:00,9645.57,32.38,TRADE
NSW1,2009/5/20 12:30,9629.76,32.57,TRADE
NSW1,2009/5/20 13:00,9571.4,31.8,TRADE
NSW1,2009/5/20 13:30,9525.12,31.37,TRADE
NSW1,2009/5/20 14:00,9503.83,31.08,TRADE
NSW1,2009/5/20 14:30,9370.31,27.42,TRADE
NSW1,2009/5/20 15:00,9316.31,24.07,TRADE
NSW1,2009/5/20 15:30,9364.45,24.54,TRADE
NSW1,2009/5/20 16:00,9523.12,25.74,TRADE
NSW1,2009/5/20 16:30,9766.65,31.99,TRADE
NSW1,2009/5/20 17:00,10202.07,34.91,TRADE
NSW1,2009/5/20 17:30,10660.02,50.65,TRADE
NSW1,2009/5/20 18:00,11023.71,88.58,TRADE
NSW1,2009/5/20 18:30,10873.64,56.95,TRADE
NSW1,2009/5/20 19:00,10680.42,42.9,TRADE
NSW1,2009/5/20 19:30,10379.12,36.94,TRADE
NSW1,2009/5/20 20:00,10122.92,33.4,TRADE
NSW1,2009/5/20 20:30,9966.58,35.69,TRADE
NSW1,2009/5/20 21:00,9662.82,30.46,TRADE
NSW1,2009/5/20 21:30,9317.91,24.66,TRADE
NSW1,2009/5/20 22:00,9033.78,22.22,TRADE
NSW1,2009/5/20 22:30,9081.14,26.78,TRADE
NSW1,2009/5/20 23:00,8844.72,22.86,TRADE
NSW1,2009/5/20 23:30,8752.41,25.02,TRADE
NSW1,2009/5/21 0:00,8627.16,22.84,TRADE
NSW1,2009/5/21 0:30,8437.98,21.83,TRADE
NSW1,2009/5/21 1:00,8245.67,21.98,TRADE
NSW1,2009/5/21 1:30,8079.37,22.98,TRADE
NSW1,2009/5/21 2:00,7822.78,21.11,TRADE
NSW1,2009/5/21 2:30,7405.42,20.81,TRADE
NSW1,2009/5/21 3:00,7102.49,19.76,TRADE
NSW1,2009/5/21 3:30,6850.97,17.01,TRADE
NSW1,2009/5/21 4:00,6708,19.61,TRADE
NSW1,2009/5/21 4:30,6693.79,19.25,TRADE
NSW1,2009/5/21 5:00,6745.58,16.92,TRADE
NSW1,2009/5/21 5:30,7031.39,20,TRADE
NSW1,2009/5/21 6:00,7433.11,21.28,TRADE
NSW1,2009/5/21 6:30,8221.12,23.34,TRADE
NSW1,2009/5/21 7:00,8972.5,25.61,TRADE
NSW1,2009/5/21 7:30,9317.3,27.54,TRADE
NSW1,2009/5/21 8:00,9745.13,33.97,TRADE
NSW1,2009/5/21 8:30,9827.54,34.6,TRADE
NSW1,2009/5/21 9:00,9762.67,32.09,TRADE
NSW1,2009/5/21 9:30,9867.27,32.81,TRADE
NSW1,2009/5/21 10:00,9864.79,31.97,TRADE
NSW1,2009/5/21 10:30,9856.28,32.66,TRADE
NSW1,2009/5/21 11:00,9835.03,31.94,TRADE
NSW1,2009/5/21 11:30,9765.75,30.95,TRADE
NSW1,2009/5/21 12:00,9714.71,27.04,TRADE
NSW1,2009/5/21 12:30,9690.74,26.4,TRADE
NSW1,2009/5/21 13:00,9627.55,26.61,TRADE
NSW1,2009/5/21 13:30,9589.67,24.81,TRADE
NSW1,2009/5/21 14:00,9565.39,26.25,TRADE
NSW1,2009/5/21 14:30,9507.75,24.51,TRADE
NSW1,2009/5/21 15:00,9444.43,23.71,TRADE
NSW1,2009/5/21 15:30,9424.69,22.27,TRADE
NSW1,2009/5/21 16:00,9587.64,23.19,TRADE
NSW1,2009/5/21 16:30,9742.32,24.66,TRADE
NSW1,2009/5/21 17:00,10025.33,28.14,TRADE
NSW1,2009/5/21 17:30,10532.2,37.15,TRADE
NSW1,2009/5/21 18:00,11002.63,49.35,TRADE
NSW1,2009/5/21 18:30,10894.6,42.15,TRADE
NSW1,2009/5/21 19:00,10726.25,38.28,TRADE
NSW1,2009/5/21 19:30,10391.01,35.25,TRADE
NSW1,2009/5/21 20:00,10200.82,33.57,TRADE
NSW1,2009/5/21 20:30,10074.41,32.77,TRADE
NSW1,2009/5/21 21:00,9839.13,29.39,TRADE
NSW1,2009/5/21 21:30,9448.49,25.99,TRADE
NSW1,2009/5/21 22:00,9119.66,21.98,TRADE
NSW1,2009/5/21 22:30,9201.15,28.31,TRADE
NSW1,2009/5/21 23:00,8937.98,24.42,TRADE
NSW1,2009/5/21 23:30,8801.83,26.05,TRADE
NSW1,2009/5/22 0:00,8610.05,22.91,TRADE
NSW1,2009/5/22 0:30,8483.4,21.65,TRADE
NSW1,2009/5/22 1:00,8269.2,21.65,TRADE
NSW1,2009/5/22 1:30,8036.79,21.16,TRADE
NSW1,2009/5/22 2:00,7771.28,19.88,TRADE
NSW1,2009/5/22 2:30,7287.19,19.92,TRADE
NSW1,2009/5/22 3:00,7092.57,19.7,TRADE
NSW1,2009/5/22 3:30,6850.92,17.01,TRADE
NSW1,2009/5/22 4:00,6749.59,18.81,TRADE
NSW1,2009/5/22 4:30,6698.15,19.18,TRADE
NSW1,2009/5/22 5:00,6752.07,16.81,TRADE
NSW1,2009/5/22 5:30,6984.49,19.78,TRADE
NSW1,2009/5/22 6:00,7361.92,21.12,TRADE
NSW1,2009/5/22 6:30,8133.87,22.63,TRADE
NSW1,2009/5/22 7:00,8840.34,24.47,TRADE
NSW1,2009/5/22 7:30,9245.48,26.08,TRADE
NSW1,2009/5/22 8:00,9683.75,32.17,TRADE
NSW1,2009/5/22 8:30,9792.39,32.89,TRADE
NSW1,2009/5/22 9:00,9711.64,31.97,TRADE
NSW1,2009/5/22 9:30,9852.05,33.93,TRADE
NSW1,2009/5/22 10:00,9876.69,32.73,TRADE
NSW1,2009/5/22 10:30,9897.45,31.71,TRADE
NSW1,2009/5/22 11:00,9868.67,28.99,TRADE
NSW1,2009/5/22 11:30,9758.96,27.65,TRADE
NSW1,2009/5/22 12:00,9684.79,25.71,TRADE
NSW1,2009/5/22 12:30,9670.3,26.33,TRADE
NSW1,2009/5/22 13:00,9612.82,25.65,TRADE
NSW1,2009/5/22 13:30,9549.1,25.61,TRADE
NSW1,2009/5/22 14:00,9509.57,24.89,TRADE
NSW1,2009/5/22 14:30,9492.11,26.75,TRADE
NSW1,2009/5/22 15:00,9431.24,25.35,TRADE
NSW1,2009/5/22 15:30,9469.76,24.19,TRADE
NSW1,2009/5/22 16:00,9597.07,25.13,TRADE
NSW1,2009/5/22 16:30,9772.78,26.6,TRADE
NSW1,2009/5/22 17:00,10042.74,32.31,TRADE
NSW1,2009/5/22 17:30,10448.98,61.54,TRADE
NSW1,2009/5/22 18:00,10710.91,70.5,TRADE
NSW1,2009/5/22 18:30,10518.05,45.14,TRADE
NSW1,2009/5/22 19:00,10340.5,38.16,TRADE
NSW1,2009/5/22 19:30,9975.45,32.79,TRADE
NSW1,2009/5/22 20:00,9790.3,33.08,TRADE
NSW1,2009/5/22 20:30,9706.29,27.62,TRADE
NSW1,2009/5/22 21:00,9474.94,26.2,TRADE
NSW1,2009/5/22 21:30,9217.87,23.75,TRADE
NSW1,2009/5/22 22:00,8987.7,21.71,TRADE
NSW1,2009/5/22 22:30,9149.7,28.58,TRADE
NSW1,2009/5/22 23:00,9085.27,25.41,TRADE
NSW1,2009/5/22 23:30,9014.39,31.25,TRADE
NSW1,2009/5/23 0:00,8817.36,25.6,TRADE
NSW1,2009/5/23 0:30,8557.94,21.37,TRADE
NSW1,2009/5/23 1:00,8317.54,21.18,TRADE
NSW1,2009/5/23 1:30,8083.36,21.79,TRADE
NSW1,2009/5/23 2:00,7787.32,21.28,TRADE
NSW1,2009/5/23 2:30,7381.32,21.18,TRADE
NSW1,2009/5/23 3:00,7027.5,19.42,TRADE
NSW1,2009/5/23 3:30,6710.91,18.13,TRADE
NSW1,2009/5/23 4:00,6608.36,20.45,TRADE
NSW1,2009/5/23 4:30,6499.83,16.7,TRADE
NSW1,2009/5/23 5:00,6458.39,14.95,TRADE
NSW1,2009/5/23 5:30,6520.77,16.82,TRADE
NSW1,2009/5/23 6:00,6644.03,16.99,TRADE
NSW1,2009/5/23 6:30,6883.78,19.31,TRADE
NSW1,2009/5/23 7:00,7138.03,21.31,TRADE
NSW1,2009/5/23 7:30,7435.14,20.59,TRADE
NSW1,2009/5/23 8:00,7907.31,22.51,TRADE
NSW1,2009/5/23 8:30,8334.43,23.3,TRADE
NSW1,2009/5/23 9:00,8747.04,25.38,TRADE
NSW1,2009/5/23 9:30,9068.75,27.84,TRADE
NSW1,2009/5/23 10:00,9104.63,27,TRADE
NSW1,2009/5/23 10:30,9169.85,28.66,TRADE
NSW1,2009/5/23 11:00,9129.69,26.38,TRADE
NSW1,2009/5/23 11:30,8985.07,24.88,TRADE
NSW1,2009/5/23 12:00,8878.61,23.65,TRADE
NSW1,2009/5/23 12:30,8775.48,23.4,TRADE
NSW1,2009/5/23 13:00,8678.08,22.55,TRADE
NSW1,2009/5/23 13:30,8540.01,22.21,TRADE
NSW1,2009/5/23 14:00,8431.26,22,TRADE
NSW1,2009/5/23 14:30,8347.82,22,TRADE
NSW1,2009/5/23 15:00,8317.84,22,TRADE
NSW1,2009/5/23 15:30,8367.85,22.35,TRADE
NSW1,2009/5/23 16:00,8502.72,22.7,TRADE
NSW1,2009/5/23 16:30,8672.57,23.89,TRADE
NSW1,2009/5/23 17:00,8927.03,28.02,TRADE
NSW1,2009/5/23 17:30,9342.88,37.76,TRADE
NSW1,2009/5/23 18:00,9682.05,51.26,TRADE
NSW1,2009/5/23 18:30,9589.15,37.79,TRADE
NSW1,2009/5/23 19:00,9362,33.39,TRADE
NSW1,2009/5/23 19:30,9084.81,29.53,TRADE
NSW1,2009/5/23 20:00,8849.6,26.96,TRADE
NSW1,2009/5/23 20:30,8654.6,25.81,TRADE
NSW1,2009/5/23 21:00,8576.97,24.39,TRADE
NSW1,2009/5/23 21:30,8413.98,21.97,TRADE
NSW1,2009/5/23 22:00,8218.85,21.55,TRADE
NSW1,2009/5/23 22:30,8289.36,23.51,TRADE
NSW1,2009/5/23 23:00,8225.96,22.37,TRADE
NSW1,2009/5/23 23:30,8170.33,23.4,TRADE
NSW1,2009/5/24 0:00,7973.18,22.58,TRADE
NSW1,2009/5/24 0:30,7738.81,21.04,TRADE
NSW1,2009/5/24 1:00,7485.55,21.52,TRADE
NSW1,2009/5/24 1:30,7284.9,22.16,TRADE
NSW1,2009/5/24 2:00,7024.97,21.47,TRADE
NSW1,2009/5/24 2:30,6748.28,17.48,TRADE
NSW1,2009/5/24 3:00,6487.79,17,TRADE
NSW1,2009/5/24 3:30,6288.84,17,TRADE
NSW1,2009/5/24 4:00,6210.32,17.12,TRADE
NSW1,2009/5/24 4:30,6171.7,19.95,TRADE
NSW1,2009/5/24 5:00,6151.22,14.12,TRADE
NSW1,2009/5/24 5:30,6215.5,16.75,TRADE
NSW1,2009/5/24 6:00,6276.99,16.09,TRADE
NSW1,2009/5/24 6:30,6467.51,16.29,TRADE
NSW1,2009/5/24 7:00,6630.05,14.81,TRADE
NSW1,2009/5/24 7:30,6870.26,18.6,TRADE
NSW1,2009/5/24 8:00,7263.62,21.8,TRADE
NSW1,2009/5/24 8:30,7675.38,23.52,TRADE
NSW1,2009/5/24 9:00,8001.06,24.07,TRADE
NSW1,2009/5/24 9:30,8309.03,24.86,TRADE
NSW1,2009/5/24 10:00,8476.71,25.08,TRADE
NSW1,2009/5/24 10:30,8571.03,27.48,TRADE
NSW1,2009/5/24 11:00,8555.84,26.53,TRADE
NSW1,2009/5/24 11:30,8432.51,23.78,TRADE
NSW1,2009/5/24 12:00,8446.33,24.45,TRADE
NSW1,2009/5/24 12:30,8403.35,24.21,TRADE
NSW1,2009/5/24 13:00,8302.69,22.51,TRADE
NSW1,2009/5/24 13:30,8166.92,21.73,TRADE
NSW1,2009/5/24 14:00,8078.06,22.5,TRADE
NSW1,2009/5/24 14:30,8043.64,22,TRADE
NSW1,2009/5/24 15:00,8000.41,22,TRADE
NSW1,2009/5/24 15:30,8007.06,22,TRADE
NSW1,2009/5/24 16:00,8091.18,22,TRADE
NSW1,2009/5/24 16:30,8234.87,22.57,TRADE
NSW1,2009/5/24 17:00,8594.1,28.32,TRADE
NSW1,2009/5/24 17:30,9118.46,40.34,TRADE
NSW1,2009/5/24 18:00,9578.72,85.32,TRADE
NSW1,2009/5/24 18:30,9598.19,61.85,TRADE
NSW1,2009/5/24 19:00,9440.24,43.27,TRADE
NSW1,2009/5/24 19:30,9229.38,38.23,TRADE
NSW1,2009/5/24 20:00,9095.61,30.56,TRADE
NSW1,2009/5/24 20:30,8967.39,29.14,TRADE
NSW1,2009/5/24 21:00,8858.76,26.18,TRADE
NSW1,2009/5/24 21:30,8597.42,23.77,TRADE
NSW1,2009/5/24 22:00,8335.83,21.08,TRADE
NSW1,2009/5/24 22:30,8233.09,22.5,TRADE
NSW1,2009/5/24 23:00,8128.75,22.36,TRADE
NSW1,2009/5/24 23:30,8030.93,22.56,TRADE
NSW1,2009/5/25 0:00,7824.8,21.91,TRADE
NSW1,2009/5/25 0:30,7607.66,21.86,TRADE
NSW1,2009/5/25 1:00,7433.47,20.66,TRADE
NSW1,2009/5/25 1:30,7251.73,22.43,TRADE
NSW1,2009/5/25 2:00,7128.79,21.31,TRADE
NSW1,2009/5/25 2:30,6828.93,18.89,TRADE
NSW1,2009/5/25 3:00,6596.66,19.68,TRADE
NSW1,2009/5/25 3:30,6419.66,17,TRADE
NSW1,2009/5/25 4:00,6339.66,18.21,TRADE
NSW1,2009/5/25 4:30,6366.38,17.05,TRADE
NSW1,2009/5/25 5:00,6458.05,15.99,TRADE
NSW1,2009/5/25 5:30,6760.5,19.12,TRADE
NSW1,2009/5/25 6:00,7179.6,21.2,TRADE
NSW1,2009/5/25 6:30,7998.07,24.04,TRADE
NSW1,2009/5/25 7:00,8714.97,27.32,TRADE
NSW1,2009/5/25 7:30,9109.54,28.19,TRADE
NSW1,2009/5/25 8:00,9480.14,33.74,TRADE
NSW1,2009/5/25 8:30,9587.09,33.36,TRADE
NSW1,2009/5/25 9:00,9520.68,31.1,TRADE
NSW1,2009/5/25 9:30,9610.79,31.71,TRADE
NSW1,2009/5/25 10:00,9634.08,33.06,TRADE
NSW1,2009/5/25 10:30,9569.3,31.76,TRADE
NSW1,2009/5/25 11:00,9611.18,31.19,TRADE
NSW1,2009/5/25 11:30,9556.87,30.65,TRADE
NSW1,2009/5/25 12:00,9428.43,28.85,TRADE
NSW1,2009/5/25 12:30,9430.91,29.46,TRADE
NSW1,2009/5/25 13:00,9391.09,27.8,TRADE
NSW1,2009/5/25 13:30,9335.08,27.73,TRADE
NSW1,2009/5/25 14:00,9354.29,29.76,TRADE
NSW1,2009/5/25 14:30,9354.55,28.98,TRADE
NSW1,2009/5/25 15:00,9263.82,26.41,TRADE
NSW1,2009/5/25 15:30,9256.58,26.32,TRADE
NSW1,2009/5/25 16:00,9384.66,28.69,TRADE
NSW1,2009/5/25 16:30,9532.45,29.26,TRADE
NSW1,2009/5/25 17:00,9896.75,33.68,TRADE
NSW1,2009/5/25 17:30,10394.7,37.5,TRADE
NSW1,2009/5/25 18:00,10808.8,52.36,TRADE
NSW1,2009/5/25 18:30,10639.99,42.03,TRADE
NSW1,2009/5/25 19:00,10445.35,34.34,TRADE
NSW1,2009/5/25 19:30,10127.68,29.74,TRADE
NSW1,2009/5/25 20:00,9863.21,28.14,TRADE
NSW1,2009/5/25 20:30,9740.08,25.53,TRADE
NSW1,2009/5/25 21:00,9518.05,26.4,TRADE
NSW1,2009/5/25 21:30,9203.21,25.09,TRADE
NSW1,2009/5/25 22:00,8928.85,23.57,TRADE
NSW1,2009/5/25 22:30,9009.3,26.27,TRADE
NSW1,2009/5/25 23:00,8747.46,23.85,TRADE
NSW1,2009/5/25 23:30,8648.77,26.31,TRADE
NSW1,2009/5/26 0:00,8500.62,24.06,TRADE
NSW1,2009/5/26 0:30,8355.58,22,TRADE
NSW1,2009/5/26 1:00,8202.46,22,TRADE
NSW1,2009/5/26 1:30,7995.32,22.34,TRADE
NSW1,2009/5/26 2:00,7786.56,23.36,TRADE
NSW1,2009/5/26 2:30,7362.24,22,TRADE
NSW1,2009/5/26 3:00,7049.84,20.93,TRADE
NSW1,2009/5/26 3:30,6812.87,18.58,TRADE
NSW1,2009/5/26 4:00,6684.57,22.43,TRADE
NSW1,2009/5/26 4:30,6665.55,21.1,TRADE
NSW1,2009/5/26 5:00,6730.7,18.2,TRADE
NSW1,2009/5/26 5:30,7036.86,21.56,TRADE
NSW1,2009/5/26 6:00,7435.82,22.47,TRADE
NSW1,2009/5/26 6:30,8238.75,23.36,TRADE
NSW1,2009/5/26 7:00,8951.91,25.88,TRADE
NSW1,2009/5/26 7:30,9365.52,27.87,TRADE
NSW1,2009/5/26 8:00,9699.83,30.92,TRADE
NSW1,2009/5/26 8:30,9803.75,32.81,TRADE
NSW1,2009/5/26 9:00,9660.74,30.13,TRADE
NSW1,2009/5/26 9:30,9700.46,29.21,TRADE
NSW1,2009/5/26 10:00,9691.82,29.14,TRADE
NSW1,2009/5/26 10:30,9688.68,29.38,TRADE
NSW1,2009/5/26 11:00,9639.78,28.36,TRADE
NSW1,2009/5/26 11:30,9551.69,27.44,TRADE
NSW1,2009/5/26 12:00,9506.39,29.18,TRADE
NSW1,2009/5/26 12:30,9456.83,28.37,TRADE
NSW1,2009/5/26 13:00,9430.42,28.17,TRADE
NSW1,2009/5/26 13:30,9439.14,28.48,TRADE
NSW1,2009/5/26 14:00,9415.01,25.78,TRADE
NSW1,2009/5/26 14:30,9405.81,25.25,TRADE
NSW1,2009/5/26 15:00,9353.73,25.05,TRADE
NSW1,2009/5/26 15:30,9326.77,25.02,TRADE
NSW1,2009/5/26 16:00,9384.06,26.23,TRADE
NSW1,2009/5/26 16:30,9530.95,27.88,TRADE
NSW1,2009/5/26 17:00,9764.88,30.03,TRADE
NSW1,2009/5/26 17:30,10336.15,33.76,TRADE
NSW1,2009/5/26 18:00,10786.74,47.91,TRADE
NSW1,2009/5/26 18:30,10644.04,45.46,TRADE
NSW1,2009/5/26 19:00,10474.6,36.17,TRADE
NSW1,2009/5/26 19:30,10145.88,31.37,TRADE
NSW1,2009/5/26 20:00,9922.12,29.04,TRADE
NSW1,2009/5/26 20:30,9757,29.04,TRADE
NSW1,2009/5/26 21:00,9520.98,27.9,TRADE
NSW1,2009/5/26 21:30,9250.99,26.72,TRADE
NSW1,2009/5/26 22:00,8998.09,24.64,TRADE
NSW1,2009/5/26 22:30,9055.59,28.19,TRADE
NSW1,2009/5/26 23:00,8827.79,25.23,TRADE
NSW1,2009/5/26 23:30,8708.13,26.62,TRADE
NSW1,2009/5/27 0:00,8614.26,23.92,TRADE
NSW1,2009/5/27 0:30,8454.87,22.2,TRADE
NSW1,2009/5/27 1:00,8288.33,21.96,TRADE
NSW1,2009/5/27 1:30,8049.05,22.94,TRADE
NSW1,2009/5/27 2:00,7777.85,21.73,TRADE
NSW1,2009/5/27 2:30,7365.01,22,TRADE
NSW1,2009/5/27 3:00,7069.51,21.97,TRADE
NSW1,2009/5/27 3:30,6849.88,20.44,TRADE
NSW1,2009/5/27 4:00,6714.52,21.69,TRADE
NSW1,2009/5/27 4:30,6700.57,23.81,TRADE
NSW1,2009/5/27 5:00,6786.68,21.98,TRADE
NSW1,2009/5/27 5:30,7050.58,22,TRADE
NSW1,2009/5/27 6:00,7465.45,22.19,TRADE
NSW1,2009/5/27 6:30,8222.17,26.84,TRADE
NSW1,2009/5/27 7:00,8929.89,31.55,TRADE
NSW1,2009/5/27 7:30,9262.09,28.5,TRADE
NSW1,2009/5/27 8:00,9665.02,36.86,TRADE
NSW1,2009/5/27 8:30,9816.73,41.27,TRADE
NSW1,2009/5/27 9:00,9752,37.69,TRADE
NSW1,2009/5/27 9:30,9847.85,34.29,TRADE
NSW1,2009/5/27 10:00,9862.07,36.39,TRADE
NSW1,2009/5/27 10:30,9855.35,35.55,TRADE
NSW1,2009/5/27 11:00,9803.78,31.77,TRADE
NSW1,2009/5/27 11:30,9704.95,38.32,TRADE
NSW1,2009/5/27 12:00,9666.88,52.32,TRADE
NSW1,2009/5/27 12:30,9619.56,61.99,TRADE
NSW1,2009/5/27 13:00,9531.98,34.27,TRADE
NSW1,2009/5/27 13:30,9479.47,30.51,TRADE
NSW1,2009/5/27 14:00,9394.08,30.51,TRADE
NSW1,2009/5/27 14:30,9483.75,31.91,TRADE
NSW1,2009/5/27 15:00,9491.65,29.02,TRADE
NSW1,2009/5/27 15:30,9494.8,25.24,TRADE
NSW1,2009/5/27 16:00,9641.1,26.79,TRADE
NSW1,2009/5/27 16:30,9805.43,28.2,TRADE
NSW1,2009/5/27 17:00,10071.78,31.34,TRADE
NSW1,2009/5/27 17:30,10569.82,39.42,TRADE
NSW1,2009/5/27 18:00,10949.56,69.8,TRADE
NSW1,2009/5/27 18:30,10875.48,57.61,TRADE
NSW1,2009/5/27 19:00,10694.56,39.48,TRADE
NSW1,2009/5/27 19:30,10367.07,30.92,TRADE
NSW1,2009/5/27 20:00,10133.38,28.19,TRADE
NSW1,2009/5/27 20:30,9988,28.8,TRADE
NSW1,2009/5/27 21:00,9771.24,29.09,TRADE
NSW1,2009/5/27 21:30,9455.52,27.13,TRADE
NSW1,2009/5/27 22:00,9108.32,24.47,TRADE
NSW1,2009/5/27 22:30,9178.87,27.16,TRADE
NSW1,2009/5/27 23:00,8968.44,23.6,TRADE
NSW1,2009/5/27 23:30,8843.07,24.81,TRADE
NSW1,2009/5/28 0:00,8728.19,23.74,TRADE
NSW1,2009/5/28 0:30,8530,22.69,TRADE
NSW1,2009/5/28 1:00,8325.02,22,TRADE
NSW1,2009/5/28 1:30,8112.87,22.2,TRADE
NSW1,2009/5/28 2:00,7851.15,21.73,TRADE
NSW1,2009/5/28 2:30,7441.77,19.86,TRADE
NSW1,2009/5/28 3:00,7123.91,19.76,TRADE
NSW1,2009/5/28 3:30,6898.72,17,TRADE
NSW1,2009/5/28 4:00,6778.37,20.58,TRADE
NSW1,2009/5/28 4:30,6754.26,21.18,TRADE
NSW1,2009/5/28 5:00,6846.53,18.61,TRADE
NSW1,2009/5/28 5:30,7151.68,21.43,TRADE
NSW1,2009/5/28 6:00,7570.48,22.15,TRADE
NSW1,2009/5/28 6:30,8325.6,23.52,TRADE
NSW1,2009/5/28 7:00,9074.04,26.34,TRADE
NSW1,2009/5/28 7:30,9461.42,28.27,TRADE
NSW1,2009/5/28 8:00,9849.78,33.01,TRADE
NSW1,2009/5/28 8:30,9969.92,33.37,TRADE
NSW1,2009/5/28 9:00,9840.88,30.71,TRADE
NSW1,2009/5/28 9:30,9852.3,29.04,TRADE
NSW1,2009/5/28 10:00,9810.44,27.59,TRADE
NSW1,2009/5/28 10:30,9769.19,25.48,TRADE
NSW1,2009/5/28 11:00,9720.74,25.97,TRADE
NSW1,2009/5/28 11:30,9605.17,25.96,TRADE
NSW1,2009/5/28 12:00,9526.72,25.69,TRADE
NSW1,2009/5/28 12:30,9466.8,26.45,TRADE
NSW1,2009/5/28 13:00,9407.07,24.4,TRADE
NSW1,2009/5/28 13:30,9373.49,24.64,TRADE
NSW1,2009/5/28 14:00,9350.8,25.98,TRADE
NSW1,2009/5/28 14:30,9355.07,25.24,TRADE
NSW1,2009/5/28 15:00,9302.48,24.42,TRADE
NSW1,2009/5/28 15:30,9279.32,23.89,TRADE
NSW1,2009/5/28 16:00,9340.72,24.77,TRADE
NSW1,2009/5/28 16:30,9549.02,24.99,TRADE
NSW1,2009/5/28 17:00,9876.77,28.97,TRADE
NSW1,2009/5/28 17:30,10482.42,40.49,TRADE
NSW1,2009/5/28 18:00,10963.42,74.7,TRADE
NSW1,2009/5/28 18:30,10976.74,57.86,TRADE
NSW1,2009/5/28 19:00,10850.54,40.97,TRADE
NSW1,2009/5/28 19:30,10612.57,35.08,TRADE
NSW1,2009/5/28 20:00,10414.61,31.5,TRADE
NSW1,2009/5/28 20:30,10257.01,31.71,TRADE
NSW1,2009/5/28 21:00,10090.2,30.84,TRADE
NSW1,2009/5/28 21:30,9716.57,27.57,TRADE
NSW1,2009/5/28 22:00,9340.4,23.24,TRADE
NSW1,2009/5/28 22:30,9450.61,35.36,TRADE
NSW1,2009/5/28 23:00,9189.62,25.42,TRADE
NSW1,2009/5/28 23:30,8986.06,26.18,TRADE
NSW1,2009/5/29 0:00,8840.85,23.86,TRADE
NSW1,2009/5/29 0:30,8639.42,21.7,TRADE
NSW1,2009/5/29 1:00,8403.05,21.58,TRADE
NSW1,2009/5/29 1:30,8217.37,22.43,TRADE
NSW1,2009/5/29 2:00,7929.27,21.9,TRADE
NSW1,2009/5/29 2:30,7539.52,22,TRADE
NSW1,2009/5/29 3:00,7242.08,21.71,TRADE
NSW1,2009/5/29 3:30,6985.41,19.52,TRADE
NSW1,2009/5/29 4:00,6824.51,21.1,TRADE
NSW1,2009/5/29 4:30,6802.78,22,TRADE
NSW1,2009/5/29 5:00,6904.9,20.17,TRADE
NSW1,2009/5/29 5:30,7186.66,22.23,TRADE
NSW1,2009/5/29 6:00,7614.9,24.09,TRADE
NSW1,2009/5/29 6:30,8403.55,24.16,TRADE
NSW1,2009/5/29 7:00,9163.52,28.81,TRADE
NSW1,2009/5/29 7:30,9573.74,48.46,TRADE
NSW1,2009/5/29 8:00,9972.28,67.99,TRADE
NSW1,2009/5/29 8:30,10061.83,52.8,TRADE
NSW1,2009/5/29 9:00,9964.34,34.15,TRADE
NSW1,2009/5/29 9:30,10043.43,53.13,TRADE
NSW1,2009/5/29 10:00,10040.76,40.61,TRADE
NSW1,2009/5/29 10:30,9963.13,38.78,TRADE
NSW1,2009/5/29 11:00,9948.61,33.93,TRADE
NSW1,2009/5/29 11:30,9772.57,38.51,TRADE
NSW1,2009/5/29 12:00,9755.56,34.9,TRADE
NSW1,2009/5/29 12:30,9644.77,29.31,TRADE
NSW1,2009/5/29 13:00,9598.88,29.12,TRADE
NSW1,2009/5/29 13:30,9544.18,26.87,TRADE
NSW1,2009/5/29 14:00,9432.49,27.95,TRADE
NSW1,2009/5/29 14:30,9459.91,27.35,TRADE
NSW1,2009/5/29 15:00,9456.67,25.75,TRADE
NSW1,2009/5/29 15:30,9457.25,26.65,TRADE
NSW1,2009/5/29 16:00,9575.47,64.27,TRADE
NSW1,2009/5/29 16:30,9788.93,28.22,TRADE
NSW1,2009/5/29 17:00,10112.31,42.05,TRADE
NSW1,2009/5/29 17:30,10681.08,46.45,TRADE
NSW1,2009/5/29 18:00,11143.06,89.24,TRADE
NSW1,2009/5/29 18:30,10992.85,89.08,TRADE
NSW1,2009/5/29 19:00,10808.92,61.77,TRADE
NSW1,2009/5/29 19:30,10542.41,51.99,TRADE
NSW1,2009/5/29 20:00,10294.82,35.72,TRADE
NSW1,2009/5/29 20:30,10190.46,31.38,TRADE
NSW1,2009/5/29 21:00,10032.12,28.63,TRADE
NSW1,2009/5/29 21:30,9761.8,27.04,TRADE
NSW1,2009/5/29 22:00,9477.52,24.73,TRADE
NSW1,2009/5/29 22:30,9612.94,34.91,TRADE
NSW1,2009/5/29 23:00,9482.58,27.96,TRADE
NSW1,2009/5/29 23:30,9276.48,26.23,TRADE
NSW1,2009/5/30 0:00,9124.38,24.69,TRADE
NSW1,2009/5/30 0:30,8923.96,23.24,TRADE
NSW1,2009/5/30 1:00,8653.15,22.53,TRADE
NSW1,2009/5/30 1:30,8426.79,22.95,TRADE
NSW1,2009/5/30 2:00,8083.46,22.5,TRADE
NSW1,2009/5/30 2:30,7675.09,22,TRADE
NSW1,2009/5/30 3:00,7325.81,21.49,TRADE
NSW1,2009/5/30 3:30,6893.65,19.42,TRADE
NSW1,2009/5/30 4:00,6865.77,22,TRADE
NSW1,2009/5/30 4:30,6785.45,22.49,TRADE
NSW1,2009/5/30 5:00,6756.38,19.2,TRADE
NSW1,2009/5/30 5:30,6838.89,19.33,TRADE
NSW1,2009/5/30 6:00,6997.96,20.49,TRADE
NSW1,2009/5/30 6:30,7277.86,22,TRADE
NSW1,2009/5/30 7:00,7611.32,22.51,TRADE
NSW1,2009/5/30 7:30,8058.43,25.9,TRADE
NSW1,2009/5/30 8:00,8583.19,30.14,TRADE
NSW1,2009/5/30 8:30,9132.42,35.3,TRADE
NSW1,2009/5/30 9:00,9416.95,37.34,TRADE
NSW1,2009/5/30 9:30,9719.26,51.19,TRADE
NSW1,2009/5/30 10:00,9660.34,53.87,TRADE
NSW1,2009/5/30 10:30,9664.73,43.07,TRADE
NSW1,2009/5/30 11:00,9418.6,35.87,TRADE
NSW1,2009/5/30 11:30,9323.24,32.91,TRADE
NSW1,2009/5/30 12:00,9255.37,30.86,TRADE
NSW1,2009/5/30 12:30,9149.09,31.14,TRADE
NSW1,2009/5/30 13:00,9056.13,30.29,TRADE
NSW1,2009/5/30 13:30,9033.86,31.62,TRADE
NSW1,2009/5/30 14:00,8959.09,31.92,TRADE
NSW1,2009/5/30 14:30,8910.38,31.63,TRADE
NSW1,2009/5/30 15:00,8892.89,31.69,TRADE
NSW1,2009/5/30 15:30,8943.01,30.84,TRADE
NSW1,2009/5/30 16:00,9078.77,31.69,TRADE
NSW1,2009/5/30 16:30,9307.28,32.05,TRADE
NSW1,2009/5/30 17:00,9683.51,36.31,TRADE
NSW1,2009/5/30 17:30,10220.98,41,TRADE
NSW1,2009/5/30 18:00,10644.08,69.45,TRADE
NSW1,2009/5/30 18:30,10562.92,59.12,TRADE
NSW1,2009/5/30 19:00,10342.09,40.75,TRADE
NSW1,2009/5/30 19:30,10008.05,34.57,TRADE
NSW1,2009/5/30 20:00,9797.84,34.21,TRADE
NSW1,2009/5/30 20:30,9616.67,33.6,TRADE
NSW1,2009/5/30 21:00,9491.05,32.39,TRADE
NSW1,2009/5/30 21:30,9278.09,30.61,TRADE
NSW1,2009/5/30 22:00,9055.34,28.61,TRADE
NSW1,2009/5/30 22:30,9106.24,30.39,TRADE
NSW1,2009/5/30 23:00,8923.21,28.95,TRADE
NSW1,2009/5/30 23:30,8785.31,29.27,TRADE
NSW1,2009/5/31 0:00,8518.46,26.49,TRADE
NSW1,2009/5/31 0:30,8203.05,23.5,TRADE
NSW1,2009/5/31 1:00,8020.52,22.34,TRADE
NSW1,2009/5/31 1:30,7743.66,21.65,TRADE
NSW1,2009/5/31 2:00,7494.46,20.69,TRADE
NSW1,2009/5/31 2:30,7097.99,22.14,TRADE
NSW1,2009/5/31 3:00,6806.45,19.6,TRADE
NSW1,2009/5/31 3:30,6645.07,18.31,TRADE
NSW1,2009/5/31 4:00,6548.59,18.61,TRADE
NSW1,2009/5/31 4:30,6492.68,21.21,TRADE
NSW1,2009/5/31 5:00,6495.91,17.03,TRADE
NSW1,2009/5/31 5:30,6542.68,18.53,TRADE
NSW1,2009/5/31 6:00,6637.69,20.36,TRADE
NSW1,2009/5/31 6:30,6784.17,20.22,TRADE
NSW1,2009/5/31 7:00,7054.16,20.82,TRADE
NSW1,2009/5/31 7:30,7297.26,21.77,TRADE
NSW1,2009/5/31 8:00,7772.55,24.87,TRADE
NSW1,2009/5/31 8:30,8328.29,28.47,TRADE
NSW1,2009/5/31 9:00,8705.14,32.35,TRADE
NSW1,2009/5/31 9:30,9007.41,34.7,TRADE
NSW1,2009/5/31 10:00,9124.96,38.7,TRADE
NSW1,2009/5/31 10:30,9163.11,40.47,TRADE
NSW1,2009/5/31 11:00,9100.7,39.85,TRADE
NSW1,2009/5/31 11:30,8956.77,36.61,TRADE
NSW1,2009/5/31 12:00,8907.86,34.37,TRADE
NSW1,2009/5/31 12:30,8928.91,33.86,TRADE
NSW1,2009/5/31 13:00,8878.81,32.11,TRADE
NSW1,2009/5/31 13:30,8829.44,31.41,TRADE
NSW1,2009/5/31 14:00,8794.14,29.91,TRADE
NSW1,2009/5/31 14:30,8779.32,29.2,TRADE
NSW1,2009/5/31 15:00,8748.3,29.33,TRADE
NSW1,2009/5/31 15:30,8877.64,30.53,TRADE
NSW1,2009/5/31 16:00,8994.62,31.17,TRADE
NSW1,2009/5/31 16:30,9260.24,34.92,TRADE
NSW1,2009/5/31 17:00,9688.31,44.36,TRADE
NSW1,2009/5/31 17:30,10176.79,62.87,TRADE
NSW1,2009/5/31 18:00,10548.25,69.28,TRADE
NSW1,2009/5/31 18:30,10501.06,59.15,TRADE
NSW1,2009/5/31 19:00,10360.38,58.27,TRADE
NSW1,2009/5/31 19:30,10122.69,68.22,TRADE
NSW1,2009/5/31 20:00,9916.13,49.65,TRADE
NSW1,2009/5/31 20:30,9739.31,35.71,TRADE
NSW1,2009/5/31 21:00,9635.08,35.44,TRADE
NSW1,2009/5/31 21:30,9338.96,31.65,TRADE
NSW1,2009/5/31 22:00,8959.33,26.88,TRADE
NSW1,2009/5/31 22:30,8787.52,27.87,TRADE
NSW1,2009/5/31 23:00,8568.93,24.86,TRADE
NSW1,2009/5/31 23:30,8406.54,26.88,TRADE
NSW1,2009/6/1 0:00,8098.23,22.78,TRADE
?NSW1,2009/6/1 0:30,7880.91,21.44,TRADE
NSW1,2009/6/1 1:00,7646.1,21.75,TRADE
NSW1,2009/6/1 1:30,7439.8,22.36,TRADE
NSW1,2009/6/1 2:00,7254.79,20.05,TRADE
NSW1,2009/6/1 2:30,6949.96,21.03,TRADE
NSW1,2009/6/1 3:00,6698.22,18.52,TRADE
NSW1,2009/6/1 3:30,6591.45,16.65,TRADE
NSW1,2009/6/1 4:00,6533.52,17.42,TRADE
NSW1,2009/6/1 4:30,6624.06,19.54,TRADE
NSW1,2009/6/1 5:00,6684.39,17.81,TRADE
NSW1,2009/6/1 5:30,7053.19,20.98,TRADE
NSW1,2009/6/1 6:00,7468.51,23.19,TRADE
NSW1,2009/6/1 6:30,8328.28,25.79,TRADE
NSW1,2009/6/1 7:00,9187.66,28.44,TRADE
NSW1,2009/6/1 7:30,9678.42,37.98,TRADE
NSW1,2009/6/1 8:00,10142.84,49.19,TRADE
NSW1,2009/6/1 8:30,10291.74,42.23,TRADE
NSW1,2009/6/1 9:00,10256.49,42.65,TRADE
NSW1,2009/6/1 9:30,10366.55,96.51,TRADE
NSW1,2009/6/1 10:00,10347.24,48.36,TRADE
NSW1,2009/6/1 10:30,10282.59,42.82,TRADE
NSW1,2009/6/1 11:00,10312.38,54.15,TRADE
NSW1,2009/6/1 11:30,10309.2,59.67,TRADE
NSW1,2009/6/1 12:00,10209.7,43,TRADE
NSW1,2009/6/1 12:30,10196.69,44.51,TRADE
NSW1,2009/6/1 13:00,10117.05,41.4,TRADE
NSW1,2009/6/1 13:30,10073.07,42.71,TRADE
NSW1,2009/6/1 14:00,10067.45,37.19,TRADE
NSW1,2009/6/1 14:30,10057.44,37.25,TRADE
NSW1,2009/6/1 15:00,10004.74,37.06,TRADE
NSW1,2009/6/1 15:30,10002.36,37.02,TRADE
NSW1,2009/6/1 16:00,10125.29,39,TRADE
NSW1,2009/6/1 16:30,10271.44,45.28,TRADE
NSW1,2009/6/1 17:00,10750.74,47.89,TRADE
NSW1,2009/6/1 17:30,11387.19,76.35,TRADE
NSW1,2009/6/1 18:00,11775.16,119.98,TRADE
NSW1,2009/6/1 18:30,11610.4,111.82,TRADE
NSW1,2009/6/1 19:00,11433.15,67.51,TRADE
NSW1,2009/6/1 19:30,11085.52,68.46,TRADE
NSW1,2009/6/1 20:00,10817.56,51.56,TRADE
NSW1,2009/6/1 20:30,10675.31,42.55,TRADE
NSW1,2009/6/1 21:00,10411.99,57.69,TRADE
NSW1,2009/6/1 21:30,10005.35,35.66,TRADE
NSW1,2009/6/1 22:00,9652.71,28.16,TRADE
NSW1,2009/6/1 22:30,9662.78,30.75,TRADE
NSW1,2009/6/1 23:00,9393.98,27.19,TRADE
NSW1,2009/6/1 23:30,9181.9,25.59,TRADE
NSW1,2009/6/2 0:00,8996.99,25.01,TRADE
NSW1,2009/6/2 0:30,8791.27,24.36,TRADE
NSW1,2009/6/2 1:00,8567.97,21.96,TRADE
NSW1,2009/6/2 1:30,8379.97,21.73,TRADE
NSW1,2009/6/2 2:00,8092.01,22.23,TRADE
NSW1,2009/6/2 2:30,7702.13,21.5,TRADE
NSW1,2009/6/2 3:00,7339.18,21.57,TRADE
NSW1,2009/6/2 3:30,7071.33,21.08,TRADE
NSW1,2009/6/2 4:00,6932.08,22.37,TRADE
NSW1,2009/6/2 4:30,6886.31,22.38,TRADE
NSW1,2009/6/2 5:00,6929.81,21.4,TRADE
NSW1,2009/6/2 5:30,7271.43,22.17,TRADE
NSW1,2009/6/2 6:00,7708.02,24.04,TRADE
NSW1,2009/6/2 6:30,8537.92,26.37,TRADE
NSW1,2009/6/2 7:00,9355.43,30.1,TRADE
NSW1,2009/6/2 7:30,9740.71,33.78,TRADE
NSW1,2009/6/2 8:00,10169.21,50.61,TRADE
NSW1,2009/6/2 8:30,10317.39,54.48,TRADE
NSW1,2009/6/2 9:00,10222.66,47.08,TRADE
NSW1,2009/6/2 9:30,10278.98,58.37,TRADE
NSW1,2009/6/2 10:00,10251.28,45.51,TRADE
NSW1,2009/6/2 10:30,10201.2,43.2,TRADE
NSW1,2009/6/2 11:00,10108.79,44.46,TRADE
NSW1,2009/6/2 11:30,9984.99,38.38,TRADE
NSW1,2009/6/2 12:00,9874.52,36.8,TRADE
NSW1,2009/6/2 12:30,9840.73,37.82,TRADE
NSW1,2009/6/2 13:00,9736.86,36.35,TRADE
NSW1,2009/6/2 13:30,9727.58,39,TRADE
NSW1,2009/6/2 14:00,9684.97,37.28,TRADE
NSW1,2009/6/2 14:30,9670.66,36.67,TRADE
NSW1,2009/6/2 15:00,9618.32,28.95,TRADE
NSW1,2009/6/2 15:30,9590.67,30.1,TRADE
NSW1,2009/6/2 16:00,9702.77,29.52,TRADE
NSW1,2009/6/2 16:30,9855.03,31.22,TRADE
NSW1,2009/6/2 17:00,10257.29,41.18,TRADE
NSW1,2009/6/2 17:30,10926.12,70.97,TRADE
NSW1,2009/6/2 18:00,11379.52,118.6,TRADE
NSW1,2009/6/2 18:30,11240.28,87.1,TRADE
NSW1,2009/6/2 19:00,11067.86,56.85,TRADE
NSW1,2009/6/2 19:30,10720.79,54.82,TRADE
NSW1,2009/6/2 20:00,10510.16,62.81,TRADE
NSW1,2009/6/2 20:30,10362.41,63.12,TRADE
NSW1,2009/6/2 21:00,10165.71,63.44,TRADE
NSW1,2009/6/2 21:30,9815.53,43.85,TRADE
NSW1,2009/6/2 22:00,9476.28,30.28,TRADE
NSW1,2009/6/2 22:30,9524.77,37.56,TRADE
NSW1,2009/6/2 23:00,9250.26,29.58,TRADE
NSW1,2009/6/2 23:30,9052.56,28.46,TRADE
NSW1,2009/6/3 0:00,8886.85,24.59,TRADE
NSW1,2009/6/3 0:30,8684.34,25,TRADE
NSW1,2009/6/3 1:00,8473.92,23.51,TRADE
NSW1,2009/6/3 1:30,8264.95,21.68,TRADE
NSW1,2009/6/3 2:00,8021.68,21.73,TRADE
NSW1,2009/6/3 2:30,7613.54,21.98,TRADE
NSW1,2009/6/3 3:00,7263.92,21.67,TRADE
NSW1,2009/6/3 3:30,6984.92,21.11,TRADE
NSW1,2009/6/3 4:00,6806.78,21.33,TRADE
NSW1,2009/6/3 4:30,6755.58,22,TRADE
NSW1,2009/6/3 5:00,6807.75,21.26,TRADE
NSW1,2009/6/3 5:30,7101.38,21.82,TRADE
NSW1,2009/6/3 6:00,7509.58,23.66,TRADE
NSW1,2009/6/3 6:30,8289.4,26.91,TRADE
NSW1,2009/6/3 7:00,9061.37,33.71,TRADE
NSW1,2009/6/3 7:30,9456.94,34.57,TRADE
NSW1,2009/6/3 8:00,9935.89,40.59,TRADE
NSW1,2009/6/3 8:30,10058.01,42.23,TRADE
NSW1,2009/6/3 9:00,9967.54,40.94,TRADE
NSW1,2009/6/3 9:30,10068.61,41.62,TRADE
NSW1,2009/6/3 10:00,10057.9,41.4,TRADE
NSW1,2009/6/3 10:30,10058.15,41.87,TRADE
NSW1,2009/6/3 11:00,10023.65,35.63,TRADE
NSW1,2009/6/3 11:30,9932.43,33.33,TRADE
NSW1,2009/6/3 12:00,9845.32,32.13,TRADE
NSW1,2009/6/3 12:30,9819.83,31.82,TRADE
NSW1,2009/6/3 13:00,9741.77,31.03,TRADE
NSW1,2009/6/3 13:30,9725.2,31.32,TRADE
NSW1,2009/6/3 14:00,9723.44,32.92,TRADE
NSW1,2009/6/3 14:30,9703.34,30.24,TRADE
NSW1,2009/6/3 15:00,9637.86,31.28,TRADE
NSW1,2009/6/3 15:30,9621.21,30.95,TRADE
NSW1,2009/6/3 16:00,9713.24,32.56,TRADE
NSW1,2009/6/3 16:30,9887.7,34.1,TRADE
NSW1,2009/6/3 17:00,10189.63,33.15,TRADE
NSW1,2009/6/3 17:30,10741.45,48.47,TRADE
NSW1,2009/6/3 18:00,11122.15,85.55,TRADE
NSW1,2009/6/3 18:30,11004.67,60.5,TRADE
NSW1,2009/6/3 19:00,10829.38,49.73,TRADE
NSW1,2009/6/3 19:30,10485.48,45.86,TRADE
NSW1,2009/6/3 20:00,10278.64,36.63,TRADE
NSW1,2009/6/3 20:30,10142.03,37.37,TRADE
NSW1,2009/6/3 21:00,9898.14,36.82,TRADE
NSW1,2009/6/3 21:30,9686.63,33.07,TRADE
NSW1,2009/6/3 22:00,9364.82,26.42,TRADE
NSW1,2009/6/3 22:30,9457.06,31,TRADE
NSW1,2009/6/3 23:00,9202.51,28.59,TRADE
NSW1,2009/6/3 23:30,9037.73,26.94,TRADE
NSW1,2009/6/4 0:00,8843.48,24.98,TRADE
NSW1,2009/6/4 0:30,8633.8,24.75,TRADE
NSW1,2009/6/4 1:00,8452.77,22.8,TRADE
NSW1,2009/6/4 1:30,8206.8,21.85,TRADE
NSW1,2009/6/4 2:00,7932.61,21.59,TRADE
NSW1,2009/6/4 2:30,7523.91,22,TRADE
NSW1,2009/6/4 3:00,7230.91,21.73,TRADE
NSW1,2009/6/4 3:30,6977.5,20.77,TRADE
NSW1,2009/6/4 4:00,6869.21,21.82,TRADE
NSW1,2009/6/4 4:30,6848.43,22,TRADE
NSW1,2009/6/4 5:00,6922.35,21.73,TRADE
NSW1,2009/6/4 5:30,7182.81,22,TRADE
NSW1,2009/6/4 6:00,7596.42,24.49,TRADE
NSW1,2009/6/4 6:30,8383.19,26.51,TRADE
NSW1,2009/6/4 7:00,9159.37,29.9,TRADE
NSW1,2009/6/4 7:30,9542.3,31.73,TRADE
NSW1,2009/6/4 8:00,9999.36,40.13,TRADE
NSW1,2009/6/4 8:30,10104.11,42.93,TRADE
NSW1,2009/6/4 9:00,10043.27,40.23,TRADE
NSW1,2009/6/4 9:30,10125.21,47.58,TRADE
NSW1,2009/6/4 10:00,10107.69,39.48,TRADE
NSW1,2009/6/4 10:30,10058.47,38.84,TRADE
NSW1,2009/6/4 11:00,10025.47,38.02,TRADE
NSW1,2009/6/4 11:30,9885.74,38.83,TRADE
NSW1,2009/6/4 12:00,9775.2,37.26,TRADE
NSW1,2009/6/4 12:30,9731.79,34.54,TRADE
NSW1,2009/6/4 13:00,9685.19,31.22,TRADE
NSW1,2009/6/4 13:30,9675.25,31.64,TRADE
NSW1,2009/6/4 14:00,9691.37,31.53,TRADE
NSW1,2009/6/4 14:30,9706.34,32.85,TRADE
NSW1,2009/6/4 15:00,9655.13,30.93,TRADE
NSW1,2009/6/4 15:30,9671.89,29.3,TRADE
NSW1,2009/6/4 16:00,9811.54,31.15,TRADE
NSW1,2009/6/4 16:30,9998.48,32.95,TRADE
NSW1,2009/6/4 17:00,10232.94,35.34,TRADE
NSW1,2009/6/4 17:30,10791.95,69.66,TRADE
NSW1,2009/6/4 18:00,11215.01,94.16,TRADE
NSW1,2009/6/4 18:30,11097.49,87.9,TRADE
NSW1,2009/6/4 19:00,10997.02,53.53,TRADE
NSW1,2009/6/4 19:30,10754.7,62.31,TRADE
NSW1,2009/6/4 20:00,10552.96,44.92,TRADE
NSW1,2009/6/4 20:30,10429.94,47.74,TRADE
NSW1,2009/6/4 21:00,10216.34,45.7,TRADE
NSW1,2009/6/4 21:30,9859.81,38.32,TRADE
NSW1,2009/6/4 22:00,9527.4,34.31,TRADE
NSW1,2009/6/4 22:30,9590.67,55.59,TRADE
NSW1,2009/6/4 23:00,9279.74,35.74,TRADE
NSW1,2009/6/4 23:30,9134.86,33.58,TRADE
NSW1,2009/6/5 0:00,8899.48,28.95,TRADE
NSW1,2009/6/5 0:30,8738.98,25.55,TRADE
NSW1,2009/6/5 1:00,8514.38,23.99,TRADE
NSW1,2009/6/5 1:30,8347.74,24.77,TRADE
NSW1,2009/6/5 2:00,8045.7,22.87,TRADE
NSW1,2009/6/5 2:30,7633.04,21.98,TRADE
NSW1,2009/6/5 3:00,7279.79,21.72,TRADE
NSW1,2009/6/5 3:30,7057.04,21.64,TRADE
NSW1,2009/6/5 4:00,6894.1,22,TRADE
NSW1,2009/6/5 4:30,6872.39,22,TRADE
NSW1,2009/6/5 5:00,6930.96,22,TRADE
NSW1,2009/6/5 5:30,7152.83,22,TRADE
NSW1,2009/6/5 6:00,7563.71,24.16,TRADE
NSW1,2009/6/5 6:30,8393.42,27.27,TRADE
NSW1,2009/6/5 7:00,9097.84,30.53,TRADE
NSW1,2009/6/5 7:30,9463.54,29.14,TRADE
NSW1,2009/6/5 8:00,9886.63,36.27,TRADE
NSW1,2009/6/5 8:30,10033.16,37.88,TRADE
NSW1,2009/6/5 9:00,9931.93,32.37,TRADE
NSW1,2009/6/5 9:30,9946.82,32.41,TRADE
NSW1,2009/6/5 10:00,9886.5,30,TRADE
NSW1,2009/6/5 10:30,9890.2,29.86,TRADE
NSW1,2009/6/5 11:00,9793.56,28.28,TRADE
NSW1,2009/6/5 11:30,9726.66,29.03,TRADE
NSW1,2009/6/5 12:00,9619.86,27.67,TRADE
NSW1,2009/6/5 12:30,9561.47,26.93,TRADE
NSW1,2009/6/5 13:00,9502.11,25.03,TRADE
NSW1,2009/6/5 13:30,9462.35,26.17,TRADE
NSW1,2009/6/5 14:00,9436.79,26.33,TRADE
NSW1,2009/6/5 14:30,9333.19,25.71,TRADE
NSW1,2009/6/5 15:00,9208.44,23.93,TRADE
NSW1,2009/6/5 15:30,9277.21,23.81,TRADE
NSW1,2009/6/5 16:00,9361.27,24.69,TRADE
NSW1,2009/6/5 16:30,9461.28,24.38,TRADE
NSW1,2009/6/5 17:00,9753.92,27.19,TRADE
NSW1,2009/6/5 17:30,10349.05,33.96,TRADE
NSW1,2009/6/5 18:00,10705.15,42.52,TRADE
NSW1,2009/6/5 18:30,10587.32,38.29,TRADE
NSW1,2009/6/5 19:00,10442.22,36.2,TRADE
NSW1,2009/6/5 19:30,10186.45,29.88,TRADE
NSW1,2009/6/5 20:00,9950.59,28.16,TRADE
NSW1,2009/6/5 20:30,9930.74,29.99,TRADE
NSW1,2009/6/5 21:00,9803.24,30.04,TRADE
NSW1,2009/6/5 21:30,9583.75,28.22,TRADE
NSW1,2009/6/5 22:00,9335.92,25.06,TRADE
NSW1,2009/6/5 22:30,9566.13,29.73,TRADE
NSW1,2009/6/5 23:00,9418.33,28.76,TRADE
NSW1,2009/6/5 23:30,9308.84,29.25,TRADE
NSW1,2009/6/6 0:00,9141.65,26.72,TRADE
NSW1,2009/6/6 0:30,8890.05,24,TRADE
NSW1,2009/6/6 1:00,8653.88,23,TRADE
NSW1,2009/6/6 1:30,8433,23.3,TRADE
NSW1,2009/6/6 2:00,8078.46,21.19,TRADE
NSW1,2009/6/6 2:30,7719.25,21.98,TRADE
NSW1,2009/6/6 3:00,7329.16,20.42,TRADE
NSW1,2009/6/6 3:30,7059.34,17.55,TRADE
NSW1,2009/6/6 4:00,6869.11,19.36,TRADE
NSW1,2009/6/6 4:30,6744.46,18.96,TRADE
NSW1,2009/6/6 5:00,6755.52,16.46,TRADE
NSW1,2009/6/6 5:30,6911.52,19.22,TRADE
NSW1,2009/6/6 6:00,7019.11,19.99,TRADE
NSW1,2009/6/6 6:30,7291.24,19.71,TRADE
NSW1,2009/6/6 7:00,7605.88,20.34,TRADE
NSW1,2009/6/6 7:30,8030.96,23.51,TRADE
NSW1,2009/6/6 8:00,8572.3,23.38,TRADE
NSW1,2009/6/6 8:30,9168.81,26.14,TRADE
NSW1,2009/6/6 9:00,9503.55,29.5,TRADE
NSW1,2009/6/6 9:30,9763,31.17,TRADE
NSW1,2009/6/6 10:00,9574.18,29.72,TRADE
NSW1,2009/6/6 10:30,9558.96,30.07,TRADE
NSW1,2009/6/6 11:00,9360.07,29.34,TRADE
NSW1,2009/6/6 11:30,9131.43,28.59,TRADE
NSW1,2009/6/6 12:00,9022.4,26.83,TRADE
NSW1,2009/6/6 12:30,8853.95,25,TRADE
NSW1,2009/6/6 13:00,8686.07,24.48,TRADE
NSW1,2009/6/6 13:30,8599.39,24.73,TRADE
NSW1,2009/6/6 14:00,8515.67,23.11,TRADE
NSW1,2009/6/6 14:30,8424.36,23.11,TRADE
NSW1,2009/6/6 15:00,8363.84,22.36,TRADE
NSW1,2009/6/6 15:30,8432.7,24.12,TRADE
NSW1,2009/6/6 16:00,8552.2,24.86,TRADE
NSW1,2009/6/6 16:30,8799.73,25.12,TRADE
NSW1,2009/6/6 17:00,9249.65,28.98,TRADE
NSW1,2009/6/6 17:30,9926.04,41.11,TRADE
NSW1,2009/6/6 18:00,10390.57,58.54,TRADE
NSW1,2009/6/6 18:30,10375.98,44.57,TRADE
NSW1,2009/6/6 19:00,10191.7,32.78,TRADE
NSW1,2009/6/6 19:30,9943.06,32.47,TRADE
NSW1,2009/6/6 20:00,9765.4,31.25,TRADE
NSW1,2009/6/6 20:30,9646.55,30.79,TRADE
NSW1,2009/6/6 21:00,9543.12,30.75,TRADE
NSW1,2009/6/6 21:30,9302.62,29.99,TRADE
NSW1,2009/6/6 22:00,9072.86,28.09,TRADE
NSW1,2009/6/6 22:30,9046.95,29.51,TRADE
NSW1,2009/6/6 23:00,8901.09,26.98,TRADE
NSW1,2009/6/6 23:30,8743.61,29.19,TRADE
NSW1,2009/6/7 0:00,8560.83,27.51,TRADE
NSW1,2009/6/7 0:30,8274.05,24.32,TRADE
NSW1,2009/6/7 1:00,7988.79,21.94,TRADE
NSW1,2009/6/7 1:30,7767.64,21.63,TRADE
NSW1,2009/6/7 2:00,7483.4,20.2,TRADE
NSW1,2009/6/7 2:30,7167.02,18.91,TRADE
NSW1,2009/6/7 3:00,6859.48,17.75,TRADE
NSW1,2009/6/7 3:30,6639.6,16.51,TRADE
NSW1,2009/6/7 4:00,6549.73,17.89,TRADE
NSW1,2009/6/7 4:30,6503.08,17.86,TRADE
NSW1,2009/6/7 5:00,6491.48,15.53,TRADE
NSW1,2009/6/7 5:30,6550.2,17.05,TRADE
NSW1,2009/6/7 6:00,6648.07,16.95,TRADE
NSW1,2009/6/7 6:30,6893.7,17.65,TRADE
NSW1,2009/6/7 7:00,7089.69,17.57,TRADE
NSW1,2009/6/7 7:30,7385.8,20.92,TRADE
NSW1,2009/6/7 8:00,7919.69,23.02,TRADE
NSW1,2009/6/7 8:30,8461.13,25.8,TRADE
NSW1,2009/6/7 9:00,8942.97,27.91,TRADE
NSW1,2009/6/7 9:30,9252.97,30.72,TRADE
NSW1,2009/6/7 10:00,9286.71,31.42,TRADE
NSW1,2009/6/7 10:30,9298.19,32.13,TRADE
NSW1,2009/6/7 11:00,9087.28,29.6,TRADE
NSW1,2009/6/7 11:30,8951.04,29.95,TRADE
NSW1,2009/6/7 12:00,8793.17,30.23,TRADE
NSW1,2009/6/7 12:30,8726.63,29.78,TRADE
NSW1,2009/6/7 13:00,8610.21,29.55,TRADE
NSW1,2009/6/7 13:30,8420.29,28.37,TRADE
NSW1,2009/6/7 14:00,8330.95,27.2,TRADE
NSW1,2009/6/7 14:30,8274.02,25.93,TRADE
NSW1,2009/6/7 15:00,8299.1,26.58,TRADE
NSW1,2009/6/7 15:30,8387.77,27.83,TRADE
NSW1,2009/6/7 16:00,8548.02,28.89,TRADE
NSW1,2009/6/7 16:30,8784.81,30,TRADE
NSW1,2009/6/7 17:00,9151.05,32.66,TRADE
NSW1,2009/6/7 17:30,9641.41,44,TRADE
NSW1,2009/6/7 18:00,10142.55,82.18,TRADE
NSW1,2009/6/7 18:30,10156.84,47.94,TRADE
NSW1,2009/6/7 19:00,10064.81,39.79,TRADE
NSW1,2009/6/7 19:30,9862.46,32.77,TRADE
NSW1,2009/6/7 20:00,9751.04,33.16,TRADE
NSW1,2009/6/7 20:30,9698.16,30.95,TRADE
NSW1,2009/6/7 21:00,9593.56,30.89,TRADE
NSW1,2009/6/7 21:30,9317.29,29.46,TRADE
NSW1,2009/6/7 22:00,9124.99,26.34,TRADE
NSW1,2009/6/7 22:30,9103.55,30,TRADE
NSW1,2009/6/7 23:00,8871.17,27.8,TRADE
NSW1,2009/6/7 23:30,8693.73,26.75,TRADE
NSW1,2009/6/8 0:00,8448.09,24.36,TRADE
NSW1,2009/6/8 0:30,8140.99,21.88,TRADE
NSW1,2009/6/8 1:00,7898.39,22,TRADE
NSW1,2009/6/8 1:30,7653.19,21.7,TRADE
NSW1,2009/6/8 2:00,7427.42,20.75,TRADE
NSW1,2009/6/8 2:30,7125.94,18.99,TRADE
NSW1,2009/6/8 3:00,6842.3,17.65,TRADE
NSW1,2009/6/8 3:30,6672.8,17,TRADE
NSW1,2009/6/8 4:00,6592.91,20.16,TRADE
NSW1,2009/6/8 4:30,6547.7,17.57,TRADE
NSW1,2009/6/8 5:00,6555.88,16.24,TRADE
NSW1,2009/6/8 5:30,6670.19,16.97,TRADE
NSW1,2009/6/8 6:00,6814.63,17.81,TRADE
NSW1,2009/6/8 6:30,7027.95,18.14,TRADE
NSW1,2009/6/8 7:00,7250.01,17.96,TRADE
NSW1,2009/6/8 7:30,7467.5,17.59,TRADE
NSW1,2009/6/8 8:00,7908.99,21.49,TRADE
NSW1,2009/6/8 8:30,8391.96,24.43,TRADE
NSW1,2009/6/8 9:00,8715.13,24.67,TRADE
NSW1,2009/6/8 9:30,8994.17,26.31,TRADE
NSW1,2009/6/8 10:00,9124.87,27.69,TRADE
NSW1,2009/6/8 10:30,9177.62,27.47,TRADE
NSW1,2009/6/8 11:00,9090.2,24.86,TRADE
NSW1,2009/6/8 11:30,8936.76,23.14,TRADE
NSW1,2009/6/8 12:00,8811.28,22.32,TRADE
NSW1,2009/6/8 12:30,8756.5,22,TRADE
NSW1,2009/6/8 13:00,8660.96,22,TRADE
NSW1,2009/6/8 13:30,8564.75,22,TRADE
NSW1,2009/6/8 14:00,8465.43,21.73,TRADE
NSW1,2009/6/8 14:30,8327.08,22,TRADE
NSW1,2009/6/8 15:00,8394.09,22,TRADE
NSW1,2009/6/8 15:30,8447.21,22.13,TRADE
NSW1,2009/6/8 16:00,8625.73,22.8,TRADE
NSW1,2009/6/8 16:30,8869.03,22.7,TRADE
NSW1,2009/6/8 17:00,9397.87,26.23,TRADE
NSW1,2009/6/8 17:30,10316.71,35.59,TRADE
NSW1,2009/6/8 18:00,10793.26,53.38,TRADE
NSW1,2009/6/8 18:30,10779.25,34.57,TRADE
NSW1,2009/6/8 19:00,10611.91,31.33,TRADE
NSW1,2009/6/8 19:30,10342.92,29.76,TRADE
NSW1,2009/6/8 20:00,10149.37,29.72,TRADE
NSW1,2009/6/8 20:30,10032.12,29.57,TRADE
NSW1,2009/6/8 21:00,9807.5,29.44,TRADE
NSW1,2009/6/8 21:30,9504.96,28.07,TRADE
NSW1,2009/6/8 22:00,9155.9,23.44,TRADE
NSW1,2009/6/8 22:30,9054.75,23.5,TRADE
NSW1,2009/6/8 23:00,8901.65,21.02,TRADE
NSW1,2009/6/8 23:30,8739.87,22.08,TRADE
NSW1,2009/6/9 0:00,8648.33,21.87,TRADE
NSW1,2009/6/9 0:30,8481.93,21.06,TRADE
NSW1,2009/6/9 1:00,8344.77,20.4,TRADE
NSW1,2009/6/9 1:30,8217.63,20.17,TRADE
NSW1,2009/6/9 2:00,8006.06,18.3,TRADE
NSW1,2009/6/9 2:30,7612.92,17.47,TRADE
NSW1,2009/6/9 3:00,7303.09,16.01,TRADE
NSW1,2009/6/9 3:30,7058.06,11.91,TRADE
NSW1,2009/6/9 4:00,6944.75,11.97,TRADE
NSW1,2009/6/9 4:30,6875.85,12.49,TRADE
NSW1,2009/6/9 5:00,6960.09,13.47,TRADE
NSW1,2009/6/9 5:30,7296.32,18.23,TRADE
NSW1,2009/6/9 6:00,7724.96,21.5,TRADE
NSW1,2009/6/9 6:30,8561.82,23.53,TRADE
NSW1,2009/6/9 7:00,9474.17,24.62,TRADE
NSW1,2009/6/9 7:30,9969.01,23.56,TRADE
NSW1,2009/6/9 8:00,10453.65,29.51,TRADE
NSW1,2009/6/9 8:30,10613.65,31.44,TRADE
NSW1,2009/6/9 9:00,10524.25,29.48,TRADE
NSW1,2009/6/9 9:30,10553.84,30.01,TRADE
NSW1,2009/6/9 10:00,10503.93,28.57,TRADE
NSW1,2009/6/9 10:30,10480.98,26.35,TRADE
NSW1,2009/6/9 11:00,10389.63,25.38,TRADE
NSW1,2009/6/9 11:30,10298.75,25.46,TRADE
NSW1,2009/6/9 12:00,10237.85,25.52,TRADE
NSW1,2009/6/9 12:30,10211.08,25,TRADE
NSW1,2009/6/9 13:00,10126.15,24.87,TRADE
NSW1,2009/6/9 13:30,10123.07,24.8,TRADE
NSW1,2009/6/9 14:00,10057.09,24.18,TRADE
NSW1,2009/6/9 14:30,10057.29,24.65,TRADE
NSW1,2009/6/9 15:00,10003.74,24.57,TRADE
NSW1,2009/6/9 15:30,10032.16,24.68,TRADE
NSW1,2009/6/9 16:00,10247.16,26.89,TRADE
NSW1,2009/6/9 16:30,10486.99,29.11,TRADE
NSW1,2009/6/9 17:00,10958.5,34.78,TRADE
NSW1,2009/6/9 17:30,11751.54,60.43,TRADE
NSW1,2009/6/9 18:00,12346.22,94.02,TRADE
NSW1,2009/6/9 18:30,12309.08,83.04,TRADE
NSW1,2009/6/9 19:00,12190.72,60.53,TRADE
NSW1,2009/6/9 19:30,11915.06,40.52,TRADE
NSW1,2009/6/9 20:00,11719.02,38.81,TRADE
NSW1,2009/6/9 20:30,11490.61,38.78,TRADE
NSW1,2009/6/9 21:00,11222.63,35.34,TRADE
NSW1,2009/6/9 21:30,10837.3,31.61,TRADE
NSW1,2009/6/9 22:00,10393.25,25.09,TRADE
NSW1,2009/6/9 22:30,10338.77,30.27,TRADE
NSW1,2009/6/9 23:00,9920.7,25.27,TRADE
NSW1,2009/6/9 23:30,9611.46,25.66,TRADE
NSW1,2009/6/10 0:00,9366.39,23.53,TRADE
NSW1,2009/6/10 0:30,9131.59,22,TRADE
NSW1,2009/6/10 1:00,8912.27,22,TRADE
NSW1,2009/6/10 1:30,8775.78,23.83,TRADE
NSW1,2009/6/10 2:00,8487.34,21.47,TRADE
NSW1,2009/6/10 2:30,8061.16,21.68,TRADE
NSW1,2009/6/10 3:00,7684.17,18.51,TRADE
NSW1,2009/6/10 3:30,7402.48,16.85,TRADE
NSW1,2009/6/10 4:00,7247.26,19.86,TRADE
NSW1,2009/6/10 4:30,7199.59,20.73,TRADE
NSW1,2009/6/10 5:00,7286.32,18.53,TRADE
NSW1,2009/6/10 5:30,7620.32,20.17,TRADE
NSW1,2009/6/10 6:00,8118.86,22.85,TRADE
NSW1,2009/6/10 6:30,9078.48,25.09,TRADE
NSW1,2009/6/10 7:00,10026.36,29.26,TRADE
NSW1,2009/6/10 7:30,10549.18,28.43,TRADE
NSW1,2009/6/10 8:00,11091.21,36.98,TRADE
NSW1,2009/6/10 8:30,11139.34,35.49,TRADE
NSW1,2009/6/10 9:00,10979.88,30.98,TRADE
NSW1,2009/6/10 9:30,10995.89,30.33,TRADE
NSW1,2009/6/10 10:00,10905.58,30,TRADE
NSW1,2009/6/10 10:30,10833.41,30,TRADE
NSW1,2009/6/10 11:00,10746.43,29.99,TRADE
NSW1,2009/6/10 11:30,10584.54,28.64,TRADE
NSW1,2009/6/10 12:00,10480,25.46,TRADE
NSW1,2009/6/10 12:30,10388.79,25,TRADE
NSW1,2009/6/10 13:00,10321.63,24.86,TRADE
NSW1,2009/6/10 13:30,10265.18,25,TRADE
NSW1,2009/6/10 14:00,10186.15,25.77,TRADE
NSW1,2009/6/10 14:30,10203.53,27.21,TRADE
NSW1,2009/6/10 15:00,10122.82,25,TRADE
NSW1,2009/6/10 15:30,10139.76,25.01,TRADE
NSW1,2009/6/10 16:00,10367.04,28.03,TRADE
NSW1,2009/6/10 16:30,10692.31,30.02,TRADE
NSW1,2009/6/10 17:00,11289.75,36.14,TRADE
NSW1,2009/6/10 17:30,12183.78,105.23,TRADE
NSW1,2009/6/10 18:00,12888.99,284.01,TRADE
NSW1,2009/6/10 18:30,12921.72,298.11,TRADE
NSW1,2009/6/10 19:00,12848.91,163.95,TRADE
NSW1,2009/6/10 19:30,12584.44,69.84,TRADE
NSW1,2009/6/10 20:00,12406.48,59.14,TRADE
NSW1,2009/6/10 20:30,12265.13,57,TRADE
NSW1,2009/6/10 21:00,11944.62,50.15,TRADE
NSW1,2009/6/10 21:30,11559.38,40,TRADE
NSW1,2009/6/10 22:00,11056.81,26.19,TRADE
NSW1,2009/6/10 22:30,10856.8,46.87,TRADE
NSW1,2009/6/10 23:00,10383.7,30.51,TRADE
NSW1,2009/6/10 23:30,10029.17,31.92,TRADE
NSW1,2009/6/11 0:00,9773.72,29.19,TRADE
NSW1,2009/6/11 0:30,9519.99,25.77,TRADE
NSW1,2009/6/11 1:00,9319.72,24.27,TRADE
NSW1,2009/6/11 1:30,9097.32,25.17,TRADE
NSW1,2009/6/11 2:00,8842.87,22.47,TRADE
NSW1,2009/6/11 2:30,8397.91,21.97,TRADE
NSW1,2009/6/11 3:00,8002.87,20.34,TRADE
NSW1,2009/6/11 3:30,7737.4,17.77,TRADE
NSW1,2009/6/11 4:00,7584.79,19.38,TRADE
NSW1,2009/6/11 4:30,7524.66,19.15,TRADE
NSW1,2009/6/11 5:00,7622.65,18.93,TRADE
NSW1,2009/6/11 5:30,7959.66,21.07,TRADE
NSW1,2009/6/11 6:00,8477.8,23.77,TRADE
NSW1,2009/6/11 6:30,9509,29.06,TRADE
NSW1,2009/6/11 7:00,10505.31,35.69,TRADE
NSW1,2009/6/11 7:30,11089.58,37.22,TRADE
NSW1,2009/6/11 8:00,11687.78,56.03,TRADE
NSW1,2009/6/11 8:30,11835.36,48.53,TRADE
NSW1,2009/6/11 9:00,11674.23,40.56,TRADE
NSW1,2009/6/11 9:30,11647.84,36.31,TRADE
NSW1,2009/6/11 10:00,11504,30.24,TRADE
NSW1,2009/6/11 10:30,11376.36,30.92,TRADE
NSW1,2009/6/11 11:00,11190.78,31,TRADE
NSW1,2009/6/11 11:30,10948.06,30.59,TRADE
NSW1,2009/6/11 12:00,10792.38,30.62,TRADE
NSW1,2009/6/11 12:30,10647.32,29.1,TRADE
NSW1,2009/6/11 13:00,10545.02,25,TRADE
NSW1,2009/6/11 13:30,10453.91,25,TRADE
NSW1,2009/6/11 14:00,10329.75,24.48,TRADE
NSW1,2009/6/11 14:30,10259.52,24.65,TRADE
NSW1,2009/6/11 15:00,10171.49,24.91,TRADE
NSW1,2009/6/11 15:30,10185.78,25.66,TRADE
NSW1,2009/6/11 16:00,10318.15,30.14,TRADE
NSW1,2009/6/11 16:30,10632.93,32.45,TRADE
NSW1,2009/6/11 17:00,11149.42,45.85,TRADE
NSW1,2009/6/11 17:30,12010.93,123.42,TRADE
NSW1,2009/6/11 18:00,12784.01,788.91,TRADE
NSW1,2009/6/11 18:30,12880.71,3131.16,TRADE
NSW1,2009/6/11 19:00,12866.68,3640.93,TRADE
NSW1,2009/6/11 19:30,12631.3,54.66,TRADE
NSW1,2009/6/11 20:00,12502.22,116.61,TRADE
NSW1,2009/6/11 20:30,12375.6,115.43,TRADE
NSW1,2009/6/11 21:00,12124.17,91.79,TRADE
NSW1,2009/6/11 21:30,11660.74,54.36,TRADE
NSW1,2009/6/11 22:00,11139.13,46.03,TRADE
NSW1,2009/6/11 22:30,11018.08,80.59,TRADE
NSW1,2009/6/11 23:00,10576.11,44.87,TRADE
NSW1,2009/6/11 23:30,10221.13,43.98,TRADE
NSW1,2009/6/12 0:00,9883.31,36.89,TRADE
NSW1,2009/6/12 0:30,9669.15,33.86,TRADE
NSW1,2009/6/12 1:00,9420.74,28.71,TRADE
NSW1,2009/6/12 1:30,9225.34,30.32,TRADE
NSW1,2009/6/12 2:00,8912.88,26.44,TRADE
NSW1,2009/6/12 2:30,8509.4,25,TRADE
NSW1,2009/6/12 3:00,8147.13,23,TRADE
NSW1,2009/6/12 3:30,7863.74,21.97,TRADE
NSW1,2009/6/12 4:00,7677.44,22,TRADE
NSW1,2009/6/12 4:30,7616.94,22.51,TRADE
NSW1,2009/6/12 5:00,7712.91,22,TRADE
NSW1,2009/6/12 5:30,8072.27,24.1,TRADE
NSW1,2009/6/12 6:00,8577.69,28.45,TRADE
NSW1,2009/6/12 6:30,9562.02,37.8,TRADE
NSW1,2009/6/12 7:00,10543.84,64.62,TRADE
NSW1,2009/6/12 7:30,11147.62,72.34,TRADE
NSW1,2009/6/12 8:00,11815.74,99.98,TRADE
NSW1,2009/6/12 8:30,11924.36,118.09,TRADE
NSW1,2009/6/12 9:00,11705.53,88.32,TRADE
NSW1,2009/6/12 9:30,11594.34,49.74,TRADE
NSW1,2009/6/12 10:00,11439.42,37.29,TRADE
NSW1,2009/6/12 10:30,11218.91,33.82,TRADE
NSW1,2009/6/12 11:00,11096.28,32.41,TRADE
NSW1,2009/6/12 11:30,10832.86,29.15,TRADE
NSW1,2009/6/12 12:00,10643.81,25.67,TRADE
NSW1,2009/6/12 12:30,10507.24,24.69,TRADE
NSW1,2009/6/12 13:00,10354.53,23.8,TRADE
NSW1,2009/6/12 13:30,10222.55,24.33,TRADE
NSW1,2009/6/12 14:00,10090.76,22.05,TRADE
NSW1,2009/6/12 14:30,9910.29,21.82,TRADE
NSW1,2009/6/12 15:00,9906.84,22,TRADE
NSW1,2009/6/12 15:30,9882.4,21.66,TRADE
NSW1,2009/6/12 16:00,10073.98,22.5,TRADE
NSW1,2009/6/12 16:30,10346.96,24.65,TRADE
NSW1,2009/6/12 17:00,10992.79,29.88,TRADE
NSW1,2009/6/12 17:30,11868.15,40.03,TRADE
NSW1,2009/6/12 18:00,12347.66,55.85,TRADE
NSW1,2009/6/12 18:30,12433.51,53.34,TRADE
NSW1,2009/6/12 19:00,12243.82,41.83,TRADE
NSW1,2009/6/12 19:30,12060.21,38.8,TRADE
NSW1,2009/6/12 20:00,11884.96,34.99,TRADE
NSW1,2009/6/12 20:30,11718.42,38.41,TRADE
NSW1,2009/6/12 21:00,11472.09,38.83,TRADE
NSW1,2009/6/12 21:30,11201.19,37.2,TRADE
NSW1,2009/6/12 22:00,10897.18,32.57,TRADE
NSW1,2009/6/12 22:30,10978.89,46.8,TRADE
NSW1,2009/6/12 23:00,10566.12,37.04,TRADE
NSW1,2009/6/12 23:30,10350.38,41.46,TRADE
NSW1,2009/6/13 0:00,9987.01,34.18,TRADE
NSW1,2009/6/13 0:30,9698.84,31.36,TRADE
NSW1,2009/6/13 1:00,9376.1,23.77,TRADE
NSW1,2009/6/13 1:30,9162.59,25.94,TRADE
NSW1,2009/6/13 2:00,8769.49,23.01,TRADE
NSW1,2009/6/13 2:30,8380.58,21.78,TRADE
NSW1,2009/6/13 3:00,7916.74,21.36,TRADE
NSW1,2009/6/13 3:30,7628.17,19.78,TRADE
NSW1,2009/6/13 4:00,7407.29,18.99,TRADE
NSW1,2009/6/13 4:30,7305.09,18.45,TRADE
NSW1,2009/6/13 5:00,7306.16,19.16,TRADE
NSW1,2009/6/13 5:30,7358.98,19.08,TRADE
NSW1,2009/6/13 6:00,7519.19,20.66,TRADE
NSW1,2009/6/13 6:30,7861,21.66,TRADE
NSW1,2009/6/13 7:00,8309.04,21.85,TRADE
NSW1,2009/6/13 7:30,8842.74,23.68,TRADE
NSW1,2009/6/13 8:00,9647.83,27.65,TRADE
NSW1,2009/6/13 8:30,10284.55,32.52,TRADE
NSW1,2009/6/13 9:00,10609.05,37.54,TRADE
NSW1,2009/6/13 9:30,10897.42,41.83,TRADE
NSW1,2009/6/13 10:00,10782.45,37.77,TRADE
NSW1,2009/6/13 10:30,10664.13,34.29,TRADE
NSW1,2009/6/13 11:00,10338.7,31.01,TRADE
NSW1,2009/6/13 11:30,10111.8,30.66,TRADE
NSW1,2009/6/13 12:00,9819.15,27.52,TRADE
NSW1,2009/6/13 12:30,9624.91,24.87,TRADE
NSW1,2009/6/13 13:00,9387.14,25,TRADE
NSW1,2009/6/13 13:30,9267.81,24.58,TRADE
NSW1,2009/6/13 14:00,9209.03,23.5,TRADE
NSW1,2009/6/13 14:30,9152.34,22.54,TRADE
NSW1,2009/6/13 15:00,9169.67,23.17,TRADE
NSW1,2009/6/13 15:30,9332.71,23.86,TRADE
NSW1,2009/6/13 16:00,9510.27,24.88,TRADE
NSW1,2009/6/13 16:30,9903.68,25,TRADE
NSW1,2009/6/13 17:00,10478.38,32.8,TRADE
NSW1,2009/6/13 17:30,11109.2,49.08,TRADE
NSW1,2009/6/13 18:00,11559.65,61.03,TRADE
NSW1,2009/6/13 18:30,11495.45,60.42,TRADE
NSW1,2009/6/13 19:00,11279.86,44.9,TRADE
NSW1,2009/6/13 19:30,11031.74,37.94,TRADE
NSW1,2009/6/13 20:00,10779.38,35.27,TRADE
NSW1,2009/6/13 20:30,10643.05,34.76,TRADE
NSW1,2009/6/13 21:00,10439.72,35.4,TRADE
NSW1,2009/6/13 21:30,10204.44,31.48,TRADE
NSW1,2009/6/13 22:00,9960.01,30.27,TRADE
NSW1,2009/6/13 22:30,9884.72,33.57,TRADE
NSW1,2009/6/13 23:00,9722.57,33.39,TRADE
NSW1,2009/6/13 23:30,9497.03,33.61,TRADE
NSW1,2009/6/14 0:00,9258.05,32.08,TRADE
NSW1,2009/6/14 0:30,8835.22,29.04,TRADE
NSW1,2009/6/14 1:00,8535.3,24.06,TRADE
NSW1,2009/6/14 1:30,8298.76,23.45,TRADE
NSW1,2009/6/14 2:00,7930.96,21.98,TRADE
NSW1,2009/6/14 2:30,7603.1,21.16,TRADE
NSW1,2009/6/14 3:00,7254.89,19.28,TRADE
NSW1,2009/6/14 3:30,7038.09,19.01,TRADE
NSW1,2009/6/14 4:00,6973.55,19.05,TRADE
NSW1,2009/6/14 4:30,6878.3,18.49,TRADE
NSW1,2009/6/14 5:00,6936.41,19.01,TRADE
NSW1,2009/6/14 5:30,7019.75,19.05,TRADE
NSW1,2009/6/14 6:00,7157.97,19.14,TRADE
NSW1,2009/6/14 6:30,7393.15,19.23,TRADE
NSW1,2009/6/14 7:00,7673.03,19.09,TRADE
NSW1,2009/6/14 7:30,8038.04,21.26,TRADE
NSW1,2009/6/14 8:00,8654.4,23.5,TRADE
NSW1,2009/6/14 8:30,9276.83,25.06,TRADE
NSW1,2009/6/14 9:00,9680.39,29.5,TRADE
NSW1,2009/6/14 9:30,10003.44,32.34,TRADE
NSW1,2009/6/14 10:00,10182.77,32.99,TRADE
NSW1,2009/6/14 10:30,10187.84,32.44,TRADE
NSW1,2009/6/14 11:00,10073.39,31.33,TRADE
NSW1,2009/6/14 11:30,9862.27,29.88,TRADE
NSW1,2009/6/14 12:00,9823.02,29.17,TRADE
NSW1,2009/6/14 12:30,9806.33,25.01,TRADE
NSW1,2009/6/14 13:00,9731.28,25,TRADE
NSW1,2009/6/14 13:30,9664.32,25,TRADE
NSW1,2009/6/14 14:00,9657.85,25,TRADE
NSW1,2009/6/14 14:30,9728.71,26.27,TRADE
NSW1,2009/6/14 15:00,9830.95,28.1,TRADE
NSW1,2009/6/14 15:30,9939.79,28.19,TRADE
NSW1,2009/6/14 16:00,10056.83,30.92,TRADE
NSW1,2009/6/14 16:30,10238.92,30.65,TRADE
NSW1,2009/6/14 17:00,10665.91,34.38,TRADE
NSW1,2009/6/14 17:30,11210.33,49.04,TRADE
NSW1,2009/6/14 18:00,11750.06,94.24,TRADE
NSW1,2009/6/14 18:30,11819.14,86.62,TRADE
NSW1,2009/6/14 19:00,11572.5,56.54,TRADE
NSW1,2009/6/14 19:30,11382.83,48.94,TRADE
NSW1,2009/6/14 20:00,11199.06,39.56,TRADE
NSW1,2009/6/14 20:30,11025.24,39.76,TRADE
NSW1,2009/6/14 21:00,10789.71,40.07,TRADE
NSW1,2009/6/14 21:30,10452.6,34.03,TRADE
NSW1,2009/6/14 22:00,9981.4,29.12,TRADE
NSW1,2009/6/14 22:30,9731.94,29.78,TRADE
NSW1,2009/6/14 23:00,9348.37,24.86,TRADE
NSW1,2009/6/14 23:30,9071.65,26.31,TRADE
NSW1,2009/6/15 0:00,8767.29,23.4,TRADE
NSW1,2009/6/15 0:30,8514.85,22.02,TRADE
NSW1,2009/6/15 1:00,8286.73,21.73,TRADE
NSW1,2009/6/15 1:30,8070.25,21.54,TRADE
NSW1,2009/6/15 2:00,7891.95,20.36,TRADE
NSW1,2009/6/15 2:30,7557.87,19.02,TRADE
NSW1,2009/6/15 3:00,7335.78,18.22,TRADE
NSW1,2009/6/15 3:30,7140.82,17.05,TRADE
NSW1,2009/6/15 4:00,7052.33,15.36,TRADE
NSW1,2009/6/15 4:30,7097.32,16.68,TRADE
NSW1,2009/6/15 5:00,7194.94,17.44,TRADE
NSW1,2009/6/15 5:30,7580.29,20.36,TRADE
NSW1,2009/6/15 6:00,8101.61,21.54,TRADE
NSW1,2009/6/15 6:30,9111.06,27.22,TRADE
NSW1,2009/6/15 7:00,10120.5,30.88,TRADE
NSW1,2009/6/15 7:30,10748.13,29.2,TRADE
NSW1,2009/6/15 8:00,11322.98,36.59,TRADE
NSW1,2009/6/15 8:30,11435.19,36.68,TRADE
NSW1,2009/6/15 9:00,11214.9,34.54,TRADE
NSW1,2009/6/15 9:30,11254.42,34.49,TRADE
NSW1,2009/6/15 10:00,11106.66,29.68,TRADE
NSW1,2009/6/15 10:30,10964.59,25.44,TRADE
NSW1,2009/6/15 11:00,10781.78,25.51,TRADE
NSW1,2009/6/15 11:30,10576.25,25,TRADE
NSW1,2009/6/15 12:00,10426.24,24.83,TRADE
NSW1,2009/6/15 12:30,10327.96,24.09,TRADE
NSW1,2009/6/15 13:00,10111.56,22.05,TRADE
NSW1,2009/6/15 13:30,10055.38,22.2,TRADE
NSW1,2009/6/15 14:00,9983.31,22,TRADE
NSW1,2009/6/15 14:30,9901.19,22,TRADE
NSW1,2009/6/15 15:00,9845.16,21.87,TRADE
NSW1,2009/6/15 15:30,9780.7,22,TRADE
NSW1,2009/6/15 16:00,9912.4,22,TRADE
NSW1,2009/6/15 16:30,10213.6,23.27,TRADE
NSW1,2009/6/15 17:00,10794.66,23.81,TRADE
NSW1,2009/6/15 17:30,11619.98,34.93,TRADE
NSW1,2009/6/15 18:00,12315.56,57.69,TRADE
NSW1,2009/6/15 18:30,12330.23,65.59,TRADE
NSW1,2009/6/15 19:00,12172.6,76.54,TRADE
NSW1,2009/6/15 19:30,11965.73,53.69,TRADE
NSW1,2009/6/15 20:00,11733.59,47.42,TRADE
NSW1,2009/6/15 20:30,11618.26,37.22,TRADE
NSW1,2009/6/15 21:00,11350.66,33.86,TRADE
NSW1,2009/6/15 21:30,10968.43,30.94,TRADE
NSW1,2009/6/15 22:00,10525.93,27.73,TRADE
NSW1,2009/6/15 22:30,10486.28,36.9,TRADE
NSW1,2009/6/15 23:00,10105.66,29.95,TRADE
NSW1,2009/6/15 23:30,9805.77,29.96,TRADE
NSW1,2009/6/16 0:00,9600.26,28.32,TRADE
NSW1,2009/6/16 0:30,9343.08,26.98,TRADE
NSW1,2009/6/16 1:00,9160.71,26.26,TRADE
NSW1,2009/6/16 1:30,8956.91,24,TRADE
NSW1,2009/6/16 2:00,8715.06,23.96,TRADE
NSW1,2009/6/16 2:30,8236.87,19.41,TRADE
NSW1,2009/6/16 3:00,7858.78,19.14,TRADE
NSW1,2009/6/16 3:30,7577.26,16.94,TRADE
NSW1,2009/6/16 4:00,7397.97,16.82,TRADE
NSW1,2009/6/16 4:30,7372.06,17.87,TRADE
NSW1,2009/6/16 5:00,7474.51,19.96,TRADE
NSW1,2009/6/16 5:30,7790.72,20.52,TRADE
NSW1,2009/6/16 6:00,8303.12,22.51,TRADE
NSW1,2009/6/16 6:30,9251.76,28.38,TRADE
NSW1,2009/6/16 7:00,10235.57,33.41,TRADE
NSW1,2009/6/16 7:30,10785.09,32.15,TRADE
NSW1,2009/6/16 8:00,11307.94,38.48,TRADE
NSW1,2009/6/16 8:30,11343.86,32.97,TRADE
NSW1,2009/6/16 9:00,11092.2,30.28,TRADE
NSW1,2009/6/16 9:30,10976.08,28.97,TRADE
NSW1,2009/6/16 10:00,10730.52,24.25,TRADE
NSW1,2009/6/16 10:30,10800.86,25.11,TRADE
NSW1,2009/6/16 11:00,10764.75,27.51,TRADE
NSW1,2009/6/16 11:30,10674.54,25.94,TRADE
NSW1,2009/6/16 12:00,10595.78,24.43,TRADE
NSW1,2009/6/16 12:30,10528.97,23.5,TRADE
NSW1,2009/6/16 13:00,10403.26,22,TRADE
NSW1,2009/6/16 13:30,10415.15,22.01,TRADE
NSW1,2009/6/16 14:00,10257.51,21.83,TRADE
NSW1,2009/6/16 14:30,10299.25,22,TRADE
NSW1,2009/6/16 15:00,10307.63,21.95,TRADE
NSW1,2009/6/16 15:30,10421.56,22,TRADE
NSW1,2009/6/16 16:00,10595.01,22,TRADE
NSW1,2009/6/16 16:30,10878.82,22.35,TRADE
NSW1,2009/6/16 17:00,11302.96,23.86,TRADE
NSW1,2009/6/16 17:30,12031.21,28.05,TRADE
NSW1,2009/6/16 18:00,12607.03,40.85,TRADE
NSW1,2009/6/16 18:30,12604.96,40.15,TRADE
NSW1,2009/6/16 19:00,12463.81,35.73,TRADE
NSW1,2009/6/16 19:30,12141.89,37.19,TRADE
NSW1,2009/6/16 20:00,11934.48,34.78,TRADE
NSW1,2009/6/16 20:30,11802.92,31.26,TRADE
NSW1,2009/6/16 21:00,11497.71,27.67,TRADE
NSW1,2009/6/16 21:30,11125.63,27.52,TRADE
NSW1,2009/6/16 22:00,10662.73,22.59,TRADE
NSW1,2009/6/16 22:30,10597.35,33.42,TRADE
NSW1,2009/6/16 23:00,10181.8,27.1,TRADE
NSW1,2009/6/16 23:30,9891.69,27.16,TRADE
NSW1,2009/6/17 0:00,9617.53,27.59,TRADE
NSW1,2009/6/17 0:30,9372.57,25.9,TRADE
NSW1,2009/6/17 1:00,9158.06,22.5,TRADE
NSW1,2009/6/17 1:30,8941.34,23.49,TRADE
NSW1,2009/6/17 2:00,8644.8,21.72,TRADE
NSW1,2009/6/17 2:30,8261.88,21.32,TRADE
NSW1,2009/6/17 3:00,7839.35,20.29,TRADE
NSW1,2009/6/17 3:30,7543.12,17.81,TRADE
NSW1,2009/6/17 4:00,7387.21,17.21,TRADE
NSW1,2009/6/17 4:30,7304.44,17,TRADE
NSW1,2009/6/17 5:00,7339.03,17.18,TRADE
NSW1,2009/6/17 5:30,7673.61,20.64,TRADE
NSW1,2009/6/17 6:00,8152.77,22.52,TRADE
NSW1,2009/6/17 6:30,9079.63,26.14,TRADE
NSW1,2009/6/17 7:00,9966.22,28.68,TRADE
NSW1,2009/6/17 7:30,10474.74,27.76,TRADE
NSW1,2009/6/17 8:00,10957.44,32.55,TRADE
NSW1,2009/6/17 8:30,11022.33,30.81,TRADE
NSW1,2009/6/17 9:00,10832.53,25.81,TRADE
NSW1,2009/6/17 9:30,10772.91,24.84,TRADE
NSW1,2009/6/17 10:00,10718.43,23.73,TRADE
NSW1,2009/6/17 10:30,10625.21,24.72,TRADE
NSW1,2009/6/17 11:00,10527.77,24.3,TRADE
NSW1,2009/6/17 11:30,10430.68,23.14,TRADE
NSW1,2009/6/17 12:00,10334.05,23.6,TRADE
NSW1,2009/6/17 12:30,10287.19,23.6,TRADE
NSW1,2009/6/17 13:00,10235.09,23.34,TRADE
NSW1,2009/6/17 13:30,10205.03,22.27,TRADE
NSW1,2009/6/17 14:00,10205.11,22,TRADE
NSW1,2009/6/17 14:30,10196.21,22.98,TRADE
NSW1,2009/6/17 15:00,10087.7,22,TRADE
NSW1,2009/6/17 15:30,10107.22,22,TRADE
NSW1,2009/6/17 16:00,10270.42,22.27,TRADE
NSW1,2009/6/17 16:30,10553.99,23.22,TRADE
NSW1,2009/6/17 17:00,11046.49,24.75,TRADE
NSW1,2009/6/17 17:30,11843.95,29.23,TRADE
NSW1,2009/6/17 18:00,12417.11,36.47,TRADE
NSW1,2009/6/17 18:30,12390.97,37.89,TRADE
NSW1,2009/6/17 19:00,12314,36.3,TRADE
NSW1,2009/6/17 19:30,11983.22,30.37,TRADE
NSW1,2009/6/17 20:00,11737.34,31.82,TRADE
NSW1,2009/6/17 20:30,11522.28,32.38,TRADE
NSW1,2009/6/17 21:00,11205.51,29.76,TRADE
NSW1,2009/6/17 21:30,10882.28,27.68,TRADE
NSW1,2009/6/17 22:00,10398.33,23.5,TRADE
NSW1,2009/6/17 22:30,10340.39,30.18,TRADE
NSW1,2009/6/17 23:00,9956.22,25.26,TRADE
NSW1,2009/6/17 23:30,9727.42,26.36,TRADE
NSW1,2009/6/18 0:00,9498.42,23.81,TRADE
NSW1,2009/6/18 0:30,9244.58,22.5,TRADE
NSW1,2009/6/18 1:00,8995.1,21.73,TRADE
NSW1,2009/6/18 1:30,8776.06,22.43,TRADE
NSW1,2009/6/18 2:00,8509.06,21.45,TRADE
NSW1,2009/6/18 2:30,8145.08,23.95,TRADE
NSW1,2009/6/18 3:00,7804.03,21.93,TRADE
NSW1,2009/6/18 3:30,7499.32,21.53,TRADE
NSW1,2009/6/18 4:00,7280.38,21.08,TRADE
NSW1,2009/6/18 4:30,7223.18,20.42,TRADE
NSW1,2009/6/18 5:00,7347.23,21.22,TRADE
NSW1,2009/6/18 5:30,7690.1,23.35,TRADE
NSW1,2009/6/18 6:00,8236.75,27,TRADE
NSW1,2009/6/18 6:30,9140.02,26.55,TRADE
NSW1,2009/6/18 7:00,10065.79,29.66,TRADE
NSW1,2009/6/18 7:30,10554.51,28.11,TRADE
NSW1,2009/6/18 8:00,11087.75,32.74,TRADE
NSW1,2009/6/18 8:30,11145.29,32.6,TRADE
NSW1,2009/6/18 9:00,10963.14,36.49,TRADE
NSW1,2009/6/18 9:30,10896.8,37.99,TRADE
NSW1,2009/6/18 10:00,10907.52,35.12,TRADE
NSW1,2009/6/18 10:30,10840.71,32.16,TRADE
NSW1,2009/6/18 11:00,10772.04,30.66,TRADE
NSW1,2009/6/18 11:30,10578.81,27.57,TRADE
NSW1,2009/6/18 12:00,10433.22,25.3,TRADE
NSW1,2009/6/18 12:30,10335.3,23.15,TRADE
NSW1,2009/6/18 13:00,10184.83,22,TRADE
NSW1,2009/6/18 13:30,10228.29,22.31,TRADE
NSW1,2009/6/18 14:00,10151.91,21.83,TRADE
NSW1,2009/6/18 14:30,10135.98,22.04,TRADE
NSW1,2009/6/18 15:00,10105.69,22.8,TRADE
NSW1,2009/6/18 15:30,10063.18,24.8,TRADE
NSW1,2009/6/18 16:00,10305.01,25.13,TRADE
NSW1,2009/6/18 16:30,10630.26,25.75,TRADE
NSW1,2009/6/18 17:00,11060.42,26.43,TRADE
NSW1,2009/6/18 17:30,11789.92,34.39,TRADE
NSW1,2009/6/18 18:00,12321.54,74.55,TRADE
NSW1,2009/6/18 18:30,12369.02,79.65,TRADE
NSW1,2009/6/18 19:00,12271.11,59.65,TRADE
NSW1,2009/6/18 19:30,12009.93,33.99,TRADE
NSW1,2009/6/18 20:00,11772.62,37.07,TRADE
NSW1,2009/6/18 20:30,11643.54,37.21,TRADE
NSW1,2009/6/18 21:00,11375.02,33.49,TRADE
NSW1,2009/6/18 21:30,10897.93,30.89,TRADE
NSW1,2009/6/18 22:00,10443.38,26.43,TRADE
NSW1,2009/6/18 22:30,10433,35.27,TRADE
NSW1,2009/6/18 23:00,10053.87,28.01,TRADE
NSW1,2009/6/18 23:30,9769.39,29.54,TRADE
NSW1,2009/6/19 0:00,9487.22,26.27,TRADE
NSW1,2009/6/19 0:30,9273.9,25.06,TRADE
NSW1,2009/6/19 1:00,9059.86,24.51,TRADE
NSW1,2009/6/19 1:30,8851.88,23.99,TRADE
NSW1,2009/6/19 2:00,8569.29,22.39,TRADE
NSW1,2009/6/19 2:30,8134.95,22,TRADE
NSW1,2009/6/19 3:00,7775.53,20.93,TRADE
NSW1,2009/6/19 3:30,7477.08,19.96,TRADE
NSW1,2009/6/19 4:00,7348.43,19.65,TRADE
NSW1,2009/6/19 4:30,7311.42,17.99,TRADE
NSW1,2009/6/19 5:00,7345.65,17.99,TRADE
NSW1,2009/6/19 5:30,7657.87,21.06,TRADE
NSW1,2009/6/19 6:00,8123.02,22.94,TRADE
NSW1,2009/6/19 6:30,9023.39,24.56,TRADE
NSW1,2009/6/19 7:00,9907.27,28.87,TRADE
NSW1,2009/6/19 7:30,10476.24,29.5,TRADE
NSW1,2009/6/19 8:00,10985.17,40.22,TRADE
NSW1,2009/6/19 8:30,11025.91,34.24,TRADE
NSW1,2009/6/19 9:00,10861.57,32.09,TRADE
NSW1,2009/6/19 9:30,10832.74,31.56,TRADE
NSW1,2009/6/19 10:00,10692.9,26.07,TRADE
NSW1,2009/6/19 10:30,10613.55,24.59,TRADE
NSW1,2009/6/19 11:00,10527.13,25,TRADE
NSW1,2009/6/19 11:30,10355.99,22.58,TRADE
NSW1,2009/6/19 12:00,10220.21,22.01,TRADE
NSW1,2009/6/19 12:30,10167.93,22,TRADE
NSW1,2009/6/19 13:00,9987.16,21.99,TRADE
NSW1,2009/6/19 13:30,9942.49,22,TRADE
NSW1,2009/6/19 14:00,9838.07,22.06,TRADE
NSW1,2009/6/19 14:30,9782.25,22,TRADE
NSW1,2009/6/19 15:00,9678.72,22,TRADE
NSW1,2009/6/19 15:30,9685.02,21.73,TRADE
NSW1,2009/6/19 16:00,9794.77,22,TRADE
NSW1,2009/6/19 16:30,10083.34,24.03,TRADE
NSW1,2009/6/19 17:00,10607.59,24.86,TRADE
NSW1,2009/6/19 17:30,11267.49,28.55,TRADE
NSW1,2009/6/19 18:00,11800.69,34.11,TRADE
NSW1,2009/6/19 18:30,11728.29,30.65,TRADE
NSW1,2009/6/19 19:00,11490.86,28.01,TRADE
NSW1,2009/6/19 19:30,11197.04,25.2,TRADE
NSW1,2009/6/19 20:00,11008.17,25.92,TRADE
NSW1,2009/6/19 20:30,10897.51,25.99,TRADE
NSW1,2009/6/19 21:00,10686.43,24.94,TRADE
NSW1,2009/6/19 21:30,10465,25.56,TRADE
NSW1,2009/6/19 22:00,10077.1,23.21,TRADE
NSW1,2009/6/19 22:30,10189.31,27.33,TRADE
NSW1,2009/6/19 23:00,9974.1,25.15,TRADE
NSW1,2009/6/19 23:30,9750.57,26.44,TRADE
NSW1,2009/6/20 0:00,9568.15,23.52,TRADE
NSW1,2009/6/20 0:30,9239.35,22,TRADE
NSW1,2009/6/20 1:00,8943.02,22,TRADE
NSW1,2009/6/20 1:30,8734.68,23.29,TRADE
NSW1,2009/6/20 2:00,8385.39,20.08,TRADE
NSW1,2009/6/20 2:30,8004.63,20.45,TRADE
NSW1,2009/6/20 3:00,7572.15,17.86,TRADE
NSW1,2009/6/20 3:30,7281.47,16.91,TRADE
NSW1,2009/6/20 4:00,7067.91,16.97,TRADE
NSW1,2009/6/20 4:30,6972.44,17.13,TRADE
NSW1,2009/6/20 5:00,6966.87,17.01,TRADE
NSW1,2009/6/20 5:30,7018.69,17.26,TRADE
NSW1,2009/6/20 6:00,7171.82,17.57,TRADE
NSW1,2009/6/20 6:30,7527.22,17,TRADE
NSW1,2009/6/20 7:00,7858.05,17.68,TRADE
NSW1,2009/6/20 7:30,8218.37,19.78,TRADE
NSW1,2009/6/20 8:00,8826,21.64,TRADE
NSW1,2009/6/20 8:30,9389.13,22.51,TRADE
NSW1,2009/6/20 9:00,9732.05,23.1,TRADE
NSW1,2009/6/20 9:30,10037.26,26.15,TRADE
NSW1,2009/6/20 10:00,10051.55,26.1,TRADE
NSW1,2009/6/20 10:30,10145.04,25.88,TRADE
NSW1,2009/6/20 11:00,10065,24.56,TRADE
NSW1,2009/6/20 11:30,9927.51,24.54,TRADE
NSW1,2009/6/20 12:00,9873.09,25.44,TRADE
NSW1,2009/6/20 12:30,9803.39,23.35,TRADE
NSW1,2009/6/20 13:00,9731.18,23.09,TRADE
NSW1,2009/6/20 13:30,9596.86,22.51,TRADE
NSW1,2009/6/20 14:00,9484.94,22,TRADE
NSW1,2009/6/20 14:30,9379.83,21.66,TRADE
NSW1,2009/6/20 15:00,9332.17,22,TRADE
NSW1,2009/6/20 15:30,9423.37,22.15,TRADE
NSW1,2009/6/20 16:00,9571.93,22,TRADE
NSW1,2009/6/20 16:30,9824.58,22.72,TRADE
NSW1,2009/6/20 17:00,10185.53,26.26,TRADE
NSW1,2009/6/20 17:30,10706.25,30.71,TRADE
NSW1,2009/6/20 18:00,11084.86,34.98,TRADE
NSW1,2009/6/20 18:30,10997.58,33.6,TRADE
NSW1,2009/6/20 19:00,10763.2,32.78,TRADE
NSW1,2009/6/20 19:30,10460.85,28.22,TRADE
NSW1,2009/6/20 20:00,10192.62,27.34,TRADE
NSW1,2009/6/20 20:30,10028.2,27,TRADE
NSW1,2009/6/20 21:00,9806.22,26.35,TRADE
NSW1,2009/6/20 21:30,9575.78,23.18,TRADE
NSW1,2009/6/20 22:00,9345.01,22.14,TRADE
NSW1,2009/6/20 22:30,9349.51,24.15,TRADE
NSW1,2009/6/20 23:00,9187.92,23.37,TRADE
NSW1,2009/6/20 23:30,9059.66,25.7,TRADE
NSW1,2009/6/21 0:00,8813.25,23.48,TRADE
NSW1,2009/6/21 0:30,8457.97,21.91,TRADE
NSW1,2009/6/21 1:00,8112.8,20.9,TRADE
NSW1,2009/6/21 1:30,7911.38,21.55,TRADE
NSW1,2009/6/21 2:00,7635.91,19.57,TRADE
NSW1,2009/6/21 2:30,7255.57,17.46,TRADE
NSW1,2009/6/21 3:00,7003.35,18.4,TRADE
NSW1,2009/6/21 3:30,6793.88,15.59,TRADE
NSW1,2009/6/21 4:00,6696.53,14.82,TRADE
NSW1,2009/6/21 4:30,6629.35,17.29,TRADE
NSW1,2009/6/21 5:00,6580.25,15.02,TRADE
NSW1,2009/6/21 5:30,6686.11,16.71,TRADE
NSW1,2009/6/21 6:00,6794.36,16.92,TRADE
NSW1,2009/6/21 6:30,7000.58,16.3,TRADE
NSW1,2009/6/21 7:00,7182.04,17.12,TRADE
NSW1,2009/6/21 7:30,7467.19,18.2,TRADE
NSW1,2009/6/21 8:00,7912.17,20.22,TRADE
NSW1,2009/6/21 8:30,8403.88,22,TRADE
NSW1,2009/6/21 9:00,8870.66,22.11,TRADE
NSW1,2009/6/21 9:30,9209.08,22.51,TRADE
NSW1,2009/6/21 10:00,9397.1,23.04,TRADE
NSW1,2009/6/21 10:30,9460.84,24.17,TRADE
NSW1,2009/6/21 11:00,9397.14,23.12,TRADE
NSW1,2009/6/21 11:30,9257.7,22.23,TRADE
NSW1,2009/6/21 12:00,9189.3,22,TRADE
NSW1,2009/6/21 12:30,9121.48,22,TRADE
NSW1,2009/6/21 13:00,9057.18,22,TRADE
NSW1,2009/6/21 13:30,8949.05,22,TRADE
NSW1,2009/6/21 14:00,8875.81,22,TRADE
NSW1,2009/6/21 14:30,8830.47,22,TRADE
NSW1,2009/6/21 15:00,8803.18,21.97,TRADE
NSW1,2009/6/21 15:30,8924.33,22,TRADE
NSW1,2009/6/21 16:00,9081.44,22,TRADE
NSW1,2009/6/21 16:30,9355.66,22.61,TRADE
NSW1,2009/6/21 17:00,9814.17,24.78,TRADE
NSW1,2009/6/21 17:30,10280.84,29.56,TRADE
NSW1,2009/6/21 18:00,10762.02,37.11,TRADE
NSW1,2009/6/21 18:30,10811.12,34.3,TRADE
NSW1,2009/6/21 19:00,10627.57,31.34,TRADE
NSW1,2009/6/21 19:30,10370.81,27.17,TRADE
NSW1,2009/6/21 20:00,10170.46,27.1,TRADE
NSW1,2009/6/21 20:30,9976.73,28.52,TRADE
NSW1,2009/6/21 21:00,9823.18,26.37,TRADE
NSW1,2009/6/21 21:30,9501.67,23.01,TRADE
NSW1,2009/6/21 22:00,9135.68,21.57,TRADE
NSW1,2009/6/21 22:30,8961.36,21.89,TRADE
NSW1,2009/6/21 23:00,8664.38,21.48,TRADE
NSW1,2009/6/21 23:30,8528.36,21.39,TRADE
NSW1,2009/6/22 0:00,8268.85,20.59,TRADE
NSW1,2009/6/22 0:30,8023.18,17.78,TRADE
NSW1,2009/6/22 1:00,7810.65,17,TRADE
NSW1,2009/6/22 1:30,7676.59,17.12,TRADE
NSW1,2009/6/22 2:00,7486.05,16.84,TRADE
NSW1,2009/6/22 2:30,7194.25,17.38,TRADE
NSW1,2009/6/22 3:00,6943.25,16.45,TRADE
NSW1,2009/6/22 3:30,6848.92,13.93,TRADE
NSW1,2009/6/22 4:00,6821.83,12.32,TRADE
NSW1,2009/6/22 4:30,6762.35,11.27,TRADE
NSW1,2009/6/22 5:00,6861.48,13.78,TRADE
NSW1,2009/6/22 5:30,7205.11,17.75,TRADE
NSW1,2009/6/22 6:00,7611.29,19.77,TRADE
NSW1,2009/6/22 6:30,8432.76,21.17,TRADE
NSW1,2009/6/22 7:00,9280.45,23.03,TRADE
NSW1,2009/6/22 7:30,9757.56,23.93,TRADE
NSW1,2009/6/22 8:00,10277,25.46,TRADE
NSW1,2009/6/22 8:30,10412.98,25.35,TRADE
NSW1,2009/6/22 9:00,10303.66,24.17,TRADE
NSW1,2009/6/22 9:30,10382.89,25.22,TRADE
NSW1,2009/6/22 10:00,10439.43,25.16,TRADE
NSW1,2009/6/22 10:30,10386.92,24.52,TRADE
NSW1,2009/6/22 11:00,10305.52,23.77,TRADE
NSW1,2009/6/22 11:30,10104.38,22,TRADE
NSW1,2009/6/22 12:00,9982.73,22,TRADE
NSW1,2009/6/22 12:30,9892.71,22,TRADE
NSW1,2009/6/22 13:00,9875.33,21.88,TRADE
NSW1,2009/6/22 13:30,9839.36,22,TRADE
NSW1,2009/6/22 14:00,9717.42,22.3,TRADE
NSW1,2009/6/22 14:30,9703.28,21.95,TRADE
NSW1,2009/6/22 15:00,9602.6,22,TRADE
NSW1,2009/6/22 15:30,9602.24,22,TRADE
NSW1,2009/6/22 16:00,9672.83,22,TRADE
NSW1,2009/6/22 16:30,9811.46,22.52,TRADE
NSW1,2009/6/22 17:00,10186.73,23.03,TRADE
NSW1,2009/6/22 17:30,10914.23,31.18,TRADE
NSW1,2009/6/22 18:00,11501.26,36.26,TRADE
NSW1,2009/6/22 18:30,11436.82,34.72,TRADE
NSW1,2009/6/22 19:00,11281.11,31.49,TRADE
NSW1,2009/6/22 19:30,10988.8,25.01,TRADE
NSW1,2009/6/22 20:00,10804.55,25.54,TRADE
NSW1,2009/6/22 20:30,10674.53,24.68,TRADE
NSW1,2009/6/22 21:00,10463.34,24.18,TRADE
NSW1,2009/6/22 21:30,10101.49,22.31,TRADE
NSW1,2009/6/22 22:00,9693.27,21.3,TRADE
NSW1,2009/6/22 22:30,9712.43,23.22,TRADE
NSW1,2009/6/22 23:00,9450.15,21.13,TRADE
NSW1,2009/6/22 23:30,9208.3,22.03,TRADE
NSW1,2009/6/23 0:00,9063.09,21.3,TRADE
NSW1,2009/6/23 0:30,8866.7,20.76,TRADE
NSW1,2009/6/23 1:00,8680.73,20.3,TRADE
NSW1,2009/6/23 1:30,8502.93,20.49,TRADE
NSW1,2009/6/23 2:00,8243.09,18.67,TRADE
NSW1,2009/6/23 2:30,7841.28,19.45,TRADE
NSW1,2009/6/23 3:00,7540.94,19.6,TRADE
NSW1,2009/6/23 3:30,7273.08,16.64,TRADE
NSW1,2009/6/23 4:00,7131.95,14.83,TRADE
NSW1,2009/6/23 4:30,7098.62,13.68,TRADE
NSW1,2009/6/23 5:00,7186.55,16.97,TRADE
NSW1,2009/6/23 5:30,7483.64,18.9,TRADE
NSW1,2009/6/23 6:00,7933.47,20.6,TRADE
NSW1,2009/6/23 6:30,8843,21.63,TRADE
NSW1,2009/6/23 7:00,9818.02,24.08,TRADE
NSW1,2009/6/23 7:30,10206.38,25.23,TRADE
NSW1,2009/6/23 8:00,10718.16,26.75,TRADE
NSW1,2009/6/23 8:30,10768.12,26.32,TRADE
NSW1,2009/6/23 9:00,10572.84,24.74,TRADE
NSW1,2009/6/23 9:30,10444.94,24.31,TRADE
NSW1,2009/6/23 10:00,10371.97,23.03,TRADE
NSW1,2009/6/23 10:30,10443.29,25.75,TRADE
NSW1,2009/6/23 11:00,10217.15,25.96,TRADE
NSW1,2009/6/23 11:30,10086.46,24.31,TRADE
NSW1,2009/6/23 12:00,9955.77,24.02,TRADE
NSW1,2009/6/23 12:30,9820.2,22.45,TRADE
NSW1,2009/6/23 13:00,9747.08,22.15,TRADE
NSW1,2009/6/23 13:30,9689.4,22.11,TRADE
NSW1,2009/6/23 14:00,9683.62,22.01,TRADE
NSW1,2009/6/23 14:30,9612.46,22,TRADE
NSW1,2009/6/23 15:00,9546.78,22.01,TRADE
NSW1,2009/6/23 15:30,9520.87,22.1,TRADE
NSW1,2009/6/23 16:00,9588.95,22.01,TRADE
NSW1,2009/6/23 16:30,9749.35,23.45,TRADE
NSW1,2009/6/23 17:00,10179.84,27.61,TRADE
NSW1,2009/6/23 17:30,10968.93,31.92,TRADE
NSW1,2009/6/23 18:00,11611.03,34.52,TRADE
NSW1,2009/6/23 18:30,11604.58,34.35,TRADE
NSW1,2009/6/23 19:00,11486,32.05,TRADE
NSW1,2009/6/23 19:30,11211.11,27.43,TRADE
NSW1,2009/6/23 20:00,11027.76,28.27,TRADE
NSW1,2009/6/23 20:30,10971.94,29.94,TRADE
NSW1,2009/6/23 21:00,10706.57,30.67,TRADE
NSW1,2009/6/23 21:30,10407.5,27.52,TRADE
NSW1,2009/6/23 22:00,9998.29,23.05,TRADE
NSW1,2009/6/23 22:30,10038.1,25.71,TRADE
NSW1,2009/6/23 23:00,9744.38,24.07,TRADE
NSW1,2009/6/23 23:30,9476.46,23.49,TRADE
NSW1,2009/6/24 0:00,9199.92,21.94,TRADE
NSW1,2009/6/24 0:30,9022.41,21.52,TRADE
NSW1,2009/6/24 1:00,8825.5,21.94,TRADE
NSW1,2009/6/24 1:30,8632.87,22.48,TRADE
NSW1,2009/6/24 2:00,8366.98,20.93,TRADE
NSW1,2009/6/24 2:30,7952.35,20.55,TRADE
NSW1,2009/6/24 3:00,7562.58,20.15,TRADE
NSW1,2009/6/24 3:30,7289.76,16.95,TRADE
NSW1,2009/6/24 4:00,7138.01,17.02,TRADE
NSW1,2009/6/24 4:30,7098.18,17.56,TRADE
NSW1,2009/6/24 5:00,7167.87,17.52,TRADE
NSW1,2009/6/24 5:30,7487.43,20.19,TRADE
NSW1,2009/6/24 6:00,7974.29,21.57,TRADE
NSW1,2009/6/24 6:30,8936.88,22.34,TRADE
NSW1,2009/6/24 7:00,9884.12,24.75,TRADE
NSW1,2009/6/24 7:30,10397.35,28.33,TRADE
NSW1,2009/6/24 8:00,10905.35,32.88,TRADE
NSW1,2009/6/24 8:30,10967.73,30.85,TRADE
NSW1,2009/6/24 9:00,10823.36,29.16,TRADE
NSW1,2009/6/24 9:30,10949.19,31,TRADE
NSW1,2009/6/24 10:00,10995.04,31.08,TRADE
NSW1,2009/6/24 10:30,10994.78,30.62,TRADE
NSW1,2009/6/24 11:00,10981.15,30.99,TRADE
NSW1,2009/6/24 11:30,10843.32,29.5,TRADE
NSW1,2009/6/24 12:00,10655.81,26.53,TRADE
NSW1,2009/6/24 12:30,10386.44,24.73,TRADE
NSW1,2009/6/24 13:00,10165.83,24.49,TRADE
NSW1,2009/6/24 13:30,10033.95,22.8,TRADE
NSW1,2009/6/24 14:00,9914.17,22,TRADE
NSW1,2009/6/24 14:30,9819.27,22,TRADE
NSW1,2009/6/24 15:00,9733.92,21.84,TRADE
NSW1,2009/6/24 15:30,9690.69,22.01,TRADE
NSW1,2009/6/24 16:00,9763.36,22.33,TRADE
NSW1,2009/6/24 16:30,9919.04,24.77,TRADE
NSW1,2009/6/24 17:00,10409.45,28.36,TRADE
NSW1,2009/6/24 17:30,11358.87,34.44,TRADE
NSW1,2009/6/24 18:00,12013.1,36.83,TRADE
NSW1,2009/6/24 18:30,12027.62,36.57,TRADE
NSW1,2009/6/24 19:00,11841.02,35.41,TRADE
NSW1,2009/6/24 19:30,11593.73,31.69,TRADE
NSW1,2009/6/24 20:00,11366.8,31.93,TRADE
NSW1,2009/6/24 20:30,11216.71,33.27,TRADE
NSW1,2009/6/24 21:00,10977.25,31.15,TRADE
NSW1,2009/6/24 21:30,10776.96,29.61,TRADE
NSW1,2009/6/24 22:00,10378.69,24.41,TRADE
NSW1,2009/6/24 22:30,10333.97,24.2,TRADE
NSW1,2009/6/24 23:00,9885.23,21.88,TRADE
NSW1,2009/6/24 23:30,9605.71,23.21,TRADE
NSW1,2009/6/25 0:00,9414.03,21.85,TRADE
NSW1,2009/6/25 0:30,9135.04,20.77,TRADE
NSW1,2009/6/25 1:00,8934.02,20.47,TRADE
NSW1,2009/6/25 1:30,8742.97,20.88,TRADE
NSW1,2009/6/25 2:00,8458.09,18.32,TRADE
NSW1,2009/6/25 2:30,8047.92,20.19,TRADE
NSW1,2009/6/25 3:00,7697.68,19.48,TRADE
NSW1,2009/6/25 3:30,7385.91,17.33,TRADE
NSW1,2009/6/25 4:00,7243.78,17.09,TRADE
NSW1,2009/6/25 4:30,7206.94,17.26,TRADE
NSW1,2009/6/25 5:00,7307.45,17,TRADE
NSW1,2009/6/25 5:30,7629.02,19.65,TRADE
NSW1,2009/6/25 6:00,8124.14,21.23,TRADE
NSW1,2009/6/25 6:30,9018,23.29,TRADE
NSW1,2009/6/25 7:00,9971.4,29.18,TRADE
NSW1,2009/6/25 7:30,10534.49,30.19,TRADE
NSW1,2009/6/25 8:00,11098.57,38.23,TRADE
NSW1,2009/6/25 8:30,11189.05,38.85,TRADE
NSW1,2009/6/25 9:00,11036.71,33.87,TRADE
NSW1,2009/6/25 9:30,11055.49,33.85,TRADE
NSW1,2009/6/25 10:00,10930.65,31.77,TRADE
NSW1,2009/6/25 10:30,10783.38,30.4,TRADE
NSW1,2009/6/25 11:00,10589.16,29.37,TRADE
NSW1,2009/6/25 11:30,10388.6,29.19,TRADE
NSW1,2009/6/25 12:00,10270.66,26.5,TRADE
NSW1,2009/6/25 12:30,10155.36,24.32,TRADE
NSW1,2009/6/25 13:00,10044.86,24.09,TRADE
NSW1,2009/6/25 13:30,10000.67,23.51,TRADE
NSW1,2009/6/25 14:00,9911.63,22.48,TRADE
NSW1,2009/6/25 14:30,9896.42,22.76,TRADE
NSW1,2009/6/25 15:00,9859.62,22.43,TRADE
NSW1,2009/6/25 15:30,9896.28,22.7,TRADE
NSW1,2009/6/25 16:00,10103.16,24.5,TRADE
NSW1,2009/6/25 16:30,10450.72,27.48,TRADE
NSW1,2009/6/25 17:00,10931.79,32.69,TRADE
NSW1,2009/6/25 17:30,11716.61,39.24,TRADE
NSW1,2009/6/25 18:00,12266.03,80.32,TRADE
NSW1,2009/6/25 18:30,12281.43,75.19,TRADE
NSW1,2009/6/25 19:00,12203.3,40.51,TRADE
NSW1,2009/6/25 19:30,11997.86,36.85,TRADE
NSW1,2009/6/25 20:00,11803.51,37.26,TRADE
NSW1,2009/6/25 20:30,11691.37,38.58,TRADE
NSW1,2009/6/25 21:00,11435.23,35.94,TRADE
NSW1,2009/6/25 21:30,10955.08,30.53,TRADE
NSW1,2009/6/25 22:00,10525.25,27.19,TRADE
NSW1,2009/6/25 22:30,10481.71,28.15,TRADE
NSW1,2009/6/25 23:00,10081.09,24.29,TRADE
NSW1,2009/6/25 23:30,9816.87,25.19,TRADE
NSW1,2009/6/26 0:00,9565.09,23.01,TRADE
NSW1,2009/6/26 0:30,9314.18,21.93,TRADE
NSW1,2009/6/26 1:00,9093.42,22,TRADE
NSW1,2009/6/26 1:30,8869.66,21.83,TRADE
NSW1,2009/6/26 2:00,8605.47,21.46,TRADE
NSW1,2009/6/26 2:30,8162.14,21.13,TRADE
NSW1,2009/6/26 3:00,7804.14,19.31,TRADE
NSW1,2009/6/26 3:30,7487.72,16.98,TRADE
NSW1,2009/6/26 4:00,7338.15,15.89,TRADE
NSW1,2009/6/26 4:30,7269.92,15.09,TRADE
NSW1,2009/6/26 5:00,7339.55,17.11,TRADE
NSW1,2009/6/26 5:30,7650.08,20.15,TRADE
NSW1,2009/6/26 6:00,8140.79,21.12,TRADE
NSW1,2009/6/26 6:30,9081.91,22.1,TRADE
NSW1,2009/6/26 7:00,10012.84,24.72,TRADE
NSW1,2009/6/26 7:30,10554.51,26.52,TRADE
NSW1,2009/6/26 8:00,11118.57,31.66,TRADE
NSW1,2009/6/26 8:30,11174.23,31.37,TRADE
NSW1,2009/6/26 9:00,11048.24,31.01,TRADE
NSW1,2009/6/26 9:30,10911.6,30.51,TRADE
NSW1,2009/6/26 10:00,10751.08,28.22,TRADE
NSW1,2009/6/26 10:30,10627.78,26.41,TRADE
NSW1,2009/6/26 11:00,10446.34,25.44,TRADE
NSW1,2009/6/26 11:30,10146.63,22.17,TRADE
NSW1,2009/6/26 12:00,10024.47,23.05,TRADE
NSW1,2009/6/26 12:30,9883.2,22.15,TRADE
NSW1,2009/6/26 13:00,9788.84,22.01,TRADE
NSW1,2009/6/26 13:30,9762.45,23.26,TRADE
NSW1,2009/6/26 14:00,9697.18,22.34,TRADE
NSW1,2009/6/26 14:30,9634.98,22.04,TRADE
NSW1,2009/6/26 15:00,9557.41,22.45,TRADE
NSW1,2009/6/26 15:30,9548.23,23.28,TRADE
NSW1,2009/6/26 16:00,9744.06,24.36,TRADE
NSW1,2009/6/26 16:30,10002.62,25.88,TRADE
NSW1,2009/6/26 17:00,10522.61,26.96,TRADE
NSW1,2009/6/26 17:30,11274.58,36.47,TRADE
NSW1,2009/6/26 18:00,11795.31,58.63,TRADE
NSW1,2009/6/26 18:30,11685.7,39.81,TRADE
NSW1,2009/6/26 19:00,11505.03,35.51,TRADE
NSW1,2009/6/26 19:30,11264.48,32.47,TRADE
NSW1,2009/6/26 20:00,11079.87,32.16,TRADE
NSW1,2009/6/26 20:30,10933.74,31,TRADE
NSW1,2009/6/26 21:00,10673.06,30.41,TRADE
NSW1,2009/6/26 21:30,10498.42,28.13,TRADE
NSW1,2009/6/26 22:00,10100.07,25.07,TRADE
NSW1,2009/6/26 22:30,10251.08,28.13,TRADE
NSW1,2009/6/26 23:00,9929.29,26.51,TRADE
NSW1,2009/6/26 23:30,9838.43,28.55,TRADE
NSW1,2009/6/27 0:00,9631.81,26.04,TRADE
NSW1,2009/6/27 0:30,9379.36,24.08,TRADE
NSW1,2009/6/27 1:00,9119.96,22.94,TRADE
NSW1,2009/6/27 1:30,8801.67,23.86,TRADE
NSW1,2009/6/27 2:00,8484.69,22.35,TRADE
NSW1,2009/6/27 2:30,8042.68,21.77,TRADE
NSW1,2009/6/27 3:00,7637.12,20.27,TRADE
NSW1,2009/6/27 3:30,7326.85,17.94,TRADE
NSW1,2009/6/27 4:00,7157.34,16.11,TRADE
NSW1,2009/6/27 4:30,7014.72,13.44,TRADE
NSW1,2009/6/27 5:00,7017,16.22,TRADE
NSW1,2009/6/27 5:30,7097.09,18.21,TRADE
NSW1,2009/6/27 6:00,7289.2,19.9,TRADE
NSW1,2009/6/27 6:30,7601.9,19.27,TRADE
NSW1,2009/6/27 7:00,7982.8,19.94,TRADE
NSW1,2009/6/27 7:30,8345.03,21.02,TRADE
NSW1,2009/6/27 8:00,9084.39,22.4,TRADE
NSW1,2009/6/27 8:30,9669.62,24.32,TRADE
NSW1,2009/6/27 9:00,10063.71,27.34,TRADE
NSW1,2009/6/27 9:30,10338.47,29.08,TRADE
NSW1,2009/6/27 10:00,10282.84,29.22,TRADE
NSW1,2009/6/27 10:30,10228.65,29.26,TRADE
NSW1,2009/6/27 11:00,9972.4,25.9,TRADE
NSW1,2009/6/27 11:30,9766.37,24.94,TRADE
NSW1,2009/6/27 12:00,9563.45,23.14,TRADE
NSW1,2009/6/27 12:30,9449.52,22.42,TRADE
NSW1,2009/6/27 13:00,9313.95,22,TRADE
NSW1,2009/6/27 13:30,9207.58,21.95,TRADE
NSW1,2009/6/27 14:00,9191.61,22,TRADE
NSW1,2009/6/27 14:30,9063.22,21.82,TRADE
NSW1,2009/6/27 15:00,9114.76,22,TRADE
NSW1,2009/6/27 15:30,9183.5,22,TRADE
NSW1,2009/6/27 16:00,9368.55,22.08,TRADE
NSW1,2009/6/27 16:30,9635.3,22.66,TRADE
NSW1,2009/6/27 17:00,10130.95,25.12,TRADE
NSW1,2009/6/27 17:30,10681.04,31.24,TRADE
NSW1,2009/6/27 18:00,11067.89,37.65,TRADE
NSW1,2009/6/27 18:30,11156.85,46.15,TRADE
NSW1,2009/6/27 19:00,10981.88,34.84,TRADE
NSW1,2009/6/27 19:30,10702.86,32.1,TRADE
NSW1,2009/6/27 20:00,10426.05,29.1,TRADE
NSW1,2009/6/27 20:30,10247.41,29.88,TRADE
NSW1,2009/6/27 21:00,10082.78,28.56,TRADE
NSW1,2009/6/27 21:30,9876.74,27.06,TRADE
NSW1,2009/6/27 22:00,9620.4,24.2,TRADE
NSW1,2009/6/27 22:30,9637.73,25.75,TRADE
NSW1,2009/6/27 23:00,9435.56,24.14,TRADE
NSW1,2009/6/27 23:30,9273.55,25.53,TRADE
NSW1,2009/6/28 0:00,8990.6,23.63,TRADE
NSW1,2009/6/28 0:30,8660.42,21.93,TRADE
NSW1,2009/6/28 1:00,8389.97,22,TRADE
NSW1,2009/6/28 1:30,8104.76,21.42,TRADE
NSW1,2009/6/28 2:00,7799.33,17.82,TRADE
NSW1,2009/6/28 2:30,7432.18,18.76,TRADE
NSW1,2009/6/28 3:00,7117.48,16.16,TRADE
NSW1,2009/6/28 3:30,6915.64,12.03,TRADE
NSW1,2009/6/28 4:00,6839.02,11.97,TRADE
NSW1,2009/6/28 4:30,6775.94,13.92,TRADE
NSW1,2009/6/28 5:00,6755.85,13.86,TRADE
NSW1,2009/6/28 5:30,6853.81,13.09,TRADE
NSW1,2009/6/28 6:00,6887.19,13.42,TRADE
NSW1,2009/6/28 6:30,7135.95,11.99,TRADE
NSW1,2009/6/28 7:00,7372.2,15.62,TRADE
NSW1,2009/6/28 7:30,7686.46,17.41,TRADE
NSW1,2009/6/28 8:00,8221.23,18.5,TRADE
NSW1,2009/6/28 8:30,8788.4,21.73,TRADE
NSW1,2009/6/28 9:00,9174.44,22,TRADE
NSW1,2009/6/28 9:30,9374.52,21.98,TRADE
NSW1,2009/6/28 10:00,9438.17,22.04,TRADE
NSW1,2009/6/28 10:30,9424.46,22.04,TRADE
NSW1,2009/6/28 11:00,9249.85,21.97,TRADE
NSW1,2009/6/28 11:30,9075.37,22,TRADE
NSW1,2009/6/28 12:00,8937.7,21.58,TRADE
NSW1,2009/6/28 12:30,8858.09,21.5,TRADE
NSW1,2009/6/28 13:00,8726.57,21.06,TRADE
NSW1,2009/6/28 13:30,8630.99,20.74,TRADE
NSW1,2009/6/28 14:00,8533.47,20.4,TRADE
NSW1,2009/6/28 14:30,8560.52,20.31,TRADE
NSW1,2009/6/28 15:00,8540.58,20.38,TRADE
NSW1,2009/6/28 15:30,8625.65,20.76,TRADE
NSW1,2009/6/28 16:00,8765.11,21.61,TRADE
NSW1,2009/6/28 16:30,9016.08,22.59,TRADE
NSW1,2009/6/28 17:00,9640.41,23.56,TRADE
NSW1,2009/6/28 17:30,10297.28,26.92,TRADE
NSW1,2009/6/28 18:00,10930.33,34.62,TRADE
NSW1,2009/6/28 18:30,10986.07,35.89,TRADE
NSW1,2009/6/28 19:00,10858.18,33.41,TRADE
NSW1,2009/6/28 19:30,10592.11,28.15,TRADE
NSW1,2009/6/28 20:00,10440.78,28.97,TRADE
NSW1,2009/6/28 20:30,10256.61,29.14,TRADE
NSW1,2009/6/28 21:00,10073.55,26.76,TRADE
NSW1,2009/6/28 21:30,9755.15,23.61,TRADE
NSW1,2009/6/28 22:00,9392.12,21.76,TRADE
NSW1,2009/6/28 22:30,9232.14,23.04,TRADE
NSW1,2009/6/28 23:00,8889.44,21.46,TRADE
NSW1,2009/6/28 23:30,8630.77,21.35,TRADE
NSW1,2009/6/29 0:00,8347.25,19.59,TRADE
NSW1,2009/6/29 0:30,8117.4,17.27,TRADE
NSW1,2009/6/29 1:00,7886.02,17,TRADE
NSW1,2009/6/29 1:30,7720.03,16.25,TRADE
NSW1,2009/6/29 2:00,7537.32,15.61,TRADE
NSW1,2009/6/29 2:30,7284.61,17,TRADE
NSW1,2009/6/29 3:00,7033.79,13.35,TRADE
NSW1,2009/6/29 3:30,6877.66,12,TRADE
NSW1,2009/6/29 4:00,6807.39,12,TRADE
NSW1,2009/6/29 4:30,6816.55,12.92,TRADE
NSW1,2009/6/29 5:00,6981.53,16.98,TRADE
NSW1,2009/6/29 5:30,7299.87,18.39,TRADE
NSW1,2009/6/29 6:00,7811.79,20.12,TRADE
NSW1,2009/6/29 6:30,8765.37,22,TRADE
NSW1,2009/6/29 7:00,9713.81,24.04,TRADE
NSW1,2009/6/29 7:30,10290.96,24.86,TRADE
NSW1,2009/6/29 8:00,10801.06,26.79,TRADE
NSW1,2009/6/29 8:30,10932.74,29,TRADE
NSW1,2009/6/29 9:00,10717.65,27.45,TRADE
NSW1,2009/6/29 9:30,10707.55,27.25,TRADE
NSW1,2009/6/29 10:00,10633.6,27.26,TRADE
NSW1,2009/6/29 10:30,10514.73,26.9,TRADE
NSW1,2009/6/29 11:00,10335.63,23.09,TRADE
NSW1,2009/6/29 11:30,10116.4,22.14,TRADE
NSW1,2009/6/29 12:00,9970.43,22,TRADE
NSW1,2009/6/29 12:30,9887,21.96,TRADE
NSW1,2009/6/29 13:00,9702.02,21.91,TRADE
NSW1,2009/6/29 13:30,9591.46,21.82,TRADE
NSW1,2009/6/29 14:00,9534.71,21.96,TRADE
NSW1,2009/6/29 14:30,9473.03,22,TRADE
NSW1,2009/6/29 15:00,9364.37,21.96,TRADE
NSW1,2009/6/29 15:30,9349.03,22,TRADE
NSW1,2009/6/29 16:00,9420.93,22,TRADE
NSW1,2009/6/29 16:30,9642.21,22.09,TRADE
NSW1,2009/6/29 17:00,10024.53,21.84,TRADE
NSW1,2009/6/29 17:30,10893.19,28.15,TRADE
NSW1,2009/6/29 18:00,11597.87,35.87,TRADE
NSW1,2009/6/29 18:30,11638.4,36.53,TRADE
NSW1,2009/6/29 19:00,11483.08,32.57,TRADE
NSW1,2009/6/29 19:30,11231.13,28.42,TRADE
NSW1,2009/6/29 20:00,11026.85,28.78,TRADE
NSW1,2009/6/29 20:30,10874.8,30.41,TRADE
NSW1,2009/6/29 21:00,10666.97,28.94,TRADE
NSW1,2009/6/29 21:30,10278.52,22.09,TRADE
NSW1,2009/6/29 22:00,9865.43,21.83,TRADE
NSW1,2009/6/29 22:30,9820.49,23.36,TRADE
NSW1,2009/6/29 23:00,9471.24,21.62,TRADE
NSW1,2009/6/29 23:30,9222.21,21.83,TRADE
NSW1,2009/6/30 0:00,9038.79,21.19,TRADE
NSW1,2009/6/30 0:30,8875.12,20.6,TRADE
NSW1,2009/6/30 1:00,8664.08,20.17,TRADE
NSW1,2009/6/30 1:30,8499.5,20.35,TRADE
NSW1,2009/6/30 2:00,8210.19,18.13,TRADE
NSW1,2009/6/30 2:30,7821.24,19.3,TRADE
NSW1,2009/6/30 3:00,7488.13,18.11,TRADE
NSW1,2009/6/30 3:30,7225.39,14.8,TRADE
NSW1,2009/6/30 4:00,7053.47,15.75,TRADE
NSW1,2009/6/30 4:30,7008.83,16.34,TRADE
NSW1,2009/6/30 5:00,7062.35,16.93,TRADE
NSW1,2009/6/30 5:30,7369.87,17,TRADE
NSW1,2009/6/30 6:00,7858.09,19.91,TRADE
NSW1,2009/6/30 6:30,8743.12,22,TRADE
NSW1,2009/6/30 7:00,9575.46,22,TRADE
NSW1,2009/6/30 7:30,10033.37,22.73,TRADE
NSW1,2009/6/30 8:00,10499.6,24.18,TRADE
NSW1,2009/6/30 8:30,10686.94,25.2,TRADE
NSW1,2009/6/30 9:00,10570.55,24.79,TRADE
NSW1,2009/6/30 9:30,10588.37,25.08,TRADE
NSW1,2009/6/30 10:00,10584.31,24,TRADE
NSW1,2009/6/30 10:30,10545.83,23.59,TRADE
NSW1,2009/6/30 11:00,10432.34,23.53,TRADE
NSW1,2009/6/30 11:30,10311.38,23.56,TRADE
NSW1,2009/6/30 12:00,10202.91,22.72,TRADE
NSW1,2009/6/30 12:30,10075.76,21.86,TRADE
NSW1,2009/6/30 13:00,9986.32,22.01,TRADE
NSW1,2009/6/30 13:30,9902.24,22,TRADE
NSW1,2009/6/30 14:00,9822.29,22,TRADE
NSW1,2009/6/30 14:30,9769.88,21.83,TRADE
NSW1,2009/6/30 15:00,9585.11,21.57,TRADE
NSW1,2009/6/30 15:30,9431.82,22,TRADE
NSW1,2009/6/30 16:00,9450.73,21.77,TRADE
NSW1,2009/6/30 16:30,9658.62,22,TRADE
NSW1,2009/6/30 17:00,9975.81,21.71,TRADE
NSW1,2009/6/30 17:30,10768,26.58,TRADE
NSW1,2009/6/30 18:00,11394.89,35.42,TRADE
NSW1,2009/6/30 18:30,11410.97,32.53,TRADE
NSW1,2009/6/30 19:00,11288.4,25.82,TRADE
NSW1,2009/6/30 19:30,11095.1,24.94,TRADE
NSW1,2009/6/30 20:00,10982.07,25.38,TRADE
NSW1,2009/6/30 20:30,10786.63,24.54,TRADE
NSW1,2009/6/30 21:00,10470.86,24.21,TRADE
NSW1,2009/6/30 21:30,10157.74,21.98,TRADE
NSW1,2009/6/30 22:00,9746.58,21.82,TRADE
NSW1,2009/6/30 22:30,9785.61,22.91,TRADE
NSW1,2009/6/30 23:00,9452.54,21.57,TRADE
NSW1,2009/6/30 23:30,9207.61,21.94,TRADE
NSW1,2009/7/1 0:00,8983.59,20.79,TRADE
?NSW1,2009/7/1 0:30,8754.83,19.39,TRADE
NSW1,2009/7/1 1:00,8555.44,17.06,TRADE
NSW1,2009/7/1 1:30,8366.79,17.69,TRADE
NSW1,2009/7/1 2:00,8104.85,16.79,TRADE
NSW1,2009/7/1 2:30,7722.85,17.52,TRADE
NSW1,2009/7/1 3:00,7333.9,15.24,TRADE
NSW1,2009/7/1 3:30,7079.52,11.96,TRADE
NSW1,2009/7/1 4:00,6945.85,8.95,TRADE
NSW1,2009/7/1 4:30,6904.86,12,TRADE
NSW1,2009/7/1 5:00,6941.82,12.33,TRADE
NSW1,2009/7/1 5:30,7248.64,17.92,TRADE
NSW1,2009/7/1 6:00,7687.7,21.15,TRADE
NSW1,2009/7/1 6:30,8554.43,23.69,TRADE
NSW1,2009/7/1 7:00,9407.54,26.41,TRADE
NSW1,2009/7/1 7:30,9753.05,22.84,TRADE
NSW1,2009/7/1 8:00,10194.31,25.2,TRADE
NSW1,2009/7/1 8:30,10203.31,24.64,TRADE
NSW1,2009/7/1 9:00,10001.41,24.32,TRADE
NSW1,2009/7/1 9:30,10021.14,25.13,TRADE
NSW1,2009/7/1 10:00,9991.93,24.92,TRADE
NSW1,2009/7/1 10:30,9852.09,24.66,TRADE
NSW1,2009/7/1 11:00,9725.24,22.77,TRADE
NSW1,2009/7/1 11:30,9556.12,22,TRADE
NSW1,2009/7/1 12:00,9436.56,21.99,TRADE
NSW1,2009/7/1 12:30,9388.58,22,TRADE
NSW1,2009/7/1 13:00,9307.59,21.83,TRADE
NSW1,2009/7/1 13:30,9290.78,21.83,TRADE
NSW1,2009/7/1 14:00,9133.29,21.92,TRADE
NSW1,2009/7/1 14:30,9159.08,22,TRADE
NSW1,2009/7/1 15:00,9098.53,22,TRADE
NSW1,2009/7/1 15:30,9042.61,21.58,TRADE
NSW1,2009/7/1 16:00,9127.92,22,TRADE
NSW1,2009/7/1 16:30,9283.76,21.42,TRADE
NSW1,2009/7/1 17:00,9591.28,20.16,TRADE
NSW1,2009/7/1 17:30,10302.54,23.54,TRADE
NSW1,2009/7/1 18:00,10951.81,27.11,TRADE
NSW1,2009/7/1 18:30,10990.34,30,TRADE
NSW1,2009/7/1 19:00,10853.84,26.72,TRADE
NSW1,2009/7/1 19:30,10579.32,21.86,TRADE
NSW1,2009/7/1 20:00,10433.63,23.04,TRADE
NSW1,2009/7/1 20:30,10441.61,24.67,TRADE
NSW1,2009/7/1 21:00,10252.88,23.46,TRADE
NSW1,2009/7/1 21:30,9956.6,22.26,TRADE
NSW1,2009/7/1 22:00,9546.5,21.17,TRADE
NSW1,2009/7/1 22:30,9562.96,23.52,TRADE
NSW1,2009/7/1 23:00,9326.51,21.88,TRADE
NSW1,2009/7/1 23:30,9131.39,23.18,TRADE
NSW1,2009/7/2 0:00,8958.15,21.53,TRADE
NSW1,2009/7/2 0:30,8748.11,19.52,TRADE
NSW1,2009/7/2 1:00,8563.24,19.5,TRADE
NSW1,2009/7/2 1:30,8390.48,18.93,TRADE
NSW1,2009/7/2 2:00,8148.81,19.07,TRADE
NSW1,2009/7/2 2:30,7740.57,17.55,TRADE
NSW1,2009/7/2 3:00,7406.26,17.76,TRADE
NSW1,2009/7/2 3:30,7134.43,16.07,TRADE
NSW1,2009/7/2 4:00,7000.31,14.56,TRADE
NSW1,2009/7/2 4:30,6964.67,14.77,TRADE
NSW1,2009/7/2 5:00,7022.28,17.25,TRADE
NSW1,2009/7/2 5:30,7309.72,19.28,TRADE
NSW1,2009/7/2 6:00,7760.6,21.57,TRADE
NSW1,2009/7/2 6:30,8665.21,24.9,TRADE
NSW1,2009/7/2 7:00,9514.15,27.35,TRADE
NSW1,2009/7/2 7:30,10012.96,26.13,TRADE
NSW1,2009/7/2 8:00,10567.46,29.12,TRADE
NSW1,2009/7/2 8:30,10656.19,25.93,TRADE
NSW1,2009/7/2 9:00,10406.41,23.99,TRADE
NSW1,2009/7/2 9:30,10307.1,23.25,TRADE
NSW1,2009/7/2 10:00,10246.78,25.68,TRADE
NSW1,2009/7/2 10:30,10115.36,25.01,TRADE
NSW1,2009/7/2 11:00,9767.34,39.84,TRADE
NSW1,2009/7/2 11:30,9414.17,62.56,TRADE
NSW1,2009/7/2 12:00,9610.46,43.42,TRADE
NSW1,2009/7/2 12:30,9592.99,41.29,TRADE
NSW1,2009/7/2 13:00,9508.54,52.54,TRADE
NSW1,2009/7/2 13:30,9472.32,57.31,TRADE
NSW1,2009/7/2 14:00,9380.93,48.87,TRADE
NSW1,2009/7/2 14:30,9359.31,41.8,TRADE
NSW1,2009/7/2 15:00,9335.85,41.04,TRADE
NSW1,2009/7/2 15:30,9310.6,36.94,TRADE
NSW1,2009/7/2 16:00,9438.25,41.13,TRADE
NSW1,2009/7/2 16:30,9639.24,43.98,TRADE
NSW1,2009/7/2 17:00,10096.63,36.4,TRADE
NSW1,2009/7/2 17:30,10697.23,42.13,TRADE
NSW1,2009/7/2 18:00,10981.19,372.38,TRADE
NSW1,2009/7/2 18:30,10932.47,278.77,TRADE
NSW1,2009/7/2 19:00,10897.61,278.42,TRADE
NSW1,2009/7/2 19:30,11081.47,281.35,TRADE
NSW1,2009/7/2 20:00,10858.99,65.49,TRADE
NSW1,2009/7/2 20:30,10845.21,61.29,TRADE
NSW1,2009/7/2 21:00,10732.99,68.2,TRADE
NSW1,2009/7/2 21:30,10355.2,81.55,TRADE
NSW1,2009/7/2 22:00,9937.77,42.83,TRADE
NSW1,2009/7/2 22:30,9932.12,52.17,TRADE
NSW1,2009/7/2 23:00,9663.55,28.2,TRADE
NSW1,2009/7/2 23:30,9423.92,27.27,TRADE
NSW1,2009/7/3 0:00,9249.93,25.48,TRADE
NSW1,2009/7/3 0:30,8959.5,21.31,TRADE
NSW1,2009/7/3 1:00,8712.92,22,TRADE
NSW1,2009/7/3 1:30,8558.75,22.3,TRADE
NSW1,2009/7/3 2:00,8287.61,21.05,TRADE
NSW1,2009/7/3 2:30,7908.94,21.79,TRADE
NSW1,2009/7/3 3:00,7546.22,20.58,TRADE
NSW1,2009/7/3 3:30,7264.67,17.2,TRADE
NSW1,2009/7/3 4:00,7114.34,16.38,TRADE
NSW1,2009/7/3 4:30,7055.42,18.12,TRADE
NSW1,2009/7/3 5:00,7112.32,19.13,TRADE
NSW1,2009/7/3 5:30,7430.81,20.72,TRADE
NSW1,2009/7/3 6:00,7877.39,21.94,TRADE
NSW1,2009/7/3 6:30,8739.66,26.16,TRADE
NSW1,2009/7/3 7:00,9626.47,28.32,TRADE
NSW1,2009/7/3 7:30,10085.99,23.59,TRADE
NSW1,2009/7/3 8:00,10612.69,31.76,TRADE
NSW1,2009/7/3 8:30,10767.27,33.35,TRADE
NSW1,2009/7/3 9:00,10533.67,27.38,TRADE
NSW1,2009/7/3 9:30,10409.69,24.8,TRADE
NSW1,2009/7/3 10:00,10364.1,23.15,TRADE
NSW1,2009/7/3 10:30,10258.13,22.92,TRADE
NSW1,2009/7/3 11:00,10123.49,21.82,TRADE
NSW1,2009/7/3 11:30,10012.84,22.09,TRADE
NSW1,2009/7/3 12:00,9915.07,22.26,TRADE
NSW1,2009/7/3 12:30,9885.21,22.98,TRADE
NSW1,2009/7/3 13:00,9776.24,24.36,TRADE
NSW1,2009/7/3 13:30,9720.81,25.06,TRADE
NSW1,2009/7/3 14:00,9593.7,23.86,TRADE
NSW1,2009/7/3 14:30,9554.36,22.82,TRADE
NSW1,2009/7/3 15:00,9569.29,22.04,TRADE
NSW1,2009/7/3 15:30,9579.37,22.58,TRADE
NSW1,2009/7/3 16:00,9723.57,24.55,TRADE
NSW1,2009/7/3 16:30,9950.22,25.04,TRADE
NSW1,2009/7/3 17:00,10420.39,27.44,TRADE
NSW1,2009/7/3 17:30,11192.58,37.14,TRADE
NSW1,2009/7/3 18:00,11764.7,68.55,TRADE
NSW1,2009/7/3 18:30,11769.46,68.6,TRADE
NSW1,2009/7/3 19:00,11656.07,62.69,TRADE
NSW1,2009/7/3 19:30,11431.64,36.31,TRADE
NSW1,2009/7/3 20:00,11206.97,32.95,TRADE
NSW1,2009/7/3 20:30,11110.68,36.11,TRADE
NSW1,2009/7/3 21:00,10990.16,35.65,TRADE
NSW1,2009/7/3 21:30,10668.01,28.07,TRADE
NSW1,2009/7/3 22:00,10330.48,25.41,TRADE
NSW1,2009/7/3 22:30,10448.84,32.77,TRADE
NSW1,2009/7/3 23:00,10174.98,30.69,TRADE
NSW1,2009/7/3 23:30,9986.2,30.38,TRADE
NSW1,2009/7/4 0:00,9725.9,25.46,TRADE
NSW1,2009/7/4 0:30,9407.17,21.91,TRADE
NSW1,2009/7/4 1:00,9108.96,22,TRADE
NSW1,2009/7/4 1:30,8899.01,23,TRADE
NSW1,2009/7/4 2:00,8563.7,21.76,TRADE
NSW1,2009/7/4 2:30,8134.83,21.82,TRADE
NSW1,2009/7/4 3:00,7721.41,20.42,TRADE
NSW1,2009/7/4 3:30,7430.49,17.41,TRADE
NSW1,2009/7/4 4:00,7225.38,16.97,TRADE
NSW1,2009/7/4 4:30,7074.02,16.98,TRADE
NSW1,2009/7/4 5:00,7087.34,17.13,TRADE
NSW1,2009/7/4 5:30,7153.48,17.3,TRADE
NSW1,2009/7/4 6:00,7342.45,17.9,TRADE
NSW1,2009/7/4 6:30,7680.23,20.74,TRADE
NSW1,2009/7/4 7:00,8049.59,22,TRADE
NSW1,2009/7/4 7:30,8537.61,22,TRADE
NSW1,2009/7/4 8:00,9218.79,22,TRADE
NSW1,2009/7/4 8:30,9807.4,22.64,TRADE
NSW1,2009/7/4 9:00,10145.36,25.18,TRADE
NSW1,2009/7/4 9:30,10360.76,29.1,TRADE
NSW1,2009/7/4 10:00,10230.91,27.02,TRADE
NSW1,2009/7/4 10:30,10095.96,25.97,TRADE
NSW1,2009/7/4 11:00,9826.74,22.77,TRADE
NSW1,2009/7/4 11:30,9635.64,22.97,TRADE
NSW1,2009/7/4 12:00,9343.71,22.62,TRADE
NSW1,2009/7/4 12:30,9062.34,20.85,TRADE
NSW1,2009/7/4 13:00,8889.41,21.65,TRADE
NSW1,2009/7/4 13:30,8733.91,21.2,TRADE
NSW1,2009/7/4 14:00,8634.87,21.08,TRADE
NSW1,2009/7/4 14:30,8557.58,19.99,TRADE
NSW1,2009/7/4 15:00,8546.03,19.59,TRADE
NSW1,2009/7/4 15:30,8708.02,21.57,TRADE
NSW1,2009/7/4 16:00,8903.14,22,TRADE
NSW1,2009/7/4 16:30,9193.58,22.07,TRADE
NSW1,2009/7/4 17:00,9803.81,25.42,TRADE
NSW1,2009/7/4 17:30,10541.15,32.16,TRADE
NSW1,2009/7/4 18:00,11196.5,57.32,TRADE
NSW1,2009/7/4 18:30,11221.94,62.48,TRADE
NSW1,2009/7/4 19:00,11003.8,43.12,TRADE
NSW1,2009/7/4 19:30,10741.87,34.21,TRADE
NSW1,2009/7/4 20:00,10491.82,30.33,TRADE
NSW1,2009/7/4 20:30,10318.54,31.7,TRADE
NSW1,2009/7/4 21:00,10147.81,31.37,TRADE
NSW1,2009/7/4 21:30,9896.89,31.54,TRADE
NSW1,2009/7/4 22:00,9655.24,30.27,TRADE
NSW1,2009/7/4 22:30,9637.27,33.15,TRADE
NSW1,2009/7/4 23:00,9452.39,30.47,TRADE
NSW1,2009/7/4 23:30,9241.81,33.23,TRADE
NSW1,2009/7/5 0:00,8969.22,28.8,TRADE
NSW1,2009/7/5 0:30,8611.6,25.16,TRADE
NSW1,2009/7/5 1:00,8307.78,23.89,TRADE
NSW1,2009/7/5 1:30,8042.56,24.13,TRADE
NSW1,2009/7/5 2:00,7706.74,20.34,TRADE
NSW1,2009/7/5 2:30,7358.94,19.09,TRADE
NSW1,2009/7/5 3:00,7071.36,19.01,TRADE
NSW1,2009/7/5 3:30,6903.24,18.43,TRADE
NSW1,2009/7/5 4:00,6773.38,16.5,TRADE
NSW1,2009/7/5 4:30,6734.55,17.07,TRADE
NSW1,2009/7/5 5:00,6705.59,16.57,TRADE
NSW1,2009/7/5 5:30,6765.36,16.75,TRADE
NSW1,2009/7/5 6:00,6901.89,16.95,TRADE
NSW1,2009/7/5 6:30,7151.6,17.19,TRADE
NSW1,2009/7/5 7:00,7404.73,20.32,TRADE
NSW1,2009/7/5 7:30,7751.2,17.56,TRADE
NSW1,2009/7/5 8:00,8396.6,20.5,TRADE
NSW1,2009/7/5 8:30,8967.61,22.15,TRADE
NSW1,2009/7/5 9:00,9343.46,24.31,TRADE
NSW1,2009/7/5 9:30,9579.34,25.51,TRADE
NSW1,2009/7/5 10:00,9594.16,26.04,TRADE
NSW1,2009/7/5 10:30,9542.34,25.76,TRADE
NSW1,2009/7/5 11:00,9361.28,24.88,TRADE
NSW1,2009/7/5 11:30,9195.81,24.97,TRADE
NSW1,2009/7/5 12:00,9053.07,24.58,TRADE
NSW1,2009/7/5 12:30,8935.26,22.35,TRADE
NSW1,2009/7/5 13:00,8765.44,21.99,TRADE
NSW1,2009/7/5 13:30,8638.82,22.04,TRADE
NSW1,2009/7/5 14:00,8508.21,22,TRADE
NSW1,2009/7/5 14:30,8417.14,21.99,TRADE
NSW1,2009/7/5 15:00,8371.48,22,TRADE
NSW1,2009/7/5 15:30,8460.37,22,TRADE
NSW1,2009/7/5 16:00,8619.28,23.17,TRADE
NSW1,2009/7/5 16:30,8966.95,22.64,TRADE
NSW1,2009/7/5 17:00,9585.3,25.06,TRADE
NSW1,2009/7/5 17:30,10359.25,33.35,TRADE
NSW1,2009/7/5 18:00,11141.49,86.22,TRADE
NSW1,2009/7/5 18:30,11287.43,82.05,TRADE
NSW1,2009/7/5 19:00,11267.14,87.36,TRADE
NSW1,2009/7/5 19:30,11120.45,47.88,TRADE
NSW1,2009/7/5 20:00,10989.75,43.37,TRADE
NSW1,2009/7/5 20:30,10896.22,39.93,TRADE
NSW1,2009/7/5 21:00,10723.38,37.81,TRADE
NSW1,2009/7/5 21:30,10429.27,34.1,TRADE
NSW1,2009/7/5 22:00,10036.43,29.44,TRADE
NSW1,2009/7/5 22:30,9778.35,30.52,TRADE
NSW1,2009/7/5 23:00,9456.66,29.55,TRADE
NSW1,2009/7/5 23:30,9213.96,29.99,TRADE
NSW1,2009/7/6 0:00,8870.58,24.96,TRADE
NSW1,2009/7/6 0:30,8606.44,21.94,TRADE
NSW1,2009/7/6 1:00,8352.38,22.26,TRADE
NSW1,2009/7/6 1:30,8246.83,25.53,TRADE
NSW1,2009/7/6 2:00,8058.65,21.29,TRADE
NSW1,2009/7/6 2:30,7738.2,22.2,TRADE
NSW1,2009/7/6 3:00,7510.96,22.06,TRADE
NSW1,2009/7/6 3:30,7354.56,22.27,TRADE
NSW1,2009/7/6 4:00,7236.7,21.6,TRADE
NSW1,2009/7/6 4:30,7237.36,21.87,TRADE
NSW1,2009/7/6 5:00,7366.06,22.21,TRADE
NSW1,2009/7/6 5:30,7707.28,26.67,TRADE
NSW1,2009/7/6 6:00,8242.79,28.2,TRADE
NSW1,2009/7/6 6:30,9215,35.72,TRADE
NSW1,2009/7/6 7:00,10126.69,43.38,TRADE
NSW1,2009/7/6 7:30,10698.51,35.83,TRADE
NSW1,2009/7/6 8:00,11381.37,39.93,TRADE
NSW1,2009/7/6 8:30,11658.26,41.52,TRADE
NSW1,2009/7/6 9:00,11594.39,39.94,TRADE
NSW1,2009/7/6 9:30,11641.09,37.38,TRADE
NSW1,2009/7/6 10:00,11500.62,35.1,TRADE
NSW1,2009/7/6 10:30,11354.52,34.15,TRADE
NSW1,2009/7/6 11:00,11110.55,30.69,TRADE
NSW1,2009/7/6 11:30,10908.19,31.09,TRADE
NSW1,2009/7/6 12:00,10784.84,29.05,TRADE
NSW1,2009/7/6 12:30,10676.1,30.65,TRADE
NSW1,2009/7/6 13:00,10500.03,29.06,TRADE
NSW1,2009/7/6 13:30,10402.46,28.06,TRADE
NSW1,2009/7/6 14:00,10300.35,27.14,TRADE
NSW1,2009/7/6 14:30,10223.7,26.77,TRADE
NSW1,2009/7/6 15:00,10196.41,27.05,TRADE
NSW1,2009/7/6 15:30,10261.35,27.23,TRADE
NSW1,2009/7/6 16:00,10472.08,29.55,TRADE
NSW1,2009/7/6 16:30,10887.97,30.43,TRADE
NSW1,2009/7/6 17:00,11471.39,27.07,TRADE
NSW1,2009/7/6 17:30,12257.45,53.82,TRADE
NSW1,2009/7/6 18:00,12824.79,3650.66,TRADE
NSW1,2009/7/6 18:30,12812.94,271.65,TRADE
NSW1,2009/7/6 19:00,12663.9,133.56,TRADE
NSW1,2009/7/6 19:30,12349.02,35.23,TRADE
NSW1,2009/7/6 20:00,12062.15,45.35,TRADE
NSW1,2009/7/6 20:30,12029.25,42.01,TRADE
NSW1,2009/7/6 21:00,11719.05,36.28,TRADE
NSW1,2009/7/6 21:30,11298.03,32.78,TRADE
NSW1,2009/7/6 22:00,10748.92,28.28,TRADE
NSW1,2009/7/6 22:30,10700.48,31.19,TRADE
NSW1,2009/7/6 23:00,10179.68,24.6,TRADE
NSW1,2009/7/6 23:30,9879.13,24.05,TRADE
NSW1,2009/7/7 0:00,9669.61,22.76,TRADE
NSW1,2009/7/7 0:30,9411.77,22,TRADE
NSW1,2009/7/7 1:00,9176.07,22,TRADE
NSW1,2009/7/7 1:30,8992.95,22.59,TRADE
NSW1,2009/7/7 2:00,8737.48,21.81,TRADE
NSW1,2009/7/7 2:30,8297.21,22,TRADE
NSW1,2009/7/7 3:00,7931.73,21.98,TRADE
NSW1,2009/7/7 3:30,7640,20.59,TRADE
NSW1,2009/7/7 4:00,7474.01,16.95,TRADE
NSW1,2009/7/7 4:30,7409.47,16.63,TRADE
NSW1,2009/7/7 5:00,7508.13,18.28,TRADE
NSW1,2009/7/7 5:30,7815.7,22.01,TRADE
NSW1,2009/7/7 6:00,8343.19,26.23,TRADE
NSW1,2009/7/7 6:30,9293.34,34.02,TRADE
NSW1,2009/7/7 7:00,10177.53,41.42,TRADE
NSW1,2009/7/7 7:30,10749.7,33.39,TRADE
NSW1,2009/7/7 8:00,11426.47,37.11,TRADE
NSW1,2009/7/7 8:30,11634.97,37.22,TRADE
NSW1,2009/7/7 9:00,11517.92,36.64,TRADE
NSW1,2009/7/7 9:30,11518.63,37.58,TRADE
NSW1,2009/7/7 10:00,11355.26,35.68,TRADE
NSW1,2009/7/7 10:30,11233.51,36.79,TRADE
NSW1,2009/7/7 11:00,11089.66,36.9,TRADE
NSW1,2009/7/7 11:30,10953.85,36.86,TRADE
NSW1,2009/7/7 12:00,10791.5,34.8,TRADE
NSW1,2009/7/7 12:30,10730.59,38.73,TRADE
NSW1,2009/7/7 13:00,10663.21,32.43,TRADE
NSW1,2009/7/7 13:30,10683.37,32.33,TRADE
NSW1,2009/7/7 14:00,10552.22,32.29,TRADE
NSW1,2009/7/7 14:30,10549.57,32.19,TRADE
NSW1,2009/7/7 15:00,10473.94,29.45,TRADE
NSW1,2009/7/7 15:30,10432.66,26.96,TRADE
NSW1,2009/7/7 16:00,10650.21,25.45,TRADE
NSW1,2009/7/7 16:30,10926.35,24.46,TRADE
NSW1,2009/7/7 17:00,11399.37,25.53,TRADE
NSW1,2009/7/7 17:30,12080.39,53.38,TRADE
NSW1,2009/7/7 18:00,12759.06,61.5,TRADE
NSW1,2009/7/7 18:30,12803.02,68.54,TRADE
NSW1,2009/7/7 19:00,12722.76,55.86,TRADE
NSW1,2009/7/7 19:30,12408.48,43.06,TRADE
NSW1,2009/7/7 20:00,12134,61.55,TRADE
NSW1,2009/7/7 20:30,11978.89,42.32,TRADE
NSW1,2009/7/7 21:00,11706.09,38.28,TRADE
NSW1,2009/7/7 21:30,11326.39,33.67,TRADE
NSW1,2009/7/7 22:00,10836.35,27.44,TRADE
NSW1,2009/7/7 22:30,10762.12,32.63,TRADE
NSW1,2009/7/7 23:00,10359.42,27.44,TRADE
NSW1,2009/7/7 23:30,9986.54,25.04,TRADE
NSW1,2009/7/8 0:00,9742.01,22.81,TRADE
NSW1,2009/7/8 0:30,9467.27,21.83,TRADE
NSW1,2009/7/8 1:00,9223.26,22,TRADE
NSW1,2009/7/8 1:30,9049.11,22.84,TRADE
NSW1,2009/7/8 2:00,8775.96,21.42,TRADE
NSW1,2009/7/8 2:30,8326.06,21.32,TRADE
NSW1,2009/7/8 3:00,7971.73,20.34,TRADE
NSW1,2009/7/8 3:30,7663.88,19.69,TRADE
NSW1,2009/7/8 4:00,7506.21,18.73,TRADE
NSW1,2009/7/8 4:30,7450.28,18.2,TRADE
NSW1,2009/7/8 5:00,7512.68,21.65,TRADE
NSW1,2009/7/8 5:30,7883.54,24.83,TRADE
NSW1,2009/7/8 6:00,8365.71,28.33,TRADE
NSW1,2009/7/8 6:30,9289.88,37.59,TRADE
NSW1,2009/7/8 7:00,10167.83,71.43,TRADE
NSW1,2009/7/8 7:30,10684.03,43.66,TRADE
NSW1,2009/7/8 8:00,11285.66,83.87,TRADE
NSW1,2009/7/8 8:30,11422.88,52.51,TRADE
NSW1,2009/7/8 9:00,11285.09,42.7,TRADE
NSW1,2009/7/8 9:30,11260.95,37.19,TRADE
NSW1,2009/7/8 10:00,11208.93,34.11,TRADE
NSW1,2009/7/8 10:30,11067.17,33.51,TRADE
NSW1,2009/7/8 11:00,10977.57,31.79,TRADE
NSW1,2009/7/8 11:30,10764.69,29.14,TRADE
NSW1,2009/7/8 12:00,10631.86,31.05,TRADE
NSW1,2009/7/8 12:30,10559.36,30.72,TRADE
NSW1,2009/7/8 13:00,10391.51,29.43,TRADE
NSW1,2009/7/8 13:30,10359.27,30.41,TRADE
NSW1,2009/7/8 14:00,10238.87,29.86,TRADE
NSW1,2009/7/8 14:30,10198.06,28.98,TRADE
NSW1,2009/7/8 15:00,10195.22,29.73,TRADE
NSW1,2009/7/8 15:30,10217.41,30.65,TRADE
NSW1,2009/7/8 16:00,10371.66,30.56,TRADE
NSW1,2009/7/8 16:30,10578.21,30.28,TRADE
NSW1,2009/7/8 17:00,10999.33,25.84,TRADE
NSW1,2009/7/8 17:30,11749.62,47.28,TRADE
NSW1,2009/7/8 18:00,12475.31,88.98,TRADE
NSW1,2009/7/8 18:30,12471.35,90.76,TRADE
NSW1,2009/7/8 19:00,12381.43,76.64,TRADE
NSW1,2009/7/8 19:30,12066.26,56.21,TRADE
NSW1,2009/7/8 20:00,11817.08,46.28,TRADE
NSW1,2009/7/8 20:30,11712.45,38.31,TRADE
NSW1,2009/7/8 21:00,11479.63,36.51,TRADE
NSW1,2009/7/8 21:30,11080.61,33.62,TRADE
NSW1,2009/7/8 22:00,10657.56,31.97,TRADE
NSW1,2009/7/8 22:30,10619.39,32.94,TRADE
NSW1,2009/7/8 23:00,10220.24,27.3,TRADE
NSW1,2009/7/8 23:30,9920.72,25.14,TRADE
NSW1,2009/7/9 0:00,9648.66,23.02,TRADE
NSW1,2009/7/9 0:30,9365.87,23.46,TRADE
NSW1,2009/7/9 1:00,9191.48,25.4,TRADE
NSW1,2009/7/9 1:30,8981.13,24.87,TRADE
NSW1,2009/7/9 2:00,8705.16,22.91,TRADE
NSW1,2009/7/9 2:30,8278.87,22,TRADE
NSW1,2009/7/9 3:00,7892.13,22,TRADE
NSW1,2009/7/9 3:30,7630.46,21.67,TRADE
NSW1,2009/7/9 4:00,7482.69,21.14,TRADE
NSW1,2009/7/9 4:30,7413.55,20.13,TRADE
NSW1,2009/7/9 5:00,7457.04,20.75,TRADE
NSW1,2009/7/9 5:30,7805.03,21.99,TRADE
NSW1,2009/7/9 6:00,8273.78,21.58,TRADE
NSW1,2009/7/9 6:30,9177.42,28.77,TRADE
NSW1,2009/7/9 7:00,10095.08,36.87,TRADE
NSW1,2009/7/9 7:30,10600.68,29.55,TRADE
NSW1,2009/7/9 8:00,11173.59,35.09,TRADE
NSW1,2009/7/9 8:30,11342.75,36.01,TRADE
NSW1,2009/7/9 9:00,11235.55,35.12,TRADE
NSW1,2009/7/9 9:30,11262.64,35.45,TRADE
NSW1,2009/7/9 10:00,11187.57,34.76,TRADE
NSW1,2009/7/9 10:30,11071.39,34.92,TRADE
NSW1,2009/7/9 11:00,10915.93,32.49,TRADE
NSW1,2009/7/9 11:30,10704,28.18,TRADE
NSW1,2009/7/9 12:00,10562.43,28.07,TRADE
NSW1,2009/7/9 12:30,10439.38,27.32,TRADE
NSW1,2009/7/9 13:00,10259.25,25.2,TRADE
NSW1,2009/7/9 13:30,10178.03,24.17,TRADE
NSW1,2009/7/9 14:00,10046.56,22.83,TRADE
NSW1,2009/7/9 14:30,10007.06,24.3,TRADE
NSW1,2009/7/9 15:00,9937.6,25.29,TRADE
NSW1,2009/7/9 15:30,9906.26,24.38,TRADE
NSW1,2009/7/9 16:00,10063.53,23.23,TRADE
NSW1,2009/7/9 16:30,10292.66,22.58,TRADE
NSW1,2009/7/9 17:00,10714.76,22.42,TRADE
NSW1,2009/7/9 17:30,11388.66,37.48,TRADE
NSW1,2009/7/9 18:00,12077.48,84.11,TRADE
NSW1,2009/7/9 18:30,12161.24,89.71,TRADE
NSW1,2009/7/9 19:00,12071.13,82.76,TRADE
NSW1,2009/7/9 19:30,11789.53,53.91,TRADE
NSW1,2009/7/9 20:00,11636.15,41.42,TRADE
NSW1,2009/7/9 20:30,11574.96,42.56,TRADE
NSW1,2009/7/9 21:00,11358.81,37.05,TRADE
NSW1,2009/7/9 21:30,10981.48,34.73,TRADE
NSW1,2009/7/9 22:00,10543.62,32.48,TRADE
NSW1,2009/7/9 22:30,10524.49,33.6,TRADE
NSW1,2009/7/9 23:00,10186.7,27.42,TRADE
NSW1,2009/7/9 23:30,9849.35,25.6,TRADE
NSW1,2009/7/10 0:00,9555.83,23.42,TRADE
NSW1,2009/7/10 0:30,9255.58,21.99,TRADE
NSW1,2009/7/10 1:00,9017.75,22,TRADE
NSW1,2009/7/10 1:30,8859.21,22.99,TRADE
NSW1,2009/7/10 2:00,8550.3,21.09,TRADE
NSW1,2009/7/10 2:30,8149.71,20.84,TRADE
NSW1,2009/7/10 3:00,7762.4,21,TRADE
NSW1,2009/7/10 3:30,7466.62,19.83,TRADE
NSW1,2009/7/10 4:00,7296.5,18.64,TRADE
NSW1,2009/7/10 4:30,7213.34,18.75,TRADE
NSW1,2009/7/10 5:00,7294.15,20.42,TRADE
NSW1,2009/7/10 5:30,7615.31,21.95,TRADE
NSW1,2009/7/10 6:00,8049.95,22.7,TRADE
NSW1,2009/7/10 6:30,8942.5,28.99,TRADE
NSW1,2009/7/10 7:00,9784.11,38.13,TRADE
NSW1,2009/7/10 7:30,10256.65,29.09,TRADE
NSW1,2009/7/10 8:00,10844.27,38.79,TRADE
NSW1,2009/7/10 8:30,11033.76,37.95,TRADE
NSW1,2009/7/10 9:00,10970.3,35.31,TRADE
NSW1,2009/7/10 9:30,11028.36,38.69,TRADE
NSW1,2009/7/10 10:00,10983.53,35.12,TRADE
NSW1,2009/7/10 10:30,10878.34,34.79,TRADE
NSW1,2009/7/10 11:00,10659.58,32.16,TRADE
NSW1,2009/7/10 11:30,10389.08,28.25,TRADE
NSW1,2009/7/10 12:00,10291.02,27.05,TRADE
NSW1,2009/7/10 12:30,10205.11,27.17,TRADE
NSW1,2009/7/10 13:00,10054.85,24.51,TRADE
NSW1,2009/7/10 13:30,9915.43,24.71,TRADE
NSW1,2009/7/10 14:00,9752.45,23.37,TRADE
NSW1,2009/7/10 14:30,9669.84,23.69,TRADE
NSW1,2009/7/10 15:00,9611.01,25.13,TRADE
NSW1,2009/7/10 15:30,9609.01,24.19,TRADE
NSW1,2009/7/10 16:00,9744.68,26.01,TRADE
NSW1,2009/7/10 16:30,9966.52,25,TRADE
NSW1,2009/7/10 17:00,10328.92,23.11,TRADE
NSW1,2009/7/10 17:30,10924.91,32.51,TRADE
NSW1,2009/7/10 18:00,11490.69,60.19,TRADE
NSW1,2009/7/10 18:30,11549.97,63.23,TRADE
NSW1,2009/7/10 19:00,11431.97,57.91,TRADE
NSW1,2009/7/10 19:30,11148.36,36.76,TRADE
NSW1,2009/7/10 20:00,10982.8,39.39,TRADE
NSW1,2009/7/10 20:30,10808.19,33.41,TRADE
NSW1,2009/7/10 21:00,10623.79,28.3,TRADE
NSW1,2009/7/10 21:30,10366.25,26.26,TRADE
NSW1,2009/7/10 22:00,10074.63,24.09,TRADE
NSW1,2009/7/10 22:30,10201.41,29,TRADE
NSW1,2009/7/10 23:00,9921.34,23.06,TRADE
NSW1,2009/7/10 23:30,9783.48,23.54,TRADE
NSW1,2009/7/11 0:00,9534.36,22.13,TRADE
NSW1,2009/7/11 0:30,9328.77,21.83,TRADE
NSW1,2009/7/11 1:00,9025.92,21.83,TRADE
NSW1,2009/7/11 1:30,8792.41,22.43,TRADE
NSW1,2009/7/11 2:00,8470.85,20.96,TRADE
NSW1,2009/7/11 2:30,8060.36,21.9,TRADE
NSW1,2009/7/11 3:00,7648.52,21.41,TRADE
NSW1,2009/7/11 3:30,7350.94,17.92,TRADE
NSW1,2009/7/11 4:00,7141.91,17.53,TRADE
NSW1,2009/7/11 4:30,7005.35,13.26,TRADE
NSW1,2009/7/11 5:00,7020.82,17.12,TRADE
NSW1,2009/7/11 5:30,7073.24,17.48,TRADE
NSW1,2009/7/11 6:00,7282.83,15.93,TRADE
NSW1,2009/7/11 6:30,7530.13,21.31,TRADE
NSW1,2009/7/11 7:00,7918.32,21.92,TRADE
NSW1,2009/7/11 7:30,8322.95,21.98,TRADE
NSW1,2009/7/11 8:00,8971.18,22.28,TRADE
NSW1,2009/7/11 8:30,9537.37,24.47,TRADE
NSW1,2009/7/11 9:00,10030.91,27.3,TRADE
NSW1,2009/7/11 9:30,10341.06,29.67,TRADE
NSW1,2009/7/11 10:00,10348.91,31.29,TRADE
NSW1,2009/7/11 10:30,10224.15,28.6,TRADE
NSW1,2009/7/11 11:00,10132.46,27.22,TRADE
NSW1,2009/7/11 11:30,9903.47,25.68,TRADE
NSW1,2009/7/11 12:00,9719.44,24.19,TRADE
NSW1,2009/7/11 12:30,9528.49,22.98,TRADE
NSW1,2009/7/11 13:00,9336.22,22,TRADE
NSW1,2009/7/11 13:30,9213.56,22,TRADE
NSW1,2009/7/11 14:00,9125.93,22,TRADE
NSW1,2009/7/11 14:30,9060.24,22,TRADE
NSW1,2009/7/11 15:00,9149.44,22.05,TRADE
NSW1,2009/7/11 15:30,9248.71,22,TRADE
NSW1,2009/7/11 16:00,9358.46,22.62,TRADE
NSW1,2009/7/11 16:30,9510.44,22,TRADE
NSW1,2009/7/11 17:00,9915.47,26.48,TRADE
NSW1,2009/7/11 17:30,10542.96,32.57,TRADE
NSW1,2009/7/11 18:00,11063.05,59.09,TRADE
NSW1,2009/7/11 18:30,11129.36,63.58,TRADE
NSW1,2009/7/11 19:00,10903.11,59.12,TRADE
NSW1,2009/7/11 19:30,10656.11,35.56,TRADE
NSW1,2009/7/11 20:00,10446.89,32.26,TRADE
NSW1,2009/7/11 20:30,10349.02,33.67,TRADE
NSW1,2009/7/11 21:00,10151.26,30.27,TRADE
NSW1,2009/7/11 21:30,9940.53,28.31,TRADE
NSW1,2009/7/11 22:00,9721.16,26.56,TRADE
NSW1,2009/7/11 22:30,9707.32,27.25,TRADE
NSW1,2009/7/11 23:00,9499.37,25.77,TRADE
NSW1,2009/7/11 23:30,9305.8,28.43,TRADE
NSW1,2009/7/12 0:00,9021.46,26.7,TRADE
NSW1,2009/7/12 0:30,8646.33,22.43,TRADE
NSW1,2009/7/12 1:00,8359.19,22,TRADE
NSW1,2009/7/12 1:30,8077.16,22.68,TRADE
NSW1,2009/7/12 2:00,7787.74,21.07,TRADE
NSW1,2009/7/12 2:30,7423.9,20.34,TRADE
NSW1,2009/7/12 3:00,7129.83,18.79,TRADE
NSW1,2009/7/12 3:30,6920.44,18.15,TRADE
NSW1,2009/7/12 4:00,6817.44,17.47,TRADE
NSW1,2009/7/12 4:30,6776.32,17.51,TRADE
NSW1,2009/7/12 5:00,6767.18,17.28,TRADE
NSW1,2009/7/12 5:30,6864.92,17.61,TRADE
NSW1,2009/7/12 6:00,6903.12,15.86,TRADE
NSW1,2009/7/12 6:30,7123.87,20.57,TRADE
NSW1,2009/7/12 7:00,7352.91,21.48,TRADE
NSW1,2009/7/12 7:30,7710.25,18.97,TRADE
NSW1,2009/7/12 8:00,8249.75,21.21,TRADE
NSW1,2009/7/12 8:30,8800.35,22.65,TRADE
NSW1,2009/7/12 9:00,9301.33,23.75,TRADE
NSW1,2009/7/12 9:30,9711.12,24.5,TRADE
NSW1,2009/7/12 10:00,9880.97,24.79,TRADE
NSW1,2009/7/12 10:30,9968.13,25.16,TRADE
NSW1,2009/7/12 11:00,9927.6,24.79,TRADE
NSW1,2009/7/12 11:30,9802.81,24.96,TRADE
NSW1,2009/7/12 12:00,9734.06,23.44,TRADE
NSW1,2009/7/12 12:30,9621.88,22,TRADE
NSW1,2009/7/12 13:00,9543.25,22,TRADE
NSW1,2009/7/12 13:30,9346.16,22,TRADE
NSW1,2009/7/12 14:00,9176.67,22,TRADE
NSW1,2009/7/12 14:30,8995.68,22,TRADE
NSW1,2009/7/12 15:00,8886.9,22,TRADE
NSW1,2009/7/12 15:30,8895.43,22,TRADE
NSW1,2009/7/12 16:00,8962.89,22,TRADE
NSW1,2009/7/12 16:30,9102.63,22,TRADE
NSW1,2009/7/12 17:00,9425.19,24.09,TRADE
NSW1,2009/7/12 17:30,10049.69,25.93,TRADE
NSW1,2009/7/12 18:00,10801.65,52.39,TRADE
NSW1,2009/7/12 18:30,10932.59,62.84,TRADE
NSW1,2009/7/12 19:00,10842.23,62.47,TRADE
NSW1,2009/7/12 19:30,10679.45,39.21,TRADE
NSW1,2009/7/12 20:00,10506.41,35.3,TRADE
NSW1,2009/7/12 20:30,10367.89,33.97,TRADE
NSW1,2009/7/12 21:00,10243.38,34,TRADE
NSW1,2009/7/12 21:30,9952.69,31.3,TRADE
NSW1,2009/7/12 22:00,9623.62,25.77,TRADE
NSW1,2009/7/12 22:30,9369.31,23.8,TRADE
NSW1,2009/7/12 23:00,9074.67,22.21,TRADE
NSW1,2009/7/12 23:30,8803.64,21.89,TRADE
NSW1,2009/7/13 0:00,8474.26,21.54,TRADE
NSW1,2009/7/13 0:30,8173.86,19.97,TRADE
NSW1,2009/7/13 1:00,7908.51,19.5,TRADE
NSW1,2009/7/13 1:30,7718.22,19.72,TRADE
NSW1,2009/7/13 2:00,7457.27,18.63,TRADE
NSW1,2009/7/13 2:30,7159.29,19.05,TRADE
NSW1,2009/7/13 3:00,6905.1,17.39,TRADE
NSW1,2009/7/13 3:30,6779.93,15.87,TRADE
NSW1,2009/7/13 4:00,6713.7,12.52,TRADE
NSW1,2009/7/13 4:30,6713.81,16.53,TRADE
NSW1,2009/7/13 5:00,6833.4,18.43,TRADE
NSW1,2009/7/13 5:30,7140.06,21.49,TRADE
NSW1,2009/7/13 6:00,7636.81,22.51,TRADE
NSW1,2009/7/13 6:30,8456.17,25.83,TRADE
NSW1,2009/7/13 7:00,9140.81,32.29,TRADE
NSW1,2009/7/13 7:30,9578.87,26.53,TRADE
NSW1,2009/7/13 8:00,10058,32.94,TRADE
NSW1,2009/7/13 8:30,10303.4,31.45,TRADE
NSW1,2009/7/13 9:00,10325.51,30.19,TRADE
NSW1,2009/7/13 9:30,10497,33.13,TRADE
NSW1,2009/7/13 10:00,10410.81,31.27,TRADE
NSW1,2009/7/13 10:30,10343.14,31.55,TRADE
NSW1,2009/7/13 11:00,10302.34,26.46,TRADE
NSW1,2009/7/13 11:30,10196.79,26.96,TRADE
NSW1,2009/7/13 12:00,10117.82,26.54,TRADE
NSW1,2009/7/13 12:30,10068.15,26.5,TRADE
NSW1,2009/7/13 13:00,10021.64,25.07,TRADE
NSW1,2009/7/13 13:30,9977.59,24.98,TRADE
NSW1,2009/7/13 14:00,9917.99,24.66,TRADE
NSW1,2009/7/13 14:30,9877.2,24.36,TRADE
NSW1,2009/7/13 15:00,9848.25,25.16,TRADE
NSW1,2009/7/13 15:30,9876.38,25.39,TRADE
NSW1,2009/7/13 16:00,9976.86,25.83,TRADE
NSW1,2009/7/13 16:30,10143.05,26.67,TRADE
NSW1,2009/7/13 17:00,10548.01,23.97,TRADE
NSW1,2009/7/13 17:30,11149.79,35.89,TRADE
NSW1,2009/7/13 18:00,11775.49,75.93,TRADE
NSW1,2009/7/13 18:30,11840.63,78.08,TRADE
NSW1,2009/7/13 19:00,11717.62,69.09,TRADE
NSW1,2009/7/13 19:30,11492.07,42.6,TRADE
NSW1,2009/7/13 20:00,11276.89,36.75,TRADE
NSW1,2009/7/13 20:30,11180.01,36.58,TRADE
NSW1,2009/7/13 21:00,10882.55,30.73,TRADE
NSW1,2009/7/13 21:30,10514.51,26.25,TRADE
NSW1,2009/7/13 22:00,10107.05,23.63,TRADE
NSW1,2009/7/13 22:30,10076.29,25.16,TRADE
NSW1,2009/7/13 23:00,9768.74,23,TRADE
NSW1,2009/7/13 23:30,9549.57,23.31,TRADE
NSW1,2009/7/14 0:00,9345.23,22.28,TRADE
NSW1,2009/7/14 0:30,9063.7,21.5,TRADE
NSW1,2009/7/14 1:00,8860.71,21.25,TRADE
NSW1,2009/7/14 1:30,8694.41,21.59,TRADE
NSW1,2009/7/14 2:00,8435.68,21.17,TRADE
NSW1,2009/7/14 2:30,8002.68,21.14,TRADE
NSW1,2009/7/14 3:00,7642.87,21.88,TRADE
NSW1,2009/7/14 3:30,7377.23,20.28,TRADE
NSW1,2009/7/14 4:00,7186.94,16.84,TRADE
NSW1,2009/7/14 4:30,7156.98,17.02,TRADE
NSW1,2009/7/14 5:00,7192.09,18.24,TRADE
NSW1,2009/7/14 5:30,7543.42,21.96,TRADE
NSW1,2009/7/14 6:00,7960.15,21.27,TRADE
NSW1,2009/7/14 6:30,8782.7,25.2,TRADE
NSW1,2009/7/14 7:00,9563.17,31.33,TRADE
NSW1,2009/7/14 7:30,9947.88,25.62,TRADE
NSW1,2009/7/14 8:00,10518.33,31.84,TRADE
NSW1,2009/7/14 8:30,10752.07,34.4,TRADE
NSW1,2009/7/14 9:00,10752.96,32.37,TRADE
NSW1,2009/7/14 9:30,10798.2,31.76,TRADE
NSW1,2009/7/14 10:00,10723.92,29.02,TRADE
NSW1,2009/7/14 10:30,10545.88,28.23,TRADE
NSW1,2009/7/14 11:00,10455.33,32.51,TRADE
NSW1,2009/7/14 11:30,10337.33,32.91,TRADE
NSW1,2009/7/14 12:00,10210.84,31.57,TRADE
NSW1,2009/7/14 12:30,10105.12,29.91,TRADE
NSW1,2009/7/14 13:00,10040.17,30.05,TRADE
NSW1,2009/7/14 13:30,10058.88,31.45,TRADE
NSW1,2009/7/14 14:00,9954.26,29.06,TRADE
NSW1,2009/7/14 14:30,9973.04,28.47,TRADE
NSW1,2009/7/14 15:00,9856.1,26.04,TRADE
NSW1,2009/7/14 15:30,9854.14,25.75,TRADE
NSW1,2009/7/14 16:00,9995.39,27.36,TRADE
NSW1,2009/7/14 16:30,10141.01,26.65,TRADE
NSW1,2009/7/14 17:00,10498.24,26.97,TRADE
NSW1,2009/7/14 17:30,11195.07,34.66,TRADE
NSW1,2009/7/14 18:00,11917.12,64.01,TRADE
NSW1,2009/7/14 18:30,12084.71,87.68,TRADE
NSW1,2009/7/14 19:00,12044.36,85.65,TRADE
NSW1,2009/7/14 19:30,11811.53,46.07,TRADE
NSW1,2009/7/14 20:00,11626.58,35.96,TRADE
NSW1,2009/7/14 20:30,11495.75,39.4,TRADE
NSW1,2009/7/14 21:00,11325.41,34.65,TRADE
NSW1,2009/7/14 21:30,11000.9,33.15,TRADE
NSW1,2009/7/14 22:00,10559.18,29.53,TRADE
NSW1,2009/7/14 22:30,10560.7,29.91,TRADE
NSW1,2009/7/14 23:00,10101.66,23.93,TRADE
NSW1,2009/7/14 23:30,9846.9,23.61,TRADE
NSW1,2009/7/15 0:00,9552.9,22.33,TRADE
NSW1,2009/7/15 0:30,9300.57,22,TRADE
NSW1,2009/7/15 1:00,9048.58,22,TRADE
NSW1,2009/7/15 1:30,8858.99,21.35,TRADE
NSW1,2009/7/15 2:00,8580.59,20.29,TRADE
NSW1,2009/7/15 2:30,8179.15,21.32,TRADE
NSW1,2009/7/15 3:00,7810.55,21.46,TRADE
NSW1,2009/7/15 3:30,7473.5,20.26,TRADE
NSW1,2009/7/15 4:00,7312.55,18.48,TRADE
NSW1,2009/7/15 4:30,7274.91,17.9,TRADE
NSW1,2009/7/15 5:00,7314.28,19.75,TRADE
NSW1,2009/7/15 5:30,7586.94,21.8,TRADE
NSW1,2009/7/15 6:00,7987.87,21.57,TRADE
NSW1,2009/7/15 6:30,8840.88,25.72,TRADE
NSW1,2009/7/15 7:00,9595.97,32.99,TRADE
NSW1,2009/7/15 7:30,10047.93,30.79,TRADE
NSW1,2009/7/15 8:00,10641.22,33.31,TRADE
NSW1,2009/7/15 8:30,10936.66,33.34,TRADE
NSW1,2009/7/15 9:00,10971.6,35.23,TRADE
NSW1,2009/7/15 9:30,11039.28,34.42,TRADE
NSW1,2009/7/15 10:00,10915.11,30.98,TRADE
NSW1,2009/7/15 10:30,10756.54,28.22,TRADE
NSW1,2009/7/15 11:00,10582.13,25.89,TRADE
NSW1,2009/7/15 11:30,10398.04,25.23,TRADE
NSW1,2009/7/15 12:00,10216.79,24.13,TRADE
NSW1,2009/7/15 12:30,10080.8,24.98,TRADE
NSW1,2009/7/15 13:00,9959.32,23.9,TRADE
NSW1,2009/7/15 13:30,9863.45,23.54,TRADE
NSW1,2009/7/15 14:00,9805.02,23.79,TRADE
NSW1,2009/7/15 14:30,9775.32,24.11,TRADE
NSW1,2009/7/15 15:00,9722.84,24.4,TRADE
NSW1,2009/7/15 15:30,9742.07,22.14,TRADE
NSW1,2009/7/15 16:00,9897.7,23.98,TRADE
NSW1,2009/7/15 16:30,10282.43,25.23,TRADE
NSW1,2009/7/15 17:00,10764.12,24.11,TRADE
NSW1,2009/7/15 17:30,11496.71,32.34,TRADE
NSW1,2009/7/15 18:00,12103.06,69.45,TRADE
NSW1,2009/7/15 18:30,12124.66,93.53,TRADE
NSW1,2009/7/15 19:00,12008.53,77.97,TRADE
NSW1,2009/7/15 19:30,11752.97,39.1,TRADE
NSW1,2009/7/15 20:00,11531.19,30.39,TRADE
NSW1,2009/7/15 20:30,11372.76,29.18,TRADE
NSW1,2009/7/15 21:00,11148.57,26.77,TRADE
NSW1,2009/7/15 21:30,10834.12,25.16,TRADE
NSW1,2009/7/15 22:00,10426.17,24.06,TRADE
NSW1,2009/7/15 22:30,10464.51,28.4,TRADE
NSW1,2009/7/15 23:00,10024.51,23.21,TRADE
NSW1,2009/7/15 23:30,9682.68,23.06,TRADE
NSW1,2009/7/16 0:00,9390.57,22.01,TRADE
NSW1,2009/7/16 0:30,9105.8,21.9,TRADE
NSW1,2009/7/16 1:00,8855.63,20.34,TRADE
NSW1,2009/7/16 1:30,8681.06,20.97,TRADE
NSW1,2009/7/16 2:00,8380.7,20.55,TRADE
NSW1,2009/7/16 2:30,7970.86,21.31,TRADE
NSW1,2009/7/16 3:00,7612.03,21.95,TRADE
NSW1,2009/7/16 3:30,7337.78,20.41,TRADE
NSW1,2009/7/16 4:00,7184.9,18.34,TRADE
NSW1,2009/7/16 4:30,7128.84,19.5,TRADE
NSW1,2009/7/16 5:00,7198.92,21.56,TRADE
NSW1,2009/7/16 5:30,7462.65,22,TRADE
NSW1,2009/7/16 6:00,7880.19,22.09,TRADE
NSW1,2009/7/16 6:30,8744.73,28.47,TRADE
NSW1,2009/7/16 7:00,9499.93,33.86,TRADE
NSW1,2009/7/16 7:30,9944.84,28.39,TRADE
NSW1,2009/7/16 8:00,10629.43,37.09,TRADE
NSW1,2009/7/16 8:30,10991.17,37.9,TRADE
NSW1,2009/7/16 9:00,11115.89,37.23,TRADE
NSW1,2009/7/16 9:30,11237.69,37.4,TRADE
NSW1,2009/7/16 10:00,11185.01,34.02,TRADE
NSW1,2009/7/16 10:30,11037,36.12,TRADE
NSW1,2009/7/16 11:00,10869.02,35.19,TRADE
NSW1,2009/7/16 11:30,10627.63,32.04,TRADE
NSW1,2009/7/16 12:00,10435.73,29.72,TRADE
NSW1,2009/7/16 12:30,10319.62,32.44,TRADE
NSW1,2009/7/16 13:00,10233.05,30.92,TRADE
NSW1,2009/7/16 13:30,10205.04,32.28,TRADE
NSW1,2009/7/16 14:00,10139.07,32.01,TRADE
NSW1,2009/7/16 14:30,10106.02,31.4,TRADE
NSW1,2009/7/16 15:00,10075.71,29.29,TRADE
NSW1,2009/7/16 15:30,10151.23,28.02,TRADE
NSW1,2009/7/16 16:00,10331.2,30.52,TRADE
NSW1,2009/7/16 16:30,10543.28,30.88,TRADE
NSW1,2009/7/16 17:00,10954.53,24.53,TRADE
NSW1,2009/7/16 17:30,11515.49,41.2,TRADE
NSW1,2009/7/16 18:00,12228.14,166.52,TRADE
NSW1,2009/7/16 18:30,12284.08,190.45,TRADE
NSW1,2009/7/16 19:00,12233.29,178.23,TRADE
NSW1,2009/7/16 19:30,11984.31,98.6,TRADE
NSW1,2009/7/16 20:00,11742.24,54.64,TRADE
NSW1,2009/7/16 20:30,11675.13,39.96,TRADE
NSW1,2009/7/16 21:00,11496.65,36.06,TRADE
NSW1,2009/7/16 21:30,11135.28,31.01,TRADE
NSW1,2009/7/16 22:00,10617.5,30.01,TRADE
NSW1,2009/7/16 22:30,10618.57,35.52,TRADE
NSW1,2009/7/16 23:00,10201.07,28.35,TRADE
NSW1,2009/7/16 23:30,9905.89,27.41,TRADE
NSW1,2009/7/17 0:00,9627.11,23.82,TRADE
NSW1,2009/7/17 0:30,9363.3,23.12,TRADE
NSW1,2009/7/17 1:00,9070.46,22.28,TRADE
NSW1,2009/7/17 1:30,8887.31,25.87,TRADE
NSW1,2009/7/17 2:00,8579.29,24.4,TRADE
NSW1,2009/7/17 2:30,8147.4,24.81,TRADE
NSW1,2009/7/17 3:00,7781.48,24.88,TRADE
NSW1,2009/7/17 3:30,7466.56,22.77,TRADE
NSW1,2009/7/17 4:00,7275.53,22,TRADE
NSW1,2009/7/17 4:30,7200.22,22,TRADE
NSW1,2009/7/17 5:00,7251.6,21.9,TRADE
NSW1,2009/7/17 5:30,7588.37,23.3,TRADE
NSW1,2009/7/17 6:00,8007.31,25.01,TRADE
NSW1,2009/7/17 6:30,8770.37,29.18,TRADE
NSW1,2009/7/17 7:00,9454.52,28.03,TRADE
NSW1,2009/7/17 7:30,9913.96,27.53,TRADE
NSW1,2009/7/17 8:00,10533.8,39.11,TRADE
NSW1,2009/7/17 8:30,10798.48,38.91,TRADE
NSW1,2009/7/17 9:00,10877.32,38.39,TRADE
NSW1,2009/7/17 9:30,10940.96,39.07,TRADE
NSW1,2009/7/17 10:00,10825.95,37.78,TRADE
NSW1,2009/7/17 10:30,10701.63,37.59,TRADE
NSW1,2009/7/17 11:00,10580.82,34.67,TRADE
NSW1,2009/7/17 11:30,10379.84,34.8,TRADE
NSW1,2009/7/17 12:00,10199.21,31.17,TRADE
NSW1,2009/7/17 12:30,10144.15,30.2,TRADE
NSW1,2009/7/17 13:00,10032.01,25.41,TRADE
NSW1,2009/7/17 13:30,9918.28,26.26,TRADE
NSW1,2009/7/17 14:00,9825.3,26.54,TRADE
NSW1,2009/7/17 14:30,9778.37,24.87,TRADE
NSW1,2009/7/17 15:00,9696.18,24.51,TRADE
NSW1,2009/7/17 15:30,9713.83,25.38,TRADE
NSW1,2009/7/17 16:00,9815.13,25.28,TRADE
NSW1,2009/7/17 16:30,9994.09,22.93,TRADE
NSW1,2009/7/17 17:00,10410.45,22.7,TRADE
NSW1,2009/7/17 17:30,11033.24,26.04,TRADE
NSW1,2009/7/17 18:00,11595,45.79,TRADE
NSW1,2009/7/17 18:30,11600.43,56.94,TRADE
NSW1,2009/7/17 19:00,11494.3,46.75,TRADE
NSW1,2009/7/17 19:30,11230.67,33.99,TRADE
NSW1,2009/7/17 20:00,11129.87,28.11,TRADE
NSW1,2009/7/17 20:30,11014.61,29.41,TRADE
NSW1,2009/7/17 21:00,10839.7,27.56,TRADE
NSW1,2009/7/17 21:30,10528.14,23.92,TRADE
NSW1,2009/7/17 22:00,10289.13,23.07,TRADE
NSW1,2009/7/17 22:30,10403.2,27.63,TRADE
NSW1,2009/7/17 23:00,10171.16,24.02,TRADE
NSW1,2009/7/17 23:30,9938.58,24.38,TRADE
NSW1,2009/7/18 0:00,9737.29,22.73,TRADE
NSW1,2009/7/18 0:30,9499.73,22,TRADE
NSW1,2009/7/18 1:00,9217.06,22,TRADE
NSW1,2009/7/18 1:30,9017.86,22.23,TRADE
NSW1,2009/7/18 2:00,8655.08,22,TRADE
NSW1,2009/7/18 2:30,8202.88,21.91,TRADE
NSW1,2009/7/18 3:00,7797.36,19.11,TRADE
NSW1,2009/7/18 3:30,7465.91,20.1,TRADE
NSW1,2009/7/18 4:00,7304.45,18.41,TRADE
NSW1,2009/7/18 4:30,7194.64,16.56,TRADE
NSW1,2009/7/18 5:00,7128.64,16.96,TRADE
NSW1,2009/7/18 5:30,7252.9,20.73,TRADE
NSW1,2009/7/18 6:00,7382.39,20.88,TRADE
NSW1,2009/7/18 6:30,7751.03,19.92,TRADE
NSW1,2009/7/18 7:00,8068.95,22,TRADE
NSW1,2009/7/18 7:30,8507.57,22.36,TRADE
NSW1,2009/7/18 8:00,9220.19,23.21,TRADE
NSW1,2009/7/18 8:30,9772.56,25.69,TRADE
NSW1,2009/7/18 9:00,10177.96,28.71,TRADE
NSW1,2009/7/18 9:30,10390.33,30.94,TRADE
NSW1,2009/7/18 10:00,10311.57,29.45,TRADE
NSW1,2009/7/18 10:30,10111.16,25.86,TRADE
NSW1,2009/7/18 11:00,9877.08,23.58,TRADE
NSW1,2009/7/18 11:30,9507.68,22.17,TRADE
NSW1,2009/7/18 12:00,9227.99,21.97,TRADE
NSW1,2009/7/18 12:30,9011.56,22.29,TRADE
NSW1,2009/7/18 13:00,8852.95,22.58,TRADE
NSW1,2009/7/18 13:30,8747.41,22,TRADE
NSW1,2009/7/18 14:00,8605.34,22,TRADE
NSW1,2009/7/18 14:30,8498.68,22,TRADE
NSW1,2009/7/18 15:00,8428.24,22,TRADE
NSW1,2009/7/18 15:30,8404.74,22,TRADE
NSW1,2009/7/18 16:00,8584.72,22,TRADE
NSW1,2009/7/18 16:30,8842.33,22.07,TRADE
NSW1,2009/7/18 17:00,9391.02,24.78,TRADE
NSW1,2009/7/18 17:30,10052.98,27.02,TRADE
NSW1,2009/7/18 18:00,10748.8,38.46,TRADE
NSW1,2009/7/18 18:30,10926.22,39.31,TRADE
NSW1,2009/7/18 19:00,10814.24,40.4,TRADE
NSW1,2009/7/18 19:30,10633.49,32.6,TRADE
NSW1,2009/7/18 20:00,10472.26,32.26,TRADE
NSW1,2009/7/18 20:30,10368.74,33.54,TRADE
NSW1,2009/7/18 21:00,10234.93,33.18,TRADE
NSW1,2009/7/18 21:30,9992.84,33.46,TRADE
NSW1,2009/7/18 22:00,9812.29,29.57,TRADE
NSW1,2009/7/18 22:30,9761.38,32.6,TRADE
NSW1,2009/7/18 23:00,9554.23,23.03,TRADE
NSW1,2009/7/18 23:30,9283.22,24.43,TRADE
NSW1,2009/7/19 0:00,9016.19,22.66,TRADE
NSW1,2009/7/19 0:30,8676.05,21.2,TRADE
NSW1,2009/7/19 1:00,8379.74,18.93,TRADE
NSW1,2009/7/19 1:30,8134,19.27,TRADE
NSW1,2009/7/19 2:00,7844.07,17.4,TRADE
NSW1,2009/7/19 2:30,7496.58,16.88,TRADE
NSW1,2009/7/19 3:00,7213.45,14.1,TRADE
NSW1,2009/7/19 3:30,6992.75,12.66,TRADE
NSW1,2009/7/19 4:00,6904.01,12,TRADE
NSW1,2009/7/19 4:30,6827.57,11.83,TRADE
NSW1,2009/7/19 5:00,6832.97,12,TRADE
NSW1,2009/7/19 5:30,6926.94,12,TRADE
NSW1,2009/7/19 6:00,7013.48,12.03,TRADE
NSW1,2009/7/19 6:30,7248.28,16.65,TRADE
NSW1,2009/7/19 7:00,7497.24,17.45,TRADE
NSW1,2009/7/19 7:30,7805.76,19.94,TRADE
NSW1,2009/7/19 8:00,8451.59,21.48,TRADE
NSW1,2009/7/19 8:30,8985.4,22.7,TRADE
NSW1,2009/7/19 9:00,9440.56,24.26,TRADE
NSW1,2009/7/19 9:30,9619.92,24.51,TRADE
NSW1,2009/7/19 10:00,9630.68,22.93,TRADE
NSW1,2009/7/19 10:30,9517.16,22.07,TRADE
NSW1,2009/7/19 11:00,9262.25,22,TRADE
NSW1,2009/7/19 11:30,9005.16,22,TRADE
NSW1,2009/7/19 12:00,8750.32,21.84,TRADE
NSW1,2009/7/19 12:30,8580.13,20.06,TRADE
NSW1,2009/7/19 13:00,8433.98,19.4,TRADE
NSW1,2009/7/19 13:30,8230.55,19.38,TRADE
NSW1,2009/7/19 14:00,8149.85,19.16,TRADE
NSW1,2009/7/19 14:30,8077.91,17.45,TRADE
NSW1,2009/7/19 15:00,8029.53,17.69,TRADE
NSW1,2009/7/19 15:30,8032.82,17.92,TRADE
NSW1,2009/7/19 16:00,8163.39,19.5,TRADE
NSW1,2009/7/19 16:30,8392.42,19.4,TRADE
NSW1,2009/7/19 17:00,8824.91,21.43,TRADE
NSW1,2009/7/19 17:30,9576.14,26.23,TRADE
NSW1,2009/7/19 18:00,10500.81,44.47,TRADE
NSW1,2009/7/19 18:30,10870.08,44.16,TRADE
NSW1,2009/7/19 19:00,10836.93,40.47,TRADE
NSW1,2009/7/19 19:30,10712.02,27.6,TRADE
NSW1,2009/7/19 20:00,10626.41,26.46,TRADE
NSW1,2009/7/19 20:30,10536.68,28,TRADE
NSW1,2009/7/19 21:00,10356.51,25.44,TRADE
NSW1,2009/7/19 21:30,10065.25,24.35,TRADE
NSW1,2009/7/19 22:00,9744.82,22,TRADE
NSW1,2009/7/19 22:30,9634.34,22.37,TRADE
NSW1,2009/7/19 23:00,9242.02,21.1,TRADE
NSW1,2009/7/19 23:30,8964.32,20.35,TRADE
NSW1,2009/7/20 0:00,8615.35,19.25,TRADE
NSW1,2009/7/20 0:30,8313.57,18.67,TRADE
NSW1,2009/7/20 1:00,8043.91,17,TRADE
NSW1,2009/7/20 1:30,7863.61,17.16,TRADE
NSW1,2009/7/20 2:00,7655.77,17,TRADE
NSW1,2009/7/20 2:30,7324.77,13.25,TRADE
NSW1,2009/7/20 3:00,7105.36,11.73,TRADE
NSW1,2009/7/20 3:30,6967.02,11.15,TRADE
NSW1,2009/7/20 4:00,6914.71,9.76,TRADE
NSW1,2009/7/20 4:30,6935.37,10.57,TRADE
NSW1,2009/7/20 5:00,7015.38,11.87,TRADE
NSW1,2009/7/20 5:30,7346.94,18.37,TRADE
NSW1,2009/7/20 6:00,7788.13,20.81,TRADE
NSW1,2009/7/20 6:30,8660.75,22,TRADE
NSW1,2009/7/20 7:00,9377.68,22.14,TRADE
NSW1,2009/7/20 7:30,9961.1,22.85,TRADE
NSW1,2009/7/20 8:00,10528.42,24.98,TRADE
NSW1,2009/7/20 8:30,10871.24,25.03,TRADE
NSW1,2009/7/20 9:00,10918.06,25,TRADE
NSW1,2009/7/20 9:30,10944.34,24.57,TRADE
NSW1,2009/7/20 10:00,10728.47,23.99,TRADE
NSW1,2009/7/20 10:30,10649.83,23.99,TRADE
NSW1,2009/7/20 11:00,10469.61,23.26,TRADE
NSW1,2009/7/20 11:30,10233.18,22.35,TRADE
NSW1,2009/7/20 12:00,10068.58,22.24,TRADE
NSW1,2009/7/20 12:30,9980.64,22.1,TRADE
NSW1,2009/7/20 13:00,9785.53,22,TRADE
NSW1,2009/7/20 13:30,9756.61,22,TRADE
NSW1,2009/7/20 14:00,9631.32,23.21,TRADE
NSW1,2009/7/20 14:30,9552.48,22.94,TRADE
NSW1,2009/7/20 15:00,9515.32,22,TRADE
NSW1,2009/7/20 15:30,9414.09,22.04,TRADE
NSW1,2009/7/20 16:00,9474.05,22.04,TRADE
NSW1,2009/7/20 16:30,9565.16,22,TRADE
NSW1,2009/7/20 17:00,9897.96,22.77,TRADE
NSW1,2009/7/20 17:30,10543.76,24.49,TRADE
NSW1,2009/7/20 18:00,11399.46,39.57,TRADE
NSW1,2009/7/20 18:30,11519.25,45.05,TRADE
NSW1,2009/7/20 19:00,11483.43,39.92,TRADE
NSW1,2009/7/20 19:30,11267.61,25.8,TRADE
NSW1,2009/7/20 20:00,11131.71,25.34,TRADE
NSW1,2009/7/20 20:30,11005.4,25.52,TRADE
NSW1,2009/7/20 21:00,10804.42,24.84,TRADE
NSW1,2009/7/20 21:30,10535.48,23.54,TRADE
NSW1,2009/7/20 22:00,10109.04,21.87,TRADE
NSW1,2009/7/20 22:30,10050.76,22,TRADE
NSW1,2009/7/20 23:00,9733.67,22.01,TRADE
NSW1,2009/7/20 23:30,9457.09,22.31,TRADE
NSW1,2009/7/21 0:00,9225.64,21.98,TRADE
NSW1,2009/7/21 0:30,9015.47,20.66,TRADE
NSW1,2009/7/21 1:00,8819.78,19.55,TRADE
NSW1,2009/7/21 1:30,8665.95,18.65,TRADE
NSW1,2009/7/21 2:00,8367.28,19.5,TRADE
NSW1,2009/7/21 2:30,8000.23,17.83,TRADE
NSW1,2009/7/21 3:00,7662.61,17.63,TRADE
NSW1,2009/7/21 3:30,7397.91,15.63,TRADE
NSW1,2009/7/21 4:00,7237.33,12,TRADE
NSW1,2009/7/21 4:30,7201.11,13.41,TRADE
NSW1,2009/7/21 5:00,7231.26,16.09,TRADE
NSW1,2009/7/21 5:30,7554.24,20.35,TRADE
NSW1,2009/7/21 6:00,7991.94,21.78,TRADE
NSW1,2009/7/21 6:30,8854.12,22.06,TRADE
NSW1,2009/7/21 7:00,9676.44,23.06,TRADE
NSW1,2009/7/21 7:30,10131.42,23.52,TRADE
NSW1,2009/7/21 8:00,10643.02,25.56,TRADE
NSW1,2009/7/21 8:30,10847.79,25.16,TRADE
NSW1,2009/7/21 9:00,10790.6,25.19,TRADE
NSW1,2009/7/21 9:30,10775.05,24.79,TRADE
NSW1,2009/7/21 10:00,10612.46,24.12,TRADE
NSW1,2009/7/21 10:30,10449.17,24.1,TRADE
NSW1,2009/7/21 11:00,10215.5,22.49,TRADE
NSW1,2009/7/21 11:30,10061.36,22,TRADE
NSW1,2009/7/21 12:00,9894.61,22,TRADE
NSW1,2009/7/21 12:30,9786.78,22.29,TRADE
NSW1,2009/7/21 13:00,9618.81,22,TRADE
NSW1,2009/7/21 13:30,9550.72,22,TRADE
NSW1,2009/7/21 14:00,9482.1,22,TRADE
NSW1,2009/7/21 14:30,9349.78,21.6,TRADE
NSW1,2009/7/21 15:00,9288.38,22,TRADE
NSW1,2009/7/21 15:30,9242.65,22,TRADE
NSW1,2009/7/21 16:00,9329.19,22,TRADE
NSW1,2009/7/21 16:30,9422.15,22.01,TRADE
NSW1,2009/7/21 17:00,9705.75,22.59,TRADE
NSW1,2009/7/21 17:30,10277.2,24.41,TRADE
NSW1,2009/7/21 18:00,11021.8,36.85,TRADE
NSW1,2009/7/21 18:30,11155.2,39.24,TRADE
NSW1,2009/7/21 19:00,11099.78,38.55,TRADE
NSW1,2009/7/21 19:30,10828.07,25.8,TRADE
NSW1,2009/7/21 20:00,10669.03,23.84,TRADE
NSW1,2009/7/21 20:30,10525.56,25.08,TRADE
NSW1,2009/7/21 21:00,10322.3,23.94,TRADE
NSW1,2009/7/21 21:30,10030.38,23.14,TRADE
NSW1,2009/7/21 22:00,9738.55,22.53,TRADE
NSW1,2009/7/21 22:30,9771.49,23.33,TRADE
NSW1,2009/7/21 23:00,9440.98,22,TRADE
NSW1,2009/7/21 23:30,9210.05,22.86,TRADE
NSW1,2009/7/22 0:00,8985.07,21.84,TRADE
NSW1,2009/7/22 0:30,8777.04,20.63,TRADE
NSW1,2009/7/22 1:00,8551.49,19.5,TRADE
NSW1,2009/7/22 1:30,8412.59,19.53,TRADE
NSW1,2009/7/22 2:00,8131.75,19.16,TRADE
NSW1,2009/7/22 2:30,7713.87,17.42,TRADE
NSW1,2009/7/22 3:00,7338.53,14.66,TRADE
NSW1,2009/7/22 3:30,7048.56,12.66,TRADE
NSW1,2009/7/22 4:00,6910.71,12,TRADE
NSW1,2009/7/22 4:30,6847.12,12,TRADE
NSW1,2009/7/22 5:00,6893.9,12.14,TRADE
NSW1,2009/7/22 5:30,7167.67,18.45,TRADE
NSW1,2009/7/22 6:00,7573.3,21.49,TRADE
NSW1,2009/7/22 6:30,8326.84,21.97,TRADE
NSW1,2009/7/22 7:00,8952.18,22,TRADE
NSW1,2009/7/22 7:30,9283.17,22.6,TRADE
NSW1,2009/7/22 8:00,9685.21,23.14,TRADE
NSW1,2009/7/22 8:30,9852.31,23.82,TRADE
NSW1,2009/7/22 9:00,9853.46,22.47,TRADE
NSW1,2009/7/22 9:30,9862.56,22.89,TRADE
NSW1,2009/7/22 10:00,9775.63,23.6,TRADE
NSW1,2009/7/22 10:30,9716.14,23.6,TRADE
NSW1,2009/7/22 11:00,9709.56,23.12,TRADE
NSW1,2009/7/22 11:30,9594.52,22.99,TRADE
NSW1,2009/7/22 12:00,9523.97,25.34,TRADE
NSW1,2009/7/22 12:30,9494.95,25.08,TRADE
NSW1,2009/7/22 13:00,9447.41,25.82,TRADE
NSW1,2009/7/22 13:30,9464.54,24.96,TRADE
NSW1,2009/7/22 14:00,9455.76,25.83,TRADE
NSW1,2009/7/22 14:30,9440.63,25.47,TRADE
NSW1,2009/7/22 15:00,9374.59,23.37,TRADE
NSW1,2009/7/22 15:30,9343.55,22.51,TRADE
NSW1,2009/7/22 16:00,9495.32,23.58,TRADE
NSW1,2009/7/22 16:30,9627.04,25,TRADE
NSW1,2009/7/22 17:00,9789.17,24.21,TRADE
NSW1,2009/7/22 17:30,10236.17,30.27,TRADE
NSW1,2009/7/22 18:00,10619.96,37.47,TRADE
NSW1,2009/7/22 18:30,10562.19,36.16,TRADE
NSW1,2009/7/22 19:00,10388.1,27.3,TRADE
NSW1,2009/7/22 19:30,10107.81,24.18,TRADE
NSW1,2009/7/22 20:00,9931.35,23.78,TRADE
NSW1,2009/7/22 20:30,9811.42,24.21,TRADE
NSW1,2009/7/22 21:00,9602.45,23.57,TRADE
NSW1,2009/7/22 21:30,9345.76,22.01,TRADE
NSW1,2009/7/22 22:00,9075.46,22,TRADE
NSW1,2009/7/22 22:30,9139.52,23.42,TRADE
NSW1,2009/7/22 23:00,8915.48,21.61,TRADE
NSW1,2009/7/22 23:30,8812.9,23.77,TRADE
NSW1,2009/7/23 0:00,8711.46,22.06,TRADE
NSW1,2009/7/23 0:30,8492.06,21.7,TRADE
NSW1,2009/7/23 1:00,8346.19,20.35,TRADE
NSW1,2009/7/23 1:30,8220.06,20.44,TRADE
NSW1,2009/7/23 2:00,7977.28,19.5,TRADE
NSW1,2009/7/23 2:30,7610.43,19.24,TRADE
NSW1,2009/7/23 3:00,7269.37,19.11,TRADE
NSW1,2009/7/23 3:30,6997.73,16.86,TRADE
NSW1,2009/7/23 4:00,6864.24,15.36,TRADE
NSW1,2009/7/23 4:30,6807.77,15.04,TRADE
NSW1,2009/7/23 5:00,6826.1,16.55,TRADE
NSW1,2009/7/23 5:30,7155.28,20.29,TRADE
NSW1,2009/7/23 6:00,7577.85,21.93,TRADE
NSW1,2009/7/23 6:30,8360.27,22.76,TRADE
NSW1,2009/7/23 7:00,9043.55,23.03,TRADE
NSW1,2009/7/23 7:30,9412.43,22.58,TRADE
NSW1,2009/7/23 8:00,9920.93,26.16,TRADE
NSW1,2009/7/23 8:30,10146.55,27.56,TRADE
NSW1,2009/7/23 9:00,10148.59,27.5,TRADE
NSW1,2009/7/23 9:30,10238.79,26.5,TRADE
NSW1,2009/7/23 10:00,10140.58,24.82,TRADE
NSW1,2009/7/23 10:30,10060.2,26.13,TRADE
NSW1,2009/7/23 11:00,10036.21,27.21,TRADE
NSW1,2009/7/23 11:30,9944.76,27.7,TRADE
NSW1,2009/7/23 12:00,9849.96,28.08,TRADE
NSW1,2009/7/23 12:30,9824.7,28.64,TRADE
NSW1,2009/7/23 13:00,9780.79,28.77,TRADE
NSW1,2009/7/23 13:30,9746.05,28.39,TRADE
NSW1,2009/7/23 14:00,9700.29,28.22,TRADE
NSW1,2009/7/23 14:30,9663.54,27.26,TRADE
NSW1,2009/7/23 15:00,9597.26,25.61,TRADE
NSW1,2009/7/23 15:30,9586,24.55,TRADE
NSW1,2009/7/23 16:00,9623.56,24.02,TRADE
NSW1,2009/7/23 16:30,9804.74,25.02,TRADE
NSW1,2009/7/23 17:00,10082,28.6,TRADE
NSW1,2009/7/23 17:30,10621.91,28.24,TRADE
NSW1,2009/7/23 18:00,11370.66,90.82,TRADE
NSW1,2009/7/23 18:30,11498.09,106.5,TRADE
NSW1,2009/7/23 19:00,11407,115.44,TRADE
NSW1,2009/7/23 19:30,11257.33,68.19,TRADE
NSW1,2009/7/23 20:00,11151.78,34.51,TRADE
NSW1,2009/7/23 20:30,11096.37,34.16,TRADE
NSW1,2009/7/23 21:00,10905.04,33.01,TRADE
NSW1,2009/7/23 21:30,10537.58,31.06,TRADE
NSW1,2009/7/23 22:00,10161.65,30.24,TRADE
NSW1,2009/7/23 22:30,10198.36,32.74,TRADE
NSW1,2009/7/23 23:00,9926.17,26.73,TRADE
NSW1,2009/7/23 23:30,9709.35,26.84,TRADE
NSW1,2009/7/24 0:00,9504.81,23.45,TRADE
NSW1,2009/7/24 0:30,9216.01,22.76,TRADE
NSW1,2009/7/24 1:00,8993.39,22,TRADE
NSW1,2009/7/24 1:30,8811.47,22,TRADE
NSW1,2009/7/24 2:00,8516.45,22,TRADE
NSW1,2009/7/24 2:30,8044.41,21.82,TRADE
NSW1,2009/7/24 3:00,7714.5,22,TRADE
NSW1,2009/7/24 3:30,7469.2,21.99,TRADE
NSW1,2009/7/24 4:00,7292.22,21.9,TRADE
NSW1,2009/7/24 4:30,7222.9,21.4,TRADE
NSW1,2009/7/24 5:00,7305.28,21.78,TRADE
NSW1,2009/7/24 5:30,7605.34,22.08,TRADE
NSW1,2009/7/24 6:00,8060.48,22,TRADE
NSW1,2009/7/24 6:30,8841.92,24.17,TRADE
NSW1,2009/7/24 7:00,9605.68,26.98,TRADE
NSW1,2009/7/24 7:30,10036.57,27.07,TRADE
NSW1,2009/7/24 8:00,10597.21,37.59,TRADE
NSW1,2009/7/24 8:30,10905.34,38.44,TRADE
NSW1,2009/7/24 9:00,10886.91,34.71,TRADE
NSW1,2009/7/24 9:30,10960.21,35.48,TRADE
NSW1,2009/7/24 10:00,10782.35,30.35,TRADE
NSW1,2009/7/24 10:30,10669.42,29.72,TRADE
NSW1,2009/7/24 11:00,10472.73,26.73,TRADE
NSW1,2009/7/24 11:30,10203.38,24.07,TRADE
NSW1,2009/7/24 12:00,10098.89,24.27,TRADE
NSW1,2009/7/24 12:30,9933.31,23.44,TRADE
NSW1,2009/7/24 13:00,9830.49,23.42,TRADE
NSW1,2009/7/24 13:30,9685.4,23.38,TRADE
NSW1,2009/7/24 14:00,9577.94,22.64,TRADE
NSW1,2009/7/24 14:30,9499.58,22.02,TRADE
NSW1,2009/7/24 15:00,9407.43,21.98,TRADE
NSW1,2009/7/24 15:30,9409.28,22.01,TRADE
NSW1,2009/7/24 16:00,9466.27,22,TRADE
NSW1,2009/7/24 16:30,9579.68,22,TRADE
NSW1,2009/7/24 17:00,9908.19,23.13,TRADE
NSW1,2009/7/24 17:30,10427.4,26.35,TRADE
NSW1,2009/7/24 18:00,11224.7,48.16,TRADE
NSW1,2009/7/24 18:30,11338.33,45.32,TRADE
NSW1,2009/7/24 19:00,11271.3,46.57,TRADE
NSW1,2009/7/24 19:30,11067.71,37.94,TRADE
NSW1,2009/7/24 20:00,10880.63,30.58,TRADE
NSW1,2009/7/24 20:30,10803.9,33.11,TRADE
NSW1,2009/7/24 21:00,10653.4,33.61,TRADE
NSW1,2009/7/24 21:30,10426.39,30.82,TRADE
NSW1,2009/7/24 22:00,10185.51,31.57,TRADE
NSW1,2009/7/24 22:30,10300.54,37.05,TRADE
NSW1,2009/7/24 23:00,10009.54,30.76,TRADE
NSW1,2009/7/24 23:30,9889.25,34.66,TRADE
NSW1,2009/7/25 0:00,9633.81,31.39,TRADE
NSW1,2009/7/25 0:30,9370.25,29.79,TRADE
NSW1,2009/7/25 1:00,9141.65,30,TRADE
NSW1,2009/7/25 1:30,8904.74,28.89,TRADE
NSW1,2009/7/25 2:00,8541.18,25.93,TRADE
NSW1,2009/7/25 2:30,8166.42,22.5,TRADE
NSW1,2009/7/25 3:00,7725.11,22,TRADE
NSW1,2009/7/25 3:30,7483.98,22,TRADE
NSW1,2009/7/25 4:00,7287.25,22.91,TRADE
NSW1,2009/7/25 4:30,7175.45,21.88,TRADE
NSW1,2009/7/25 5:00,7173.44,21.88,TRADE
NSW1,2009/7/25 5:30,7250.31,22,TRADE
NSW1,2009/7/25 6:00,7391.54,21.95,TRADE
NSW1,2009/7/25 6:30,7687.76,21.86,TRADE
NSW1,2009/7/25 7:00,8114.24,22,TRADE
NSW1,2009/7/25 7:30,8596.89,24.43,TRADE
NSW1,2009/7/25 8:00,9285.74,25.37,TRADE
NSW1,2009/7/25 8:30,9850.59,30.41,TRADE
NSW1,2009/7/25 9:00,10140.88,31.69,TRADE
NSW1,2009/7/25 9:30,10337.01,35.73,TRADE
NSW1,2009/7/25 10:00,10175.65,32.04,TRADE
NSW1,2009/7/25 10:30,9971.91,26.28,TRADE
NSW1,2009/7/25 11:00,9741.3,25.38,TRADE
NSW1,2009/7/25 11:30,9469.71,23.84,TRADE
NSW1,2009/7/25 12:00,9225.77,22.63,TRADE
NSW1,2009/7/25 12:30,8954.94,22,TRADE
NSW1,2009/7/25 13:00,8804.07,21.97,TRADE
NSW1,2009/7/25 13:30,8643.87,21.93,TRADE
NSW1,2009/7/25 14:00,8482.86,22,TRADE
NSW1,2009/7/25 14:30,8361.02,22,TRADE
NSW1,2009/7/25 15:00,8308.34,22,TRADE
NSW1,2009/7/25 15:30,8352.9,21.99,TRADE
NSW1,2009/7/25 16:00,8493.18,22.09,TRADE
NSW1,2009/7/25 16:30,8796.49,22.8,TRADE
NSW1,2009/7/25 17:00,9187.18,23.15,TRADE
NSW1,2009/7/25 17:30,9835.6,26.83,TRADE
NSW1,2009/7/25 18:00,10711.41,41.99,TRADE
NSW1,2009/7/25 18:30,10929.41,46.78,TRADE
NSW1,2009/7/25 19:00,10826.58,44.75,TRADE
NSW1,2009/7/25 19:30,10582.16,33.85,TRADE
NSW1,2009/7/25 20:00,10382.41,32.45,TRADE
NSW1,2009/7/25 20:30,10260.6,31.99,TRADE
NSW1,2009/7/25 21:00,10096.78,32.28,TRADE
NSW1,2009/7/25 21:30,9815.74,27.38,TRADE
NSW1,2009/7/25 22:00,9652.31,24.41,TRADE
NSW1,2009/7/25 22:30,9576.74,27.34,TRADE
NSW1,2009/7/25 23:00,9441.2,24.84,TRADE
NSW1,2009/7/25 23:30,9229.42,30.44,TRADE
NSW1,2009/7/26 0:00,9011.76,25.76,TRADE
NSW1,2009/7/26 0:30,8727.37,24.92,TRADE
NSW1,2009/7/26 1:00,8361.28,21.98,TRADE
NSW1,2009/7/26 1:30,8110.68,22.06,TRADE
NSW1,2009/7/26 2:00,7819.32,21.53,TRADE
NSW1,2009/7/26 2:30,7439.61,19.92,TRADE
NSW1,2009/7/26 3:00,7148.68,18.76,TRADE
NSW1,2009/7/26 3:30,6963.7,18.42,TRADE
NSW1,2009/7/26 4:00,6798.84,16.25,TRADE
NSW1,2009/7/26 4:30,6742.04,15.11,TRADE
NSW1,2009/7/26 5:00,6725.07,14.89,TRADE
NSW1,2009/7/26 5:30,6818.22,16.86,TRADE
NSW1,2009/7/26 6:00,6922.23,17.41,TRADE
NSW1,2009/7/26 6:30,7142.39,17.11,TRADE
NSW1,2009/7/26 7:00,7393.63,18.92,TRADE
NSW1,2009/7/26 7:30,7748.35,20.56,TRADE
NSW1,2009/7/26 8:00,8310.76,21.83,TRADE
NSW1,2009/7/26 8:30,9000.7,23.65,TRADE
NSW1,2009/7/26 9:00,9482.97,25.92,TRADE
NSW1,2009/7/26 9:30,9857.03,25.69,TRADE
NSW1,2009/7/26 10:00,10060.02,27.6,TRADE
NSW1,2009/7/26 10:30,10136.75,31.11,TRADE
NSW1,2009/7/26 11:00,10091.41,28.88,TRADE
NSW1,2009/7/26 11:30,10007.99,26.66,TRADE
NSW1,2009/7/26 12:00,9939.99,24.39,TRADE
NSW1,2009/7/26 12:30,9848.58,23.05,TRADE
NSW1,2009/7/26 13:00,9784.42,22.99,TRADE
NSW1,2009/7/26 13:30,9768.11,22.28,TRADE
NSW1,2009/7/26 14:00,9729.44,22.06,TRADE
NSW1,2009/7/26 14:30,9677.86,22,TRADE
NSW1,2009/7/26 15:00,9657.95,22,TRADE
NSW1,2009/7/26 15:30,9857.8,22.31,TRADE
NSW1,2009/7/26 16:00,10092.13,22.3,TRADE
NSW1,2009/7/26 16:30,10403.99,22.42,TRADE
NSW1,2009/7/26 17:00,10786.31,23.27,TRADE
NSW1,2009/7/26 17:30,11152.51,34.63,TRADE
NSW1,2009/7/26 18:00,11589,57.87,TRADE
NSW1,2009/7/26 18:30,11676.93,61.46,TRADE
NSW1,2009/7/26 19:00,11519.72,56.43,TRADE
NSW1,2009/7/26 19:30,11313.94,33.71,TRADE
NSW1,2009/7/26 20:00,11133.27,32.81,TRADE
NSW1,2009/7/26 20:30,10922.93,33.53,TRADE
NSW1,2009/7/26 21:00,10700.16,37.42,TRADE
NSW1,2009/7/26 21:30,10286.83,29.91,TRADE
NSW1,2009/7/26 22:00,9882.21,24.24,TRADE
NSW1,2009/7/26 22:30,9598.61,23.39,TRADE
NSW1,2009/7/26 23:00,9270.29,21.84,TRADE
NSW1,2009/7/26 23:30,8911.17,22.19,TRADE
NSW1,2009/7/27 0:00,8699.88,20.31,TRADE
NSW1,2009/7/27 0:30,8357.6,19.05,TRADE
NSW1,2009/7/27 1:00,8143.58,18.67,TRADE
NSW1,2009/7/27 1:30,8005.1,17.42,TRADE
NSW1,2009/7/27 2:00,7827.28,17.19,TRADE
NSW1,2009/7/27 2:30,7458.76,17,TRADE
NSW1,2009/7/27 3:00,7244.81,16.99,TRADE
NSW1,2009/7/27 3:30,7058.94,14.96,TRADE
NSW1,2009/7/27 4:00,7004.16,12.66,TRADE
NSW1,2009/7/27 4:30,7006.02,12.24,TRADE
NSW1,2009/7/27 5:00,7081.42,15.77,TRADE
NSW1,2009/7/27 5:30,7485.16,20.04,TRADE
NSW1,2009/7/27 6:00,7978.66,21.95,TRADE
NSW1,2009/7/27 6:30,8902.76,22,TRADE
NSW1,2009/7/27 7:00,9792.36,22.66,TRADE
NSW1,2009/7/27 7:30,10387.77,24.2,TRADE
NSW1,2009/7/27 8:00,10893.25,29,TRADE
NSW1,2009/7/27 8:30,11133.07,32.23,TRADE
NSW1,2009/7/27 9:00,11069.48,30.71,TRADE
NSW1,2009/7/27 9:30,11082.6,31.09,TRADE
NSW1,2009/7/27 10:00,10966.35,24.86,TRADE
NSW1,2009/7/27 10:30,10864.51,26.69,TRADE
NSW1,2009/7/27 11:00,10612.45,24.66,TRADE
NSW1,2009/7/27 11:30,10407.77,24.32,TRADE
NSW1,2009/7/27 12:00,10311.05,24.07,TRADE
NSW1,2009/7/27 12:30,10227.18,24.41,TRADE
NSW1,2009/7/27 13:00,10050.68,23.26,TRADE
NSW1,2009/7/27 13:30,10030.01,23.14,TRADE
NSW1,2009/7/27 14:00,9939.36,22.77,TRADE
NSW1,2009/7/27 14:30,9846.02,22.52,TRADE
NSW1,2009/7/27 15:00,9756.91,22,TRADE
NSW1,2009/7/27 15:30,9678.34,21.95,TRADE
NSW1,2009/7/27 16:00,9752.91,22,TRADE
NSW1,2009/7/27 16:30,9959.39,22,TRADE
NSW1,2009/7/27 17:00,10254.38,22.6,TRADE
NSW1,2009/7/27 17:30,11053.08,27.74,TRADE
NSW1,2009/7/27 18:00,11928.61,65.63,TRADE
NSW1,2009/7/27 18:30,12196.74,68.93,TRADE
NSW1,2009/7/27 19:00,12139.79,55.54,TRADE
NSW1,2009/7/27 19:30,11972.6,45.94,TRADE
NSW1,2009/7/27 20:00,11738.59,31.22,TRADE
NSW1,2009/7/27 20:30,11617.32,37.03,TRADE
NSW1,2009/7/27 21:00,11356.59,32.85,TRADE
NSW1,2009/7/27 21:30,10973.49,29.19,TRADE
NSW1,2009/7/27 22:00,10494.56,25.65,TRADE
NSW1,2009/7/27 22:30,10465.54,30.28,TRADE
NSW1,2009/7/27 23:00,10003.04,25.87,TRADE
NSW1,2009/7/27 23:30,9707.44,25.73,TRADE
NSW1,2009/7/28 0:00,9441.01,22.72,TRADE
NSW1,2009/7/28 0:30,9150.17,22,TRADE
NSW1,2009/7/28 1:00,8989.08,21.99,TRADE
NSW1,2009/7/28 1:30,8800.76,21.92,TRADE
NSW1,2009/7/28 2:00,8553.88,21.28,TRADE
NSW1,2009/7/28 2:30,8137.79,19.08,TRADE
NSW1,2009/7/28 3:00,7821.65,20.87,TRADE
NSW1,2009/7/28 3:30,7504.94,18.77,TRADE
NSW1,2009/7/28 4:00,7352.12,15.26,TRADE
NSW1,2009/7/28 4:30,7271.54,17.35,TRADE
NSW1,2009/7/28 5:00,7305.63,20.44,TRADE
NSW1,2009/7/28 5:30,7660.92,21.83,TRADE
NSW1,2009/7/28 6:00,8181.35,24.29,TRADE
NSW1,2009/7/28 6:30,9085.89,27.15,TRADE
NSW1,2009/7/28 7:00,10062.84,29.38,TRADE
NSW1,2009/7/28 7:30,10660.62,30.91,TRADE
NSW1,2009/7/28 8:00,11139.76,37.66,TRADE
NSW1,2009/7/28 8:30,11099.03,36.18,TRADE
NSW1,2009/7/28 9:00,10889.72,33.69,TRADE
NSW1,2009/7/28 9:30,10731.18,31.49,TRADE
NSW1,2009/7/28 10:00,10587.09,30.95,TRADE
NSW1,2009/7/28 10:30,10426.73,30.61,TRADE
NSW1,2009/7/28 11:00,10266.81,26.13,TRADE
NSW1,2009/7/28 11:30,10074.91,24.62,TRADE
NSW1,2009/7/28 12:00,9916.65,24.58,TRADE
NSW1,2009/7/28 12:30,9861.43,24.45,TRADE
NSW1,2009/7/28 13:00,9724.99,23.64,TRADE
NSW1,2009/7/28 13:30,9661.82,24.14,TRADE
NSW1,2009/7/28 14:00,9625.41,24.72,TRADE
NSW1,2009/7/28 14:30,9571.84,24.92,TRADE
NSW1,2009/7/28 15:00,9552.11,24.77,TRADE
NSW1,2009/7/28 15:30,9557.84,24.96,TRADE
NSW1,2009/7/28 16:00,9640.38,24.74,TRADE
NSW1,2009/7/28 16:30,9752.2,24.14,TRADE
NSW1,2009/7/28 17:00,10225.26,25.65,TRADE
NSW1,2009/7/28 17:30,10899.48,26.33,TRADE
NSW1,2009/7/28 18:00,11838.61,56.03,TRADE
NSW1,2009/7/28 18:30,12005.79,92.95,TRADE
NSW1,2009/7/28 19:00,12019.98,83.1,TRADE
NSW1,2009/7/28 19:30,11829.88,49.26,TRADE
NSW1,2009/7/28 20:00,11637.18,32.86,TRADE
NSW1,2009/7/28 20:30,11460.66,32.7,TRADE
NSW1,2009/7/28 21:00,11196.99,31.12,TRADE
NSW1,2009/7/28 21:30,10844.63,31.14,TRADE
NSW1,2009/7/28 22:00,10401.23,32.59,TRADE
NSW1,2009/7/28 22:30,10402.73,36.23,TRADE
NSW1,2009/7/28 23:00,10001.28,33.63,TRADE
NSW1,2009/7/28 23:30,9689.59,31.24,TRADE
NSW1,2009/7/29 0:00,9447.56,27.24,TRADE
NSW1,2009/7/29 0:30,9172.29,26.23,TRADE
NSW1,2009/7/29 1:00,8966.86,25.96,TRADE
NSW1,2009/7/29 1:30,8854.8,24.76,TRADE
NSW1,2009/7/29 2:00,8418.33,21.95,TRADE
NSW1,2009/7/29 2:30,8171.37,22,TRADE
NSW1,2009/7/29 3:00,7789.53,21.83,TRADE
NSW1,2009/7/29 3:30,7509.55,20.87,TRADE
NSW1,2009/7/29 4:00,7344.97,17.39,TRADE
NSW1,2009/7/29 4:30,7280.92,18.22,TRADE
NSW1,2009/7/29 5:00,7348.28,19.65,TRADE
NSW1,2009/7/29 5:30,7708.61,21.9,TRADE
NSW1,2009/7/29 6:00,8195.62,22.73,TRADE
NSW1,2009/7/29 6:30,9141.04,25.97,TRADE
NSW1,2009/7/29 7:00,10129.42,26.79,TRADE
NSW1,2009/7/29 7:30,10677.73,26.12,TRADE
NSW1,2009/7/29 8:00,11161.52,31.3,TRADE
NSW1,2009/7/29 8:30,11190.46,31.13,TRADE
NSW1,2009/7/29 9:00,10955.85,28.04,TRADE
NSW1,2009/7/29 9:30,10830.36,27.43,TRADE
NSW1,2009/7/29 10:00,10652.42,26.49,TRADE
NSW1,2009/7/29 10:30,10481.74,28.04,TRADE
NSW1,2009/7/29 11:00,10289.13,25.13,TRADE
NSW1,2009/7/29 11:30,10070.55,24.46,TRADE
NSW1,2009/7/29 12:00,9917.8,24.65,TRADE
NSW1,2009/7/29 12:30,9832.85,25.22,TRADE
NSW1,2009/7/29 13:00,9682.26,24.86,TRADE
NSW1,2009/7/29 13:30,9538.54,23.55,TRADE
NSW1,2009/7/29 14:00,9466.22,23.26,TRADE
NSW1,2009/7/29 14:30,9520.39,24.06,TRADE
NSW1,2009/7/29 15:00,9454.4,22.85,TRADE
NSW1,2009/7/29 15:30,9442.35,22,TRADE
NSW1,2009/7/29 16:00,9535.05,22,TRADE
NSW1,2009/7/29 16:30,9705.93,22,TRADE
NSW1,2009/7/29 17:00,10075.18,23.45,TRADE
NSW1,2009/7/29 17:30,10691.16,24.36,TRADE
NSW1,2009/7/29 18:00,11565.45,44.35,TRADE
NSW1,2009/7/29 18:30,11784.04,44.28,TRADE
NSW1,2009/7/29 19:00,11752.5,38.44,TRADE
NSW1,2009/7/29 19:30,11506.54,30.61,TRADE
NSW1,2009/7/29 20:00,11316,30.06,TRADE
NSW1,2009/7/29 20:30,11241.64,31.45,TRADE
NSW1,2009/7/29 21:00,10977.87,31.5,TRADE
NSW1,2009/7/29 21:30,10679.38,29.29,TRADE
NSW1,2009/7/29 22:00,10251.36,28.15,TRADE
NSW1,2009/7/29 22:30,10208.94,31.45,TRADE
NSW1,2009/7/29 23:00,9827.47,26.3,TRADE
NSW1,2009/7/29 23:30,9575,26.82,TRADE
NSW1,2009/7/30 0:00,9387.53,24.15,TRADE
NSW1,2009/7/30 0:30,9142.47,23.7,TRADE
NSW1,2009/7/30 1:00,8966.04,23.47,TRADE
NSW1,2009/7/30 1:30,8788.2,25.72,TRADE
NSW1,2009/7/30 2:00,8552.76,23.4,TRADE
NSW1,2009/7/30 2:30,8128.51,21.59,TRADE
NSW1,2009/7/30 3:00,7754.99,21.64,TRADE
NSW1,2009/7/30 3:30,7496.39,21.99,TRADE
NSW1,2009/7/30 4:00,7353.15,19.38,TRADE
NSW1,2009/7/30 4:30,7293.23,18.12,TRADE
NSW1,2009/7/30 5:00,7373.19,21.06,TRADE
NSW1,2009/7/30 5:30,7730.1,22,TRADE
NSW1,2009/7/30 6:00,8227.12,25.46,TRADE
NSW1,2009/7/30 6:30,9170.04,31.71,TRADE
NSW1,2009/7/30 7:00,10133.48,35.33,TRADE
NSW1,2009/7/30 7:30,10645.47,34.47,TRADE
NSW1,2009/7/30 8:00,11149.23,46.21,TRADE
NSW1,2009/7/30 8:30,11165.27,45.29,TRADE
NSW1,2009/7/30 9:00,10965.16,34.98,TRADE
NSW1,2009/7/30 9:30,10847.49,30.86,TRADE
NSW1,2009/7/30 10:00,10677.96,29.29,TRADE
NSW1,2009/7/30 10:30,10510.78,29.69,TRADE
NSW1,2009/7/30 11:00,10386.39,25.36,TRADE
NSW1,2009/7/30 11:30,10178.57,25.01,TRADE
NSW1,2009/7/30 12:00,10019.75,24.6,TRADE
NSW1,2009/7/30 12:30,9883.16,22,TRADE
NSW1,2009/7/30 13:00,9743.85,22,TRADE
NSW1,2009/7/30 13:30,9686.85,22,TRADE
NSW1,2009/7/30 14:00,9620.03,22.09,TRADE
NSW1,2009/7/30 14:30,9552.31,22,TRADE
NSW1,2009/7/30 15:00,9506.74,21.95,TRADE
NSW1,2009/7/30 15:30,9360.32,22,TRADE
NSW1,2009/7/30 16:00,9528.4,22,TRADE
NSW1,2009/7/30 16:30,9749.59,22,TRADE
NSW1,2009/7/30 17:00,10055.45,22.65,TRADE
NSW1,2009/7/30 17:30,10677.31,25.75,TRADE
NSW1,2009/7/30 18:00,11550.01,53,TRADE
NSW1,2009/7/30 18:30,11800.06,48.58,TRADE
NSW1,2009/7/30 19:00,11810.96,42.26,TRADE
NSW1,2009/7/30 19:30,11622.54,31.24,TRADE
NSW1,2009/7/30 20:00,11470.8,31.49,TRADE
NSW1,2009/7/30 20:30,11403.86,32.08,TRADE
NSW1,2009/7/30 21:00,11150.77,31.5,TRADE
NSW1,2009/7/30 21:30,10783.49,29.68,TRADE
NSW1,2009/7/30 22:00,10363.55,30.45,TRADE
NSW1,2009/7/30 22:30,10330.32,31.7,TRADE
NSW1,2009/7/30 23:00,9999.82,27.27,TRADE
NSW1,2009/7/30 23:30,9707.56,26.29,TRADE
NSW1,2009/7/31 0:00,9473.13,22.64,TRADE
NSW1,2009/7/31 0:30,9194.44,21.97,TRADE
NSW1,2009/7/31 1:00,8942.77,22,TRADE
NSW1,2009/7/31 1:30,8736.75,22.02,TRADE
NSW1,2009/7/31 2:00,8437.54,21.21,TRADE
NSW1,2009/7/31 2:30,8051.51,19.08,TRADE
NSW1,2009/7/31 3:00,7709.07,20.09,TRADE
NSW1,2009/7/31 3:30,7408.88,18.61,TRADE
NSW1,2009/7/31 4:00,7276.43,17.27,TRADE
NSW1,2009/7/31 4:30,7217.83,17.2,TRADE
NSW1,2009/7/31 5:00,7267.58,19.23,TRADE
NSW1,2009/7/31 5:30,7570.92,21.8,TRADE
NSW1,2009/7/31 6:00,8054.86,22.13,TRADE
NSW1,2009/7/31 6:30,8971.39,23.24,TRADE
NSW1,2009/7/31 7:00,9867.71,25.6,TRADE
NSW1,2009/7/31 7:30,10404.16,25.38,TRADE
NSW1,2009/7/31 8:00,10948.2,31.2,TRADE
NSW1,2009/7/31 8:30,11026.12,31.41,TRADE
NSW1,2009/7/31 9:00,10860.86,28.71,TRADE
NSW1,2009/7/31 9:30,10759.01,26.74,TRADE
NSW1,2009/7/31 10:00,10596.75,24.34,TRADE
NSW1,2009/7/31 10:30,10414.22,25.14,TRADE
NSW1,2009/7/31 11:00,10241.19,24.05,TRADE
NSW1,2009/7/31 11:30,10014.68,24.01,TRADE
NSW1,2009/7/31 12:00,9852.5,23.99,TRADE
NSW1,2009/7/31 12:30,9773.01,23.64,TRADE
NSW1,2009/7/31 13:00,9680.34,22.26,TRADE
NSW1,2009/7/31 13:30,9546.72,22,TRADE
NSW1,2009/7/31 14:00,9456.04,22,TRADE
NSW1,2009/7/31 14:30,9379.99,22,TRADE
NSW1,2009/7/31 15:00,9300.45,22,TRADE
NSW1,2009/7/31 15:30,9265.84,22,TRADE
NSW1,2009/7/31 16:00,9365.79,22,TRADE
NSW1,2009/7/31 16:30,9527.37,22,TRADE
NSW1,2009/7/31 17:00,9753.96,22.21,TRADE
NSW1,2009/7/31 17:30,10300.37,23.04,TRADE
NSW1,2009/7/31 18:00,11070.84,27.21,TRADE
NSW1,2009/7/31 18:30,11246.62,30.56,TRADE
NSW1,2009/7/31 19:00,11156.74,30.06,TRADE
NSW1,2009/7/31 19:30,10899.13,25.12,TRADE
NSW1,2009/7/31 20:00,10738.7,25.1,TRADE
NSW1,2009/7/31 20:30,10595.18,24.9,TRADE
NSW1,2009/7/31 21:00,10452.09,26.08,TRADE
NSW1,2009/7/31 21:30,10212.57,25.76,TRADE
NSW1,2009/7/31 22:00,9948.87,24.74,TRADE
NSW1,2009/7/31 22:30,10108.57,30.97,TRADE
NSW1,2009/7/31 23:00,9959.57,27.99,TRADE
NSW1,2009/7/31 23:30,9774.94,28.46,TRADE
NSW1,2009/8/1 0:00,9507.94,23.74,TRADE
?NSW1,2009/8/1 0:30,9235.16,22.72,TRADE
NSW1,2009/8/1 1:00,9021.9,22,TRADE
NSW1,2009/8/1 1:30,8780.93,22.9,TRADE
NSW1,2009/8/1 2:00,8437.54,21.67,TRADE
NSW1,2009/8/1 2:30,8046.94,21.57,TRADE
NSW1,2009/8/1 3:00,7637.52,20.82,TRADE
NSW1,2009/8/1 3:30,7321.84,19.45,TRADE
NSW1,2009/8/1 4:00,7178.34,14.78,TRADE
NSW1,2009/8/1 4:30,7088.35,15.15,TRADE
NSW1,2009/8/1 5:00,7062,16.93,TRADE
NSW1,2009/8/1 5:30,7166.87,20.03,TRADE
NSW1,2009/8/1 6:00,7324.56,21.6,TRADE
NSW1,2009/8/1 6:30,7644.54,21.19,TRADE
NSW1,2009/8/1 7:00,8018.65,21.99,TRADE
NSW1,2009/8/1 7:30,8504.7,22.4,TRADE
NSW1,2009/8/1 8:00,9157.84,25.97,TRADE
NSW1,2009/8/1 8:30,9610.3,30.9,TRADE
NSW1,2009/8/1 9:00,9817.35,32.79,TRADE
NSW1,2009/8/1 9:30,9963.82,34.65,TRADE
NSW1,2009/8/1 10:00,9774.77,31.99,TRADE
NSW1,2009/8/1 10:30,9636.79,30.07,TRADE
NSW1,2009/8/1 11:00,9433,25.41,TRADE
NSW1,2009/8/1 11:30,9130.83,22.31,TRADE
NSW1,2009/8/1 12:00,8921.5,22,TRADE
NSW1,2009/8/1 12:30,8745.4,22,TRADE
NSW1,2009/8/1 13:00,8663.5,22,TRADE
NSW1,2009/8/1 13:30,8453.15,21.88,TRADE
NSW1,2009/8/1 14:00,8338.33,21.98,TRADE
NSW1,2009/8/1 14:30,8238.48,21.1,TRADE
NSW1,2009/8/1 15:00,8187.52,20.69,TRADE
NSW1,2009/8/1 15:30,8245,21.3,TRADE
NSW1,2009/8/1 16:00,8310.1,21.63,TRADE
NSW1,2009/8/1 16:30,8508.83,21.97,TRADE
NSW1,2009/8/1 17:00,8891.98,22.61,TRADE
NSW1,2009/8/1 17:30,9460.92,25.85,TRADE
NSW1,2009/8/1 18:00,10349.28,32.71,TRADE
NSW1,2009/8/1 18:30,10647.36,36.55,TRADE
NSW1,2009/8/1 19:00,10592.43,36.88,TRADE
NSW1,2009/8/1 19:30,10327.85,31.58,TRADE
NSW1,2009/8/1 20:00,10227.65,31.78,TRADE
NSW1,2009/8/1 20:30,10095.84,33.62,TRADE
NSW1,2009/8/1 21:00,9939.65,34.32,TRADE
NSW1,2009/8/1 21:30,9762.61,33.25,TRADE
NSW1,2009/8/1 22:00,9583.72,31.48,TRADE
NSW1,2009/8/1 22:30,9553.65,32.97,TRADE
NSW1,2009/8/1 23:00,9401.89,31.28,TRADE
NSW1,2009/8/1 23:30,9301.65,31.68,TRADE
NSW1,2009/8/2 0:00,9008.23,27.99,TRADE
NSW1,2009/8/2 0:30,8735.32,25.59,TRADE
NSW1,2009/8/2 1:00,8393.61,22.55,TRADE
NSW1,2009/8/2 1:30,8215.3,23.2,TRADE
NSW1,2009/8/2 2:00,7898.02,21.29,TRADE
NSW1,2009/8/2 2:30,7553.29,20.67,TRADE
NSW1,2009/8/2 3:00,7250.38,17.36,TRADE
NSW1,2009/8/2 3:30,7030.94,17.7,TRADE
NSW1,2009/8/2 4:00,6878.47,17.26,TRADE
NSW1,2009/8/2 4:30,6857.25,16.78,TRADE
NSW1,2009/8/2 5:00,6877.92,17.74,TRADE
NSW1,2009/8/2 5:30,6942.73,19.2,TRADE
NSW1,2009/8/2 6:00,7074.08,19.63,TRADE
NSW1,2009/8/2 6:30,7314.43,19.11,TRADE
NSW1,2009/8/2 7:00,7569.88,19.78,TRADE
NSW1,2009/8/2 7:30,7986.29,20.59,TRADE
NSW1,2009/8/2 8:00,8544.68,21.98,TRADE
NSW1,2009/8/2 8:30,9048.01,22,TRADE
NSW1,2009/8/2 9:00,9406.84,22.01,TRADE
NSW1,2009/8/2 9:30,9539.03,23.19,TRADE
NSW1,2009/8/2 10:00,9547.95,23.28,TRADE
NSW1,2009/8/2 10:30,9428.65,22,TRADE
NSW1,2009/8/2 11:00,9189.53,22,TRADE
NSW1,2009/8/2 11:30,8995.98,22,TRADE
NSW1,2009/8/2 12:00,8788.41,22,TRADE
NSW1,2009/8/2 12:30,8655.05,22,TRADE
NSW1,2009/8/2 13:00,8527.45,21.85,TRADE
NSW1,2009/8/2 13:30,8360.19,21,TRADE
NSW1,2009/8/2 14:00,8243.91,20.51,TRADE
NSW1,2009/8/2 14:30,8105.7,19.5,TRADE
NSW1,2009/8/2 15:00,8056.56,19.5,TRADE
NSW1,2009/8/2 15:30,8088.12,20.31,TRADE
NSW1,2009/8/2 16:00,8180.12,20.94,TRADE
NSW1,2009/8/2 16:30,8399.83,21.31,TRADE
NSW1,2009/8/2 17:00,8769.23,22,TRADE
NSW1,2009/8/2 17:30,9316.95,24.48,TRADE
NSW1,2009/8/2 18:00,10308.36,32.18,TRADE
NSW1,2009/8/2 18:30,10751.76,38.71,TRADE
NSW1,2009/8/2 19:00,10771.92,37.94,TRADE
NSW1,2009/8/2 19:30,10656.76,34.54,TRADE
NSW1,2009/8/2 20:00,10522.94,34.11,TRADE
NSW1,2009/8/2 20:30,10410.25,38.15,TRADE
NSW1,2009/8/2 21:00,10289.78,40.64,TRADE
NSW1,2009/8/2 21:30,9986.88,32.84,TRADE
NSW1,2009/8/2 22:00,9591.9,29.78,TRADE
NSW1,2009/8/2 22:30,9423.98,27.37,TRADE
NSW1,2009/8/2 23:00,9099.5,24.13,TRADE
NSW1,2009/8/2 23:30,8871.76,22.84,TRADE
NSW1,2009/8/3 0:00,8575.91,21.84,TRADE
NSW1,2009/8/3 0:30,8259.29,20.88,TRADE
NSW1,2009/8/3 1:00,8089.26,21.12,TRADE
NSW1,2009/8/3 1:30,7916.6,20.83,TRADE
NSW1,2009/8/3 2:00,7716.25,18.78,TRADE
NSW1,2009/8/3 2:30,7414.93,17.34,TRADE
NSW1,2009/8/3 3:00,7128.1,17.62,TRADE
NSW1,2009/8/3 3:30,6988.78,17.16,TRADE
NSW1,2009/8/3 4:00,6869.34,15.81,TRADE
NSW1,2009/8/3 4:30,6901.15,16.81,TRADE
NSW1,2009/8/3 5:00,7034.86,18.87,TRADE
NSW1,2009/8/3 5:30,7371.72,21.68,TRADE
NSW1,2009/8/3 6:00,7876.46,23.06,TRADE
NSW1,2009/8/3 6:30,8799.42,31.03,TRADE
NSW1,2009/8/3 7:00,9790.1,35.11,TRADE
NSW1,2009/8/3 7:30,10267.58,34.68,TRADE
NSW1,2009/8/3 8:00,10861.94,39.77,TRADE
NSW1,2009/8/3 8:30,10872.03,38.24,TRADE
NSW1,2009/8/3 9:00,10698.71,34.31,TRADE
NSW1,2009/8/3 9:30,10644.04,31.24,TRADE
NSW1,2009/8/3 10:00,10454.08,26.57,TRADE
NSW1,2009/8/3 10:30,10385,31.03,TRADE
NSW1,2009/8/3 11:00,10221.84,29.76,TRADE
NSW1,2009/8/3 11:30,10072,26.01,TRADE
NSW1,2009/8/3 12:00,9868.04,24.51,TRADE
NSW1,2009/8/3 12:30,9725.1,24.75,TRADE
NSW1,2009/8/3 13:00,9691.88,24.16,TRADE
NSW1,2009/8/3 13:30,9593.36,24.89,TRADE
NSW1,2009/8/3 14:00,9531.23,23.53,TRADE
NSW1,2009/8/3 14:30,9471.88,23.07,TRADE
NSW1,2009/8/3 15:00,9362.21,22,TRADE
NSW1,2009/8/3 15:30,9317.11,22,TRADE
NSW1,2009/8/3 16:00,9396.23,22.87,TRADE
NSW1,2009/8/3 16:30,9548.9,23.76,TRADE
NSW1,2009/8/3 17:00,9899.85,24.53,TRADE
NSW1,2009/8/3 17:30,10582.66,32.46,TRADE
NSW1,2009/8/3 18:00,11497.07,57.25,TRADE
NSW1,2009/8/3 18:30,11770.84,72.44,TRADE
NSW1,2009/8/3 19:00,11665.1,60.79,TRADE
NSW1,2009/8/3 19:30,11454.67,40.91,TRADE
NSW1,2009/8/3 20:00,11286.46,40.49,TRADE
NSW1,2009/8/3 20:30,11138.02,39.09,TRADE
NSW1,2009/8/3 21:00,10893.95,39.25,TRADE
NSW1,2009/8/3 21:30,10509.53,35.02,TRADE
NSW1,2009/8/3 22:00,10178.67,30.23,TRADE
NSW1,2009/8/3 22:30,10107.34,38.1,TRADE
NSW1,2009/8/3 23:00,9784.2,35.93,TRADE
NSW1,2009/8/3 23:30,9544.2,33,TRADE
NSW1,2009/8/4 0:00,9353.44,29.79,TRADE
NSW1,2009/8/4 0:30,9091.79,28.82,TRADE
NSW1,2009/8/4 1:00,8905.42,25.47,TRADE
NSW1,2009/8/4 1:30,8784.83,30.45,TRADE
NSW1,2009/8/4 2:00,8499.12,26.83,TRADE
NSW1,2009/8/4 2:30,8103.4,21.7,TRADE
NSW1,2009/8/4 3:00,7739.72,21.32,TRADE
NSW1,2009/8/4 3:30,7451.96,18.2,TRADE
NSW1,2009/8/4 4:00,7295.72,18.23,TRADE
NSW1,2009/8/4 4:30,7240.02,17.98,TRADE
NSW1,2009/8/4 5:00,7279.76,20.52,TRADE
NSW1,2009/8/4 5:30,7581.01,21.99,TRADE
NSW1,2009/8/4 6:00,8065.93,22.94,TRADE
NSW1,2009/8/4 6:30,8989.31,31.11,TRADE
NSW1,2009/8/4 7:00,9890.36,36.29,TRADE
NSW1,2009/8/4 7:30,10416.47,36.31,TRADE
NSW1,2009/8/4 8:00,10889.09,36.26,TRADE
NSW1,2009/8/4 8:30,11002.96,31.55,TRADE
NSW1,2009/8/4 9:00,10768.56,29.21,TRADE
NSW1,2009/8/4 9:30,10766.86,29.52,TRADE
NSW1,2009/8/4 10:00,10622.37,29.49,TRADE
NSW1,2009/8/4 10:30,10480.98,28.21,TRADE
NSW1,2009/8/4 11:00,10335.19,27.74,TRADE
NSW1,2009/8/4 11:30,10127.92,25.85,TRADE
NSW1,2009/8/4 12:00,10041.73,26.76,TRADE
NSW1,2009/8/4 12:30,9957.8,28.16,TRADE
NSW1,2009/8/4 13:00,9862.29,26.35,TRADE
NSW1,2009/8/4 13:30,9835.97,26.52,TRADE
NSW1,2009/8/4 14:00,9780.87,26.72,TRADE
NSW1,2009/8/4 14:30,9739.74,25.69,TRADE
NSW1,2009/8/4 15:00,9637.56,23.9,TRADE
NSW1,2009/8/4 15:30,9547.84,22.07,TRADE
NSW1,2009/8/4 16:00,9605.06,23.67,TRADE
NSW1,2009/8/4 16:30,9668.39,22.52,TRADE
NSW1,2009/8/4 17:00,10031.56,24.09,TRADE
NSW1,2009/8/4 17:30,10636.86,28.43,TRADE
NSW1,2009/8/4 18:00,11511.65,43.04,TRADE
NSW1,2009/8/4 18:30,11792.98,54.54,TRADE
NSW1,2009/8/4 19:00,11797.98,51.97,TRADE
NSW1,2009/8/4 19:30,11581.52,36.01,TRADE
NSW1,2009/8/4 20:00,11423.98,36.22,TRADE
NSW1,2009/8/4 20:30,11317.88,36.52,TRADE
NSW1,2009/8/4 21:00,11089.32,35.07,TRADE
NSW1,2009/8/4 21:30,10720.07,32,TRADE
NSW1,2009/8/4 22:00,10314.92,28.89,TRADE
NSW1,2009/8/4 22:30,10250.52,37.22,TRADE
NSW1,2009/8/4 23:00,9873.97,33.36,TRADE
NSW1,2009/8/4 23:30,9602.84,29.57,TRADE
NSW1,2009/8/5 0:00,9414.6,24.33,TRADE
NSW1,2009/8/5 0:30,9165.52,22.58,TRADE
NSW1,2009/8/5 1:00,8982.83,21.94,TRADE
NSW1,2009/8/5 1:30,8777.24,23.59,TRADE
NSW1,2009/8/5 2:00,8514.32,24.84,TRADE
NSW1,2009/8/5 2:30,8129.33,26.17,TRADE
NSW1,2009/8/5 3:00,7780.29,21.73,TRADE
NSW1,2009/8/5 3:30,7470.05,21.58,TRADE
NSW1,2009/8/5 4:00,7318.02,21,TRADE
NSW1,2009/8/5 4:30,7286.95,21.1,TRADE
NSW1,2009/8/5 5:00,7366,21.15,TRADE
NSW1,2009/8/5 5:30,7731.29,22.46,TRADE
NSW1,2009/8/5 6:00,8255.92,29.78,TRADE
NSW1,2009/8/5 6:30,9231.86,37,TRADE
NSW1,2009/8/5 7:00,10151.73,41.19,TRADE
NSW1,2009/8/5 7:30,10690.76,40.84,TRADE
NSW1,2009/8/5 8:00,11147.76,42.62,TRADE
NSW1,2009/8/5 8:30,11166.53,33.32,TRADE
NSW1,2009/8/5 9:00,10938.35,29.11,TRADE
NSW1,2009/8/5 9:30,10805.22,30.29,TRADE
NSW1,2009/8/5 10:00,10660.47,25.51,TRADE
NSW1,2009/8/5 10:30,10487.02,24.71,TRADE
NSW1,2009/8/5 11:00,10308.04,23.85,TRADE
NSW1,2009/8/5 11:30,10099.62,23.31,TRADE
NSW1,2009/8/5 12:00,9956.53,22.63,TRADE
NSW1,2009/8/5 12:30,9873.38,22,TRADE
NSW1,2009/8/5 13:00,9738.5,22,TRADE
NSW1,2009/8/5 13:30,9655.4,22,TRADE
NSW1,2009/8/5 14:00,9607.79,22.19,TRADE
NSW1,2009/8/5 14:30,9535.35,22,TRADE
NSW1,2009/8/5 15:00,9438.67,22,TRADE
NSW1,2009/8/5 15:30,9371.61,22,TRADE
NSW1,2009/8/5 16:00,9476.9,22,TRADE
NSW1,2009/8/5 16:30,9595.49,22,TRADE
NSW1,2009/8/5 17:00,9896.01,22.07,TRADE
NSW1,2009/8/5 17:30,10503.47,23.92,TRADE
NSW1,2009/8/5 18:00,11376.68,31.74,TRADE
NSW1,2009/8/5 18:30,11625.9,42.88,TRADE
NSW1,2009/8/5 19:00,11593.86,41.42,TRADE
NSW1,2009/8/5 19:30,11405.67,32.39,TRADE
NSW1,2009/8/5 20:00,11256.55,30.69,TRADE
NSW1,2009/8/5 20:30,11130.43,29.1,TRADE
NSW1,2009/8/5 21:00,10889.91,29.04,TRADE
NSW1,2009/8/5 21:30,10564.81,26.4,TRADE
NSW1,2009/8/5 22:00,10141.27,23.34,TRADE
NSW1,2009/8/5 22:30,10070.3,25.88,TRADE
NSW1,2009/8/5 23:00,9710.95,24.21,TRADE
NSW1,2009/8/5 23:30,9426.59,23.33,TRADE
NSW1,2009/8/6 0:00,9234.17,22.22,TRADE
NSW1,2009/8/6 0:30,8989.6,22,TRADE
NSW1,2009/8/6 1:00,8824.27,20.45,TRADE
NSW1,2009/8/6 1:30,8668.01,21.8,TRADE
NSW1,2009/8/6 2:00,8405.22,21.98,TRADE
NSW1,2009/8/6 2:30,8028.44,22.08,TRADE
NSW1,2009/8/6 3:00,7657.72,21.31,TRADE
NSW1,2009/8/6 3:30,7420.46,21,TRADE
NSW1,2009/8/6 4:00,7261.5,19.7,TRADE
NSW1,2009/8/6 4:30,7186.09,17.4,TRADE
NSW1,2009/8/6 5:00,7270.52,19.61,TRADE
NSW1,2009/8/6 5:30,7596.98,21.77,TRADE
NSW1,2009/8/6 6:00,8083.06,23.19,TRADE
NSW1,2009/8/6 6:30,9051.38,31.69,TRADE
NSW1,2009/8/6 7:00,10012.64,35.92,TRADE
NSW1,2009/8/6 7:30,10522.82,32.3,TRADE
NSW1,2009/8/6 8:00,10968.89,32.64,TRADE
NSW1,2009/8/6 8:30,10916.89,27.63,TRADE
NSW1,2009/8/6 9:00,10692.62,23.99,TRADE
NSW1,2009/8/6 9:30,10640,23.97,TRADE
NSW1,2009/8/6 10:00,10448.23,23.02,TRADE
NSW1,2009/8/6 10:30,10290.15,22,TRADE
NSW1,2009/8/6 11:00,10170.59,22,TRADE
NSW1,2009/8/6 11:30,9889.96,22,TRADE
NSW1,2009/8/6 12:00,9728.53,24.44,TRADE
NSW1,2009/8/6 12:30,9658.13,22.01,TRADE
NSW1,2009/8/6 13:00,9516.49,21.08,TRADE
NSW1,2009/8/6 13:30,9467.69,21.95,TRADE
NSW1,2009/8/6 14:00,9350.15,22,TRADE
NSW1,2009/8/6 14:30,9319.98,22,TRADE
NSW1,2009/8/6 15:00,9252.67,22,TRADE
NSW1,2009/8/6 15:30,9173.93,21.97,TRADE
NSW1,2009/8/6 16:00,9235.29,21.99,TRADE
NSW1,2009/8/6 16:30,9338.73,22,TRADE
NSW1,2009/8/6 17:00,9597.83,22,TRADE
NSW1,2009/8/6 17:30,10189.5,23.08,TRADE
NSW1,2009/8/6 18:00,11030.59,28.15,TRADE
NSW1,2009/8/6 18:30,11305.06,32.98,TRADE
NSW1,2009/8/6 19:00,11345.82,31.7,TRADE
NSW1,2009/8/6 19:30,11168.1,25.87,TRADE
NSW1,2009/8/6 20:00,10968.86,26.42,TRADE
NSW1,2009/8/6 20:30,10826.93,26.74,TRADE
NSW1,2009/8/6 21:00,10563.56,23.94,TRADE
NSW1,2009/8/6 21:30,10303.94,22.72,TRADE
NSW1,2009/8/6 22:00,9828.11,21.69,TRADE
NSW1,2009/8/6 22:30,9815.72,23.38,TRADE
NSW1,2009/8/6 23:00,9539.3,22,TRADE
NSW1,2009/8/6 23:30,9281.99,21.87,TRADE
NSW1,2009/8/7 0:00,9055.55,22.1,TRADE
NSW1,2009/8/7 0:30,8863.14,20.94,TRADE
NSW1,2009/8/7 1:00,8655.8,19.5,TRADE
NSW1,2009/8/7 1:30,8504.53,21.74,TRADE
NSW1,2009/8/7 2:00,8244.68,22.42,TRADE
NSW1,2009/8/7 2:30,7889.74,22.07,TRADE
NSW1,2009/8/7 3:00,7530,20.48,TRADE
NSW1,2009/8/7 3:30,7233.33,17.49,TRADE
NSW1,2009/8/7 4:00,7088.84,15.68,TRADE
NSW1,2009/8/7 4:30,7065.26,18.25,TRADE
NSW1,2009/8/7 5:00,7145.35,21.13,TRADE
NSW1,2009/8/7 5:30,7492.32,21.99,TRADE
NSW1,2009/8/7 6:00,7923.86,22.34,TRADE
NSW1,2009/8/7 6:30,8827.43,30.44,TRADE
NSW1,2009/8/7 7:00,9706.41,29.07,TRADE
NSW1,2009/8/7 7:30,10174.94,28.47,TRADE
NSW1,2009/8/7 8:00,10589.89,24.93,TRADE
NSW1,2009/8/7 8:30,10665.8,24.28,TRADE
NSW1,2009/8/7 9:00,10410.98,24.32,TRADE
NSW1,2009/8/7 9:30,10351.28,23.47,TRADE
NSW1,2009/8/7 10:00,10219.08,22.62,TRADE
NSW1,2009/8/7 10:30,10082.89,23.67,TRADE
NSW1,2009/8/7 11:00,9968.19,23.45,TRADE
NSW1,2009/8/7 11:30,9887.66,21.87,TRADE
NSW1,2009/8/7 12:00,9685.75,21.42,TRADE
NSW1,2009/8/7 12:30,9630.93,22.07,TRADE
NSW1,2009/8/7 13:00,9563.23,22,TRADE
NSW1,2009/8/7 13:30,9507.3,21.99,TRADE
NSW1,2009/8/7 14:00,9482.38,22,TRADE
NSW1,2009/8/7 14:30,9334.49,22,TRADE
NSW1,2009/8/7 15:00,9275.73,22,TRADE
NSW1,2009/8/7 15:30,9240.9,22,TRADE
NSW1,2009/8/7 16:00,9342.77,22,TRADE
NSW1,2009/8/7 16:30,9550.46,22,TRADE
NSW1,2009/8/7 17:00,9808.35,22,TRADE
NSW1,2009/8/7 17:30,10125.98,22.82,TRADE
NSW1,2009/8/7 18:00,10735.17,25.27,TRADE
NSW1,2009/8/7 18:30,10933.5,28.81,TRADE
NSW1,2009/8/7 19:00,10880.29,26.17,TRADE
NSW1,2009/8/7 19:30,10717.78,25.91,TRADE
NSW1,2009/8/7 20:00,10489.38,25.1,TRADE
NSW1,2009/8/7 20:30,10412.51,24.85,TRADE
NSW1,2009/8/7 21:00,10247.14,24.68,TRADE
NSW1,2009/8/7 21:30,9953.22,23.33,TRADE
NSW1,2009/8/7 22:00,9765.04,23.21,TRADE
NSW1,2009/8/7 22:30,9904.22,30.49,TRADE
NSW1,2009/8/7 23:00,9786.84,29.78,TRADE
NSW1,2009/8/7 23:30,9684.36,28.28,TRADE
NSW1,2009/8/8 0:00,9478.25,24.63,TRADE
NSW1,2009/8/8 0:30,9214.44,22.07,TRADE
NSW1,2009/8/8 1:00,8957.29,21.38,TRADE
NSW1,2009/8/8 1:30,8739.9,22.41,TRADE
NSW1,2009/8/8 2:00,8390.04,23.29,TRADE
NSW1,2009/8/8 2:30,8024.2,23.69,TRADE
NSW1,2009/8/8 3:00,7640.89,21.55,TRADE
NSW1,2009/8/8 3:30,7401.59,21.6,TRADE
NSW1,2009/8/8 4:00,7208.04,19.88,TRADE
NSW1,2009/8/8 4:30,7107.75,19.29,TRADE
NSW1,2009/8/8 5:00,7097.56,17.74,TRADE
NSW1,2009/8/8 5:30,7252.84,21.46,TRADE
NSW1,2009/8/8 6:00,7455.29,21.59,TRADE
NSW1,2009/8/8 6:30,7787.82,23.82,TRADE
NSW1,2009/8/8 7:00,8153.92,24.82,TRADE
NSW1,2009/8/8 7:30,8696.34,22.53,TRADE
NSW1,2009/8/8 8:00,9327.1,22.21,TRADE
NSW1,2009/8/8 8:30,9806.48,23.72,TRADE
NSW1,2009/8/8 9:00,10021.29,26.93,TRADE
NSW1,2009/8/8 9:30,10187.91,28.86,TRADE
NSW1,2009/8/8 10:00,10006.17,24.93,TRADE
NSW1,2009/8/8 10:30,9811.68,21.83,TRADE
NSW1,2009/8/8 11:00,9562.7,21.93,TRADE
NSW1,2009/8/8 11:30,9250.98,21.13,TRADE
NSW1,2009/8/8 12:00,9054.03,20.8,TRADE
NSW1,2009/8/8 12:30,8851.68,19.36,TRADE
NSW1,2009/8/8 13:00,8697.68,19.24,TRADE
NSW1,2009/8/8 13:30,8602.45,19.5,TRADE
NSW1,2009/8/8 14:00,8471.17,19.19,TRADE
NSW1,2009/8/8 14:30,8399.93,18.94,TRADE
NSW1,2009/8/8 15:00,8318.6,18.54,TRADE
NSW1,2009/8/8 15:30,8380.41,19.39,TRADE
NSW1,2009/8/8 16:00,8414.5,19.35,TRADE
NSW1,2009/8/8 16:30,8596.13,20.18,TRADE
NSW1,2009/8/8 17:00,9010.28,20.99,TRADE
NSW1,2009/8/8 17:30,9542.58,22.61,TRADE
NSW1,2009/8/8 18:00,10538.62,36.04,TRADE
NSW1,2009/8/8 18:30,10978.33,39.23,TRADE
NSW1,2009/8/8 19:00,10919.14,39.66,TRADE
NSW1,2009/8/8 19:30,10685.27,34.57,TRADE
NSW1,2009/8/8 20:00,10514.94,32.65,TRADE
NSW1,2009/8/8 20:30,10370.61,34.09,TRADE
NSW1,2009/8/8 21:00,10265.79,35.19,TRADE
NSW1,2009/8/8 21:30,10024.83,31.83,TRADE
NSW1,2009/8/8 22:00,9783.36,27.89,TRADE
NSW1,2009/8/8 22:30,9783.92,31.9,TRADE
NSW1,2009/8/8 23:00,9534.22,27.67,TRADE
NSW1,2009/8/8 23:30,9401.39,27.22,TRADE
NSW1,2009/8/9 0:00,9118.37,22.89,TRADE
NSW1,2009/8/9 0:30,8778.84,20.83,TRADE
NSW1,2009/8/9 1:00,8476.57,20.56,TRADE
NSW1,2009/8/9 1:30,8251.67,21.63,TRADE
NSW1,2009/8/9 2:00,7978.97,21.98,TRADE
NSW1,2009/8/9 2:30,7641.53,22.34,TRADE
NSW1,2009/8/9 3:00,7364.37,21.09,TRADE
NSW1,2009/8/9 3:30,7157.1,18.28,TRADE
NSW1,2009/8/9 4:00,7029.56,15.09,TRADE
NSW1,2009/8/9 4:30,6934.05,14.24,TRADE
NSW1,2009/8/9 5:00,6962.74,15.27,TRADE
NSW1,2009/8/9 5:30,7092.8,19.5,TRADE
NSW1,2009/8/9 6:00,7220.4,20.5,TRADE
NSW1,2009/8/9 6:30,7529.6,21.83,TRADE
NSW1,2009/8/9 7:00,7775.81,21.99,TRADE
NSW1,2009/8/9 7:30,8230.7,21.48,TRADE
NSW1,2009/8/9 8:00,8794.95,21.99,TRADE
NSW1,2009/8/9 8:30,9387.91,22,TRADE
NSW1,2009/8/9 9:00,9699.89,22,TRADE
NSW1,2009/8/9 9:30,9897.22,22.53,TRADE
NSW1,2009/8/9 10:00,9900.42,22.31,TRADE
NSW1,2009/8/9 10:30,9811.47,22,TRADE
NSW1,2009/8/9 11:00,9448.25,21.3,TRADE
NSW1,2009/8/9 11:30,9224.15,21.02,TRADE
NSW1,2009/8/9 12:00,9067.9,20.62,TRADE
NSW1,2009/8/9 12:30,8901,20.71,TRADE
NSW1,2009/8/9 13:00,8724.58,20.41,TRADE
NSW1,2009/8/9 13:30,8614.46,20.62,TRADE
NSW1,2009/8/9 14:00,8418.92,20.01,TRADE
NSW1,2009/8/9 14:30,8340.3,19.59,TRADE
NSW1,2009/8/9 15:00,8246.77,19.86,TRADE
NSW1,2009/8/9 15:30,8332.04,20.13,TRADE
NSW1,2009/8/9 16:00,8495.74,20.36,TRADE
NSW1,2009/8/9 16:30,8852.7,21.68,TRADE
NSW1,2009/8/9 17:00,9334.6,22.69,TRADE
NSW1,2009/8/9 17:30,9900.23,27.95,TRADE
NSW1,2009/8/9 18:00,10911.9,63.64,TRADE
NSW1,2009/8/9 18:30,11316.59,67.53,TRADE
NSW1,2009/8/9 19:00,11282.01,67.66,TRADE
NSW1,2009/8/9 19:30,11142.26,51.73,TRADE
NSW1,2009/8/9 20:00,10986.88,43.14,TRADE
NSW1,2009/8/9 20:30,10861.06,43.86,TRADE
NSW1,2009/8/9 21:00,10724.22,42.64,TRADE
NSW1,2009/8/9 21:30,10385.29,37.05,TRADE
NSW1,2009/8/9 22:00,9924.63,28.49,TRADE
NSW1,2009/8/9 22:30,9635.33,25.21,TRADE
NSW1,2009/8/9 23:00,9216.18,21.26,TRADE
NSW1,2009/8/9 23:30,8946.89,20.49,TRADE
NSW1,2009/8/10 0:00,8591.42,20.8,TRADE
NSW1,2009/8/10 0:30,8335.71,19.59,TRADE
NSW1,2009/8/10 1:00,8148.99,20,TRADE
NSW1,2009/8/10 1:30,7985.58,21.6,TRADE
NSW1,2009/8/10 2:00,7771.59,21.82,TRADE
NSW1,2009/8/10 2:30,7482.79,20.03,TRADE
NSW1,2009/8/10 3:00,7258.68,17.97,TRADE
NSW1,2009/8/10 3:30,7085.14,14.02,TRADE
NSW1,2009/8/10 4:00,7046.85,13.29,TRADE
NSW1,2009/8/10 4:30,7029.03,14.87,TRADE
NSW1,2009/8/10 5:00,7188.54,18.68,TRADE
NSW1,2009/8/10 5:30,7552.58,21.15,TRADE
NSW1,2009/8/10 6:00,8090.5,22.32,TRADE
NSW1,2009/8/10 6:30,9095.7,29.94,TRADE
NSW1,2009/8/10 7:00,10086.04,36.15,TRADE
NSW1,2009/8/10 7:30,10714.57,36.26,TRADE
NSW1,2009/8/10 8:00,11261.19,37.47,TRADE
NSW1,2009/8/10 8:30,11410.82,35.93,TRADE
NSW1,2009/8/10 9:00,11283.35,32.45,TRADE
NSW1,2009/8/10 9:30,11265.35,34.68,TRADE
NSW1,2009/8/10 10:00,11129.7,31.28,TRADE
NSW1,2009/8/10 10:30,11014.44,28.63,TRADE
NSW1,2009/8/10 11:00,10862.19,26.65,TRADE
NSW1,2009/8/10 11:30,10653.82,28.59,TRADE
NSW1,2009/8/10 12:00,10462.28,26.44,TRADE
NSW1,2009/8/10 12:30,10318.91,25.49,TRADE
NSW1,2009/8/10 13:00,10230.92,26.51,TRADE
NSW1,2009/8/10 13:30,10126.49,25.33,TRADE
NSW1,2009/8/10 14:00,10025.04,25.1,TRADE
NSW1,2009/8/10 14:30,9960.84,22.97,TRADE
NSW1,2009/8/10 15:00,9816.13,22,TRADE
NSW1,2009/8/10 15:30,9780.6,22,TRADE
NSW1,2009/8/10 16:00,9884.41,22,TRADE
NSW1,2009/8/10 16:30,10076.36,22.32,TRADE
NSW1,2009/8/10 17:00,10402.61,23.08,TRADE
NSW1,2009/8/10 17:30,11002.81,26.78,TRADE
NSW1,2009/8/10 18:00,11879.16,38.83,TRADE
NSW1,2009/8/10 18:30,12107.81,43.75,TRADE
NSW1,2009/8/10 19:00,12018.63,41.22,TRADE
NSW1,2009/8/10 19:30,11748.02,33.24,TRADE
NSW1,2009/8/10 20:00,11475.22,30.87,TRADE
NSW1,2009/8/10 20:30,11356.87,31.1,TRADE
NSW1,2009/8/10 21:00,11080.83,31.67,TRADE
NSW1,2009/8/10 21:30,10737.86,27.72,TRADE
NSW1,2009/8/10 22:00,10158.57,22.51,TRADE
NSW1,2009/8/10 22:30,10071.61,24.62,TRADE
NSW1,2009/8/10 23:00,9635.02,21.47,TRADE
NSW1,2009/8/10 23:30,9436.1,22.66,TRADE
NSW1,2009/8/11 0:00,9181.74,21.85,TRADE
NSW1,2009/8/11 0:30,8968.73,21.84,TRADE
NSW1,2009/8/11 1:00,8770.99,20.35,TRADE
NSW1,2009/8/11 1:30,8646.44,21.95,TRADE
NSW1,2009/8/11 2:00,8368.09,22.16,TRADE
NSW1,2009/8/11 2:30,7953.74,22.14,TRADE
NSW1,2009/8/11 3:00,7632.8,20.64,TRADE
NSW1,2009/8/11 3:30,7346.69,18.05,TRADE
NSW1,2009/8/11 4:00,7156.92,14.53,TRADE
NSW1,2009/8/11 4:30,7131.75,14.9,TRADE
NSW1,2009/8/11 5:00,7186.75,17.87,TRADE
NSW1,2009/8/11 5:30,7519.87,20.38,TRADE
NSW1,2009/8/11 6:00,7977.75,20.61,TRADE
NSW1,2009/8/11 6:30,8896.09,30.83,TRADE
NSW1,2009/8/11 7:00,9882.77,38.03,TRADE
NSW1,2009/8/11 7:30,10335.55,37.98,TRADE
NSW1,2009/8/11 8:00,10799.18,38.93,TRADE
NSW1,2009/8/11 8:30,10881.8,36.83,TRADE
NSW1,2009/8/11 9:00,10883.01,35.44,TRADE
NSW1,2009/8/11 9:30,10940.36,35.16,TRADE
NSW1,2009/8/11 10:00,10956.57,33.15,TRADE
NSW1,2009/8/11 10:30,10982.45,35.25,TRADE
NSW1,2009/8/11 11:00,10978.35,34.64,TRADE
NSW1,2009/8/11 11:30,10889.93,33.83,TRADE
NSW1,2009/8/11 12:00,10817.76,32.43,TRADE
NSW1,2009/8/11 12:30,10732.96,32.18,TRADE
NSW1,2009/8/11 13:00,10532.74,29.09,TRADE
NSW1,2009/8/11 13:30,10448.57,30.98,TRADE
NSW1,2009/8/11 14:00,10313.68,28.87,TRADE
NSW1,2009/8/11 14:30,10173.1,26.06,TRADE
NSW1,2009/8/11 15:00,9990.74,24.64,TRADE
NSW1,2009/8/11 15:30,9920.9,23.59,TRADE
NSW1,2009/8/11 16:00,9861.82,26.66,TRADE
NSW1,2009/8/11 16:30,10006.95,23.99,TRADE
NSW1,2009/8/11 17:00,10246.11,22.54,TRADE
NSW1,2009/8/11 17:30,10776.57,31.33,TRADE
NSW1,2009/8/11 18:00,11547.71,48.78,TRADE
NSW1,2009/8/11 18:30,11779.47,54.5,TRADE
NSW1,2009/8/11 19:00,11734.48,51.06,TRADE
NSW1,2009/8/11 19:30,11514.16,41.02,TRADE
NSW1,2009/8/11 20:00,11318.04,39.57,TRADE
NSW1,2009/8/11 20:30,11165.43,35.01,TRADE
NSW1,2009/8/11 21:00,10904.22,32.73,TRADE
NSW1,2009/8/11 21:30,10515,28.14,TRADE
NSW1,2009/8/11 22:00,10126.97,24.92,TRADE
NSW1,2009/8/11 22:30,10071.1,28.51,TRADE
NSW1,2009/8/11 23:00,9724.06,24.93,TRADE
NSW1,2009/8/11 23:30,9479.28,23,TRADE
NSW1,2009/8/12 0:00,9223.29,22.01,TRADE
NSW1,2009/8/12 0:30,8972.1,21.01,TRADE
NSW1,2009/8/12 1:00,8817.29,20.1,TRADE
NSW1,2009/8/12 1:30,8631.72,21.44,TRADE
NSW1,2009/8/12 2:00,8345.19,23.5,TRADE
NSW1,2009/8/12 2:30,7983.1,22.31,TRADE
NSW1,2009/8/12 3:00,7559.13,16.85,TRADE
NSW1,2009/8/12 3:30,7267.13,13.19,TRADE
NSW1,2009/8/12 4:00,7115.81,12.08,TRADE
NSW1,2009/8/12 4:30,7031.11,12.02,TRADE
NSW1,2009/8/12 5:00,7089.39,15.14,TRADE
NSW1,2009/8/12 5:30,7407.44,20.54,TRADE
NSW1,2009/8/12 6:00,7934.61,22.01,TRADE
NSW1,2009/8/12 6:30,8896.29,28.97,TRADE
NSW1,2009/8/12 7:00,9809.51,34.56,TRADE
NSW1,2009/8/12 7:30,10270.24,32,TRADE
NSW1,2009/8/12 8:00,10715.45,33.1,TRADE
NSW1,2009/8/12 8:30,10699.12,32.09,TRADE
NSW1,2009/8/12 9:00,10462.82,30.01,TRADE
NSW1,2009/8/12 9:30,10383.24,30.78,TRADE
NSW1,2009/8/12 10:00,10258.87,27.74,TRADE
NSW1,2009/8/12 10:30,10116.9,25.12,TRADE
NSW1,2009/8/12 11:00,9980.99,25.59,TRADE
NSW1,2009/8/12 11:30,9812.56,24.02,TRADE
NSW1,2009/8/12 12:00,9684.37,22.55,TRADE
NSW1,2009/8/12 12:30,9586.8,22,TRADE
NSW1,2009/8/12 13:00,9505.71,22.4,TRADE
NSW1,2009/8/12 13:30,9474.96,22,TRADE
NSW1,2009/8/12 14:00,9437.22,21.95,TRADE
NSW1,2009/8/12 14:30,9372.04,22.07,TRADE
NSW1,2009/8/12 15:00,9293.03,22,TRADE
NSW1,2009/8/12 15:30,9263.57,22,TRADE
NSW1,2009/8/12 16:00,9316.03,22,TRADE
NSW1,2009/8/12 16:30,9452.8,22,TRADE
NSW1,2009/8/12 17:00,9731.49,22.02,TRADE
NSW1,2009/8/12 17:30,10236.86,24.37,TRADE
NSW1,2009/8/12 18:00,11010.68,35.07,TRADE
NSW1,2009/8/12 18:30,11282.01,41.01,TRADE
NSW1,2009/8/12 19:00,11269.56,43.37,TRADE
NSW1,2009/8/12 19:30,11069.35,33.19,TRADE
NSW1,2009/8/12 20:00,10904.85,33.3,TRADE
NSW1,2009/8/12 20:30,10794.23,34.27,TRADE
NSW1,2009/8/12 21:00,10570.69,33.13,TRADE
NSW1,2009/8/12 21:30,10208.41,25.19,TRADE
NSW1,2009/8/12 22:00,9793.28,22.3,TRADE
NSW1,2009/8/12 22:30,9802.79,27.8,TRADE
NSW1,2009/8/12 23:00,9486.92,23.27,TRADE
NSW1,2009/8/12 23:30,9304.19,24.88,TRADE
NSW1,2009/8/13 0:00,9113.45,21.68,TRADE
NSW1,2009/8/13 0:30,8833.35,20.54,TRADE
NSW1,2009/8/13 1:00,8614.9,19.86,TRADE
NSW1,2009/8/13 1:30,8501.93,21.98,TRADE
NSW1,2009/8/13 2:00,8237.55,23.6,TRADE
NSW1,2009/8/13 2:30,7853.65,21.45,TRADE
NSW1,2009/8/13 3:00,7509.51,17.3,TRADE
NSW1,2009/8/13 3:30,7245.74,11.88,TRADE
NSW1,2009/8/13 4:00,7073.61,15.05,TRADE
NSW1,2009/8/13 4:30,7062.49,14.58,TRADE
NSW1,2009/8/13 5:00,7097.32,16.5,TRADE
NSW1,2009/8/13 5:30,7440.84,19.97,TRADE
NSW1,2009/8/13 6:00,7898.07,21.84,TRADE
NSW1,2009/8/13 6:30,8867.93,28.12,TRADE
NSW1,2009/8/13 7:00,9776.82,31.06,TRADE
NSW1,2009/8/13 7:30,10250.52,27.47,TRADE
NSW1,2009/8/13 8:00,10608.83,28.27,TRADE
NSW1,2009/8/13 8:30,10594.04,27.13,TRADE
NSW1,2009/8/13 9:00,10377.1,25.22,TRADE
NSW1,2009/8/13 9:30,10283.37,23.87,TRADE
NSW1,2009/8/13 10:00,10187.48,22.41,TRADE
NSW1,2009/8/13 10:30,10110.59,22.88,TRADE
NSW1,2009/8/13 11:00,9910.84,22,TRADE
NSW1,2009/8/13 11:30,9740.63,22,TRADE
NSW1,2009/8/13 12:00,9644.88,22,TRADE
NSW1,2009/8/13 12:30,9569.72,22,TRADE
NSW1,2009/8/13 13:00,9507.8,21.85,TRADE
NSW1,2009/8/13 13:30,9448.81,22,TRADE
NSW1,2009/8/13 14:00,9347.84,22,TRADE
NSW1,2009/8/13 14:30,9327.33,22,TRADE
NSW1,2009/8/13 15:00,9249.88,21.95,TRADE
NSW1,2009/8/13 15:30,9097.82,20.62,TRADE
NSW1,2009/8/13 16:00,9146.09,21.7,TRADE
NSW1,2009/8/13 16:30,9237.82,21.96,TRADE
NSW1,2009/8/13 17:00,9445.25,21.95,TRADE
NSW1,2009/8/13 17:30,9928.87,22.23,TRADE
NSW1,2009/8/13 18:00,10746.6,29.2,TRADE
NSW1,2009/8/13 18:30,11083.21,36.29,TRADE
NSW1,2009/8/13 19:00,11074.06,36.27,TRADE
NSW1,2009/8/13 19:30,10889.8,31.14,TRADE
NSW1,2009/8/13 20:00,10765.96,31.02,TRADE
NSW1,2009/8/13 20:30,10676.35,30,TRADE
NSW1,2009/8/13 21:00,10486.28,29.67,TRADE
NSW1,2009/8/13 21:30,10154.79,24.03,TRADE
NSW1,2009/8/13 22:00,9758.53,21.71,TRADE
NSW1,2009/8/13 22:30,9774.51,25.04,TRADE
NSW1,2009/8/13 23:00,9515,24.25,TRADE
NSW1,2009/8/13 23:30,9320.12,23.46,TRADE
NSW1,2009/8/14 0:00,9091.53,22.48,TRADE
NSW1,2009/8/14 0:30,8914.4,20.97,TRADE
NSW1,2009/8/14 1:00,8718.4,19.87,TRADE
NSW1,2009/8/14 1:30,8511.17,21.58,TRADE
NSW1,2009/8/14 2:00,8288.04,26.11,TRADE
NSW1,2009/8/14 2:30,7891.37,23.32,TRADE
NSW1,2009/8/14 3:00,7542.11,19.64,TRADE
NSW1,2009/8/14 3:30,7243.67,15.87,TRADE
NSW1,2009/8/14 4:00,7143.44,14.28,TRADE
NSW1,2009/8/14 4:30,7090.44,15.69,TRADE
NSW1,2009/8/14 5:00,7156.13,17.59,TRADE
NSW1,2009/8/14 5:30,7476.81,19.4,TRADE
NSW1,2009/8/14 6:00,7899.29,21.92,TRADE
NSW1,2009/8/14 6:30,8826.44,29.15,TRADE
NSW1,2009/8/14 7:00,9664.1,31.12,TRADE
NSW1,2009/8/14 7:30,10118.59,28.72,TRADE
NSW1,2009/8/14 8:00,10586.78,29.28,TRADE
NSW1,2009/8/14 8:30,10569.31,26.31,TRADE
NSW1,2009/8/14 9:00,10392.77,24.57,TRADE
NSW1,2009/8/14 9:30,10342.94,22.52,TRADE
NSW1,2009/8/14 10:00,10278.24,22.4,TRADE
NSW1,2009/8/14 10:30,10145.43,23.02,TRADE
NSW1,2009/8/14 11:00,10022.03,26.55,TRADE
NSW1,2009/8/14 11:30,9846.04,23.62,TRADE
NSW1,2009/8/14 12:00,9687.7,22,TRADE
NSW1,2009/8/14 12:30,9597.82,22.01,TRADE
NSW1,2009/8/14 13:00,9406.05,22,TRADE
NSW1,2009/8/14 13:30,9317.95,21.97,TRADE
NSW1,2009/8/14 14:00,9205.63,22,TRADE
NSW1,2009/8/14 14:30,9120.47,21.96,TRADE
NSW1,2009/8/14 15:00,9030.11,21.24,TRADE
NSW1,2009/8/14 15:30,8921.86,19.92,TRADE
NSW1,2009/8/14 16:00,8952.95,20.59,TRADE
NSW1,2009/8/14 16:30,9076.24,21,TRADE
NSW1,2009/8/14 17:00,9178.09,21.48,TRADE
NSW1,2009/8/14 17:30,9514.02,22.04,TRADE
NSW1,2009/8/14 18:00,10256.31,23.82,TRADE
NSW1,2009/8/14 18:30,10563.4,23.08,TRADE
NSW1,2009/8/14 19:00,10531.72,22.81,TRADE
NSW1,2009/8/14 19:30,10270.15,22.04,TRADE
NSW1,2009/8/14 20:00,10134.95,22.11,TRADE
NSW1,2009/8/14 20:30,10062.63,21.98,TRADE
NSW1,2009/8/14 21:00,9895.29,21.95,TRADE
NSW1,2009/8/14 21:30,9676.54,21.97,TRADE
NSW1,2009/8/14 22:00,9373.27,20.25,TRADE
NSW1,2009/8/14 22:30,9586.27,21.85,TRADE
NSW1,2009/8/14 23:00,9455.5,20.81,TRADE
NSW1,2009/8/14 23:30,9354.35,22.38,TRADE
NSW1,2009/8/15 0:00,9142.37,20.15,TRADE
NSW1,2009/8/15 0:30,8892.26,20.5,TRADE
NSW1,2009/8/15 1:00,8763.75,20.92,TRADE
NSW1,2009/8/15 1:30,8540.32,21.87,TRADE
NSW1,2009/8/15 2:00,8219.99,21.8,TRADE
NSW1,2009/8/15 2:30,7830.18,21.37,TRADE
NSW1,2009/8/15 3:00,7507.68,15.63,TRADE
NSW1,2009/8/15 3:30,7213.56,11.91,TRADE
NSW1,2009/8/15 4:00,7020.51,7.79,TRADE
NSW1,2009/8/15 4:30,6895.59,4.46,TRADE
NSW1,2009/8/15 5:00,6957.06,8.74,TRADE
NSW1,2009/8/15 5:30,7063.06,15.1,TRADE
NSW1,2009/8/15 6:00,7189.71,18,TRADE
NSW1,2009/8/15 6:30,7562.22,21.3,TRADE
NSW1,2009/8/15 7:00,7892.79,22,TRADE
NSW1,2009/8/15 7:30,8364.93,21.8,TRADE
NSW1,2009/8/15 8:00,8924.73,21.99,TRADE
NSW1,2009/8/15 8:30,9337.54,21.87,TRADE
NSW1,2009/8/15 9:00,9482.34,22,TRADE
NSW1,2009/8/15 9:30,9573.68,22,TRADE
NSW1,2009/8/15 10:00,9402.66,21.92,TRADE
NSW1,2009/8/15 10:30,9274.17,21.57,TRADE
NSW1,2009/8/15 11:00,9057.12,20.93,TRADE
NSW1,2009/8/15 11:30,8743.64,20.59,TRADE
NSW1,2009/8/15 12:00,8591.3,20.2,TRADE
NSW1,2009/8/15 12:30,8433.63,19.7,TRADE
NSW1,2009/8/15 13:00,8335.54,18.67,TRADE
NSW1,2009/8/15 13:30,8208.24,17.56,TRADE
NSW1,2009/8/15 14:00,8087.37,17.22,TRADE
NSW1,2009/8/15 14:30,7999.36,17,TRADE
NSW1,2009/8/15 15:00,7971.14,17,TRADE
NSW1,2009/8/15 15:30,7930.82,17.03,TRADE
NSW1,2009/8/15 16:00,7972.96,17.03,TRADE
NSW1,2009/8/15 16:30,8123.88,17.62,TRADE
NSW1,2009/8/15 17:00,8256.01,20.07,TRADE
NSW1,2009/8/15 17:30,8573.9,20.5,TRADE
NSW1,2009/8/15 18:00,9365.92,22.04,TRADE
NSW1,2009/8/15 18:30,9837.67,22.06,TRADE
NSW1,2009/8/15 19:00,9754.73,21.64,TRADE
NSW1,2009/8/15 19:30,9507.8,21.63,TRADE
NSW1,2009/8/15 20:00,9320.32,21.15,TRADE
NSW1,2009/8/15 20:30,9208.43,20.98,TRADE
NSW1,2009/8/15 21:00,9085.56,20.95,TRADE
NSW1,2009/8/15 21:30,8942.05,20.95,TRADE
NSW1,2009/8/15 22:00,8784.64,20.95,TRADE
NSW1,2009/8/15 22:30,8849.76,21.2,TRADE
NSW1,2009/8/15 23:00,8731.03,20.97,TRADE
NSW1,2009/8/15 23:30,8632.38,21.15,TRADE
NSW1,2009/8/16 0:00,8419.26,20.07,TRADE
NSW1,2009/8/16 0:30,8087.09,18.07,TRADE
NSW1,2009/8/16 1:00,7877.41,17,TRADE
NSW1,2009/8/16 1:30,7691.25,18.26,TRADE
NSW1,2009/8/16 2:00,7493.37,16.51,TRADE
NSW1,2009/8/16 2:30,7162.16,12.89,TRADE
NSW1,2009/8/16 3:00,6911.41,6.03,TRADE
NSW1,2009/8/16 3:30,6718.37,1.79,TRADE
NSW1,2009/8/16 4:00,6611.88,-0.02,TRADE
NSW1,2009/8/16 4:30,6559.86,-0.01,TRADE
NSW1,2009/8/16 5:00,6568.22,-0.32,TRADE
NSW1,2009/8/16 5:30,6667.81,3.52,TRADE
NSW1,2009/8/16 6:00,6807.3,11.18,TRADE
NSW1,2009/8/16 6:30,7037.71,11.51,TRADE
NSW1,2009/8/16 7:00,7251.53,15.02,TRADE
NSW1,2009/8/16 7:30,7578.37,16.5,TRADE
NSW1,2009/8/16 8:00,8061.01,19.78,TRADE
NSW1,2009/8/16 8:30,8448.85,21,TRADE
NSW1,2009/8/16 9:00,8699.12,21.1,TRADE
NSW1,2009/8/16 9:30,8789.61,21.66,TRADE
NSW1,2009/8/16 10:00,8830.17,21.41,TRADE
NSW1,2009/8/16 10:30,8738.74,20.98,TRADE
NSW1,2009/8/16 11:00,8667.47,21.02,TRADE
NSW1,2009/8/16 11:30,8592.03,20.97,TRADE
NSW1,2009/8/16 12:00,8399.51,20.96,TRADE
NSW1,2009/8/16 12:30,8330.43,20.93,TRADE
NSW1,2009/8/16 13:00,8147.78,20.95,TRADE
NSW1,2009/8/16 13:30,8049.43,20.7,TRADE
NSW1,2009/8/16 14:00,7960.38,19.97,TRADE
NSW1,2009/8/16 14:30,7913.68,16.85,TRADE
NSW1,2009/8/16 15:00,7812.1,17,TRADE
NSW1,2009/8/16 15:30,7837.51,17,TRADE
NSW1,2009/8/16 16:00,7918.39,17,TRADE
NSW1,2009/8/16 16:30,7934.36,17,TRADE
NSW1,2009/8/16 17:00,8129.26,17,TRADE
NSW1,2009/8/16 17:30,8322.98,19.49,TRADE
NSW1,2009/8/16 18:00,9086.02,22.46,TRADE
NSW1,2009/8/16 18:30,9544.75,25.33,TRADE
NSW1,2009/8/16 19:00,9452.53,22.55,TRADE
NSW1,2009/8/16 19:30,9227.55,21.71,TRADE
NSW1,2009/8/16 20:00,8971.73,21.57,TRADE
NSW1,2009/8/16 20:30,8899.87,21.32,TRADE
NSW1,2009/8/16 21:00,8775.31,20.96,TRADE
NSW1,2009/8/16 21:30,8511.66,20.96,TRADE
NSW1,2009/8/16 22:00,8205.23,19.49,TRADE
NSW1,2009/8/16 22:30,8157.06,18.34,TRADE
NSW1,2009/8/16 23:00,7980.96,17.09,TRADE
NSW1,2009/8/16 23:30,7842.03,17.3,TRADE
NSW1,2009/8/17 0:00,7692.52,16.5,TRADE
NSW1,2009/8/17 0:30,7525.82,14.65,TRADE
NSW1,2009/8/17 1:00,7371.34,12.29,TRADE
NSW1,2009/8/17 1:30,7205.23,14.51,TRADE
NSW1,2009/8/17 2:00,7072.18,12.41,TRADE
NSW1,2009/8/17 2:30,6816.17,11.15,TRADE
NSW1,2009/8/17 3:00,6562.14,6.62,TRADE
NSW1,2009/8/17 3:30,6453.17,5.02,TRADE
NSW1,2009/8/17 4:00,6354.4,4.15,TRADE
NSW1,2009/8/17 4:30,6344.9,6.02,TRADE
NSW1,2009/8/17 5:00,6476.64,8.07,TRADE
NSW1,2009/8/17 5:30,6787.45,13.59,TRADE
NSW1,2009/8/17 6:00,7210.2,17.98,TRADE
NSW1,2009/8/17 6:30,7975.49,21.87,TRADE
NSW1,2009/8/17 7:00,8632.8,22.3,TRADE
NSW1,2009/8/17 7:30,8985.28,22.2,TRADE
NSW1,2009/8/17 8:00,9346.12,22.03,TRADE
NSW1,2009/8/17 8:30,9461.77,22,TRADE
NSW1,2009/8/17 9:00,9433.41,22,TRADE
NSW1,2009/8/17 9:30,9563.2,22.71,TRADE
NSW1,2009/8/17 10:00,9548.06,22.92,TRADE
NSW1,2009/8/17 10:30,9571.51,22.07,TRADE
NSW1,2009/8/17 11:00,9520.91,22,TRADE
NSW1,2009/8/17 11:30,9423.15,22,TRADE
NSW1,2009/8/17 12:00,9339.98,22,TRADE
NSW1,2009/8/17 12:30,9351.25,22,TRADE
NSW1,2009/8/17 13:00,9321.11,21.97,TRADE
NSW1,2009/8/17 13:30,9261.02,22,TRADE
NSW1,2009/8/17 14:00,9279.26,22,TRADE
NSW1,2009/8/17 14:30,9212.37,21.87,TRADE
NSW1,2009/8/17 15:00,9170.01,22,TRADE
NSW1,2009/8/17 15:30,9047.78,21.94,TRADE
NSW1,2009/8/17 16:00,9087.62,21.96,TRADE
NSW1,2009/8/17 16:30,9121.75,21.81,TRADE
NSW1,2009/8/17 17:00,9289.54,21.88,TRADE
NSW1,2009/8/17 17:30,9681.85,22.71,TRADE
NSW1,2009/8/17 18:00,10337.9,30.24,TRADE
NSW1,2009/8/17 18:30,10651.4,36.91,TRADE
NSW1,2009/8/17 19:00,10583.86,36.29,TRADE
NSW1,2009/8/17 19:30,10367.89,29.7,TRADE
NSW1,2009/8/17 20:00,10231.18,28.04,TRADE
NSW1,2009/8/17 20:30,10098.86,25.52,TRADE
NSW1,2009/8/17 21:00,9882.18,23.71,TRADE
NSW1,2009/8/17 21:30,9623.97,22.27,TRADE
NSW1,2009/8/17 22:00,9257.94,21.78,TRADE
NSW1,2009/8/17 22:30,9299.08,22.53,TRADE
NSW1,2009/8/17 23:00,9077.05,21.39,TRADE
NSW1,2009/8/17 23:30,8940.78,21.36,TRADE
NSW1,2009/8/18 0:00,8831.62,20.77,TRADE
NSW1,2009/8/18 0:30,8611.85,20.95,TRADE
NSW1,2009/8/18 1:00,8507.71,20.94,TRADE
NSW1,2009/8/18 1:30,8327.4,21.96,TRADE
NSW1,2009/8/18 2:00,8165.78,24.5,TRADE
NSW1,2009/8/18 2:30,7754.9,21.08,TRADE
NSW1,2009/8/18 3:00,7416.71,17.25,TRADE
NSW1,2009/8/18 3:30,7211.65,14.12,TRADE
NSW1,2009/8/18 4:00,7105.99,12.8,TRADE
NSW1,2009/8/18 4:30,7045.13,12.55,TRADE
NSW1,2009/8/18 5:00,7120.76,16.35,TRADE
NSW1,2009/8/18 5:30,7486.82,20.61,TRADE
NSW1,2009/8/18 6:00,7962.94,23.39,TRADE
NSW1,2009/8/18 6:30,8884.25,34.14,TRADE
NSW1,2009/8/18 7:00,9683.62,37.76,TRADE
NSW1,2009/8/18 7:30,10102.48,34.79,TRADE
NSW1,2009/8/18 8:00,10505.79,35.87,TRADE
NSW1,2009/8/18 8:30,10539.16,38.11,TRADE
NSW1,2009/8/18 9:00,10383.05,32.43,TRADE
NSW1,2009/8/18 9:30,10322.75,33.91,TRADE
NSW1,2009/8/18 10:00,10232.2,28.01,TRADE
NSW1,2009/8/18 10:30,10101.36,28.25,TRADE
NSW1,2009/8/18 11:00,10003.84,26.21,TRADE
NSW1,2009/8/18 11:30,9823.6,26.35,TRADE
NSW1,2009/8/18 12:00,9742.16,25.38,TRADE
NSW1,2009/8/18 12:30,9638.21,24.57,TRADE
NSW1,2009/8/18 13:00,9594.22,25.23,TRADE
NSW1,2009/8/18 13:30,9551.61,27.35,TRADE
NSW1,2009/8/18 14:00,9489.07,28.08,TRADE
NSW1,2009/8/18 14:30,9457,26.28,TRADE
NSW1,2009/8/18 15:00,9321.74,22.98,TRADE
NSW1,2009/8/18 15:30,9236.28,22.27,TRADE
NSW1,2009/8/18 16:00,9288.35,23.64,TRADE
NSW1,2009/8/18 16:30,9441.69,26.12,TRADE
NSW1,2009/8/18 17:00,9582.43,23.53,TRADE
NSW1,2009/8/18 17:30,9944.66,26.02,TRADE
NSW1,2009/8/18 18:00,10664.11,34.28,TRADE
NSW1,2009/8/18 18:30,11085.53,41.99,TRADE
NSW1,2009/8/18 19:00,11076.57,40.73,TRADE
NSW1,2009/8/18 19:30,10891.97,36.83,TRADE
NSW1,2009/8/18 20:00,10678.57,41.11,TRADE
NSW1,2009/8/18 20:30,10567.9,41.78,TRADE
NSW1,2009/8/18 21:00,10378.87,39.82,TRADE
NSW1,2009/8/18 21:30,10074.19,33.8,TRADE
NSW1,2009/8/18 22:00,9766.79,27.94,TRADE
NSW1,2009/8/18 22:30,9774.87,23.97,TRADE
NSW1,2009/8/18 23:00,9495.29,21.62,TRADE
NSW1,2009/8/18 23:30,9280.06,22.56,TRADE
NSW1,2009/8/19 0:00,9112.27,21.38,TRADE
NSW1,2009/8/19 0:30,8885.52,20.93,TRADE
NSW1,2009/8/19 1:00,8739.29,20.95,TRADE
NSW1,2009/8/19 1:30,8568.03,22.01,TRADE
NSW1,2009/8/19 2:00,8313.27,22.9,TRADE
NSW1,2009/8/19 2:30,7917.45,21.33,TRADE
NSW1,2009/8/19 3:00,7583.93,18.29,TRADE
NSW1,2009/8/19 3:30,7300.43,11.07,TRADE
NSW1,2009/8/19 4:00,7156,12.1,TRADE
NSW1,2009/8/19 4:30,7152.8,17.06,TRADE
NSW1,2009/8/19 5:00,7254.04,17.32,TRADE
NSW1,2009/8/19 5:30,7582.83,19.76,TRADE
NSW1,2009/8/19 6:00,8091.62,21.64,TRADE
NSW1,2009/8/19 6:30,9057.05,33.28,TRADE
NSW1,2009/8/19 7:00,9885.52,49.92,TRADE
NSW1,2009/8/19 7:30,10316.93,42.42,TRADE
NSW1,2009/8/19 8:00,10684.22,42.47,TRADE
NSW1,2009/8/19 8:30,10709.18,42.36,TRADE
NSW1,2009/8/19 9:00,10425.98,33.94,TRADE
NSW1,2009/8/19 9:30,10327.37,32.65,TRADE
NSW1,2009/8/19 10:00,10184.08,27.87,TRADE
NSW1,2009/8/19 10:30,10103.07,28.6,TRADE
NSW1,2009/8/19 11:00,9998.05,24.92,TRADE
NSW1,2009/8/19 11:30,9785.43,24.77,TRADE
NSW1,2009/8/19 12:00,9668.71,24.67,TRADE
NSW1,2009/8/19 12:30,9620.06,24.95,TRADE
NSW1,2009/8/19 13:00,9522.75,24.74,TRADE
NSW1,2009/8/19 13:30,9462.1,23.58,TRADE
NSW1,2009/8/19 14:00,9404.35,22.6,TRADE
NSW1,2009/8/19 14:30,9351.42,23.51,TRADE
NSW1,2009/8/19 15:00,9312.91,23,TRADE
NSW1,2009/8/19 15:30,9227.97,20.89,TRADE
NSW1,2009/8/19 16:00,9284.82,25.08,TRADE
NSW1,2009/8/19 16:30,9352.51,21.02,TRADE
NSW1,2009/8/19 17:00,9503.53,19.87,TRADE
NSW1,2009/8/19 17:30,9935.71,17.29,TRADE
NSW1,2009/8/19 18:00,10611.85,28.65,TRADE
NSW1,2009/8/19 18:30,10958.89,42.25,TRADE
NSW1,2009/8/19 19:00,10954.63,42.26,TRADE
NSW1,2009/8/19 19:30,10731.62,39.14,TRADE
NSW1,2009/8/19 20:00,10536.9,33.49,TRADE
NSW1,2009/8/19 20:30,10445.44,31.89,TRADE
NSW1,2009/8/19 21:00,10247.69,27.9,TRADE
NSW1,2009/8/19 21:30,9954.49,24.02,TRADE
NSW1,2009/8/19 22:00,9555.97,21.65,TRADE
NSW1,2009/8/19 22:30,9523.08,22.03,TRADE
NSW1,2009/8/19 23:00,9269.92,21.54,TRADE
NSW1,2009/8/19 23:30,9136.43,22.17,TRADE
NSW1,2009/8/20 0:00,8913.17,20.48,TRADE
NSW1,2009/8/20 0:30,8725.02,20.45,TRADE
NSW1,2009/8/20 1:00,8531.56,19.65,TRADE
NSW1,2009/8/20 1:30,8391.26,21.76,TRADE
NSW1,2009/8/20 2:00,8150.72,22,TRADE
NSW1,2009/8/20 2:30,7757.76,20.66,TRADE
NSW1,2009/8/20 3:00,7416.68,15.44,TRADE
NSW1,2009/8/20 3:30,7129.32,11.06,TRADE
NSW1,2009/8/20 4:00,6985.58,12.11,TRADE
NSW1,2009/8/20 4:30,6975.87,14.04,TRADE
NSW1,2009/8/20 5:00,7027.01,15.56,TRADE
NSW1,2009/8/20 5:30,7367.29,19.51,TRADE
NSW1,2009/8/20 6:00,7853.89,17.4,TRADE
NSW1,2009/8/20 6:30,8734.34,24.43,TRADE
NSW1,2009/8/20 7:00,9593.25,42.97,TRADE
NSW1,2009/8/20 7:30,9989.25,40.19,TRADE
NSW1,2009/8/20 8:00,10371.64,41.98,TRADE
NSW1,2009/8/20 8:30,10429.15,41.01,TRADE
NSW1,2009/8/20 9:00,10307.13,38.6,TRADE
NSW1,2009/8/20 9:30,10283.35,38.22,TRADE
NSW1,2009/8/20 10:00,10211.22,38.39,TRADE
NSW1,2009/8/20 10:30,10178.66,36.4,TRADE
NSW1,2009/8/20 11:00,10027.56,30.29,TRADE
NSW1,2009/8/20 11:30,9867.01,28.01,TRADE
NSW1,2009/8/20 12:00,9717.64,27.28,TRADE
NSW1,2009/8/20 12:30,9553.08,20.88,TRADE
NSW1,2009/8/20 13:00,9478.11,18.4,TRADE
NSW1,2009/8/20 13:30,9424.08,20.19,TRADE
NSW1,2009/8/20 14:00,9371.76,17.73,TRADE
NSW1,2009/8/20 14:30,9347.91,17,TRADE
NSW1,2009/8/20 15:00,9233.02,17,TRADE
NSW1,2009/8/20 15:30,9153.08,19.82,TRADE
NSW1,2009/8/20 16:00,9197.11,21.38,TRADE
NSW1,2009/8/20 16:30,9211,21.66,TRADE
NSW1,2009/8/20 17:00,9325.92,21.13,TRADE
NSW1,2009/8/20 17:30,9610.56,21.07,TRADE
NSW1,2009/8/20 18:00,10261.98,27.63,TRADE
NSW1,2009/8/20 18:30,10639.71,39.79,TRADE
NSW1,2009/8/20 19:00,10612.09,35.2,TRADE
NSW1,2009/8/20 19:30,10437.46,28.24,TRADE
NSW1,2009/8/20 20:00,10253.87,24.58,TRADE
NSW1,2009/8/20 20:30,10188.56,24.4,TRADE
NSW1,2009/8/20 21:00,9957.27,24.19,TRADE
NSW1,2009/8/20 21:30,9656.38,21.23,TRADE
NSW1,2009/8/20 22:00,9234.84,20.72,TRADE
NSW1,2009/8/20 22:30,9329.16,21.61,TRADE
NSW1,2009/8/20 23:00,9148.53,21.48,TRADE
NSW1,2009/8/20 23:30,8977.59,21.28,TRADE
NSW1,2009/8/21 0:00,8804.33,19.95,TRADE
NSW1,2009/8/21 0:30,8564.57,20.04,TRADE
NSW1,2009/8/21 1:00,8440.86,17.6,TRADE
NSW1,2009/8/21 1:30,8269.91,21.25,TRADE
NSW1,2009/8/21 2:00,8055.58,21.81,TRADE
NSW1,2009/8/21 2:30,7648.19,19.54,TRADE
NSW1,2009/8/21 3:00,7293.91,13.39,TRADE
NSW1,2009/8/21 3:30,7022.92,9.64,TRADE
NSW1,2009/8/21 4:00,6887.32,8.83,TRADE
NSW1,2009/8/21 4:30,6858.76,11.79,TRADE
NSW1,2009/8/21 5:00,6905.59,12.14,TRADE
NSW1,2009/8/21 5:30,7246.26,11.35,TRADE
NSW1,2009/8/21 6:00,7688.92,12.78,TRADE
NSW1,2009/8/21 6:30,8530.48,11.82,TRADE
NSW1,2009/8/21 7:00,9311.64,20.76,TRADE
NSW1,2009/8/21 7:30,9670.17,21.27,TRADE
NSW1,2009/8/21 8:00,9999.03,26.49,TRADE
NSW1,2009/8/21 8:30,10039.67,27.23,TRADE
NSW1,2009/8/21 9:00,9847.54,21.18,TRADE
NSW1,2009/8/21 9:30,9890.03,22.36,TRADE
NSW1,2009/8/21 10:00,9910.4,24.15,TRADE
NSW1,2009/8/21 10:30,9786.22,21.12,TRADE
NSW1,2009/8/21 11:00,9764.78,22.39,TRADE
NSW1,2009/8/21 11:30,9672.87,21.59,TRADE
NSW1,2009/8/21 12:00,9600.04,22,TRADE
NSW1,2009/8/21 12:30,9524.9,22,TRADE
NSW1,2009/8/21 13:00,9483.14,22.09,TRADE
NSW1,2009/8/21 13:30,9483.83,22.83,TRADE
NSW1,2009/8/21 14:00,9381.96,22.04,TRADE
NSW1,2009/8/21 14:30,9309.63,22,TRADE
NSW1,2009/8/21 15:00,9238.85,22.15,TRADE
NSW1,2009/8/21 15:30,9168,21.98,TRADE
NSW1,2009/8/21 16:00,9218.54,22,TRADE
NSW1,2009/8/21 16:30,9221.76,21.11,TRADE
NSW1,2009/8/21 17:00,9381.6,22.09,TRADE
NSW1,2009/8/21 17:30,9677.54,28.47,TRADE
NSW1,2009/8/21 18:00,10065.8,25.26,TRADE
NSW1,2009/8/21 18:30,10162.51,28.86,TRADE
NSW1,2009/8/21 19:00,9963.8,25.87,TRADE
NSW1,2009/8/21 19:30,9660.5,21.87,TRADE
NSW1,2009/8/21 20:00,9489.95,22.18,TRADE
NSW1,2009/8/21 20:30,9334.24,29.74,TRADE
NSW1,2009/8/21 21:00,9187.2,26.94,TRADE
NSW1,2009/8/21 21:30,8981.37,26.39,TRADE
NSW1,2009/8/21 22:00,8735.43,22.73,TRADE
NSW1,2009/8/21 22:30,8999.75,30.71,TRADE
NSW1,2009/8/21 23:00,8926.35,23.58,TRADE
NSW1,2009/8/21 23:30,8937.51,30.29,TRADE
NSW1,2009/8/22 0:00,8821.65,25.11,TRADE
NSW1,2009/8/22 0:30,8597.12,22,TRADE
NSW1,2009/8/22 1:00,8393.33,22.03,TRADE
NSW1,2009/8/22 1:30,8195.3,25.77,TRADE
NSW1,2009/8/22 2:00,7836.16,24.67,TRADE
NSW1,2009/8/22 2:30,7462.89,22.82,TRADE
NSW1,2009/8/22 3:00,7131.87,21.53,TRADE
NSW1,2009/8/22 3:30,6864.62,18.88,TRADE
NSW1,2009/8/22 4:00,6690.4,17,TRADE
NSW1,2009/8/22 4:30,6657.82,17.95,TRADE
NSW1,2009/8/22 5:00,6661.3,18.34,TRADE
NSW1,2009/8/22 5:30,6710.02,20.87,TRADE
NSW1,2009/8/22 6:00,6888.37,20.99,TRADE
NSW1,2009/8/22 6:30,7112.88,21.77,TRADE
NSW1,2009/8/22 7:00,7422.87,21.54,TRADE
NSW1,2009/8/22 7:30,7778.69,21.79,TRADE
NSW1,2009/8/22 8:00,8285.34,21.79,TRADE
NSW1,2009/8/22 8:30,8741.43,22.01,TRADE
NSW1,2009/8/22 9:00,8938.88,22.66,TRADE
NSW1,2009/8/22 9:30,9245.08,27.02,TRADE
NSW1,2009/8/22 10:00,9203.55,23.68,TRADE
NSW1,2009/8/22 10:30,9174.73,22.38,TRADE
NSW1,2009/8/22 11:00,8964.23,22,TRADE
NSW1,2009/8/22 11:30,8725.04,22,TRADE
NSW1,2009/8/22 12:00,8602.65,22,TRADE
NSW1,2009/8/22 12:30,8492.92,21.84,TRADE
NSW1,2009/8/22 13:00,8374.74,21.14,TRADE
NSW1,2009/8/22 13:30,8286.08,20.98,TRADE
NSW1,2009/8/22 14:00,8175.09,20.62,TRADE
NSW1,2009/8/22 14:30,8076.03,20.61,TRADE
NSW1,2009/8/22 15:00,8071.48,20.82,TRADE
NSW1,2009/8/22 15:30,8088.7,20.62,TRADE
NSW1,2009/8/22 16:00,8107.88,20.94,TRADE
NSW1,2009/8/22 16:30,8266.38,20.98,TRADE
NSW1,2009/8/22 17:00,8482.48,21.54,TRADE
NSW1,2009/8/22 17:30,8781.56,21.97,TRADE
NSW1,2009/8/22 18:00,9344.07,31.95,TRADE
NSW1,2009/8/22 18:30,9627.3,30.95,TRADE
NSW1,2009/8/22 19:00,9636.04,26.86,TRADE
NSW1,2009/8/22 19:30,9307.41,22.39,TRADE
NSW1,2009/8/22 20:00,9091.33,22,TRADE
NSW1,2009/8/22 20:30,8951.27,22,TRADE
NSW1,2009/8/22 21:00,8807.6,22,TRADE
NSW1,2009/8/22 21:30,8649.15,21.48,TRADE
NSW1,2009/8/22 22:00,8414.84,20.51,TRADE
NSW1,2009/8/22 22:30,8462.46,22.23,TRADE
NSW1,2009/8/22 23:00,8296.92,21.5,TRADE
NSW1,2009/8/22 23:30,8275.74,22.23,TRADE
NSW1,2009/8/23 0:00,8126.38,21.53,TRADE
NSW1,2009/8/23 0:30,7941.47,20.3,TRADE
NSW1,2009/8/23 1:00,7672.12,20.03,TRADE
NSW1,2009/8/23 1:30,7493.48,19.82,TRADE
NSW1,2009/8/23 2:00,7249.94,20.43,TRADE
NSW1,2009/8/23 2:30,6906.98,16.71,TRADE
NSW1,2009/8/23 3:00,6711.83,13.52,TRADE
NSW1,2009/8/23 3:30,6477.37,11.87,TRADE
NSW1,2009/8/23 4:00,6386.39,11.6,TRADE
NSW1,2009/8/23 4:30,6365.64,12.33,TRADE
NSW1,2009/8/23 5:00,6359.43,11.53,TRADE
NSW1,2009/8/23 5:30,6402.78,11.94,TRADE
NSW1,2009/8/23 6:00,6518.89,12.52,TRADE
NSW1,2009/8/23 6:30,6694.73,12.67,TRADE
NSW1,2009/8/23 7:00,6825.75,14.94,TRADE
NSW1,2009/8/23 7:30,7118.89,15.68,TRADE
NSW1,2009/8/23 8:00,7492.15,16.85,TRADE
NSW1,2009/8/23 8:30,7874.45,20.26,TRADE
NSW1,2009/8/23 9:00,8133.63,21.15,TRADE
NSW1,2009/8/23 9:30,8352.29,22,TRADE
NSW1,2009/8/23 10:00,8490.97,22,TRADE
NSW1,2009/8/23 10:30,8523.46,22,TRADE
NSW1,2009/8/23 11:00,8450.39,22,TRADE
NSW1,2009/8/23 11:30,8405.42,21.67,TRADE
NSW1,2009/8/23 12:00,8254.34,21.16,TRADE
NSW1,2009/8/23 12:30,8199.97,20.97,TRADE
NSW1,2009/8/23 13:00,8103.19,20.93,TRADE
NSW1,2009/8/23 13:30,7939.29,20.24,TRADE
NSW1,2009/8/23 14:00,7934.9,20.95,TRADE
NSW1,2009/8/23 14:30,7845.79,20.72,TRADE
NSW1,2009/8/23 15:00,7853.88,20.7,TRADE
NSW1,2009/8/23 15:30,7830.39,20.45,TRADE
NSW1,2009/8/23 16:00,7857.59,20.74,TRADE
NSW1,2009/8/23 16:30,7912.53,21.07,TRADE
NSW1,2009/8/23 17:00,8084.84,21.27,TRADE
NSW1,2009/8/23 17:30,8278.77,22.17,TRADE
NSW1,2009/8/23 18:00,8947.67,24.61,TRADE
NSW1,2009/8/23 18:30,9303.18,30.56,TRADE
NSW1,2009/8/23 19:00,9240.67,31.14,TRADE
NSW1,2009/8/23 19:30,9040.57,27.59,TRADE
NSW1,2009/8/23 20:00,8814.69,23.97,TRADE
NSW1,2009/8/23 20:30,8668.32,22.47,TRADE
NSW1,2009/8/23 21:00,8543.1,22.49,TRADE
NSW1,2009/8/23 21:30,8263.83,21.83,TRADE
NSW1,2009/8/23 22:00,7926.17,21.46,TRADE
NSW1,2009/8/23 22:30,7949.64,22.88,TRADE
NSW1,2009/8/23 23:00,7853.27,21.47,TRADE
NSW1,2009/8/23 23:30,7727.79,21.73,TRADE
NSW1,2009/8/24 0:00,7530.42,20.29,TRADE
NSW1,2009/8/24 0:30,7376.43,19.93,TRADE
NSW1,2009/8/24 1:00,7247.46,17.57,TRADE
NSW1,2009/8/24 1:30,7066.46,18.73,TRADE
NSW1,2009/8/24 2:00,6940.7,20.39,TRADE
NSW1,2009/8/24 2:30,6658.18,13.04,TRADE
NSW1,2009/8/24 3:00,6396.37,10.9,TRADE
NSW1,2009/8/24 3:30,6349.34,10.55,TRADE
NSW1,2009/8/24 4:00,6285.33,5.4,TRADE
NSW1,2009/8/24 4:30,6282.91,7.1,TRADE
NSW1,2009/8/24 5:00,6384.32,9.11,TRADE
NSW1,2009/8/24 5:30,6682.82,15.69,TRADE
NSW1,2009/8/24 6:00,7042.79,18.06,TRADE
NSW1,2009/8/24 6:30,7737.1,18.12,TRADE
NSW1,2009/8/24 7:00,8390.02,21.32,TRADE
NSW1,2009/8/24 7:30,8731.28,28.82,TRADE
NSW1,2009/8/24 8:00,9162.25,30.75,TRADE
NSW1,2009/8/24 8:30,9361.36,35.07,TRADE
NSW1,2009/8/24 9:00,9432.83,30.19,TRADE
NSW1,2009/8/24 9:30,9600.2,33.58,TRADE
NSW1,2009/8/24 10:00,9695.01,36.14,TRADE
NSW1,2009/8/24 10:30,9715.39,36.31,TRADE
NSW1,2009/8/24 11:00,9650.49,33.23,TRADE
NSW1,2009/8/24 11:30,9582.69,19.06,TRADE
NSW1,2009/8/24 12:00,9611.17,21.85,TRADE
NSW1,2009/8/24 12:30,9554.76,23.57,TRADE
NSW1,2009/8/24 13:00,9486.26,24.97,TRADE
NSW1,2009/8/24 13:30,9548.89,30.96,TRADE
NSW1,2009/8/24 14:00,9501.11,22.26,TRADE
NSW1,2009/8/24 14:30,9499.24,24.1,TRADE
NSW1,2009/8/24 15:00,9434.82,22.6,TRADE
NSW1,2009/8/24 15:30,9403.03,21.42,TRADE
NSW1,2009/8/24 16:00,9469.12,23.37,TRADE
NSW1,2009/8/24 16:30,9518.98,29.8,TRADE
NSW1,2009/8/24 17:00,9700.11,39.84,TRADE
NSW1,2009/8/24 17:30,9864.16,82.89,TRADE
NSW1,2009/8/24 18:00,10370.07,131.06,TRADE
NSW1,2009/8/24 18:30,10460.81,68.93,TRADE
NSW1,2009/8/24 19:00,10231.71,34.41,TRADE
NSW1,2009/8/24 19:30,9938.16,22.72,TRADE
NSW1,2009/8/24 20:00,9632.32,34.38,TRADE
NSW1,2009/8/24 20:30,9434.23,31.04,TRADE
NSW1,2009/8/24 21:00,9208.83,28.14,TRADE
NSW1,2009/8/24 21:30,8910.22,22.47,TRADE
NSW1,2009/8/24 22:00,8599.18,21.31,TRADE
NSW1,2009/8/24 22:30,8681.47,21.77,TRADE
NSW1,2009/8/24 23:00,8469.94,20.91,TRADE
NSW1,2009/8/24 23:30,8427.83,21.46,TRADE
NSW1,2009/8/25 0:00,8273.23,20.67,TRADE
NSW1,2009/8/25 0:30,8154.12,20.15,TRADE
NSW1,2009/8/25 1:00,7979.83,17,TRADE
NSW1,2009/8/25 1:30,7799.53,20.64,TRADE
NSW1,2009/8/25 2:00,7615.55,21.16,TRADE
NSW1,2009/8/25 2:30,7254.74,16.9,TRADE
NSW1,2009/8/25 3:00,7003.83,14.98,TRADE
NSW1,2009/8/25 3:30,6777.72,11.96,TRADE
NSW1,2009/8/25 4:00,6691.86,11.31,TRADE
NSW1,2009/8/25 4:30,6655.31,12.36,TRADE
NSW1,2009/8/25 5:00,6731.12,16.22,TRADE
NSW1,2009/8/25 5:30,7015.5,20.76,TRADE
NSW1,2009/8/25 6:00,7368.19,20.71,TRADE
NSW1,2009/8/25 6:30,8067.55,21.06,TRADE
NSW1,2009/8/25 7:00,8695.59,32,TRADE
NSW1,2009/8/25 7:30,8959.89,25.44,TRADE
NSW1,2009/8/25 8:00,9316.04,30.74,TRADE
NSW1,2009/8/25 8:30,9376.04,32.17,TRADE
NSW1,2009/8/25 9:00,9402.57,28.66,TRADE
NSW1,2009/8/25 9:30,9495.67,30.4,TRADE
NSW1,2009/8/25 10:00,9489.98,28.21,TRADE
NSW1,2009/8/25 10:30,9511.04,27.63,TRADE
NSW1,2009/8/25 11:00,9463.71,24.12,TRADE
NSW1,2009/8/25 11:30,9379.81,23.02,TRADE
NSW1,2009/8/25 12:00,9330.85,25.99,TRADE
NSW1,2009/8/25 12:30,9340.28,28.17,TRADE
NSW1,2009/8/25 13:00,9291.77,23.24,TRADE
NSW1,2009/8/25 13:30,9283.9,21.59,TRADE
NSW1,2009/8/25 14:00,9231.52,24.83,TRADE
NSW1,2009/8/25 14:30,9163.12,23.62,TRADE
NSW1,2009/8/25 15:00,9099.18,22.82,TRADE
NSW1,2009/8/25 15:30,9069.47,22.77,TRADE
NSW1,2009/8/25 16:00,9065.22,23.16,TRADE
NSW1,2009/8/25 16:30,9191.24,24.26,TRADE
NSW1,2009/8/25 17:00,9332.47,24.45,TRADE
NSW1,2009/8/25 17:30,9618.53,28.66,TRADE
NSW1,2009/8/25 18:00,10186.6,40.36,TRADE
NSW1,2009/8/25 18:30,10510.36,67.4,TRADE
NSW1,2009/8/25 19:00,10451.52,55.76,TRADE
NSW1,2009/8/25 19:30,10225.69,33.37,TRADE
NSW1,2009/8/25 20:00,10015.8,30.09,TRADE
NSW1,2009/8/25 20:30,9855.59,31.14,TRADE
NSW1,2009/8/25 21:00,9671,27.43,TRADE
NSW1,2009/8/25 21:30,9372.43,22.85,TRADE
NSW1,2009/8/25 22:00,9073.4,21.41,TRADE
NSW1,2009/8/25 22:30,9137.55,22.84,TRADE
NSW1,2009/8/25 23:00,8951.53,21.8,TRADE
NSW1,2009/8/25 23:30,8812.35,21.87,TRADE
NSW1,2009/8/26 0:00,8653.46,21.9,TRADE
NSW1,2009/8/26 0:30,8518.39,21.26,TRADE
NSW1,2009/8/26 1:00,8374.93,20.95,TRADE
NSW1,2009/8/26 1:30,8165.48,21.91,TRADE
NSW1,2009/8/26 2:00,7921.69,22.66,TRADE
NSW1,2009/8/26 2:30,7531.78,20.51,TRADE
NSW1,2009/8/26 3:00,7208.12,15.18,TRADE
NSW1,2009/8/26 3:30,6920.77,13.29,TRADE
NSW1,2009/8/26 4:00,6796.07,12.41,TRADE
NSW1,2009/8/26 4:30,6778.84,13.79,TRADE
NSW1,2009/8/26 5:00,6871.03,17.18,TRADE
NSW1,2009/8/26 5:30,7159.94,20.44,TRADE
NSW1,2009/8/26 6:00,7561.25,21.54,TRADE
NSW1,2009/8/26 6:30,8342.78,24.36,TRADE
NSW1,2009/8/26 7:00,9093.04,27.57,TRADE
NSW1,2009/8/26 7:30,9392.93,23.32,TRADE
NSW1,2009/8/26 8:00,9734.91,25.95,TRADE
NSW1,2009/8/26 8:30,9803.04,33,TRADE
NSW1,2009/8/26 9:00,9682.89,26.91,TRADE
NSW1,2009/8/26 9:30,9688.86,27.65,TRADE
NSW1,2009/8/26 10:00,9699.8,26.82,TRADE
NSW1,2009/8/26 10:30,9660.94,26.01,TRADE
NSW1,2009/8/26 11:00,9643.65,25.29,TRADE
NSW1,2009/8/26 11:30,9526.11,25.21,TRADE
NSW1,2009/8/26 12:00,9451.34,23.92,TRADE
NSW1,2009/8/26 12:30,9393.75,21.98,TRADE
NSW1,2009/8/26 13:00,9278.06,22.19,TRADE
NSW1,2009/8/26 13:30,9276.89,22.24,TRADE
NSW1,2009/8/26 14:00,9253.89,22.33,TRADE
NSW1,2009/8/26 14:30,9227.81,22.87,TRADE
NSW1,2009/8/26 15:00,9169.34,22.62,TRADE
NSW1,2009/8/26 15:30,9153.75,22.44,TRADE
NSW1,2009/8/26 16:00,9147.34,22.52,TRADE
NSW1,2009/8/26 16:30,9199.73,22.42,TRADE
NSW1,2009/8/26 17:00,9291.9,22.91,TRADE
NSW1,2009/8/26 17:30,9532.81,23.8,TRADE
NSW1,2009/8/26 18:00,10079.77,29.32,TRADE
NSW1,2009/8/26 18:30,10435.47,38.03,TRADE
NSW1,2009/8/26 19:00,10395.11,36.31,TRADE
NSW1,2009/8/26 19:30,10163.12,29.54,TRADE
NSW1,2009/8/26 20:00,9925.26,26.33,TRADE
NSW1,2009/8/26 20:30,9819.04,26.72,TRADE
NSW1,2009/8/26 21:00,9595.22,23.37,TRADE
NSW1,2009/8/26 21:30,9359.81,22.25,TRADE
NSW1,2009/8/26 22:00,8998.6,21.56,TRADE
NSW1,2009/8/26 22:30,9055.83,22.19,TRADE
NSW1,2009/8/26 23:00,8815.61,21.58,TRADE
NSW1,2009/8/26 23:30,8691.98,22.38,TRADE
NSW1,2009/8/27 0:00,8552.46,21.9,TRADE
NSW1,2009/8/27 0:30,8377.06,20.95,TRADE
NSW1,2009/8/27 1:00,8204.44,20.14,TRADE
NSW1,2009/8/27 1:30,8058.69,21.94,TRADE
NSW1,2009/8/27 2:00,7823.74,22.91,TRADE
NSW1,2009/8/27 2:30,7446.94,18.74,TRADE
NSW1,2009/8/27 3:00,7123.35,12,TRADE
NSW1,2009/8/27 3:30,6866.59,15.02,TRADE
NSW1,2009/8/27 4:00,6738.14,13.92,TRADE
NSW1,2009/8/27 4:30,6725.78,15.62,TRADE
NSW1,2009/8/27 5:00,6801.93,16.91,TRADE
NSW1,2009/8/27 5:30,7109.85,20.14,TRADE
NSW1,2009/8/27 6:00,7525.35,21.4,TRADE
NSW1,2009/8/27 6:30,8384.64,28.38,TRADE
NSW1,2009/8/27 7:00,9160.01,33.39,TRADE
NSW1,2009/8/27 7:30,9498.39,26.96,TRADE
NSW1,2009/8/27 8:00,9855.17,26.71,TRADE
NSW1,2009/8/27 8:30,9853.09,26.63,TRADE
NSW1,2009/8/27 9:00,9707.56,25.56,TRADE
NSW1,2009/8/27 9:30,9681.15,25.28,TRADE
NSW1,2009/8/27 10:00,9646.5,23.35,TRADE
NSW1,2009/8/27 10:30,9630.68,23.55,TRADE
NSW1,2009/8/27 11:00,9539.76,22.89,TRADE
NSW1,2009/8/27 11:30,9442.76,22.34,TRADE
NSW1,2009/8/27 12:00,9418.74,22.27,TRADE
NSW1,2009/8/27 12:30,9384.53,23.88,TRADE
NSW1,2009/8/27 13:00,9325.71,23.33,TRADE
NSW1,2009/8/27 13:30,9287.72,25.64,TRADE
NSW1,2009/8/27 14:00,9247.12,24.51,TRADE
NSW1,2009/8/27 14:30,9188.58,24.88,TRADE
NSW1,2009/8/27 15:00,9091.88,24.45,TRADE
NSW1,2009/8/27 15:30,9137.69,24.37,TRADE
NSW1,2009/8/27 16:00,9175.89,24.49,TRADE
NSW1,2009/8/27 16:30,9185.76,24.63,TRADE
NSW1,2009/8/27 17:00,9233.8,23.21,TRADE
NSW1,2009/8/27 17:30,9397.88,22.61,TRADE
NSW1,2009/8/27 18:00,9917.65,26.39,TRADE
NSW1,2009/8/27 18:30,10244.43,33.34,TRADE
NSW1,2009/8/27 19:00,10268.09,35.45,TRADE
NSW1,2009/8/27 19:30,10040.03,29.21,TRADE
NSW1,2009/8/27 20:00,9811.51,25.92,TRADE
NSW1,2009/8/27 20:30,9703.52,27.22,TRADE
NSW1,2009/8/27 21:00,9512.93,24.98,TRADE
NSW1,2009/8/27 21:30,9199.71,22.05,TRADE
NSW1,2009/8/27 22:00,8852.62,21.99,TRADE
NSW1,2009/8/27 22:30,9049.68,23.87,TRADE
NSW1,2009/8/27 23:00,8887.01,22.09,TRADE
NSW1,2009/8/27 23:30,8751.68,22.27,TRADE
NSW1,2009/8/28 0:00,8612.37,22.04,TRADE
NSW1,2009/8/28 0:30,8413.15,21.77,TRADE
NSW1,2009/8/28 1:00,8238.45,20.95,TRADE
NSW1,2009/8/28 1:30,8033.41,22.53,TRADE
NSW1,2009/8/28 2:00,7762.91,22.32,TRADE
NSW1,2009/8/28 2:30,7473.1,22.14,TRADE
NSW1,2009/8/28 3:00,7195.46,21.39,TRADE
NSW1,2009/8/28 3:30,6970.75,17.37,TRADE
NSW1,2009/8/28 4:00,6794.2,15.99,TRADE
NSW1,2009/8/28 4:30,6783.74,17.25,TRADE
NSW1,2009/8/28 5:00,6896.41,21.16,TRADE
NSW1,2009/8/28 5:30,7177,22,TRADE
NSW1,2009/8/28 6:00,7581.51,23.72,TRADE
NSW1,2009/8/28 6:30,8367.97,31.76,TRADE
NSW1,2009/8/28 7:00,9172.63,37.98,TRADE
NSW1,2009/8/28 7:30,9457.05,27.43,TRADE
NSW1,2009/8/28 8:00,9761.41,26.95,TRADE
NSW1,2009/8/28 8:30,9776.86,26.62,TRADE
NSW1,2009/8/28 9:00,9627.42,25.41,TRADE
NSW1,2009/8/28 9:30,9677.02,25.9,TRADE
NSW1,2009/8/28 10:00,9682.22,25.86,TRADE
NSW1,2009/8/28 10:30,9649.45,25.59,TRADE
NSW1,2009/8/28 11:00,9593.78,26.15,TRADE
NSW1,2009/8/28 11:30,9455.41,24.48,TRADE
NSW1,2009/8/28 12:00,9368.84,24.92,TRADE
NSW1,2009/8/28 12:30,9361.13,25.61,TRADE
NSW1,2009/8/28 13:00,9286.03,25.34,TRADE
NSW1,2009/8/28 13:30,9244.89,25.04,TRADE
NSW1,2009/8/28 14:00,9185.73,25.64,TRADE
NSW1,2009/8/28 14:30,9161.57,26.42,TRADE
NSW1,2009/8/28 15:00,9061.62,26.27,TRADE
NSW1,2009/8/28 15:30,9053.41,24.98,TRADE
NSW1,2009/8/28 16:00,9036.14,23.92,TRADE
NSW1,2009/8/28 16:30,9036.92,23.75,TRADE
NSW1,2009/8/28 17:00,9095.57,23.45,TRADE
NSW1,2009/8/28 17:30,9234.63,23.89,TRADE
NSW1,2009/8/28 18:00,9618.19,26.4,TRADE
NSW1,2009/8/28 18:30,9779.89,29.82,TRADE
NSW1,2009/8/28 19:00,9777.68,29.67,TRADE
NSW1,2009/8/28 19:30,9456.56,25.45,TRADE
NSW1,2009/8/28 20:00,9291.88,24.46,TRADE
NSW1,2009/8/28 20:30,9195.59,26.06,TRADE
NSW1,2009/8/28 21:00,9103.51,24.9,TRADE
NSW1,2009/8/28 21:30,8910.47,24.63,TRADE
NSW1,2009/8/28 22:00,8723.29,22.61,TRADE
NSW1,2009/8/28 22:30,8965.85,31.16,TRADE
NSW1,2009/8/28 23:00,8855.22,29.87,TRADE
NSW1,2009/8/28 23:30,8830.79,34.8,TRADE
NSW1,2009/8/29 0:00,8724.69,31.68,TRADE
NSW1,2009/8/29 0:30,8491.05,29.15,TRADE
NSW1,2009/8/29 1:00,8307.17,25.88,TRADE
NSW1,2009/8/29 1:30,8055.79,31.21,TRADE
NSW1,2009/8/29 2:00,7806.49,27.19,TRADE
NSW1,2009/8/29 2:30,7352.77,22.35,TRADE
NSW1,2009/8/29 3:00,7006.72,21.08,TRADE
NSW1,2009/8/29 3:30,6716.44,17.76,TRADE
NSW1,2009/8/29 4:00,6569.24,14.7,TRADE
NSW1,2009/8/29 4:30,6460.49,14.07,TRADE
NSW1,2009/8/29 5:00,6477.29,15.2,TRADE
NSW1,2009/8/29 5:30,6578.38,18.11,TRADE
NSW1,2009/8/29 6:00,6684.37,18.44,TRADE
NSW1,2009/8/29 6:30,6960.93,20.74,TRADE
NSW1,2009/8/29 7:00,7201.99,21.91,TRADE
NSW1,2009/8/29 7:30,7628.19,21.88,TRADE
NSW1,2009/8/29 8:00,8048.46,21.99,TRADE
NSW1,2009/8/29 8:30,8522.94,24.48,TRADE
NSW1,2009/8/29 9:00,8869.93,27.51,TRADE
NSW1,2009/8/29 9:30,9197.58,33.24,TRADE
NSW1,2009/8/29 10:00,9197.36,31.88,TRADE
NSW1,2009/8/29 10:30,9180.83,33.53,TRADE
NSW1,2009/8/29 11:00,8977.17,30.66,TRADE
NSW1,2009/8/29 11:30,9002.36,29.61,TRADE
NSW1,2009/8/29 12:00,8919.22,26.34,TRADE
NSW1,2009/8/29 12:30,8765.02,25.86,TRADE
NSW1,2009/8/29 13:00,8603.33,22.58,TRADE
NSW1,2009/8/29 13:30,8495.26,22,TRADE
NSW1,2009/8/29 14:00,8390.83,21.98,TRADE
NSW1,2009/8/29 14:30,8228.2,22,TRADE
NSW1,2009/8/29 15:00,8153.67,21.99,TRADE
NSW1,2009/8/29 15:30,8229.61,22,TRADE
NSW1,2009/8/29 16:00,8222.93,22.42,TRADE
NSW1,2009/8/29 16:30,8272.96,22,TRADE
NSW1,2009/8/29 17:00,8346.34,22,TRADE
NSW1,2009/8/29 17:30,8381.5,22.58,TRADE
NSW1,2009/8/29 18:00,8803.89,24.07,TRADE
NSW1,2009/8/29 18:30,9101.15,29.94,TRADE
NSW1,2009/8/29 19:00,9061.9,29.42,TRADE
NSW1,2009/8/29 19:30,8786.86,24.66,TRADE
NSW1,2009/8/29 20:00,8539.98,22.31,TRADE
NSW1,2009/8/29 20:30,8431.28,22.79,TRADE
NSW1,2009/8/29 21:00,8274.46,21.98,TRADE
NSW1,2009/8/29 21:30,8067.34,22,TRADE
NSW1,2009/8/29 22:00,7876.35,21.92,TRADE
NSW1,2009/8/29 22:30,8020.36,22.86,TRADE
NSW1,2009/8/29 23:00,7935.05,21.99,TRADE
NSW1,2009/8/29 23:30,7867.22,24.11,TRADE
NSW1,2009/8/30 0:00,7749.49,21.97,TRADE
NSW1,2009/8/30 0:30,7531.93,21.61,TRADE
NSW1,2009/8/30 1:00,7355.77,21.18,TRADE
NSW1,2009/8/30 1:30,7197.02,21.4,TRADE
NSW1,2009/8/30 2:00,6940.02,21.53,TRADE
NSW1,2009/8/30 2:30,6671.14,21.22,TRADE
NSW1,2009/8/30 3:00,6454.71,21.07,TRADE
NSW1,2009/8/30 3:30,6242.08,18.51,TRADE
NSW1,2009/8/30 4:00,6176.93,16.8,TRADE
NSW1,2009/8/30 4:30,6146.85,17.27,TRADE
NSW1,2009/8/30 5:00,6166.53,17.62,TRADE
NSW1,2009/8/30 5:30,6206.1,18.16,TRADE
NSW1,2009/8/30 6:00,6299.93,16.08,TRADE
NSW1,2009/8/30 6:30,6451.16,17.12,TRADE
NSW1,2009/8/30 7:00,6579.52,14.75,TRADE
NSW1,2009/8/30 7:30,6927.31,18.37,TRADE
NSW1,2009/8/30 8:00,7314.28,20.97,TRADE
NSW1,2009/8/30 8:30,7714.33,21.48,TRADE
NSW1,2009/8/30 9:00,8016.76,21.84,TRADE
NSW1,2009/8/30 9:30,8288.45,22,TRADE
NSW1,2009/8/30 10:00,8417.47,22,TRADE
NSW1,2009/8/30 10:30,8490.87,22,TRADE
NSW1,2009/8/30 11:00,8432.38,21.95,TRADE
NSW1,2009/8/30 11:30,8304.75,21.94,TRADE
NSW1,2009/8/30 12:00,8221.16,22,TRADE
NSW1,2009/8/30 12:30,8160.88,21.97,TRADE
NSW1,2009/8/30 13:00,8080.32,21.45,TRADE
NSW1,2009/8/30 13:30,7981.2,20.98,TRADE
NSW1,2009/8/30 14:00,7871.4,21.19,TRADE
NSW1,2009/8/30 14:30,7811.47,20.96,TRADE
NSW1,2009/8/30 15:00,7733.29,20.95,TRADE
NSW1,2009/8/30 15:30,7752.46,20.98,TRADE
NSW1,2009/8/30 16:00,7800.49,21.59,TRADE
NSW1,2009/8/30 16:30,7927.57,21.48,TRADE
NSW1,2009/8/30 17:00,8122.66,21.97,TRADE
NSW1,2009/8/30 17:30,8326.77,23.12,TRADE
NSW1,2009/8/30 18:00,9034.81,29.06,TRADE
NSW1,2009/8/30 18:30,9603.05,34.55,TRADE
NSW1,2009/8/30 19:00,9595.71,34.52,TRADE
NSW1,2009/8/30 19:30,9414.06,28.58,TRADE
NSW1,2009/8/30 20:00,9275.21,27.5,TRADE
NSW1,2009/8/30 20:30,9164.04,30.72,TRADE
NSW1,2009/8/30 21:00,9115.05,30.79,TRADE
NSW1,2009/8/30 21:30,8857.41,25.91,TRADE
NSW1,2009/8/30 22:00,8517.57,21.58,TRADE
NSW1,2009/8/30 22:30,8431.16,21.86,TRADE
NSW1,2009/8/30 23:00,8204.83,21.45,TRADE
NSW1,2009/8/30 23:30,8107.09,21.45,TRADE
NSW1,2009/8/31 0:00,7834.09,20.8,TRADE
NSW1,2009/8/31 0:30,7685.59,21.16,TRADE
NSW1,2009/8/31 1:00,7499.34,20.95,TRADE
NSW1,2009/8/31 1:30,7395.51,21.89,TRADE
NSW1,2009/8/31 2:00,7199.76,22.02,TRADE
NSW1,2009/8/31 2:30,6920.29,21.52,TRADE
NSW1,2009/8/31 3:00,6665.97,20.71,TRADE
NSW1,2009/8/31 3:30,6523.42,19.74,TRADE
NSW1,2009/8/31 4:00,6482.72,17.58,TRADE
NSW1,2009/8/31 4:30,6522.43,19.13,TRADE
NSW1,2009/8/31 5:00,6623.16,20.2,TRADE
NSW1,2009/8/31 5:30,6955.43,21.82,TRADE
NSW1,2009/8/31 6:00,7397.13,22,TRADE
NSW1,2009/8/31 6:30,8168.87,22.82,TRADE
NSW1,2009/8/31 7:00,8953.98,22.73,TRADE
NSW1,2009/8/31 7:30,9342.82,22.25,TRADE
NSW1,2009/8/31 8:00,9764.68,24.82,TRADE
NSW1,2009/8/31 8:30,9847.38,26.42,TRADE
NSW1,2009/8/31 9:00,9751.97,25.02,TRADE
NSW1,2009/8/31 9:30,9797.88,26.89,TRADE
NSW1,2009/8/31 10:00,9770.34,25.07,TRADE
NSW1,2009/8/31 10:30,9753.16,24.74,TRADE
NSW1,2009/8/31 11:00,9674.55,24.2,TRADE
NSW1,2009/8/31 11:30,9594.89,23.47,TRADE
NSW1,2009/8/31 12:00,9475.39,21.96,TRADE
NSW1,2009/8/31 12:30,9439.98,21.99,TRADE
NSW1,2009/8/31 13:00,9360.79,22,TRADE
NSW1,2009/8/31 13:30,9341.71,21.99,TRADE
NSW1,2009/8/31 14:00,9248.94,22.75,TRADE
NSW1,2009/8/31 14:30,9230.09,22.51,TRADE
NSW1,2009/8/31 15:00,9205.23,21.86,TRADE
NSW1,2009/8/31 15:30,9165.75,22,TRADE
NSW1,2009/8/31 16:00,9183.82,22.38,TRADE
NSW1,2009/8/31 16:30,9274.83,22,TRADE
NSW1,2009/8/31 17:00,9376.24,23.25,TRADE
NSW1,2009/8/31 17:30,9644.91,24.91,TRADE
NSW1,2009/8/31 18:00,10181.67,29.53,TRADE
NSW1,2009/8/31 18:30,10649.1,35.14,TRADE
NSW1,2009/8/31 19:00,10615.99,35.45,TRADE
NSW1,2009/8/31 19:30,10344.39,30.09,TRADE
NSW1,2009/8/31 20:00,10049.82,27.98,TRADE
NSW1,2009/8/31 20:30,9949.84,29.16,TRADE
NSW1,2009/8/31 21:00,9726.03,26.85,TRADE
NSW1,2009/8/31 21:30,9503.69,23.31,TRADE
NSW1,2009/8/31 22:00,9089.98,21.45,TRADE
NSW1,2009/8/31 22:30,9152.48,23.85,TRADE
NSW1,2009/8/31 23:00,8906.52,21.78,TRADE
NSW1,2009/8/31 23:30,8774.07,23.4,TRADE
NSW1,2009/9/1 0:00,8651.98,22.49,TRADE
?NSW1,2009/9/1 0:30,8493.31,21.99,TRADE
NSW1,2009/9/1 1:00,8376.93,22,TRADE
NSW1,2009/9/1 1:30,8133.68,22.19,TRADE
NSW1,2009/9/1 2:00,7967.56,23.03,TRADE
NSW1,2009/9/1 2:30,7577.27,21.83,TRADE
NSW1,2009/9/1 3:00,7281.96,20.85,TRADE
NSW1,2009/9/1 3:30,6951.69,20.3,TRADE
NSW1,2009/9/1 4:00,6804.53,18.59,TRADE
NSW1,2009/9/1 4:30,6779.4,19.78,TRADE
NSW1,2009/9/1 5:00,6889.22,20.7,TRADE
NSW1,2009/9/1 5:30,7206.92,22.13,TRADE
NSW1,2009/9/1 6:00,7676.59,26.86,TRADE
NSW1,2009/9/1 6:30,8490.44,28.23,TRADE
NSW1,2009/9/1 7:00,9283.35,30.06,TRADE
NSW1,2009/9/1 7:30,9487.02,32.45,TRADE
NSW1,2009/9/1 8:00,9835.21,36.24,TRADE
NSW1,2009/9/1 8:30,9840.76,38.68,TRADE
NSW1,2009/9/1 9:00,9715.41,31.15,TRADE
NSW1,2009/9/1 9:30,9697.26,30.24,TRADE
NSW1,2009/9/1 10:00,9654.68,28.26,TRADE
NSW1,2009/9/1 10:30,9616.76,27.29,TRADE
NSW1,2009/9/1 11:00,9558.81,27.55,TRADE
NSW1,2009/9/1 11:30,9449.25,27.4,TRADE
NSW1,2009/9/1 12:00,9405.58,26.69,TRADE
NSW1,2009/9/1 12:30,9374.86,26.31,TRADE
NSW1,2009/9/1 13:00,9316.22,25.94,TRADE
NSW1,2009/9/1 13:30,9296.22,26.62,TRADE
NSW1,2009/9/1 14:00,9237.76,24.81,TRADE
NSW1,2009/9/1 14:30,9145.82,25.05,TRADE
NSW1,2009/9/1 15:00,9001.96,22.53,TRADE
NSW1,2009/9/1 15:30,9048.86,23.86,TRADE
NSW1,2009/9/1 16:00,9050.29,22.8,TRADE
NSW1,2009/9/1 16:30,9105.79,22.38,TRADE
NSW1,2009/9/1 17:00,9239.24,23.67,TRADE
NSW1,2009/9/1 17:30,9417.19,24.17,TRADE
NSW1,2009/9/1 18:00,9956.92,27.86,TRADE
NSW1,2009/9/1 18:30,10316.3,31.66,TRADE
NSW1,2009/9/1 19:00,10316.85,31.49,TRADE
NSW1,2009/9/1 19:30,10117.97,29.01,TRADE
NSW1,2009/9/1 20:00,9997.32,28.28,TRADE
NSW1,2009/9/1 20:30,9873.31,27.26,TRADE
NSW1,2009/9/1 21:00,9662.81,25.41,TRADE
NSW1,2009/9/1 21:30,9381.2,23.01,TRADE
NSW1,2009/9/1 22:00,9080.48,21.96,TRADE
NSW1,2009/9/1 22:30,9192.04,23.86,TRADE
NSW1,2009/9/1 23:00,8970.34,21.59,TRADE
NSW1,2009/9/1 23:30,8828.63,21.9,TRADE
NSW1,2009/9/2 0:00,8688.57,21.83,TRADE
NSW1,2009/9/2 0:30,8487.89,21.67,TRADE
NSW1,2009/9/2 1:00,8342.79,21.98,TRADE
NSW1,2009/9/2 1:30,8166.36,23.32,TRADE
NSW1,2009/9/2 2:00,7938.48,22.13,TRADE
NSW1,2009/9/2 2:30,7564.55,22,TRADE
NSW1,2009/9/2 3:00,7246.05,22.48,TRADE
NSW1,2009/9/2 3:30,7005.78,21.29,TRADE
NSW1,2009/9/2 4:00,6894.91,21.75,TRADE
NSW1,2009/9/2 4:30,6874.63,22,TRADE
NSW1,2009/9/2 5:00,6942.06,22,TRADE
NSW1,2009/9/2 5:30,7252.44,22,TRADE
NSW1,2009/9/2 6:00,7655.73,22,TRADE
NSW1,2009/9/2 6:30,8451.83,21.66,TRADE
NSW1,2009/9/2 7:00,9250.78,22.56,TRADE
NSW1,2009/9/2 7:30,9587.06,23.9,TRADE
NSW1,2009/9/2 8:00,9864.82,25.02,TRADE
NSW1,2009/9/2 8:30,9854.84,25.02,TRADE
NSW1,2009/9/2 9:00,9700.51,22.5,TRADE
NSW1,2009/9/2 9:30,9662.57,24.54,TRADE
NSW1,2009/9/2 10:00,9615.87,21.99,TRADE
NSW1,2009/9/2 10:30,9595.39,22,TRADE
NSW1,2009/9/2 11:00,9551.34,25.01,TRADE
NSW1,2009/9/2 11:30,9436.15,24.86,TRADE
NSW1,2009/9/2 12:00,9351.06,24.36,TRADE
NSW1,2009/9/2 12:30,9309.27,24.15,TRADE
NSW1,2009/9/2 13:00,9259.49,23.68,TRADE
NSW1,2009/9/2 13:30,9246.6,23.45,TRADE
NSW1,2009/9/2 14:00,9162.34,22.1,TRADE
NSW1,2009/9/2 14:30,9132.37,22.01,TRADE
NSW1,2009/9/2 15:00,9110.27,22,TRADE
NSW1,2009/9/2 15:30,9039.51,22,TRADE
NSW1,2009/9/2 16:00,9046.62,22,TRADE
NSW1,2009/9/2 16:30,9120.29,22.56,TRADE
NSW1,2009/9/2 17:00,9246.52,23.76,TRADE
NSW1,2009/9/2 17:30,9406.69,22.25,TRADE
NSW1,2009/9/2 18:00,9910.87,24.99,TRADE
NSW1,2009/9/2 18:30,10294.77,25.31,TRADE
NSW1,2009/9/2 19:00,10287.69,25.35,TRADE
NSW1,2009/9/2 19:30,10079.14,24.62,TRADE
NSW1,2009/9/2 20:00,9887.36,24.89,TRADE
NSW1,2009/9/2 20:30,9810.99,24.89,TRADE
NSW1,2009/9/2 21:00,9565.94,23.71,TRADE
NSW1,2009/9/2 21:30,9297.13,21.56,TRADE
NSW1,2009/9/2 22:00,8881.62,20.98,TRADE
NSW1,2009/9/2 22:30,8935.62,22,TRADE
NSW1,2009/9/2 23:00,8735.43,22,TRADE
NSW1,2009/9/2 23:30,8610.46,22.5,TRADE
NSW1,2009/9/3 0:00,8486.02,21.98,TRADE
NSW1,2009/9/3 0:30,8206.18,21.68,TRADE
NSW1,2009/9/3 1:00,8096.57,21.18,TRADE
NSW1,2009/9/3 1:30,7925.58,21.9,TRADE
NSW1,2009/9/3 2:00,7694.09,21.64,TRADE
NSW1,2009/9/3 2:30,7341.42,21.99,TRADE
NSW1,2009/9/3 3:00,7013.27,21.97,TRADE
NSW1,2009/9/3 3:30,6848.65,22.16,TRADE
NSW1,2009/9/3 4:00,6737.11,21.99,TRADE
NSW1,2009/9/3 4:30,6728.78,21.73,TRADE
NSW1,2009/9/3 5:00,6743.76,22,TRADE
NSW1,2009/9/3 5:30,7141.43,22.07,TRADE
NSW1,2009/9/3 6:00,7562.72,22,TRADE
NSW1,2009/9/3 6:30,8332.85,22.13,TRADE
NSW1,2009/9/3 7:00,9058.27,22,TRADE
NSW1,2009/9/3 7:30,9326.03,21.35,TRADE
NSW1,2009/9/3 8:00,9665.45,23.14,TRADE
NSW1,2009/9/3 8:30,9715.74,23.66,TRADE
NSW1,2009/9/3 9:00,9622.36,22,TRADE
NSW1,2009/9/3 9:30,9657.99,22,TRADE
NSW1,2009/9/3 10:00,9670.88,22,TRADE
NSW1,2009/9/3 10:30,9692.54,22,TRADE
NSW1,2009/9/3 11:00,9630.54,21.95,TRADE
NSW1,2009/9/3 11:30,9584.86,22,TRADE
NSW1,2009/9/3 12:00,9514.81,22,TRADE
NSW1,2009/9/3 12:30,9457.92,22,TRADE
NSW1,2009/9/3 13:00,9470.57,22,TRADE
NSW1,2009/9/3 13:30,9491.72,22,TRADE
NSW1,2009/9/3 14:00,9476.5,21.89,TRADE
NSW1,2009/9/3 14:30,9462.09,22,TRADE
NSW1,2009/9/3 15:00,9443.03,21.96,TRADE
NSW1,2009/9/3 15:30,9452.01,21.99,TRADE
NSW1,2009/9/3 16:00,9498.59,22.9,TRADE
NSW1,2009/9/3 16:30,9580.72,22.05,TRADE
NSW1,2009/9/3 17:00,9768.52,22,TRADE
NSW1,2009/9/3 17:30,9941.56,21.76,TRADE
NSW1,2009/9/3 18:00,10448.54,25.88,TRADE
NSW1,2009/9/3 18:30,10663.57,29.84,TRADE
NSW1,2009/9/3 19:00,10558.91,28.41,TRADE
NSW1,2009/9/3 19:30,10311.28,25.6,TRADE
NSW1,2009/9/3 20:00,10131.84,24.71,TRADE
NSW1,2009/9/3 20:30,9900.62,24.23,TRADE
NSW1,2009/9/3 21:00,9644.84,21.69,TRADE
NSW1,2009/9/3 21:30,9295.2,21.96,TRADE
NSW1,2009/9/3 22:00,8972.03,21.93,TRADE
NSW1,2009/9/3 22:30,9055.07,24.91,TRADE
NSW1,2009/9/3 23:00,8835.72,21.86,TRADE
NSW1,2009/9/3 23:30,8658.94,22.79,TRADE
NSW1,2009/9/4 0:00,8491.69,22.15,TRADE
NSW1,2009/9/4 0:30,8311.36,22,TRADE
NSW1,2009/9/4 1:00,8111.89,22,TRADE
NSW1,2009/9/4 1:30,7986.92,22,TRADE
NSW1,2009/9/4 2:00,7741.22,22,TRADE
NSW1,2009/9/4 2:30,7372.42,22,TRADE
NSW1,2009/9/4 3:00,7037.71,22.6,TRADE
NSW1,2009/9/4 3:30,6809.61,21.9,TRADE
NSW1,2009/9/4 4:00,6697.38,22.25,TRADE
NSW1,2009/9/4 4:30,6670.29,21.62,TRADE
NSW1,2009/9/4 5:00,6758.06,21.97,TRADE
NSW1,2009/9/4 5:30,7011.69,22,TRADE
NSW1,2009/9/4 6:00,7364.77,22,TRADE
NSW1,2009/9/4 6:30,8084.54,21.95,TRADE
NSW1,2009/9/4 7:00,8716.87,22.15,TRADE
NSW1,2009/9/4 7:30,9007.99,21.97,TRADE
NSW1,2009/9/4 8:00,9420.24,25.01,TRADE
NSW1,2009/9/4 8:30,9557.54,25.66,TRADE
NSW1,2009/9/4 9:00,9626.63,25.77,TRADE
NSW1,2009/9/4 9:30,9675.95,26.4,TRADE
NSW1,2009/9/4 10:00,9609.8,25.68,TRADE
NSW1,2009/9/4 10:30,9587.95,25.3,TRADE
NSW1,2009/9/4 11:00,9559.56,24.81,TRADE
NSW1,2009/9/4 11:30,9446.71,23.21,TRADE
NSW1,2009/9/4 12:00,9406.23,24.35,TRADE
NSW1,2009/9/4 12:30,9387.13,24.72,TRADE
NSW1,2009/9/4 13:00,9367.84,25.23,TRADE
NSW1,2009/9/4 13:30,9231.14,24.44,TRADE
NSW1,2009/9/4 14:00,9204.96,24.27,TRADE
NSW1,2009/9/4 14:30,9142.61,22.95,TRADE
NSW1,2009/9/4 15:00,9037.92,23.26,TRADE
NSW1,2009/9/4 15:30,8990.45,23.38,TRADE
NSW1,2009/9/4 16:00,9017.06,24.98,TRADE
NSW1,2009/9/4 16:30,9043.86,25.04,TRADE
NSW1,2009/9/4 17:00,9080.17,24.63,TRADE
NSW1,2009/9/4 17:30,9179.6,22.32,TRADE
NSW1,2009/9/4 18:00,9532.74,23.81,TRADE
NSW1,2009/9/4 18:30,9688.62,25.32,TRADE
NSW1,2009/9/4 19:00,9571.67,25.62,TRADE
NSW1,2009/9/4 19:30,9248.11,24.31,TRADE
NSW1,2009/9/4 20:00,9107.56,25.06,TRADE
NSW1,2009/9/4 20:30,8983.94,25.8,TRADE
NSW1,2009/9/4 21:00,8805.54,24.98,TRADE
NSW1,2009/9/4 21:30,8586.69,22.32,TRADE
NSW1,2009/9/4 22:00,8492.63,21.89,TRADE
NSW1,2009/9/4 22:30,8654.03,23.3,TRADE
NSW1,2009/9/4 23:00,8537.17,21.94,TRADE
NSW1,2009/9/4 23:30,8519.83,24.64,TRADE
NSW1,2009/9/5 0:00,8442.36,21.99,TRADE
NSW1,2009/9/5 0:30,8214.07,21.99,TRADE
NSW1,2009/9/5 1:00,7988.47,21.97,TRADE
NSW1,2009/9/5 1:30,7858.99,22.03,TRADE
NSW1,2009/9/5 2:00,7565.96,21.73,TRADE
NSW1,2009/9/5 2:30,7188.29,22,TRADE
NSW1,2009/9/5 3:00,6853.39,21.51,TRADE
NSW1,2009/9/5 3:30,6619.74,20.18,TRADE
NSW1,2009/9/5 4:00,6482.7,20.9,TRADE
NSW1,2009/9/5 4:30,6359.14,20.11,TRADE
NSW1,2009/9/5 5:00,6391.93,21.26,TRADE
NSW1,2009/9/5 5:30,6439.56,21.52,TRADE
NSW1,2009/9/5 6:00,6570.16,21.65,TRADE
NSW1,2009/9/5 6:30,6837.93,21.45,TRADE
NSW1,2009/9/5 7:00,7121.48,22,TRADE
NSW1,2009/9/5 7:30,7487.27,22,TRADE
NSW1,2009/9/5 8:00,7893.03,22.93,TRADE
NSW1,2009/9/5 8:30,8303.33,23.26,TRADE
NSW1,2009/9/5 9:00,8615.01,25.88,TRADE
NSW1,2009/9/5 9:30,8873.35,26.51,TRADE
NSW1,2009/9/5 10:00,8833.73,24.81,TRADE
NSW1,2009/9/5 10:30,8792.04,24.77,TRADE
NSW1,2009/9/5 11:00,8708.22,24.43,TRADE
NSW1,2009/9/5 11:30,8543.14,22.67,TRADE
NSW1,2009/9/5 12:00,8465.24,22.05,TRADE
NSW1,2009/9/5 12:30,8289.61,21.83,TRADE
NSW1,2009/9/5 13:00,8192.99,22,TRADE
NSW1,2009/9/5 13:30,8068.65,22,TRADE
NSW1,2009/9/5 14:00,7982.65,22,TRADE
NSW1,2009/9/5 14:30,7889.82,22,TRADE
NSW1,2009/9/5 15:00,7872.66,21.94,TRADE
NSW1,2009/9/5 15:30,7806.28,22,TRADE
NSW1,2009/9/5 16:00,7829.68,22,TRADE
NSW1,2009/9/5 16:30,7924.69,22,TRADE
NSW1,2009/9/5 17:00,7977.64,22,TRADE
NSW1,2009/9/5 17:30,8121.92,22.96,TRADE
NSW1,2009/9/5 18:00,8620.73,23.6,TRADE
NSW1,2009/9/5 18:30,9177.25,27.11,TRADE
NSW1,2009/9/5 19:00,9219.32,28.9,TRADE
NSW1,2009/9/5 19:30,9044.19,26.85,TRADE
NSW1,2009/9/5 20:00,8874.27,25.13,TRADE
NSW1,2009/9/5 20:30,8751.1,24.91,TRADE
NSW1,2009/9/5 21:00,8660.22,24.29,TRADE
NSW1,2009/9/5 21:30,8482.27,25.27,TRADE
NSW1,2009/9/5 22:00,8338.25,25.31,TRADE
NSW1,2009/9/5 22:30,8415.33,28.37,TRADE
NSW1,2009/9/5 23:00,8350.73,25.06,TRADE
NSW1,2009/9/5 23:30,8319.03,26.06,TRADE
NSW1,2009/9/6 0:00,8100.03,24.92,TRADE
NSW1,2009/9/6 0:30,7876,24.51,TRADE
NSW1,2009/9/6 1:00,7640.54,21.96,TRADE
NSW1,2009/9/6 1:30,7518.95,22.09,TRADE
NSW1,2009/9/6 2:00,7206.05,21.98,TRADE
NSW1,2009/9/6 2:30,6958.17,22.12,TRADE
NSW1,2009/9/6 3:00,6692.14,22,TRADE
NSW1,2009/9/6 3:30,6499.76,21.31,TRADE
NSW1,2009/9/6 4:00,6413.22,20.87,TRADE
NSW1,2009/9/6 4:30,6369.39,20.54,TRADE
NSW1,2009/9/6 5:00,6387,21.19,TRADE
NSW1,2009/9/6 5:30,6465.71,22.02,TRADE
NSW1,2009/9/6 6:00,6566.8,22,TRADE
NSW1,2009/9/6 6:30,6662.35,20.9,TRADE
NSW1,2009/9/6 7:00,6924.51,21.64,TRADE
NSW1,2009/9/6 7:30,7235.83,20.99,TRADE
NSW1,2009/9/6 8:00,7664.93,22,TRADE
NSW1,2009/9/6 8:30,8062.43,22.42,TRADE
NSW1,2009/9/6 9:00,8263.9,21.83,TRADE
NSW1,2009/9/6 9:30,8462.01,22.5,TRADE
NSW1,2009/9/6 10:00,8520.52,22,TRADE
NSW1,2009/9/6 10:30,8508.66,22,TRADE
NSW1,2009/9/6 11:00,8437.04,22.38,TRADE
NSW1,2009/9/6 11:30,8309.09,22.05,TRADE
NSW1,2009/9/6 12:00,8205.58,22,TRADE
NSW1,2009/9/6 12:30,8089.76,22,TRADE
NSW1,2009/9/6 13:00,7951.83,22,TRADE
NSW1,2009/9/6 13:30,7818.16,21.83,TRADE
NSW1,2009/9/6 14:00,7707.1,22,TRADE
NSW1,2009/9/6 14:30,7605.2,22,TRADE
NSW1,2009/9/6 15:00,7622.51,22,TRADE
NSW1,2009/9/6 15:30,7655.56,22,TRADE
NSW1,2009/9/6 16:00,7683.01,22,TRADE
NSW1,2009/9/6 16:30,7778.35,22,TRADE
NSW1,2009/9/6 17:00,7904.76,22,TRADE
NSW1,2009/9/6 17:30,8118.82,22.51,TRADE
NSW1,2009/9/6 18:00,8685.98,26.11,TRADE
NSW1,2009/9/6 18:30,9256.04,34.6,TRADE
NSW1,2009/9/6 19:00,9259.47,37.21,TRADE
NSW1,2009/9/6 19:30,9123.79,31.84,TRADE
NSW1,2009/9/6 20:00,8983.56,30.21,TRADE
NSW1,2009/9/6 20:30,8901.82,32.35,TRADE
NSW1,2009/9/6 21:00,8801.8,30.42,TRADE
NSW1,2009/9/6 21:30,8596.01,29.54,TRADE
NSW1,2009/9/6 22:00,8351.03,25.72,TRADE
NSW1,2009/9/6 22:30,8278.38,25.19,TRADE
NSW1,2009/9/6 23:00,8085.54,21.37,TRADE
NSW1,2009/9/6 23:30,7954.56,23.86,TRADE
NSW1,2009/9/7 0:00,7749.95,21.76,TRADE
NSW1,2009/9/7 0:30,7507.36,22.84,TRADE
NSW1,2009/9/7 1:00,7237.44,21.55,TRADE
NSW1,2009/9/7 1:30,7173.59,21.85,TRADE
NSW1,2009/9/7 2:00,7021.97,20.57,TRADE
NSW1,2009/9/7 2:30,6757.87,21.49,TRADE
NSW1,2009/9/7 3:00,6521.38,20.17,TRADE
NSW1,2009/9/7 3:30,6492.27,20.66,TRADE
NSW1,2009/9/7 4:00,6368.26,19.97,TRADE
NSW1,2009/9/7 4:30,6380.78,21.2,TRADE
NSW1,2009/9/7 5:00,6471.12,21.02,TRADE
NSW1,2009/9/7 5:30,6773.57,21.98,TRADE
NSW1,2009/9/7 6:00,7196.93,23.69,TRADE
NSW1,2009/9/7 6:30,7959.88,23.28,TRADE
NSW1,2009/9/7 7:00,8715.5,28.95,TRADE
NSW1,2009/9/7 7:30,9125.78,29.22,TRADE
NSW1,2009/9/7 8:00,9504.32,34.92,TRADE
NSW1,2009/9/7 8:30,9639.93,103.51,TRADE
NSW1,2009/9/7 9:00,9645.84,43.69,TRADE
NSW1,2009/9/7 9:30,9802.52,71.7,TRADE
NSW1,2009/9/7 10:00,9814.92,44.01,TRADE
NSW1,2009/9/7 10:30,9876.07,43.56,TRADE
NSW1,2009/9/7 11:00,9825.5,41.19,TRADE
NSW1,2009/9/7 11:30,9788.93,33.66,TRADE
NSW1,2009/9/7 12:00,9788.86,42.48,TRADE
NSW1,2009/9/7 12:30,9774.38,37.96,TRADE
NSW1,2009/9/7 13:00,9756.29,37.14,TRADE
NSW1,2009/9/7 13:30,9771.45,33.08,TRADE
NSW1,2009/9/7 14:00,9677.85,37.59,TRADE
NSW1,2009/9/7 14:30,9598.5,33.32,TRADE
NSW1,2009/9/7 15:00,9514.61,30.53,TRADE
NSW1,2009/9/7 15:30,9452.51,30.63,TRADE
NSW1,2009/9/7 16:00,9543.43,33.87,TRADE
NSW1,2009/9/7 16:30,9625.34,35.03,TRADE
NSW1,2009/9/7 17:00,9729.37,33.47,TRADE
NSW1,2009/9/7 17:30,9997.86,31.8,TRADE
NSW1,2009/9/7 18:00,10473.46,50.83,TRADE
NSW1,2009/9/7 18:30,10633.38,141.19,TRADE
NSW1,2009/9/7 19:00,10541.35,92.26,TRADE
NSW1,2009/9/7 19:30,10269.2,33.9,TRADE
NSW1,2009/9/7 20:00,10094.15,31,TRADE
NSW1,2009/9/7 20:30,9966.53,30.19,TRADE
NSW1,2009/9/7 21:00,9714.93,27.63,TRADE
NSW1,2009/9/7 21:30,9421.66,25.84,TRADE
NSW1,2009/9/7 22:00,9105.69,22.79,TRADE
NSW1,2009/9/7 22:30,9155.07,25.7,TRADE
NSW1,2009/9/7 23:00,8942.18,23.75,TRADE
NSW1,2009/9/7 23:30,8748.35,23.95,TRADE
NSW1,2009/9/8 0:00,8666.32,24.11,TRADE
NSW1,2009/9/8 0:30,8456.8,22.12,TRADE
NSW1,2009/9/8 1:00,8274.89,21.87,TRADE
NSW1,2009/9/8 1:30,8137.98,22.97,TRADE
NSW1,2009/9/8 2:00,7925.9,24.76,TRADE
NSW1,2009/9/8 2:30,7540.13,22.8,TRADE
NSW1,2009/9/8 3:00,7169.48,22.36,TRADE
NSW1,2009/9/8 3:30,6887.61,22,TRADE
NSW1,2009/9/8 4:00,6781.96,22,TRADE
NSW1,2009/9/8 4:30,6759.54,22,TRADE
NSW1,2009/9/8 5:00,6842.09,22,TRADE
NSW1,2009/9/8 5:30,7128.04,22.13,TRADE
NSW1,2009/9/8 6:00,7598.18,23.5,TRADE
NSW1,2009/9/8 6:30,8374.52,27.98,TRADE
NSW1,2009/9/8 7:00,9097.6,34.75,TRADE
NSW1,2009/9/8 7:30,9352.28,34.14,TRADE
NSW1,2009/9/8 8:00,9620.7,40.49,TRADE
NSW1,2009/9/8 8:30,9670.25,41.3,TRADE
NSW1,2009/9/8 9:00,9595.36,38.01,TRADE
NSW1,2009/9/8 9:30,9586.53,35.34,TRADE
NSW1,2009/9/8 10:00,9582.68,32.57,TRADE
NSW1,2009/9/8 10:30,9584.94,31.52,TRADE
NSW1,2009/9/8 11:00,9517.48,31.37,TRADE
NSW1,2009/9/8 11:30,9462.92,29.91,TRADE
NSW1,2009/9/8 12:00,9394.65,27.43,TRADE
NSW1,2009/9/8 12:30,9395.94,31.43,TRADE
NSW1,2009/9/8 13:00,9321.49,29.88,TRADE
NSW1,2009/9/8 13:30,9307.11,30.07,TRADE
NSW1,2009/9/8 14:00,9256.39,30.2,TRADE
NSW1,2009/9/8 14:30,9210.14,28.11,TRADE
NSW1,2009/9/8 15:00,9182.19,28.7,TRADE
NSW1,2009/9/8 15:30,9100.51,26.06,TRADE
NSW1,2009/9/8 16:00,9151.2,26,TRADE
NSW1,2009/9/8 16:30,9183.11,24.98,TRADE
NSW1,2009/9/8 17:00,9346.15,25.38,TRADE
NSW1,2009/9/8 17:30,9593.91,28.66,TRADE
NSW1,2009/9/8 18:00,10102.43,36.22,TRADE
NSW1,2009/9/8 18:30,10508.25,54.07,TRADE
NSW1,2009/9/8 19:00,10516.23,66.98,TRADE
NSW1,2009/9/8 19:30,10310.91,41.21,TRADE
NSW1,2009/9/8 20:00,10073.67,41.46,TRADE
NSW1,2009/9/8 20:30,9869.64,45.54,TRADE
NSW1,2009/9/8 21:00,9664.18,42.71,TRADE
NSW1,2009/9/8 21:30,9347.39,33.7,TRADE
NSW1,2009/9/8 22:00,9129.89,31.2,TRADE
NSW1,2009/9/8 22:30,9240.71,58.26,TRADE
NSW1,2009/9/8 23:00,9032.6,33.06,TRADE
NSW1,2009/9/8 23:30,8855.51,33.93,TRADE
NSW1,2009/9/9 0:00,8714.97,31.25,TRADE
NSW1,2009/9/9 0:30,8483.89,26.71,TRADE
NSW1,2009/9/9 1:00,8347.81,21.77,TRADE
NSW1,2009/9/9 1:30,8196.74,22.33,TRADE
NSW1,2009/9/9 2:00,7971.19,22.29,TRADE
NSW1,2009/9/9 2:30,7612.1,21.75,TRADE
NSW1,2009/9/9 3:00,7231.22,22.22,TRADE
NSW1,2009/9/9 3:30,6996.56,22,TRADE
NSW1,2009/9/9 4:00,6876.01,21.68,TRADE
NSW1,2009/9/9 4:30,6813.69,21.99,TRADE
NSW1,2009/9/9 5:00,6896.38,22,TRADE
NSW1,2009/9/9 5:30,7174.59,22.1,TRADE
NSW1,2009/9/9 6:00,7664.99,26.13,TRADE
NSW1,2009/9/9 6:30,8466.95,25.15,TRADE
NSW1,2009/9/9 7:00,9225.93,26.23,TRADE
NSW1,2009/9/9 7:30,9435.72,27.55,TRADE
NSW1,2009/9/9 8:00,9726.74,35.93,TRADE
NSW1,2009/9/9 8:30,9768.44,37.89,TRADE
NSW1,2009/9/9 9:00,9675.22,36.37,TRADE
NSW1,2009/9/9 9:30,9687.64,36.95,TRADE
NSW1,2009/9/9 10:00,9695.4,31.26,TRADE
NSW1,2009/9/9 10:30,9710.69,32.1,TRADE
NSW1,2009/9/9 11:00,9540.97,31.73,TRADE
NSW1,2009/9/9 11:30,9480.13,28.44,TRADE
NSW1,2009/9/9 12:00,9486.02,30.06,TRADE
NSW1,2009/9/9 12:30,9426.26,29.52,TRADE
NSW1,2009/9/9 13:00,9378.33,28.66,TRADE
NSW1,2009/9/9 13:30,9370.35,29.12,TRADE
NSW1,2009/9/9 14:00,9351.63,29.28,TRADE
NSW1,2009/9/9 14:30,9334.66,29.56,TRADE
NSW1,2009/9/9 15:00,9258.55,28.07,TRADE
NSW1,2009/9/9 15:30,9227,26.89,TRADE
NSW1,2009/9/9 16:00,9294.15,28.9,TRADE
NSW1,2009/9/9 16:30,9388.87,30.08,TRADE
NSW1,2009/9/9 17:00,9460.84,30.89,TRADE
NSW1,2009/9/9 17:30,9613.46,28.78,TRADE
NSW1,2009/9/9 18:00,10076.78,35.51,TRADE
NSW1,2009/9/9 18:30,10469.05,100.67,TRADE
NSW1,2009/9/9 19:00,10496.18,93.94,TRADE
NSW1,2009/9/9 19:30,10271.38,35.46,TRADE
NSW1,2009/9/9 20:00,10092.67,36.81,TRADE
NSW1,2009/9/9 20:30,9959.41,35.15,TRADE
NSW1,2009/9/9 21:00,9747.35,31.14,TRADE
NSW1,2009/9/9 21:30,9461.06,26.61,TRADE
NSW1,2009/9/9 22:00,9173.67,23.32,TRADE
NSW1,2009/9/9 22:30,9180.64,22.47,TRADE
NSW1,2009/9/9 23:00,8919.96,21.55,TRADE
NSW1,2009/9/9 23:30,8763.51,23,TRADE
NSW1,2009/9/10 0:00,8634.15,21.95,TRADE
NSW1,2009/9/10 0:30,8534.71,22.94,TRADE
NSW1,2009/9/10 1:00,8365.14,22,TRADE
NSW1,2009/9/10 1:30,8226.44,21.81,TRADE
NSW1,2009/9/10 2:00,7980.59,22,TRADE
NSW1,2009/9/10 2:30,7586.15,22,TRADE
NSW1,2009/9/10 3:00,7265.25,22.26,TRADE
NSW1,2009/9/10 3:30,7052.44,22,TRADE
NSW1,2009/9/10 4:00,6906.25,22,TRADE
NSW1,2009/9/10 4:30,6891.72,22,TRADE
NSW1,2009/9/10 5:00,6928.43,21.83,TRADE
NSW1,2009/9/10 5:30,7261.26,22.03,TRADE
NSW1,2009/9/10 6:00,7662.65,22.56,TRADE
NSW1,2009/9/10 6:30,8427.6,22.01,TRADE
NSW1,2009/9/10 7:00,9251.25,24.1,TRADE
NSW1,2009/9/10 7:30,9488.65,24.64,TRADE
NSW1,2009/9/10 8:00,9782.69,28.36,TRADE
NSW1,2009/9/10 8:30,9759.91,29.62,TRADE
NSW1,2009/9/10 9:00,9666.22,29.21,TRADE
NSW1,2009/9/10 9:30,9686.28,28.29,TRADE
NSW1,2009/9/10 10:00,9672.66,26.62,TRADE
NSW1,2009/9/10 10:30,9663.98,25.36,TRADE
NSW1,2009/9/10 11:00,9591.72,24.72,TRADE
NSW1,2009/9/10 11:30,9453.13,24.26,TRADE
NSW1,2009/9/10 12:00,9248.08,22.76,TRADE
NSW1,2009/9/10 12:30,9303.45,24.21,TRADE
NSW1,2009/9/10 13:00,9277.69,25.24,TRADE
NSW1,2009/9/10 13:30,9278.21,25.9,TRADE
NSW1,2009/9/10 14:00,9247.18,25.79,TRADE
NSW1,2009/9/10 14:30,9223.2,25.49,TRADE
NSW1,2009/9/10 15:00,9159.24,23.2,TRADE
NSW1,2009/9/10 15:30,9093.52,23.56,TRADE
NSW1,2009/9/10 16:00,9055.49,23.74,TRADE
NSW1,2009/9/10 16:30,9110.97,22.59,TRADE
NSW1,2009/9/10 17:00,9192.76,22.89,TRADE
NSW1,2009/9/10 17:30,9320.51,23.27,TRADE
NSW1,2009/9/10 18:00,9743.46,26.93,TRADE
NSW1,2009/9/10 18:30,10214.62,30.45,TRADE
NSW1,2009/9/10 19:00,10197.2,30.99,TRADE
NSW1,2009/9/10 19:30,10050.28,29.53,TRADE
NSW1,2009/9/10 20:00,9894.36,28.16,TRADE
NSW1,2009/9/10 20:30,9842.75,28.07,TRADE
NSW1,2009/9/10 21:00,9690.38,25.89,TRADE
NSW1,2009/9/10 21:30,9407.77,23.62,TRADE
NSW1,2009/9/10 22:00,9099.1,21.49,TRADE
NSW1,2009/9/10 22:30,9205.82,22.68,TRADE
NSW1,2009/9/10 23:00,8963.26,21.94,TRADE
NSW1,2009/9/10 23:30,8796.53,23.04,TRADE
NSW1,2009/9/11 0:00,8639.43,21.82,TRADE
NSW1,2009/9/11 0:30,8486.49,23.44,TRADE
NSW1,2009/9/11 1:00,8319.01,22,TRADE
NSW1,2009/9/11 1:30,8191.02,21.5,TRADE
NSW1,2009/9/11 2:00,7958.37,22,TRADE
NSW1,2009/9/11 2:30,7591.45,22,TRADE
NSW1,2009/9/11 3:00,7315.89,22,TRADE
NSW1,2009/9/11 3:30,7077.47,22,TRADE
NSW1,2009/9/11 4:00,6968.35,22,TRADE
NSW1,2009/9/11 4:30,6900.21,21.97,TRADE
NSW1,2009/9/11 5:00,7002.71,22,TRADE
NSW1,2009/9/11 5:30,7296.21,22,TRADE
NSW1,2009/9/11 6:00,7717.07,22.01,TRADE
NSW1,2009/9/11 6:30,8473.96,22,TRADE
NSW1,2009/9/11 7:00,9215.66,22.05,TRADE
NSW1,2009/9/11 7:30,9498.51,24.14,TRADE
NSW1,2009/9/11 8:00,9816.16,28.68,TRADE
NSW1,2009/9/11 8:30,9938.23,34.22,TRADE
NSW1,2009/9/11 9:00,9773.23,30.42,TRADE
NSW1,2009/9/11 9:30,9701.74,29.62,TRADE
NSW1,2009/9/11 10:00,9659.65,29.08,TRADE
NSW1,2009/9/11 10:30,9628.29,27.89,TRADE
NSW1,2009/9/11 11:00,9546.62,27.34,TRADE
NSW1,2009/9/11 11:30,9453.25,25.52,TRADE
NSW1,2009/9/11 12:00,9341.35,24.88,TRADE
NSW1,2009/9/11 12:30,9292.86,24.19,TRADE
NSW1,2009/9/11 13:00,9214.18,23.09,TRADE
NSW1,2009/9/11 13:30,9172.68,22,TRADE
NSW1,2009/9/11 14:00,9079.43,21.89,TRADE
NSW1,2009/9/11 14:30,8961.71,21.84,TRADE
NSW1,2009/9/11 15:00,8908.59,22,TRADE
NSW1,2009/9/11 15:30,8818.35,22,TRADE
NSW1,2009/9/11 16:00,8888.7,22,TRADE
NSW1,2009/9/11 16:30,8919.11,22,TRADE
NSW1,2009/9/11 17:00,8974.27,22,TRADE
NSW1,2009/9/11 17:30,8983.78,22,TRADE
NSW1,2009/9/11 18:00,9316.43,22.08,TRADE
NSW1,2009/9/11 18:30,9644.51,22.11,TRADE
NSW1,2009/9/11 19:00,9730.19,22,TRADE
NSW1,2009/9/11 19:30,9469.65,22.21,TRADE
NSW1,2009/9/11 20:00,9317.24,21.12,TRADE
NSW1,2009/9/11 20:30,9168.35,21.96,TRADE
NSW1,2009/9/11 21:00,9070.29,21.82,TRADE
NSW1,2009/9/11 21:30,8838.52,22,TRADE
NSW1,2009/9/11 22:00,8582.81,21.96,TRADE
NSW1,2009/9/11 22:30,8797.38,23.91,TRADE
NSW1,2009/9/11 23:00,8624.51,21.75,TRADE
NSW1,2009/9/11 23:30,8601.1,23.01,TRADE
NSW1,2009/9/12 0:00,8532.51,22.19,TRADE
NSW1,2009/9/12 0:30,8355.54,22,TRADE
NSW1,2009/9/12 1:00,8159.76,21.94,TRADE
NSW1,2009/9/12 1:30,7995.57,21.76,TRADE
NSW1,2009/9/12 2:00,7662.64,21.36,TRADE
NSW1,2009/9/12 2:30,7318.76,22.02,TRADE
NSW1,2009/9/12 3:00,7021.24,21.81,TRADE
NSW1,2009/9/12 3:30,6728.59,20.39,TRADE
NSW1,2009/9/12 4:00,6560.03,19.85,TRADE
NSW1,2009/9/12 4:30,6447.77,17.78,TRADE
NSW1,2009/9/12 5:00,6478.98,19.89,TRADE
NSW1,2009/9/12 5:30,6566.53,20.43,TRADE
NSW1,2009/9/12 6:00,6720.65,21.77,TRADE
NSW1,2009/9/12 6:30,6928.87,22.39,TRADE
NSW1,2009/9/12 7:00,7270.81,21.32,TRADE
NSW1,2009/9/12 7:30,7664.72,21.67,TRADE
NSW1,2009/9/12 8:00,8047.35,22.06,TRADE
NSW1,2009/9/12 8:30,8408.92,22,TRADE
NSW1,2009/9/12 9:00,8627.87,22,TRADE
NSW1,2009/9/12 9:30,8827.41,22,TRADE
NSW1,2009/9/12 10:00,8739.29,22,TRADE
NSW1,2009/9/12 10:30,8694.91,22,TRADE
NSW1,2009/9/12 11:00,8632.71,22.03,TRADE
NSW1,2009/9/12 11:30,8512.34,22.18,TRADE
NSW1,2009/9/12 12:00,8404.07,22,TRADE
NSW1,2009/9/12 12:30,8334.02,22,TRADE
NSW1,2009/9/12 13:00,8273.71,22,TRADE
NSW1,2009/9/12 13:30,8205.05,22,TRADE
NSW1,2009/9/12 14:00,8118.5,22,TRADE
NSW1,2009/9/12 14:30,8085.19,22,TRADE
NSW1,2009/9/12 15:00,8012.67,21.95,TRADE
NSW1,2009/9/12 15:30,8051.19,22,TRADE
NSW1,2009/9/12 16:00,8094.76,22,TRADE
NSW1,2009/9/12 16:30,8107.91,22,TRADE
NSW1,2009/9/12 17:00,8157.53,22,TRADE
NSW1,2009/9/12 17:30,8156.23,22,TRADE
NSW1,2009/9/12 18:00,8439.98,22.44,TRADE
NSW1,2009/9/12 18:30,8852.15,22,TRADE
NSW1,2009/9/12 19:00,8851.88,22,TRADE
NSW1,2009/9/12 19:30,8624.45,22,TRADE
NSW1,2009/9/12 20:00,8433.72,21.94,TRADE
NSW1,2009/9/12 20:30,8270.04,22,TRADE
NSW1,2009/9/12 21:00,8115.13,21.9,TRADE
NSW1,2009/9/12 21:30,7925.12,22,TRADE
NSW1,2009/9/12 22:00,7736.7,22,TRADE
NSW1,2009/9/12 22:30,7882.81,23,TRADE
NSW1,2009/9/12 23:00,7875.31,21.87,TRADE
NSW1,2009/9/12 23:30,7778.83,22.26,TRADE
NSW1,2009/9/13 0:00,7624.02,22.13,TRADE
NSW1,2009/9/13 0:30,7363.22,22,TRADE
NSW1,2009/9/13 1:00,7187.96,21.97,TRADE
NSW1,2009/9/13 1:30,6967.08,21.21,TRADE
NSW1,2009/9/13 2:00,6798.91,20.73,TRADE
NSW1,2009/9/13 2:30,6485.33,21,TRADE
NSW1,2009/9/13 3:00,6278.72,21.03,TRADE
NSW1,2009/9/13 3:30,6101.51,20.11,TRADE
NSW1,2009/9/13 4:00,6066.2,20.33,TRADE
NSW1,2009/9/13 4:30,6010.88,19.2,TRADE
NSW1,2009/9/13 5:00,6062.87,20.71,TRADE
NSW1,2009/9/13 5:30,6136.72,20.95,TRADE
NSW1,2009/9/13 6:00,6160.36,21,TRADE
NSW1,2009/9/13 6:30,6148.46,15.47,TRADE
NSW1,2009/9/13 7:00,6454.86,17,TRADE
NSW1,2009/9/13 7:30,6760.91,18.68,TRADE
NSW1,2009/9/13 8:00,7113.9,21.12,TRADE
NSW1,2009/9/13 8:30,7474.68,21.65,TRADE
NSW1,2009/9/13 9:00,7738.01,21.99,TRADE
NSW1,2009/9/13 9:30,7968.19,22,TRADE
NSW1,2009/9/13 10:00,8091.22,22,TRADE
NSW1,2009/9/13 10:30,8158.56,22.01,TRADE
NSW1,2009/9/13 11:00,8144.08,22,TRADE
NSW1,2009/9/13 11:30,8113.12,22,TRADE
NSW1,2009/9/13 12:00,8092.54,22,TRADE
NSW1,2009/9/13 12:30,8102.81,22,TRADE
NSW1,2009/9/13 13:00,8061.06,22,TRADE
NSW1,2009/9/13 13:30,8012.02,22,TRADE
NSW1,2009/9/13 14:00,7931.26,22,TRADE
NSW1,2009/9/13 14:30,7952.48,22,TRADE
NSW1,2009/9/13 15:00,7948.07,22,TRADE
NSW1,2009/9/13 15:30,7951.46,22,TRADE
NSW1,2009/9/13 16:00,8057.27,22,TRADE
NSW1,2009/9/13 16:30,8086.46,21.98,TRADE
NSW1,2009/9/13 17:00,8092.29,21.83,TRADE
NSW1,2009/9/13 17:30,8106.99,21.9,TRADE
NSW1,2009/9/13 18:00,8374.8,24,TRADE
NSW1,2009/9/13 18:30,8915.41,26.23,TRADE
NSW1,2009/9/13 19:00,9022.77,24.03,TRADE
NSW1,2009/9/13 19:30,8749.61,22.03,TRADE
NSW1,2009/9/13 20:00,8542.32,21.92,TRADE
NSW1,2009/9/13 20:30,8278.5,21.76,TRADE
NSW1,2009/9/13 21:00,8105.99,22,TRADE
NSW1,2009/9/13 21:30,7933.43,21.8,TRADE
NSW1,2009/9/13 22:00,7729.74,21.51,TRADE
NSW1,2009/9/13 22:30,7685.6,21.28,TRADE
NSW1,2009/9/13 23:00,7595.25,21.09,TRADE
NSW1,2009/9/13 23:30,7527.83,21.26,TRADE
NSW1,2009/9/14 0:00,7242.08,20.95,TRADE
NSW1,2009/9/14 0:30,7098.12,20.92,TRADE
NSW1,2009/9/14 1:00,7007.48,20.95,TRADE
NSW1,2009/9/14 1:30,6850.34,20.71,TRADE
NSW1,2009/9/14 2:00,6713.98,20.02,TRADE
NSW1,2009/9/14 2:30,6473.43,19.68,TRADE
NSW1,2009/9/14 3:00,6324.09,19.08,TRADE
NSW1,2009/9/14 3:30,6186.19,16.77,TRADE
NSW1,2009/9/14 4:00,6157.82,15.1,TRADE
NSW1,2009/9/14 4:30,6208,16.27,TRADE
NSW1,2009/9/14 5:00,6308.55,19.42,TRADE
NSW1,2009/9/14 5:30,6617.31,21.81,TRADE
NSW1,2009/9/14 6:00,7006.46,22,TRADE
NSW1,2009/9/14 6:30,7653.4,22,TRADE
NSW1,2009/9/14 7:00,8291.04,21.95,TRADE
NSW1,2009/9/14 7:30,8631.72,24.04,TRADE
NSW1,2009/9/14 8:00,9045.4,24.93,TRADE
NSW1,2009/9/14 8:30,9252.05,25.38,TRADE
NSW1,2009/9/14 9:00,9253.62,25.12,TRADE
NSW1,2009/9/14 9:30,9430.66,25.54,TRADE
NSW1,2009/9/14 10:00,9531.25,25.85,TRADE
NSW1,2009/9/14 10:30,9495.13,25.24,TRADE
NSW1,2009/9/14 11:00,9531.6,25.7,TRADE
NSW1,2009/9/14 11:30,9455.03,24.55,TRADE
NSW1,2009/9/14 12:00,9382.94,24.93,TRADE
NSW1,2009/9/14 12:30,9383.23,25.24,TRADE
NSW1,2009/9/14 13:00,9313.14,25.32,TRADE
NSW1,2009/9/14 13:30,9291.56,24.88,TRADE
NSW1,2009/9/14 14:00,9233.69,24.12,TRADE
NSW1,2009/9/14 14:30,9201.82,24.41,TRADE
NSW1,2009/9/14 15:00,9167.74,23.03,TRADE
NSW1,2009/9/14 15:30,9075.4,21.93,TRADE
NSW1,2009/9/14 16:00,9110.35,22.15,TRADE
NSW1,2009/9/14 16:30,9175.78,22.48,TRADE
NSW1,2009/9/14 17:00,9323.15,24.75,TRADE
NSW1,2009/9/14 17:30,9453.7,24.75,TRADE
NSW1,2009/9/14 18:00,9752.49,25.78,TRADE
NSW1,2009/9/14 18:30,9886.93,29.19,TRADE
NSW1,2009/9/14 19:00,9835.17,30.45,TRADE
NSW1,2009/9/14 19:30,9612.51,28.6,TRADE
NSW1,2009/9/14 20:00,9464.74,29.35,TRADE
NSW1,2009/9/14 20:30,9261.74,31.64,TRADE
NSW1,2009/9/14 21:00,9092.21,28.5,TRADE
NSW1,2009/9/14 21:30,8782.08,24.76,TRADE
NSW1,2009/9/14 22:00,8504.47,22.36,TRADE
NSW1,2009/9/14 22:30,8625.07,23.33,TRADE
NSW1,2009/9/14 23:00,8479.89,21.92,TRADE
NSW1,2009/9/14 23:30,8369.43,24.94,TRADE
NSW1,2009/9/15 0:00,8336.84,22.2,TRADE
NSW1,2009/9/15 0:30,8156.55,21.96,TRADE
NSW1,2009/9/15 1:00,7961.72,21.94,TRADE
NSW1,2009/9/15 1:30,7836.14,21.83,TRADE
NSW1,2009/9/15 2:00,7557.83,22,TRADE
NSW1,2009/9/15 2:30,7181.97,22,TRADE
NSW1,2009/9/15 3:00,6898.37,22.07,TRADE
NSW1,2009/9/15 3:30,6702.88,22,TRADE
NSW1,2009/9/15 4:00,6578.04,21.97,TRADE
NSW1,2009/9/15 4:30,6565.2,21.31,TRADE
NSW1,2009/9/15 5:00,6634.63,21.95,TRADE
NSW1,2009/9/15 5:30,6836.8,22,TRADE
NSW1,2009/9/15 6:00,7211.86,22.09,TRADE
NSW1,2009/9/15 6:30,7824.96,23.56,TRADE
NSW1,2009/9/15 7:00,8597.19,25.24,TRADE
NSW1,2009/9/15 7:30,8778.31,24.88,TRADE
NSW1,2009/9/15 8:00,9142.85,29.41,TRADE
NSW1,2009/9/15 8:30,9269.33,29.26,TRADE
NSW1,2009/9/15 9:00,9269.08,29.06,TRADE
NSW1,2009/9/15 9:30,9405.02,30.64,TRADE
NSW1,2009/9/15 10:00,9471.66,28.12,TRADE
NSW1,2009/9/15 10:30,9529.34,27.54,TRADE
NSW1,2009/9/15 11:00,9442.95,26.31,TRADE
NSW1,2009/9/15 11:30,9403.27,26.15,TRADE
NSW1,2009/9/15 12:00,9352.19,27.49,TRADE
NSW1,2009/9/15 12:30,9361.87,27.34,TRADE
NSW1,2009/9/15 13:00,9303.73,26.26,TRADE
NSW1,2009/9/15 13:30,9247.28,25.85,TRADE
NSW1,2009/9/15 14:00,9328.29,26.09,TRADE
NSW1,2009/9/15 14:30,9275.06,25.86,TRADE
NSW1,2009/9/15 15:00,9178.86,25.31,TRADE
NSW1,2009/9/15 15:30,9148.57,25.16,TRADE
NSW1,2009/9/15 16:00,9177.14,25.24,TRADE
NSW1,2009/9/15 16:30,9233.55,25.42,TRADE
NSW1,2009/9/15 17:00,9248.48,25.85,TRADE
NSW1,2009/9/15 17:30,9324.47,25.81,TRADE
NSW1,2009/9/15 18:00,9569.73,26.62,TRADE
NSW1,2009/9/15 18:30,9852.55,33.8,TRADE
NSW1,2009/9/15 19:00,9857.68,37.35,TRADE
NSW1,2009/9/15 19:30,9527.49,29.47,TRADE
NSW1,2009/9/15 20:00,9356.84,28.27,TRADE
NSW1,2009/9/15 20:30,9196.71,28.68,TRADE
NSW1,2009/9/15 21:00,9000.49,26.29,TRADE
NSW1,2009/9/15 21:30,8679.45,23.13,TRADE
NSW1,2009/9/15 22:00,8461.7,21.73,TRADE
NSW1,2009/9/15 22:30,8537.96,22.72,TRADE
NSW1,2009/9/15 23:00,8387.84,22.48,TRADE
NSW1,2009/9/15 23:30,8337.06,25.59,TRADE
NSW1,2009/9/16 0:00,8179.94,22.21,TRADE
NSW1,2009/9/16 0:30,8024.57,22,TRADE
NSW1,2009/9/16 1:00,7842.16,21.44,TRADE
NSW1,2009/9/16 1:30,7720.22,22.58,TRADE
NSW1,2009/9/16 2:00,7443.78,20.98,TRADE
NSW1,2009/9/16 2:30,7087.05,21.7,TRADE
NSW1,2009/9/16 3:00,6804.26,21.23,TRADE
NSW1,2009/9/16 3:30,6537.86,20.39,TRADE
NSW1,2009/9/16 4:00,6444.36,19.05,TRADE
NSW1,2009/9/16 4:30,6413.71,17.97,TRADE
NSW1,2009/9/16 5:00,6482.42,19.97,TRADE
NSW1,2009/9/16 5:30,6728.76,21.74,TRADE
NSW1,2009/9/16 6:00,7125.18,22,TRADE
NSW1,2009/9/16 6:30,7786.34,22,TRADE
NSW1,2009/9/16 7:00,8441.62,22.5,TRADE
NSW1,2009/9/16 7:30,8710.7,22,TRADE
NSW1,2009/9/16 8:00,9017.29,25.12,TRADE
NSW1,2009/9/16 8:30,9147.2,26.28,TRADE
NSW1,2009/9/16 9:00,9178.98,25.29,TRADE
NSW1,2009/9/16 9:30,9270.24,25.65,TRADE
NSW1,2009/9/16 10:00,9384.04,25.98,TRADE
NSW1,2009/9/16 10:30,9423.97,26.07,TRADE
NSW1,2009/9/16 11:00,9377.28,25.59,TRADE
NSW1,2009/9/16 11:30,9375.46,25.63,TRADE
NSW1,2009/9/16 12:00,9323.93,25.57,TRADE
NSW1,2009/9/16 12:30,9341.04,26.99,TRADE
NSW1,2009/9/16 13:00,9290.8,26.89,TRADE
NSW1,2009/9/16 13:30,9305.75,29.01,TRADE
NSW1,2009/9/16 14:00,9178.48,27.55,TRADE
NSW1,2009/9/16 14:30,9169.84,27.11,TRADE
NSW1,2009/9/16 15:00,9167.92,27.96,TRADE
NSW1,2009/9/16 15:30,9124.38,27.24,TRADE
NSW1,2009/9/16 16:00,9171.01,25.33,TRADE
NSW1,2009/9/16 16:30,9199.84,25.06,TRADE
NSW1,2009/9/16 17:00,9251.54,25.01,TRADE
NSW1,2009/9/16 17:30,9300.12,24.83,TRADE
NSW1,2009/9/16 18:00,9584.16,25.3,TRADE
NSW1,2009/9/16 18:30,9789.76,26.38,TRADE
NSW1,2009/9/16 19:00,9740.5,26.54,TRADE
NSW1,2009/9/16 19:30,9445.68,24.74,TRADE
NSW1,2009/9/16 20:00,9243.62,24.16,TRADE
NSW1,2009/9/16 20:30,9067.91,23.63,TRADE
NSW1,2009/9/16 21:00,8880.57,22.43,TRADE
NSW1,2009/9/16 21:30,8634.16,21.83,TRADE
NSW1,2009/9/16 22:00,8315.14,21.99,TRADE
NSW1,2009/9/16 22:30,8420.15,23.04,TRADE
NSW1,2009/9/16 23:00,8294.26,22.11,TRADE
NSW1,2009/9/16 23:30,8241.18,23.57,TRADE
NSW1,2009/9/17 0:00,8109.56,22.42,TRADE
NSW1,2009/9/17 0:30,7928.66,22,TRADE
NSW1,2009/9/17 1:00,7763.63,21.95,TRADE
NSW1,2009/9/17 1:30,7598.91,22.13,TRADE
NSW1,2009/9/17 2:00,7329.77,21.27,TRADE
NSW1,2009/9/17 2:30,7019.64,21.92,TRADE
NSW1,2009/9/17 3:00,6722.95,20.77,TRADE
NSW1,2009/9/17 3:30,6476.85,20.05,TRADE
NSW1,2009/9/17 4:00,6368.83,19.98,TRADE
NSW1,2009/9/17 4:30,6365.2,20.03,TRADE
NSW1,2009/9/17 5:00,6415.4,20.89,TRADE
NSW1,2009/9/17 5:30,6652.49,21.7,TRADE
NSW1,2009/9/17 6:00,7022.09,22.4,TRADE
NSW1,2009/9/17 6:30,7646.21,22.6,TRADE
NSW1,2009/9/17 7:00,8320.6,22.01,TRADE
NSW1,2009/9/17 7:30,8599.96,23.57,TRADE
NSW1,2009/9/17 8:00,8944.59,25.73,TRADE
NSW1,2009/9/17 8:30,9107.58,27.02,TRADE
NSW1,2009/9/17 9:00,9187.37,28.14,TRADE
NSW1,2009/9/17 9:30,9372.77,27.52,TRADE
NSW1,2009/9/17 10:00,9533.91,29.07,TRADE
NSW1,2009/9/17 10:30,9572.87,30.65,TRADE
NSW1,2009/9/17 11:00,9565.49,30.17,TRADE
NSW1,2009/9/17 11:30,9561.73,34.85,TRADE
NSW1,2009/9/17 12:00,9590.56,41.26,TRADE
NSW1,2009/9/17 12:30,9693.33,59.73,TRADE
NSW1,2009/9/17 13:00,9680.03,39.58,TRADE
NSW1,2009/9/17 13:30,9703,51.54,TRADE
NSW1,2009/9/17 14:00,9725.27,77.49,TRADE
NSW1,2009/9/17 14:30,9711.45,72.15,TRADE
NSW1,2009/9/17 15:00,9699.19,55.55,TRADE
NSW1,2009/9/17 15:30,9621.08,44.83,TRADE
NSW1,2009/9/17 16:00,9627.09,32.23,TRADE
NSW1,2009/9/17 16:30,9689.61,34.66,TRADE
NSW1,2009/9/17 17:00,9647.22,29.63,TRADE
NSW1,2009/9/17 17:30,9603.55,30.43,TRADE
NSW1,2009/9/17 18:00,9828.12,31,TRADE
NSW1,2009/9/17 18:30,10031.96,37.2,TRADE
NSW1,2009/9/17 19:00,9921.64,39.82,TRADE
NSW1,2009/9/17 19:30,9708.38,33.11,TRADE
NSW1,2009/9/17 20:00,9536.24,31.73,TRADE
NSW1,2009/9/17 20:30,9368.52,33.92,TRADE
NSW1,2009/9/17 21:00,9158.29,28.96,TRADE
NSW1,2009/9/17 21:30,8833.32,24.81,TRADE
NSW1,2009/9/17 22:00,8520.08,22.23,TRADE
NSW1,2009/9/17 22:30,8648.31,25.9,TRADE
NSW1,2009/9/17 23:00,8479.08,24.57,TRADE
NSW1,2009/9/17 23:30,8317.57,24.79,TRADE
NSW1,2009/9/18 0:00,8162.24,22.37,TRADE
NSW1,2009/9/18 0:30,7927.6,21.83,TRADE
NSW1,2009/9/18 1:00,7681.75,21.32,TRADE
NSW1,2009/9/18 1:30,7574.44,22.39,TRADE
NSW1,2009/9/18 2:00,7297.28,21.9,TRADE
NSW1,2009/9/18 2:30,6912.1,21.76,TRADE
NSW1,2009/9/18 3:00,6650.63,21.81,TRADE
NSW1,2009/9/18 3:30,6454.82,20.98,TRADE
NSW1,2009/9/18 4:00,6365.7,20.67,TRADE
NSW1,2009/9/18 4:30,6346.04,20.77,TRADE
NSW1,2009/9/18 5:00,6439.52,21,TRADE
NSW1,2009/9/18 5:30,6709.86,21.81,TRADE
NSW1,2009/9/18 6:00,7068.8,23.01,TRADE
NSW1,2009/9/18 6:30,7681.06,24.7,TRADE
NSW1,2009/9/18 7:00,8333.64,27.06,TRADE
NSW1,2009/9/18 7:30,8610.26,27.03,TRADE
NSW1,2009/9/18 8:00,8982.04,32.23,TRADE
NSW1,2009/9/18 8:30,9219.81,38.19,TRADE
NSW1,2009/9/18 9:00,9279.44,31.12,TRADE
NSW1,2009/9/18 9:30,9480.24,30.36,TRADE
NSW1,2009/9/18 10:00,9605.61,36.12,TRADE
NSW1,2009/9/18 10:30,9713.48,33.83,TRADE
NSW1,2009/9/18 11:00,9663.77,27.19,TRADE
NSW1,2009/9/18 11:30,9633.09,29.73,TRADE
NSW1,2009/9/18 12:00,9608.78,29.73,TRADE
NSW1,2009/9/18 12:30,9553.49,27.08,TRADE
NSW1,2009/9/18 13:00,9503.9,29.64,TRADE
NSW1,2009/9/18 13:30,9397.76,26.86,TRADE
NSW1,2009/9/18 14:00,9353.54,27.53,TRADE
NSW1,2009/9/18 14:30,9272.2,26.78,TRADE
NSW1,2009/9/18 15:00,9105.6,25.04,TRADE
NSW1,2009/9/18 15:30,9007.59,24.91,TRADE
NSW1,2009/9/18 16:00,9103.4,25.02,TRADE
NSW1,2009/9/18 16:30,9119.03,24.77,TRADE
NSW1,2009/9/18 17:00,9116.16,24.22,TRADE
NSW1,2009/9/18 17:30,8996.25,23.06,TRADE
NSW1,2009/9/18 18:00,9163.9,24.45,TRADE
NSW1,2009/9/18 18:30,9345.28,25.78,TRADE
NSW1,2009/9/18 19:00,9301.61,25.61,TRADE
NSW1,2009/9/18 19:30,9068.05,24.99,TRADE
NSW1,2009/9/18 20:00,8855.31,24.71,TRADE
NSW1,2009/9/18 20:30,8689.28,26.2,TRADE
NSW1,2009/9/18 21:00,8559.47,23.65,TRADE
NSW1,2009/9/18 21:30,8313.81,22,TRADE
NSW1,2009/9/18 22:00,8220.85,21.94,TRADE
NSW1,2009/9/18 22:30,8492.69,24.25,TRADE
NSW1,2009/9/18 23:00,8342.43,21.93,TRADE
NSW1,2009/9/18 23:30,8318.37,26.21,TRADE
NSW1,2009/9/19 0:00,8245.59,23.65,TRADE
NSW1,2009/9/19 0:30,8068.98,21.89,TRADE
NSW1,2009/9/19 1:00,7844.31,21.6,TRADE
NSW1,2009/9/19 1:30,7637.03,22.6,TRADE
NSW1,2009/9/19 2:00,7307.16,21.97,TRADE
NSW1,2009/9/19 2:30,6973.75,21.93,TRADE
NSW1,2009/9/19 3:00,6626.08,21.41,TRADE
NSW1,2009/9/19 3:30,6456.49,20.52,TRADE
NSW1,2009/9/19 4:00,6325.52,20.35,TRADE
NSW1,2009/9/19 4:30,6255.8,19.82,TRADE
NSW1,2009/9/19 5:00,6286.45,20.52,TRADE
NSW1,2009/9/19 5:30,6357.28,21.22,TRADE
NSW1,2009/9/19 6:00,6429.69,21.78,TRADE
NSW1,2009/9/19 6:30,6658.34,21.51,TRADE
NSW1,2009/9/19 7:00,6945.08,21.17,TRADE
NSW1,2009/9/19 7:30,7235.27,21.78,TRADE
NSW1,2009/9/19 8:00,7612.24,23.88,TRADE
NSW1,2009/9/19 8:30,8072.95,23.32,TRADE
NSW1,2009/9/19 9:00,8331.95,24.72,TRADE
NSW1,2009/9/19 9:30,8620.72,26.82,TRADE
NSW1,2009/9/19 10:00,8560.6,26.54,TRADE
NSW1,2009/9/19 10:30,8597.91,26.35,TRADE
NSW1,2009/9/19 11:00,8511.66,27.48,TRADE
NSW1,2009/9/19 11:30,8437.08,26.01,TRADE
NSW1,2009/9/19 12:00,8313.88,25.08,TRADE
NSW1,2009/9/19 12:30,8295.34,25.28,TRADE
NSW1,2009/9/19 13:00,8260.72,25.68,TRADE
NSW1,2009/9/19 13:30,8164.98,25.47,TRADE
NSW1,2009/9/19 14:00,8037.69,24.03,TRADE
NSW1,2009/9/19 14:30,7936.55,23.45,TRADE
NSW1,2009/9/19 15:00,7915.53,22.37,TRADE
NSW1,2009/9/19 15:30,7877.64,22,TRADE
NSW1,2009/9/19 16:00,7918.33,22,TRADE
NSW1,2009/9/19 16:30,7927.38,22,TRADE
NSW1,2009/9/19 17:00,8003.62,22.99,TRADE
NSW1,2009/9/19 17:30,7922.86,22.47,TRADE
NSW1,2009/9/19 18:00,8322.71,25.11,TRADE
NSW1,2009/9/19 18:30,8690.95,28.3,TRADE
NSW1,2009/9/19 19:00,8732.61,31.25,TRADE
NSW1,2009/9/19 19:30,8519.27,28,TRADE
NSW1,2009/9/19 20:00,8353.08,27.21,TRADE
NSW1,2009/9/19 20:30,8123.35,24.9,TRADE
NSW1,2009/9/19 21:00,8078.67,22.95,TRADE
NSW1,2009/9/19 21:30,7928.38,22.55,TRADE
NSW1,2009/9/19 22:00,7828.45,23.64,TRADE
NSW1,2009/9/19 22:30,7906.32,28.86,TRADE
NSW1,2009/9/19 23:00,7905.93,26.16,TRADE
NSW1,2009/9/19 23:30,7811.79,29.11,TRADE
NSW1,2009/9/20 0:00,7672.15,24.81,TRADE
NSW1,2009/9/20 0:30,7491.86,25.73,TRADE
NSW1,2009/9/20 1:00,7235.63,21.99,TRADE
NSW1,2009/9/20 1:30,7080.01,22.35,TRADE
NSW1,2009/9/20 2:00,6851.71,21.94,TRADE
NSW1,2009/9/20 2:30,6543.15,21.46,TRADE
NSW1,2009/9/20 3:00,6328.9,21.18,TRADE
NSW1,2009/9/20 3:30,6165.47,19.34,TRADE
NSW1,2009/9/20 4:00,6161.01,19.51,TRADE
NSW1,2009/9/20 4:30,6042.31,17.21,TRADE
NSW1,2009/9/20 5:00,6066.03,18.13,TRADE
NSW1,2009/9/20 5:30,6134.9,19.06,TRADE
NSW1,2009/9/20 6:00,6187.31,19.11,TRADE
NSW1,2009/9/20 6:30,6337,18.64,TRADE
NSW1,2009/9/20 7:00,6501.81,17.08,TRADE
NSW1,2009/9/20 7:30,6747.62,19.4,TRADE
NSW1,2009/9/20 8:00,7119.32,21.22,TRADE
NSW1,2009/9/20 8:30,7471.15,21.95,TRADE
NSW1,2009/9/20 9:00,7741.46,22.46,TRADE
NSW1,2009/9/20 9:30,7953.86,22,TRADE
NSW1,2009/9/20 10:00,8079,22.42,TRADE
NSW1,2009/9/20 10:30,8193.61,22.66,TRADE
NSW1,2009/9/20 11:00,8111.34,21.83,TRADE
NSW1,2009/9/20 11:30,8056.61,21.89,TRADE
NSW1,2009/9/20 12:00,8025.64,22,TRADE
NSW1,2009/9/20 12:30,7990.16,21.96,TRADE
NSW1,2009/9/20 13:00,7926.54,22,TRADE
NSW1,2009/9/20 13:30,7839.75,21.9,TRADE
NSW1,2009/9/20 14:00,7774.88,22,TRADE
NSW1,2009/9/20 14:30,7710.4,22,TRADE
NSW1,2009/9/20 15:00,7722.73,22,TRADE
NSW1,2009/9/20 15:30,7705.8,22,TRADE
NSW1,2009/9/20 16:00,7757.03,22,TRADE
NSW1,2009/9/20 16:30,7761.75,22,TRADE
NSW1,2009/9/20 17:00,7870.69,22,TRADE
NSW1,2009/9/20 17:30,7962.09,22,TRADE
NSW1,2009/9/20 18:00,8352.03,24.73,TRADE
NSW1,2009/9/20 18:30,8802.56,31.93,TRADE
NSW1,2009/9/20 19:00,8828.37,34.72,TRADE
NSW1,2009/9/20 19:30,8681.31,30.19,TRADE
NSW1,2009/9/20 20:00,8498.84,28.09,TRADE
NSW1,2009/9/20 20:30,8335.54,27.76,TRADE
NSW1,2009/9/20 21:00,8189.13,25.6,TRADE
NSW1,2009/9/20 21:30,7993.76,24.37,TRADE
NSW1,2009/9/20 22:00,7704.09,22.2,TRADE
NSW1,2009/9/20 22:30,7757.8,24.35,TRADE
NSW1,2009/9/20 23:00,7596.91,21.99,TRADE
NSW1,2009/9/20 23:30,7521.04,23.44,TRADE
NSW1,2009/9/21 0:00,7388.61,21.99,TRADE
NSW1,2009/9/21 0:30,7150.33,21.98,TRADE
NSW1,2009/9/21 1:00,6967.7,21.61,TRADE
NSW1,2009/9/21 1:30,6847.83,21.64,TRADE
NSW1,2009/9/21 2:00,6715.4,21.24,TRADE
NSW1,2009/9/21 2:30,6513.89,21.24,TRADE
NSW1,2009/9/21 3:00,6359.49,20.73,TRADE
NSW1,2009/9/21 3:30,6236.8,20.29,TRADE
NSW1,2009/9/21 4:00,6207.84,20.1,TRADE
NSW1,2009/9/21 4:30,6241.51,19.88,TRADE
NSW1,2009/9/21 5:00,6372.1,20.48,TRADE
NSW1,2009/9/21 5:30,6632.13,21.83,TRADE
NSW1,2009/9/21 6:00,6939.45,22.5,TRADE
NSW1,2009/9/21 6:30,7657.05,22.01,TRADE
NSW1,2009/9/21 7:00,8376.08,23.01,TRADE
NSW1,2009/9/21 7:30,8579.86,22.55,TRADE
NSW1,2009/9/21 8:00,8977.23,26.23,TRADE
NSW1,2009/9/21 8:30,9192.65,26.83,TRADE
NSW1,2009/9/21 9:00,9263.21,26.66,TRADE
NSW1,2009/9/21 9:30,9454.31,27.9,TRADE
NSW1,2009/9/21 10:00,9501.31,26.21,TRADE
NSW1,2009/9/21 10:30,9535.86,28,TRADE
NSW1,2009/9/21 11:00,9549.16,28.51,TRADE
NSW1,2009/9/21 11:30,9484.06,29.3,TRADE
NSW1,2009/9/21 12:00,9480.14,29.15,TRADE
NSW1,2009/9/21 12:30,9447.42,27.83,TRADE
NSW1,2009/9/21 13:00,9420.73,27.09,TRADE
NSW1,2009/9/21 13:30,9384.63,28.4,TRADE
NSW1,2009/9/21 14:00,9313.14,26.91,TRADE
NSW1,2009/9/21 14:30,9284.3,27.35,TRADE
NSW1,2009/9/21 15:00,9217.27,26.11,TRADE
NSW1,2009/9/21 15:30,9185.81,25.53,TRADE
NSW1,2009/9/21 16:00,9187.46,27.59,TRADE
NSW1,2009/9/21 16:30,9188.81,28.06,TRADE
NSW1,2009/9/21 17:00,9300.81,29.33,TRADE
NSW1,2009/9/21 17:30,9358.29,29.85,TRADE
NSW1,2009/9/21 18:00,9597.66,34.45,TRADE
NSW1,2009/9/21 18:30,9818.55,45.18,TRADE
NSW1,2009/9/21 19:00,9809,44.55,TRADE
NSW1,2009/9/21 19:30,9515.13,26.89,TRADE
NSW1,2009/9/21 20:00,9277.77,26.31,TRADE
NSW1,2009/9/21 20:30,9034.62,26.3,TRADE
NSW1,2009/9/21 21:00,8812.61,23.43,TRADE
NSW1,2009/9/21 21:30,8593.52,22.06,TRADE
NSW1,2009/9/21 22:00,8261.58,22,TRADE
NSW1,2009/9/21 22:30,8403.79,24.37,TRADE
NSW1,2009/9/21 23:00,8279.96,21.78,TRADE
NSW1,2009/9/21 23:30,8198.63,23.64,TRADE
NSW1,2009/9/22 0:00,8134.5,21.88,TRADE
NSW1,2009/9/22 0:30,7918.67,21.89,TRADE
NSW1,2009/9/22 1:00,7732.56,21.93,TRADE
NSW1,2009/9/22 1:30,7583.25,22.65,TRADE
NSW1,2009/9/22 2:00,7341.96,21.64,TRADE
NSW1,2009/9/22 2:30,6996.97,20.05,TRADE
NSW1,2009/9/22 3:00,6650.82,21.08,TRADE
NSW1,2009/9/22 3:30,6404.79,19.6,TRADE
NSW1,2009/9/22 4:00,6269.07,18.19,TRADE
NSW1,2009/9/22 4:30,6228.31,14.49,TRADE
NSW1,2009/9/22 5:00,6301.62,18.9,TRADE
NSW1,2009/9/22 5:30,6479.35,21.64,TRADE
NSW1,2009/9/22 6:00,6874.94,22.64,TRADE
NSW1,2009/9/22 6:30,7540.68,22.05,TRADE
NSW1,2009/9/22 7:00,8190.52,22.41,TRADE
NSW1,2009/9/22 7:30,8442.14,22.31,TRADE
NSW1,2009/9/22 8:00,8867.84,23.91,TRADE
NSW1,2009/9/22 8:30,9043.86,26.19,TRADE
NSW1,2009/9/22 9:00,9179.86,27.34,TRADE
NSW1,2009/9/22 9:30,9415.78,31.7,TRADE
NSW1,2009/9/22 10:00,9596.82,36.91,TRADE
NSW1,2009/9/22 10:30,9712.3,73.48,TRADE
NSW1,2009/9/22 11:00,9755.44,51.08,TRADE
NSW1,2009/9/22 11:30,9753.04,30.42,TRADE
NSW1,2009/9/22 12:00,9793.21,34.48,TRADE
NSW1,2009/9/22 12:30,9793.99,31.86,TRADE
NSW1,2009/9/22 13:00,9730.31,26.75,TRADE
NSW1,2009/9/22 13:30,9702.31,27.5,TRADE
NSW1,2009/9/22 14:00,9742.96,30.48,TRADE
NSW1,2009/9/22 14:30,9743.02,31.89,TRADE
NSW1,2009/9/22 15:00,9767.54,30.37,TRADE
NSW1,2009/9/22 15:30,9782.76,30.48,TRADE
NSW1,2009/9/22 16:00,9802.84,30.52,TRADE
NSW1,2009/9/22 16:30,9821,30.07,TRADE
NSW1,2009/9/22 17:00,9885.74,33.88,TRADE
NSW1,2009/9/22 17:30,9859.25,36.67,TRADE
NSW1,2009/9/22 18:00,9962.88,36.31,TRADE
NSW1,2009/9/22 18:30,10083.7,53.51,TRADE
NSW1,2009/9/22 19:00,9894.53,44.71,TRADE
NSW1,2009/9/22 19:30,9516.97,27.7,TRADE
NSW1,2009/9/22 20:00,9305.46,26.19,TRADE
NSW1,2009/9/22 20:30,9104.41,26.53,TRADE
NSW1,2009/9/22 21:00,8914.64,24.06,TRADE
NSW1,2009/9/22 21:30,8616.89,21.95,TRADE
NSW1,2009/9/22 22:00,8371.63,22.01,TRADE
NSW1,2009/9/22 22:30,8480.71,22.8,TRADE
NSW1,2009/9/22 23:00,8332.13,21.82,TRADE
NSW1,2009/9/22 23:30,8267.72,23.78,TRADE
NSW1,2009/9/23 0:00,8136.19,21.75,TRADE
NSW1,2009/9/23 0:30,7936.18,21.92,TRADE
NSW1,2009/9/23 1:00,7738.53,21.83,TRADE
NSW1,2009/9/23 1:30,7585.39,22.37,TRADE
NSW1,2009/9/23 2:00,7262.26,20.07,TRADE
NSW1,2009/9/23 2:30,6895.4,20.19,TRADE
NSW1,2009/9/23 3:00,6564.49,17.08,TRADE
NSW1,2009/9/23 3:30,6347.6,12.89,TRADE
NSW1,2009/9/23 4:00,6255.97,14.82,TRADE
NSW1,2009/9/23 4:30,6239.23,14.69,TRADE
NSW1,2009/9/23 5:00,6318.12,16.56,TRADE
NSW1,2009/9/23 5:30,6564.26,20.93,TRADE
NSW1,2009/9/23 6:00,6904.79,21.99,TRADE
NSW1,2009/9/23 6:30,7577.05,22,TRADE
NSW1,2009/9/23 7:00,8210.29,22.42,TRADE
NSW1,2009/9/23 7:30,8531.35,22.98,TRADE
NSW1,2009/9/23 8:00,8886.97,22.91,TRADE
NSW1,2009/9/23 8:30,9138.63,25.18,TRADE
NSW1,2009/9/23 9:00,9162.34,27.74,TRADE
NSW1,2009/9/23 9:30,9289.09,29.67,TRADE
NSW1,2009/9/23 10:00,9348.23,30.98,TRADE
NSW1,2009/9/23 10:30,9370.73,31.36,TRADE
NSW1,2009/9/23 11:00,9347.09,32.96,TRADE
NSW1,2009/9/23 11:30,9276.3,31.14,TRADE
NSW1,2009/9/23 12:00,9273.53,30.05,TRADE
NSW1,2009/9/23 12:30,9218.06,29.55,TRADE
NSW1,2009/9/23 13:00,9179.85,25.18,TRADE
NSW1,2009/9/23 13:30,9172.18,25.72,TRADE
NSW1,2009/9/23 14:00,9124.51,25.25,TRADE
NSW1,2009/9/23 14:30,9128.36,25.38,TRADE
NSW1,2009/9/23 15:00,9114.48,24.06,TRADE
NSW1,2009/9/23 15:30,9073.96,25.23,TRADE
NSW1,2009/9/23 16:00,9110.13,25.57,TRADE
NSW1,2009/9/23 16:30,9090.01,22.68,TRADE
NSW1,2009/9/23 17:00,9133.36,23.05,TRADE
NSW1,2009/9/23 17:30,9163.49,22.85,TRADE
NSW1,2009/9/23 18:00,9431.72,26.26,TRADE
NSW1,2009/9/23 18:30,9694.37,30.55,TRADE
NSW1,2009/9/23 19:00,9741.93,32.49,TRADE
NSW1,2009/9/23 19:30,9471.84,26.42,TRADE
NSW1,2009/9/23 20:00,9241.75,25.53,TRADE
NSW1,2009/9/23 20:30,9084.22,24.01,TRADE
NSW1,2009/9/23 21:00,8847.3,22.04,TRADE
NSW1,2009/9/23 21:30,8575.11,22,TRADE
NSW1,2009/9/23 22:00,8293.53,21.86,TRADE
NSW1,2009/9/23 22:30,8443.65,24.9,TRADE
NSW1,2009/9/23 23:00,8331.53,21.95,TRADE
NSW1,2009/9/23 23:30,8210.33,23.63,TRADE
NSW1,2009/9/24 0:00,8109.9,21.85,TRADE
NSW1,2009/9/24 0:30,7919.64,21.77,TRADE
NSW1,2009/9/24 1:00,7722.69,21.83,TRADE
NSW1,2009/9/24 1:30,7567.02,21.72,TRADE
NSW1,2009/9/24 2:00,7332.74,20.93,TRADE
NSW1,2009/9/24 2:30,6990.95,22.07,TRADE
NSW1,2009/9/24 3:00,6685.64,20.45,TRADE
NSW1,2009/9/24 3:30,6482.05,18.18,TRADE
NSW1,2009/9/24 4:00,6362.27,15.5,TRADE
NSW1,2009/9/24 4:30,6325.08,14.5,TRADE
NSW1,2009/9/24 5:00,6388.06,18.3,TRADE
NSW1,2009/9/24 5:30,6645.21,21.21,TRADE
NSW1,2009/9/24 6:00,6954.41,21.92,TRADE
NSW1,2009/9/24 6:30,7631.16,21.96,TRADE
NSW1,2009/9/24 7:00,8317.04,22.03,TRADE
NSW1,2009/9/24 7:30,8534.63,22.46,TRADE
NSW1,2009/9/24 8:00,8929.42,23.41,TRADE
NSW1,2009/9/24 8:30,9106.47,23.06,TRADE
NSW1,2009/9/24 9:00,9110.62,23.59,TRADE
NSW1,2009/9/24 9:30,9273.12,25.26,TRADE
NSW1,2009/9/24 10:00,9321.41,24.8,TRADE
NSW1,2009/9/24 10:30,9347.66,24.7,TRADE
NSW1,2009/9/24 11:00,9305.68,24.32,TRADE
NSW1,2009/9/24 11:30,9248.19,24.53,TRADE
NSW1,2009/9/24 12:00,9242.19,23.44,TRADE
NSW1,2009/9/24 12:30,9227.96,23.62,TRADE
NSW1,2009/9/24 13:00,9205.55,24.51,TRADE
NSW1,2009/9/24 13:30,9172.1,24.51,TRADE
NSW1,2009/9/24 14:00,9157.98,22.86,TRADE
NSW1,2009/9/24 14:30,9151.94,22.19,TRADE
NSW1,2009/9/24 15:00,9089.72,22.25,TRADE
NSW1,2009/9/24 15:30,8972.42,23.39,TRADE
NSW1,2009/9/24 16:00,9064.63,23.74,TRADE
NSW1,2009/9/24 16:30,9044.3,21.88,TRADE
NSW1,2009/9/24 17:00,9020.91,21.96,TRADE
NSW1,2009/9/24 17:30,8987.7,22,TRADE
NSW1,2009/9/24 18:00,9100.42,22.35,TRADE
NSW1,2009/9/24 18:30,9580.5,25.67,TRADE
NSW1,2009/9/24 19:00,9696.47,29.05,TRADE
NSW1,2009/9/24 19:30,9528.5,24.74,TRADE
NSW1,2009/9/24 20:00,9368.42,25,TRADE
NSW1,2009/9/24 20:30,9182.46,23.44,TRADE
NSW1,2009/9/24 21:00,8987.36,21.95,TRADE
NSW1,2009/9/24 21:30,8656.88,21.47,TRADE
NSW1,2009/9/24 22:00,8367.62,21.8,TRADE
NSW1,2009/9/24 22:30,8508.65,23.8,TRADE
NSW1,2009/9/24 23:00,8365.63,22.14,TRADE
NSW1,2009/9/24 23:30,8291.9,23.58,TRADE
NSW1,2009/9/25 0:00,8222.5,21.82,TRADE
NSW1,2009/9/25 0:30,8022.86,21.72,TRADE
NSW1,2009/9/25 1:00,7867.99,21.02,TRADE
NSW1,2009/9/25 1:30,7712.46,21.29,TRADE
NSW1,2009/9/25 2:00,7437.07,20.9,TRADE
NSW1,2009/9/25 2:30,7067.26,21.37,TRADE
NSW1,2009/9/25 3:00,6780.47,19.93,TRADE
NSW1,2009/9/25 3:30,6580.23,19.25,TRADE
NSW1,2009/9/25 4:00,6513.53,17.81,TRADE
NSW1,2009/9/25 4:30,6476.8,17.29,TRADE
NSW1,2009/9/25 5:00,6564.38,19.93,TRADE
NSW1,2009/9/25 5:30,6834.48,21.63,TRADE
NSW1,2009/9/25 6:00,7168.29,22,TRADE
NSW1,2009/9/25 6:30,7833.45,21.91,TRADE
NSW1,2009/9/25 7:00,8521.02,22,TRADE
NSW1,2009/9/25 7:30,8790.38,22.39,TRADE
NSW1,2009/9/25 8:00,9129.12,23.57,TRADE
NSW1,2009/9/25 8:30,9244.42,25.53,TRADE
NSW1,2009/9/25 9:00,9282.06,27.37,TRADE
NSW1,2009/9/25 9:30,9383.32,26.89,TRADE
NSW1,2009/9/25 10:00,9420.69,25.33,TRADE
NSW1,2009/9/25 10:30,9410.5,24.91,TRADE
NSW1,2009/9/25 11:00,9399.17,25.14,TRADE
NSW1,2009/9/25 11:30,9334.49,24.76,TRADE
NSW1,2009/9/25 12:00,9324.96,24.85,TRADE
NSW1,2009/9/25 12:30,9311.62,24.99,TRADE
NSW1,2009/9/25 13:00,9306.86,24.83,TRADE
NSW1,2009/9/25 13:30,9226.57,24.83,TRADE
NSW1,2009/9/25 14:00,9222.34,24.94,TRADE
NSW1,2009/9/25 14:30,9257.16,24.9,TRADE
NSW1,2009/9/25 15:00,9178.81,24.52,TRADE
NSW1,2009/9/25 15:30,9113.28,24.48,TRADE
NSW1,2009/9/25 16:00,9096.23,24.44,TRADE
NSW1,2009/9/25 16:30,9080.99,25.15,TRADE
NSW1,2009/9/25 17:00,8999.62,26.05,TRADE
NSW1,2009/9/25 17:30,8890.05,27.16,TRADE
NSW1,2009/9/25 18:00,9098.8,28,TRADE
NSW1,2009/9/25 18:30,9326.03,29.12,TRADE
NSW1,2009/9/25 19:00,9380.76,31.4,TRADE
NSW1,2009/9/25 19:30,9040.23,27.47,TRADE
NSW1,2009/9/25 20:00,8879.75,28.68,TRADE
NSW1,2009/9/25 20:30,8684.58,28.25,TRADE
NSW1,2009/9/25 21:00,8544.6,26.53,TRADE
NSW1,2009/9/25 21:30,8341.38,24.15,TRADE
NSW1,2009/9/25 22:00,8205.91,22.71,TRADE
NSW1,2009/9/25 22:30,8404.01,29.07,TRADE
NSW1,2009/9/25 23:00,8349.11,26.07,TRADE
NSW1,2009/9/25 23:30,8241.15,26.48,TRADE
NSW1,2009/9/26 0:00,8180.66,24.8,TRADE
NSW1,2009/9/26 0:30,7943.03,24.22,TRADE
NSW1,2009/9/26 1:00,7803.04,22,TRADE
NSW1,2009/9/26 1:30,7569.22,22.93,TRADE
NSW1,2009/9/26 2:00,7303.82,21.85,TRADE
NSW1,2009/9/26 2:30,6935.08,21.83,TRADE
NSW1,2009/9/26 3:00,6632.83,22,TRADE
NSW1,2009/9/26 3:30,6388.13,21.71,TRADE
NSW1,2009/9/26 4:00,6317.63,21.26,TRADE
NSW1,2009/9/26 4:30,6205.89,20.95,TRADE
NSW1,2009/9/26 5:00,6231.34,21.16,TRADE
NSW1,2009/9/26 5:30,6318.64,21.07,TRADE
NSW1,2009/9/26 6:00,6408.62,21.49,TRADE
NSW1,2009/9/26 6:30,6603.73,20.96,TRADE
NSW1,2009/9/26 7:00,6918.18,21.14,TRADE
NSW1,2009/9/26 7:30,7205.41,22.21,TRADE
NSW1,2009/9/26 8:00,7721.29,23.19,TRADE
NSW1,2009/9/26 8:30,8127.48,25.01,TRADE
NSW1,2009/9/26 9:00,8452.48,27.02,TRADE
NSW1,2009/9/26 9:30,8751.88,31.14,TRADE
NSW1,2009/9/26 10:00,8729.77,29,TRADE
NSW1,2009/9/26 10:30,8838.09,32.57,TRADE
NSW1,2009/9/26 11:00,8768.87,31.41,TRADE
NSW1,2009/9/26 11:30,8648.06,28.5,TRADE
NSW1,2009/9/26 12:00,8571.03,27.84,TRADE
NSW1,2009/9/26 12:30,8462.6,25.68,TRADE
NSW1,2009/9/26 13:00,8392.11,24.67,TRADE
NSW1,2009/9/26 13:30,8254.25,24.24,TRADE
NSW1,2009/9/26 14:00,8168.84,24.06,TRADE
NSW1,2009/9/26 14:30,8098.14,23.41,TRADE
NSW1,2009/9/26 15:00,8076.75,22.87,TRADE
NSW1,2009/9/26 15:30,8060.77,23.72,TRADE
NSW1,2009/9/26 16:00,8075.37,23.31,TRADE
NSW1,2009/9/26 16:30,8132.3,24.22,TRADE
NSW1,2009/9/26 17:00,8209.67,23.38,TRADE
NSW1,2009/9/26 17:30,8204.59,22.44,TRADE
NSW1,2009/9/26 18:00,8557.49,26.6,TRADE
NSW1,2009/9/26 18:30,8996.8,35.01,TRADE
NSW1,2009/9/26 19:00,9073.81,43.52,TRADE
NSW1,2009/9/26 19:30,8883.54,34.66,TRADE
NSW1,2009/9/26 20:00,8729.91,33.43,TRADE
NSW1,2009/9/26 20:30,8561.91,32.19,TRADE
NSW1,2009/9/26 21:00,8462.19,30.23,TRADE
NSW1,2009/9/26 21:30,8281.25,28.1,TRADE
NSW1,2009/9/26 22:00,8109.64,27.65,TRADE
NSW1,2009/9/26 22:30,8137.74,33.8,TRADE
NSW1,2009/9/26 23:00,8103.52,33.64,TRADE
NSW1,2009/9/26 23:30,8003.27,32.39,TRADE
NSW1,2009/9/27 0:00,7813.02,26.41,TRADE
NSW1,2009/9/27 0:30,7580.04,26.26,TRADE
NSW1,2009/9/27 1:00,7399.45,23.73,TRADE
NSW1,2009/9/27 1:30,7204.11,23.74,TRADE
NSW1,2009/9/27 2:00,6980.5,21.6,TRADE
NSW1,2009/9/27 2:30,6669.05,22.14,TRADE
NSW1,2009/9/27 3:00,6437.96,21.89,TRADE
NSW1,2009/9/27 3:30,6255.08,21.57,TRADE
NSW1,2009/9/27 4:00,6155.28,20.73,TRADE
NSW1,2009/9/27 4:30,6080.03,18.94,TRADE
NSW1,2009/9/27 5:00,6101.55,20.19,TRADE
NSW1,2009/9/27 5:30,6189.49,20.43,TRADE
NSW1,2009/9/27 6:00,6206.06,19.59,TRADE
NSW1,2009/9/27 6:30,6375.91,19.98,TRADE
NSW1,2009/9/27 7:00,6679.17,20.82,TRADE
NSW1,2009/9/27 7:30,6990.1,21.14,TRADE
NSW1,2009/9/27 8:00,7370.34,22.25,TRADE
NSW1,2009/9/27 8:30,7858.97,24.16,TRADE
NSW1,2009/9/27 9:00,8250.36,25.47,TRADE
NSW1,2009/9/27 9:30,8513.45,27.42,TRADE
NSW1,2009/9/27 10:00,8559.58,27.4,TRADE
NSW1,2009/9/27 10:30,8635.27,29.01,TRADE
NSW1,2009/9/27 11:00,8587.21,31,TRADE
NSW1,2009/9/27 11:30,8571.95,29.73,TRADE
NSW1,2009/9/27 12:00,8524.79,29.83,TRADE
NSW1,2009/9/27 12:30,8407.72,29.35,TRADE
NSW1,2009/9/27 13:00,8305.27,26.78,TRADE
NSW1,2009/9/27 13:30,8214.35,26.92,TRADE
NSW1,2009/9/27 14:00,8133.7,25.89,TRADE
NSW1,2009/9/27 14:30,8053.17,25.01,TRADE
NSW1,2009/9/27 15:00,8045.91,24.89,TRADE
NSW1,2009/9/27 15:30,8081.29,24.99,TRADE
NSW1,2009/9/27 16:00,8157.76,26.16,TRADE
NSW1,2009/9/27 16:30,8231.54,26.35,TRADE
NSW1,2009/9/27 17:00,8406.51,26.22,TRADE
NSW1,2009/9/27 17:30,8463.93,27.17,TRADE
NSW1,2009/9/27 18:00,8957.63,35.07,TRADE
NSW1,2009/9/27 18:30,9509.76,78.94,TRADE
NSW1,2009/9/27 19:00,9700.42,127.75,TRADE
NSW1,2009/9/27 19:30,9565.17,69.33,TRADE
NSW1,2009/9/27 20:00,9388.7,38.73,TRADE
NSW1,2009/9/27 20:30,9205.26,34.11,TRADE
NSW1,2009/9/27 21:00,9057.4,34.4,TRADE
NSW1,2009/9/27 21:30,8789,32.4,TRADE
NSW1,2009/9/27 22:00,8487.22,28.52,TRADE
NSW1,2009/9/27 22:30,8362.96,29.65,TRADE
NSW1,2009/9/27 23:00,8207.13,26.21,TRADE
NSW1,2009/9/27 23:30,7976.33,27.8,TRADE
NSW1,2009/9/28 0:00,7831.56,25.5,TRADE
NSW1,2009/9/28 0:30,7512.07,22,TRADE
NSW1,2009/9/28 1:00,7401.69,22.37,TRADE
NSW1,2009/9/28 1:30,7206.22,21.42,TRADE
NSW1,2009/9/28 2:00,7026.13,21.84,TRADE
NSW1,2009/9/28 2:30,6752.84,22.91,TRADE
NSW1,2009/9/28 3:00,6531.88,21.92,TRADE
NSW1,2009/9/28 3:30,6405.34,21.99,TRADE
NSW1,2009/9/28 4:00,6314.88,21.74,TRADE
NSW1,2009/9/28 4:30,6333.47,21.54,TRADE
NSW1,2009/9/28 5:00,6406.21,21.85,TRADE
NSW1,2009/9/28 5:30,6767.87,23.39,TRADE
NSW1,2009/9/28 6:00,7115.54,22.76,TRADE
NSW1,2009/9/28 6:30,7908.7,21.91,TRADE
NSW1,2009/9/28 7:00,8681.87,22.46,TRADE
NSW1,2009/9/28 7:30,8961.23,24.36,TRADE
NSW1,2009/9/28 8:00,9366.04,29.38,TRADE
NSW1,2009/9/28 8:30,9524.02,33.36,TRADE
NSW1,2009/9/28 9:00,9509.03,33.38,TRADE
NSW1,2009/9/28 9:30,9624.31,33.84,TRADE
NSW1,2009/9/28 10:00,9614.61,37.46,TRADE
NSW1,2009/9/28 10:30,9629.48,32.19,TRADE
NSW1,2009/9/28 11:00,9602.87,31.66,TRADE
NSW1,2009/9/28 11:30,9583.24,31.51,TRADE
NSW1,2009/9/28 12:00,9425.09,30.6,TRADE
NSW1,2009/9/28 12:30,9276.65,29.95,TRADE
NSW1,2009/9/28 13:00,9209.35,29.95,TRADE
NSW1,2009/9/28 13:30,9222,29.81,TRADE
NSW1,2009/9/28 14:00,9186.1,28.85,TRADE
NSW1,2009/9/28 14:30,9152.93,26.2,TRADE
NSW1,2009/9/28 15:00,9137.28,27.36,TRADE
NSW1,2009/9/28 15:30,9076.45,26.43,TRADE
NSW1,2009/9/28 16:00,9069.29,26.35,TRADE
NSW1,2009/9/28 16:30,9184.32,26.68,TRADE
NSW1,2009/9/28 17:00,9220.42,24.78,TRADE
NSW1,2009/9/28 17:30,9304.37,24.22,TRADE
NSW1,2009/9/28 18:00,9587.64,26.53,TRADE
NSW1,2009/9/28 18:30,9956.38,31.3,TRADE
NSW1,2009/9/28 19:00,10154.21,36.24,TRADE
NSW1,2009/9/28 19:30,9975.5,34.6,TRADE
NSW1,2009/9/28 20:00,9742.66,34.67,TRADE
NSW1,2009/9/28 20:30,9549.7,34.43,TRADE
NSW1,2009/9/28 21:00,9425.94,31.44,TRADE
NSW1,2009/9/28 21:30,9097.4,27.74,TRADE
NSW1,2009/9/28 22:00,8794.62,27.11,TRADE
NSW1,2009/9/28 22:30,8813.74,33.94,TRADE
NSW1,2009/9/28 23:00,8664.83,26.54,TRADE
NSW1,2009/9/28 23:30,8571.85,27.36,TRADE
NSW1,2009/9/29 0:00,8496.74,24.75,TRADE
NSW1,2009/9/29 0:30,8280.16,24.11,TRADE
NSW1,2009/9/29 1:00,8166.27,21.67,TRADE
NSW1,2009/9/29 1:30,8007.88,23.05,TRADE
NSW1,2009/9/29 2:00,7756.26,22.43,TRADE
NSW1,2009/9/29 2:30,7420.53,22,TRADE
NSW1,2009/9/29 3:00,7091.92,22,TRADE
NSW1,2009/9/29 3:30,6837.44,22,TRADE
NSW1,2009/9/29 4:00,6701.81,22,TRADE
NSW1,2009/9/29 4:30,6675.53,21.99,TRADE
NSW1,2009/9/29 5:00,6781.49,22.5,TRADE
NSW1,2009/9/29 5:30,7074.43,22.12,TRADE
NSW1,2009/9/29 6:00,7374.57,22.91,TRADE
NSW1,2009/9/29 6:30,8156.72,25.14,TRADE
NSW1,2009/9/29 7:00,8768.56,25.27,TRADE
NSW1,2009/9/29 7:30,8953.43,24.32,TRADE
NSW1,2009/9/29 8:00,9270.38,28.76,TRADE
NSW1,2009/9/29 8:30,9359.01,28.1,TRADE
NSW1,2009/9/29 9:00,9305.56,26.2,TRADE
NSW1,2009/9/29 9:30,9424.51,27.24,TRADE
NSW1,2009/9/29 10:00,9391.93,25.54,TRADE
NSW1,2009/9/29 10:30,9426.86,27.13,TRADE
NSW1,2009/9/29 11:00,9370.22,27.1,TRADE
NSW1,2009/9/29 11:30,9284.85,32.92,TRADE
NSW1,2009/9/29 12:00,9280.23,30.25,TRADE
NSW1,2009/9/29 12:30,9246.08,26.72,TRADE
NSW1,2009/9/29 13:00,9163.57,26.5,TRADE
NSW1,2009/9/29 13:30,9144.25,26.7,TRADE
NSW1,2009/9/29 14:00,9123.34,26,TRADE
NSW1,2009/9/29 14:30,9123.63,26.95,TRADE
NSW1,2009/9/29 15:00,9008.85,26.01,TRADE
NSW1,2009/9/29 15:30,8981.82,24.95,TRADE
NSW1,2009/9/29 16:00,8963.98,23.49,TRADE
NSW1,2009/9/29 16:30,9012.35,22.78,TRADE
NSW1,2009/9/29 17:00,9033.41,24.14,TRADE
NSW1,2009/9/29 17:30,9105.02,24.37,TRADE
NSW1,2009/9/29 18:00,9343.51,24.25,TRADE
NSW1,2009/9/29 18:30,9722.9,27.86,TRADE
NSW1,2009/9/29 19:00,9890.98,33.43,TRADE
NSW1,2009/9/29 19:30,9740.56,29.05,TRADE
NSW1,2009/9/29 20:00,9544.09,25.66,TRADE
NSW1,2009/9/29 20:30,9402.77,25.03,TRADE
NSW1,2009/9/29 21:00,9156.59,24.44,TRADE
NSW1,2009/9/29 21:30,8900.58,23.57,TRADE
NSW1,2009/9/29 22:00,8679.94,21.98,TRADE
NSW1,2009/9/29 22:30,8771.28,23.77,TRADE
NSW1,2009/9/29 23:00,8586.72,22.04,TRADE
NSW1,2009/9/29 23:30,8520.22,22.69,TRADE
NSW1,2009/9/30 0:00,8376.86,21.88,TRADE
NSW1,2009/9/30 0:30,8189.91,22,TRADE
NSW1,2009/9/30 1:00,8054.72,21.5,TRADE
NSW1,2009/9/30 1:30,7884.85,21.66,TRADE
NSW1,2009/9/30 2:00,7638.13,21.83,TRADE
NSW1,2009/9/30 2:30,7319.71,23.37,TRADE
NSW1,2009/9/30 3:00,6995.13,22,TRADE
NSW1,2009/9/30 3:30,6761.88,22,TRADE
NSW1,2009/9/30 4:00,6644.97,22,TRADE
NSW1,2009/9/30 4:30,6657.86,22,TRADE
NSW1,2009/9/30 5:00,6711.16,22,TRADE
NSW1,2009/9/30 5:30,6972.27,22.15,TRADE
NSW1,2009/9/30 6:00,7285.26,22.41,TRADE
NSW1,2009/9/30 6:30,8037.69,21.83,TRADE
NSW1,2009/9/30 7:00,8695.15,22,TRADE
NSW1,2009/9/30 7:30,8913.98,23.92,TRADE
NSW1,2009/9/30 8:00,9198.91,25.17,TRADE
NSW1,2009/9/30 8:30,9344.58,27.84,TRADE
NSW1,2009/9/30 9:00,9316.26,28.33,TRADE
NSW1,2009/9/30 9:30,9346.2,31.52,TRADE
NSW1,2009/9/30 10:00,9351.09,33.41,TRADE
NSW1,2009/9/30 10:30,9394.36,37.89,TRADE
NSW1,2009/9/30 11:00,9376.68,33.6,TRADE
NSW1,2009/9/30 11:30,9320.82,35.03,TRADE
NSW1,2009/9/30 12:00,9330.97,36.07,TRADE
NSW1,2009/9/30 12:30,9290.27,36.22,TRADE
NSW1,2009/9/30 13:00,9288.48,32.27,TRADE
NSW1,2009/9/30 13:30,9246.06,31.45,TRADE
NSW1,2009/9/30 14:00,9237.92,33.07,TRADE
NSW1,2009/9/30 14:30,9223.26,29.12,TRADE
NSW1,2009/9/30 15:00,9195.64,32.47,TRADE
NSW1,2009/9/30 15:30,9155.41,29.92,TRADE
NSW1,2009/9/30 16:00,9146.02,29.85,TRADE
NSW1,2009/9/30 16:30,9175.05,27.61,TRADE
NSW1,2009/9/30 17:00,9187.36,24.96,TRADE
NSW1,2009/9/30 17:30,9195.14,25.02,TRADE
NSW1,2009/9/30 18:00,9314.25,24.99,TRADE
NSW1,2009/9/30 18:30,9555.7,27.84,TRADE
NSW1,2009/9/30 19:00,9691.02,29.88,TRADE
NSW1,2009/9/30 19:30,9473.66,26.87,TRADE
NSW1,2009/9/30 20:00,9229.48,25.39,TRADE
NSW1,2009/9/30 20:30,9069.36,23.95,TRADE
NSW1,2009/9/30 21:00,8908.86,22.7,TRADE
NSW1,2009/9/30 21:30,8642.4,21.43,TRADE
NSW1,2009/9/30 22:00,8395.43,21.8,TRADE
NSW1,2009/9/30 22:30,8474,23.84,TRADE
NSW1,2009/9/30 23:00,8357.53,22.04,TRADE
NSW1,2009/9/30 23:30,8228.94,22.21,TRADE
NSW1,2009/10/1 0:00,8129.11,21.58,TRADE
?NSW1,2009/10/1 0:30,7956.92,22.14,TRADE
NSW1,2009/10/1 1:00,7780.08,21,TRADE
NSW1,2009/10/1 1:30,7608.73,21.02,TRADE
NSW1,2009/10/1 2:00,7376.73,20.95,TRADE
NSW1,2009/10/1 2:30,7022.41,21.82,TRADE
NSW1,2009/10/1 3:00,6729.4,20.49,TRADE
NSW1,2009/10/1 3:30,6508.33,19.93,TRADE
NSW1,2009/10/1 4:00,6380.46,15.93,TRADE
NSW1,2009/10/1 4:30,6374.31,14.92,TRADE
NSW1,2009/10/1 5:00,6454.09,18.69,TRADE
NSW1,2009/10/1 5:30,6702.12,21.63,TRADE
NSW1,2009/10/1 6:00,7034.33,22.51,TRADE
NSW1,2009/10/1 6:30,7696.64,21.88,TRADE
NSW1,2009/10/1 7:00,8336.33,21.75,TRADE
NSW1,2009/10/1 7:30,8556.35,22.82,TRADE
NSW1,2009/10/1 8:00,8937.56,23.97,TRADE
NSW1,2009/10/1 8:30,9095.5,25.46,TRADE
NSW1,2009/10/1 9:00,9151.93,26.01,TRADE
NSW1,2009/10/1 9:30,9304.93,30.63,TRADE
NSW1,2009/10/1 10:00,9377.57,30.54,TRADE
NSW1,2009/10/1 10:30,9459.71,31.74,TRADE
NSW1,2009/10/1 11:00,9512.06,31.47,TRADE
NSW1,2009/10/1 11:30,9515.02,34.45,TRADE
NSW1,2009/10/1 12:00,9551.06,30.13,TRADE
NSW1,2009/10/1 12:30,9600.94,29.45,TRADE
NSW1,2009/10/1 13:00,9652.19,29.1,TRADE
NSW1,2009/10/1 13:30,9671.86,29.58,TRADE
NSW1,2009/10/1 14:00,9757.14,31.94,TRADE
NSW1,2009/10/1 14:30,9777.27,31.09,TRADE
NSW1,2009/10/1 15:00,9776.51,32.86,TRADE
NSW1,2009/10/1 15:30,9803.78,36.25,TRADE
NSW1,2009/10/1 16:00,9792.37,31.74,TRADE
NSW1,2009/10/1 16:30,9797.05,32.82,TRADE
NSW1,2009/10/1 17:00,9734,30.19,TRADE
NSW1,2009/10/1 17:30,9622,27.58,TRADE
NSW1,2009/10/1 18:00,9701.51,32.67,TRADE
NSW1,2009/10/1 18:30,9851.69,34.83,TRADE
NSW1,2009/10/1 19:00,9960.91,60.47,TRADE
NSW1,2009/10/1 19:30,9667.29,40.24,TRADE
NSW1,2009/10/1 20:00,9424.33,29.77,TRADE
NSW1,2009/10/1 20:30,9187.37,25.8,TRADE
NSW1,2009/10/1 21:00,9003.12,24.34,TRADE
NSW1,2009/10/1 21:30,8661.9,23.48,TRADE
NSW1,2009/10/1 22:00,8406.11,21.18,TRADE
NSW1,2009/10/1 22:30,8512.45,24.49,TRADE
NSW1,2009/10/1 23:00,8389.56,21.5,TRADE
NSW1,2009/10/1 23:30,8312.8,22.67,TRADE
NSW1,2009/10/2 0:00,8171.94,21.64,TRADE
NSW1,2009/10/2 0:30,8006.47,22,TRADE
NSW1,2009/10/2 1:00,7817.69,21.37,TRADE
NSW1,2009/10/2 1:30,7609.22,21.36,TRADE
NSW1,2009/10/2 2:00,7371.95,20.95,TRADE
NSW1,2009/10/2 2:30,6953.76,21.75,TRADE
NSW1,2009/10/2 3:00,6667.04,21.59,TRADE
NSW1,2009/10/2 3:30,6463.99,21.05,TRADE
NSW1,2009/10/2 4:00,6389.53,20.87,TRADE
NSW1,2009/10/2 4:30,6328.27,20.04,TRADE
NSW1,2009/10/2 5:00,6428.41,20.79,TRADE
NSW1,2009/10/2 5:30,6698.39,21.98,TRADE
NSW1,2009/10/2 6:00,6971.4,22.76,TRADE
NSW1,2009/10/2 6:30,7610.88,21.96,TRADE
NSW1,2009/10/2 7:00,8206.99,22.79,TRADE
NSW1,2009/10/2 7:30,8442.37,24.66,TRADE
NSW1,2009/10/2 8:00,8836.18,26.34,TRADE
NSW1,2009/10/2 8:30,9059.1,30.72,TRADE
NSW1,2009/10/2 9:00,9132.55,30.31,TRADE
NSW1,2009/10/2 9:30,9366.6,34.75,TRADE
NSW1,2009/10/2 10:00,9447.3,32.47,TRADE
NSW1,2009/10/2 10:30,9437.83,32.13,TRADE
NSW1,2009/10/2 11:00,9435.54,32.1,TRADE
NSW1,2009/10/2 11:30,9455.95,34.77,TRADE
NSW1,2009/10/2 12:00,9423.01,33.57,TRADE
NSW1,2009/10/2 12:30,9377.24,59.97,TRADE
NSW1,2009/10/2 13:00,9391.29,66.15,TRADE
NSW1,2009/10/2 13:30,9297.56,29.93,TRADE
NSW1,2009/10/2 14:00,9269.09,31.82,TRADE
NSW1,2009/10/2 14:30,9222.47,32.39,TRADE
NSW1,2009/10/2 15:00,9121.92,31.44,TRADE
NSW1,2009/10/2 15:30,9076.35,26.15,TRADE
NSW1,2009/10/2 16:00,9092.49,26.12,TRADE
NSW1,2009/10/2 16:30,9080.53,25.84,TRADE
NSW1,2009/10/2 17:00,9070.84,26.51,TRADE
NSW1,2009/10/2 17:30,9110.06,25.07,TRADE
NSW1,2009/10/2 18:00,9357.33,29.65,TRADE
NSW1,2009/10/2 18:30,9409.22,30.63,TRADE
NSW1,2009/10/2 19:00,9399,35.32,TRADE
NSW1,2009/10/2 19:30,9133.05,29.44,TRADE
NSW1,2009/10/2 20:00,8897.25,30.19,TRADE
NSW1,2009/10/2 20:30,8735.76,31.54,TRADE
NSW1,2009/10/2 21:00,8569.96,32.13,TRADE
NSW1,2009/10/2 21:30,8412.85,27.4,TRADE
NSW1,2009/10/2 22:00,8166.9,23.47,TRADE
NSW1,2009/10/2 22:30,8295.35,27.4,TRADE
NSW1,2009/10/2 23:00,8304,24.71,TRADE
NSW1,2009/10/2 23:30,8285.61,27.29,TRADE
NSW1,2009/10/3 0:00,8194.91,25.95,TRADE
NSW1,2009/10/3 0:30,7979.19,27.14,TRADE
NSW1,2009/10/3 1:00,7780.73,23.23,TRADE
NSW1,2009/10/3 1:30,7593,22.11,TRADE
NSW1,2009/10/3 2:00,7293.78,21.83,TRADE
NSW1,2009/10/3 2:30,6975.36,21.95,TRADE
NSW1,2009/10/3 3:00,6633.48,22,TRADE
NSW1,2009/10/3 3:30,6436.64,22,TRADE
NSW1,2009/10/3 4:00,6344,21.86,TRADE
NSW1,2009/10/3 4:30,6272.15,21.45,TRADE
NSW1,2009/10/3 5:00,6278.72,21.11,TRADE
NSW1,2009/10/3 5:30,6373.42,21.63,TRADE
NSW1,2009/10/3 6:00,6427.35,22,TRADE
NSW1,2009/10/3 6:30,6617.25,20.51,TRADE
NSW1,2009/10/3 7:00,6919.56,21.54,TRADE
NSW1,2009/10/3 7:30,7245.15,23.79,TRADE
NSW1,2009/10/3 8:00,7655.98,24.13,TRADE
NSW1,2009/10/3 8:30,8093.51,24.93,TRADE
NSW1,2009/10/3 9:00,8403.01,27.84,TRADE
NSW1,2009/10/3 9:30,8692.98,31.46,TRADE
NSW1,2009/10/3 10:00,8707.58,32.4,TRADE
NSW1,2009/10/3 10:30,8819.95,35.23,TRADE
NSW1,2009/10/3 11:00,8760.84,30.41,TRADE
NSW1,2009/10/3 11:30,8726.39,32.04,TRADE
NSW1,2009/10/3 12:00,8655.35,31.52,TRADE
NSW1,2009/10/3 12:30,8590.15,31.55,TRADE
NSW1,2009/10/3 13:00,8543.32,29.1,TRADE
NSW1,2009/10/3 13:30,8441.36,26.98,TRADE
NSW1,2009/10/3 14:00,8388.48,26.82,TRADE
NSW1,2009/10/3 14:30,8363.66,25.63,TRADE
NSW1,2009/10/3 15:00,8315.07,26.07,TRADE
NSW1,2009/10/3 15:30,8337.11,26.12,TRADE
NSW1,2009/10/3 16:00,8407.32,25.64,TRADE
NSW1,2009/10/3 16:30,8510.37,24.77,TRADE
NSW1,2009/10/3 17:00,8632.04,24.78,TRADE
NSW1,2009/10/3 17:30,8736.44,25.53,TRADE
NSW1,2009/10/3 18:00,9057.42,31.32,TRADE
NSW1,2009/10/3 18:30,9327.17,37.94,TRADE
NSW1,2009/10/3 19:00,9329.54,51.62,TRADE
NSW1,2009/10/3 19:30,9105.51,42.5,TRADE
NSW1,2009/10/3 20:00,8880.21,34.67,TRADE
NSW1,2009/10/3 20:30,8607.58,30.41,TRADE
NSW1,2009/10/3 21:00,8554.94,27.14,TRADE
NSW1,2009/10/3 21:30,8386.3,24.83,TRADE
NSW1,2009/10/3 22:00,8226.37,23.68,TRADE
NSW1,2009/10/3 22:30,8232.08,24.34,TRADE
NSW1,2009/10/3 23:00,8144.54,25.41,TRADE
NSW1,2009/10/3 23:30,8083.45,26.68,TRADE
NSW1,2009/10/4 0:00,7852.15,23.35,TRADE
NSW1,2009/10/4 0:30,7607.83,22.08,TRADE
NSW1,2009/10/4 1:00,7407.57,21.83,TRADE
NSW1,2009/10/4 1:30,7201.66,21.88,TRADE
NSW1,2009/10/4 2:00,6961.01,21.54,TRADE
NSW1,2009/10/4 2:30,6618.04,21.77,TRADE
NSW1,2009/10/4 3:00,6439.19,22.18,TRADE
NSW1,2009/10/4 3:30,6300.15,21.53,TRADE
NSW1,2009/10/4 4:00,6228.18,20.96,TRADE
NSW1,2009/10/4 4:30,6258.27,20.44,TRADE
NSW1,2009/10/4 5:00,6248.45,21.06,TRADE
NSW1,2009/10/4 5:30,6340.82,21.13,TRADE
NSW1,2009/10/4 6:00,6455.03,22.17,TRADE
NSW1,2009/10/4 6:30,6630.31,21.08,TRADE
NSW1,2009/10/4 7:00,6946.04,20.73,TRADE
NSW1,2009/10/4 7:30,7277.03,20.77,TRADE
NSW1,2009/10/4 8:00,7715.58,23.94,TRADE
NSW1,2009/10/4 8:30,8079.87,25.07,TRADE
NSW1,2009/10/4 9:00,8376.58,25.06,TRADE
NSW1,2009/10/4 9:30,8540.57,23.35,TRADE
NSW1,2009/10/4 10:00,8590.7,24.4,TRADE
NSW1,2009/10/4 10:30,8592.97,24.54,TRADE
NSW1,2009/10/4 11:00,8568.18,23.46,TRADE
NSW1,2009/10/4 11:30,8510.14,23.99,TRADE
NSW1,2009/10/4 12:00,8449.19,25.16,TRADE
NSW1,2009/10/4 12:30,8389.72,25.21,TRADE
NSW1,2009/10/4 13:00,8320.51,25.08,TRADE
NSW1,2009/10/4 13:30,8182.37,26.78,TRADE
NSW1,2009/10/4 14:00,8123.72,31.81,TRADE
NSW1,2009/10/4 14:30,8136.75,29.62,TRADE
NSW1,2009/10/4 15:00,8106.92,27.21,TRADE
NSW1,2009/10/4 15:30,8146.17,28.88,TRADE
NSW1,2009/10/4 16:00,8191.3,29.68,TRADE
NSW1,2009/10/4 16:30,8188.97,29.48,TRADE
NSW1,2009/10/4 17:00,8213.93,29.95,TRADE
NSW1,2009/10/4 17:30,8345.43,29.95,TRADE
NSW1,2009/10/4 18:00,8383.58,31.62,TRADE
NSW1,2009/10/4 18:30,8579.53,33.7,TRADE
NSW1,2009/10/4 19:00,8764.3,38.2,TRADE
NSW1,2009/10/4 19:30,8611.15,35.02,TRADE
NSW1,2009/10/4 20:00,8532.61,35.01,TRADE
NSW1,2009/10/4 20:30,8348.75,30.78,TRADE
NSW1,2009/10/4 21:00,8219.2,27.48,TRADE
NSW1,2009/10/4 21:30,8175.19,28.92,TRADE
NSW1,2009/10/4 22:00,8081.55,25.59,TRADE
NSW1,2009/10/4 22:30,7963.07,26.1,TRADE
NSW1,2009/10/4 23:00,7781.08,23.41,TRADE
NSW1,2009/10/4 23:30,7589.89,22.47,TRADE
NSW1,2009/10/5 0:00,7403.75,21.48,TRADE
NSW1,2009/10/5 0:30,7221.94,21.77,TRADE
NSW1,2009/10/5 1:00,7053.15,21.39,TRADE
NSW1,2009/10/5 1:30,6788.3,21.26,TRADE
NSW1,2009/10/5 2:00,6558.71,21.06,TRADE
NSW1,2009/10/5 2:30,6314.59,21.33,TRADE
NSW1,2009/10/5 3:00,6244.17,22.36,TRADE
NSW1,2009/10/5 3:30,6196.98,22.71,TRADE
NSW1,2009/10/5 4:00,6169.21,21.74,TRADE
NSW1,2009/10/5 4:30,6195.82,21.32,TRADE
NSW1,2009/10/5 5:00,6161.17,21.57,TRADE
NSW1,2009/10/5 5:30,6381.81,24.28,TRADE
NSW1,2009/10/5 6:00,6464.51,22,TRADE
NSW1,2009/10/5 6:30,6673.85,23.84,TRADE
NSW1,2009/10/5 7:00,6967.97,24.78,TRADE
NSW1,2009/10/5 7:30,7321.08,24.99,TRADE
NSW1,2009/10/5 8:00,7627.91,26.46,TRADE
NSW1,2009/10/5 8:30,7935.79,30.4,TRADE
NSW1,2009/10/5 9:00,8124.19,34.66,TRADE
NSW1,2009/10/5 9:30,8327.83,38.22,TRADE
NSW1,2009/10/5 10:00,8367.71,43.89,TRADE
NSW1,2009/10/5 10:30,8354.32,39.58,TRADE
NSW1,2009/10/5 11:00,8319.83,39.4,TRADE
NSW1,2009/10/5 11:30,8283.67,38.28,TRADE
NSW1,2009/10/5 12:00,8190.62,44.25,TRADE
NSW1,2009/10/5 12:30,8106.71,37.16,TRADE
NSW1,2009/10/5 13:00,8038.44,31.85,TRADE
NSW1,2009/10/5 13:30,7987.58,30.96,TRADE
NSW1,2009/10/5 14:00,7909.72,30.52,TRADE
NSW1,2009/10/5 14:30,7979.46,31.29,TRADE
NSW1,2009/10/5 15:00,7969.45,31.29,TRADE
NSW1,2009/10/5 15:30,8092.71,35.54,TRADE
NSW1,2009/10/5 16:00,8199.45,36.49,TRADE
NSW1,2009/10/5 16:30,8301.99,36.92,TRADE
NSW1,2009/10/5 17:00,8505.98,42.97,TRADE
NSW1,2009/10/5 17:30,8659.78,37.07,TRADE
NSW1,2009/10/5 18:00,8794.64,36.56,TRADE
NSW1,2009/10/5 18:30,8890.73,44.49,TRADE
NSW1,2009/10/5 19:00,8893.36,47.34,TRADE
NSW1,2009/10/5 19:30,8766.4,35.35,TRADE
NSW1,2009/10/5 20:00,8734.36,31.51,TRADE
NSW1,2009/10/5 20:30,8488.6,25.43,TRADE
NSW1,2009/10/5 21:00,8340.06,22.64,TRADE
NSW1,2009/10/5 21:30,8233.39,21.42,TRADE
NSW1,2009/10/5 22:00,8071.19,21.42,TRADE
NSW1,2009/10/5 22:30,8127.58,22.88,TRADE
NSW1,2009/10/5 23:00,8024.9,22.63,TRADE
NSW1,2009/10/5 23:30,7904.02,23.68,TRADE
NSW1,2009/10/6 0:00,7870.6,22.56,TRADE
NSW1,2009/10/6 0:30,7732.07,21.65,TRADE
NSW1,2009/10/6 1:00,7519.21,21.11,TRADE
NSW1,2009/10/6 1:30,7216.79,20.79,TRADE
NSW1,2009/10/6 2:00,6851.41,20.1,TRADE
NSW1,2009/10/6 2:30,6607.91,18.99,TRADE
NSW1,2009/10/6 3:00,6532.4,19.35,TRADE
NSW1,2009/10/6 3:30,6421.59,19.06,TRADE
NSW1,2009/10/6 4:00,6441.22,20.92,TRADE
NSW1,2009/10/6 4:30,6606.37,22.13,TRADE
NSW1,2009/10/6 5:00,6917.85,23.85,TRADE
NSW1,2009/10/6 5:30,7581.76,28.19,TRADE
NSW1,2009/10/6 6:00,8122.22,44.04,TRADE
NSW1,2009/10/6 6:30,8593.42,44.22,TRADE
NSW1,2009/10/6 7:00,8961.23,46.12,TRADE
NSW1,2009/10/6 7:30,9166.32,35.37,TRADE
NSW1,2009/10/6 8:00,9289.62,33.8,TRADE
NSW1,2009/10/6 8:30,9446.54,54.46,TRADE
NSW1,2009/10/6 9:00,9419.58,37.88,TRADE
NSW1,2009/10/6 9:30,9459.89,41.2,TRADE
NSW1,2009/10/6 10:00,9444.6,39.92,TRADE
NSW1,2009/10/6 10:30,9457.61,40.95,TRADE
NSW1,2009/10/6 11:00,9380.51,108.77,TRADE
NSW1,2009/10/6 11:30,9313.81,228.59,TRADE
NSW1,2009/10/6 12:00,9296.54,85.47,TRADE
NSW1,2009/10/6 12:30,9260.23,41.93,TRADE
NSW1,2009/10/6 13:00,9175.15,37.68,TRADE
NSW1,2009/10/6 13:30,9101.25,31.4,TRADE
NSW1,2009/10/6 14:00,9003.47,35.78,TRADE
NSW1,2009/10/6 14:30,8903.77,35.54,TRADE
NSW1,2009/10/6 15:00,8856.52,36.18,TRADE
NSW1,2009/10/6 15:30,8924.12,41.8,TRADE
NSW1,2009/10/6 16:00,9021.47,71.82,TRADE
NSW1,2009/10/6 16:30,9101.29,75.27,TRADE
NSW1,2009/10/6 17:00,9240.05,45.59,TRADE
NSW1,2009/10/6 17:30,9242.64,39.82,TRADE
NSW1,2009/10/6 18:00,9340.6,37.58,TRADE
NSW1,2009/10/6 18:30,9573.17,58.07,TRADE
NSW1,2009/10/6 19:00,9670.53,79.92,TRADE
NSW1,2009/10/6 19:30,9474.9,42.07,TRADE
NSW1,2009/10/6 20:00,9320.1,50.49,TRADE
NSW1,2009/10/6 20:30,9083.76,45.57,TRADE
NSW1,2009/10/6 21:00,8846.51,29.57,TRADE
NSW1,2009/10/6 21:30,8800.87,28.27,TRADE
NSW1,2009/10/6 22:00,8682.03,25.61,TRADE
NSW1,2009/10/6 22:30,8606.45,28.69,TRADE
NSW1,2009/10/6 23:00,8414.87,23.03,TRADE
NSW1,2009/10/6 23:30,8355.66,25.57,TRADE
NSW1,2009/10/7 0:00,8168.35,21.91,TRADE
NSW1,2009/10/7 0:30,8043.7,21.87,TRADE
NSW1,2009/10/7 1:00,7888.78,21.96,TRADE
NSW1,2009/10/7 1:30,7606.55,22.16,TRADE
NSW1,2009/10/7 2:00,7155.61,21.5,TRADE
NSW1,2009/10/7 2:30,6869.19,22,TRADE
NSW1,2009/10/7 3:00,6697.63,22,TRADE
NSW1,2009/10/7 3:30,6632.4,22,TRADE
NSW1,2009/10/7 4:00,6694.78,22,TRADE
NSW1,2009/10/7 4:30,6933.64,22,TRADE
NSW1,2009/10/7 5:00,7231.94,23.8,TRADE
NSW1,2009/10/7 5:30,7841.46,28.68,TRADE
NSW1,2009/10/7 6:00,8400.34,47.24,TRADE
NSW1,2009/10/7 6:30,8769.09,42.78,TRADE
NSW1,2009/10/7 7:00,9167.15,49.42,TRADE
NSW1,2009/10/7 7:30,9293.48,33.13,TRADE
NSW1,2009/10/7 8:00,9412.94,33.01,TRADE
NSW1,2009/10/7 8:30,9464.98,75.43,TRADE
NSW1,2009/10/7 9:00,9418.82,62.48,TRADE
NSW1,2009/10/7 9:30,9555.59,63.99,TRADE
NSW1,2009/10/7 10:00,9529.43,34.04,TRADE
NSW1,2009/10/7 10:30,9471.24,30.09,TRADE
NSW1,2009/10/7 11:00,9461.46,29.96,TRADE
NSW1,2009/10/7 11:30,9421.53,28.07,TRADE
NSW1,2009/10/7 12:00,9393.59,27.97,TRADE
NSW1,2009/10/7 12:30,9344.39,27.92,TRADE
NSW1,2009/10/7 13:00,9243.08,27.52,TRADE
NSW1,2009/10/7 13:30,9212.82,27.41,TRADE
NSW1,2009/10/7 14:00,9153.71,25.83,TRADE
NSW1,2009/10/7 14:30,9106.04,25.57,TRADE
NSW1,2009/10/7 15:00,9009.17,24.46,TRADE
NSW1,2009/10/7 15:30,9063.97,25.93,TRADE
NSW1,2009/10/7 16:00,9212.83,26.39,TRADE
NSW1,2009/10/7 16:30,9329.53,28.71,TRADE
NSW1,2009/10/7 17:00,9533.13,29.57,TRADE
NSW1,2009/10/7 17:30,9656.09,29.72,TRADE
NSW1,2009/10/7 18:00,9921.34,30.28,TRADE
NSW1,2009/10/7 18:30,10080.7,34.55,TRADE
NSW1,2009/10/7 19:00,10047.27,40.68,TRADE
NSW1,2009/10/7 19:30,9868.67,34.84,TRADE
NSW1,2009/10/7 20:00,9707.77,33.58,TRADE
NSW1,2009/10/7 20:30,9419.46,30.6,TRADE
NSW1,2009/10/7 21:00,9134.38,28.65,TRADE
NSW1,2009/10/7 21:30,9038.7,29,TRADE
NSW1,2009/10/7 22:00,8855.36,23.4,TRADE
NSW1,2009/10/7 22:30,8729.33,23.59,TRADE
NSW1,2009/10/7 23:00,8549.39,22.55,TRADE
NSW1,2009/10/7 23:30,8386.89,23.26,TRADE
NSW1,2009/10/8 0:00,8294.78,24.15,TRADE
NSW1,2009/10/8 0:30,8147.61,22.69,TRADE
NSW1,2009/10/8 1:00,7936.71,21.82,TRADE
NSW1,2009/10/8 1:30,7551.95,22.48,TRADE
NSW1,2009/10/8 2:00,7198.88,20.98,TRADE
NSW1,2009/10/8 2:30,6952.4,20.86,TRADE
NSW1,2009/10/8 3:00,6792.48,21.62,TRADE
NSW1,2009/10/8 3:30,6702.27,21.51,TRADE
NSW1,2009/10/8 4:00,6741.15,21.64,TRADE
NSW1,2009/10/8 4:30,6970.01,21.85,TRADE
NSW1,2009/10/8 5:00,7321.43,24.06,TRADE
NSW1,2009/10/8 5:30,7967.51,33.39,TRADE
NSW1,2009/10/8 6:00,8536.67,52.49,TRADE
NSW1,2009/10/8 6:30,8951.14,51.54,TRADE
NSW1,2009/10/8 7:00,9413.96,95.14,TRADE
NSW1,2009/10/8 7:30,9548.1,32.95,TRADE
NSW1,2009/10/8 8:00,9674.15,29.94,TRADE
NSW1,2009/10/8 8:30,9716.57,29.06,TRADE
NSW1,2009/10/8 9:00,9748.7,27.99,TRADE
NSW1,2009/10/8 9:30,9795.15,29.31,TRADE
NSW1,2009/10/8 10:00,9691.86,28.81,TRADE
NSW1,2009/10/8 10:30,9597.81,28.17,TRADE
NSW1,2009/10/8 11:00,9532.46,29.56,TRADE
NSW1,2009/10/8 11:30,9466.62,28.5,TRADE
NSW1,2009/10/8 12:00,9361.53,28.12,TRADE
NSW1,2009/10/8 12:30,9320.11,28.53,TRADE
NSW1,2009/10/8 13:00,9295.18,28.06,TRADE
NSW1,2009/10/8 13:30,9230.08,27.98,TRADE
NSW1,2009/10/8 14:00,9138.63,27.66,TRADE
NSW1,2009/10/8 14:30,9083.57,27.59,TRADE
NSW1,2009/10/8 15:00,9053.38,28.01,TRADE
NSW1,2009/10/8 15:30,9070.27,28.43,TRADE
NSW1,2009/10/8 16:00,8978.87,28.32,TRADE
NSW1,2009/10/8 16:30,9143.42,27.97,TRADE
NSW1,2009/10/8 17:00,9348.09,28.14,TRADE
NSW1,2009/10/8 17:30,9435.27,27.98,TRADE
NSW1,2009/10/8 18:00,9568.95,27.98,TRADE
NSW1,2009/10/8 18:30,9787.38,29.75,TRADE
NSW1,2009/10/8 19:00,9981.53,36.94,TRADE
NSW1,2009/10/8 19:30,9944.65,44.76,TRADE
NSW1,2009/10/8 20:00,9813.35,44.89,TRADE
NSW1,2009/10/8 20:30,9469.99,33.65,TRADE
NSW1,2009/10/8 21:00,9191.14,28.24,TRADE
NSW1,2009/10/8 21:30,9058.31,27.75,TRADE
NSW1,2009/10/8 22:00,8814.8,22.2,TRADE
NSW1,2009/10/8 22:30,8695.81,24.5,TRADE
NSW1,2009/10/8 23:00,8573.06,22.4,TRADE
NSW1,2009/10/8 23:30,8386.06,23.55,TRADE
NSW1,2009/10/9 0:00,8264.47,22.57,TRADE
NSW1,2009/10/9 0:30,8133.47,22.17,TRADE
NSW1,2009/10/9 1:00,7943.65,22.15,TRADE
NSW1,2009/10/9 1:30,7645.7,22.66,TRADE
NSW1,2009/10/9 2:00,7322.47,21.46,TRADE
NSW1,2009/10/9 2:30,7017.53,21.81,TRADE
NSW1,2009/10/9 3:00,6859.22,22,TRADE
NSW1,2009/10/9 3:30,6785.26,22,TRADE
NSW1,2009/10/9 4:00,6828.81,22,TRADE
NSW1,2009/10/9 4:30,7050.61,22,TRADE
NSW1,2009/10/9 5:00,7371.54,23.78,TRADE
NSW1,2009/10/9 5:30,7989.9,32.03,TRADE
NSW1,2009/10/9 6:00,8553.99,41.97,TRADE
NSW1,2009/10/9 6:30,8964.37,44.58,TRADE
NSW1,2009/10/9 7:00,9302.1,83.07,TRADE
NSW1,2009/10/9 7:30,9510.04,36.44,TRADE
NSW1,2009/10/9 8:00,9686.93,67.62,TRADE
NSW1,2009/10/9 8:30,9769.4,57.71,TRADE
NSW1,2009/10/9 9:00,9763.51,41.78,TRADE
NSW1,2009/10/9 9:30,9723.9,32.54,TRADE
NSW1,2009/10/9 10:00,9680.79,31.42,TRADE
NSW1,2009/10/9 10:30,9636.69,32.08,TRADE
NSW1,2009/10/9 11:00,9577.62,32.02,TRADE
NSW1,2009/10/9 11:30,9521.08,32.02,TRADE
NSW1,2009/10/9 12:00,9479.56,31.82,TRADE
NSW1,2009/10/9 12:30,9504.06,31.94,TRADE
NSW1,2009/10/9 13:00,9440.95,31.88,TRADE
NSW1,2009/10/9 13:30,9328.46,30.81,TRADE
NSW1,2009/10/9 14:00,9227.89,30.02,TRADE
NSW1,2009/10/9 14:30,9145.23,28.85,TRADE
NSW1,2009/10/9 15:00,9097.5,28.56,TRADE
NSW1,2009/10/9 15:30,9087.05,28.29,TRADE
NSW1,2009/10/9 16:00,9127.13,28.06,TRADE
NSW1,2009/10/9 16:30,9197.39,29.9,TRADE
NSW1,2009/10/9 17:00,9334.61,30.83,TRADE
NSW1,2009/10/9 17:30,9349.55,29.39,TRADE
NSW1,2009/10/9 18:00,9442.69,29.64,TRADE
NSW1,2009/10/9 18:30,9621.11,31.29,TRADE
NSW1,2009/10/9 19:00,9734.92,35.48,TRADE
NSW1,2009/10/9 19:30,9664.29,34.52,TRADE
NSW1,2009/10/9 20:00,9507.41,41.44,TRADE
NSW1,2009/10/9 20:30,9259.44,38.31,TRADE
NSW1,2009/10/9 21:00,9047.07,32.98,TRADE
NSW1,2009/10/9 21:30,9000.29,34.69,TRADE
NSW1,2009/10/9 22:00,8965.65,33.54,TRADE
NSW1,2009/10/9 22:30,8901.78,47.05,TRADE
NSW1,2009/10/9 23:00,8796.75,37.95,TRADE
NSW1,2009/10/9 23:30,8614.21,38.35,TRADE
NSW1,2009/10/10 0:00,8444.55,32.1,TRADE
NSW1,2009/10/10 0:30,8301.51,30.59,TRADE
NSW1,2009/10/10 1:00,7974.88,25.91,TRADE
NSW1,2009/10/10 1:30,7629.08,24.1,TRADE
NSW1,2009/10/10 2:00,7243.85,22.22,TRADE
NSW1,2009/10/10 2:30,6955.12,22.01,TRADE
NSW1,2009/10/10 3:00,6756.54,21.87,TRADE
NSW1,2009/10/10 3:30,6636.79,21.83,TRADE
NSW1,2009/10/10 4:00,6616.32,22,TRADE
NSW1,2009/10/10 4:30,6692.42,22,TRADE
NSW1,2009/10/10 5:00,6798.29,22,TRADE
NSW1,2009/10/10 5:30,7017.48,22.03,TRADE
NSW1,2009/10/10 6:00,7220.61,22.15,TRADE
NSW1,2009/10/10 6:30,7623.09,26.65,TRADE
NSW1,2009/10/10 7:00,8046.01,30.64,TRADE
NSW1,2009/10/10 7:30,8483.93,31.18,TRADE
NSW1,2009/10/10 8:00,8734.08,31.62,TRADE
NSW1,2009/10/10 8:30,9032.82,34.15,TRADE
NSW1,2009/10/10 9:00,9090.36,33.02,TRADE
NSW1,2009/10/10 9:30,9077.63,32,TRADE
NSW1,2009/10/10 10:00,8990.38,31.26,TRADE
NSW1,2009/10/10 10:30,8919.31,30.4,TRADE
NSW1,2009/10/10 11:00,8849.59,28.35,TRADE
NSW1,2009/10/10 11:30,8757.08,30.32,TRADE
NSW1,2009/10/10 12:00,8667.94,28.51,TRADE
NSW1,2009/10/10 12:30,8540.61,28.03,TRADE
NSW1,2009/10/10 13:00,8429.18,27.82,TRADE
NSW1,2009/10/10 13:30,8366.87,27.76,TRADE
NSW1,2009/10/10 14:00,8256.4,26.04,TRADE
NSW1,2009/10/10 14:30,8226.13,23.72,TRADE
NSW1,2009/10/10 15:00,8214.06,22.52,TRADE
NSW1,2009/10/10 15:30,8263.48,22.92,TRADE
NSW1,2009/10/10 16:00,8307.24,23.71,TRADE
NSW1,2009/10/10 16:30,8287.7,23.67,TRADE
NSW1,2009/10/10 17:00,8435.2,23.97,TRADE
NSW1,2009/10/10 17:30,8594.57,24.04,TRADE
NSW1,2009/10/10 18:00,8754.7,27.65,TRADE
NSW1,2009/10/10 18:30,8927.54,30.32,TRADE
NSW1,2009/10/10 19:00,9028.06,31.55,TRADE
NSW1,2009/10/10 19:30,8935.73,31.04,TRADE
NSW1,2009/10/10 20:00,8777.09,29.61,TRADE
NSW1,2009/10/10 20:30,8562.57,27.21,TRADE
NSW1,2009/10/10 21:00,8401.57,24.58,TRADE
NSW1,2009/10/10 21:30,8320.62,28.59,TRADE
NSW1,2009/10/10 22:00,8243.25,25.77,TRADE
NSW1,2009/10/10 22:30,8211.72,26.84,TRADE
NSW1,2009/10/10 23:00,8001.2,23.79,TRADE
NSW1,2009/10/10 23:30,7797.62,24.77,TRADE
NSW1,2009/10/11 0:00,7595.92,22.5,TRADE
NSW1,2009/10/11 0:30,7424.16,22.59,TRADE
NSW1,2009/10/11 1:00,7202.72,22.1,TRADE
NSW1,2009/10/11 1:30,6981.9,23.19,TRADE
NSW1,2009/10/11 2:00,6722.81,21.28,TRADE
NSW1,2009/10/11 2:30,6427.56,20.95,TRADE
NSW1,2009/10/11 3:00,6353.11,21.9,TRADE
NSW1,2009/10/11 3:30,6322.46,21.97,TRADE
NSW1,2009/10/11 4:00,6304.19,21.92,TRADE
NSW1,2009/10/11 4:30,6337.44,22,TRADE
NSW1,2009/10/11 5:00,6404.63,22,TRADE
NSW1,2009/10/11 5:30,6549.48,22,TRADE
NSW1,2009/10/11 6:00,6659.09,22,TRADE
NSW1,2009/10/11 6:30,6945.47,22.74,TRADE
NSW1,2009/10/11 7:00,7350.44,22.22,TRADE
NSW1,2009/10/11 7:30,7738.73,21.79,TRADE
NSW1,2009/10/11 8:00,8056.2,21.82,TRADE
NSW1,2009/10/11 8:30,8379.32,23.27,TRADE
NSW1,2009/10/11 9:00,8527.18,24.85,TRADE
NSW1,2009/10/11 9:30,8695.16,27.92,TRADE
NSW1,2009/10/11 10:00,8648.43,27.78,TRADE
NSW1,2009/10/11 10:30,8593.77,26.23,TRADE
NSW1,2009/10/11 11:00,8519.6,26.02,TRADE
NSW1,2009/10/11 11:30,8442.67,25.47,TRADE
NSW1,2009/10/11 12:00,8384.42,25.8,TRADE
NSW1,2009/10/11 12:30,8345.81,23.84,TRADE
NSW1,2009/10/11 13:00,8142,22,TRADE
NSW1,2009/10/11 13:30,8126.54,22.25,TRADE
NSW1,2009/10/11 14:00,8071.85,22.02,TRADE
NSW1,2009/10/11 14:30,8051.6,22,TRADE
NSW1,2009/10/11 15:00,7998.97,22,TRADE
NSW1,2009/10/11 15:30,8000.49,22,TRADE
NSW1,2009/10/11 16:00,8045.72,22,TRADE
NSW1,2009/10/11 16:30,7963.13,22,TRADE
NSW1,2009/10/11 17:00,8188.34,23.47,TRADE
NSW1,2009/10/11 17:30,8311.77,22.46,TRADE
NSW1,2009/10/11 18:00,8440.24,24.46,TRADE
NSW1,2009/10/11 18:30,8724.5,28.04,TRADE
NSW1,2009/10/11 19:00,8937.83,34.92,TRADE
NSW1,2009/10/11 19:30,8834.29,33.1,TRADE
NSW1,2009/10/11 20:00,8771.34,31.23,TRADE
NSW1,2009/10/11 20:30,8544.19,28.15,TRADE
NSW1,2009/10/11 21:00,8308.42,24.14,TRADE
NSW1,2009/10/11 21:30,8200.29,22.32,TRADE
NSW1,2009/10/11 22:00,8088.37,21.88,TRADE
NSW1,2009/10/11 22:30,7944.61,23.51,TRADE
NSW1,2009/10/11 23:00,7719.88,22,TRADE
NSW1,2009/10/11 23:30,7502.66,22,TRADE
NSW1,2009/10/12 0:00,7383.7,22.52,TRADE
NSW1,2009/10/12 0:30,7245.12,21.89,TRADE
NSW1,2009/10/12 1:00,7073.04,22.17,TRADE
NSW1,2009/10/12 1:30,6849.87,21.25,TRADE
NSW1,2009/10/12 2:00,6535.74,20,TRADE
NSW1,2009/10/12 2:30,6425.2,16.45,TRADE
NSW1,2009/10/12 3:00,6373.69,16.82,TRADE
NSW1,2009/10/12 3:30,6328.61,14.19,TRADE
NSW1,2009/10/12 4:00,6406.31,16.8,TRADE
NSW1,2009/10/12 4:30,6639.1,18.5,TRADE
NSW1,2009/10/12 5:00,6975.52,21.35,TRADE
NSW1,2009/10/12 5:30,7591.42,22.81,TRADE
NSW1,2009/10/12 6:00,8181.04,23.98,TRADE
NSW1,2009/10/12 6:30,8667.54,26.21,TRADE
NSW1,2009/10/12 7:00,9103.52,58.76,TRADE
NSW1,2009/10/12 7:30,9334.96,27.68,TRADE
NSW1,2009/10/12 8:00,9437.67,27.55,TRADE
NSW1,2009/10/12 8:30,9589.82,28.43,TRADE
NSW1,2009/10/12 9:00,9633.44,28.97,TRADE
NSW1,2009/10/12 9:30,9677.09,30.56,TRADE
NSW1,2009/10/12 10:00,9669.93,31.23,TRADE
NSW1,2009/10/12 10:30,9624.8,31.06,TRADE
NSW1,2009/10/12 11:00,9549.25,30.98,TRADE
NSW1,2009/10/12 11:30,9522.03,30.13,TRADE
NSW1,2009/10/12 12:00,9469.57,29.78,TRADE
NSW1,2009/10/12 12:30,9412.33,29.57,TRADE
NSW1,2009/10/12 13:00,9385.9,29.05,TRADE
NSW1,2009/10/12 13:30,9363.28,29.07,TRADE
NSW1,2009/10/12 14:00,9299.39,28.62,TRADE
NSW1,2009/10/12 14:30,9232.85,26.73,TRADE
NSW1,2009/10/12 15:00,9223.39,25.23,TRADE
NSW1,2009/10/12 15:30,9266.4,26.28,TRADE
NSW1,2009/10/12 16:00,9357.22,28.87,TRADE
NSW1,2009/10/12 16:30,9439.25,29.56,TRADE
NSW1,2009/10/12 17:00,9534.4,30.2,TRADE
NSW1,2009/10/12 17:30,9543.21,28.91,TRADE
NSW1,2009/10/12 18:00,9531.59,28.11,TRADE
NSW1,2009/10/12 18:30,9549.33,29.46,TRADE
NSW1,2009/10/12 19:00,9419.45,30.07,TRADE
NSW1,2009/10/12 19:30,9288.9,27.85,TRADE
NSW1,2009/10/12 20:00,9090.41,28.54,TRADE
NSW1,2009/10/12 20:30,8761.92,24.08,TRADE
NSW1,2009/10/12 21:00,8487.9,22.46,TRADE
NSW1,2009/10/12 21:30,8463.39,22.44,TRADE
NSW1,2009/10/12 22:00,8328.55,21.71,TRADE
NSW1,2009/10/12 22:30,8318.82,25.18,TRADE
NSW1,2009/10/12 23:00,8206.32,22.85,TRADE
NSW1,2009/10/12 23:30,8034.86,24.84,TRADE
NSW1,2009/10/13 0:00,7940.22,22.01,TRADE
NSW1,2009/10/13 0:30,7776.48,21.79,TRADE
NSW1,2009/10/13 1:00,7524.26,22,TRADE
NSW1,2009/10/13 1:30,7214.92,23.44,TRADE
NSW1,2009/10/13 2:00,6926.81,21.73,TRADE
NSW1,2009/10/13 2:30,6698.09,20.77,TRADE
NSW1,2009/10/13 3:00,6546.11,19.88,TRADE
NSW1,2009/10/13 3:30,6514.79,20.63,TRADE
NSW1,2009/10/13 4:00,6524.89,20.87,TRADE
NSW1,2009/10/13 4:30,6669.14,20.28,TRADE
NSW1,2009/10/13 5:00,6969.5,21.87,TRADE
NSW1,2009/10/13 5:30,7534.74,23.74,TRADE
NSW1,2009/10/13 6:00,8074.85,28.05,TRADE
NSW1,2009/10/13 6:30,8407.63,23.87,TRADE
NSW1,2009/10/13 7:00,8799.1,30.41,TRADE
NSW1,2009/10/13 7:30,8950.72,25.98,TRADE
NSW1,2009/10/13 8:00,9179.58,25.9,TRADE
NSW1,2009/10/13 8:30,9345.56,28.29,TRADE
NSW1,2009/10/13 9:00,9405.86,28.25,TRADE
NSW1,2009/10/13 9:30,9501.46,30.05,TRADE
NSW1,2009/10/13 10:00,9447.08,29.32,TRADE
NSW1,2009/10/13 10:30,9384.07,29.4,TRADE
NSW1,2009/10/13 11:00,9369.75,28.9,TRADE
NSW1,2009/10/13 11:30,9345.49,28.71,TRADE
NSW1,2009/10/13 12:00,9327.15,29.05,TRADE
NSW1,2009/10/13 12:30,9280.22,31.02,TRADE
NSW1,2009/10/13 13:00,9267.05,30.11,TRADE
NSW1,2009/10/13 13:30,9154.95,28.34,TRADE
NSW1,2009/10/13 14:00,9049.9,28.44,TRADE
NSW1,2009/10/13 14:30,9131.56,30.07,TRADE
NSW1,2009/10/13 15:00,9176.09,28.89,TRADE
NSW1,2009/10/13 15:30,9182.23,30.19,TRADE
NSW1,2009/10/13 16:00,9223.21,29.54,TRADE
NSW1,2009/10/13 16:30,9232.23,31.19,TRADE
NSW1,2009/10/13 17:00,9256.7,32.43,TRADE
NSW1,2009/10/13 17:30,9116.44,28.54,TRADE
NSW1,2009/10/13 18:00,9109.37,27.34,TRADE
NSW1,2009/10/13 18:30,9221.05,28.96,TRADE
NSW1,2009/10/13 19:00,9318.48,28.58,TRADE
NSW1,2009/10/13 19:30,9171.57,27.93,TRADE
NSW1,2009/10/13 20:00,8992.6,26.31,TRADE
NSW1,2009/10/13 20:30,8745.87,23.74,TRADE
NSW1,2009/10/13 21:00,8504.11,21.54,TRADE
NSW1,2009/10/13 21:30,8478.53,21.67,TRADE
NSW1,2009/10/13 22:00,8272.08,21.22,TRADE
NSW1,2009/10/13 22:30,8250.09,21.67,TRADE
NSW1,2009/10/13 23:00,8098.84,21.13,TRADE
NSW1,2009/10/13 23:30,7972.15,21.43,TRADE
NSW1,2009/10/14 0:00,7873.1,22.12,TRADE
NSW1,2009/10/14 0:30,7706.63,20.87,TRADE
NSW1,2009/10/14 1:00,7482.2,20.86,TRADE
NSW1,2009/10/14 1:30,7220.28,20.45,TRADE
NSW1,2009/10/14 2:00,6879.44,18.27,TRADE
NSW1,2009/10/14 2:30,6594.21,16.6,TRADE
NSW1,2009/10/14 3:00,6415.05,12.55,TRADE
NSW1,2009/10/14 3:30,6404.47,13.35,TRADE
NSW1,2009/10/14 4:00,6411.73,13.26,TRADE
NSW1,2009/10/14 4:30,6633.36,18.7,TRADE
NSW1,2009/10/14 5:00,6970.14,21.67,TRADE
NSW1,2009/10/14 5:30,7495.32,24.75,TRADE
NSW1,2009/10/14 6:00,8040.34,28.91,TRADE
NSW1,2009/10/14 6:30,8395.94,23.4,TRADE
NSW1,2009/10/14 7:00,8839.57,31.25,TRADE
NSW1,2009/10/14 7:30,9004.18,27.94,TRADE
NSW1,2009/10/14 8:00,9200.57,27.78,TRADE
NSW1,2009/10/14 8:30,9348.46,27.57,TRADE
NSW1,2009/10/14 9:00,9378.78,24.25,TRADE
NSW1,2009/10/14 9:30,9472.2,26.17,TRADE
NSW1,2009/10/14 10:00,9443.86,24.07,TRADE
NSW1,2009/10/14 10:30,9388.98,25.29,TRADE
NSW1,2009/10/14 11:00,9310.2,28.06,TRADE
NSW1,2009/10/14 11:30,9270.74,28.28,TRADE
NSW1,2009/10/14 12:00,9294.24,30.45,TRADE
NSW1,2009/10/14 12:30,9281.6,30.12,TRADE
NSW1,2009/10/14 13:00,9216.84,32.23,TRADE
NSW1,2009/10/14 13:30,9137.7,30.11,TRADE
NSW1,2009/10/14 14:00,9112.05,30.54,TRADE
NSW1,2009/10/14 14:30,9029.51,59.9,TRADE
NSW1,2009/10/14 15:00,9008.11,38.28,TRADE
NSW1,2009/10/14 15:30,9056.39,33.64,TRADE
NSW1,2009/10/14 16:00,9095.41,31.86,TRADE
NSW1,2009/10/14 16:30,9085.35,31.34,TRADE
NSW1,2009/10/14 17:00,9147.99,32.74,TRADE
NSW1,2009/10/14 17:30,9102.39,29.68,TRADE
NSW1,2009/10/14 18:00,9072.46,28.66,TRADE
NSW1,2009/10/14 18:30,9130.94,29.77,TRADE
NSW1,2009/10/14 19:00,9239.33,35.41,TRADE
NSW1,2009/10/14 19:30,9176.83,34.36,TRADE
NSW1,2009/10/14 20:00,9041.85,36.62,TRADE
NSW1,2009/10/14 20:30,8794.76,33.29,TRADE
NSW1,2009/10/14 21:00,8526.81,28.44,TRADE
NSW1,2009/10/14 21:30,8517.65,28.37,TRADE
NSW1,2009/10/14 22:00,8374.53,24.03,TRADE
NSW1,2009/10/14 22:30,8230.4,21.88,TRADE
NSW1,2009/10/14 23:00,8146.63,21.5,TRADE
NSW1,2009/10/14 23:30,8023.23,22.6,TRADE
NSW1,2009/10/15 0:00,7900.16,22.93,TRADE
NSW1,2009/10/15 0:30,7735.93,21.72,TRADE
NSW1,2009/10/15 1:00,7512.28,20.96,TRADE
NSW1,2009/10/15 1:30,7194.14,21.32,TRADE
NSW1,2009/10/15 2:00,6860.92,20.87,TRADE
NSW1,2009/10/15 2:30,6595.45,21,TRADE
NSW1,2009/10/15 3:00,6478.58,20.94,TRADE
NSW1,2009/10/15 3:30,6412.59,20.98,TRADE
NSW1,2009/10/15 4:00,6476.69,21.11,TRADE
NSW1,2009/10/15 4:30,6709.11,21.43,TRADE
NSW1,2009/10/15 5:00,6985.25,21.42,TRADE
NSW1,2009/10/15 5:30,7580.2,26.07,TRADE
NSW1,2009/10/15 6:00,8149.77,34.69,TRADE
NSW1,2009/10/15 6:30,8482.33,28.02,TRADE
NSW1,2009/10/15 7:00,8841.29,37.37,TRADE
NSW1,2009/10/15 7:30,8989.12,32.35,TRADE
NSW1,2009/10/15 8:00,9094.45,29.85,TRADE
NSW1,2009/10/15 8:30,9254.32,28.04,TRADE
NSW1,2009/10/15 9:00,9350.86,27.83,TRADE
NSW1,2009/10/15 9:30,9411.91,30.57,TRADE
NSW1,2009/10/15 10:00,9433.87,30.89,TRADE
NSW1,2009/10/15 10:30,9379.14,30.96,TRADE
NSW1,2009/10/15 11:00,9308.78,30.94,TRADE
NSW1,2009/10/15 11:30,9249.13,30.73,TRADE
NSW1,2009/10/15 12:00,9212.53,29.58,TRADE
NSW1,2009/10/15 12:30,9217.2,31.15,TRADE
NSW1,2009/10/15 13:00,9157.63,28.49,TRADE
NSW1,2009/10/15 13:30,9048.63,29.51,TRADE
NSW1,2009/10/15 14:00,8973.55,27.98,TRADE
NSW1,2009/10/15 14:30,8991.68,27.56,TRADE
NSW1,2009/10/15 15:00,9048.01,29.44,TRADE
NSW1,2009/10/15 15:30,9035.24,27.77,TRADE
NSW1,2009/10/15 16:00,9118.4,29.85,TRADE
NSW1,2009/10/15 16:30,9094.71,30.24,TRADE
NSW1,2009/10/15 17:00,9133.25,30.17,TRADE
NSW1,2009/10/15 17:30,9154.42,27.61,TRADE
NSW1,2009/10/15 18:00,9219.15,27.65,TRADE
NSW1,2009/10/15 18:30,9314.57,31.06,TRADE
NSW1,2009/10/15 19:00,9410.44,37.81,TRADE
NSW1,2009/10/15 19:30,9348.37,36.77,TRADE
NSW1,2009/10/15 20:00,9179.64,31.41,TRADE
NSW1,2009/10/15 20:30,8850.57,30.45,TRADE
NSW1,2009/10/15 21:00,8531.4,25.82,TRADE
NSW1,2009/10/15 21:30,8537.18,26.49,TRADE
NSW1,2009/10/15 22:00,8436.74,21.38,TRADE
NSW1,2009/10/15 22:30,8328.38,22.01,TRADE
NSW1,2009/10/15 23:00,8179,21.45,TRADE
NSW1,2009/10/15 23:30,8047.52,22.38,TRADE
NSW1,2009/10/16 0:00,7932.28,21.68,TRADE
NSW1,2009/10/16 0:30,7814.42,21.47,TRADE
NSW1,2009/10/16 1:00,7599.91,21.43,TRADE
NSW1,2009/10/16 1:30,7322.77,21.27,TRADE
NSW1,2009/10/16 2:00,6970.89,20.89,TRADE
NSW1,2009/10/16 2:30,6750.66,20.63,TRADE
NSW1,2009/10/16 3:00,6559.47,18.94,TRADE
NSW1,2009/10/16 3:30,6525.23,19.97,TRADE
NSW1,2009/10/16 4:00,6560.49,19.83,TRADE
NSW1,2009/10/16 4:30,6804.09,21.34,TRADE
NSW1,2009/10/16 5:00,7134.56,23.08,TRADE
NSW1,2009/10/16 5:30,7720.48,29.32,TRADE
NSW1,2009/10/16 6:00,8278.38,38.49,TRADE
NSW1,2009/10/16 6:30,8632.27,35.28,TRADE
NSW1,2009/10/16 7:00,8993.52,86.58,TRADE
NSW1,2009/10/16 7:30,9165.91,39.75,TRADE
NSW1,2009/10/16 8:00,9320.31,33.73,TRADE
NSW1,2009/10/16 8:30,9436.47,62.09,TRADE
NSW1,2009/10/16 9:00,9416.92,31.17,TRADE
NSW1,2009/10/16 9:30,9433.7,42.87,TRADE
NSW1,2009/10/16 10:00,9399.81,33.89,TRADE
NSW1,2009/10/16 10:30,9364.23,34.81,TRADE
NSW1,2009/10/16 11:00,9318.72,33.96,TRADE
NSW1,2009/10/16 11:30,9265.01,34.4,TRADE
NSW1,2009/10/16 12:00,9194.38,36,TRADE
NSW1,2009/10/16 12:30,9136.34,56.99,TRADE
NSW1,2009/10/16 13:00,9070.65,79.08,TRADE
NSW1,2009/10/16 13:30,9037.49,32.85,TRADE
NSW1,2009/10/16 14:00,8991.89,31.87,TRADE
NSW1,2009/10/16 14:30,8933.83,32.11,TRADE
NSW1,2009/10/16 15:00,8893.33,32.25,TRADE
NSW1,2009/10/16 15:30,8962.56,30.97,TRADE
NSW1,2009/10/16 16:00,8933.94,28.5,TRADE
NSW1,2009/10/16 16:30,8904.54,28.44,TRADE
NSW1,2009/10/16 17:00,8862.44,29.17,TRADE
NSW1,2009/10/16 17:30,8784.5,30.71,TRADE
NSW1,2009/10/16 18:00,8797.88,30.17,TRADE
NSW1,2009/10/16 18:30,8863.96,29.62,TRADE
NSW1,2009/10/16 19:00,8995.8,30.81,TRADE
NSW1,2009/10/16 19:30,9010.74,31.26,TRADE
NSW1,2009/10/16 20:00,8899.74,31.94,TRADE
NSW1,2009/10/16 20:30,8665.11,30.55,TRADE
NSW1,2009/10/16 21:00,8454.75,24.65,TRADE
NSW1,2009/10/16 21:30,8561.23,26.42,TRADE
NSW1,2009/10/16 22:00,8535.19,23.72,TRADE
NSW1,2009/10/16 22:30,8587.69,29.21,TRADE
NSW1,2009/10/16 23:00,8517.89,27.29,TRADE
NSW1,2009/10/16 23:30,8307.55,27.06,TRADE
NSW1,2009/10/17 0:00,8221.96,25.93,TRADE
NSW1,2009/10/17 0:30,8092.01,23.1,TRADE
NSW1,2009/10/17 1:00,7774.32,21.98,TRADE
NSW1,2009/10/17 1:30,7487.37,22.67,TRADE
NSW1,2009/10/17 2:00,7126.97,21.09,TRADE
NSW1,2009/10/17 2:30,6810.85,21.51,TRADE
NSW1,2009/10/17 3:00,6669.79,21.51,TRADE
NSW1,2009/10/17 3:30,6586.1,21.39,TRADE
NSW1,2009/10/17 4:00,6542.18,21.43,TRADE
NSW1,2009/10/17 4:30,6604.97,21.79,TRADE
NSW1,2009/10/17 5:00,6717.71,22.08,TRADE
NSW1,2009/10/17 5:30,6883.31,22.16,TRADE
NSW1,2009/10/17 6:00,7168.38,23.08,TRADE
NSW1,2009/10/17 6:30,7475.63,23.63,TRADE
NSW1,2009/10/17 7:00,7913.04,27.06,TRADE
NSW1,2009/10/17 7:30,8261.39,26.9,TRADE
NSW1,2009/10/17 8:00,8575.96,27.4,TRADE
NSW1,2009/10/17 8:30,8809.33,31.39,TRADE
NSW1,2009/10/17 9:00,8727.89,28.66,TRADE
NSW1,2009/10/17 9:30,8833.79,30.16,TRADE
NSW1,2009/10/17 10:00,8720.31,29.23,TRADE
NSW1,2009/10/17 10:30,8648.77,29.22,TRADE
NSW1,2009/10/17 11:00,8544.7,27.59,TRADE
NSW1,2009/10/17 11:30,8473.34,27.44,TRADE
NSW1,2009/10/17 12:00,8414.52,27.12,TRADE
NSW1,2009/10/17 12:30,8339.94,25.92,TRADE
NSW1,2009/10/17 13:00,8235.07,25.28,TRADE
NSW1,2009/10/17 13:30,8161.88,24.52,TRADE
NSW1,2009/10/17 14:00,8111.1,23.62,TRADE
NSW1,2009/10/17 14:30,8052.16,23.29,TRADE
NSW1,2009/10/17 15:00,8063.31,24.65,TRADE
NSW1,2009/10/17 15:30,8093.75,25.13,TRADE
NSW1,2009/10/17 16:00,8141.94,26.66,TRADE
NSW1,2009/10/17 16:30,8068.92,25.86,TRADE
NSW1,2009/10/17 17:00,8099.95,25.96,TRADE
NSW1,2009/10/17 17:30,8216.74,26.71,TRADE
NSW1,2009/10/17 18:00,8311.33,26.23,TRADE
NSW1,2009/10/17 18:30,8406.66,27.71,TRADE
NSW1,2009/10/17 19:00,8497.24,29.95,TRADE
NSW1,2009/10/17 19:30,8464.67,31.12,TRADE
NSW1,2009/10/17 20:00,8361.74,31.78,TRADE
NSW1,2009/10/17 20:30,8259.24,30.07,TRADE
NSW1,2009/10/17 21:00,8090.63,27.98,TRADE
NSW1,2009/10/17 21:30,8068.91,25.56,TRADE
NSW1,2009/10/17 22:00,8017.41,23.34,TRADE
NSW1,2009/10/17 22:30,7932.42,25.45,TRADE
NSW1,2009/10/17 23:00,7812.45,22.75,TRADE
NSW1,2009/10/17 23:30,7601.24,23.15,TRADE
NSW1,2009/10/18 0:00,7477.81,21.79,TRADE
NSW1,2009/10/18 0:30,7350.76,21.59,TRADE
NSW1,2009/10/18 1:00,7140.39,21.88,TRADE
NSW1,2009/10/18 1:30,6865.55,21.7,TRADE
NSW1,2009/10/18 2:00,6602.66,21.03,TRADE
NSW1,2009/10/18 2:30,6401.96,20.92,TRADE
NSW1,2009/10/18 3:00,6351.9,21.23,TRADE
NSW1,2009/10/18 3:30,6276.76,20.91,TRADE
NSW1,2009/10/18 4:00,6267.14,20.77,TRADE
NSW1,2009/10/18 4:30,6306.1,20.53,TRADE
NSW1,2009/10/18 5:00,6388.49,20.95,TRADE
NSW1,2009/10/18 5:30,6517.75,21.5,TRADE
NSW1,2009/10/18 6:00,6606.06,21.34,TRADE
NSW1,2009/10/18 6:30,6866.03,22.1,TRADE
NSW1,2009/10/18 7:00,7231.88,22.27,TRADE
NSW1,2009/10/18 7:30,7648.02,22,TRADE
NSW1,2009/10/18 8:00,7936.34,22.05,TRADE
NSW1,2009/10/18 8:30,8185.03,22.03,TRADE
NSW1,2009/10/18 9:00,8332.64,22.02,TRADE
NSW1,2009/10/18 9:30,8381.39,22,TRADE
NSW1,2009/10/18 10:00,8435.9,22,TRADE
NSW1,2009/10/18 10:30,8375.48,21.93,TRADE
NSW1,2009/10/18 11:00,8319.14,21.9,TRADE
NSW1,2009/10/18 11:30,8261.19,21.8,TRADE
NSW1,2009/10/18 12:00,8221.05,21.87,TRADE
NSW1,2009/10/18 12:30,8177.28,21.7,TRADE
NSW1,2009/10/18 13:00,8003.48,21.99,TRADE
NSW1,2009/10/18 13:30,7917.7,21.59,TRADE
NSW1,2009/10/18 14:00,7834.58,21.15,TRADE
NSW1,2009/10/18 14:30,7791.89,20.96,TRADE
NSW1,2009/10/18 15:00,7833.62,21.24,TRADE
NSW1,2009/10/18 15:30,7831.69,21.01,TRADE
NSW1,2009/10/18 16:00,7838.77,21.1,TRADE
NSW1,2009/10/18 16:30,7839.23,21.94,TRADE
NSW1,2009/10/18 17:00,7979.33,22.01,TRADE
NSW1,2009/10/18 17:30,8094.42,22,TRADE
NSW1,2009/10/18 18:00,8259.03,22,TRADE
NSW1,2009/10/18 18:30,8413.78,22.19,TRADE
NSW1,2009/10/18 19:00,8670.05,25.1,TRADE
NSW1,2009/10/18 19:30,8659.34,26.31,TRADE
NSW1,2009/10/18 20:00,8569.33,24.56,TRADE
NSW1,2009/10/18 20:30,8377.37,22.77,TRADE
NSW1,2009/10/18 21:00,8111.39,21.42,TRADE
NSW1,2009/10/18 21:30,8001.57,21.58,TRADE
NSW1,2009/10/18 22:00,7808.79,21.01,TRADE
NSW1,2009/10/18 22:30,7730.7,21.17,TRADE
NSW1,2009/10/18 23:00,7571.02,20.83,TRADE
NSW1,2009/10/18 23:30,7388.24,20.95,TRADE
NSW1,2009/10/19 0:00,7287.78,20.88,TRADE
NSW1,2009/10/19 0:30,7164.53,19.79,TRADE
NSW1,2009/10/19 1:00,7018.77,19.72,TRADE
NSW1,2009/10/19 1:30,6812.32,19.93,TRADE
NSW1,2009/10/19 2:00,6548.59,16.8,TRADE
NSW1,2009/10/19 2:30,6446.87,13.19,TRADE
NSW1,2009/10/19 3:00,6347.08,17.07,TRADE
NSW1,2009/10/19 3:30,6360.96,16.52,TRADE
NSW1,2009/10/19 4:00,6411.93,16.99,TRADE
NSW1,2009/10/19 4:30,6676.72,18.66,TRADE
NSW1,2009/10/19 5:00,7044.5,21.48,TRADE
NSW1,2009/10/19 5:30,7660.57,25.15,TRADE
NSW1,2009/10/19 6:00,8359.88,32.52,TRADE
NSW1,2009/10/19 6:30,8846.98,33.55,TRADE
NSW1,2009/10/19 7:00,9186.28,36.97,TRADE
NSW1,2009/10/19 7:30,9263.19,30.92,TRADE
NSW1,2009/10/19 8:00,9300.55,29.1,TRADE
NSW1,2009/10/19 8:30,9364.62,29.57,TRADE
NSW1,2009/10/19 9:00,9421.25,30.91,TRADE
NSW1,2009/10/19 9:30,9548.46,31.35,TRADE
NSW1,2009/10/19 10:00,9575.96,31.19,TRADE
NSW1,2009/10/19 10:30,9545.37,31.47,TRADE
NSW1,2009/10/19 11:00,9506.81,30.77,TRADE
NSW1,2009/10/19 11:30,9441.04,29.68,TRADE
NSW1,2009/10/19 12:00,9404.95,29.93,TRADE
NSW1,2009/10/19 12:30,9423.3,29.81,TRADE
NSW1,2009/10/19 13:00,9412.02,27.46,TRADE
NSW1,2009/10/19 13:30,9374.3,27.76,TRADE
NSW1,2009/10/19 14:00,9322.33,27.17,TRADE
NSW1,2009/10/19 14:30,9338.16,26.71,TRADE
NSW1,2009/10/19 15:00,9304.27,25.83,TRADE
NSW1,2009/10/19 15:30,9307.53,25.8,TRADE
NSW1,2009/10/19 16:00,9324.7,25.85,TRADE
NSW1,2009/10/19 16:30,9332.45,25.75,TRADE
NSW1,2009/10/19 17:00,9338.13,25.63,TRADE
NSW1,2009/10/19 17:30,9200.78,23.97,TRADE
NSW1,2009/10/19 18:00,9208.09,24.14,TRADE
NSW1,2009/10/19 18:30,9200.57,24.94,TRADE
NSW1,2009/10/19 19:00,9250.25,26.39,TRADE
NSW1,2009/10/19 19:30,9183.8,26.18,TRADE
NSW1,2009/10/19 20:00,9008.8,24.53,TRADE
NSW1,2009/10/19 20:30,8707.85,22.23,TRADE
NSW1,2009/10/19 21:00,8481.16,21.66,TRADE
NSW1,2009/10/19 21:30,8399.77,21.28,TRADE
NSW1,2009/10/19 22:00,8257.72,21.35,TRADE
NSW1,2009/10/19 22:30,8230.59,21.56,TRADE
NSW1,2009/10/19 23:00,8171.07,21.75,TRADE
NSW1,2009/10/19 23:30,7996.35,21.21,TRADE
NSW1,2009/10/20 0:00,7868.37,20.98,TRADE
NSW1,2009/10/20 0:30,7815.97,20.97,TRADE
NSW1,2009/10/20 1:00,7591.98,20.91,TRADE
NSW1,2009/10/20 1:30,7268.04,20.02,TRADE
NSW1,2009/10/20 2:00,6946.23,17.5,TRADE
NSW1,2009/10/20 2:30,6722.58,14.32,TRADE
NSW1,2009/10/20 3:00,6684.86,15.46,TRADE
NSW1,2009/10/20 3:30,6611.14,12.77,TRADE
NSW1,2009/10/20 4:00,6651.68,12.11,TRADE
NSW1,2009/10/20 4:30,6857.22,20.56,TRADE
NSW1,2009/10/20 5:00,7169,21.74,TRADE
NSW1,2009/10/20 5:30,7706.97,22.44,TRADE
NSW1,2009/10/20 6:00,8365.92,23.74,TRADE
NSW1,2009/10/20 6:30,8757.81,24.3,TRADE
NSW1,2009/10/20 7:00,9117.41,27.23,TRADE
NSW1,2009/10/20 7:30,9206.06,27.1,TRADE
NSW1,2009/10/20 8:00,9237.94,23.45,TRADE
NSW1,2009/10/20 8:30,9430.12,26.07,TRADE
NSW1,2009/10/20 9:00,9491.27,27.95,TRADE
NSW1,2009/10/20 9:30,9591.83,28.43,TRADE
NSW1,2009/10/20 10:00,9554.33,29.07,TRADE
NSW1,2009/10/20 10:30,9573.18,27.89,TRADE
NSW1,2009/10/20 11:00,9543.75,28.59,TRADE
NSW1,2009/10/20 11:30,9416.55,27.4,TRADE
NSW1,2009/10/20 12:00,9547.18,27.32,TRADE
NSW1,2009/10/20 12:30,9638.67,39.59,TRADE
NSW1,2009/10/20 13:00,9630.09,34.69,TRADE
NSW1,2009/10/20 13:30,9675.66,29.93,TRADE
NSW1,2009/10/20 14:00,9672.31,28.29,TRADE
NSW1,2009/10/20 14:30,9614.04,28.08,TRADE
NSW1,2009/10/20 15:00,9704.77,29.38,TRADE
NSW1,2009/10/20 15:30,9731.23,27.12,TRADE
NSW1,2009/10/20 16:00,9759.13,26.95,TRADE
NSW1,2009/10/20 16:30,9706.75,26.53,TRADE
NSW1,2009/10/20 17:00,9632.96,26.48,TRADE
NSW1,2009/10/20 17:30,9458.84,24.75,TRADE
NSW1,2009/10/20 18:00,9341.71,25.68,TRADE
NSW1,2009/10/20 18:30,9320.28,25.69,TRADE
NSW1,2009/10/20 19:00,9435.23,26.99,TRADE
NSW1,2009/10/20 19:30,9337.23,25.99,TRADE
NSW1,2009/10/20 20:00,9097.68,24.32,TRADE
NSW1,2009/10/20 20:30,8817.86,21.79,TRADE
NSW1,2009/10/20 21:00,8536.28,21.81,TRADE
NSW1,2009/10/20 21:30,8479.43,21.75,TRADE
NSW1,2009/10/20 22:00,8364.69,21.51,TRADE
NSW1,2009/10/20 22:30,8293.81,22.02,TRADE
NSW1,2009/10/20 23:00,8154.37,21.65,TRADE
NSW1,2009/10/20 23:30,8023.54,21.4,TRADE
NSW1,2009/10/21 0:00,7866.6,20.95,TRADE
NSW1,2009/10/21 0:30,7710.12,20.72,TRADE
NSW1,2009/10/21 1:00,7542.71,20.95,TRADE
NSW1,2009/10/21 1:30,7194.36,20.95,TRADE
NSW1,2009/10/21 2:00,6911.42,18.87,TRADE
NSW1,2009/10/21 2:30,6652.66,18.46,TRADE
NSW1,2009/10/21 3:00,6543.76,16.26,TRADE
NSW1,2009/10/21 3:30,6534.17,18.1,TRADE
NSW1,2009/10/21 4:00,6551.64,17.7,TRADE
NSW1,2009/10/21 4:30,6792.68,21.02,TRADE
NSW1,2009/10/21 5:00,7074.82,22,TRADE
NSW1,2009/10/21 5:30,7629.56,25.6,TRADE
NSW1,2009/10/21 6:00,8330.71,48.6,TRADE
NSW1,2009/10/21 6:30,8694.41,29.15,TRADE
NSW1,2009/10/21 7:00,9040.15,43.15,TRADE
NSW1,2009/10/21 7:30,9139.36,31.47,TRADE
NSW1,2009/10/21 8:00,9285.23,27.24,TRADE
NSW1,2009/10/21 8:30,9455.42,27.28,TRADE
NSW1,2009/10/21 9:00,9639.45,28.57,TRADE
NSW1,2009/10/21 9:30,9792.97,31.55,TRADE
NSW1,2009/10/21 10:00,9903.37,31.79,TRADE
NSW1,2009/10/21 10:30,9938.64,32.02,TRADE
NSW1,2009/10/21 11:00,10014.57,34.9,TRADE
NSW1,2009/10/21 11:30,10038.28,35.29,TRADE
NSW1,2009/10/21 12:00,10117.7,35.05,TRADE
NSW1,2009/10/21 12:30,10171.13,86.37,TRADE
NSW1,2009/10/21 13:00,10203.35,85.43,TRADE
NSW1,2009/10/21 13:30,10334.61,77.87,TRADE
NSW1,2009/10/21 14:00,10394.07,89.42,TRADE
NSW1,2009/10/21 14:30,10384.77,87.59,TRADE
NSW1,2009/10/21 15:00,10502.97,84.18,TRADE
NSW1,2009/10/21 15:30,10552.63,79.73,TRADE
NSW1,2009/10/21 16:00,10580.88,86.64,TRADE
NSW1,2009/10/21 16:30,10449.08,43.65,TRADE
NSW1,2009/10/21 17:00,10305.48,33.85,TRADE
NSW1,2009/10/21 17:30,9930.05,30.53,TRADE
NSW1,2009/10/21 18:00,9750.64,29.73,TRADE
NSW1,2009/10/21 18:30,9577.3,28.69,TRADE
NSW1,2009/10/21 19:00,9570.51,30.13,TRADE
NSW1,2009/10/21 19:30,9394.53,29.51,TRADE
NSW1,2009/10/21 20:00,9100.74,28.56,TRADE
NSW1,2009/10/21 20:30,8819.65,26.76,TRADE
NSW1,2009/10/21 21:00,8505.15,23,TRADE
NSW1,2009/10/21 21:30,8463.37,22,TRADE
NSW1,2009/10/21 22:00,8322.25,21.63,TRADE
NSW1,2009/10/21 22:30,8226.15,21.97,TRADE
NSW1,2009/10/21 23:00,8056.68,21.79,TRADE
NSW1,2009/10/21 23:30,7910.21,21.97,TRADE
NSW1,2009/10/22 0:00,7706.08,21.48,TRADE
NSW1,2009/10/22 0:30,7638.15,21.42,TRADE
NSW1,2009/10/22 1:00,7433.96,20.96,TRADE
NSW1,2009/10/22 1:30,7107.15,20.82,TRADE
NSW1,2009/10/22 2:00,6836.25,19.66,TRADE
NSW1,2009/10/22 2:30,6688.46,19.92,TRADE
NSW1,2009/10/22 3:00,6562.75,16.52,TRADE
NSW1,2009/10/22 3:30,6534.05,15.25,TRADE
NSW1,2009/10/22 4:00,6571.06,17.05,TRADE
NSW1,2009/10/22 4:30,6815.01,21.08,TRADE
NSW1,2009/10/22 5:00,7094.99,21.87,TRADE
NSW1,2009/10/22 5:30,7718.09,24.44,TRADE
NSW1,2009/10/22 6:00,8309.21,26.88,TRADE
NSW1,2009/10/22 6:30,8752.82,29.45,TRADE
NSW1,2009/10/22 7:00,9121.47,45.06,TRADE
NSW1,2009/10/22 7:30,9267.91,32.34,TRADE
NSW1,2009/10/22 8:00,9283.86,28.47,TRADE
NSW1,2009/10/22 8:30,9211.88,27.03,TRADE
NSW1,2009/10/22 9:00,9568.07,29.67,TRADE
NSW1,2009/10/22 9:30,9668.77,30.42,TRADE
NSW1,2009/10/22 10:00,9660.87,34.3,TRADE
NSW1,2009/10/22 10:30,9660.43,41.43,TRADE
NSW1,2009/10/22 11:00,9690.41,32.73,TRADE
NSW1,2009/10/22 11:30,9671.75,31.6,TRADE
NSW1,2009/10/22 12:00,9657.65,32.52,TRADE
NSW1,2009/10/22 12:30,9671.89,34,TRADE
NSW1,2009/10/22 13:00,9668.55,33.16,TRADE
NSW1,2009/10/22 13:30,9652.19,33.78,TRADE
NSW1,2009/10/22 14:00,9617.87,32.93,TRADE
NSW1,2009/10/22 14:30,9577.09,30.58,TRADE
NSW1,2009/10/22 15:00,9594.86,29.94,TRADE
NSW1,2009/10/22 15:30,9626.18,29.94,TRADE
NSW1,2009/10/22 16:00,9546.7,29.57,TRADE
NSW1,2009/10/22 16:30,9460.99,28.56,TRADE
NSW1,2009/10/22 17:00,9481.75,28.64,TRADE
NSW1,2009/10/22 17:30,9272.06,27.7,TRADE
NSW1,2009/10/22 18:00,9231.23,24.45,TRADE
NSW1,2009/10/22 18:30,9201.55,24.96,TRADE
NSW1,2009/10/22 19:00,9350.83,28.28,TRADE
NSW1,2009/10/22 19:30,9223.41,27.52,TRADE
NSW1,2009/10/22 20:00,9093.2,26.35,TRADE
NSW1,2009/10/22 20:30,8791.99,24.58,TRADE
NSW1,2009/10/22 21:00,8461.39,21.47,TRADE
NSW1,2009/10/22 21:30,8438,21.8,TRADE
NSW1,2009/10/22 22:00,8275.25,21.34,TRADE
NSW1,2009/10/22 22:30,8219.47,21.88,TRADE
NSW1,2009/10/22 23:00,8123.02,21.82,TRADE
NSW1,2009/10/22 23:30,7973.46,21.93,TRADE
NSW1,2009/10/23 0:00,7868.59,21.44,TRADE
NSW1,2009/10/23 0:30,7638.32,20.92,TRADE
NSW1,2009/10/23 1:00,7462.81,20.95,TRADE
NSW1,2009/10/23 1:30,7142.89,20.62,TRADE
NSW1,2009/10/23 2:00,6866.2,17.5,TRADE
NSW1,2009/10/23 2:30,6680.67,16.29,TRADE
NSW1,2009/10/23 3:00,6550.33,16.77,TRADE
NSW1,2009/10/23 3:30,6532.01,16.43,TRADE
NSW1,2009/10/23 4:00,6584.86,16.62,TRADE
NSW1,2009/10/23 4:30,6845.93,20.39,TRADE
NSW1,2009/10/23 5:00,7094.1,20.17,TRADE
NSW1,2009/10/23 5:30,7685.69,22.38,TRADE
NSW1,2009/10/23 6:00,8282,22.18,TRADE
NSW1,2009/10/23 6:30,8686.79,26.79,TRADE
NSW1,2009/10/23 7:00,9108.04,28.22,TRADE
NSW1,2009/10/23 7:30,9287.24,25.88,TRADE
NSW1,2009/10/23 8:00,9376.56,25.24,TRADE
NSW1,2009/10/23 8:30,9593.68,25.8,TRADE
NSW1,2009/10/23 9:00,9761.12,26.33,TRADE
NSW1,2009/10/23 9:30,9815.05,26.56,TRADE
NSW1,2009/10/23 10:00,9855.02,27.74,TRADE
NSW1,2009/10/23 10:30,9858.7,29.36,TRADE
NSW1,2009/10/23 11:00,9864.73,30.45,TRADE
NSW1,2009/10/23 11:30,9857.4,31.39,TRADE
NSW1,2009/10/23 12:00,9877.4,32.89,TRADE
NSW1,2009/10/23 12:30,9928.19,31.16,TRADE
NSW1,2009/10/23 13:00,9926.6,33.07,TRADE
NSW1,2009/10/23 13:30,9946.29,36.48,TRADE
NSW1,2009/10/23 14:00,9972.54,34.61,TRADE
NSW1,2009/10/23 14:30,9917.96,33.18,TRADE
NSW1,2009/10/23 15:00,10011.95,37.58,TRADE
NSW1,2009/10/23 15:30,9984.51,34.06,TRADE
NSW1,2009/10/23 16:00,9894.97,32.8,TRADE
NSW1,2009/10/23 16:30,9813.64,30.52,TRADE
NSW1,2009/10/23 17:00,9606.29,29.56,TRADE
NSW1,2009/10/23 17:30,9289.78,25.8,TRADE
NSW1,2009/10/23 18:00,9182.58,22.97,TRADE
NSW1,2009/10/23 18:30,9100.31,23.59,TRADE
NSW1,2009/10/23 19:00,9189.13,25.86,TRADE
NSW1,2009/10/23 19:30,9097.53,24.55,TRADE
NSW1,2009/10/23 20:00,8832.9,24.08,TRADE
NSW1,2009/10/23 20:30,8579.45,22.12,TRADE
NSW1,2009/10/23 21:00,8302.77,21.89,TRADE
NSW1,2009/10/23 21:30,8344.73,22.08,TRADE
NSW1,2009/10/23 22:00,8293.54,21.57,TRADE
NSW1,2009/10/23 22:30,8344.66,22.57,TRADE
NSW1,2009/10/23 23:00,8159.87,21.83,TRADE
NSW1,2009/10/23 23:30,8027.23,22.72,TRADE
NSW1,2009/10/24 0:00,7868.17,21.65,TRADE
NSW1,2009/10/24 0:30,7648.14,20.93,TRADE
NSW1,2009/10/24 1:00,7395.77,20.89,TRADE
NSW1,2009/10/24 1:30,7087.12,20.53,TRADE
NSW1,2009/10/24 2:00,6790.41,17.58,TRADE
NSW1,2009/10/24 2:30,6587.99,17.44,TRADE
NSW1,2009/10/24 3:00,6471.38,15.29,TRADE
NSW1,2009/10/24 3:30,6363.28,16.91,TRADE
NSW1,2009/10/24 4:00,6390.55,16.8,TRADE
NSW1,2009/10/24 4:30,6482.75,14.12,TRADE
NSW1,2009/10/24 5:00,6599.11,16.41,TRADE
NSW1,2009/10/24 5:30,6728.21,18.23,TRADE
NSW1,2009/10/24 6:00,6977.24,20.44,TRADE
NSW1,2009/10/24 6:30,7308.14,22.06,TRADE
NSW1,2009/10/24 7:00,7717.14,22,TRADE
NSW1,2009/10/24 7:30,8097.7,22.02,TRADE
NSW1,2009/10/24 8:00,8420.02,22.12,TRADE
NSW1,2009/10/24 8:30,8775.26,22.86,TRADE
NSW1,2009/10/24 9:00,8828.71,22.24,TRADE
NSW1,2009/10/24 9:30,8899.98,23.7,TRADE
NSW1,2009/10/24 10:00,8792.8,22.4,TRADE
NSW1,2009/10/24 10:30,8847.03,22.04,TRADE
NSW1,2009/10/24 11:00,8835.12,22.5,TRADE
NSW1,2009/10/24 11:30,8783.15,22.12,TRADE
NSW1,2009/10/24 12:00,8709.95,21.99,TRADE
NSW1,2009/10/24 12:30,8659.98,22.01,TRADE
NSW1,2009/10/24 13:00,8567.13,22,TRADE
NSW1,2009/10/24 13:30,8500.18,22,TRADE
NSW1,2009/10/24 14:00,8451.29,21.99,TRADE
NSW1,2009/10/24 14:30,8454.1,21.98,TRADE
NSW1,2009/10/24 15:00,8302.3,22,TRADE
NSW1,2009/10/24 15:30,8316.14,22,TRADE
NSW1,2009/10/24 16:00,8350.94,22,TRADE
NSW1,2009/10/24 16:30,8163.63,21.89,TRADE
NSW1,2009/10/24 17:00,8155.18,22,TRADE
NSW1,2009/10/24 17:30,8161.89,21.93,TRADE
NSW1,2009/10/24 18:00,8154.83,22,TRADE
NSW1,2009/10/24 18:30,8164.84,21.99,TRADE
NSW1,2009/10/24 19:00,8320.74,22.55,TRADE
NSW1,2009/10/24 19:30,8334.78,22.02,TRADE
NSW1,2009/10/24 20:00,8251.87,21.93,TRADE
NSW1,2009/10/24 20:30,8048.65,21.73,TRADE
NSW1,2009/10/24 21:00,7865.84,21.51,TRADE
NSW1,2009/10/24 21:30,7836.01,21.98,TRADE
NSW1,2009/10/24 22:00,7746.33,21.42,TRADE
NSW1,2009/10/24 22:30,7756.05,21.98,TRADE
NSW1,2009/10/24 23:00,7580.55,21.54,TRADE
NSW1,2009/10/24 23:30,7385.17,21.38,TRADE
NSW1,2009/10/25 0:00,7263.68,21.19,TRADE
NSW1,2009/10/25 0:30,7066.41,20.94,TRADE
NSW1,2009/10/25 1:00,6899.54,20.91,TRADE
NSW1,2009/10/25 1:30,6651.58,20.64,TRADE
NSW1,2009/10/25 2:00,6406.71,17.4,TRADE
NSW1,2009/10/25 2:30,6279.14,17.02,TRADE
NSW1,2009/10/25 3:00,6153.74,13.35,TRADE
NSW1,2009/10/25 3:30,6107.09,13.95,TRADE
NSW1,2009/10/25 4:00,6094.13,11.73,TRADE
NSW1,2009/10/25 4:30,6152.69,10.89,TRADE
NSW1,2009/10/25 5:00,6197.41,11.56,TRADE
NSW1,2009/10/25 5:30,6240.17,11.9,TRADE
NSW1,2009/10/25 6:00,6381.8,13.26,TRADE
NSW1,2009/10/25 6:30,6632.44,14.51,TRADE
NSW1,2009/10/25 7:00,6997.56,21.17,TRADE
NSW1,2009/10/25 7:30,7341.19,21.63,TRADE
NSW1,2009/10/25 8:00,7675.76,21.73,TRADE
NSW1,2009/10/25 8:30,7981.79,21.7,TRADE
NSW1,2009/10/25 9:00,8233.49,21.98,TRADE
NSW1,2009/10/25 9:30,8329.06,22,TRADE
NSW1,2009/10/25 10:00,8357.99,22,TRADE
NSW1,2009/10/25 10:30,8453.77,22,TRADE
NSW1,2009/10/25 11:00,8486.37,22,TRADE
NSW1,2009/10/25 11:30,8491.08,22,TRADE
NSW1,2009/10/25 12:00,8488.79,22,TRADE
NSW1,2009/10/25 12:30,8440.58,21.97,TRADE
NSW1,2009/10/25 13:00,8305.93,21.99,TRADE
NSW1,2009/10/25 13:30,8285.68,22,TRADE
NSW1,2009/10/25 14:00,8178.32,21.96,TRADE
NSW1,2009/10/25 14:30,8070.73,22,TRADE
NSW1,2009/10/25 15:00,8044.23,22,TRADE
NSW1,2009/10/25 15:30,8077.79,22,TRADE
NSW1,2009/10/25 16:00,8126.45,22,TRADE
NSW1,2009/10/25 16:30,8095.05,21.98,TRADE
NSW1,2009/10/25 17:00,8231.65,22.28,TRADE
NSW1,2009/10/25 17:30,8370.82,22,TRADE
NSW1,2009/10/25 18:00,8462.98,22.01,TRADE
NSW1,2009/10/25 18:30,8531.2,23.4,TRADE
NSW1,2009/10/25 19:00,8687.51,29.79,TRADE
NSW1,2009/10/25 19:30,8645.91,29.8,TRADE
NSW1,2009/10/25 20:00,8444.92,26.29,TRADE
NSW1,2009/10/25 20:30,8195.41,21.68,TRADE
NSW1,2009/10/25 21:00,7983.16,21.32,TRADE
NSW1,2009/10/25 21:30,7813.78,21.2,TRADE
NSW1,2009/10/25 22:00,7659.04,21.03,TRADE
NSW1,2009/10/25 22:30,7609.56,21.1,TRADE
NSW1,2009/10/25 23:00,7359.66,20.96,TRADE
NSW1,2009/10/25 23:30,7209.54,20.98,TRADE
NSW1,2009/10/26 0:00,7106.8,20.93,TRADE
NSW1,2009/10/26 0:30,7025.95,20.89,TRADE
NSW1,2009/10/26 1:00,6881.28,20.82,TRADE
NSW1,2009/10/26 1:30,6666.97,19.22,TRADE
NSW1,2009/10/26 2:00,6449.82,17.43,TRADE
NSW1,2009/10/26 2:30,6314,19.77,TRADE
NSW1,2009/10/26 3:00,6213.74,19.3,TRADE
NSW1,2009/10/26 3:30,6228.04,15.01,TRADE
NSW1,2009/10/26 4:00,6351.9,16.81,TRADE
NSW1,2009/10/26 4:30,6622.59,19.45,TRADE
NSW1,2009/10/26 5:00,6942.28,19.05,TRADE
NSW1,2009/10/26 5:30,7595.35,22.67,TRADE
NSW1,2009/10/26 6:00,8250.26,23.27,TRADE
NSW1,2009/10/26 6:30,8756.37,27.04,TRADE
NSW1,2009/10/26 7:00,9220.47,33.06,TRADE
NSW1,2009/10/26 7:30,9396.07,29.73,TRADE
NSW1,2009/10/26 8:00,9432.51,25.97,TRADE
NSW1,2009/10/26 8:30,9654.23,26.95,TRADE
NSW1,2009/10/26 9:00,9703.4,28.28,TRADE
NSW1,2009/10/26 9:30,9731.39,27.87,TRADE
NSW1,2009/10/26 10:00,9776.86,25.88,TRADE
NSW1,2009/10/26 10:30,9679.95,24.76,TRADE
NSW1,2009/10/26 11:00,9644.15,24.71,TRADE
NSW1,2009/10/26 11:30,9597.49,25.11,TRADE
NSW1,2009/10/26 12:00,9540.73,24.42,TRADE
NSW1,2009/10/26 12:30,9502.44,24.77,TRADE
NSW1,2009/10/26 13:00,9491.11,26.51,TRADE
NSW1,2009/10/26 13:30,9323.08,24.04,TRADE
NSW1,2009/10/26 14:00,9305.62,24.3,TRADE
NSW1,2009/10/26 14:30,9322.93,24.05,TRADE
NSW1,2009/10/26 15:00,9412.5,24.08,TRADE
NSW1,2009/10/26 15:30,9475.79,24.04,TRADE
NSW1,2009/10/26 16:00,9573.3,25.85,TRADE
NSW1,2009/10/26 16:30,9679.18,28.7,TRADE
NSW1,2009/10/26 17:00,9852.37,28.84,TRADE
NSW1,2009/10/26 17:30,9833.14,28.13,TRADE
NSW1,2009/10/26 18:00,9805.51,24.84,TRADE
NSW1,2009/10/26 18:30,9769.31,25.05,TRADE
NSW1,2009/10/26 19:00,9777.52,24.7,TRADE
NSW1,2009/10/26 19:30,9606.89,23.65,TRADE
NSW1,2009/10/26 20:00,9486.02,22.85,TRADE
NSW1,2009/10/26 20:30,9083.08,21.69,TRADE
NSW1,2009/10/26 21:00,8737.11,21.45,TRADE
NSW1,2009/10/26 21:30,8639.52,21.82,TRADE
NSW1,2009/10/26 22:00,8401.33,21.59,TRADE
NSW1,2009/10/26 22:30,8371.29,23.15,TRADE
NSW1,2009/10/26 23:00,8187.1,21.46,TRADE
NSW1,2009/10/26 23:30,8092.73,21.71,TRADE
NSW1,2009/10/27 0:00,7980.6,21.51,TRADE
NSW1,2009/10/27 0:30,7780.67,20.91,TRADE
NSW1,2009/10/27 1:00,7607,20.95,TRADE
NSW1,2009/10/27 1:30,7234.36,20.57,TRADE
NSW1,2009/10/27 2:00,6922.3,18.02,TRADE
NSW1,2009/10/27 2:30,6685.5,15.07,TRADE
NSW1,2009/10/27 3:00,6569.41,11.81,TRADE
NSW1,2009/10/27 3:30,6502.36,16.11,TRADE
NSW1,2009/10/27 4:00,6595.45,15.54,TRADE
NSW1,2009/10/27 4:30,6839.64,19.44,TRADE
NSW1,2009/10/27 5:00,7112.77,20.43,TRADE
NSW1,2009/10/27 5:30,7806.19,23.89,TRADE
NSW1,2009/10/27 6:00,8519.4,33.86,TRADE
NSW1,2009/10/27 6:30,8971.51,31.33,TRADE
NSW1,2009/10/27 7:00,9353.8,56.18,TRADE
NSW1,2009/10/27 7:30,9438.99,31.23,TRADE
NSW1,2009/10/27 8:00,9487.17,27.13,TRADE
NSW1,2009/10/27 8:30,9640.92,28.56,TRADE
NSW1,2009/10/27 9:00,9646.89,28.22,TRADE
NSW1,2009/10/27 9:30,9709.92,28.53,TRADE
NSW1,2009/10/27 10:00,9655.49,28.25,TRADE
NSW1,2009/10/27 10:30,9616.96,26.76,TRADE
NSW1,2009/10/27 11:00,9610.44,26.72,TRADE
NSW1,2009/10/27 11:30,9531.78,26.23,TRADE
NSW1,2009/10/27 12:00,9494.63,26.4,TRADE
NSW1,2009/10/27 12:30,9565.88,28.4,TRADE
NSW1,2009/10/27 13:00,9476.21,27.7,TRADE
NSW1,2009/10/27 13:30,9496.75,27.86,TRADE
NSW1,2009/10/27 14:00,9413.11,27.61,TRADE
NSW1,2009/10/27 14:30,9327.64,25.64,TRADE
NSW1,2009/10/27 15:00,9331.95,25.52,TRADE
NSW1,2009/10/27 15:30,9345.92,25.51,TRADE
NSW1,2009/10/27 16:00,9441.94,27.95,TRADE
NSW1,2009/10/27 16:30,9530.58,28.84,TRADE
NSW1,2009/10/27 17:00,9592.97,29.46,TRADE
NSW1,2009/10/27 17:30,9473.63,27.27,TRADE
NSW1,2009/10/27 18:00,9546.04,28.31,TRADE
NSW1,2009/10/27 18:30,9532.54,28.16,TRADE
NSW1,2009/10/27 19:00,9557.82,28.26,TRADE
NSW1,2009/10/27 19:30,9517.36,28.01,TRADE
NSW1,2009/10/27 20:00,9339.38,26.87,TRADE
NSW1,2009/10/27 20:30,8961.96,25.46,TRADE
NSW1,2009/10/27 21:00,8683.24,22.75,TRADE
NSW1,2009/10/27 21:30,8692.4,21.79,TRADE
NSW1,2009/10/27 22:00,8519.34,21.28,TRADE
NSW1,2009/10/27 22:30,8439.1,21.64,TRADE
NSW1,2009/10/27 23:00,8317.68,21.62,TRADE
NSW1,2009/10/27 23:30,8202.79,21.94,TRADE
NSW1,2009/10/28 0:00,8081.52,21.32,TRADE
NSW1,2009/10/28 0:30,7825.12,20.94,TRADE
NSW1,2009/10/28 1:00,7651.23,20.81,TRADE
NSW1,2009/10/28 1:30,7316.77,20.5,TRADE
NSW1,2009/10/28 2:00,7023.4,16.46,TRADE
NSW1,2009/10/28 2:30,6781.56,12.33,TRADE
NSW1,2009/10/28 3:00,6622.08,12.08,TRADE
NSW1,2009/10/28 3:30,6598.25,12.16,TRADE
NSW1,2009/10/28 4:00,6619.93,11.98,TRADE
NSW1,2009/10/28 4:30,6847.2,14.29,TRADE
NSW1,2009/10/28 5:00,7163.77,18.34,TRADE
NSW1,2009/10/28 5:30,7817.8,22.98,TRADE
NSW1,2009/10/28 6:00,8515.77,41.95,TRADE
NSW1,2009/10/28 6:30,8875.9,26.02,TRADE
NSW1,2009/10/28 7:00,9281,28.49,TRADE
NSW1,2009/10/28 7:30,9346.52,25.92,TRADE
NSW1,2009/10/28 8:00,9343.43,22.84,TRADE
NSW1,2009/10/28 8:30,9508.51,25.51,TRADE
NSW1,2009/10/28 9:00,9520.58,25.95,TRADE
NSW1,2009/10/28 9:30,9580.12,28.12,TRADE
NSW1,2009/10/28 10:00,9642.71,29.55,TRADE
NSW1,2009/10/28 10:30,9609.63,28.54,TRADE
NSW1,2009/10/28 11:00,9606.09,29.89,TRADE
NSW1,2009/10/28 11:30,9625.67,29.47,TRADE
NSW1,2009/10/28 12:00,9608.85,28.31,TRADE
NSW1,2009/10/28 12:30,9629.33,28.55,TRADE
NSW1,2009/10/28 13:00,9653.11,26.58,TRADE
NSW1,2009/10/28 13:30,9649.9,27.55,TRADE
NSW1,2009/10/28 14:00,9519.48,24.96,TRADE
NSW1,2009/10/28 14:30,9483.17,28.21,TRADE
NSW1,2009/10/28 15:00,9512.32,27.06,TRADE
NSW1,2009/10/28 15:30,9505.04,26.67,TRADE
NSW1,2009/10/28 16:00,9501.02,26.56,TRADE
NSW1,2009/10/28 16:30,9388.48,25.87,TRADE
NSW1,2009/10/28 17:00,9284.44,25.12,TRADE
NSW1,2009/10/28 17:30,9071.45,25.17,TRADE
NSW1,2009/10/28 18:00,9062.95,25.11,TRADE
NSW1,2009/10/28 18:30,9000.96,24.09,TRADE
NSW1,2009/10/28 19:00,9116.65,25.06,TRADE
NSW1,2009/10/28 19:30,9053.33,25.3,TRADE
NSW1,2009/10/28 20:00,8965.75,26.03,TRADE
NSW1,2009/10/28 20:30,8705.11,22.75,TRADE
NSW1,2009/10/28 21:00,8419.68,22.23,TRADE
NSW1,2009/10/28 21:30,8420.42,23.04,TRADE
NSW1,2009/10/28 22:00,8261,21.46,TRADE
NSW1,2009/10/28 22:30,8218.31,21.65,TRADE
NSW1,2009/10/28 23:00,8113.7,21.48,TRADE
NSW1,2009/10/28 23:30,7965.25,22.04,TRADE
NSW1,2009/10/29 0:00,7842.97,21.3,TRADE
NSW1,2009/10/29 0:30,7609.06,21.23,TRADE
NSW1,2009/10/29 1:00,7398.41,20.9,TRADE
NSW1,2009/10/29 1:30,7123.54,21.04,TRADE
NSW1,2009/10/29 2:00,6823.39,18.67,TRADE
NSW1,2009/10/29 2:30,6584.59,17.27,TRADE
NSW1,2009/10/29 3:00,6482.75,16.66,TRADE
NSW1,2009/10/29 3:30,6471,17.12,TRADE
NSW1,2009/10/29 4:00,6508.43,17.4,TRADE
NSW1,2009/10/29 4:30,6764.38,20.54,TRADE
NSW1,2009/10/29 5:00,7046.85,22.17,TRADE
NSW1,2009/10/29 5:30,7641.54,24.29,TRADE
NSW1,2009/10/29 6:00,8340.16,43.73,TRADE
NSW1,2009/10/29 6:30,8738.29,25.51,TRADE
NSW1,2009/10/29 7:00,9141.79,31.25,TRADE
NSW1,2009/10/29 7:30,9260.87,26.61,TRADE
NSW1,2009/10/29 8:00,9288.76,23.42,TRADE
NSW1,2009/10/29 8:30,9512.83,26.58,TRADE
NSW1,2009/10/29 9:00,9642.52,31.01,TRADE
NSW1,2009/10/29 9:30,9692.77,33.37,TRADE
NSW1,2009/10/29 10:00,9696.31,39.84,TRADE
NSW1,2009/10/29 10:30,9674.37,41.31,TRADE
NSW1,2009/10/29 11:00,9713.82,44.46,TRADE
NSW1,2009/10/29 11:30,9711.15,28.72,TRADE
NSW1,2009/10/29 12:00,9644.29,28.93,TRADE
NSW1,2009/10/29 12:30,9651.45,32.28,TRADE
NSW1,2009/10/29 13:00,9641.87,31.56,TRADE
NSW1,2009/10/29 13:30,9656.98,33.59,TRADE
NSW1,2009/10/29 14:00,9621.61,33.24,TRADE
NSW1,2009/10/29 14:30,9598.84,34.84,TRADE
NSW1,2009/10/29 15:00,9606.31,32.51,TRADE
NSW1,2009/10/29 15:30,9514.57,31.48,TRADE
NSW1,2009/10/29 16:00,9585.61,32.74,TRADE
NSW1,2009/10/29 16:30,9583.06,32.93,TRADE
NSW1,2009/10/29 17:00,9588.09,31.07,TRADE
NSW1,2009/10/29 17:30,9349.81,26.76,TRADE
NSW1,2009/10/29 18:00,9347.63,26.92,TRADE
NSW1,2009/10/29 18:30,9335.9,26.36,TRADE
NSW1,2009/10/29 19:00,9448.04,26.63,TRADE
NSW1,2009/10/29 19:30,9500.7,28.7,TRADE
NSW1,2009/10/29 20:00,9253.11,26.99,TRADE
NSW1,2009/10/29 20:30,8926.25,24.52,TRADE
NSW1,2009/10/29 21:00,8596.28,22.97,TRADE
NSW1,2009/10/29 21:30,8657.14,23.72,TRADE
NSW1,2009/10/29 22:00,8498.55,22.21,TRADE
NSW1,2009/10/29 22:30,8448.9,24.16,TRADE
NSW1,2009/10/29 23:00,8314.15,22.3,TRADE
NSW1,2009/10/29 23:30,8189.24,23.57,TRADE
NSW1,2009/10/30 0:00,8014.67,21.59,TRADE
NSW1,2009/10/30 0:30,7773.52,21.3,TRADE
NSW1,2009/10/30 1:00,7519.52,21.03,TRADE
NSW1,2009/10/30 1:30,7168.8,20.8,TRADE
NSW1,2009/10/30 2:00,6863.63,19.99,TRADE
NSW1,2009/10/30 2:30,6615.26,18.44,TRADE
NSW1,2009/10/30 3:00,6522.9,14.64,TRADE
NSW1,2009/10/30 3:30,6468.31,16.82,TRADE
NSW1,2009/10/30 4:00,6557.25,17.78,TRADE
NSW1,2009/10/30 4:30,6777.87,21.13,TRADE
NSW1,2009/10/30 5:00,7126.61,22,TRADE
NSW1,2009/10/30 5:30,7685.47,23.82,TRADE
NSW1,2009/10/30 6:00,8356.92,37.61,TRADE
NSW1,2009/10/30 6:30,8764.31,30.14,TRADE
NSW1,2009/10/30 7:00,9164.06,38.91,TRADE
NSW1,2009/10/30 7:30,9384.14,30.47,TRADE
NSW1,2009/10/30 8:00,9503.08,27.16,TRADE
NSW1,2009/10/30 8:30,9700.94,30.26,TRADE
NSW1,2009/10/30 9:00,9862.48,35.85,TRADE
NSW1,2009/10/30 9:30,9989.22,43.46,TRADE
NSW1,2009/10/30 10:00,10065.91,40.23,TRADE
NSW1,2009/10/30 10:30,10041.03,69.69,TRADE
NSW1,2009/10/30 11:00,10108.42,76.68,TRADE
NSW1,2009/10/30 11:30,10022.28,34.17,TRADE
NSW1,2009/10/30 12:00,10058.49,40.46,TRADE
NSW1,2009/10/30 12:30,10030.76,41.08,TRADE
NSW1,2009/10/30 13:00,10064.32,38.46,TRADE
NSW1,2009/10/30 13:30,10029.89,93.19,TRADE
NSW1,2009/10/30 14:00,9955.63,38.82,TRADE
NSW1,2009/10/30 14:30,9889.85,31.93,TRADE
NSW1,2009/10/30 15:00,9905.27,51.79,TRADE
NSW1,2009/10/30 15:30,9914.17,35.83,TRADE
NSW1,2009/10/30 16:00,9909.82,35.58,TRADE
NSW1,2009/10/30 16:30,9814.53,41.64,TRADE
NSW1,2009/10/30 17:00,9584.25,33.14,TRADE
NSW1,2009/10/30 17:30,9280.31,31.86,TRADE
NSW1,2009/10/30 18:00,9114.65,29.63,TRADE
NSW1,2009/10/30 18:30,8963.23,27.56,TRADE
NSW1,2009/10/30 19:00,9056.13,29.51,TRADE
NSW1,2009/10/30 19:30,8995.79,30.19,TRADE
NSW1,2009/10/30 20:00,8899.68,29.37,TRADE
NSW1,2009/10/30 20:30,8601.97,27.95,TRADE
NSW1,2009/10/30 21:00,8381.48,23.82,TRADE
NSW1,2009/10/30 21:30,8465.74,25.92,TRADE
NSW1,2009/10/30 22:00,8437.35,22.6,TRADE
NSW1,2009/10/30 22:30,8366.95,23.7,TRADE
NSW1,2009/10/30 23:00,8243.37,21.91,TRADE
NSW1,2009/10/30 23:30,8089.54,22.58,TRADE
NSW1,2009/10/31 0:00,7899.37,21.98,TRADE
NSW1,2009/10/31 0:30,7682.37,21.3,TRADE
NSW1,2009/10/31 1:00,7397.11,21.03,TRADE
NSW1,2009/10/31 1:30,7095.64,20.23,TRADE
NSW1,2009/10/31 2:00,6818.81,18.84,TRADE
NSW1,2009/10/31 2:30,6571.24,17.82,TRADE
NSW1,2009/10/31 3:00,6449.02,14.06,TRADE
NSW1,2009/10/31 3:30,6344.11,15.26,TRADE
NSW1,2009/10/31 4:00,6353.39,12.59,TRADE
NSW1,2009/10/31 4:30,6440.66,12.47,TRADE
NSW1,2009/10/31 5:00,6519.07,13.52,TRADE
NSW1,2009/10/31 5:30,6670.82,17.77,TRADE
NSW1,2009/10/31 6:00,6973.62,22.53,TRADE
NSW1,2009/10/31 6:30,7318.36,22.02,TRADE
NSW1,2009/10/31 7:00,7729.54,22.19,TRADE
NSW1,2009/10/31 7:30,8160.32,23.47,TRADE
NSW1,2009/10/31 8:00,8468.07,30.99,TRADE
NSW1,2009/10/31 8:30,8823.87,35.64,TRADE
NSW1,2009/10/31 9:00,8879.72,36.02,TRADE
NSW1,2009/10/31 9:30,8972.49,38.07,TRADE
NSW1,2009/10/31 10:00,8951.16,38.67,TRADE
NSW1,2009/10/31 10:30,8935.66,37.8,TRADE
NSW1,2009/10/31 11:00,8971.37,43.78,TRADE
NSW1,2009/10/31 11:30,8931.5,44.51,TRADE
NSW1,2009/10/31 12:00,8877.53,38.42,TRADE
NSW1,2009/10/31 12:30,8844.96,36.92,TRADE
NSW1,2009/10/31 13:00,8780.08,35.26,TRADE
NSW1,2009/10/31 13:30,8733.05,33.65,TRADE
NSW1,2009/10/31 14:00,8709.4,34.3,TRADE
NSW1,2009/10/31 14:30,8710.83,35.42,TRADE
NSW1,2009/10/31 15:00,8751.61,36.47,TRADE
NSW1,2009/10/31 15:30,8728.95,35.38,TRADE
NSW1,2009/10/31 16:00,8774.91,35.19,TRADE
NSW1,2009/10/31 16:30,8620.4,33.55,TRADE
NSW1,2009/10/31 17:00,8625.96,35.35,TRADE
NSW1,2009/10/31 17:30,8538.99,32.58,TRADE
NSW1,2009/10/31 18:00,8417.06,30.08,TRADE
NSW1,2009/10/31 18:30,8365.78,29.85,TRADE
NSW1,2009/10/31 19:00,8495.6,30.66,TRADE
NSW1,2009/10/31 19:30,8492.67,30.58,TRADE
NSW1,2009/10/31 20:00,8355.24,30.16,TRADE
NSW1,2009/10/31 20:30,8179.45,26.75,TRADE
NSW1,2009/10/31 21:00,7949.16,22.69,TRADE
NSW1,2009/10/31 21:30,7905.61,22.18,TRADE
NSW1,2009/10/31 22:00,7801.38,21.77,TRADE
NSW1,2009/10/31 22:30,7862.5,23.21,TRADE
NSW1,2009/10/31 23:00,7669.57,22.23,TRADE
NSW1,2009/10/31 23:30,7521.26,22.37,TRADE
NSW1,2009/11/1 0:00,7381.98,21.83,TRADE
?NSW1,2009/11/1 0:30,7171.36,21.68,TRADE
NSW1,2009/11/1 1:00,6995.78,21.03,TRADE
NSW1,2009/11/1 1:30,6748.71,20.83,TRADE
NSW1,2009/11/1 2:00,6517.51,18.47,TRADE
NSW1,2009/11/1 2:30,6328.53,19.81,TRADE
NSW1,2009/11/1 3:00,6225.89,18.74,TRADE
NSW1,2009/11/1 3:30,6094.92,16.9,TRADE
NSW1,2009/11/1 4:00,6117.55,16.83,TRADE
NSW1,2009/11/1 4:30,6207.34,17.86,TRADE
NSW1,2009/11/1 5:00,6257.99,19.13,TRADE
NSW1,2009/11/1 5:30,6338.61,17.29,TRADE
NSW1,2009/11/1 6:00,6477.77,19.41,TRADE
NSW1,2009/11/1 6:30,6791.79,21.05,TRADE
NSW1,2009/11/1 7:00,7082.99,21.31,TRADE
NSW1,2009/11/1 7:30,7470.07,21.77,TRADE
NSW1,2009/11/1 8:00,7789.55,22,TRADE
NSW1,2009/11/1 8:30,8123.79,23.15,TRADE
NSW1,2009/11/1 9:00,8265.33,29.71,TRADE
NSW1,2009/11/1 9:30,8409.17,33.36,TRADE
NSW1,2009/11/1 10:00,8464.51,30.01,TRADE
NSW1,2009/11/1 10:30,8529.55,29.72,TRADE
NSW1,2009/11/1 11:00,8564.78,30,TRADE
NSW1,2009/11/1 11:30,8539.09,30,TRADE
NSW1,2009/11/1 12:00,8523.47,31.22,TRADE
NSW1,2009/11/1 12:30,8495.4,32.12,TRADE
NSW1,2009/11/1 13:00,8531.22,33.06,TRADE
NSW1,2009/11/1 13:30,8534.62,34.01,TRADE
NSW1,2009/11/1 14:00,8569.88,31.58,TRADE
NSW1,2009/11/1 14:30,8619.16,30.25,TRADE
NSW1,2009/11/1 15:00,8706.83,31.21,TRADE
NSW1,2009/11/1 15:30,8801.61,34.01,TRADE
NSW1,2009/11/1 16:00,8836.77,41.6,TRADE
NSW1,2009/11/1 16:30,8793.12,43.1,TRADE
NSW1,2009/11/1 17:00,8868.8,40.24,TRADE
NSW1,2009/11/1 17:30,8846.77,35.68,TRADE
NSW1,2009/11/1 18:00,8897.37,35.17,TRADE
NSW1,2009/11/1 18:30,8901.76,36.13,TRADE
NSW1,2009/11/1 19:00,9003.61,38.24,TRADE
NSW1,2009/11/1 19:30,8973.09,36.45,TRADE
NSW1,2009/11/1 20:00,8872.93,37.51,TRADE
NSW1,2009/11/1 20:30,8560.16,31.88,TRADE
NSW1,2009/11/1 21:00,8327.75,28.86,TRADE
NSW1,2009/11/1 21:30,8172.38,24.26,TRADE
NSW1,2009/11/1 22:00,8051.31,22.46,TRADE
NSW1,2009/11/1 22:30,7927.33,22.98,TRADE
NSW1,2009/11/1 23:00,7706.92,21.96,TRADE
NSW1,2009/11/1 23:30,7516.37,22.81,TRADE
NSW1,2009/11/2 0:00,7377.29,22,TRADE
NSW1,2009/11/2 0:30,7216.88,21.6,TRADE
NSW1,2009/11/2 1:00,7097.1,20.95,TRADE
NSW1,2009/11/2 1:30,6815.69,20.95,TRADE
NSW1,2009/11/2 2:00,6588.23,20.46,TRADE
NSW1,2009/11/2 2:30,6517.6,21.37,TRADE
NSW1,2009/11/2 3:00,6440.33,20.62,TRADE
NSW1,2009/11/2 3:30,6462.82,20.65,TRADE
NSW1,2009/11/2 4:00,6550.82,19.93,TRADE
NSW1,2009/11/2 4:30,6753.78,20.79,TRADE
NSW1,2009/11/2 5:00,7033.51,21.8,TRADE
NSW1,2009/11/2 5:30,7583.64,22,TRADE
NSW1,2009/11/2 6:00,8216.92,22,TRADE
NSW1,2009/11/2 6:30,8653.87,22.61,TRADE
NSW1,2009/11/2 7:00,9074.58,25.47,TRADE
NSW1,2009/11/2 7:30,9340.38,26.89,TRADE
NSW1,2009/11/2 8:00,9557.99,28.02,TRADE
NSW1,2009/11/2 8:30,9889.97,31.31,TRADE
NSW1,2009/11/2 9:00,10102.27,39.56,TRADE
NSW1,2009/11/2 9:30,10252.17,40.73,TRADE
NSW1,2009/11/2 10:00,10302.21,50.53,TRADE
NSW1,2009/11/2 10:30,10451.58,60.46,TRADE
NSW1,2009/11/2 11:00,10506.08,40.28,TRADE
NSW1,2009/11/2 11:30,10571.9,30.91,TRADE
NSW1,2009/11/2 12:00,10564.81,33.27,TRADE
NSW1,2009/11/2 12:30,10679.14,43.55,TRADE
NSW1,2009/11/2 13:00,10723.95,41.55,TRADE
NSW1,2009/11/2 13:30,10726.53,46.81,TRADE
NSW1,2009/11/2 14:00,10761.71,42.61,TRADE
NSW1,2009/11/2 14:30,10728.08,36.02,TRADE
NSW1,2009/11/2 15:00,10706.13,37.13,TRADE
NSW1,2009/11/2 15:30,10675.07,39.41,TRADE
NSW1,2009/11/2 16:00,10692.03,40.14,TRADE
NSW1,2009/11/2 16:30,10502.86,35.32,TRADE
NSW1,2009/11/2 17:00,10392.98,35.14,TRADE
NSW1,2009/11/2 17:30,10052.33,32.83,TRADE
NSW1,2009/11/2 18:00,9824.27,29.68,TRADE
NSW1,2009/11/2 18:30,9699.01,28.46,TRADE
NSW1,2009/11/2 19:00,9765.59,30.15,TRADE
NSW1,2009/11/2 19:30,9657.02,29.91,TRADE
NSW1,2009/11/2 20:00,9414.26,27.89,TRADE
NSW1,2009/11/2 20:30,9112.16,26.17,TRADE
NSW1,2009/11/2 21:00,8816.17,22.19,TRADE
NSW1,2009/11/2 21:30,8786.83,22.12,TRADE
NSW1,2009/11/2 22:00,8648.94,21.63,TRADE
NSW1,2009/11/2 22:30,8500.22,21.9,TRADE
NSW1,2009/11/2 23:00,8310.33,21.91,TRADE
NSW1,2009/11/2 23:30,8175.84,23.14,TRADE
NSW1,2009/11/3 0:00,7963.04,21.72,TRADE
NSW1,2009/11/3 0:30,7735.82,21.39,TRADE
NSW1,2009/11/3 1:00,7483.31,21.04,TRADE
NSW1,2009/11/3 1:30,7159,20.83,TRADE
NSW1,2009/11/3 2:00,6900.66,20.03,TRADE
NSW1,2009/11/3 2:30,6678.42,18.44,TRADE
NSW1,2009/11/3 3:00,6538.9,15.03,TRADE
NSW1,2009/11/3 3:30,6536.47,18.53,TRADE
NSW1,2009/11/3 4:00,6615.18,17.56,TRADE
NSW1,2009/11/3 4:30,6819.69,17.91,TRADE
NSW1,2009/11/3 5:00,7055.88,21.15,TRADE
NSW1,2009/11/3 5:30,7541.9,21.99,TRADE
NSW1,2009/11/3 6:00,8155.11,22.02,TRADE
NSW1,2009/11/3 6:30,8515.95,22.16,TRADE
NSW1,2009/11/3 7:00,8951.95,22.06,TRADE
NSW1,2009/11/3 7:30,9280.31,22.38,TRADE
NSW1,2009/11/3 8:00,9594.08,23.99,TRADE
NSW1,2009/11/3 8:30,9962.92,27.01,TRADE
NSW1,2009/11/3 9:00,10285.96,31.05,TRADE
NSW1,2009/11/3 9:30,10501.48,33.46,TRADE
NSW1,2009/11/3 10:00,10714,37.27,TRADE
NSW1,2009/11/3 10:30,10863.29,37.97,TRADE
NSW1,2009/11/3 11:00,10993.46,44.28,TRADE
NSW1,2009/11/3 11:30,11122.71,33.8,TRADE
NSW1,2009/11/3 12:00,11222.16,43.7,TRADE
NSW1,2009/11/3 12:30,11287.66,119.68,TRADE
NSW1,2009/11/3 13:00,11370.49,114.81,TRADE
NSW1,2009/11/3 13:30,11470.9,168.87,TRADE
NSW1,2009/11/3 14:00,11564.55,296.04,TRADE
NSW1,2009/11/3 14:30,11449.66,282.67,TRADE
NSW1,2009/11/3 15:00,11729.62,430.83,TRADE
NSW1,2009/11/3 15:30,11942.89,2693.45,TRADE
NSW1,2009/11/3 16:00,12099.12,6337.1,TRADE
NSW1,2009/11/3 16:30,11857.68,317.57,TRADE
NSW1,2009/11/3 17:00,11670.33,199.87,TRADE
NSW1,2009/11/3 17:30,11487.21,32.79,TRADE
NSW1,2009/11/3 18:00,11438.93,41.04,TRADE
NSW1,2009/11/3 18:30,11256.8,38.76,TRADE
NSW1,2009/11/3 19:00,11266.36,74.41,TRADE
NSW1,2009/11/3 19:30,11122.83,120.21,TRADE
NSW1,2009/11/3 20:00,10728.54,86.13,TRADE
NSW1,2009/11/3 20:30,10258.33,47.32,TRADE
NSW1,2009/11/3 21:00,9739.35,29.97,TRADE
NSW1,2009/11/3 21:30,9527.37,28.34,TRADE
NSW1,2009/11/3 22:00,9199.93,23.94,TRADE
NSW1,2009/11/3 22:30,8938.51,22.63,TRADE
NSW1,2009/11/3 23:00,8651.23,21.43,TRADE
NSW1,2009/11/3 23:30,8443.32,21.9,TRADE
NSW1,2009/11/4 0:00,8220.74,21.82,TRADE
NSW1,2009/11/4 0:30,8029.77,21.83,TRADE
NSW1,2009/11/4 1:00,7698.37,21.44,TRADE
NSW1,2009/11/4 1:30,7327.84,20.66,TRADE
NSW1,2009/11/4 2:00,7031.67,20.37,TRADE
NSW1,2009/11/4 2:30,6862.94,20.43,TRADE
NSW1,2009/11/4 3:00,6759.22,20.25,TRADE
NSW1,2009/11/4 3:30,6743,18.79,TRADE
NSW1,2009/11/4 4:00,6810.23,19.11,TRADE
NSW1,2009/11/4 4:30,7024.51,20.89,TRADE
NSW1,2009/11/4 5:00,7275.18,21.67,TRADE
NSW1,2009/11/4 5:30,7817.77,22.22,TRADE
NSW1,2009/11/4 6:00,8438.22,23.55,TRADE
NSW1,2009/11/4 6:30,8889.14,23.79,TRADE
NSW1,2009/11/4 7:00,9267.61,21.8,TRADE
NSW1,2009/11/4 7:30,9451.93,23.05,TRADE
NSW1,2009/11/4 8:00,9648.52,26.45,TRADE
NSW1,2009/11/4 8:30,9848.55,28.45,TRADE
NSW1,2009/11/4 9:00,9942.11,29.55,TRADE
NSW1,2009/11/4 9:30,10022.62,33.33,TRADE
NSW1,2009/11/4 10:00,10011.42,33.07,TRADE
NSW1,2009/11/4 10:30,9988.51,33.03,TRADE
NSW1,2009/11/4 11:00,9969.08,34.73,TRADE
NSW1,2009/11/4 11:30,9906.39,33.27,TRADE
NSW1,2009/11/4 12:00,9826.58,32.91,TRADE
NSW1,2009/11/4 12:30,9800.58,34.11,TRADE
NSW1,2009/11/4 13:00,9760.84,33.68,TRADE
NSW1,2009/11/4 13:30,9760.21,34.28,TRADE
NSW1,2009/11/4 14:00,9701.8,33.84,TRADE
NSW1,2009/11/4 14:30,9634.79,33.19,TRADE
NSW1,2009/11/4 15:00,9632.18,33.29,TRADE
NSW1,2009/11/4 15:30,9622.05,31.28,TRADE
NSW1,2009/11/4 16:00,9608.49,30.77,TRADE
NSW1,2009/11/4 16:30,9607.15,30.45,TRADE
NSW1,2009/11/4 17:00,9524.83,30.59,TRADE
NSW1,2009/11/4 17:30,9395.99,27.47,TRADE
NSW1,2009/11/4 18:00,9316.06,25.77,TRADE
NSW1,2009/11/4 18:30,9207.58,23.98,TRADE
NSW1,2009/11/4 19:00,9279.12,25.9,TRADE
NSW1,2009/11/4 19:30,9235.21,25.25,TRADE
NSW1,2009/11/4 20:00,9005.29,24.34,TRADE
NSW1,2009/11/4 20:30,8770.97,22.84,TRADE
NSW1,2009/11/4 21:00,8410.61,21.42,TRADE
NSW1,2009/11/4 21:30,8460.63,21.66,TRADE
NSW1,2009/11/4 22:00,8303.08,21.33,TRADE
NSW1,2009/11/4 22:30,8253.17,23.3,TRADE
NSW1,2009/11/4 23:00,8121.04,21.96,TRADE
NSW1,2009/11/4 23:30,8006.09,22.75,TRADE
NSW1,2009/11/5 0:00,7823.04,21.65,TRADE
NSW1,2009/11/5 0:30,7597.26,20.54,TRADE
NSW1,2009/11/5 1:00,7412.93,20.9,TRADE
NSW1,2009/11/5 1:30,7104.94,20.09,TRADE
NSW1,2009/11/5 2:00,6853.51,18.24,TRADE
NSW1,2009/11/5 2:30,6661.12,19.49,TRADE
NSW1,2009/11/5 3:00,6605.89,19.16,TRADE
NSW1,2009/11/5 3:30,6555.42,19.37,TRADE
NSW1,2009/11/5 4:00,6603.95,17.69,TRADE
NSW1,2009/11/5 4:30,6823.95,18.76,TRADE
NSW1,2009/11/5 5:00,7135.62,19.47,TRADE
NSW1,2009/11/5 5:30,7686.28,21.4,TRADE
NSW1,2009/11/5 6:00,8351.01,22.18,TRADE
NSW1,2009/11/5 6:30,8756.34,22.1,TRADE
NSW1,2009/11/5 7:00,9128.45,20.13,TRADE
NSW1,2009/11/5 7:30,9313.82,22,TRADE
NSW1,2009/11/5 8:00,9453.79,22,TRADE
NSW1,2009/11/5 8:30,9654.04,25.1,TRADE
NSW1,2009/11/5 9:00,9721.7,25.09,TRADE
NSW1,2009/11/5 9:30,9796.3,25.51,TRADE
NSW1,2009/11/5 10:00,9814.56,26.12,TRADE
NSW1,2009/11/5 10:30,9770.17,23.66,TRADE
NSW1,2009/11/5 11:00,9770.68,23.21,TRADE
NSW1,2009/11/5 11:30,9762.59,26.61,TRADE
NSW1,2009/11/5 12:00,9717.58,26.63,TRADE
NSW1,2009/11/5 12:30,9678.58,28.43,TRADE
NSW1,2009/11/5 13:00,9602.27,29.69,TRADE
NSW1,2009/11/5 13:30,9583.6,28.23,TRADE
NSW1,2009/11/5 14:00,9544.44,26.48,TRADE
NSW1,2009/11/5 14:30,9359.48,24.79,TRADE
NSW1,2009/11/5 15:00,9450.27,26.01,TRADE
NSW1,2009/11/5 15:30,9376.44,25.75,TRADE
NSW1,2009/11/5 16:00,9418.51,25.43,TRADE
NSW1,2009/11/5 16:30,9380.26,25.22,TRADE
NSW1,2009/11/5 17:00,9535.94,24.52,TRADE
NSW1,2009/11/5 17:30,9451.24,22.68,TRADE
NSW1,2009/11/5 18:00,9425.25,22.44,TRADE
NSW1,2009/11/5 18:30,9356.36,22.18,TRADE
NSW1,2009/11/5 19:00,9404.98,22.65,TRADE
NSW1,2009/11/5 19:30,9337.12,23.21,TRADE
NSW1,2009/11/5 20:00,9113.1,23.68,TRADE
NSW1,2009/11/5 20:30,8765.89,22.18,TRADE
NSW1,2009/11/5 21:00,8446.24,21.88,TRADE
NSW1,2009/11/5 21:30,8465.29,22.02,TRADE
NSW1,2009/11/5 22:00,8284.7,21.09,TRADE
NSW1,2009/11/5 22:30,8223.56,21.65,TRADE
NSW1,2009/11/5 23:00,8083.69,21.19,TRADE
NSW1,2009/11/5 23:30,8020.27,21.85,TRADE
NSW1,2009/11/6 0:00,7844.36,21.72,TRADE
NSW1,2009/11/6 0:30,7645.65,20.72,TRADE
NSW1,2009/11/6 1:00,7372.14,20.32,TRADE
NSW1,2009/11/6 1:30,7055.22,19.3,TRADE
NSW1,2009/11/6 2:00,6785.58,18.2,TRADE
NSW1,2009/11/6 2:30,6553.86,17.83,TRADE
NSW1,2009/11/6 3:00,6541.6,17.11,TRADE
NSW1,2009/11/6 3:30,6498.11,17.6,TRADE
NSW1,2009/11/6 4:00,6553.16,19.91,TRADE
NSW1,2009/11/6 4:30,6748.46,18.85,TRADE
NSW1,2009/11/6 5:00,7073.94,21.33,TRADE
NSW1,2009/11/6 5:30,7601.47,21.88,TRADE
NSW1,2009/11/6 6:00,8298.92,23.16,TRADE
NSW1,2009/11/6 6:30,8678.47,22.07,TRADE
NSW1,2009/11/6 7:00,9099.47,22,TRADE
NSW1,2009/11/6 7:30,9315.79,22.02,TRADE
NSW1,2009/11/6 8:00,9397,22,TRADE
NSW1,2009/11/6 8:30,9589.3,23.24,TRADE
NSW1,2009/11/6 9:00,9672.07,22,TRADE
NSW1,2009/11/6 9:30,9673.56,22.38,TRADE
NSW1,2009/11/6 10:00,9667.67,21.93,TRADE
NSW1,2009/11/6 10:30,9635.37,22.57,TRADE
NSW1,2009/11/6 11:00,9643.16,21.84,TRADE
NSW1,2009/11/6 11:30,9606.04,22.49,TRADE
NSW1,2009/11/6 12:00,9501.22,24.41,TRADE
NSW1,2009/11/6 12:30,9515.71,24.45,TRADE
NSW1,2009/11/6 13:00,9464.25,24.45,TRADE
NSW1,2009/11/6 13:30,9431.48,24.46,TRADE
NSW1,2009/11/6 14:00,9320.28,22.62,TRADE
NSW1,2009/11/6 14:30,9299.77,24.75,TRADE
NSW1,2009/11/6 15:00,9307.55,24.91,TRADE
NSW1,2009/11/6 15:30,9341.99,24.26,TRADE
NSW1,2009/11/6 16:00,9304.45,23.05,TRADE
NSW1,2009/11/6 16:30,9264.19,24.08,TRADE
NSW1,2009/11/6 17:00,9062.41,22,TRADE
NSW1,2009/11/6 17:30,8958.09,22.3,TRADE
NSW1,2009/11/6 18:00,8902.54,21.98,TRADE
NSW1,2009/11/6 18:30,8761.01,21.92,TRADE
NSW1,2009/11/6 19:00,8889.19,22.03,TRADE
NSW1,2009/11/6 19:30,8860.2,22,TRADE
NSW1,2009/11/6 20:00,8724.27,21.93,TRADE
NSW1,2009/11/6 20:30,8517.65,21.96,TRADE
NSW1,2009/11/6 21:00,8219.28,22,TRADE
NSW1,2009/11/6 21:30,8372.25,22,TRADE
NSW1,2009/11/6 22:00,8319.89,21.72,TRADE
NSW1,2009/11/6 22:30,8311.32,22.02,TRADE
NSW1,2009/11/6 23:00,8189.06,21.8,TRADE
NSW1,2009/11/6 23:30,8055.72,22.76,TRADE
NSW1,2009/11/7 0:00,7885.12,22,TRADE
NSW1,2009/11/7 0:30,7631.88,21.65,TRADE
NSW1,2009/11/7 1:00,7352.55,21.04,TRADE
NSW1,2009/11/7 1:30,7033.55,19.94,TRADE
NSW1,2009/11/7 2:00,6763.95,18.36,TRADE
NSW1,2009/11/7 2:30,6490.27,16.96,TRADE
NSW1,2009/11/7 3:00,6351.98,15.11,TRADE
NSW1,2009/11/7 3:30,6297.37,14.57,TRADE
NSW1,2009/11/7 4:00,6278.19,14.09,TRADE
NSW1,2009/11/7 4:30,6355.12,13.32,TRADE
NSW1,2009/11/7 5:00,6420.01,16.51,TRADE
NSW1,2009/11/7 5:30,6588.72,17,TRADE
NSW1,2009/11/7 6:00,6836.08,18.18,TRADE
NSW1,2009/11/7 6:30,7192.74,20.24,TRADE
NSW1,2009/11/7 7:00,7647.32,21.09,TRADE
NSW1,2009/11/7 7:30,8098.4,22.1,TRADE
NSW1,2009/11/7 8:00,8414.59,22.15,TRADE
NSW1,2009/11/7 8:30,8747.97,22.53,TRADE
NSW1,2009/11/7 9:00,8862.37,23.18,TRADE
NSW1,2009/11/7 9:30,8945.1,25.58,TRADE
NSW1,2009/11/7 10:00,8890.56,22.55,TRADE
NSW1,2009/11/7 10:30,8856.33,22.12,TRADE
NSW1,2009/11/7 11:00,8836.21,23.51,TRADE
NSW1,2009/11/7 11:30,8772.62,22.71,TRADE
NSW1,2009/11/7 12:00,8624.16,22.51,TRADE
NSW1,2009/11/7 12:30,8600.62,25.05,TRADE
NSW1,2009/11/7 13:00,8574.41,25.13,TRADE
NSW1,2009/11/7 13:30,8496.17,23.89,TRADE
NSW1,2009/11/7 14:00,8443.91,25.09,TRADE
NSW1,2009/11/7 14:30,8394.67,25.47,TRADE
NSW1,2009/11/7 15:00,8399.16,24.7,TRADE
NSW1,2009/11/7 15:30,8354.63,22,TRADE
NSW1,2009/11/7 16:00,8379.05,23.62,TRADE
NSW1,2009/11/7 16:30,8294.63,21.99,TRADE
NSW1,2009/11/7 17:00,8296.74,22,TRADE
NSW1,2009/11/7 17:30,8287.59,23.55,TRADE
NSW1,2009/11/7 18:00,8213.99,22,TRADE
NSW1,2009/11/7 18:30,8203.81,21.98,TRADE
NSW1,2009/11/7 19:00,8312.13,22.06,TRADE
NSW1,2009/11/7 19:30,8350.45,22.15,TRADE
NSW1,2009/11/7 20:00,8241.85,22.33,TRADE
NSW1,2009/11/7 20:30,8051.35,22.97,TRADE
NSW1,2009/11/7 21:00,7862.57,21.96,TRADE
NSW1,2009/11/7 21:30,7876.34,22,TRADE
NSW1,2009/11/7 22:00,7822.85,21.49,TRADE
NSW1,2009/11/7 22:30,7770.31,21.88,TRADE
NSW1,2009/11/7 23:00,7575.69,21.89,TRADE
NSW1,2009/11/7 23:30,7435.28,21.96,TRADE
NSW1,2009/11/8 0:00,7238.42,21.2,TRADE
NSW1,2009/11/8 0:30,7057.14,20.3,TRADE
NSW1,2009/11/8 1:00,6891.97,19.12,TRADE
NSW1,2009/11/8 1:30,6651.82,19.3,TRADE
NSW1,2009/11/8 2:00,6401.99,17.6,TRADE
NSW1,2009/11/8 2:30,6257.86,16.86,TRADE
NSW1,2009/11/8 3:00,6160.22,16.26,TRADE
NSW1,2009/11/8 3:30,6116.17,15.44,TRADE
NSW1,2009/11/8 4:00,6140.14,15.86,TRADE
NSW1,2009/11/8 4:30,6192.25,14.31,TRADE
NSW1,2009/11/8 5:00,6215.38,14.55,TRADE
NSW1,2009/11/8 5:30,6276.17,13.74,TRADE
NSW1,2009/11/8 6:00,6443.74,16.49,TRADE
NSW1,2009/11/8 6:30,6735.83,17.28,TRADE
NSW1,2009/11/8 7:00,7082.92,18.99,TRADE
NSW1,2009/11/8 7:30,7474.42,20.72,TRADE
NSW1,2009/11/8 8:00,7774.73,21.12,TRADE
NSW1,2009/11/8 8:30,8111.25,22.14,TRADE
NSW1,2009/11/8 9:00,8317.34,22.05,TRADE
NSW1,2009/11/8 9:30,8524.19,22.09,TRADE
NSW1,2009/11/8 10:00,8558.68,22.93,TRADE
NSW1,2009/11/8 10:30,8566.33,27.18,TRADE
NSW1,2009/11/8 11:00,8575.9,26.4,TRADE
NSW1,2009/11/8 11:30,8549.84,22.88,TRADE
NSW1,2009/11/8 12:00,8525.28,22.24,TRADE
NSW1,2009/11/8 12:30,8458.52,21.93,TRADE
NSW1,2009/11/8 13:00,8415.56,22,TRADE
NSW1,2009/11/8 13:30,8372.85,21.99,TRADE
NSW1,2009/11/8 14:00,8320.69,22,TRADE
NSW1,2009/11/8 14:30,8369.96,21.97,TRADE
NSW1,2009/11/8 15:00,8382.97,22,TRADE
NSW1,2009/11/8 15:30,8335.87,21.83,TRADE
NSW1,2009/11/8 16:00,8395.21,22,TRADE
NSW1,2009/11/8 16:30,8355.11,22,TRADE
NSW1,2009/11/8 17:00,8431.65,23.17,TRADE
NSW1,2009/11/8 17:30,8523.82,27.14,TRADE
NSW1,2009/11/8 18:00,8500.11,26.76,TRADE
NSW1,2009/11/8 18:30,8557.11,26.5,TRADE
NSW1,2009/11/8 19:00,8676.83,26.98,TRADE
NSW1,2009/11/8 19:30,8690.81,26.71,TRADE
NSW1,2009/11/8 20:00,8612.24,26.35,TRADE
NSW1,2009/11/8 20:30,8398.18,26.31,TRADE
NSW1,2009/11/8 21:00,8128.05,25.97,TRADE
NSW1,2009/11/8 21:30,8019.82,22.39,TRADE
NSW1,2009/11/8 22:00,7900.15,21.62,TRADE
NSW1,2009/11/8 22:30,7796.24,21.85,TRADE
NSW1,2009/11/8 23:00,7604.84,21.2,TRADE
NSW1,2009/11/8 23:30,7454.14,21.51,TRADE
NSW1,2009/11/9 0:00,7308.04,20.85,TRADE
NSW1,2009/11/9 0:30,7120.08,19.09,TRADE
NSW1,2009/11/9 1:00,6975.11,17.98,TRADE
NSW1,2009/11/9 1:30,6700.56,18.82,TRADE
NSW1,2009/11/9 2:00,6519.22,16.36,TRADE
NSW1,2009/11/9 2:30,6380.23,14.48,TRADE
NSW1,2009/11/9 3:00,6320.82,12.5,TRADE
NSW1,2009/11/9 3:30,6325.75,12.25,TRADE
NSW1,2009/11/9 4:00,6435.11,12.28,TRADE
NSW1,2009/11/9 4:30,6698.41,16.41,TRADE
NSW1,2009/11/9 5:00,7021.51,19.06,TRADE
NSW1,2009/11/9 5:30,7598.98,20.76,TRADE
NSW1,2009/11/9 6:00,8249.4,21.78,TRADE
NSW1,2009/11/9 6:30,8675.09,22.31,TRADE
NSW1,2009/11/9 7:00,9151.94,22.71,TRADE
NSW1,2009/11/9 7:30,9412.54,22.41,TRADE
NSW1,2009/11/9 8:00,9609.94,23.18,TRADE
NSW1,2009/11/9 8:30,9810.13,24.91,TRADE
NSW1,2009/11/9 9:00,10053.16,27.9,TRADE
NSW1,2009/11/9 9:30,10127.64,30.05,TRADE
NSW1,2009/11/9 10:00,10218.54,36.77,TRADE
NSW1,2009/11/9 10:30,10204.04,34.33,TRADE
NSW1,2009/11/9 11:00,10329.53,40.17,TRADE
NSW1,2009/11/9 11:30,10288.48,30.29,TRADE
NSW1,2009/11/9 12:00,10239.88,27.37,TRADE
NSW1,2009/11/9 12:30,10265.53,38.14,TRADE
NSW1,2009/11/9 13:00,10292.12,31.51,TRADE
NSW1,2009/11/9 13:30,10282.09,25.04,TRADE
NSW1,2009/11/9 14:00,10263.02,71.36,TRADE
NSW1,2009/11/9 14:30,10121.93,29.68,TRADE
NSW1,2009/11/9 15:00,10226.35,31.22,TRADE
NSW1,2009/11/9 15:30,10266.39,44.19,TRADE
NSW1,2009/11/9 16:00,10224.22,24.73,TRADE
NSW1,2009/11/9 16:30,10137.46,23.3,TRADE
NSW1,2009/11/9 17:00,9958.52,22,TRADE
NSW1,2009/11/9 17:30,9660.65,21.78,TRADE
NSW1,2009/11/9 18:00,9454.1,22,TRADE
NSW1,2009/11/9 18:30,9297.32,22.14,TRADE
NSW1,2009/11/9 19:00,9329.81,22.92,TRADE
NSW1,2009/11/9 19:30,9444.08,25.23,TRADE
NSW1,2009/11/9 20:00,9307.5,24.51,TRADE
NSW1,2009/11/9 20:30,9002.08,23.05,TRADE
NSW1,2009/11/9 21:00,8610,21.75,TRADE
NSW1,2009/11/9 21:30,8612.73,24.31,TRADE
NSW1,2009/11/9 22:00,8386.71,21.25,TRADE
NSW1,2009/11/9 22:30,8277.68,21.48,TRADE
NSW1,2009/11/9 23:00,8121.85,21.43,TRADE
NSW1,2009/11/9 23:30,7946.96,22.6,TRADE
NSW1,2009/11/10 0:00,7811.01,21.76,TRADE
NSW1,2009/11/10 0:30,7618.1,20.85,TRADE
NSW1,2009/11/10 1:00,7381.41,20.74,TRADE
NSW1,2009/11/10 1:30,7078.44,20.35,TRADE
NSW1,2009/11/10 2:00,6806.51,18.52,TRADE
NSW1,2009/11/10 2:30,6549.84,18.42,TRADE
NSW1,2009/11/10 3:00,6487.3,15.17,TRADE
NSW1,2009/11/10 3:30,6491.64,15.94,TRADE
NSW1,2009/11/10 4:00,6620.36,18.33,TRADE
NSW1,2009/11/10 4:30,6846.05,20.16,TRADE
NSW1,2009/11/10 5:00,7162.61,21.04,TRADE
NSW1,2009/11/10 5:30,7686.11,21.6,TRADE
NSW1,2009/11/10 6:00,8336.15,21.73,TRADE
NSW1,2009/11/10 6:30,8737.14,22.48,TRADE
NSW1,2009/11/10 7:00,9145.98,22.13,TRADE
NSW1,2009/11/10 7:30,9399.96,22.8,TRADE
NSW1,2009/11/10 8:00,9580.49,24.35,TRADE
NSW1,2009/11/10 8:30,9828.91,26.39,TRADE
NSW1,2009/11/10 9:00,10020.21,29.47,TRADE
NSW1,2009/11/10 9:30,10088.37,29.22,TRADE
NSW1,2009/11/10 10:00,10147.2,27.66,TRADE
NSW1,2009/11/10 10:30,10174.6,31.57,TRADE
NSW1,2009/11/10 11:00,10251.06,30.73,TRADE
NSW1,2009/11/10 11:30,10224.23,67.12,TRADE
NSW1,2009/11/10 12:00,10264.75,70.23,TRADE
NSW1,2009/11/10 12:30,10240.57,33.22,TRADE
NSW1,2009/11/10 13:00,10308.37,45.1,TRADE
NSW1,2009/11/10 13:30,10380.87,51.36,TRADE
NSW1,2009/11/10 14:00,10369.16,46.64,TRADE
NSW1,2009/11/10 14:30,10254.15,41.97,TRADE
NSW1,2009/11/10 15:00,10387.86,61.8,TRADE
NSW1,2009/11/10 15:30,10401.6,37.72,TRADE
NSW1,2009/11/10 16:00,10447.05,57.8,TRADE
NSW1,2009/11/10 16:30,10312.84,38.11,TRADE
NSW1,2009/11/10 17:00,10184.94,29.64,TRADE
NSW1,2009/11/10 17:30,9790.67,21.99,TRADE
NSW1,2009/11/10 18:00,9612,22.38,TRADE
NSW1,2009/11/10 18:30,9368.35,22,TRADE
NSW1,2009/11/10 19:00,9432.6,24.81,TRADE
NSW1,2009/11/10 19:30,9487.63,26.8,TRADE
NSW1,2009/11/10 20:00,9328.4,26.23,TRADE
NSW1,2009/11/10 20:30,8985.21,25.47,TRADE
NSW1,2009/11/10 21:00,8667.23,22.99,TRADE
NSW1,2009/11/10 21:30,8703.93,25.02,TRADE
NSW1,2009/11/10 22:00,8440.86,22.8,TRADE
NSW1,2009/11/10 22:30,8407.7,23.08,TRADE
NSW1,2009/11/10 23:00,8275.7,22.48,TRADE
NSW1,2009/11/10 23:30,8074.44,22.48,TRADE
NSW1,2009/11/11 0:00,7894.61,22,TRADE
NSW1,2009/11/11 0:30,7669.91,21.62,TRADE
NSW1,2009/11/11 1:00,7415.04,21.91,TRADE
NSW1,2009/11/11 1:30,7118.66,21.63,TRADE
NSW1,2009/11/11 2:00,6824.72,21.13,TRADE
NSW1,2009/11/11 2:30,6628.73,21.35,TRADE
NSW1,2009/11/11 3:00,6557.07,21.02,TRADE
NSW1,2009/11/11 3:30,6509.01,21.53,TRADE
NSW1,2009/11/11 4:00,6543.63,21.02,TRADE
NSW1,2009/11/11 4:30,6782.82,21.79,TRADE
NSW1,2009/11/11 5:00,7030.47,22,TRADE
NSW1,2009/11/11 5:30,7627.42,21.91,TRADE
NSW1,2009/11/11 6:00,8301.94,22,TRADE
NSW1,2009/11/11 6:30,8743.69,22.75,TRADE
NSW1,2009/11/11 7:00,9091.8,24.33,TRADE
NSW1,2009/11/11 7:30,9315.56,23.45,TRADE
NSW1,2009/11/11 8:00,9531.9,25.14,TRADE
NSW1,2009/11/11 8:30,9851.76,40.47,TRADE
NSW1,2009/11/11 9:00,10064.71,35.63,TRADE
NSW1,2009/11/11 9:30,10233.52,36.54,TRADE
NSW1,2009/11/11 10:00,10279.18,37.02,TRADE
NSW1,2009/11/11 10:30,10316.79,36.86,TRADE
NSW1,2009/11/11 11:00,10383.5,40.54,TRADE
NSW1,2009/11/11 11:30,10445.92,73.61,TRADE
NSW1,2009/11/11 12:00,10375.47,52.8,TRADE
NSW1,2009/11/11 12:30,10449.27,49.9,TRADE
NSW1,2009/11/11 13:00,10498.58,62.4,TRADE
NSW1,2009/11/11 13:30,10567.96,76.69,TRADE
NSW1,2009/11/11 14:00,10561.21,72.39,TRADE
NSW1,2009/11/11 14:30,10522.85,58.19,TRADE
NSW1,2009/11/11 15:00,10581.76,44.76,TRADE
NSW1,2009/11/11 15:30,10575.13,83.51,TRADE
NSW1,2009/11/11 16:00,10567.87,83.92,TRADE
NSW1,2009/11/11 16:30,10390.07,54.82,TRADE
NSW1,2009/11/11 17:00,10202.41,26.95,TRADE
NSW1,2009/11/11 17:30,9913.85,22,TRADE
NSW1,2009/11/11 18:00,9753.78,22,TRADE
NSW1,2009/11/11 18:30,9582.89,23.09,TRADE
NSW1,2009/11/11 19:00,9657.9,29.63,TRADE
NSW1,2009/11/11 19:30,9707.2,28.71,TRADE
NSW1,2009/11/11 20:00,9506.66,25.79,TRADE
NSW1,2009/11/11 20:30,9222.33,25.83,TRADE
NSW1,2009/11/11 21:00,8836.41,22.37,TRADE
NSW1,2009/11/11 21:30,8777.69,24.52,TRADE
NSW1,2009/11/11 22:00,8547.09,21.62,TRADE
NSW1,2009/11/11 22:30,8441.12,21.92,TRADE
NSW1,2009/11/11 23:00,8251.57,21.9,TRADE
NSW1,2009/11/11 23:30,8055.02,22.2,TRADE
NSW1,2009/11/12 0:00,7840.37,21.69,TRADE
NSW1,2009/11/12 0:30,7659.85,21.03,TRADE
NSW1,2009/11/12 1:00,7407.37,20.3,TRADE
NSW1,2009/11/12 1:30,7112.95,20.76,TRADE
NSW1,2009/11/12 2:00,6827.89,18.04,TRADE
NSW1,2009/11/12 2:30,6619.46,18.59,TRADE
NSW1,2009/11/12 3:00,6515.42,17,TRADE
NSW1,2009/11/12 3:30,6517.32,17.26,TRADE
NSW1,2009/11/12 4:00,6600.94,17.35,TRADE
NSW1,2009/11/12 4:30,6841.55,19.58,TRADE
NSW1,2009/11/12 5:00,7081.84,21.52,TRADE
NSW1,2009/11/12 5:30,7660.29,21.85,TRADE
NSW1,2009/11/12 6:00,8267.92,21.49,TRADE
NSW1,2009/11/12 6:30,8672.63,22.44,TRADE
NSW1,2009/11/12 7:00,9166.14,22.5,TRADE
NSW1,2009/11/12 7:30,9463.87,23.22,TRADE
NSW1,2009/11/12 8:00,9655.05,25.28,TRADE
NSW1,2009/11/12 8:30,9958.82,27.35,TRADE
NSW1,2009/11/12 9:00,10135.87,27.93,TRADE
NSW1,2009/11/12 9:30,10286.38,26.14,TRADE
NSW1,2009/11/12 10:00,10360.82,26.72,TRADE
NSW1,2009/11/12 10:30,10471.7,31.8,TRADE
NSW1,2009/11/12 11:00,10630.09,36.06,TRADE
NSW1,2009/11/12 11:30,10689.16,40.07,TRADE
NSW1,2009/11/12 12:00,10738.63,43.31,TRADE
NSW1,2009/11/12 12:30,10888.5,38.37,TRADE
NSW1,2009/11/12 13:00,11031.09,48.95,TRADE
NSW1,2009/11/12 13:30,11148.42,58.75,TRADE
NSW1,2009/11/12 14:00,11219.16,49.82,TRADE
NSW1,2009/11/12 14:30,11261.17,43.23,TRADE
NSW1,2009/11/12 15:00,11408.43,67.82,TRADE
NSW1,2009/11/12 15:30,11359.8,76.04,TRADE
NSW1,2009/11/12 16:00,11333.93,74.97,TRADE
NSW1,2009/11/12 16:30,11040.75,52.35,TRADE
NSW1,2009/11/12 17:00,10939.05,38.76,TRADE
NSW1,2009/11/12 17:30,10642.67,36.6,TRADE
NSW1,2009/11/12 18:00,10392.98,29.45,TRADE
NSW1,2009/11/12 18:30,10114.55,27.47,TRADE
NSW1,2009/11/12 19:00,10100.42,28.47,TRADE
NSW1,2009/11/12 19:30,9982.01,27.96,TRADE
NSW1,2009/11/12 20:00,9763.65,26.5,TRADE
NSW1,2009/11/12 20:30,9356.53,24.13,TRADE
NSW1,2009/11/12 21:00,8953.45,21.99,TRADE
NSW1,2009/11/12 21:30,8899.67,22,TRADE
NSW1,2009/11/12 22:00,8676.45,21.51,TRADE
NSW1,2009/11/12 22:30,8480.44,21.71,TRADE
NSW1,2009/11/12 23:00,8316.85,21.84,TRADE
NSW1,2009/11/12 23:30,8097.42,22.08,TRADE
NSW1,2009/11/13 0:00,7878.72,21.71,TRADE
NSW1,2009/11/13 0:30,7617.62,20.64,TRADE
NSW1,2009/11/13 1:00,7365.43,20.38,TRADE
NSW1,2009/11/13 1:30,7071,19.1,TRADE
NSW1,2009/11/13 2:00,6778.95,18.09,TRADE
NSW1,2009/11/13 2:30,6545.33,17.17,TRADE
NSW1,2009/11/13 3:00,6475.14,16.26,TRADE
NSW1,2009/11/13 3:30,6476.79,17.11,TRADE
NSW1,2009/11/13 4:00,6547.53,16.88,TRADE
NSW1,2009/11/13 4:30,6785.53,19.14,TRADE
NSW1,2009/11/13 5:00,7109.76,21.64,TRADE
NSW1,2009/11/13 5:30,7698.5,22.32,TRADE
NSW1,2009/11/13 6:00,8322.68,21.48,TRADE
NSW1,2009/11/13 6:30,8843.71,22.15,TRADE
NSW1,2009/11/13 7:00,9276.38,22.61,TRADE
NSW1,2009/11/13 7:30,9568.32,24.45,TRADE
NSW1,2009/11/13 8:00,9707.4,27.51,TRADE
NSW1,2009/11/13 8:30,9932.51,28.48,TRADE
NSW1,2009/11/13 9:00,10015.43,28.21,TRADE
NSW1,2009/11/13 9:30,10121.29,32.03,TRADE
NSW1,2009/11/13 10:00,10155.88,36.78,TRADE
NSW1,2009/11/13 10:30,10103.96,30.67,TRADE
NSW1,2009/11/13 11:00,10115.43,33.08,TRADE
NSW1,2009/11/13 11:30,10098.42,32.25,TRADE
NSW1,2009/11/13 12:00,9970.85,29.75,TRADE
NSW1,2009/11/13 12:30,10014.71,31.1,TRADE
NSW1,2009/11/13 13:00,9979.01,28.1,TRADE
NSW1,2009/11/13 13:30,10036.24,28.03,TRADE
NSW1,2009/11/13 14:00,9966.12,26.73,TRADE
NSW1,2009/11/13 14:30,9920.39,30.2,TRADE
NSW1,2009/11/13 15:00,9902.17,25.83,TRADE
NSW1,2009/11/13 15:30,9882.96,47.93,TRADE
NSW1,2009/11/13 16:00,9789.78,36.41,TRADE
NSW1,2009/11/13 16:30,9696.08,29.6,TRADE
NSW1,2009/11/13 17:00,9546.24,24.01,TRADE
NSW1,2009/11/13 17:30,9299.8,24.05,TRADE
NSW1,2009/11/13 18:00,9154.68,24.94,TRADE
NSW1,2009/11/13 18:30,8954.18,22.09,TRADE
NSW1,2009/11/13 19:00,8984.42,22.29,TRADE
NSW1,2009/11/13 19:30,8948.12,22.46,TRADE
NSW1,2009/11/13 20:00,8860.73,24.76,TRADE
NSW1,2009/11/13 20:30,8641.84,23.3,TRADE
NSW1,2009/11/13 21:00,8363.46,22.48,TRADE
NSW1,2009/11/13 21:30,8521.15,24.78,TRADE
NSW1,2009/11/13 22:00,8390.07,22.18,TRADE
NSW1,2009/11/13 22:30,8361.27,22.85,TRADE
NSW1,2009/11/13 23:00,8223,22.47,TRADE
NSW1,2009/11/13 23:30,8058.68,22.84,TRADE
NSW1,2009/11/14 0:00,7860.72,21.92,TRADE
NSW1,2009/11/14 0:30,7574.83,21.25,TRADE
NSW1,2009/11/14 1:00,7339.71,21.53,TRADE
NSW1,2009/11/14 1:30,7012.09,20.9,TRADE
NSW1,2009/11/14 2:00,6732.64,18.67,TRADE
NSW1,2009/11/14 2:30,6520.09,19.69,TRADE
NSW1,2009/11/14 3:00,6439.57,18.87,TRADE
NSW1,2009/11/14 3:30,6397.02,17.11,TRADE
NSW1,2009/11/14 4:00,6355.46,13.7,TRADE
NSW1,2009/11/14 4:30,6477.56,17.76,TRADE
NSW1,2009/11/14 5:00,6500.96,18.86,TRADE
NSW1,2009/11/14 5:30,6725.01,18.39,TRADE
NSW1,2009/11/14 6:00,7002.73,18.49,TRADE
NSW1,2009/11/14 6:30,7333.36,20.62,TRADE
NSW1,2009/11/14 7:00,7698.26,20.14,TRADE
NSW1,2009/11/14 7:30,8158.5,20.85,TRADE
NSW1,2009/11/14 8:00,8465.48,21.4,TRADE
NSW1,2009/11/14 8:30,8849.13,23.57,TRADE
NSW1,2009/11/14 9:00,8927.9,24.78,TRADE
NSW1,2009/11/14 9:30,9110.17,26.94,TRADE
NSW1,2009/11/14 10:00,9061.71,27.02,TRADE
NSW1,2009/11/14 10:30,9121.38,28.79,TRADE
NSW1,2009/11/14 11:00,9133.65,29.94,TRADE
NSW1,2009/11/14 11:30,9174.25,29.68,TRADE
NSW1,2009/11/14 12:00,9105.78,29.88,TRADE
NSW1,2009/11/14 12:30,9075.59,31.56,TRADE
NSW1,2009/11/14 13:00,9122.33,31.32,TRADE
NSW1,2009/11/14 13:30,9113.6,30.12,TRADE
NSW1,2009/11/14 14:00,9199.18,30.59,TRADE
NSW1,2009/11/14 14:30,9260.18,29.33,TRADE
NSW1,2009/11/14 15:00,9379.37,27.53,TRADE
NSW1,2009/11/14 15:30,9478.81,30.59,TRADE
NSW1,2009/11/14 16:00,9529.32,30.61,TRADE
NSW1,2009/11/14 16:30,9372.1,27.13,TRADE
NSW1,2009/11/14 17:00,9351.76,27.85,TRADE
NSW1,2009/11/14 17:30,9248.49,26.29,TRADE
NSW1,2009/11/14 18:00,9000.8,22.31,TRADE
NSW1,2009/11/14 18:30,8840.85,22,TRADE
NSW1,2009/11/14 19:00,8855.53,22,TRADE
NSW1,2009/11/14 19:30,8953.6,24.04,TRADE
NSW1,2009/11/14 20:00,8855.25,23.21,TRADE
NSW1,2009/11/14 20:30,8559.44,22.15,TRADE
NSW1,2009/11/14 21:00,8359.6,22.73,TRADE
NSW1,2009/11/14 21:30,8318.29,24.72,TRADE
NSW1,2009/11/14 22:00,8220.15,25.5,TRADE
NSW1,2009/11/14 22:30,8110.3,27.78,TRADE
NSW1,2009/11/14 23:00,7924,25.4,TRADE
NSW1,2009/11/14 23:30,7700.95,24.23,TRADE
NSW1,2009/11/15 0:00,7430.51,22.06,TRADE
NSW1,2009/11/15 0:30,7296.58,21.63,TRADE
NSW1,2009/11/15 1:00,7020.88,21.75,TRADE
NSW1,2009/11/15 1:30,6809.24,20.7,TRADE
NSW1,2009/11/15 2:00,6564.07,17.08,TRADE
NSW1,2009/11/15 2:30,6392.67,13.87,TRADE
NSW1,2009/11/15 3:00,6332.35,12.51,TRADE
NSW1,2009/11/15 3:30,6261.26,14.48,TRADE
NSW1,2009/11/15 4:00,6292.22,13.37,TRADE
NSW1,2009/11/15 4:30,6329.64,12.53,TRADE
NSW1,2009/11/15 5:00,6282.5,11.53,TRADE
NSW1,2009/11/15 5:30,6376.18,11.82,TRADE
NSW1,2009/11/15 6:00,6543.94,11.96,TRADE
NSW1,2009/11/15 6:30,6851.06,14.69,TRADE
NSW1,2009/11/15 7:00,7178.95,17.56,TRADE
NSW1,2009/11/15 7:30,7330.47,18.22,TRADE
NSW1,2009/11/15 8:00,7649.77,19.78,TRADE
NSW1,2009/11/15 8:30,8037.2,20.32,TRADE
NSW1,2009/11/15 9:00,8474.41,21.57,TRADE
NSW1,2009/11/15 9:30,8808.96,22.6,TRADE
NSW1,2009/11/15 10:00,8901.88,25.34,TRADE
NSW1,2009/11/15 10:30,9040.68,26.6,TRADE
NSW1,2009/11/15 11:00,9122.33,26.86,TRADE
NSW1,2009/11/15 11:30,9150.87,27.48,TRADE
NSW1,2009/11/15 12:00,9190.41,26.52,TRADE
NSW1,2009/11/15 12:30,9217.67,28.71,TRADE
NSW1,2009/11/15 13:00,9238.73,28.23,TRADE
NSW1,2009/11/15 13:30,9246.52,27.84,TRADE
NSW1,2009/11/15 14:00,9187.69,27.69,TRADE
NSW1,2009/11/15 14:30,9218.91,27.97,TRADE
NSW1,2009/11/15 15:00,9166.58,27.85,TRADE
NSW1,2009/11/15 15:30,9091.39,28.56,TRADE
NSW1,2009/11/15 16:00,9057.87,30.73,TRADE
NSW1,2009/11/15 16:30,8855.78,25.83,TRADE
NSW1,2009/11/15 17:00,8928.69,31.79,TRADE
NSW1,2009/11/15 17:30,8962.15,28.68,TRADE
NSW1,2009/11/15 18:00,8954.47,30.51,TRADE
NSW1,2009/11/15 18:30,9002.53,30.19,TRADE
NSW1,2009/11/15 19:00,8984.36,30.42,TRADE
NSW1,2009/11/15 19:30,9003.92,30.44,TRADE
NSW1,2009/11/15 20:00,8947.72,31.77,TRADE
NSW1,2009/11/15 20:30,8691.23,29.91,TRADE
NSW1,2009/11/15 21:00,8384.22,27.85,TRADE
NSW1,2009/11/15 21:30,8255.14,29.02,TRADE
NSW1,2009/11/15 22:00,8104.08,24.25,TRADE
NSW1,2009/11/15 22:30,7956.72,23.26,TRADE
NSW1,2009/11/15 23:00,7734.24,21.21,TRADE
NSW1,2009/11/15 23:30,7582.93,22.19,TRADE
NSW1,2009/11/16 0:00,7433.76,21.83,TRADE
NSW1,2009/11/16 0:30,7244.57,21.6,TRADE
NSW1,2009/11/16 1:00,7091.25,21.32,TRADE
NSW1,2009/11/16 1:30,6833.22,18.54,TRADE
NSW1,2009/11/16 2:00,6667.87,17.99,TRADE
NSW1,2009/11/16 2:30,6590.34,18.18,TRADE
NSW1,2009/11/16 3:00,6495.91,19.68,TRADE
NSW1,2009/11/16 3:30,6509.29,18.93,TRADE
NSW1,2009/11/16 4:00,6614.19,16.19,TRADE
NSW1,2009/11/16 4:30,6842.22,20.2,TRADE
NSW1,2009/11/16 5:00,7132.91,21.99,TRADE
NSW1,2009/11/16 5:30,7745.75,22.39,TRADE
NSW1,2009/11/16 6:00,8394.57,22.23,TRADE
NSW1,2009/11/16 6:30,8893.67,22.05,TRADE
NSW1,2009/11/16 7:00,9348.46,24.37,TRADE
NSW1,2009/11/16 7:30,9645.86,25.52,TRADE
NSW1,2009/11/16 8:00,9670.54,26.21,TRADE
NSW1,2009/11/16 8:30,10156.31,28.23,TRADE
NSW1,2009/11/16 9:00,10461,29.99,TRADE
NSW1,2009/11/16 9:30,10608.33,29.97,TRADE
NSW1,2009/11/16 10:00,10775.31,30.82,TRADE
NSW1,2009/11/16 10:30,10927.33,38.87,TRADE
NSW1,2009/11/16 11:00,11094.53,44.03,TRADE
NSW1,2009/11/16 11:30,11176.74,58,TRADE
NSW1,2009/11/16 12:00,11219.03,59.97,TRADE
NSW1,2009/11/16 12:30,11391.67,82.71,TRADE
NSW1,2009/11/16 13:00,11592.84,109.9,TRADE
NSW1,2009/11/16 13:30,11806.55,256.84,TRADE
NSW1,2009/11/16 14:00,11960.55,261.93,TRADE
NSW1,2009/11/16 14:30,12066.3,276.86,TRADE
NSW1,2009/11/16 15:00,12224.17,296.33,TRADE
NSW1,2009/11/16 15:30,12441.75,258.1,TRADE
NSW1,2009/11/16 16:00,12421.38,251.09,TRADE
NSW1,2009/11/16 16:30,12237.55,134.69,TRADE
NSW1,2009/11/16 17:00,12045.81,101.12,TRADE
NSW1,2009/11/16 17:30,11674.76,73.21,TRADE
NSW1,2009/11/16 18:00,11354.4,57.59,TRADE
NSW1,2009/11/16 18:30,11115.78,36.98,TRADE
NSW1,2009/11/16 19:00,10906.15,34.68,TRADE
NSW1,2009/11/16 19:30,10843.46,34.5,TRADE
NSW1,2009/11/16 20:00,10614.74,31.07,TRADE
NSW1,2009/11/16 20:30,10155.32,26.09,TRADE
NSW1,2009/11/16 21:00,9651.29,24.39,TRADE
NSW1,2009/11/16 21:30,9548.63,23.31,TRADE
NSW1,2009/11/16 22:00,9168.16,21.58,TRADE
NSW1,2009/11/16 22:30,8990.41,22,TRADE
NSW1,2009/11/16 23:00,8684.18,22.07,TRADE
NSW1,2009/11/16 23:30,8379.91,22.17,TRADE
NSW1,2009/11/17 0:00,8149.75,23.18,TRADE
NSW1,2009/11/17 0:30,7832.62,21.55,TRADE
NSW1,2009/11/17 1:00,7576.95,21.22,TRADE
NSW1,2009/11/17 1:30,7294.3,20.83,TRADE
NSW1,2009/11/17 2:00,7004.36,18.9,TRADE
NSW1,2009/11/17 2:30,6755.62,17.77,TRADE
NSW1,2009/11/17 3:00,6693.25,18.24,TRADE
NSW1,2009/11/17 3:30,6707.87,18.02,TRADE
NSW1,2009/11/17 4:00,6756.07,18.67,TRADE
NSW1,2009/11/17 4:30,6958.97,20.28,TRADE
NSW1,2009/11/17 5:00,7191.31,21.11,TRADE
NSW1,2009/11/17 5:30,7768.56,22,TRADE
NSW1,2009/11/17 6:00,8324.45,22.02,TRADE
NSW1,2009/11/17 6:30,8798.91,21.93,TRADE
NSW1,2009/11/17 7:00,9272.54,22.71,TRADE
NSW1,2009/11/17 7:30,9530.44,23.59,TRADE
NSW1,2009/11/17 8:00,9712.17,23.94,TRADE
NSW1,2009/11/17 8:30,9931.67,24.13,TRADE
NSW1,2009/11/17 9:00,10075.25,24.35,TRADE
NSW1,2009/11/17 9:30,10169.33,24.57,TRADE
NSW1,2009/11/17 10:00,10280.22,29.3,TRADE
NSW1,2009/11/17 10:30,10212.73,26.67,TRADE
NSW1,2009/11/17 11:00,10274.26,29.33,TRADE
NSW1,2009/11/17 11:30,10251.57,29.07,TRADE
NSW1,2009/11/17 12:00,10184.68,29.83,TRADE
NSW1,2009/11/17 12:30,10153.61,32.56,TRADE
NSW1,2009/11/17 13:00,10059.84,32.95,TRADE
NSW1,2009/11/17 13:30,10104.91,34.11,TRADE
NSW1,2009/11/17 14:00,9993.72,36.3,TRADE
NSW1,2009/11/17 14:30,9996.86,36.92,TRADE
NSW1,2009/11/17 15:00,10008.14,35.6,TRADE
NSW1,2009/11/17 15:30,9973.6,33.09,TRADE
NSW1,2009/11/17 16:00,9976.14,33.58,TRADE
NSW1,2009/11/17 16:30,9864.32,32.58,TRADE
NSW1,2009/11/17 17:00,9739.99,31.66,TRADE
NSW1,2009/11/17 17:30,9505,25.1,TRADE
NSW1,2009/11/17 18:00,9355.27,24.73,TRADE
NSW1,2009/11/17 18:30,9205.63,24.47,TRADE
NSW1,2009/11/17 19:00,9170.08,24.32,TRADE
NSW1,2009/11/17 19:30,9228.2,24.47,TRADE
NSW1,2009/11/17 20:00,9034.5,24.17,TRADE
NSW1,2009/11/17 20:30,8758.98,22.71,TRADE
NSW1,2009/11/17 21:00,8453.28,21.75,TRADE
NSW1,2009/11/17 21:30,8408.65,21.34,TRADE
NSW1,2009/11/17 22:00,8216.81,21.48,TRADE
NSW1,2009/11/17 22:30,8138.5,22.24,TRADE
NSW1,2009/11/17 23:00,7984.98,21.89,TRADE
NSW1,2009/11/17 23:30,7850.22,21.81,TRADE
NSW1,2009/11/18 0:00,7670.49,21.11,TRADE
NSW1,2009/11/18 0:30,7451.91,20.58,TRADE
NSW1,2009/11/18 1:00,7238.54,20.07,TRADE
NSW1,2009/11/18 1:30,6936.08,18.59,TRADE
NSW1,2009/11/18 2:00,6652.66,17.16,TRADE
NSW1,2009/11/18 2:30,6452.37,17.07,TRADE
NSW1,2009/11/18 3:00,6353.8,14.91,TRADE
NSW1,2009/11/18 3:30,6359.64,18.3,TRADE
NSW1,2009/11/18 4:00,6417.87,17,TRADE
NSW1,2009/11/18 4:30,6600.27,15.62,TRADE
NSW1,2009/11/18 5:00,6876.7,19.46,TRADE
NSW1,2009/11/18 5:30,7448.22,21.71,TRADE
NSW1,2009/11/18 6:00,8099.06,22.12,TRADE
NSW1,2009/11/18 6:30,8510.12,21.95,TRADE
NSW1,2009/11/18 7:00,8961.36,23.3,TRADE
NSW1,2009/11/18 7:30,9178.99,23.63,TRADE
NSW1,2009/11/18 8:00,9370.69,24.11,TRADE
NSW1,2009/11/18 8:30,9686.33,27.82,TRADE
NSW1,2009/11/18 9:00,9841.64,29.4,TRADE
NSW1,2009/11/18 9:30,9969.9,29.51,TRADE
NSW1,2009/11/18 10:00,10022.82,26.98,TRADE
NSW1,2009/11/18 10:30,10105.02,29.77,TRADE
NSW1,2009/11/18 11:00,10174.42,30.26,TRADE
NSW1,2009/11/18 11:30,10248.26,34.97,TRADE
NSW1,2009/11/18 12:00,10267.58,36.69,TRADE
NSW1,2009/11/18 12:30,10354.21,36.9,TRADE
NSW1,2009/11/18 13:00,10455.25,42.71,TRADE
NSW1,2009/11/18 13:30,10558.15,44.79,TRADE
NSW1,2009/11/18 14:00,10573.96,48.61,TRADE
NSW1,2009/11/18 14:30,10601.14,46.32,TRADE
NSW1,2009/11/18 15:00,10685.27,43.73,TRADE
NSW1,2009/11/18 15:30,10676.99,42.34,TRADE
NSW1,2009/11/18 16:00,10652.07,42.14,TRADE
NSW1,2009/11/18 16:30,10397.51,32.15,TRADE
NSW1,2009/11/18 17:00,10211.36,32.11,TRADE
NSW1,2009/11/18 17:30,9925.49,24.98,TRADE
NSW1,2009/11/18 18:00,9796.74,25.33,TRADE
NSW1,2009/11/18 18:30,9649.46,24.22,TRADE
NSW1,2009/11/18 19:00,9603.77,23.97,TRADE
NSW1,2009/11/18 19:30,9679.52,25.62,TRADE
NSW1,2009/11/18 20:00,9527.41,25.48,TRADE
NSW1,2009/11/18 20:30,9235.7,23.77,TRADE
NSW1,2009/11/18 21:00,8891.07,22.06,TRADE
NSW1,2009/11/18 21:30,8859.47,22.11,TRADE
NSW1,2009/11/18 22:00,8537.24,21.31,TRADE
NSW1,2009/11/18 22:30,8442.92,22.42,TRADE
NSW1,2009/11/18 23:00,8271.95,21.87,TRADE
NSW1,2009/11/18 23:30,8068.14,22.07,TRADE
NSW1,2009/11/19 0:00,7922.28,22.13,TRADE
NSW1,2009/11/19 0:30,7725.46,16.99,TRADE
NSW1,2009/11/19 1:00,7485.06,21,TRADE
NSW1,2009/11/19 1:30,7139.88,17.87,TRADE
NSW1,2009/11/19 2:00,6882.17,17.18,TRADE
NSW1,2009/11/19 2:30,6694.1,17.38,TRADE
NSW1,2009/11/19 3:00,6611.99,15.8,TRADE
NSW1,2009/11/19 3:30,6624.3,17.49,TRADE
NSW1,2009/11/19 4:00,6691.85,18,TRADE
NSW1,2009/11/19 4:30,6899.59,24.57,TRADE
NSW1,2009/11/19 5:00,7158.51,22.16,TRADE
NSW1,2009/11/19 5:30,7810.86,22.4,TRADE
NSW1,2009/11/19 6:00,8471.4,22.52,TRADE
NSW1,2009/11/19 6:30,8922.97,24.65,TRADE
NSW1,2009/11/19 7:00,9331.68,26.9,TRADE
NSW1,2009/11/19 7:30,9673.01,28.15,TRADE
NSW1,2009/11/19 8:00,9933.26,31.89,TRADE
NSW1,2009/11/19 8:30,10323.81,32.1,TRADE
NSW1,2009/11/19 9:00,10555.88,33.4,TRADE
NSW1,2009/11/19 9:30,10843.65,42.46,TRADE
NSW1,2009/11/19 10:00,11029.9,41.53,TRADE
NSW1,2009/11/19 10:30,11138.8,46.01,TRADE
NSW1,2009/11/19 11:00,11275.44,60.76,TRADE
NSW1,2009/11/19 11:30,11370.05,64.97,TRADE
NSW1,2009/11/19 12:00,11459.17,99.97,TRADE
NSW1,2009/11/19 12:30,11670.62,143.37,TRADE
NSW1,2009/11/19 13:00,11788.98,221.95,TRADE
NSW1,2009/11/19 13:30,11917.55,267.24,TRADE
NSW1,2009/11/19 14:00,12039.68,292.44,TRADE
NSW1,2009/11/19 14:30,12146.66,422.31,TRADE
NSW1,2009/11/19 15:00,12245.98,4500.8,TRADE
NSW1,2009/11/19 15:30,12239.84,2908.97,TRADE
NSW1,2009/11/19 16:00,12166.67,3505.58,TRADE
NSW1,2009/11/19 16:30,11993.07,2649.1,TRADE
NSW1,2009/11/19 17:00,11899.03,834.82,TRADE
NSW1,2009/11/19 17:30,11650.31,293.14,TRADE
NSW1,2009/11/19 18:00,11421.84,87.59,TRADE
NSW1,2009/11/19 18:30,11208.57,37.34,TRADE
NSW1,2009/11/19 19:00,11129.42,56.18,TRADE
NSW1,2009/11/19 19:30,11185.55,84.64,TRADE
NSW1,2009/11/19 20:00,10994.43,89.96,TRADE
NSW1,2009/11/19 20:30,10509.16,69.36,TRADE
NSW1,2009/11/19 21:00,10034.79,32.29,TRADE
NSW1,2009/11/19 21:30,9869.91,41.57,TRADE
NSW1,2009/11/19 22:00,9464.22,29.17,TRADE
NSW1,2009/11/19 22:30,9210.62,29.13,TRADE
NSW1,2009/11/19 23:00,8914.68,25.23,TRADE
NSW1,2009/11/19 23:30,8577.17,22.87,TRADE
NSW1,2009/11/20 0:00,8395.01,24.98,TRADE
NSW1,2009/11/20 0:30,8062.9,23.97,TRADE
NSW1,2009/11/20 1:00,7813.01,21.05,TRADE
NSW1,2009/11/20 1:30,7487.59,20.83,TRADE
NSW1,2009/11/20 2:00,7193.69,19.31,TRADE
NSW1,2009/11/20 2:30,6986.63,17.87,TRADE
NSW1,2009/11/20 3:00,6884.61,17.58,TRADE
NSW1,2009/11/20 3:30,6871.34,20.46,TRADE
NSW1,2009/11/20 4:00,6955.23,20.85,TRADE
NSW1,2009/11/20 4:30,7219.23,21.04,TRADE
NSW1,2009/11/20 5:00,7419.44,22,TRADE
NSW1,2009/11/20 5:30,8032.37,23.03,TRADE
NSW1,2009/11/20 6:00,8771.94,23.51,TRADE
NSW1,2009/11/20 6:30,9174.72,23.82,TRADE
NSW1,2009/11/20 7:00,9571.24,28.86,TRADE
NSW1,2009/11/20 7:30,10170.41,40.3,TRADE
NSW1,2009/11/20 8:00,10757.38,60.97,TRADE
NSW1,2009/11/20 8:30,11301.63,67.32,TRADE
NSW1,2009/11/20 9:00,11686.41,68.72,TRADE
NSW1,2009/11/20 9:30,11983.27,81.11,TRADE
NSW1,2009/11/20 10:00,12238.72,6696.65,TRADE
NSW1,2009/11/20 10:30,12273.49,1695.73,TRADE
NSW1,2009/11/20 11:00,12618.75,8664.47,TRADE
NSW1,2009/11/20 11:30,12836.46,6728.98,TRADE
NSW1,2009/11/20 12:00,12947.52,908.49,TRADE
NSW1,2009/11/20 12:30,13167.68,7051.49,TRADE
NSW1,2009/11/20 13:00,13266.99,9283.95,TRADE
NSW1,2009/11/20 13:30,13234.19,6204.34,TRADE
NSW1,2009/11/20 14:00,12929.03,52.61,TRADE
NSW1,2009/11/20 14:30,12721.82,97.25,TRADE
NSW1,2009/11/20 15:00,12956.46,242.51,TRADE
NSW1,2009/11/20 15:30,13169.71,5152.13,TRADE
NSW1,2009/11/20 16:00,13002.09,190.3,TRADE
NSW1,2009/11/20 16:30,12698.9,221.69,TRADE
NSW1,2009/11/20 17:00,12476.35,117.63,TRADE
NSW1,2009/11/20 17:30,11927.65,44.09,TRADE
NSW1,2009/11/20 18:00,11633.84,64.45,TRADE
NSW1,2009/11/20 18:30,11289.48,53.84,TRADE
NSW1,2009/11/20 19:00,11230.89,54.05,TRADE
NSW1,2009/11/20 19:30,11080.85,42.81,TRADE
NSW1,2009/11/20 20:00,10973.51,51.12,TRADE
NSW1,2009/11/20 20:30,10645.95,40.89,TRADE
NSW1,2009/11/20 21:00,10420.48,33.62,TRADE
NSW1,2009/11/20 21:30,10352.35,39.18,TRADE
NSW1,2009/11/20 22:00,10060.82,33.48,TRADE
NSW1,2009/11/20 22:30,9869.2,33.48,TRADE
NSW1,2009/11/20 23:00,9389.19,29.12,TRADE
NSW1,2009/11/20 23:30,9026.11,29.79,TRADE
NSW1,2009/11/21 0:00,8650.36,26.79,TRADE
NSW1,2009/11/21 0:30,8351.8,25.67,TRADE
NSW1,2009/11/21 1:00,8097.03,22.52,TRADE
NSW1,2009/11/21 1:30,7815.12,24.32,TRADE
NSW1,2009/11/21 2:00,7504.32,21.26,TRADE
NSW1,2009/11/21 2:30,7238.16,21.97,TRADE
NSW1,2009/11/21 3:00,7110.59,22,TRADE
NSW1,2009/11/21 3:30,7030.84,22,TRADE
NSW1,2009/11/21 4:00,7017.58,22,TRADE
NSW1,2009/11/21 4:30,7056.57,22,TRADE
NSW1,2009/11/21 5:00,7137.54,22,TRADE
NSW1,2009/11/21 5:30,7309.55,22.77,TRADE
NSW1,2009/11/21 6:00,7563.17,21.8,TRADE
NSW1,2009/11/21 6:30,7952.19,22.29,TRADE
NSW1,2009/11/21 7:00,8441.46,26.81,TRADE
NSW1,2009/11/21 7:30,8838.32,27.74,TRADE
NSW1,2009/11/21 8:00,9258.71,32.11,TRADE
NSW1,2009/11/21 8:30,9707.15,34.86,TRADE
NSW1,2009/11/21 9:00,9932.06,35.34,TRADE
NSW1,2009/11/21 9:30,10201.74,37.54,TRADE
NSW1,2009/11/21 10:00,10327.73,39.06,TRADE
NSW1,2009/11/21 10:30,10472.31,40.83,TRADE
NSW1,2009/11/21 11:00,10647.83,40.1,TRADE
NSW1,2009/11/21 11:30,10743.13,46.27,TRADE
NSW1,2009/11/21 12:00,10840.95,70.83,TRADE
NSW1,2009/11/21 12:30,10892.1,75.78,TRADE
NSW1,2009/11/21 13:00,10990.61,89.02,TRADE
NSW1,2009/11/21 13:30,11110.12,89.3,TRADE
NSW1,2009/11/21 14:00,11107.96,89.3,TRADE
NSW1,2009/11/21 14:30,11118.03,99.74,TRADE
NSW1,2009/11/21 15:00,11107.58,95.78,TRADE
NSW1,2009/11/21 15:30,11034.72,82.21,TRADE
NSW1,2009/11/21 16:00,10900.18,75.32,TRADE
NSW1,2009/11/21 16:30,10571.83,53.84,TRADE
NSW1,2009/11/21 17:00,10424.98,51.29,TRADE
NSW1,2009/11/21 17:30,10185.43,33.15,TRADE
NSW1,2009/11/21 18:00,10025.85,37.09,TRADE
NSW1,2009/11/21 18:30,9822.79,32.21,TRADE
NSW1,2009/11/21 19:00,9787.79,33,TRADE
NSW1,2009/11/21 19:30,9831.66,32.27,TRADE
NSW1,2009/11/21 20:00,9652.88,31.55,TRADE
NSW1,2009/11/21 20:30,9385.37,29.66,TRADE
NSW1,2009/11/21 21:00,9116.59,26.11,TRADE
NSW1,2009/11/21 21:30,9016.85,27.53,TRADE
NSW1,2009/11/21 22:00,8834.21,23.17,TRADE
NSW1,2009/11/21 22:30,8667.09,22.86,TRADE
NSW1,2009/11/21 23:00,8320.25,22.05,TRADE
NSW1,2009/11/21 23:30,8115.21,22.09,TRADE
NSW1,2009/11/22 0:00,7818.4,21.79,TRADE
NSW1,2009/11/22 0:30,7637.68,21.59,TRADE
NSW1,2009/11/22 1:00,7400.78,21.45,TRADE
NSW1,2009/11/22 1:30,7163.91,22.22,TRADE
NSW1,2009/11/22 2:00,6892.96,20.95,TRADE
NSW1,2009/11/22 2:30,6748.92,21,TRADE
NSW1,2009/11/22 3:00,6692.92,20.71,TRADE
NSW1,2009/11/22 3:30,6616.05,19.95,TRADE
NSW1,2009/11/22 4:00,6606.56,20.17,TRADE
NSW1,2009/11/22 4:30,6632.92,20.53,TRADE
NSW1,2009/11/22 5:00,6586.54,20.34,TRADE
NSW1,2009/11/22 5:30,6705.13,19.26,TRADE
NSW1,2009/11/22 6:00,6889.43,20.6,TRADE
NSW1,2009/11/22 6:30,7164.56,18.55,TRADE
NSW1,2009/11/22 7:00,7593.67,20.42,TRADE
NSW1,2009/11/22 7:30,8007.34,21.33,TRADE
NSW1,2009/11/22 8:00,8483.32,22.42,TRADE
NSW1,2009/11/22 8:30,8880.96,22,TRADE
NSW1,2009/11/22 9:00,9312.51,22.83,TRADE
NSW1,2009/11/22 9:30,9700.51,24.36,TRADE
NSW1,2009/11/22 10:00,9971.36,25.06,TRADE
NSW1,2009/11/22 10:30,10244.67,30.58,TRADE
NSW1,2009/11/22 11:00,10470.45,32.23,TRADE
NSW1,2009/11/22 11:30,10719.18,43.93,TRADE
NSW1,2009/11/22 12:00,10965.3,72.88,TRADE
NSW1,2009/11/22 12:30,11170.1,114.47,TRADE
NSW1,2009/11/22 13:00,11292.75,139.97,TRADE
NSW1,2009/11/22 13:30,11350.11,220.32,TRADE
NSW1,2009/11/22 14:00,11409.66,157.55,TRADE
NSW1,2009/11/22 14:30,11588.24,278.64,TRADE
NSW1,2009/11/22 15:00,11660,294.87,TRADE
NSW1,2009/11/22 15:30,11765.55,294.95,TRADE
NSW1,2009/11/22 16:00,11793.64,295.64,TRADE
NSW1,2009/11/22 16:30,11746.66,298.15,TRADE
NSW1,2009/11/22 17:00,11800.4,294.95,TRADE
NSW1,2009/11/22 17:30,11816.96,169.52,TRADE
NSW1,2009/11/22 18:00,11785.89,166.33,TRADE
NSW1,2009/11/22 18:30,11735.53,92.95,TRADE
NSW1,2009/11/22 19:00,11645.65,89.86,TRADE
NSW1,2009/11/22 19:30,11578.9,49.76,TRADE
NSW1,2009/11/22 20:00,11475.04,75.55,TRADE
NSW1,2009/11/22 20:30,11120.91,41.66,TRADE
NSW1,2009/11/22 21:00,10673.88,33.74,TRADE
NSW1,2009/11/22 21:30,10268.26,39.28,TRADE
NSW1,2009/11/22 22:00,9785.73,24.76,TRADE
NSW1,2009/11/22 22:30,9354.69,24.09,TRADE
NSW1,2009/11/22 23:00,8858.2,23.46,TRADE
NSW1,2009/11/22 23:30,8579.09,21.89,TRADE
NSW1,2009/11/23 0:00,8297.26,21.99,TRADE
NSW1,2009/11/23 0:30,7971.56,21.82,TRADE
NSW1,2009/11/23 1:00,7740.74,21.46,TRADE
NSW1,2009/11/23 1:30,7394.58,21.18,TRADE
NSW1,2009/11/23 2:00,7094.92,20.89,TRADE
NSW1,2009/11/23 2:30,6955.03,21.12,TRADE
NSW1,2009/11/23 3:00,6861.07,20.6,TRADE
NSW1,2009/11/23 3:30,6847.3,20.77,TRADE
NSW1,2009/11/23 4:00,6891.52,20.32,TRADE
NSW1,2009/11/23 4:30,7181.99,21.45,TRADE
NSW1,2009/11/23 5:00,7341.3,22,TRADE
NSW1,2009/11/23 5:30,7922.88,22.41,TRADE
NSW1,2009/11/23 6:00,8548.27,22.4,TRADE
NSW1,2009/11/23 6:30,8996.24,24.44,TRADE
NSW1,2009/11/23 7:00,9354.62,28.1,TRADE
NSW1,2009/11/23 7:30,9660,28.28,TRADE
NSW1,2009/11/23 8:00,9808.16,31.12,TRADE
NSW1,2009/11/23 8:30,10087.77,31.2,TRADE
NSW1,2009/11/23 9:00,10188.3,33.92,TRADE
NSW1,2009/11/23 9:30,10209.74,32,TRADE
NSW1,2009/11/23 10:00,10275.82,33.89,TRADE
NSW1,2009/11/23 10:30,10223.2,36.64,TRADE
NSW1,2009/11/23 11:00,10228.22,39.8,TRADE
NSW1,2009/11/23 11:30,10107.23,45.04,TRADE
NSW1,2009/11/23 12:00,10016.55,45.24,TRADE
NSW1,2009/11/23 12:30,10039.14,46.01,TRADE
NSW1,2009/11/23 13:00,10064.54,46.9,TRADE
NSW1,2009/11/23 13:30,10036.32,47.03,TRADE
NSW1,2009/11/23 14:00,9894.7,42.64,TRADE
NSW1,2009/11/23 14:30,9785.52,42.97,TRADE
NSW1,2009/11/23 15:00,9755.57,44.23,TRADE
NSW1,2009/11/23 15:30,9764.41,41.55,TRADE
NSW1,2009/11/23 16:00,9747.64,41,TRADE
NSW1,2009/11/23 16:30,9691.87,37.93,TRADE
NSW1,2009/11/23 17:00,9661.36,33.39,TRADE
NSW1,2009/11/23 17:30,9447.03,28.4,TRADE
NSW1,2009/11/23 18:00,9357.53,25.77,TRADE
NSW1,2009/11/23 18:30,9118.59,23.97,TRADE
NSW1,2009/11/23 19:00,9011.98,23.97,TRADE
NSW1,2009/11/23 19:30,8980.31,24.35,TRADE
NSW1,2009/11/23 20:00,8805.67,25.02,TRADE
NSW1,2009/11/23 20:30,8469.86,23.38,TRADE
NSW1,2009/11/23 21:00,8190.88,21.35,TRADE
NSW1,2009/11/23 21:30,8232.82,21.76,TRADE
NSW1,2009/11/23 22:00,8118.31,21.31,TRADE
NSW1,2009/11/23 22:30,8132.64,24.65,TRADE
NSW1,2009/11/23 23:00,7962.09,22.4,TRADE
NSW1,2009/11/23 23:30,7853.69,22.51,TRADE
NSW1,2009/11/24 0:00,7626.09,21.69,TRADE
NSW1,2009/11/24 0:30,7400.9,21.7,TRADE
NSW1,2009/11/24 1:00,7244.44,21.15,TRADE
NSW1,2009/11/24 1:30,6961.28,20.91,TRADE
NSW1,2009/11/24 2:00,6625.51,20.64,TRADE
NSW1,2009/11/24 2:30,6488.89,20.21,TRADE
NSW1,2009/11/24 3:00,6415.91,19.82,TRADE
NSW1,2009/11/24 3:30,6372.67,19.11,TRADE
NSW1,2009/11/24 4:00,6388.99,19.41,TRADE
NSW1,2009/11/24 4:30,6670.75,20.93,TRADE
NSW1,2009/11/24 5:00,6997.03,21.99,TRADE
NSW1,2009/11/24 5:30,7600.5,22.03,TRADE
NSW1,2009/11/24 6:00,8205.68,22.98,TRADE
NSW1,2009/11/24 6:30,8639.86,23.7,TRADE
NSW1,2009/11/24 7:00,9063.31,26.4,TRADE
NSW1,2009/11/24 7:30,9308.29,27.45,TRADE
NSW1,2009/11/24 8:00,9394.56,28.51,TRADE
NSW1,2009/11/24 8:30,9576.93,28.53,TRADE
NSW1,2009/11/24 9:00,9715.53,29.28,TRADE
NSW1,2009/11/24 9:30,9883.56,30.03,TRADE
NSW1,2009/11/24 10:00,9860.06,30.61,TRADE
NSW1,2009/11/24 10:30,9796.42,30.26,TRADE
NSW1,2009/11/24 11:00,9835.84,34.56,TRADE
NSW1,2009/11/24 11:30,9827.07,36.69,TRADE
NSW1,2009/11/24 12:00,9846.06,34.03,TRADE
NSW1,2009/11/24 12:30,9770.23,36.56,TRADE
NSW1,2009/11/24 13:00,9813.38,38.45,TRADE
NSW1,2009/11/24 13:30,9851.47,36.77,TRADE
NSW1,2009/11/24 14:00,9769.43,35.53,TRADE
NSW1,2009/11/24 14:30,9757.08,35.27,TRADE
NSW1,2009/11/24 15:00,9762.23,34.48,TRADE
NSW1,2009/11/24 15:30,9756.97,32.09,TRADE
NSW1,2009/11/24 16:00,9768.52,29.67,TRADE
NSW1,2009/11/24 16:30,9685.83,29.23,TRADE
NSW1,2009/11/24 17:00,9619.33,28.94,TRADE
NSW1,2009/11/24 17:30,9440.08,25,TRADE
NSW1,2009/11/24 18:00,9337.72,25.36,TRADE
NSW1,2009/11/24 18:30,9165.56,23.97,TRADE
NSW1,2009/11/24 19:00,9204.63,23.97,TRADE
NSW1,2009/11/24 19:30,9280.96,25.09,TRADE
NSW1,2009/11/24 20:00,9148.83,25.29,TRADE
NSW1,2009/11/24 20:30,8856.06,23.31,TRADE
NSW1,2009/11/24 21:00,8569.79,22.16,TRADE
NSW1,2009/11/24 21:30,8619.75,21.69,TRADE
NSW1,2009/11/24 22:00,8394.99,20.97,TRADE
NSW1,2009/11/24 22:30,8301.2,21.96,TRADE
NSW1,2009/11/24 23:00,8165.26,22.63,TRADE
NSW1,2009/11/24 23:30,7989.75,22.31,TRADE
NSW1,2009/11/25 0:00,7876.75,21.86,TRADE
NSW1,2009/11/25 0:30,7691.68,23.91,TRADE
NSW1,2009/11/25 1:00,7460.11,22,TRADE
NSW1,2009/11/25 1:30,7190.64,21.58,TRADE
NSW1,2009/11/25 2:00,6903.39,20.87,TRADE
NSW1,2009/11/25 2:30,6682.43,21.08,TRADE
NSW1,2009/11/25 3:00,6574.77,20.76,TRADE
NSW1,2009/11/25 3:30,6554.68,21.02,TRADE
NSW1,2009/11/25 4:00,6597.6,20.84,TRADE
NSW1,2009/11/25 4:30,6862.26,21.78,TRADE
NSW1,2009/11/25 5:00,7124.22,22,TRADE
NSW1,2009/11/25 5:30,7727.66,22.25,TRADE
NSW1,2009/11/25 6:00,8396.62,22.75,TRADE
NSW1,2009/11/25 6:30,8808.13,22.87,TRADE
NSW1,2009/11/25 7:00,9228.3,28.31,TRADE
NSW1,2009/11/25 7:30,9475.62,29.53,TRADE
NSW1,2009/11/25 8:00,9660.82,35.66,TRADE
NSW1,2009/11/25 8:30,10019.25,35.05,TRADE
NSW1,2009/11/25 9:00,10223.76,38.02,TRADE
NSW1,2009/11/25 9:30,10373.48,40.28,TRADE
NSW1,2009/11/25 10:00,10472.01,47.44,TRADE
NSW1,2009/11/25 10:30,10579.05,50.87,TRADE
NSW1,2009/11/25 11:00,10670.92,44.88,TRADE
NSW1,2009/11/25 11:30,10755.17,39.88,TRADE
NSW1,2009/11/25 12:00,10795.18,44.1,TRADE
NSW1,2009/11/25 12:30,10920.47,51.1,TRADE
NSW1,2009/11/25 13:00,10980.03,77.19,TRADE
NSW1,2009/11/25 13:30,10997.68,79.46,TRADE
NSW1,2009/11/25 14:00,11059.9,79.73,TRADE
NSW1,2009/11/25 14:30,11237.55,85.42,TRADE
NSW1,2009/11/25 15:00,11349.82,71.93,TRADE
NSW1,2009/11/25 15:30,11419.37,79.03,TRADE
NSW1,2009/11/25 16:00,11408.97,70.93,TRADE
NSW1,2009/11/25 16:30,11193.72,54.29,TRADE
NSW1,2009/11/25 17:00,11011.74,43.83,TRADE
NSW1,2009/11/25 17:30,10624.66,36.59,TRADE
NSW1,2009/11/25 18:00,10374.87,35.09,TRADE
NSW1,2009/11/25 18:30,10037.46,28.92,TRADE
NSW1,2009/11/25 19:00,9845.15,29.21,TRADE
NSW1,2009/11/25 19:30,9895.47,31.06,TRADE
NSW1,2009/11/25 20:00,9779.43,30.54,TRADE
NSW1,2009/11/25 20:30,9474.48,26.86,TRADE
NSW1,2009/11/25 21:00,9058.96,23.54,TRADE
NSW1,2009/11/25 21:30,9034.56,24.25,TRADE
NSW1,2009/11/25 22:00,8795.09,21.56,TRADE
NSW1,2009/11/25 22:30,8657.57,24.91,TRADE
NSW1,2009/11/25 23:00,8436.02,21.37,TRADE
NSW1,2009/11/25 23:30,8159.58,22.3,TRADE
NSW1,2009/11/26 0:00,7966.95,22,TRADE
NSW1,2009/11/26 0:30,7796.96,24.44,TRADE
NSW1,2009/11/26 1:00,7606.08,22.64,TRADE
NSW1,2009/11/26 1:30,7289.35,21.53,TRADE
NSW1,2009/11/26 2:00,7005.83,20.99,TRADE
NSW1,2009/11/26 2:30,6803.07,21.18,TRADE
NSW1,2009/11/26 3:00,6734.7,22,TRADE
NSW1,2009/11/26 3:30,6709.29,22,TRADE
NSW1,2009/11/26 4:00,6763.23,22.01,TRADE
NSW1,2009/11/26 4:30,7018.88,22,TRADE
NSW1,2009/11/26 5:00,7295.06,22.01,TRADE
NSW1,2009/11/26 5:30,7907.45,23.08,TRADE
NSW1,2009/11/26 6:00,8545.41,25.55,TRADE
NSW1,2009/11/26 6:30,9028.2,26.96,TRADE
NSW1,2009/11/26 7:00,9468.09,33.59,TRADE
NSW1,2009/11/26 7:30,9762.22,36.09,TRADE
NSW1,2009/11/26 8:00,9965.6,40.32,TRADE
NSW1,2009/11/26 8:30,10232.22,37.52,TRADE
NSW1,2009/11/26 9:00,10392.28,44.45,TRADE
NSW1,2009/11/26 9:30,10579.99,50.47,TRADE
NSW1,2009/11/26 10:00,10782.13,49.66,TRADE
NSW1,2009/11/26 10:30,10883.96,52.19,TRADE
NSW1,2009/11/26 11:00,11044.08,56.06,TRADE
NSW1,2009/11/26 11:30,11111.71,53.76,TRADE
NSW1,2009/11/26 12:00,11151.25,53.65,TRADE
NSW1,2009/11/26 12:30,11257.87,64.13,TRADE
NSW1,2009/11/26 13:00,11276.91,84.43,TRADE
NSW1,2009/11/26 13:30,11557.14,114.92,TRADE
NSW1,2009/11/26 14:00,11589.1,1560.85,TRADE
NSW1,2009/11/26 14:30,11678.48,2927.81,TRADE
NSW1,2009/11/26 15:00,11778.7,29.31,TRADE
NSW1,2009/11/26 15:30,11790.76,50.13,TRADE
NSW1,2009/11/26 16:00,11703.01,115.42,TRADE
NSW1,2009/11/26 16:30,11507.72,92.67,TRADE
NSW1,2009/11/26 17:00,11265.38,56.04,TRADE
NSW1,2009/11/26 17:30,10886.75,52.21,TRADE
NSW1,2009/11/26 18:00,10644.47,48.83,TRADE
NSW1,2009/11/26 18:30,10387.18,39.44,TRADE
NSW1,2009/11/26 19:00,10259.59,37.73,TRADE
NSW1,2009/11/26 19:30,10361.09,45.06,TRADE
NSW1,2009/11/26 20:00,10224.58,37.73,TRADE
NSW1,2009/11/26 20:30,9797.26,32.44,TRADE
NSW1,2009/11/26 21:00,9390.97,30.49,TRADE
NSW1,2009/11/26 21:30,9332.99,34.61,TRADE
NSW1,2009/11/26 22:00,9091.22,26.89,TRADE
NSW1,2009/11/26 22:30,8963.85,29.11,TRADE
NSW1,2009/11/26 23:00,8711.02,24.06,TRADE
NSW1,2009/11/26 23:30,8412.3,22.24,TRADE
NSW1,2009/11/27 0:00,8220.82,22.26,TRADE
NSW1,2009/11/27 0:30,7902.87,22.26,TRADE
NSW1,2009/11/27 1:00,7583.27,21.13,TRADE
NSW1,2009/11/27 1:30,7211.01,21.45,TRADE
NSW1,2009/11/27 2:00,6896.42,20.89,TRADE
NSW1,2009/11/27 2:30,6754.18,21.34,TRADE
NSW1,2009/11/27 3:00,6713.97,20.94,TRADE
NSW1,2009/11/27 3:30,6675.39,21.08,TRADE
NSW1,2009/11/27 4:00,6716.8,21.11,TRADE
NSW1,2009/11/27 4:30,6949.77,21.77,TRADE
NSW1,2009/11/27 5:00,7170.12,22.02,TRADE
NSW1,2009/11/27 5:30,7754.44,22.22,TRADE
NSW1,2009/11/27 6:00,8449.72,25.65,TRADE
NSW1,2009/11/27 6:30,8970.33,23.81,TRADE
NSW1,2009/11/27 7:00,9533.98,30.97,TRADE
NSW1,2009/11/27 7:30,9966.93,32.22,TRADE
NSW1,2009/11/27 8:00,10172.34,40.03,TRADE
NSW1,2009/11/27 8:30,10474.18,39.97,TRADE
NSW1,2009/11/27 9:00,10649.58,40.62,TRADE
NSW1,2009/11/27 9:30,10750.67,48.28,TRADE
NSW1,2009/11/27 10:00,10873.01,43.43,TRADE
NSW1,2009/11/27 10:30,10901.49,49.33,TRADE
NSW1,2009/11/27 11:00,10968.54,53.58,TRADE
NSW1,2009/11/27 11:30,10990.88,69.37,TRADE
NSW1,2009/11/27 12:00,11160.19,120.19,TRADE
NSW1,2009/11/27 12:30,11341.29,219.19,TRADE
NSW1,2009/11/27 13:00,11451.92,281.78,TRADE
NSW1,2009/11/27 13:30,11562.58,3364.67,TRADE
NSW1,2009/11/27 14:00,11588.38,1273.53,TRADE
NSW1,2009/11/27 14:30,11611.3,1030.11,TRADE
NSW1,2009/11/27 15:00,11809.85,4099.46,TRADE
NSW1,2009/11/27 15:30,11882.69,8932.89,TRADE
NSW1,2009/11/27 16:00,11820.76,5461.6,TRADE
NSW1,2009/11/27 16:30,11804.28,128.74,TRADE
NSW1,2009/11/27 17:00,11584.99,105.34,TRADE
NSW1,2009/11/27 17:30,11055.16,75.56,TRADE
NSW1,2009/11/27 18:00,10776.18,42.24,TRADE
NSW1,2009/11/27 18:30,10468.9,36.2,TRADE
NSW1,2009/11/27 19:00,10271.5,29.71,TRADE
NSW1,2009/11/27 19:30,10248.6,27.97,TRADE
NSW1,2009/11/27 20:00,10162.45,26.79,TRADE
NSW1,2009/11/27 20:30,9891.36,25.98,TRADE
NSW1,2009/11/27 21:00,9628.88,23.62,TRADE
NSW1,2009/11/27 21:30,9521.18,22.75,TRADE
NSW1,2009/11/27 22:00,9214.87,21.14,TRADE
NSW1,2009/11/27 22:30,8991.8,22.5,TRADE
NSW1,2009/11/27 23:00,8766.17,23.23,TRADE
NSW1,2009/11/27 23:30,8473.33,22.37,TRADE
NSW1,2009/11/28 0:00,8177.5,21.88,TRADE
NSW1,2009/11/28 0:30,7867.96,21.68,TRADE
NSW1,2009/11/28 1:00,7599.02,21.64,TRADE
NSW1,2009/11/28 1:30,7261.71,21.1,TRADE
NSW1,2009/11/28 2:00,6983.39,20.38,TRADE
NSW1,2009/11/28 2:30,6741.74,20.11,TRADE
NSW1,2009/11/28 3:00,6627.8,19.97,TRADE
NSW1,2009/11/28 3:30,6564.61,20.07,TRADE
NSW1,2009/11/28 4:00,6595.23,20,TRADE
NSW1,2009/11/28 4:30,6655.99,20.05,TRADE
NSW1,2009/11/28 5:00,6675.44,20.66,TRADE
NSW1,2009/11/28 5:30,6907.35,20.68,TRADE
NSW1,2009/11/28 6:00,7136.67,20.34,TRADE
NSW1,2009/11/28 6:30,7527.41,19.3,TRADE
NSW1,2009/11/28 7:00,7987.74,20.89,TRADE
NSW1,2009/11/28 7:30,8402.24,21.66,TRADE
NSW1,2009/11/28 8:00,8774.99,22.1,TRADE
NSW1,2009/11/28 8:30,9155.07,22.24,TRADE
NSW1,2009/11/28 9:00,9440.17,22.33,TRADE
NSW1,2009/11/28 9:30,9721.62,24.08,TRADE
NSW1,2009/11/28 10:00,9974.35,24.89,TRADE
NSW1,2009/11/28 10:30,10187.69,26.77,TRADE
NSW1,2009/11/28 11:00,10357.67,26.8,TRADE
NSW1,2009/11/28 11:30,10569.34,50.4,TRADE
NSW1,2009/11/28 12:00,10698.81,50.22,TRADE
NSW1,2009/11/28 12:30,10878.38,74.59,TRADE
NSW1,2009/11/28 13:00,10937.39,99.9,TRADE
NSW1,2009/11/28 13:30,11050.34,119.6,TRADE
NSW1,2009/11/28 14:00,11052.61,133.46,TRADE
NSW1,2009/11/28 14:30,11054.39,270.38,TRADE
NSW1,2009/11/28 15:00,11124.72,280.76,TRADE
NSW1,2009/11/28 15:30,11134.61,280.76,TRADE
NSW1,2009/11/28 16:00,10911.31,233.39,TRADE
NSW1,2009/11/28 16:30,10109.92,72.45,TRADE
NSW1,2009/11/28 17:00,9816.23,39.16,TRADE
NSW1,2009/11/28 17:30,9719.23,23.8,TRADE
NSW1,2009/11/28 18:00,9651.25,27.27,TRADE
NSW1,2009/11/28 18:30,9983.07,32.24,TRADE
NSW1,2009/11/28 19:00,10169.02,35.16,TRADE
NSW1,2009/11/28 19:30,10238.82,35.75,TRADE
NSW1,2009/11/28 20:00,10139.64,35.13,TRADE
NSW1,2009/11/28 20:30,9923.19,32.88,TRADE
NSW1,2009/11/28 21:00,9601.26,32.5,TRADE
NSW1,2009/11/28 21:30,9121.54,32.33,TRADE
NSW1,2009/11/28 22:00,8929.37,31.24,TRADE
NSW1,2009/11/28 22:30,8892.85,31.13,TRADE
NSW1,2009/11/28 23:00,8492.61,25.01,TRADE
NSW1,2009/11/28 23:30,8137.09,23.49,TRADE
NSW1,2009/11/29 0:00,7851.33,22,TRADE
NSW1,2009/11/29 0:30,7543.07,21.39,TRADE
NSW1,2009/11/29 1:00,7307.89,22.08,TRADE
NSW1,2009/11/29 1:30,6995.26,23.17,TRADE
NSW1,2009/11/29 2:00,6722.95,21.42,TRADE
NSW1,2009/11/29 2:30,6505.3,20.57,TRADE
NSW1,2009/11/29 3:00,6458.16,20.59,TRADE
NSW1,2009/11/29 3:30,6369.52,20.07,TRADE
NSW1,2009/11/29 4:00,6357.16,20,TRADE
NSW1,2009/11/29 4:30,6426.38,20.06,TRADE
NSW1,2009/11/29 5:00,6366.82,20.22,TRADE
NSW1,2009/11/29 5:30,6510.97,20.27,TRADE
NSW1,2009/11/29 6:00,6714.46,20.11,TRADE
NSW1,2009/11/29 6:30,6982.67,17.95,TRADE
NSW1,2009/11/29 7:00,7214.9,18.65,TRADE
NSW1,2009/11/29 7:30,7594,21.26,TRADE
NSW1,2009/11/29 8:00,7972.56,21.97,TRADE
NSW1,2009/11/29 8:30,8264.45,22.04,TRADE
NSW1,2009/11/29 9:00,8574.55,22.82,TRADE
NSW1,2009/11/29 9:30,8718.6,24.39,TRADE
NSW1,2009/11/29 10:00,8843.84,26.4,TRADE
NSW1,2009/11/29 10:30,8940.98,27.81,TRADE
NSW1,2009/11/29 11:00,9017.4,30.83,TRADE
NSW1,2009/11/29 11:30,9124.44,35.23,TRADE
NSW1,2009/11/29 12:00,9132.47,36.38,TRADE
NSW1,2009/11/29 12:30,9153.47,39.25,TRADE
NSW1,2009/11/29 13:00,9181.18,36.95,TRADE
NSW1,2009/11/29 13:30,9233.66,36.91,TRADE
NSW1,2009/11/29 14:00,9235.83,34.62,TRADE
NSW1,2009/11/29 14:30,9305,32.79,TRADE
NSW1,2009/11/29 15:00,9386.48,32.13,TRADE
NSW1,2009/11/29 15:30,9464.68,33.8,TRADE
NSW1,2009/11/29 16:00,9407.2,31.99,TRADE
NSW1,2009/11/29 16:30,9331.03,30.37,TRADE
NSW1,2009/11/29 17:00,9371.21,32.04,TRADE
NSW1,2009/11/29 17:30,9369.05,31.99,TRADE
NSW1,2009/11/29 18:00,9238.27,31.54,TRADE
NSW1,2009/11/29 18:30,9064.98,25.04,TRADE
NSW1,2009/11/29 19:00,8951.47,26.95,TRADE
NSW1,2009/11/29 19:30,9066.66,27.79,TRADE
NSW1,2009/11/29 20:00,9023.14,27.67,TRADE
NSW1,2009/11/29 20:30,8808.08,23.49,TRADE
NSW1,2009/11/29 21:00,8455.24,22.58,TRADE
NSW1,2009/11/29 21:30,8300.68,25.46,TRADE
NSW1,2009/11/29 22:00,8167.2,22.61,TRADE
NSW1,2009/11/29 22:30,7976.13,21.94,TRADE
NSW1,2009/11/29 23:00,7742.24,22.04,TRADE
NSW1,2009/11/29 23:30,7531.87,22.01,TRADE
NSW1,2009/11/30 0:00,7374.87,22.44,TRADE
NSW1,2009/11/30 0:30,7215.2,22,TRADE
NSW1,2009/11/30 1:00,7047.28,21.93,TRADE
NSW1,2009/11/30 1:30,6848.44,22.55,TRADE
NSW1,2009/11/30 2:00,6669.81,20.96,TRADE
NSW1,2009/11/30 2:30,6559.47,20.87,TRADE
NSW1,2009/11/30 3:00,6551.62,20.82,TRADE
NSW1,2009/11/30 3:30,6550.44,20,TRADE
NSW1,2009/11/30 4:00,6639.03,20.04,TRADE
NSW1,2009/11/30 4:30,6896.7,20.58,TRADE
NSW1,2009/11/30 5:00,7046.43,21.55,TRADE
NSW1,2009/11/30 5:30,7684.5,22.03,TRADE
NSW1,2009/11/30 6:00,8329.11,23.71,TRADE
NSW1,2009/11/30 6:30,8765.49,23.91,TRADE
NSW1,2009/11/30 7:00,9223.21,27.02,TRADE
NSW1,2009/11/30 7:30,9456.01,26.48,TRADE
NSW1,2009/11/30 8:00,9661.23,29.09,TRADE
NSW1,2009/11/30 8:30,9886.55,30.7,TRADE
NSW1,2009/11/30 9:00,10045.38,32.68,TRADE
NSW1,2009/11/30 9:30,10088.84,31.37,TRADE
NSW1,2009/11/30 10:00,10104.42,29.89,TRADE
NSW1,2009/11/30 10:30,10095.21,29.67,TRADE
NSW1,2009/11/30 11:00,10032.55,29.71,TRADE
NSW1,2009/11/30 11:30,9987.6,33.22,TRADE
NSW1,2009/11/30 12:00,9812.11,31.95,TRADE
NSW1,2009/11/30 12:30,9803.22,33.26,TRADE
NSW1,2009/11/30 13:00,9822,33.02,TRADE
NSW1,2009/11/30 13:30,9863.97,33.9,TRADE
NSW1,2009/11/30 14:00,9717.17,31.52,TRADE
NSW1,2009/11/30 14:30,9616.24,30.38,TRADE
NSW1,2009/11/30 15:00,9542.02,30.09,TRADE
NSW1,2009/11/30 15:30,9548.27,29.69,TRADE
NSW1,2009/11/30 16:00,9171.34,26.98,TRADE
NSW1,2009/11/30 16:30,9418.01,29.09,TRADE
NSW1,2009/11/30 17:00,9477.57,29.7,TRADE
NSW1,2009/11/30 17:30,9343.92,25.34,TRADE
NSW1,2009/11/30 18:00,9148.45,24.4,TRADE
NSW1,2009/11/30 18:30,9041.61,23.05,TRADE
NSW1,2009/11/30 19:00,8955.13,23.03,TRADE
NSW1,2009/11/30 19:30,8984.05,22.56,TRADE
NSW1,2009/11/30 20:00,8852.96,22.58,TRADE
NSW1,2009/11/30 20:30,8531.49,22,TRADE
NSW1,2009/11/30 21:00,8267.24,21.48,TRADE
NSW1,2009/11/30 21:30,8252.74,22.61,TRADE
NSW1,2009/11/30 22:00,8103.56,20.96,TRADE
NSW1,2009/11/30 22:30,8065.75,24.12,TRADE
NSW1,2009/11/30 23:00,7999.54,24.06,TRADE
NSW1,2009/11/30 23:30,7832.18,23.68,TRADE
NSW1,2009/12/1 0:00,7687.64,23.67,TRADE
?NSW1,2009/12/1 0:30,7506.77,21.77,TRADE
NSW1,2009/12/1 1:00,7264.11,21.49,TRADE
NSW1,2009/12/1 1:30,7028.9,21.47,TRADE
NSW1,2009/12/1 2:00,6754.74,20.75,TRADE
NSW1,2009/12/1 2:30,6568.64,21.04,TRADE
NSW1,2009/12/1 3:00,6488.66,20.4,TRADE
NSW1,2009/12/1 3:30,6487.13,20.5,TRADE
NSW1,2009/12/1 4:00,6510.62,20.68,TRADE
NSW1,2009/12/1 4:30,6742.94,22,TRADE
NSW1,2009/12/1 5:00,7005.23,22,TRADE
NSW1,2009/12/1 5:30,7503.23,22.08,TRADE
NSW1,2009/12/1 6:00,8123.71,23.06,TRADE
NSW1,2009/12/1 6:30,8602.37,24.51,TRADE
NSW1,2009/12/1 7:00,8918.63,23.48,TRADE
NSW1,2009/12/1 7:30,9015.75,23.61,TRADE
NSW1,2009/12/1 8:00,9082.44,22.06,TRADE
NSW1,2009/12/1 8:30,9260.87,23.56,TRADE
NSW1,2009/12/1 9:00,9395.04,25.59,TRADE
NSW1,2009/12/1 9:30,9459.81,27.07,TRADE
NSW1,2009/12/1 10:00,9436.44,25.99,TRADE
NSW1,2009/12/1 10:30,9417.31,27.62,TRADE
NSW1,2009/12/1 11:00,9445.07,27.43,TRADE
NSW1,2009/12/1 11:30,9483.62,26.14,TRADE
NSW1,2009/12/1 12:00,9462.3,26.22,TRADE
NSW1,2009/12/1 12:30,9383.24,29.15,TRADE
NSW1,2009/12/1 13:00,9374.61,29.14,TRADE
NSW1,2009/12/1 13:30,9379.95,28.85,TRADE
NSW1,2009/12/1 14:00,9278.34,28.4,TRADE
NSW1,2009/12/1 14:30,9304.24,26.93,TRADE
NSW1,2009/12/1 15:00,9320.78,27.02,TRADE
NSW1,2009/12/1 15:30,9316.91,24.31,TRADE
NSW1,2009/12/1 16:00,9295.11,24.64,TRADE
NSW1,2009/12/1 16:30,9240.22,24.45,TRADE
NSW1,2009/12/1 17:00,9207.75,25.23,TRADE
NSW1,2009/12/1 17:30,8989.73,24,TRADE
NSW1,2009/12/1 18:00,8854.25,23.45,TRADE
NSW1,2009/12/1 18:30,8725.55,22.11,TRADE
NSW1,2009/12/1 19:00,8743.53,22.06,TRADE
NSW1,2009/12/1 19:30,8841.83,22.83,TRADE
NSW1,2009/12/1 20:00,8878.95,22.99,TRADE
NSW1,2009/12/1 20:30,8672.95,22.21,TRADE
NSW1,2009/12/1 21:00,8388.48,22.01,TRADE
NSW1,2009/12/1 21:30,8376.38,21.94,TRADE
NSW1,2009/12/1 22:00,8235.51,21.8,TRADE
NSW1,2009/12/1 22:30,8187.99,24.15,TRADE
NSW1,2009/12/1 23:00,8061.38,22.02,TRADE
NSW1,2009/12/1 23:30,7962.74,23.84,TRADE
NSW1,2009/12/2 0:00,7793.46,22.27,TRADE
NSW1,2009/12/2 0:30,7630.41,21.68,TRADE
NSW1,2009/12/2 1:00,7380.45,21.77,TRADE
NSW1,2009/12/2 1:30,7098.53,21.62,TRADE
NSW1,2009/12/2 2:00,6754.62,20.42,TRADE
NSW1,2009/12/2 2:30,6572.94,21.45,TRADE
NSW1,2009/12/2 3:00,6456.58,20.67,TRADE
NSW1,2009/12/2 3:30,6450.79,21.48,TRADE
NSW1,2009/12/2 4:00,6526.88,21.3,TRADE
NSW1,2009/12/2 4:30,6746.31,21.83,TRADE
NSW1,2009/12/2 5:00,6989.17,22,TRADE
NSW1,2009/12/2 5:30,7570.33,22.28,TRADE
NSW1,2009/12/2 6:00,8205.5,25.69,TRADE
NSW1,2009/12/2 6:30,8550.37,24.65,TRADE
NSW1,2009/12/2 7:00,8946.8,25.78,TRADE
NSW1,2009/12/2 7:30,9082.33,24.06,TRADE
NSW1,2009/12/2 8:00,9144.57,23.95,TRADE
NSW1,2009/12/2 8:30,9323.92,23.97,TRADE
NSW1,2009/12/2 9:00,9386.55,24.59,TRADE
NSW1,2009/12/2 9:30,9477.96,26.03,TRADE
NSW1,2009/12/2 10:00,9488.94,26.29,TRADE
NSW1,2009/12/2 10:30,9523.59,27.42,TRADE
NSW1,2009/12/2 11:00,9538.31,25.31,TRADE
NSW1,2009/12/2 11:30,9519.21,24.84,TRADE
NSW1,2009/12/2 12:00,9457.61,24.51,TRADE
NSW1,2009/12/2 12:30,9446.55,25.85,TRADE
NSW1,2009/12/2 13:00,9444.04,26.36,TRADE
NSW1,2009/12/2 13:30,9489.29,26.43,TRADE
NSW1,2009/12/2 14:00,9454.88,25.36,TRADE
NSW1,2009/12/2 14:30,9468.1,26.93,TRADE
NSW1,2009/12/2 15:00,9459.66,26.29,TRADE
NSW1,2009/12/2 15:30,9488.31,26.68,TRADE
NSW1,2009/12/2 16:00,9483.4,26.15,TRADE
NSW1,2009/12/2 16:30,9416.16,26.38,TRADE
NSW1,2009/12/2 17:00,9344.37,26.8,TRADE
NSW1,2009/12/2 17:30,9130.9,25.27,TRADE
NSW1,2009/12/2 18:00,8991.76,24.53,TRADE
NSW1,2009/12/2 18:30,8801.07,23.89,TRADE
NSW1,2009/12/2 19:00,8784.24,23.77,TRADE
NSW1,2009/12/2 19:30,8903.75,24,TRADE
NSW1,2009/12/2 20:00,8900.2,24.91,TRADE
NSW1,2009/12/2 20:30,8667.34,24.25,TRADE
NSW1,2009/12/2 21:00,8429.63,22.5,TRADE
NSW1,2009/12/2 21:30,8425.87,22.01,TRADE
NSW1,2009/12/2 22:00,8228.33,21.61,TRADE
NSW1,2009/12/2 22:30,8193.9,22.41,TRADE
NSW1,2009/12/2 23:00,8052.51,22.2,TRADE
NSW1,2009/12/2 23:30,7955.97,22.32,TRADE
NSW1,2009/12/3 0:00,7789.3,22,TRADE
NSW1,2009/12/3 0:30,7568.18,21.63,TRADE
NSW1,2009/12/3 1:00,7323.01,20.87,TRADE
NSW1,2009/12/3 1:30,7031.62,20.68,TRADE
NSW1,2009/12/3 2:00,6774.96,18.47,TRADE
NSW1,2009/12/3 2:30,6588.54,18.44,TRADE
NSW1,2009/12/3 3:00,6498.65,15.64,TRADE
NSW1,2009/12/3 3:30,6462.04,13.14,TRADE
NSW1,2009/12/3 4:00,6532.1,16.3,TRADE
NSW1,2009/12/3 4:30,6774.64,20.03,TRADE
NSW1,2009/12/3 5:00,6968.31,21.13,TRADE
NSW1,2009/12/3 5:30,7600.17,22.18,TRADE
NSW1,2009/12/3 6:00,8212.37,21.83,TRADE
NSW1,2009/12/3 6:30,8585.19,22.63,TRADE
NSW1,2009/12/3 7:00,8974.34,22.9,TRADE
NSW1,2009/12/3 7:30,9223.77,22.86,TRADE
NSW1,2009/12/3 8:00,9353.93,23.03,TRADE
NSW1,2009/12/3 8:30,9623.71,24.17,TRADE
NSW1,2009/12/3 9:00,9726.38,24.31,TRADE
NSW1,2009/12/3 9:30,9833.72,24.74,TRADE
NSW1,2009/12/3 10:00,9885.11,26.28,TRADE
NSW1,2009/12/3 10:30,9870.78,27.86,TRADE
NSW1,2009/12/3 11:00,9905.35,28.59,TRADE
NSW1,2009/12/3 11:30,9891.77,28.43,TRADE
NSW1,2009/12/3 12:00,9884.08,28.74,TRADE
NSW1,2009/12/3 12:30,9893.75,26.59,TRADE
NSW1,2009/12/3 13:00,9925.71,25.1,TRADE
NSW1,2009/12/3 13:30,10030.44,27.47,TRADE
NSW1,2009/12/3 14:00,9988.42,25.52,TRADE
NSW1,2009/12/3 14:30,10003.51,24.37,TRADE
NSW1,2009/12/3 15:00,10044.94,24.16,TRADE
NSW1,2009/12/3 15:30,10092.21,23.97,TRADE
NSW1,2009/12/3 16:00,10112.46,23,TRADE
NSW1,2009/12/3 16:30,9982.82,21.96,TRADE
NSW1,2009/12/3 17:00,9913.26,21.99,TRADE
NSW1,2009/12/3 17:30,9689.07,21.99,TRADE
NSW1,2009/12/3 18:00,9464.5,22,TRADE
NSW1,2009/12/3 18:30,9347.49,22.93,TRADE
NSW1,2009/12/3 19:00,9255.27,22,TRADE
NSW1,2009/12/3 19:30,9362.37,22.09,TRADE
NSW1,2009/12/3 20:00,9370.74,22.13,TRADE
NSW1,2009/12/3 20:30,9089.55,21.44,TRADE
NSW1,2009/12/3 21:00,8720.85,20.98,TRADE
NSW1,2009/12/3 21:30,8693.85,21.69,TRADE
NSW1,2009/12/3 22:00,8519.64,21.26,TRADE
NSW1,2009/12/3 22:30,8375.74,21.05,TRADE
NSW1,2009/12/3 23:00,8180.46,20.88,TRADE
NSW1,2009/12/3 23:30,7995.37,21.26,TRADE
NSW1,2009/12/4 0:00,7788.36,20.92,TRADE
NSW1,2009/12/4 0:30,7550.85,20.71,TRADE
NSW1,2009/12/4 1:00,7325.38,19.6,TRADE
NSW1,2009/12/4 1:30,7038.29,18.06,TRADE
NSW1,2009/12/4 2:00,6789.72,16.94,TRADE
NSW1,2009/12/4 2:30,6600.27,15.23,TRADE
NSW1,2009/12/4 3:00,6549.08,12.4,TRADE
NSW1,2009/12/4 3:30,6555.96,14.04,TRADE
NSW1,2009/12/4 4:00,6615.5,15.7,TRADE
NSW1,2009/12/4 4:30,6866.27,18.06,TRADE
NSW1,2009/12/4 5:00,7077.95,20,TRADE
NSW1,2009/12/4 5:30,7600.94,21.63,TRADE
NSW1,2009/12/4 6:00,8247.01,21.91,TRADE
NSW1,2009/12/4 6:30,8682.5,22.36,TRADE
NSW1,2009/12/4 7:00,9177.45,22.43,TRADE
NSW1,2009/12/4 7:30,9445.8,22.21,TRADE
NSW1,2009/12/4 8:00,9630.26,23.1,TRADE
NSW1,2009/12/4 8:30,9859.78,24.01,TRADE
NSW1,2009/12/4 9:00,10055.91,24.14,TRADE
NSW1,2009/12/4 9:30,10159.19,24.78,TRADE
NSW1,2009/12/4 10:00,10279.92,24.84,TRADE
NSW1,2009/12/4 10:30,10256.54,25.08,TRADE
NSW1,2009/12/4 11:00,10183.75,25.29,TRADE
NSW1,2009/12/4 11:30,10158.33,24.88,TRADE
NSW1,2009/12/4 12:00,10125.94,24.06,TRADE
NSW1,2009/12/4 12:30,10118.58,23.96,TRADE
NSW1,2009/12/4 13:00,10102.15,23.57,TRADE
NSW1,2009/12/4 13:30,10109.4,23.81,TRADE
NSW1,2009/12/4 14:00,10053,24.85,TRADE
NSW1,2009/12/4 14:30,9944.02,23.33,TRADE
NSW1,2009/12/4 15:00,9964.16,23.54,TRADE
NSW1,2009/12/4 15:30,9962.93,23.55,TRADE
NSW1,2009/12/4 16:00,9895.42,23.62,TRADE
NSW1,2009/12/4 16:30,9724.47,22.47,TRADE
NSW1,2009/12/4 17:00,9469.72,22.33,TRADE
NSW1,2009/12/4 17:30,9106.62,21.21,TRADE
NSW1,2009/12/4 18:00,8890.89,21.82,TRADE
NSW1,2009/12/4 18:30,8669.84,21.88,TRADE
NSW1,2009/12/4 19:00,8646.73,22,TRADE
NSW1,2009/12/4 19:30,8693.41,22,TRADE
NSW1,2009/12/4 20:00,8636.03,22.01,TRADE
NSW1,2009/12/4 20:30,8481.51,21.93,TRADE
NSW1,2009/12/4 21:00,8255.83,21.87,TRADE
NSW1,2009/12/4 21:30,8352.45,21.95,TRADE
NSW1,2009/12/4 22:00,8229.9,20.99,TRADE
NSW1,2009/12/4 22:30,8223.7,20.98,TRADE
NSW1,2009/12/4 23:00,8090.72,20.91,TRADE
NSW1,2009/12/4 23:30,7927.42,20.98,TRADE
NSW1,2009/12/5 0:00,7783.72,20.97,TRADE
NSW1,2009/12/5 0:30,7537.4,20.58,TRADE
NSW1,2009/12/5 1:00,7315.01,19.54,TRADE
NSW1,2009/12/5 1:30,6982.9,18.68,TRADE
NSW1,2009/12/5 2:00,6793.35,16.73,TRADE
NSW1,2009/12/5 2:30,6572.58,15.32,TRADE
NSW1,2009/12/5 3:00,6470.91,14.12,TRADE
NSW1,2009/12/5 3:30,6442.94,15.01,TRADE
NSW1,2009/12/5 4:00,6437.02,13.1,TRADE
NSW1,2009/12/5 4:30,6513.65,13.9,TRADE
NSW1,2009/12/5 5:00,6551.61,15.9,TRADE
NSW1,2009/12/5 5:30,6728.82,17,TRADE
NSW1,2009/12/5 6:00,7057.57,18.2,TRADE
NSW1,2009/12/5 6:30,7363.62,18.28,TRADE
NSW1,2009/12/5 7:00,7782.55,20.95,TRADE
NSW1,2009/12/5 7:30,8111.76,20.95,TRADE
NSW1,2009/12/5 8:00,8412.04,21.25,TRADE
NSW1,2009/12/5 8:30,8786.28,22.01,TRADE
NSW1,2009/12/5 9:00,8865.78,22,TRADE
NSW1,2009/12/5 9:30,9040.98,22,TRADE
NSW1,2009/12/5 10:00,9021.65,22,TRADE
NSW1,2009/12/5 10:30,9029.73,22,TRADE
NSW1,2009/12/5 11:00,9024.51,21.98,TRADE
NSW1,2009/12/5 11:30,9003.2,22,TRADE
NSW1,2009/12/5 12:00,8905.37,22,TRADE
NSW1,2009/12/5 12:30,8903.42,22.42,TRADE
NSW1,2009/12/5 13:00,8843.84,22,TRADE
NSW1,2009/12/5 13:30,8821.39,22,TRADE
NSW1,2009/12/5 14:00,8777.73,21.88,TRADE
NSW1,2009/12/5 14:30,8776.64,22,TRADE
NSW1,2009/12/5 15:00,8842.57,22,TRADE
NSW1,2009/12/5 15:30,8905.05,22,TRADE
NSW1,2009/12/5 16:00,8894.24,21.66,TRADE
NSW1,2009/12/5 16:30,8747.67,21.8,TRADE
NSW1,2009/12/5 17:00,8696.54,21.83,TRADE
NSW1,2009/12/5 17:30,8658.45,22,TRADE
NSW1,2009/12/5 18:00,8585.05,22,TRADE
NSW1,2009/12/5 18:30,8497.3,22,TRADE
NSW1,2009/12/5 19:00,8373.68,21.92,TRADE
NSW1,2009/12/5 19:30,8434.31,22,TRADE
NSW1,2009/12/5 20:00,8483.96,22.33,TRADE
NSW1,2009/12/5 20:30,8320.16,21.96,TRADE
NSW1,2009/12/5 21:00,8126.44,21.76,TRADE
NSW1,2009/12/5 21:30,8006.09,21.19,TRADE
NSW1,2009/12/5 22:00,8010.58,20.96,TRADE
NSW1,2009/12/5 22:30,7896.15,20.98,TRADE
NSW1,2009/12/5 23:00,7700.25,20.91,TRADE
NSW1,2009/12/5 23:30,7525.83,21.35,TRADE
NSW1,2009/12/6 0:00,7339.44,21.26,TRADE
NSW1,2009/12/6 0:30,7158.21,21,TRADE
NSW1,2009/12/6 1:00,6965.36,20.78,TRADE
NSW1,2009/12/6 1:30,6701.79,19.2,TRADE
NSW1,2009/12/6 2:00,6501.05,17,TRADE
NSW1,2009/12/6 2:30,6324.75,17,TRADE
NSW1,2009/12/6 3:00,6267.66,15.55,TRADE
NSW1,2009/12/6 3:30,6208.16,12.11,TRADE
NSW1,2009/12/6 4:00,6218.05,11.75,TRADE
NSW1,2009/12/6 4:30,6271.36,12.99,TRADE
NSW1,2009/12/6 5:00,6208.55,11.32,TRADE
NSW1,2009/12/6 5:30,6318.14,13.7,TRADE
NSW1,2009/12/6 6:00,6540.23,17,TRADE
NSW1,2009/12/6 6:30,6794.96,16.9,TRADE
NSW1,2009/12/6 7:00,7160.35,17,TRADE
NSW1,2009/12/6 7:30,7552.66,17.28,TRADE
NSW1,2009/12/6 8:00,7877.99,19.65,TRADE
NSW1,2009/12/6 8:30,8189.68,20.98,TRADE
NSW1,2009/12/6 9:00,8449.7,21.44,TRADE
NSW1,2009/12/6 9:30,8590.15,21.63,TRADE
NSW1,2009/12/6 10:00,8688.11,21.99,TRADE
NSW1,2009/12/6 10:30,8732.75,22,TRADE
NSW1,2009/12/6 11:00,8815.11,21.94,TRADE
NSW1,2009/12/6 11:30,8786.86,22,TRADE
NSW1,2009/12/6 12:00,8831.15,22.42,TRADE
NSW1,2009/12/6 12:30,8860.58,22,TRADE
NSW1,2009/12/6 13:00,8887.18,22.39,TRADE
NSW1,2009/12/6 13:30,8925.78,22,TRADE
NSW1,2009/12/6 14:00,8960.89,21.83,TRADE
NSW1,2009/12/6 14:30,9073.07,22,TRADE
NSW1,2009/12/6 15:00,9091.3,22.67,TRADE
NSW1,2009/12/6 15:30,9167.36,24.83,TRADE
NSW1,2009/12/6 16:00,9190.24,25.8,TRADE
NSW1,2009/12/6 16:30,9101.87,26.68,TRADE
NSW1,2009/12/6 17:00,9130.95,27.96,TRADE
NSW1,2009/12/6 17:30,9127.6,23.97,TRADE
NSW1,2009/12/6 18:00,9032.71,22.72,TRADE
NSW1,2009/12/6 18:30,8907.67,22,TRADE
NSW1,2009/12/6 19:00,8894.45,22,TRADE
NSW1,2009/12/6 19:30,8970.61,22,TRADE
NSW1,2009/12/6 20:00,9045.82,22.11,TRADE
NSW1,2009/12/6 20:30,8817.26,21.46,TRADE
NSW1,2009/12/6 21:00,8559.01,21.55,TRADE
NSW1,2009/12/6 21:30,8449.48,21.51,TRADE
NSW1,2009/12/6 22:00,8270.02,20.95,TRADE
NSW1,2009/12/6 22:30,8061.15,20.93,TRADE
NSW1,2009/12/6 23:00,7856.55,20.94,TRADE
NSW1,2009/12/6 23:30,7643.06,21.29,TRADE
NSW1,2009/12/7 0:00,7489.28,20.94,TRADE
NSW1,2009/12/7 0:30,7281.69,20.89,TRADE
NSW1,2009/12/7 1:00,7154.27,20.53,TRADE
NSW1,2009/12/7 1:30,6948.97,20.56,TRADE
NSW1,2009/12/7 2:00,6766.51,18.09,TRADE
NSW1,2009/12/7 2:30,6631.4,17.3,TRADE
NSW1,2009/12/7 3:00,6569.61,17.14,TRADE
NSW1,2009/12/7 3:30,6590.38,17.25,TRADE
NSW1,2009/12/7 4:00,6631.35,17.72,TRADE
NSW1,2009/12/7 4:30,6942.13,19.73,TRADE
NSW1,2009/12/7 5:00,7144.01,19.84,TRADE
NSW1,2009/12/7 5:30,7765.36,21.14,TRADE
NSW1,2009/12/7 6:00,8414.01,22.27,TRADE
NSW1,2009/12/7 6:30,8923.78,22.94,TRADE
NSW1,2009/12/7 7:00,9546.55,23.4,TRADE
NSW1,2009/12/7 7:30,9923.74,24.67,TRADE
NSW1,2009/12/7 8:00,10237.98,28.65,TRADE
NSW1,2009/12/7 8:30,10597.44,31.3,TRADE
NSW1,2009/12/7 9:00,10815.01,33.23,TRADE
NSW1,2009/12/7 9:30,10998.65,34.53,TRADE
NSW1,2009/12/7 10:00,11115.25,36.25,TRADE
NSW1,2009/12/7 10:30,11273.52,38.89,TRADE
NSW1,2009/12/7 11:00,11471.28,45.63,TRADE
NSW1,2009/12/7 11:30,11652.1,194.87,TRADE
NSW1,2009/12/7 12:00,11762.52,7714.89,TRADE
NSW1,2009/12/7 12:30,11919.35,713.98,TRADE
NSW1,2009/12/7 13:00,12019.95,5023.77,TRADE
NSW1,2009/12/7 13:30,12168.76,1805.85,TRADE
NSW1,2009/12/7 14:00,12343.6,9059.53,TRADE
NSW1,2009/12/7 14:30,12416.53,9175.6,TRADE
NSW1,2009/12/7 15:00,12560.9,9134.05,TRADE
NSW1,2009/12/7 15:30,12702.14,6308.41,TRADE
NSW1,2009/12/7 16:00,12737.34,4015.52,TRADE
NSW1,2009/12/7 16:30,12688.52,1655.63,TRADE
NSW1,2009/12/7 17:00,12530.15,1177.07,TRADE
NSW1,2009/12/7 17:30,12198.15,26.05,TRADE
NSW1,2009/12/7 18:00,11773.1,26.19,TRADE
NSW1,2009/12/7 18:30,11411.45,39.49,TRADE
NSW1,2009/12/7 19:00,11201.93,32.85,TRADE
NSW1,2009/12/7 19:30,11129.88,35.48,TRADE
NSW1,2009/12/7 20:00,10994.99,33.73,TRADE
NSW1,2009/12/7 20:30,10576.89,26.9,TRADE
NSW1,2009/12/7 21:00,9997.5,23.06,TRADE
NSW1,2009/12/7 21:30,9739.35,22.07,TRADE
NSW1,2009/12/7 22:00,9262.11,20.97,TRADE
NSW1,2009/12/7 22:30,9009.72,21.71,TRADE
NSW1,2009/12/7 23:00,8743.37,22.35,TRADE
NSW1,2009/12/7 23:30,8411.99,21.54,TRADE
NSW1,2009/12/8 0:00,8188.17,21.09,TRADE
NSW1,2009/12/8 0:30,7961.97,21.05,TRADE
NSW1,2009/12/8 1:00,7673.02,20.93,TRADE
NSW1,2009/12/8 1:30,7413.98,20.85,TRADE
NSW1,2009/12/8 2:00,7135.46,20.63,TRADE
NSW1,2009/12/8 2:30,6977.07,20.68,TRADE
NSW1,2009/12/8 3:00,6921.86,19.44,TRADE
NSW1,2009/12/8 3:30,6892.34,20.2,TRADE
NSW1,2009/12/8 4:00,6976.11,20.2,TRADE
NSW1,2009/12/8 4:30,7170.38,19.93,TRADE
NSW1,2009/12/8 5:00,7433.26,21.5,TRADE
NSW1,2009/12/8 5:30,8031.56,21.91,TRADE
NSW1,2009/12/8 6:00,8635.56,22.45,TRADE
NSW1,2009/12/8 6:30,9079.63,21.79,TRADE
NSW1,2009/12/8 7:00,9569.25,24.69,TRADE
NSW1,2009/12/8 7:30,9907.59,24.3,TRADE
NSW1,2009/12/8 8:00,10062.9,25.47,TRADE
NSW1,2009/12/8 8:30,10379.11,28.96,TRADE
NSW1,2009/12/8 9:00,10628.46,32.3,TRADE
NSW1,2009/12/8 9:30,10827.79,33.35,TRADE
NSW1,2009/12/8 10:00,10982.59,32.74,TRADE
NSW1,2009/12/8 10:30,11080.57,35.71,TRADE
NSW1,2009/12/8 11:00,11191.61,39.1,TRADE
NSW1,2009/12/8 11:30,11302.91,35.55,TRADE
NSW1,2009/12/8 12:00,11515.19,1196.59,TRADE
NSW1,2009/12/8 12:30,11608.77,83.63,TRADE
NSW1,2009/12/8 13:00,11804.12,291.95,TRADE
NSW1,2009/12/8 13:30,11971.18,442.7,TRADE
NSW1,2009/12/8 14:00,12030.87,542.54,TRADE
NSW1,2009/12/8 14:30,12112.1,2112.6,TRADE
NSW1,2009/12/8 15:00,12237.6,4786.19,TRADE
NSW1,2009/12/8 15:30,12214.27,300.51,TRADE
NSW1,2009/12/8 16:00,12139.69,447.31,TRADE
NSW1,2009/12/8 16:30,11988.44,1846.65,TRADE
NSW1,2009/12/8 17:00,11780.99,303.61,TRADE
NSW1,2009/12/8 17:30,11301.18,24.17,TRADE
NSW1,2009/12/8 18:00,10981.16,25.58,TRADE
NSW1,2009/12/8 18:30,10564.72,26.51,TRADE
NSW1,2009/12/8 19:00,10339.92,25.18,TRADE
NSW1,2009/12/8 19:30,10317.79,27.31,TRADE
NSW1,2009/12/8 20:00,10135.4,24.74,TRADE
NSW1,2009/12/8 20:30,9697.34,22.55,TRADE
NSW1,2009/12/8 21:00,9220.14,21.72,TRADE
NSW1,2009/12/8 21:30,9082.47,21.66,TRADE
NSW1,2009/12/8 22:00,8816.73,21.15,TRADE
NSW1,2009/12/8 22:30,8623.33,21.25,TRADE
NSW1,2009/12/8 23:00,8446.2,21.92,TRADE
NSW1,2009/12/8 23:30,8200.36,21.29,TRADE
NSW1,2009/12/9 0:00,8033.32,21.07,TRADE
NSW1,2009/12/9 0:30,7810.37,21.28,TRADE
NSW1,2009/12/9 1:00,7532.68,20.97,TRADE
NSW1,2009/12/9 1:30,7236.42,20.87,TRADE
NSW1,2009/12/9 2:00,6943.29,20.9,TRADE
NSW1,2009/12/9 2:30,6769.37,20.88,TRADE
NSW1,2009/12/9 3:00,6680.98,21,TRADE
NSW1,2009/12/9 3:30,6691.15,21,TRADE
NSW1,2009/12/9 4:00,6752.61,19.92,TRADE
NSW1,2009/12/9 4:30,6989.42,21.67,TRADE
NSW1,2009/12/9 5:00,7263.55,21.72,TRADE
NSW1,2009/12/9 5:30,7834.42,22,TRADE
NSW1,2009/12/9 6:00,8452.77,22.01,TRADE
NSW1,2009/12/9 6:30,8851.79,22.37,TRADE
NSW1,2009/12/9 7:00,9302.26,24.49,TRADE
NSW1,2009/12/9 7:30,9507.86,24.07,TRADE
NSW1,2009/12/9 8:00,9643.05,24.98,TRADE
NSW1,2009/12/9 8:30,9874.16,26.15,TRADE
NSW1,2009/12/9 9:00,9993.57,26.89,TRADE
NSW1,2009/12/9 9:30,10118.57,27.76,TRADE
NSW1,2009/12/9 10:00,10174.3,28.75,TRADE
NSW1,2009/12/9 10:30,10197.76,29.21,TRADE
NSW1,2009/12/9 11:00,10213.01,27.51,TRADE
NSW1,2009/12/9 11:30,10236.26,29.85,TRADE
NSW1,2009/12/9 12:00,10160.95,29.03,TRADE
NSW1,2009/12/9 12:30,10183.41,32.46,TRADE
NSW1,2009/12/9 13:00,10176.3,36.74,TRADE
NSW1,2009/12/9 13:30,10226.43,37.71,TRADE
NSW1,2009/12/9 14:00,10251.69,45.66,TRADE
NSW1,2009/12/9 14:30,10191.87,37.74,TRADE
NSW1,2009/12/9 15:00,10206.22,37.19,TRADE
NSW1,2009/12/9 15:30,10232.76,35.39,TRADE
NSW1,2009/12/9 16:00,10241,36.06,TRADE
NSW1,2009/12/9 16:30,10133.79,33.98,TRADE
NSW1,2009/12/9 17:00,9994.66,29.21,TRADE
NSW1,2009/12/9 17:30,9668.62,25.17,TRADE
NSW1,2009/12/9 18:00,9490.77,24.36,TRADE
NSW1,2009/12/9 18:30,9314.32,23.85,TRADE
NSW1,2009/12/9 19:00,9185.87,23.96,TRADE
NSW1,2009/12/9 19:30,9302.43,24.17,TRADE
NSW1,2009/12/9 20:00,9401.81,25.54,TRADE
NSW1,2009/12/9 20:30,9198.31,24.69,TRADE
NSW1,2009/12/9 21:00,8903.89,23.31,TRADE
NSW1,2009/12/9 21:30,8903.79,22.43,TRADE
NSW1,2009/12/9 22:00,8738.09,21.2,TRADE
NSW1,2009/12/9 22:30,8593.35,21.84,TRADE
NSW1,2009/12/9 23:00,8393.39,21.59,TRADE
NSW1,2009/12/9 23:30,8189.83,21.66,TRADE
NSW1,2009/12/10 0:00,7972.1,21.05,TRADE
NSW1,2009/12/10 0:30,7741.16,20.77,TRADE
NSW1,2009/12/10 1:00,7509.37,20.96,TRADE
NSW1,2009/12/10 1:30,7232.68,20.91,TRADE
NSW1,2009/12/10 2:00,6954.55,19.57,TRADE
NSW1,2009/12/10 2:30,6832.12,20.85,TRADE
NSW1,2009/12/10 3:00,6763.28,20.69,TRADE
NSW1,2009/12/10 3:30,6694.83,18.7,TRADE
NSW1,2009/12/10 4:00,6767.82,20.35,TRADE
NSW1,2009/12/10 4:30,7041.97,21.81,TRADE
NSW1,2009/12/10 5:00,7277.19,22.01,TRADE
NSW1,2009/12/10 5:30,7845.64,22.4,TRADE
NSW1,2009/12/10 6:00,8480.21,21.69,TRADE
NSW1,2009/12/10 6:30,8910.17,22.85,TRADE
NSW1,2009/12/10 7:00,9418.97,25.41,TRADE
NSW1,2009/12/10 7:30,9699.18,25.55,TRADE
NSW1,2009/12/10 8:00,9834.84,27.37,TRADE
NSW1,2009/12/10 8:30,10119.03,28.97,TRADE
NSW1,2009/12/10 9:00,10260.69,30.37,TRADE
NSW1,2009/12/10 9:30,10404.37,32.98,TRADE
NSW1,2009/12/10 10:00,10483.85,32.69,TRADE
NSW1,2009/12/10 10:30,10486.71,29.94,TRADE
NSW1,2009/12/10 11:00,10461.7,28.8,TRADE
NSW1,2009/12/10 11:30,10471.36,31.91,TRADE
NSW1,2009/12/10 12:00,10441.58,32.61,TRADE
NSW1,2009/12/10 12:30,10411.78,33.31,TRADE
NSW1,2009/12/10 13:00,10447.12,34.85,TRADE
NSW1,2009/12/10 13:30,10507.36,38.39,TRADE
NSW1,2009/12/10 14:00,10586.66,31.72,TRADE
NSW1,2009/12/10 14:30,10612.61,30.02,TRADE
NSW1,2009/12/10 15:00,10619.69,30.01,TRADE
NSW1,2009/12/10 15:30,10648.16,33.28,TRADE
NSW1,2009/12/10 16:00,10573.19,29.56,TRADE
NSW1,2009/12/10 16:30,10407.93,26.21,TRADE
NSW1,2009/12/10 17:00,10325.03,25.61,TRADE
NSW1,2009/12/10 17:30,10087.88,23.65,TRADE
NSW1,2009/12/10 18:00,9992.15,23.97,TRADE
NSW1,2009/12/10 18:30,9835.17,22.88,TRADE
NSW1,2009/12/10 19:00,9835.73,23.97,TRADE
NSW1,2009/12/10 19:30,9880.48,23.33,TRADE
NSW1,2009/12/10 20:00,9853.78,23.65,TRADE
NSW1,2009/12/10 20:30,9549.66,22.53,TRADE
NSW1,2009/12/10 21:00,9160.44,21.66,TRADE
NSW1,2009/12/10 21:30,9095.99,21.78,TRADE
NSW1,2009/12/10 22:00,8828.56,20.98,TRADE
NSW1,2009/12/10 22:30,8642.29,21.46,TRADE
NSW1,2009/12/10 23:00,8454.31,21.43,TRADE
NSW1,2009/12/10 23:30,8168.3,20.98,TRADE
NSW1,2009/12/11 0:00,7933.76,20.38,TRADE
NSW1,2009/12/11 0:30,7674.7,20.69,TRADE
NSW1,2009/12/11 1:00,7436.82,19.73,TRADE
NSW1,2009/12/11 1:30,7115.26,18.02,TRADE
NSW1,2009/12/11 2:00,6830.65,16.96,TRADE
NSW1,2009/12/11 2:30,6649.11,14.5,TRADE
NSW1,2009/12/11 3:00,6589.16,16.19,TRADE
NSW1,2009/12/11 3:30,6595.81,17.76,TRADE
NSW1,2009/12/11 4:00,6632.54,17.15,TRADE
NSW1,2009/12/11 4:30,6862.04,17.71,TRADE
NSW1,2009/12/11 5:00,7056.33,19.67,TRADE
NSW1,2009/12/11 5:30,7663.76,21.5,TRADE
NSW1,2009/12/11 6:00,8237.7,21.01,TRADE
NSW1,2009/12/11 6:30,8658.99,21.95,TRADE
NSW1,2009/12/11 7:00,9184.25,22.54,TRADE
NSW1,2009/12/11 7:30,9478.27,22.03,TRADE
NSW1,2009/12/11 8:00,9679.13,23.31,TRADE
NSW1,2009/12/11 8:30,9910.41,23.97,TRADE
NSW1,2009/12/11 9:00,9998.68,23.97,TRADE
NSW1,2009/12/11 9:30,10068.05,24.2,TRADE
NSW1,2009/12/11 10:00,10126.33,24.74,TRADE
NSW1,2009/12/11 10:30,10137.44,24.48,TRADE
NSW1,2009/12/11 11:00,10181.94,25.23,TRADE
NSW1,2009/12/11 11:30,10221.02,28.01,TRADE
NSW1,2009/12/11 12:00,10208.85,27.12,TRADE
NSW1,2009/12/11 12:30,10214.87,25.88,TRADE
NSW1,2009/12/11 13:00,10228.22,26.51,TRADE
NSW1,2009/12/11 13:30,10224.25,27.1,TRADE
NSW1,2009/12/11 14:00,10266.39,27.26,TRADE
NSW1,2009/12/11 14:30,10236.06,25.78,TRADE
NSW1,2009/12/11 15:00,10265.16,24.84,TRADE
NSW1,2009/12/11 15:30,10306.73,26.24,TRADE
NSW1,2009/12/11 16:00,10210.5,24.85,TRADE
NSW1,2009/12/11 16:30,10046.67,23.97,TRADE
NSW1,2009/12/11 17:00,9773.61,21.76,TRADE
NSW1,2009/12/11 17:30,9423.45,21.09,TRADE
NSW1,2009/12/11 18:00,9109.99,20.98,TRADE
NSW1,2009/12/11 18:30,8859.17,21.04,TRADE
NSW1,2009/12/11 19:00,8720.38,21.08,TRADE
NSW1,2009/12/11 19:30,8857.89,21.23,TRADE
NSW1,2009/12/11 20:00,8954.36,21.99,TRADE
NSW1,2009/12/11 20:30,8771.27,21.83,TRADE
NSW1,2009/12/11 21:00,8560.71,20.92,TRADE
NSW1,2009/12/11 21:30,8731.78,21.65,TRADE
NSW1,2009/12/11 22:00,8580.21,21.41,TRADE
NSW1,2009/12/11 22:30,8554.67,21.3,TRADE
NSW1,2009/12/11 23:00,8322.13,20.93,TRADE
NSW1,2009/12/11 23:30,8177.64,21.17,TRADE
NSW1,2009/12/12 0:00,7970.89,20.48,TRADE
NSW1,2009/12/12 0:30,7698.64,20.6,TRADE
NSW1,2009/12/12 1:00,7394.49,18.76,TRADE
NSW1,2009/12/12 1:30,7083.59,18.66,TRADE
NSW1,2009/12/12 2:00,6790.27,17.7,TRADE
NSW1,2009/12/12 2:30,6609.01,15.76,TRADE
NSW1,2009/12/12 3:00,6493.6,13.7,TRADE
NSW1,2009/12/12 3:30,6453.61,15.94,TRADE
NSW1,2009/12/12 4:00,6487.9,13.33,TRADE
NSW1,2009/12/12 4:30,6569.85,18.05,TRADE
NSW1,2009/12/12 5:00,6621.89,17.09,TRADE
NSW1,2009/12/12 5:30,6848.85,17,TRADE
NSW1,2009/12/12 6:00,7108.83,16.89,TRADE
NSW1,2009/12/12 6:30,7415.9,19.18,TRADE
NSW1,2009/12/12 7:00,7813.51,21.09,TRADE
NSW1,2009/12/12 7:30,8195.58,21.36,TRADE
NSW1,2009/12/12 8:00,8579.61,22.32,TRADE
NSW1,2009/12/12 8:30,8884.83,22.31,TRADE
NSW1,2009/12/12 9:00,9005,22.01,TRADE
NSW1,2009/12/12 9:30,9153.36,22.08,TRADE
NSW1,2009/12/12 10:00,9116.55,22,TRADE
NSW1,2009/12/12 10:30,9143.85,21.93,TRADE
NSW1,2009/12/12 11:00,9113.46,22,TRADE
NSW1,2009/12/12 11:30,9096.67,21.83,TRADE
NSW1,2009/12/12 12:00,8996.12,23.69,TRADE
NSW1,2009/12/12 12:30,9064.1,23.97,TRADE
NSW1,2009/12/12 13:00,8982.44,22.61,TRADE
NSW1,2009/12/12 13:30,9046.02,22.99,TRADE
NSW1,2009/12/12 14:00,9093.2,21.94,TRADE
NSW1,2009/12/12 14:30,9110.8,22,TRADE
NSW1,2009/12/12 15:00,9172.41,22.2,TRADE
NSW1,2009/12/12 15:30,9349.09,22.33,TRADE
NSW1,2009/12/12 16:00,9439.99,21.99,TRADE
NSW1,2009/12/12 16:30,9298.46,21.94,TRADE
NSW1,2009/12/12 17:00,9281.55,22,TRADE
NSW1,2009/12/12 17:30,9198.22,21.87,TRADE
NSW1,2009/12/12 18:00,9029.43,21.85,TRADE
NSW1,2009/12/12 18:30,8827.64,21.93,TRADE
NSW1,2009/12/12 19:00,8733.19,22,TRADE
NSW1,2009/12/12 19:30,8816.97,22.54,TRADE
NSW1,2009/12/12 20:00,8920.63,22.09,TRADE
NSW1,2009/12/12 20:30,8818.39,21.87,TRADE
NSW1,2009/12/12 21:00,8607.78,22,TRADE
NSW1,2009/12/12 21:30,8581.57,22.32,TRADE
NSW1,2009/12/12 22:00,8388.19,21.32,TRADE
NSW1,2009/12/12 22:30,8274.73,21.17,TRADE
NSW1,2009/12/12 23:00,8009.22,20.91,TRADE
NSW1,2009/12/12 23:30,7772.18,20.9,TRADE
NSW1,2009/12/13 0:00,7582.24,20.88,TRADE
NSW1,2009/12/13 0:30,7387.08,20.74,TRADE
NSW1,2009/12/13 1:00,7214.25,19.86,TRADE
NSW1,2009/12/13 1:30,6926.14,18.94,TRADE
NSW1,2009/12/13 2:00,6707.73,16.91,TRADE
NSW1,2009/12/13 2:30,6533.65,13.88,TRADE
NSW1,2009/12/13 3:00,6495.83,19.67,TRADE
NSW1,2009/12/13 3:30,6444.54,18.58,TRADE
NSW1,2009/12/13 4:00,6461.28,16.85,TRADE
NSW1,2009/12/13 4:30,6513.97,16.92,TRADE
NSW1,2009/12/13 5:00,6425.06,16.83,TRADE
NSW1,2009/12/13 5:30,6551.21,15.28,TRADE
NSW1,2009/12/13 6:00,6723.71,13.56,TRADE
NSW1,2009/12/13 6:30,6954.93,16.71,TRADE
NSW1,2009/12/13 7:00,7341.51,19.73,TRADE
NSW1,2009/12/13 7:30,7717.57,20.91,TRADE
NSW1,2009/12/13 8:00,8109.11,21.04,TRADE
NSW1,2009/12/13 8:30,8425.99,21.8,TRADE
NSW1,2009/12/13 9:00,8751.94,22.01,TRADE
NSW1,2009/12/13 9:30,8924.97,23.6,TRADE
NSW1,2009/12/13 10:00,9053.6,23.24,TRADE
NSW1,2009/12/13 10:30,9082.04,22.97,TRADE
NSW1,2009/12/13 11:00,9184.15,22.36,TRADE
NSW1,2009/12/13 11:30,9330.86,23.52,TRADE
NSW1,2009/12/13 12:00,9373.02,24.59,TRADE
NSW1,2009/12/13 12:30,9409.32,26.11,TRADE
NSW1,2009/12/13 13:00,9425.07,26.19,TRADE
NSW1,2009/12/13 13:30,9474.59,26.95,TRADE
NSW1,2009/12/13 14:00,9486.29,27.53,TRADE
NSW1,2009/12/13 14:30,9526.1,28.89,TRADE
NSW1,2009/12/13 15:00,9565.89,27.95,TRADE
NSW1,2009/12/13 15:30,9604.3,25.81,TRADE
NSW1,2009/12/13 16:00,9572.58,26.72,TRADE
NSW1,2009/12/13 16:30,9464.36,28.66,TRADE
NSW1,2009/12/13 17:00,9365.42,26.09,TRADE
NSW1,2009/12/13 17:30,9377.16,23.2,TRADE
NSW1,2009/12/13 18:00,9241.5,22.15,TRADE
NSW1,2009/12/13 18:30,9053.61,21.84,TRADE
NSW1,2009/12/13 19:00,8988.22,22,TRADE
NSW1,2009/12/13 19:30,9058.44,22.07,TRADE
NSW1,2009/12/13 20:00,9089.6,22,TRADE
NSW1,2009/12/13 20:30,8943.82,21.56,TRADE
NSW1,2009/12/13 21:00,8659.86,21.15,TRADE
NSW1,2009/12/13 21:30,8487.22,21.66,TRADE
NSW1,2009/12/13 22:00,8296.12,20.98,TRADE
NSW1,2009/12/13 22:30,8065.78,20.92,TRADE
NSW1,2009/12/13 23:00,7770.93,20.85,TRADE
NSW1,2009/12/13 23:30,7572.33,20.93,TRADE
NSW1,2009/12/14 0:00,7406.26,20.92,TRADE
NSW1,2009/12/14 0:30,7233.77,20.74,TRADE
NSW1,2009/12/14 1:00,7026.2,20.07,TRADE
NSW1,2009/12/14 1:30,6807.11,19.35,TRADE
NSW1,2009/12/14 2:00,6625.43,19.98,TRADE
NSW1,2009/12/14 2:30,6526.29,19.47,TRADE
NSW1,2009/12/14 3:00,6527.92,18.61,TRADE
NSW1,2009/12/14 3:30,6505.3,17.87,TRADE
NSW1,2009/12/14 4:00,6414.72,15.04,TRADE
NSW1,2009/12/14 4:30,6620.56,17.95,TRADE
NSW1,2009/12/14 5:00,7039.31,19.46,TRADE
NSW1,2009/12/14 5:30,7757.71,21.11,TRADE
NSW1,2009/12/14 6:00,8333.74,21.65,TRADE
NSW1,2009/12/14 6:30,8847.43,23.37,TRADE
NSW1,2009/12/14 7:00,9312.21,23.53,TRADE
NSW1,2009/12/14 7:30,9637.25,23.74,TRADE
NSW1,2009/12/14 8:00,9801.12,24.11,TRADE
NSW1,2009/12/14 8:30,10036.87,25.54,TRADE
NSW1,2009/12/14 9:00,10178.69,26.77,TRADE
NSW1,2009/12/14 9:30,10266.45,28.11,TRADE
NSW1,2009/12/14 10:00,10329.93,27.27,TRADE
NSW1,2009/12/14 10:30,10257.49,26.71,TRADE
NSW1,2009/12/14 11:00,10254.77,28.58,TRADE
NSW1,2009/12/14 11:30,10233.54,31.73,TRADE
NSW1,2009/12/14 12:00,10180.6,32.17,TRADE
NSW1,2009/12/14 12:30,10174.18,32.07,TRADE
NSW1,2009/12/14 13:00,10211.07,30.93,TRADE
NSW1,2009/12/14 13:30,10206,33.75,TRADE
NSW1,2009/12/14 14:00,10124.92,33.7,TRADE
NSW1,2009/12/14 14:30,10008.05,33.76,TRADE
NSW1,2009/12/14 15:00,10105.07,34.01,TRADE
NSW1,2009/12/14 15:30,10105.66,33.8,TRADE
NSW1,2009/12/14 16:00,10058,33.4,TRADE
NSW1,2009/12/14 16:30,9996.8,31.02,TRADE
NSW1,2009/12/14 17:00,9953.15,29.2,TRADE
NSW1,2009/12/14 17:30,9697.98,24.82,TRADE
NSW1,2009/12/14 18:00,9587.11,24.61,TRADE
NSW1,2009/12/14 18:30,9429.09,24.1,TRADE
NSW1,2009/12/14 19:00,9285.73,23.97,TRADE
NSW1,2009/12/14 19:30,9351.95,24.36,TRADE
NSW1,2009/12/14 20:00,9303.53,25.32,TRADE
NSW1,2009/12/14 20:30,9064.95,25.12,TRADE
NSW1,2009/12/14 21:00,8754.28,23.54,TRADE
NSW1,2009/12/14 21:30,8744.3,22.97,TRADE
NSW1,2009/12/14 22:00,8559.05,20.98,TRADE
NSW1,2009/12/14 22:30,8373.44,21.54,TRADE
NSW1,2009/12/14 23:00,8237.73,22.31,TRADE
NSW1,2009/12/14 23:30,8042.8,24.5,TRADE
NSW1,2009/12/15 0:00,7826.58,21.76,TRADE
NSW1,2009/12/15 0:30,7591.13,21.85,TRADE
NSW1,2009/12/15 1:00,7405.6,21.27,TRADE
NSW1,2009/12/15 1:30,7090.79,20.85,TRADE
NSW1,2009/12/15 2:00,6855.22,20.65,TRADE
NSW1,2009/12/15 2:30,6647.76,20.63,TRADE
NSW1,2009/12/15 3:00,6615.65,20.74,TRADE
NSW1,2009/12/15 3:30,6593.78,20.88,TRADE
NSW1,2009/12/15 4:00,6670.84,19.97,TRADE
NSW1,2009/12/15 4:30,6941.33,21.1,TRADE
NSW1,2009/12/15 5:00,7159.85,21.88,TRADE
NSW1,2009/12/15 5:30,7732.52,22.04,TRADE
NSW1,2009/12/15 6:00,8369.02,21.83,TRADE
NSW1,2009/12/15 6:30,8788,22.54,TRADE
NSW1,2009/12/15 7:00,9244.29,24.34,TRADE
NSW1,2009/12/15 7:30,9527.99,25.67,TRADE
NSW1,2009/12/15 8:00,9710.76,27.66,TRADE
NSW1,2009/12/15 8:30,10008.34,28.22,TRADE
NSW1,2009/12/15 9:00,10182.83,32.14,TRADE
NSW1,2009/12/15 9:30,10289.54,34,TRADE
NSW1,2009/12/15 10:00,10360.28,33.56,TRADE
NSW1,2009/12/15 10:30,10367.71,32.57,TRADE
NSW1,2009/12/15 11:00,10438.43,32.86,TRADE
NSW1,2009/12/15 11:30,10449.2,33.5,TRADE
NSW1,2009/12/15 12:00,10413.01,34.3,TRADE
NSW1,2009/12/15 12:30,10509.12,35.69,TRADE
NSW1,2009/12/15 13:00,10528.5,36.64,TRADE
NSW1,2009/12/15 13:30,10550.1,35.37,TRADE
NSW1,2009/12/15 14:00,10535.66,43.22,TRADE
NSW1,2009/12/15 14:30,10534.48,40.9,TRADE
NSW1,2009/12/15 15:00,10538.06,41.7,TRADE
NSW1,2009/12/15 15:30,10651.68,55.72,TRADE
NSW1,2009/12/15 16:00,10625.03,52.41,TRADE
NSW1,2009/12/15 16:30,10609.33,46.28,TRADE
NSW1,2009/12/15 17:00,10492.43,44.16,TRADE
NSW1,2009/12/15 17:30,10199.92,32.54,TRADE
NSW1,2009/12/15 18:00,10042.5,31.44,TRADE
NSW1,2009/12/15 18:30,9803.25,24.97,TRADE
NSW1,2009/12/15 19:00,9742.75,25.28,TRADE
NSW1,2009/12/15 19:30,9681.83,29.51,TRADE
NSW1,2009/12/15 20:00,9669.39,27.86,TRADE
NSW1,2009/12/15 20:30,9453.31,26.82,TRADE
NSW1,2009/12/15 21:00,9173.61,24.08,TRADE
NSW1,2009/12/15 21:30,9158.02,25.9,TRADE
NSW1,2009/12/15 22:00,8943.78,21.39,TRADE
NSW1,2009/12/15 22:30,8800.33,22.37,TRADE
NSW1,2009/12/15 23:00,8575.91,21.71,TRADE
NSW1,2009/12/15 23:30,8293.93,21.9,TRADE
NSW1,2009/12/16 0:00,8103.26,21.48,TRADE
NSW1,2009/12/16 0:30,7844.85,21.38,TRADE
NSW1,2009/12/16 1:00,7568.35,20.95,TRADE
NSW1,2009/12/16 1:30,7295.38,20.59,TRADE
NSW1,2009/12/16 2:00,6999.42,18.02,TRADE
NSW1,2009/12/16 2:30,6779.98,16.11,TRADE
NSW1,2009/12/16 3:00,6709.96,16.71,TRADE
NSW1,2009/12/16 3:30,6692.3,17.16,TRADE
NSW1,2009/12/16 4:00,6701.93,15.54,TRADE
NSW1,2009/12/16 4:30,6624.27,14.39,TRADE
NSW1,2009/12/16 5:00,6921.82,18.71,TRADE
NSW1,2009/12/16 5:30,7766.67,21.34,TRADE
NSW1,2009/12/16 6:00,8379.83,21.27,TRADE
NSW1,2009/12/16 6:30,8826.02,22.57,TRADE
NSW1,2009/12/16 7:00,9341.36,22.32,TRADE
NSW1,2009/12/16 7:30,9704.19,22.81,TRADE
NSW1,2009/12/16 8:00,10022.66,24.58,TRADE
NSW1,2009/12/16 8:30,10395.47,28.58,TRADE
NSW1,2009/12/16 9:00,10649.88,30.28,TRADE
NSW1,2009/12/16 9:30,10865.55,34.08,TRADE
NSW1,2009/12/16 10:00,11003.43,35.72,TRADE
NSW1,2009/12/16 10:30,11137.04,37.39,TRADE
NSW1,2009/12/16 11:00,11301.59,39.42,TRADE
NSW1,2009/12/16 11:30,11383.97,50.9,TRADE
NSW1,2009/12/16 12:00,11498.14,62.81,TRADE
NSW1,2009/12/16 12:30,11717.19,60.76,TRADE
NSW1,2009/12/16 13:00,11870.82,72.57,TRADE
NSW1,2009/12/16 13:30,11996.9,249.38,TRADE
NSW1,2009/12/16 14:00,12118.62,449.12,TRADE
NSW1,2009/12/16 14:30,12161.5,451.44,TRADE
NSW1,2009/12/16 15:00,12340.52,429.7,TRADE
NSW1,2009/12/16 15:30,12385.83,531.18,TRADE
NSW1,2009/12/16 16:00,12455.75,361.41,TRADE
NSW1,2009/12/16 16:30,12313.28,298.75,TRADE
NSW1,2009/12/16 17:00,12232.04,89.57,TRADE
NSW1,2009/12/16 17:30,11725.93,75.65,TRADE
NSW1,2009/12/16 18:00,11523.21,66.33,TRADE
NSW1,2009/12/16 18:30,11164.22,57.8,TRADE
NSW1,2009/12/16 19:00,10947.19,44.76,TRADE
NSW1,2009/12/16 19:30,10883.72,42.57,TRADE
NSW1,2009/12/16 20:00,10845.86,40.43,TRADE
NSW1,2009/12/16 20:30,10581.42,36.53,TRADE
NSW1,2009/12/16 21:00,10110.83,30.72,TRADE
NSW1,2009/12/16 21:30,9974.25,34.15,TRADE
NSW1,2009/12/16 22:00,9603.11,24.61,TRADE
NSW1,2009/12/16 22:30,9361.71,25.14,TRADE
NSW1,2009/12/16 23:00,9074.85,24.64,TRADE
NSW1,2009/12/16 23:30,8692.4,21.98,TRADE
NSW1,2009/12/17 0:00,8425.22,21.97,TRADE
NSW1,2009/12/17 0:30,8167.47,21.82,TRADE
NSW1,2009/12/17 1:00,7867.21,21.42,TRADE
NSW1,2009/12/17 1:30,7526.86,20.44,TRADE
NSW1,2009/12/17 2:00,7226.71,20.03,TRADE
NSW1,2009/12/17 2:30,7095.34,19.35,TRADE
NSW1,2009/12/17 3:00,6977.07,19.27,TRADE
NSW1,2009/12/17 3:30,6935.46,18.96,TRADE
NSW1,2009/12/17 4:00,6978.43,18.93,TRADE
NSW1,2009/12/17 4:30,7290.27,21.24,TRADE
NSW1,2009/12/17 5:00,7423.81,21.03,TRADE
NSW1,2009/12/17 5:30,7994.86,22.45,TRADE
NSW1,2009/12/17 6:00,8583.67,22.01,TRADE
NSW1,2009/12/17 6:30,9087.39,22.65,TRADE
NSW1,2009/12/17 7:00,9708.02,23.92,TRADE
NSW1,2009/12/17 7:30,10205.12,27.02,TRADE
NSW1,2009/12/17 8:00,10705.84,33.31,TRADE
NSW1,2009/12/17 8:30,11168.66,36.81,TRADE
NSW1,2009/12/17 9:00,11528.17,39.08,TRADE
NSW1,2009/12/17 9:30,11957.4,35.24,TRADE
NSW1,2009/12/17 10:00,12240.38,40.75,TRADE
NSW1,2009/12/17 10:30,12418.85,3188.73,TRADE
NSW1,2009/12/17 11:00,12584.41,5546.8,TRADE
NSW1,2009/12/17 11:30,12877.25,1929.99,TRADE
NSW1,2009/12/17 12:00,13015.44,1470.09,TRADE
NSW1,2009/12/17 12:30,13119.77,991.74,TRADE
NSW1,2009/12/17 13:00,13203.28,885.33,TRADE
NSW1,2009/12/17 13:30,13295.62,893.33,TRADE
NSW1,2009/12/17 14:00,13254.33,756.4,TRADE
NSW1,2009/12/17 14:30,13178.83,3900.07,TRADE
NSW1,2009/12/17 15:00,13230.02,8703.08,TRADE
NSW1,2009/12/17 15:30,13357.59,2420.07,TRADE
NSW1,2009/12/17 16:00,13435,5467.81,TRADE
NSW1,2009/12/17 16:30,13336.67,826.11,TRADE
NSW1,2009/12/17 17:00,13241.75,624.08,TRADE
NSW1,2009/12/17 17:30,12879.56,527.22,TRADE
NSW1,2009/12/17 18:00,12615.07,514.94,TRADE
NSW1,2009/12/17 18:30,12270.74,31.38,TRADE
NSW1,2009/12/17 19:00,12016.89,46.79,TRADE
NSW1,2009/12/17 19:30,11942.85,61.82,TRADE
NSW1,2009/12/17 20:00,11858.01,52.74,TRADE
NSW1,2009/12/17 20:30,11511.12,43.07,TRADE
NSW1,2009/12/17 21:00,11116.46,27.72,TRADE
NSW1,2009/12/17 21:30,10920.43,29.2,TRADE
NSW1,2009/12/17 22:00,10384.6,22.6,TRADE
NSW1,2009/12/17 22:30,9908.24,21.73,TRADE
NSW1,2009/12/17 23:00,9419.33,21.88,TRADE
NSW1,2009/12/17 23:30,8943.16,21.75,TRADE
NSW1,2009/12/18 0:00,8635.73,21.29,TRADE
NSW1,2009/12/18 0:30,8392.97,21.42,TRADE
NSW1,2009/12/18 1:00,8096.81,20.87,TRADE
NSW1,2009/12/18 1:30,7751.71,20.34,TRADE
NSW1,2009/12/18 2:00,7479.97,18.11,TRADE
NSW1,2009/12/18 2:30,7258.06,19.39,TRADE
NSW1,2009/12/18 3:00,7161.41,19.95,TRADE
NSW1,2009/12/18 3:30,7135.81,20.24,TRADE
NSW1,2009/12/18 4:00,7120.13,20,TRADE
NSW1,2009/12/18 4:30,7316.02,20.26,TRADE
NSW1,2009/12/18 5:00,7568.68,21.82,TRADE
NSW1,2009/12/18 5:30,8051.29,22.1,TRADE
NSW1,2009/12/18 6:00,8598.95,21.67,TRADE
NSW1,2009/12/18 6:30,9035.95,23.06,TRADE
NSW1,2009/12/18 7:00,9544.29,24.82,TRADE
NSW1,2009/12/18 7:30,9795.14,25.46,TRADE
NSW1,2009/12/18 8:00,10025.4,27.3,TRADE
NSW1,2009/12/18 8:30,10276.24,26.22,TRADE
NSW1,2009/12/18 9:00,10435.12,26.87,TRADE
NSW1,2009/12/18 9:30,10444.04,26.36,TRADE
NSW1,2009/12/18 10:00,10454.33,25.83,TRADE
NSW1,2009/12/18 10:30,10429.4,26.3,TRADE
NSW1,2009/12/18 11:00,10346.48,24.9,TRADE
NSW1,2009/12/18 11:30,10241.45,24.27,TRADE
NSW1,2009/12/18 12:00,10144.39,23.97,TRADE
NSW1,2009/12/18 12:30,10005.01,23.97,TRADE
NSW1,2009/12/18 13:00,9821.61,23.51,TRADE
NSW1,2009/12/18 13:30,9827.68,23.97,TRADE
NSW1,2009/12/18 14:00,9729.62,23.73,TRADE
NSW1,2009/12/18 14:30,9620.06,22.46,TRADE
NSW1,2009/12/18 15:00,9556.03,23.05,TRADE
NSW1,2009/12/18 15:30,9546.86,22.98,TRADE
NSW1,2009/12/18 16:00,9595.48,23.93,TRADE
NSW1,2009/12/18 16:30,9514.61,22.04,TRADE
NSW1,2009/12/18 17:00,9432.18,22.02,TRADE
NSW1,2009/12/18 17:30,9183.95,21.66,TRADE
NSW1,2009/12/18 18:00,9034.41,21.46,TRADE
NSW1,2009/12/18 18:30,8873.51,21.05,TRADE
NSW1,2009/12/18 19:00,8724.17,21.47,TRADE
NSW1,2009/12/18 19:30,8688.28,21.97,TRADE
NSW1,2009/12/18 20:00,8723.84,22,TRADE
NSW1,2009/12/18 20:30,8578.34,21.71,TRADE
NSW1,2009/12/18 21:00,8376.68,20.97,TRADE
NSW1,2009/12/18 21:30,8442.81,21.16,TRADE
NSW1,2009/12/18 22:00,8351.37,20.92,TRADE
NSW1,2009/12/18 22:30,8351.69,22.68,TRADE
NSW1,2009/12/18 23:00,8236.82,21.37,TRADE
NSW1,2009/12/18 23:30,8023.52,21.31,TRADE
NSW1,2009/12/19 0:00,7839.99,20.95,TRADE
NSW1,2009/12/19 0:30,7566.67,20.49,TRADE
NSW1,2009/12/19 1:00,7320.77,18.8,TRADE
NSW1,2009/12/19 1:30,7004.31,18.97,TRADE
NSW1,2009/12/19 2:00,6727.16,17.02,TRADE
NSW1,2009/12/19 2:30,6480.24,14.53,TRADE
NSW1,2009/12/19 3:00,6356.01,16.93,TRADE
NSW1,2009/12/19 3:30,6343.53,18.7,TRADE
NSW1,2009/12/19 4:00,6354.69,16.01,TRADE
NSW1,2009/12/19 4:30,6466.11,13.83,TRADE
NSW1,2009/12/19 5:00,6470.32,16.18,TRADE
NSW1,2009/12/19 5:30,6730.4,17.18,TRADE
NSW1,2009/12/19 6:00,7029.39,16.85,TRADE
NSW1,2009/12/19 6:30,7317.43,18.62,TRADE
NSW1,2009/12/19 7:00,7726.04,21.65,TRADE
NSW1,2009/12/19 7:30,8064.52,21.66,TRADE
NSW1,2009/12/19 8:00,8472.44,24,TRADE
NSW1,2009/12/19 8:30,8855.89,27.74,TRADE
NSW1,2009/12/19 9:00,9050.06,25.75,TRADE
NSW1,2009/12/19 9:30,9145.95,26.71,TRADE
NSW1,2009/12/19 10:00,9166.95,28.5,TRADE
NSW1,2009/12/19 10:30,9168.29,25.44,TRADE
NSW1,2009/12/19 11:00,9137.3,24.69,TRADE
NSW1,2009/12/19 11:30,9200.98,25.73,TRADE
NSW1,2009/12/19 12:00,9237.36,26.05,TRADE
NSW1,2009/12/19 12:30,9237.53,27,TRADE
NSW1,2009/12/19 13:00,9279.59,26.89,TRADE
NSW1,2009/12/19 13:30,9297.98,25.88,TRADE
NSW1,2009/12/19 14:00,9300.62,25.65,TRADE
NSW1,2009/12/19 14:30,9333.59,24.11,TRADE
NSW1,2009/12/19 15:00,9348.81,22.58,TRADE
NSW1,2009/12/19 15:30,9349.22,21.94,TRADE
NSW1,2009/12/19 16:00,9314.49,22,TRADE
NSW1,2009/12/19 16:30,9115.81,22,TRADE
NSW1,2009/12/19 17:00,9115.06,22,TRADE
NSW1,2009/12/19 17:30,8967.18,21.83,TRADE
NSW1,2009/12/19 18:00,8764.84,21.81,TRADE
NSW1,2009/12/19 18:30,8555.3,22,TRADE
NSW1,2009/12/19 19:00,8464.15,21.82,TRADE
NSW1,2009/12/19 19:30,8506.73,21.87,TRADE
NSW1,2009/12/19 20:00,8555.91,21.93,TRADE
NSW1,2009/12/19 20:30,8421.17,21.69,TRADE
NSW1,2009/12/19 21:00,8204.54,20.95,TRADE
NSW1,2009/12/19 21:30,8155.53,21.12,TRADE
NSW1,2009/12/19 22:00,8117.47,20.62,TRADE
NSW1,2009/12/19 22:30,7996.79,20.83,TRADE
NSW1,2009/12/19 23:00,7769.66,19.78,TRADE
NSW1,2009/12/19 23:30,7497.56,19.37,TRADE
NSW1,2009/12/20 0:00,7338.69,19.09,TRADE
NSW1,2009/12/20 0:30,7087.13,18.32,TRADE
NSW1,2009/12/20 1:00,6923.41,16.57,TRADE
NSW1,2009/12/20 1:30,6659.54,16.96,TRADE
NSW1,2009/12/20 2:00,6496.42,16.01,TRADE
NSW1,2009/12/20 2:30,6317.67,14.15,TRADE
NSW1,2009/12/20 3:00,6248.72,12.06,TRADE
NSW1,2009/12/20 3:30,6211.5,12.34,TRADE
NSW1,2009/12/20 4:00,6201.51,12.3,TRADE
NSW1,2009/12/20 4:30,6283.6,11.18,TRADE
NSW1,2009/12/20 5:00,6277.44,11.04,TRADE
NSW1,2009/12/20 5:30,6372.05,11.53,TRADE
NSW1,2009/12/20 6:00,6573.42,11.93,TRADE
NSW1,2009/12/20 6:30,6778.62,16.08,TRADE
NSW1,2009/12/20 7:00,7094.66,18.61,TRADE
NSW1,2009/12/20 7:30,7517.92,20.38,TRADE
NSW1,2009/12/20 8:00,7784.12,20.94,TRADE
NSW1,2009/12/20 8:30,8082.3,21.98,TRADE
NSW1,2009/12/20 9:00,8240.44,22,TRADE
NSW1,2009/12/20 9:30,8352.72,21.95,TRADE
NSW1,2009/12/20 10:00,8412.89,22.03,TRADE
NSW1,2009/12/20 10:30,8434.1,21.83,TRADE
NSW1,2009/12/20 11:00,8434.14,22.01,TRADE
NSW1,2009/12/20 11:30,8412.09,22.08,TRADE
NSW1,2009/12/20 12:00,8451.67,22.24,TRADE
NSW1,2009/12/20 12:30,8403.79,22,TRADE
NSW1,2009/12/20 13:00,8350.14,22,TRADE
NSW1,2009/12/20 13:30,8266.91,22,TRADE
NSW1,2009/12/20 14:00,8309.37,22.01,TRADE
NSW1,2009/12/20 14:30,8256.5,22,TRADE
NSW1,2009/12/20 15:00,8365.22,21.83,TRADE
NSW1,2009/12/20 15:30,8346.57,21.66,TRADE
NSW1,2009/12/20 16:00,8419.14,22,TRADE
NSW1,2009/12/20 16:30,8371.16,22,TRADE
NSW1,2009/12/20 17:00,8458.74,22,TRADE
NSW1,2009/12/20 17:30,8440.88,22,TRADE
NSW1,2009/12/20 18:00,8402.5,21.67,TRADE
NSW1,2009/12/20 18:30,8409.34,22,TRADE
NSW1,2009/12/20 19:00,8346.26,21.83,TRADE
NSW1,2009/12/20 19:30,8478.94,22,TRADE
NSW1,2009/12/20 20:00,8533.34,22,TRADE
NSW1,2009/12/20 20:30,8396.2,21.9,TRADE
NSW1,2009/12/20 21:00,8206.64,21.55,TRADE
NSW1,2009/12/20 21:30,8180.44,22.05,TRADE
NSW1,2009/12/20 22:00,7986.01,20.9,TRADE
NSW1,2009/12/20 22:30,7846.58,21.25,TRADE
NSW1,2009/12/20 23:00,7669.17,20.42,TRADE
NSW1,2009/12/20 23:30,7446.21,20.84,TRADE
NSW1,2009/12/21 0:00,7268.97,19.68,TRADE
NSW1,2009/12/21 0:30,7133.32,19,TRADE
NSW1,2009/12/21 1:00,6995.22,17.13,TRADE
NSW1,2009/12/21 1:30,6740.54,18.3,TRADE
NSW1,2009/12/21 2:00,6597.67,17.61,TRADE
NSW1,2009/12/21 2:30,6509.81,17.9,TRADE
NSW1,2009/12/21 3:00,6382.97,16.86,TRADE
NSW1,2009/12/21 3:30,6421.74,14.8,TRADE
NSW1,2009/12/21 4:00,6487.62,16.97,TRADE
NSW1,2009/12/21 4:30,6756.05,18.73,TRADE
NSW1,2009/12/21 5:00,6993.45,20.79,TRADE
NSW1,2009/12/21 5:30,7379.78,21.44,TRADE
NSW1,2009/12/21 6:00,7928.6,21.48,TRADE
NSW1,2009/12/21 6:30,8371.9,22.42,TRADE
NSW1,2009/12/21 7:00,8884.08,22.66,TRADE
NSW1,2009/12/21 7:30,9221.18,21.98,TRADE
NSW1,2009/12/21 8:00,9570.82,23.94,TRADE
NSW1,2009/12/21 8:30,9790.68,24.75,TRADE
NSW1,2009/12/21 9:00,10001.97,25.42,TRADE
NSW1,2009/12/21 9:30,10173.24,25.33,TRADE
NSW1,2009/12/21 10:00,10255.57,26.03,TRADE
NSW1,2009/12/21 10:30,10364.77,27.42,TRADE
NSW1,2009/12/21 11:00,10381.53,30.7,TRADE
NSW1,2009/12/21 11:30,10457.4,31.86,TRADE
NSW1,2009/12/21 12:00,10552.01,33.14,TRADE
NSW1,2009/12/21 12:30,10640.9,46.5,TRADE
NSW1,2009/12/21 13:00,10707.43,40.1,TRADE
NSW1,2009/12/21 13:30,10704.12,41.59,TRADE
NSW1,2009/12/21 14:00,10593.8,36.59,TRADE
NSW1,2009/12/21 14:30,10587.37,35.35,TRADE
NSW1,2009/12/21 15:00,10581.13,33.7,TRADE
NSW1,2009/12/21 15:30,10580.71,32.78,TRADE
NSW1,2009/12/21 16:00,10715.93,34.3,TRADE
NSW1,2009/12/21 16:30,10545.91,32.49,TRADE
NSW1,2009/12/21 17:00,10441.22,32.46,TRADE
NSW1,2009/12/21 17:30,10110.5,26.61,TRADE
NSW1,2009/12/21 18:00,9942.23,25.39,TRADE
NSW1,2009/12/21 18:30,9685.33,24,TRADE
NSW1,2009/12/21 19:00,9515.83,22.38,TRADE
NSW1,2009/12/21 19:30,9558.48,22.8,TRADE
NSW1,2009/12/21 20:00,9468.75,22.2,TRADE
NSW1,2009/12/21 20:30,9197.2,22.07,TRADE
NSW1,2009/12/21 21:00,8988.38,21.66,TRADE
NSW1,2009/12/21 21:30,8930.88,21.95,TRADE
NSW1,2009/12/21 22:00,8754.18,21.39,TRADE
NSW1,2009/12/21 22:30,8674.86,29.69,TRADE
NSW1,2009/12/21 23:00,8511.27,24.22,TRADE
NSW1,2009/12/21 23:30,8233.39,21.97,TRADE
NSW1,2009/12/22 0:00,8009.89,21.67,TRADE
NSW1,2009/12/22 0:30,7816.66,21.82,TRADE
NSW1,2009/12/22 1:00,7570.61,21.35,TRADE
NSW1,2009/12/22 1:30,7293.19,21.83,TRADE
NSW1,2009/12/22 2:00,6982.73,20.18,TRADE
NSW1,2009/12/22 2:30,6803.98,20.32,TRADE
NSW1,2009/12/22 3:00,6666.02,19.7,TRADE
NSW1,2009/12/22 3:30,6636.71,18.83,TRADE
NSW1,2009/12/22 4:00,6727.47,19.75,TRADE
NSW1,2009/12/22 4:30,6932.27,21.31,TRADE
NSW1,2009/12/22 5:00,7100.08,21.68,TRADE
NSW1,2009/12/22 5:30,7541.2,22.42,TRADE
NSW1,2009/12/22 6:00,8100.67,22.29,TRADE
NSW1,2009/12/22 6:30,8476.32,22.89,TRADE
NSW1,2009/12/22 7:00,8966.65,23.99,TRADE
NSW1,2009/12/22 7:30,9322.94,25.03,TRADE
NSW1,2009/12/22 8:00,9661.61,27.85,TRADE
NSW1,2009/12/22 8:30,10021.45,30.2,TRADE
NSW1,2009/12/22 9:00,10218.05,32.24,TRADE
NSW1,2009/12/22 9:30,10461.39,42.68,TRADE
NSW1,2009/12/22 10:00,10580.8,34.58,TRADE
NSW1,2009/12/22 10:30,10776.13,37.7,TRADE
NSW1,2009/12/22 11:00,10903.57,41.16,TRADE
NSW1,2009/12/22 11:30,11095.89,46.71,TRADE
NSW1,2009/12/22 12:00,11192.92,45.6,TRADE
NSW1,2009/12/22 12:30,11425.21,49.3,TRADE
NSW1,2009/12/22 13:00,11505.1,46.13,TRADE
NSW1,2009/12/22 13:30,11574.85,43.1,TRADE
NSW1,2009/12/22 14:00,11637.83,45.36,TRADE
NSW1,2009/12/22 14:30,11648.13,41.21,TRADE
NSW1,2009/12/22 15:00,11654.75,35.85,TRADE
NSW1,2009/12/22 15:30,11673.63,33.73,TRADE
NSW1,2009/12/22 16:00,11708.24,34.19,TRADE
NSW1,2009/12/22 16:30,11622.3,42.21,TRADE
NSW1,2009/12/22 17:00,11504.99,33.35,TRADE
NSW1,2009/12/22 17:30,11189.07,27.85,TRADE
NSW1,2009/12/22 18:00,10994.81,28.77,TRADE
NSW1,2009/12/22 18:30,10588.34,26.32,TRADE
NSW1,2009/12/22 19:00,10341.24,24.5,TRADE
NSW1,2009/12/22 19:30,10295.88,24.69,TRADE
NSW1,2009/12/22 20:00,10299.28,24.66,TRADE
NSW1,2009/12/22 20:30,10074.23,24.76,TRADE
NSW1,2009/12/22 21:00,9728.48,23.65,TRADE
NSW1,2009/12/22 21:30,9639.63,24.46,TRADE
NSW1,2009/12/22 22:00,9344.84,22.62,TRADE
NSW1,2009/12/22 22:30,9023.74,22.56,TRADE
NSW1,2009/12/22 23:00,8808.23,23.3,TRADE
NSW1,2009/12/22 23:30,8473.88,22.08,TRADE
NSW1,2009/12/23 0:00,8140.31,21.48,TRADE
NSW1,2009/12/23 0:30,7812.64,21.37,TRADE
NSW1,2009/12/23 1:00,7575.88,20.89,TRADE
NSW1,2009/12/23 1:30,7267,20.47,TRADE
NSW1,2009/12/23 2:00,6966.04,17.51,TRADE
NSW1,2009/12/23 2:30,6743.28,18.17,TRADE
NSW1,2009/12/23 3:00,6659.87,16.99,TRADE
NSW1,2009/12/23 3:30,6701.53,17.08,TRADE
NSW1,2009/12/23 4:00,6721.38,17.05,TRADE
NSW1,2009/12/23 4:30,6888.33,17,TRADE
NSW1,2009/12/23 5:00,6954.96,16.68,TRADE
NSW1,2009/12/23 5:30,7393.04,21.14,TRADE
NSW1,2009/12/23 6:00,7919.74,20.04,TRADE
NSW1,2009/12/23 6:30,8391.37,20.7,TRADE
NSW1,2009/12/23 7:00,8826.64,21.99,TRADE
NSW1,2009/12/23 7:30,9300.04,22.41,TRADE
NSW1,2009/12/23 8:00,9753.04,23.64,TRADE
NSW1,2009/12/23 8:30,10131.59,23.97,TRADE
NSW1,2009/12/23 9:00,10392.52,29.78,TRADE
NSW1,2009/12/23 9:30,10635.3,30.81,TRADE
NSW1,2009/12/23 10:00,10858.01,44.19,TRADE
NSW1,2009/12/23 10:30,11049.55,36.42,TRADE
NSW1,2009/12/23 11:00,11206.23,35.17,TRADE
NSW1,2009/12/23 11:30,11381.66,33.93,TRADE
NSW1,2009/12/23 12:00,11469.45,40.25,TRADE
NSW1,2009/12/23 12:30,11600.18,63.16,TRADE
NSW1,2009/12/23 13:00,11729.58,44.13,TRADE
NSW1,2009/12/23 13:30,11870.5,55.64,TRADE
NSW1,2009/12/23 14:00,11975.84,56.95,TRADE
NSW1,2009/12/23 14:30,12037.92,54.49,TRADE
NSW1,2009/12/23 15:00,11958.2,53.58,TRADE
NSW1,2009/12/23 15:30,11849.11,48.15,TRADE
NSW1,2009/12/23 16:00,11754.31,48.83,TRADE
NSW1,2009/12/23 16:30,11589,50.23,TRADE
NSW1,2009/12/23 17:00,11549.87,47.06,TRADE
NSW1,2009/12/23 17:30,11254.89,45.67,TRADE
NSW1,2009/12/23 18:00,10968.56,40.9,TRADE
NSW1,2009/12/23 18:30,10642.52,40.6,TRADE
NSW1,2009/12/23 19:00,10442.06,37.28,TRADE
NSW1,2009/12/23 19:30,10397.22,40.71,TRADE
NSW1,2009/12/23 20:00,10400.72,42.24,TRADE
NSW1,2009/12/23 20:30,10232.76,39.6,TRADE
NSW1,2009/12/23 21:00,9891.33,30.48,TRADE
NSW1,2009/12/23 21:30,9765.57,36.9,TRADE
NSW1,2009/12/23 22:00,9545.16,27.01,TRADE
NSW1,2009/12/23 22:30,9318.62,32.18,TRADE
NSW1,2009/12/23 23:00,8961.57,24,TRADE
NSW1,2009/12/23 23:30,8578.31,22.6,TRADE
NSW1,2009/12/24 0:00,8291.48,21.94,TRADE
NSW1,2009/12/24 0:30,7956.42,21.31,TRADE
NSW1,2009/12/24 1:00,7660.47,20.94,TRADE
NSW1,2009/12/24 1:30,7329.29,20.77,TRADE
NSW1,2009/12/24 2:00,7016.94,19.48,TRADE
NSW1,2009/12/24 2:30,6782.82,20.1,TRADE
NSW1,2009/12/24 3:00,6756.02,18.76,TRADE
NSW1,2009/12/24 3:30,6740.26,18.89,TRADE
NSW1,2009/12/24 4:00,6797.52,19.62,TRADE
NSW1,2009/12/24 4:30,6931.79,20.11,TRADE
NSW1,2009/12/24 5:00,6996.38,20.38,TRADE
NSW1,2009/12/24 5:30,7420.91,21.79,TRADE
NSW1,2009/12/24 6:00,7839.09,21.45,TRADE
NSW1,2009/12/24 6:30,8245.03,22.41,TRADE
NSW1,2009/12/24 7:00,8751.04,22.3,TRADE
NSW1,2009/12/24 7:30,9228.53,22.93,TRADE
NSW1,2009/12/24 8:00,9602.51,24.95,TRADE
NSW1,2009/12/24 8:30,10032.27,28.33,TRADE
NSW1,2009/12/24 9:00,10339.02,30.47,TRADE
NSW1,2009/12/24 9:30,10567.93,33.02,TRADE
NSW1,2009/12/24 10:00,10806.95,33.7,TRADE
NSW1,2009/12/24 10:30,11006.96,35.94,TRADE
NSW1,2009/12/24 11:00,11196.92,34.68,TRADE
NSW1,2009/12/24 11:30,11324.18,33.27,TRADE
NSW1,2009/12/24 12:00,11329.81,33.1,TRADE
NSW1,2009/12/24 12:30,11454.28,48.61,TRADE
NSW1,2009/12/24 13:00,11446.88,69.49,TRADE
NSW1,2009/12/24 13:30,11506.67,70.62,TRADE
NSW1,2009/12/24 14:00,11462.51,60.92,TRADE
NSW1,2009/12/24 14:30,11422.82,45.61,TRADE
NSW1,2009/12/24 15:00,11278.07,33.79,TRADE
NSW1,2009/12/24 15:30,11210.4,30,TRADE
NSW1,2009/12/24 16:00,11047.25,34.99,TRADE
NSW1,2009/12/24 16:30,10760.57,28.52,TRADE
NSW1,2009/12/24 17:00,10438.11,28.56,TRADE
NSW1,2009/12/24 17:30,9925.68,24.83,TRADE
NSW1,2009/12/24 18:00,9591.66,23.98,TRADE
NSW1,2009/12/24 18:30,9286.87,22.35,TRADE
NSW1,2009/12/24 19:00,9125.62,21.99,TRADE
NSW1,2009/12/24 19:30,9157.02,22,TRADE
NSW1,2009/12/24 20:00,9155.01,22,TRADE
NSW1,2009/12/24 20:30,9002.11,21.68,TRADE
NSW1,2009/12/24 21:00,8793.31,22,TRADE
NSW1,2009/12/24 21:30,8893.36,22.04,TRADE
NSW1,2009/12/24 22:00,8790.53,21.33,TRADE
NSW1,2009/12/24 22:30,8702.8,22.21,TRADE
NSW1,2009/12/24 23:00,8497.61,22.85,TRADE
NSW1,2009/12/24 23:30,8161.36,21.82,TRADE
NSW1,2009/12/25 0:00,7906.33,22.75,TRADE
NSW1,2009/12/25 0:30,7589.33,20.43,TRADE
NSW1,2009/12/25 1:00,7279.77,19.57,TRADE
NSW1,2009/12/25 1:30,6942.98,18.67,TRADE
NSW1,2009/12/25 2:00,6619.93,17,TRADE
NSW1,2009/12/25 2:30,6406.01,17.51,TRADE
NSW1,2009/12/25 3:00,6281.36,15.91,TRADE
NSW1,2009/12/25 3:30,6196.28,16.86,TRADE
NSW1,2009/12/25 4:00,6158.21,15.51,TRADE
NSW1,2009/12/25 4:30,6214.07,18.23,TRADE
NSW1,2009/12/25 5:00,6249.31,17.91,TRADE
NSW1,2009/12/25 5:30,6398.69,19.77,TRADE
NSW1,2009/12/25 6:00,6620.94,20.07,TRADE
NSW1,2009/12/25 6:30,6863.03,15.2,TRADE
NSW1,2009/12/25 7:00,7142.07,18.06,TRADE
NSW1,2009/12/25 7:30,7415.49,19,TRADE
NSW1,2009/12/25 8:00,7682.35,20.23,TRADE
NSW1,2009/12/25 8:30,7940.15,21.01,TRADE
NSW1,2009/12/25 9:00,8149.43,21,TRADE
NSW1,2009/12/25 9:30,8285.1,21.83,TRADE
NSW1,2009/12/25 10:00,8402.54,22.01,TRADE
NSW1,2009/12/25 10:30,8409.82,22,TRADE
NSW1,2009/12/25 11:00,8409.56,22,TRADE
NSW1,2009/12/25 11:30,8336.91,22,TRADE
NSW1,2009/12/25 12:00,8234.53,21.82,TRADE
NSW1,2009/12/25 12:30,8067.16,20.82,TRADE
NSW1,2009/12/25 13:00,7868.37,20.85,TRADE
NSW1,2009/12/25 13:30,7657.87,20.31,TRADE
NSW1,2009/12/25 14:00,7508.33,20,TRADE
NSW1,2009/12/25 14:30,7397.47,19.99,TRADE
NSW1,2009/12/25 15:00,7305.58,19.26,TRADE
NSW1,2009/12/25 15:30,7202.28,18.02,TRADE
NSW1,2009/12/25 16:00,7152.04,17.72,TRADE
NSW1,2009/12/25 16:30,7092.51,17,TRADE
NSW1,2009/12/25 17:00,7083.83,17,TRADE
NSW1,2009/12/25 17:30,7016.39,17.31,TRADE
NSW1,2009/12/25 18:00,6994.09,17.1,TRADE
NSW1,2009/12/25 18:30,7011.8,17,TRADE
NSW1,2009/12/25 19:00,7023.42,17.1,TRADE
NSW1,2009/12/25 19:30,7141.07,18.85,TRADE
NSW1,2009/12/25 20:00,7241.16,19.83,TRADE
NSW1,2009/12/25 20:30,7193.13,19.79,TRADE
NSW1,2009/12/25 21:00,7111.65,18.18,TRADE
NSW1,2009/12/25 21:30,7195.97,19.5,TRADE
NSW1,2009/12/25 22:00,7191.3,18.33,TRADE
NSW1,2009/12/25 22:30,7239.86,18.67,TRADE
NSW1,2009/12/25 23:00,7152.69,17.89,TRADE
NSW1,2009/12/25 23:30,7011.29,18.79,TRADE
NSW1,2009/12/26 0:00,6850.32,16.85,TRADE
NSW1,2009/12/26 0:30,6647.52,15.88,TRADE
NSW1,2009/12/26 1:00,6390.59,15.2,TRADE
NSW1,2009/12/26 1:30,6167.23,17.7,TRADE
NSW1,2009/12/26 2:00,5954.07,16.26,TRADE
NSW1,2009/12/26 2:30,5773.92,15.6,TRADE
NSW1,2009/12/26 3:00,5667.24,12.17,TRADE
NSW1,2009/12/26 3:30,5636.07,9.64,TRADE
NSW1,2009/12/26 4:00,5637.97,5.09,TRADE
NSW1,2009/12/26 4:30,5681.35,5.68,TRADE
NSW1,2009/12/26 5:00,5726.74,6.28,TRADE
NSW1,2009/12/26 5:30,5801.65,9.81,TRADE
NSW1,2009/12/26 6:00,5894.25,14.39,TRADE
NSW1,2009/12/26 6:30,6083.01,15.21,TRADE
NSW1,2009/12/26 7:00,6351.3,15.21,TRADE
NSW1,2009/12/26 7:30,6655.06,16.36,TRADE
NSW1,2009/12/26 8:00,6959.34,18.07,TRADE
NSW1,2009/12/26 8:30,7271.68,20.09,TRADE
NSW1,2009/12/26 9:00,7371.59,20.53,TRADE
NSW1,2009/12/26 9:30,7514.14,21,TRADE
NSW1,2009/12/26 10:00,7525.66,21,TRADE
NSW1,2009/12/26 10:30,7518.67,21,TRADE
NSW1,2009/12/26 11:00,7521.03,21,TRADE
NSW1,2009/12/26 11:30,7471.12,21,TRADE
NSW1,2009/12/26 12:00,7418.57,21,TRADE
NSW1,2009/12/26 12:30,7334.39,21,TRADE
NSW1,2009/12/26 13:00,7276.9,21,TRADE
NSW1,2009/12/26 13:30,7221.66,21,TRADE
NSW1,2009/12/26 14:00,7171.76,20.84,TRADE
NSW1,2009/12/26 14:30,7176.94,20.52,TRADE
NSW1,2009/12/26 15:00,7174.88,20.66,TRADE
NSW1,2009/12/26 15:30,7199.09,20.97,TRADE
NSW1,2009/12/26 16:00,7205.79,21,TRADE
NSW1,2009/12/26 16:30,7167.29,21,TRADE
NSW1,2009/12/26 17:00,7278.77,21,TRADE
NSW1,2009/12/26 17:30,7345.78,21,TRADE
NSW1,2009/12/26 18:00,7402.29,21,TRADE
NSW1,2009/12/26 18:30,7390.96,21,TRADE
NSW1,2009/12/26 19:00,7412.42,21,TRADE
NSW1,2009/12/26 19:30,7520.34,21.03,TRADE
NSW1,2009/12/26 20:00,7541.86,21.16,TRADE
NSW1,2009/12/26 20:30,7450.53,21,TRADE
NSW1,2009/12/26 21:00,7330.14,20.99,TRADE
NSW1,2009/12/26 21:30,7351.36,21,TRADE
NSW1,2009/12/26 22:00,7279.41,20.52,TRADE
NSW1,2009/12/26 22:30,7207.21,21.16,TRADE
NSW1,2009/12/26 23:00,7066.11,20.16,TRADE
NSW1,2009/12/26 23:30,6876.92,20.33,TRADE
NSW1,2009/12/27 0:00,6758.61,20.04,TRADE
NSW1,2009/12/27 0:30,6592.43,20.33,TRADE
NSW1,2009/12/27 1:00,6426.72,20.64,TRADE
NSW1,2009/12/27 1:30,6208.01,20,TRADE
NSW1,2009/12/27 2:00,5989,17.84,TRADE
NSW1,2009/12/27 2:30,5867.1,19.46,TRADE
NSW1,2009/12/27 3:00,5821.43,18.23,TRADE
NSW1,2009/12/27 3:30,5792.58,17,TRADE
NSW1,2009/12/27 4:00,5771.02,15.32,TRADE
NSW1,2009/12/27 4:30,5841.58,16.04,TRADE
NSW1,2009/12/27 5:00,5872.44,16.21,TRADE
NSW1,2009/12/27 5:30,5946.41,18.08,TRADE
NSW1,2009/12/27 6:00,6090.72,19.56,TRADE
NSW1,2009/12/27 6:30,6342.99,14.1,TRADE
NSW1,2009/12/27 7:00,6643.08,18.53,TRADE
NSW1,2009/12/27 7:30,7002.37,20.38,TRADE
NSW1,2009/12/27 8:00,7335.29,20.99,TRADE
NSW1,2009/12/27 8:30,7604.12,21.99,TRADE
NSW1,2009/12/27 9:00,7796.34,21.94,TRADE
NSW1,2009/12/27 9:30,7966.29,22.01,TRADE
NSW1,2009/12/27 10:00,8004.77,22.01,TRADE
NSW1,2009/12/27 10:30,7989.24,22.01,TRADE
NSW1,2009/12/27 11:00,7978.86,22.02,TRADE
NSW1,2009/12/27 11:30,7927.45,22,TRADE
NSW1,2009/12/27 12:00,7892.94,21.39,TRADE
NSW1,2009/12/27 12:30,7848.01,21.98,TRADE
NSW1,2009/12/27 13:00,7808.49,22.01,TRADE
NSW1,2009/12/27 13:30,7799.26,22,TRADE
NSW1,2009/12/27 14:00,7789.68,22,TRADE
NSW1,2009/12/27 14:30,7749.23,22,TRADE
NSW1,2009/12/27 15:00,7759.58,22,TRADE
NSW1,2009/12/27 15:30,7767.28,22.01,TRADE
NSW1,2009/12/27 16:00,7787.42,22.02,TRADE
NSW1,2009/12/27 16:30,7784.05,22.01,TRADE
NSW1,2009/12/27 17:00,7838.19,21.91,TRADE
NSW1,2009/12/27 17:30,7832.99,22,TRADE
NSW1,2009/12/27 18:00,7847.72,21.96,TRADE
NSW1,2009/12/27 18:30,7771.06,22.01,TRADE
NSW1,2009/12/27 19:00,7740.77,21.95,TRADE
NSW1,2009/12/27 19:30,7867.14,22,TRADE
NSW1,2009/12/27 20:00,7950.35,22.16,TRADE
NSW1,2009/12/27 20:30,7841.12,22,TRADE
NSW1,2009/12/27 21:00,7646.03,21.92,TRADE
NSW1,2009/12/27 21:30,7596.77,21.82,TRADE
NSW1,2009/12/27 22:00,7509.7,21.01,TRADE
NSW1,2009/12/27 22:30,7428.77,21.24,TRADE
NSW1,2009/12/27 23:00,7236.73,20.5,TRADE
NSW1,2009/12/27 23:30,7041.19,20.87,TRADE
NSW1,2009/12/28 0:00,6890.27,21.16,TRADE
NSW1,2009/12/28 0:30,6748.56,21.49,TRADE
NSW1,2009/12/28 1:00,6620.35,21.15,TRADE
NSW1,2009/12/28 1:30,6364.27,20.74,TRADE
NSW1,2009/12/28 2:00,6115.18,19.18,TRADE
NSW1,2009/12/28 2:30,6018.33,20.55,TRADE
NSW1,2009/12/28 3:00,6040.05,19.75,TRADE
NSW1,2009/12/28 3:30,5997.44,19.54,TRADE
NSW1,2009/12/28 4:00,5995.11,19.58,TRADE
NSW1,2009/12/28 4:30,6082.6,19.87,TRADE
NSW1,2009/12/28 5:00,6146.35,20,TRADE
NSW1,2009/12/28 5:30,6311.06,19.35,TRADE
NSW1,2009/12/28 6:00,6497.85,20.77,TRADE
NSW1,2009/12/28 6:30,6703.22,16.12,TRADE
NSW1,2009/12/28 7:00,6982.05,20.02,TRADE
NSW1,2009/12/28 7:30,7301.13,20.33,TRADE
NSW1,2009/12/28 8:00,7601.91,21.23,TRADE
NSW1,2009/12/28 8:30,7931.98,22,TRADE
NSW1,2009/12/28 9:00,8135.96,22.26,TRADE
NSW1,2009/12/28 9:30,8351.76,22.24,TRADE
NSW1,2009/12/28 10:00,8463.21,22.29,TRADE
NSW1,2009/12/28 10:30,8525.23,22,TRADE
NSW1,2009/12/28 11:00,8547.39,22.49,TRADE
NSW1,2009/12/28 11:30,8530.69,22.61,TRADE
NSW1,2009/12/28 12:00,8515.85,22.72,TRADE
NSW1,2009/12/28 12:30,8458.78,22.02,TRADE
NSW1,2009/12/28 13:00,8423.83,21.94,TRADE
NSW1,2009/12/28 13:30,8396.54,21.89,TRADE
NSW1,2009/12/28 14:00,8417.81,21.97,TRADE
NSW1,2009/12/28 14:30,8387.45,22.08,TRADE
NSW1,2009/12/28 15:00,8407.94,22.23,TRADE
NSW1,2009/12/28 15:30,8390.54,22.89,TRADE
NSW1,2009/12/28 16:00,8426.81,24.34,TRADE
NSW1,2009/12/28 16:30,8463.45,25.03,TRADE
NSW1,2009/12/28 17:00,8512.02,25.31,TRADE
NSW1,2009/12/28 17:30,8428.42,24.95,TRADE
NSW1,2009/12/28 18:00,8337.29,24.53,TRADE
NSW1,2009/12/28 18:30,8216.29,22.77,TRADE
NSW1,2009/12/28 19:00,8152.74,23.54,TRADE
NSW1,2009/12/28 19:30,8104.45,22.56,TRADE
NSW1,2009/12/28 20:00,8211.87,22.13,TRADE
NSW1,2009/12/28 20:30,8050.5,21.81,TRADE
NSW1,2009/12/28 21:00,7927.43,21.96,TRADE
NSW1,2009/12/28 21:30,7963.56,21.8,TRADE
NSW1,2009/12/28 22:00,7890.64,21.09,TRADE
NSW1,2009/12/28 22:30,7866.06,21.77,TRADE
NSW1,2009/12/28 23:00,7702.8,21.81,TRADE
NSW1,2009/12/28 23:30,7524.95,21.7,TRADE
NSW1,2009/12/29 0:00,7389.26,22.71,TRADE
NSW1,2009/12/29 0:30,7146.15,21.43,TRADE
NSW1,2009/12/29 1:00,6952.51,21.23,TRADE
NSW1,2009/12/29 1:30,6673.43,21.02,TRADE
NSW1,2009/12/29 2:00,6415.77,19.66,TRADE
NSW1,2009/12/29 2:30,6252.99,19.16,TRADE
NSW1,2009/12/29 3:00,6116.87,17.3,TRADE
NSW1,2009/12/29 3:30,6101.45,17.12,TRADE
NSW1,2009/12/29 4:00,6129.66,17.28,TRADE
NSW1,2009/12/29 4:30,6238.61,17.93,TRADE
NSW1,2009/12/29 5:00,6359.42,17.09,TRADE
NSW1,2009/12/29 5:30,6596.6,20.74,TRADE
NSW1,2009/12/29 6:00,6905.03,21.61,TRADE
NSW1,2009/12/29 6:30,7175.26,20.33,TRADE
NSW1,2009/12/29 7:00,7543.74,21.51,TRADE
NSW1,2009/12/29 7:30,7929.64,22.61,TRADE
NSW1,2009/12/29 8:00,8301.45,25.18,TRADE
NSW1,2009/12/29 8:30,8661.11,26.45,TRADE
NSW1,2009/12/29 9:00,8861.8,26.37,TRADE
NSW1,2009/12/29 9:30,9010.63,30.19,TRADE
NSW1,2009/12/29 10:00,9096.78,29.15,TRADE
NSW1,2009/12/29 10:30,9104.7,30,TRADE
NSW1,2009/12/29 11:00,9123.97,30.82,TRADE
NSW1,2009/12/29 11:30,9131.79,31.36,TRADE
NSW1,2009/12/29 12:00,9113.68,32.11,TRADE
NSW1,2009/12/29 12:30,9144.81,34.34,TRADE
NSW1,2009/12/29 13:00,9139.62,33.86,TRADE
NSW1,2009/12/29 13:30,9101.81,35.16,TRADE
NSW1,2009/12/29 14:00,9126.36,44.22,TRADE
NSW1,2009/12/29 14:30,9141.6,43.67,TRADE
NSW1,2009/12/29 15:00,9159.95,36.15,TRADE
NSW1,2009/12/29 15:30,9185.62,37.04,TRADE
NSW1,2009/12/29 16:00,9194.03,39.12,TRADE
NSW1,2009/12/29 16:30,9169.49,38.26,TRADE
NSW1,2009/12/29 17:00,9098.58,35.23,TRADE
NSW1,2009/12/29 17:30,8882.25,31.91,TRADE
NSW1,2009/12/29 18:00,8766.4,30.29,TRADE
NSW1,2009/12/29 18:30,8552.45,25.61,TRADE
NSW1,2009/12/29 19:00,8384.88,25.05,TRADE
NSW1,2009/12/29 19:30,8443.74,25,TRADE
NSW1,2009/12/29 20:00,8528.83,25.12,TRADE
NSW1,2009/12/29 20:30,8391.97,24.98,TRADE
NSW1,2009/12/29 21:00,8201.7,24.89,TRADE
NSW1,2009/12/29 21:30,8252.19,24.17,TRADE
NSW1,2009/12/29 22:00,8130,21.93,TRADE
NSW1,2009/12/29 22:30,8063.51,21.88,TRADE
NSW1,2009/12/29 23:00,7957.32,22.61,TRADE
NSW1,2009/12/29 23:30,7782.18,24.85,TRADE
NSW1,2009/12/30 0:00,7580.98,21.42,TRADE
NSW1,2009/12/30 0:30,7353.35,21,TRADE
NSW1,2009/12/30 1:00,7122.8,21,TRADE
NSW1,2009/12/30 1:30,6818.12,20.69,TRADE
NSW1,2009/12/30 2:00,6534.34,18.49,TRADE
NSW1,2009/12/30 2:30,6327.7,20.33,TRADE
NSW1,2009/12/30 3:00,6259.3,20,TRADE
NSW1,2009/12/30 3:30,6209.1,19,TRADE
NSW1,2009/12/30 4:00,6231.47,18.94,TRADE
NSW1,2009/12/30 4:30,6345.27,19.79,TRADE
NSW1,2009/12/30 5:00,6400.15,19.94,TRADE
NSW1,2009/12/30 5:30,6645.1,21.14,TRADE
NSW1,2009/12/30 6:00,6924.97,20.96,TRADE
NSW1,2009/12/30 6:30,7153.4,20.2,TRADE
NSW1,2009/12/30 7:00,7491.43,21.39,TRADE
NSW1,2009/12/30 7:30,7851.21,22.19,TRADE
NSW1,2009/12/30 8:00,8236.28,24.09,TRADE
NSW1,2009/12/30 8:30,8584.71,25.54,TRADE
NSW1,2009/12/30 9:00,8801.08,27.77,TRADE
NSW1,2009/12/30 9:30,8937.69,30.09,TRADE
NSW1,2009/12/30 10:00,8990.23,29.17,TRADE
NSW1,2009/12/30 10:30,8979.34,28.35,TRADE
NSW1,2009/12/30 11:00,9038.71,28.44,TRADE
NSW1,2009/12/30 11:30,9105.28,29.93,TRADE
NSW1,2009/12/30 12:00,9027.6,31.06,TRADE
NSW1,2009/12/30 12:30,9060.92,31.42,TRADE
NSW1,2009/12/30 13:00,9094.66,32.01,TRADE
NSW1,2009/12/30 13:30,9099.39,34.18,TRADE
NSW1,2009/12/30 14:00,9074.66,32.03,TRADE
NSW1,2009/12/30 14:30,9039.89,37.05,TRADE
NSW1,2009/12/30 15:00,9093.17,35.78,TRADE
NSW1,2009/12/30 15:30,9145.67,63.62,TRADE
NSW1,2009/12/30 16:00,9176.02,73.88,TRADE
NSW1,2009/12/30 16:30,9198.82,76.33,TRADE
NSW1,2009/12/30 17:00,9179.22,51.95,TRADE
NSW1,2009/12/30 17:30,8953.49,31.75,TRADE
NSW1,2009/12/30 18:00,8875.19,30.28,TRADE
NSW1,2009/12/30 18:30,8708.08,29.49,TRADE
NSW1,2009/12/30 19:00,8593.21,30,TRADE
NSW1,2009/12/30 19:30,8608.37,30,TRADE
NSW1,2009/12/30 20:00,8772.31,31,TRADE
NSW1,2009/12/30 20:30,8658.32,28.68,TRADE
NSW1,2009/12/30 21:00,8429.19,25.32,TRADE
NSW1,2009/12/30 21:30,8462.93,30.97,TRADE
NSW1,2009/12/30 22:00,8344.01,26.38,TRADE
NSW1,2009/12/30 22:30,8221.6,23.49,TRADE
NSW1,2009/12/30 23:00,8083.93,21.51,TRADE
NSW1,2009/12/30 23:30,7885.38,22,TRADE
NSW1,2009/12/31 0:00,7702.72,21.98,TRADE
NSW1,2009/12/31 0:30,7470.29,21.72,TRADE
NSW1,2009/12/31 1:00,7187.85,21.1,TRADE
NSW1,2009/12/31 1:30,6868.21,20.76,TRADE
NSW1,2009/12/31 2:00,6597.65,18.5,TRADE
NSW1,2009/12/31 2:30,6415.33,20.25,TRADE
NSW1,2009/12/31 3:00,6302.17,18.31,TRADE
NSW1,2009/12/31 3:30,6277.36,17.93,TRADE
NSW1,2009/12/31 4:00,6310.46,17.68,TRADE
NSW1,2009/12/31 4:30,6387.13,18.08,TRADE
NSW1,2009/12/31 5:00,6470.12,18.29,TRADE
NSW1,2009/12/31 5:30,6786.39,21.09,TRADE
NSW1,2009/12/31 6:00,7093.89,21.36,TRADE
NSW1,2009/12/31 6:30,7378.73,21.11,TRADE
NSW1,2009/12/31 7:00,7740.7,21.83,TRADE
NSW1,2009/12/31 7:30,8098.39,23.5,TRADE
NSW1,2009/12/31 8:00,8469.96,24.28,TRADE
NSW1,2009/12/31 8:30,8831.12,28.25,TRADE
NSW1,2009/12/31 9:00,9025.51,29.89,TRADE
NSW1,2009/12/31 9:30,9148.65,30.91,TRADE
NSW1,2009/12/31 10:00,9271.23,32.9,TRADE
NSW1,2009/12/31 10:30,9276.83,36.39,TRADE
NSW1,2009/12/31 11:00,9279.83,33.45,TRADE
NSW1,2009/12/31 11:30,9292.65,31.55,TRADE
NSW1,2009/12/31 12:00,9208.89,31.95,TRADE
NSW1,2009/12/31 12:30,9197.61,34.04,TRADE
NSW1,2009/12/31 13:00,9214.26,37.05,TRADE
NSW1,2009/12/31 13:30,9166.62,39.18,TRADE
NSW1,2009/12/31 14:00,9120.48,43.35,TRADE
NSW1,2009/12/31 14:30,9145.82,32.24,TRADE
NSW1,2009/12/31 15:00,9148.07,29.64,TRADE
NSW1,2009/12/31 15:30,9190.88,31.13,TRADE
NSW1,2009/12/31 16:00,9268.67,33.27,TRADE
NSW1,2009/12/31 16:30,9166.43,31.4,TRADE
NSW1,2009/12/31 17:00,9122.12,32.05,TRADE
NSW1,2009/12/31 17:30,8823.76,29.38,TRADE
NSW1,2009/12/31 18:00,8643.24,29.7,TRADE
NSW1,2009/12/31 18:30,8426.94,27.2,TRADE
NSW1,2009/12/31 19:00,8275.8,24.55,TRADE
NSW1,2009/12/31 19:30,8284.36,23.65,TRADE
NSW1,2009/12/31 20:00,8325.99,22.78,TRADE
NSW1,2009/12/31 20:30,8123.11,21.76,TRADE
NSW1,2009/12/31 21:00,8007.84,22.06,TRADE
NSW1,2009/12/31 21:30,8219.52,22.01,TRADE
NSW1,2009/12/31 22:00,8243.94,21.83,TRADE
NSW1,2009/12/31 22:30,8332.87,22.9,TRADE
NSW1,2009/12/31 23:00,8323.07,23.01,TRADE
NSW1,2009/12/31 23:30,8174.21,22.97,TRADE
NSW1,2010/1/1 0:00,8038,21.57,TRADE
?NSW1,2010/1/1 0:30,7809.31,21.5,TRADE
NSW1,2010/1/1 1:00,7483.69,20.98,TRADE
NSW1,2010/1/1 1:30,7117.23,20.06,TRADE
NSW1,2010/1/1 2:00,6812.03,17.93,TRADE
NSW1,2010/1/1 2:30,6544.33,17.43,TRADE
NSW1,2010/1/1 3:00,6377.32,16.85,TRADE
NSW1,2010/1/1 3:30,6282.85,15.06,TRADE
NSW1,2010/1/1 4:00,6211.49,13.23,TRADE
NSW1,2010/1/1 4:30,6248.31,15.09,TRADE
NSW1,2010/1/1 5:00,6198.61,15.13,TRADE
NSW1,2010/1/1 5:30,6237.35,11.84,TRADE
NSW1,2010/1/1 6:00,6370.48,15.46,TRADE
NSW1,2010/1/1 6:30,6506.42,16.8,TRADE
NSW1,2010/1/1 7:00,6738.75,17.36,TRADE
NSW1,2010/1/1 7:30,6980.41,18.06,TRADE
NSW1,2010/1/1 8:00,7213.33,20.44,TRADE
NSW1,2010/1/1 8:30,7515.6,21,TRADE
NSW1,2010/1/1 9:00,7761.46,21.08,TRADE
NSW1,2010/1/1 9:30,7915.54,21.14,TRADE
NSW1,2010/1/1 10:00,8067.16,21.96,TRADE
NSW1,2010/1/1 10:30,8123.31,22.08,TRADE
NSW1,2010/1/1 11:00,8195.51,22,TRADE
NSW1,2010/1/1 11:30,8221.36,22,TRADE
NSW1,2010/1/1 12:00,8278.09,22.04,TRADE
NSW1,2010/1/1 12:30,8361.58,22,TRADE
NSW1,2010/1/1 13:00,8337.92,22,TRADE
NSW1,2010/1/1 13:30,8421.08,22.36,TRADE
NSW1,2010/1/1 14:00,8477.34,22,TRADE
NSW1,2010/1/1 14:30,8501.39,22,TRADE
NSW1,2010/1/1 15:00,8557.94,22,TRADE
NSW1,2010/1/1 15:30,8603.11,22,TRADE
NSW1,2010/1/1 16:00,8715.69,22.01,TRADE
NSW1,2010/1/1 16:30,8791.61,22,TRADE
NSW1,2010/1/1 17:00,8883.98,22.82,TRADE
NSW1,2010/1/1 17:30,8835.92,23.87,TRADE
NSW1,2010/1/1 18:00,8765.46,23.68,TRADE
NSW1,2010/1/1 18:30,8640.56,22.5,TRADE
NSW1,2010/1/1 19:00,8544.55,22,TRADE
NSW1,2010/1/1 19:30,8562.12,22.01,TRADE
NSW1,2010/1/1 20:00,8635.78,22.02,TRADE
NSW1,2010/1/1 20:30,8573.05,22.01,TRADE
NSW1,2010/1/1 21:00,8333.54,21.98,TRADE
NSW1,2010/1/1 21:30,8343.8,22.4,TRADE
NSW1,2010/1/1 22:00,8295.59,21.5,TRADE
NSW1,2010/1/1 22:30,8210.54,21.7,TRADE
NSW1,2010/1/1 23:00,8041.77,22.27,TRADE
NSW1,2010/1/1 23:30,7782.68,21.5,TRADE
NSW1,2010/1/2 0:00,7574.85,21,TRADE
NSW1,2010/1/2 0:30,7343.3,20.67,TRADE
NSW1,2010/1/2 1:00,7099.73,19.27,TRADE
NSW1,2010/1/2 1:30,6779.8,17.92,TRADE
NSW1,2010/1/2 2:00,6497.47,15.63,TRADE
NSW1,2010/1/2 2:30,6347.69,14.32,TRADE
NSW1,2010/1/2 3:00,6223.64,14.08,TRADE
NSW1,2010/1/2 3:30,6182.07,15.26,TRADE
NSW1,2010/1/2 4:00,6140.82,15.56,TRADE
NSW1,2010/1/2 4:30,6224.48,12.98,TRADE
NSW1,2010/1/2 5:00,6260,14.87,TRADE
NSW1,2010/1/2 5:30,6336.2,16.33,TRADE
NSW1,2010/1/2 6:00,6470.82,16.86,TRADE
NSW1,2010/1/2 6:30,6679.67,17.47,TRADE
NSW1,2010/1/2 7:00,7032.62,17.07,TRADE
NSW1,2010/1/2 7:30,7394.7,20.33,TRADE
NSW1,2010/1/2 8:00,7788.18,21.47,TRADE
NSW1,2010/1/2 8:30,8219.48,22.01,TRADE
NSW1,2010/1/2 9:00,8344.2,22.01,TRADE
NSW1,2010/1/2 9:30,8572.63,22.59,TRADE
NSW1,2010/1/2 10:00,8698.38,22.11,TRADE
NSW1,2010/1/2 10:30,8924.21,22.1,TRADE
NSW1,2010/1/2 11:00,9018.29,22.07,TRADE
NSW1,2010/1/2 11:30,9090.32,22.01,TRADE
NSW1,2010/1/2 12:00,9028.7,22.13,TRADE
NSW1,2010/1/2 12:30,8940.66,22,TRADE
NSW1,2010/1/2 13:00,8792.66,22,TRADE
NSW1,2010/1/2 13:30,8823.5,22.01,TRADE
NSW1,2010/1/2 14:00,8908.07,21.83,TRADE
NSW1,2010/1/2 14:30,8929.36,22.01,TRADE
NSW1,2010/1/2 15:00,9017.31,22,TRADE
NSW1,2010/1/2 15:30,9147.54,22.81,TRADE
NSW1,2010/1/2 16:00,9282.8,24.39,TRADE
NSW1,2010/1/2 16:30,9294.07,24.82,TRADE
NSW1,2010/1/2 17:00,9263.27,24.41,TRADE
NSW1,2010/1/2 17:30,9136.62,22.3,TRADE
NSW1,2010/1/2 18:00,9039.32,22.01,TRADE
NSW1,2010/1/2 18:30,8929.77,21.9,TRADE
NSW1,2010/1/2 19:00,8711.58,21.98,TRADE
NSW1,2010/1/2 19:30,8632.31,22,TRADE
NSW1,2010/1/2 20:00,8714.63,22.83,TRADE
NSW1,2010/1/2 20:30,8637.4,21.98,TRADE
NSW1,2010/1/2 21:00,8429.31,21.96,TRADE
NSW1,2010/1/2 21:30,8386.9,22,TRADE
NSW1,2010/1/2 22:00,8223.8,22.4,TRADE
NSW1,2010/1/2 22:30,8056.14,22.03,TRADE
NSW1,2010/1/2 23:00,7774.04,21.6,TRADE
NSW1,2010/1/2 23:30,7494.76,21.56,TRADE
NSW1,2010/1/3 0:00,7284.1,21.4,TRADE
NSW1,2010/1/3 0:30,7053.93,20.76,TRADE
NSW1,2010/1/3 1:00,6820.07,20.33,TRADE
NSW1,2010/1/3 1:30,6537.47,20.37,TRADE
NSW1,2010/1/3 2:00,6362.67,17.89,TRADE
NSW1,2010/1/3 2:30,6178.57,15.98,TRADE
NSW1,2010/1/3 3:00,6088.35,14.91,TRADE
NSW1,2010/1/3 3:30,6077.74,15.5,TRADE
NSW1,2010/1/3 4:00,6059.53,14.18,TRADE
NSW1,2010/1/3 4:30,6101.68,13.06,TRADE
NSW1,2010/1/3 5:00,6111.6,13.13,TRADE
NSW1,2010/1/3 5:30,6173.45,14.17,TRADE
NSW1,2010/1/3 6:00,6289.99,15.92,TRADE
NSW1,2010/1/3 6:30,6486.85,16.8,TRADE
NSW1,2010/1/3 7:00,6741.22,17.27,TRADE
NSW1,2010/1/3 7:30,7067.4,19.65,TRADE
NSW1,2010/1/3 8:00,7372.19,21.23,TRADE
NSW1,2010/1/3 8:30,7654.43,21.37,TRADE
NSW1,2010/1/3 9:00,7872.77,22.01,TRADE
NSW1,2010/1/3 9:30,8080.89,23.99,TRADE
NSW1,2010/1/3 10:00,8170.53,22.17,TRADE
NSW1,2010/1/3 10:30,8219.42,22.17,TRADE
NSW1,2010/1/3 11:00,8247.61,24.13,TRADE
NSW1,2010/1/3 11:30,8210.11,24.1,TRADE
NSW1,2010/1/3 12:00,8190.92,22.07,TRADE
NSW1,2010/1/3 12:30,8167.87,22,TRADE
NSW1,2010/1/3 13:00,8085.82,21.58,TRADE
NSW1,2010/1/3 13:30,8006.24,21.94,TRADE
NSW1,2010/1/3 14:00,7954.82,22,TRADE
NSW1,2010/1/3 14:30,7958.57,22.02,TRADE
NSW1,2010/1/3 15:00,7953.7,22,TRADE
NSW1,2010/1/3 15:30,7925.27,22,TRADE
NSW1,2010/1/3 16:00,7902.04,21.99,TRADE
NSW1,2010/1/3 16:30,7867.11,21.75,TRADE
NSW1,2010/1/3 17:00,7941.71,21.96,TRADE
NSW1,2010/1/3 17:30,7980.47,21.99,TRADE
NSW1,2010/1/3 18:00,7961.48,22.02,TRADE
NSW1,2010/1/3 18:30,7916.13,22.27,TRADE
NSW1,2010/1/3 19:00,7878.88,21.81,TRADE
NSW1,2010/1/3 19:30,7933.04,21.92,TRADE
NSW1,2010/1/3 20:00,7995.93,22,TRADE
NSW1,2010/1/3 20:30,7832.08,21.84,TRADE
NSW1,2010/1/3 21:00,7642.16,21.53,TRADE
NSW1,2010/1/3 21:30,7596.42,21.09,TRADE
NSW1,2010/1/3 22:00,7528.43,20.15,TRADE
NSW1,2010/1/3 22:30,7445.23,21.3,TRADE
NSW1,2010/1/3 23:00,7226.84,20.61,TRADE
NSW1,2010/1/3 23:30,7041.45,20.97,TRADE
NSW1,2010/1/4 0:00,6917.57,20.74,TRADE
NSW1,2010/1/4 0:30,6813.43,18.63,TRADE
NSW1,2010/1/4 1:00,6633.42,17.51,TRADE
NSW1,2010/1/4 1:30,6424.02,17.93,TRADE
NSW1,2010/1/4 2:00,6218.66,14.78,TRADE
NSW1,2010/1/4 2:30,6106.83,14.33,TRADE
NSW1,2010/1/4 3:00,6067.46,13.76,TRADE
NSW1,2010/1/4 3:30,6083.12,13.54,TRADE
NSW1,2010/1/4 4:00,6153.59,9.91,TRADE
NSW1,2010/1/4 4:30,6317.88,14.24,TRADE
NSW1,2010/1/4 5:00,6522.17,16.04,TRADE
NSW1,2010/1/4 5:30,6855.21,16.85,TRADE
NSW1,2010/1/4 6:00,7256.79,20.41,TRADE
NSW1,2010/1/4 6:30,7646.81,21.41,TRADE
NSW1,2010/1/4 7:00,8040.24,21.78,TRADE
NSW1,2010/1/4 7:30,8360.91,23.23,TRADE
NSW1,2010/1/4 8:00,8689.94,23.99,TRADE
NSW1,2010/1/4 8:30,9017.18,24.98,TRADE
NSW1,2010/1/4 9:00,9174.86,24.99,TRADE
NSW1,2010/1/4 9:30,9295.43,24.98,TRADE
NSW1,2010/1/4 10:00,9415.46,24.98,TRADE
NSW1,2010/1/4 10:30,9421.38,24.98,TRADE
NSW1,2010/1/4 11:00,9468.92,24.98,TRADE
NSW1,2010/1/4 11:30,9460.93,24.98,TRADE
NSW1,2010/1/4 12:00,9378.86,23.36,TRADE
NSW1,2010/1/4 12:30,9349.24,24.94,TRADE
NSW1,2010/1/4 13:00,9329.34,24.42,TRADE
NSW1,2010/1/4 13:30,9362.77,22.69,TRADE
NSW1,2010/1/4 14:00,9319.96,22.81,TRADE
NSW1,2010/1/4 14:30,9329.26,22.58,TRADE
NSW1,2010/1/4 15:00,9324.71,23.6,TRADE
NSW1,2010/1/4 15:30,9394.41,25.09,TRADE
NSW1,2010/1/4 16:00,9452.31,27.08,TRADE
NSW1,2010/1/4 16:30,9424.83,26.55,TRADE
NSW1,2010/1/4 17:00,9334.77,25.43,TRADE
NSW1,2010/1/4 17:30,9110.1,24.6,TRADE
NSW1,2010/1/4 18:00,8967.91,24.35,TRADE
NSW1,2010/1/4 18:30,8790.73,23.31,TRADE
NSW1,2010/1/4 19:00,8652.85,22,TRADE
NSW1,2010/1/4 19:30,8662.97,22.92,TRADE
NSW1,2010/1/4 20:00,8703.79,21.94,TRADE
NSW1,2010/1/4 20:30,8533.49,21.7,TRADE
NSW1,2010/1/4 21:00,8276.32,21.43,TRADE
NSW1,2010/1/4 21:30,8341.46,22.1,TRADE
NSW1,2010/1/4 22:00,8220.04,21.15,TRADE
NSW1,2010/1/4 22:30,8143.77,21.52,TRADE
NSW1,2010/1/4 23:00,8009.5,21.22,TRADE
NSW1,2010/1/4 23:30,7826.97,21,TRADE
NSW1,2010/1/5 0:00,7636.34,20.96,TRADE
NSW1,2010/1/5 0:30,7438.78,20.08,TRADE
NSW1,2010/1/5 1:00,7210.46,17.84,TRADE
NSW1,2010/1/5 1:30,6892.97,17.93,TRADE
NSW1,2010/1/5 2:00,6634.05,15.69,TRADE
NSW1,2010/1/5 2:30,6422.19,12.39,TRADE
NSW1,2010/1/5 3:00,6335.01,11.76,TRADE
NSW1,2010/1/5 3:30,6313.4,12.02,TRADE
NSW1,2010/1/5 4:00,6358.52,11.4,TRADE
NSW1,2010/1/5 4:30,6515.13,12.81,TRADE
NSW1,2010/1/5 5:00,6563.86,14.4,TRADE
NSW1,2010/1/5 5:30,6936.49,17.02,TRADE
NSW1,2010/1/5 6:00,7330.78,19.17,TRADE
NSW1,2010/1/5 6:30,7679.83,20.97,TRADE
NSW1,2010/1/5 7:00,8129.48,21.9,TRADE
NSW1,2010/1/5 7:30,8568.02,22.29,TRADE
NSW1,2010/1/5 8:00,8959.06,22.85,TRADE
NSW1,2010/1/5 8:30,9258.93,23.01,TRADE
NSW1,2010/1/5 9:00,9467.04,25.95,TRADE
NSW1,2010/1/5 9:30,9650.16,26.8,TRADE
NSW1,2010/1/5 10:00,9790.83,25.69,TRADE
NSW1,2010/1/5 10:30,9867.45,26.31,TRADE
NSW1,2010/1/5 11:00,9928.26,28.11,TRADE
NSW1,2010/1/5 11:30,10023.67,29.66,TRADE
NSW1,2010/1/5 12:00,10166.4,31.4,TRADE
NSW1,2010/1/5 12:30,10323.04,32.79,TRADE
NSW1,2010/1/5 13:00,10459.11,35.79,TRADE
NSW1,2010/1/5 13:30,10478.15,37.27,TRADE
NSW1,2010/1/5 14:00,10597.17,39.9,TRADE
NSW1,2010/1/5 14:30,10649.43,37.31,TRADE
NSW1,2010/1/5 15:00,10687.29,35.43,TRADE
NSW1,2010/1/5 15:30,10587.13,35.13,TRADE
NSW1,2010/1/5 16:00,10549.36,33.81,TRADE
NSW1,2010/1/5 16:30,10418.99,31.44,TRADE
NSW1,2010/1/5 17:00,10350.24,30.29,TRADE
NSW1,2010/1/5 17:30,10088.33,27.05,TRADE
NSW1,2010/1/5 18:00,9897.28,24.76,TRADE
NSW1,2010/1/5 18:30,9612.67,23.11,TRADE
NSW1,2010/1/5 19:00,9417.31,22.96,TRADE
NSW1,2010/1/5 19:30,9417.14,22.77,TRADE
NSW1,2010/1/5 20:00,9429.68,22.62,TRADE
NSW1,2010/1/5 20:30,9223.58,21.67,TRADE
NSW1,2010/1/5 21:00,8925.22,21.26,TRADE
NSW1,2010/1/5 21:30,8881.34,21.9,TRADE
NSW1,2010/1/5 22:00,8692.98,21.09,TRADE
NSW1,2010/1/5 22:30,8519.32,21.47,TRADE
NSW1,2010/1/5 23:00,8340.55,21.14,TRADE
NSW1,2010/1/5 23:30,8112.61,21,TRADE
NSW1,2010/1/6 0:00,7878.93,20.83,TRADE
NSW1,2010/1/6 0:30,7625.24,19.59,TRADE
NSW1,2010/1/6 1:00,7394.02,16.87,TRADE
NSW1,2010/1/6 1:30,7076.3,17.58,TRADE
NSW1,2010/1/6 2:00,6810.51,14.66,TRADE
NSW1,2010/1/6 2:30,6645.99,13.86,TRADE
NSW1,2010/1/6 3:00,6577.41,12.01,TRADE
NSW1,2010/1/6 3:30,6568.49,12.15,TRADE
NSW1,2010/1/6 4:00,6611.57,12.04,TRADE
NSW1,2010/1/6 4:30,6767.67,12.34,TRADE
NSW1,2010/1/6 5:00,6897.65,14.91,TRADE
NSW1,2010/1/6 5:30,7254.61,17.12,TRADE
NSW1,2010/1/6 6:00,7691.87,19.64,TRADE
NSW1,2010/1/6 6:30,8094.21,20.98,TRADE
NSW1,2010/1/6 7:00,8547.36,21.99,TRADE
NSW1,2010/1/6 7:30,8945.26,22.38,TRADE
NSW1,2010/1/6 8:00,9321.55,22.47,TRADE
NSW1,2010/1/6 8:30,9693.7,23.06,TRADE
NSW1,2010/1/6 9:00,9904.56,23.74,TRADE
NSW1,2010/1/6 9:30,10146.06,26.57,TRADE
NSW1,2010/1/6 10:00,10295.79,27.92,TRADE
NSW1,2010/1/6 10:30,10411.76,29.24,TRADE
NSW1,2010/1/6 11:00,10523.27,30.17,TRADE
NSW1,2010/1/6 11:30,10670.66,31.53,TRADE
NSW1,2010/1/6 12:00,10744.9,32.78,TRADE
NSW1,2010/1/6 12:30,10788.82,32.35,TRADE
NSW1,2010/1/6 13:00,10812,34.68,TRADE
NSW1,2010/1/6 13:30,10812.69,37,TRADE
NSW1,2010/1/6 14:00,10810.54,37.53,TRADE
NSW1,2010/1/6 14:30,10844.66,37.64,TRADE
NSW1,2010/1/6 15:00,10862.79,37.35,TRADE
NSW1,2010/1/6 15:30,10863.68,37.11,TRADE
NSW1,2010/1/6 16:00,10879.15,37.73,TRADE
NSW1,2010/1/6 16:30,10717.72,35.46,TRADE
NSW1,2010/1/6 17:00,10463.32,30.95,TRADE
NSW1,2010/1/6 17:30,10069.26,29.39,TRADE
NSW1,2010/1/6 18:00,9818.19,25.16,TRADE
NSW1,2010/1/6 18:30,9464.2,23.14,TRADE
NSW1,2010/1/6 19:00,9252.79,22.79,TRADE
NSW1,2010/1/6 19:30,9208.15,22.53,TRADE
NSW1,2010/1/6 20:00,9174.76,22.33,TRADE
NSW1,2010/1/6 20:30,8999.46,22.25,TRADE
NSW1,2010/1/6 21:00,8665.66,21.32,TRADE
NSW1,2010/1/6 21:30,8672.5,22.16,TRADE
NSW1,2010/1/6 22:00,8452.39,21.7,TRADE
NSW1,2010/1/6 22:30,8303.59,22.06,TRADE
NSW1,2010/1/6 23:00,8111.21,22,TRADE
NSW1,2010/1/6 23:30,7895.78,22.36,TRADE
NSW1,2010/1/7 0:00,7675.56,21.9,TRADE
NSW1,2010/1/7 0:30,7433.46,21.48,TRADE
NSW1,2010/1/7 1:00,7216.3,20.24,TRADE
NSW1,2010/1/7 1:30,6940.48,20.17,TRADE
NSW1,2010/1/7 2:00,6692.82,15.99,TRADE
NSW1,2010/1/7 2:30,6477.56,14.47,TRADE
NSW1,2010/1/7 3:00,6452.34,13.55,TRADE
NSW1,2010/1/7 3:30,6415.95,17.31,TRADE
NSW1,2010/1/7 4:00,6488.25,16.96,TRADE
NSW1,2010/1/7 4:30,6627.1,18.15,TRADE
NSW1,2010/1/7 5:00,6815.18,20.12,TRADE
NSW1,2010/1/7 5:30,7234.25,19.98,TRADE
NSW1,2010/1/7 6:00,7596.84,21.12,TRADE
NSW1,2010/1/7 6:30,7944.29,21.62,TRADE
NSW1,2010/1/7 7:00,8404.04,22,TRADE
NSW1,2010/1/7 7:30,8777.14,22.34,TRADE
NSW1,2010/1/7 8:00,9056.81,23.09,TRADE
NSW1,2010/1/7 8:30,9340.36,25.27,TRADE
NSW1,2010/1/7 9:00,9494.36,25.2,TRADE
NSW1,2010/1/7 9:30,9569.22,25.74,TRADE
NSW1,2010/1/7 10:00,9644.35,27.49,TRADE
NSW1,2010/1/7 10:30,9675.44,30,TRADE
NSW1,2010/1/7 11:00,9760.72,29.61,TRADE
NSW1,2010/1/7 11:30,9795.93,29.68,TRADE
NSW1,2010/1/7 12:00,9834.66,27.97,TRADE
NSW1,2010/1/7 12:30,9864.35,26.37,TRADE
NSW1,2010/1/7 13:00,9820.03,25.54,TRADE
NSW1,2010/1/7 13:30,9739,25.24,TRADE
NSW1,2010/1/7 14:00,9698.11,26.74,TRADE
NSW1,2010/1/7 14:30,9719.74,28.88,TRADE
NSW1,2010/1/7 15:00,9740.3,30.08,TRADE
NSW1,2010/1/7 15:30,9716.6,29.89,TRADE
NSW1,2010/1/7 16:00,9694.13,30,TRADE
NSW1,2010/1/7 16:30,9598.56,26.86,TRADE
NSW1,2010/1/7 17:00,9510.58,25.21,TRADE
NSW1,2010/1/7 17:30,9323.07,24.57,TRADE
NSW1,2010/1/7 18:00,9191.65,24.16,TRADE
NSW1,2010/1/7 18:30,9030.73,23,TRADE
NSW1,2010/1/7 19:00,8930.38,22.96,TRADE
NSW1,2010/1/7 19:30,9002.44,22.96,TRADE
NSW1,2010/1/7 20:00,9009.87,22.5,TRADE
NSW1,2010/1/7 20:30,8747.61,21.97,TRADE
NSW1,2010/1/7 21:00,8495.12,21.43,TRADE
NSW1,2010/1/7 21:30,8474.72,21.79,TRADE
NSW1,2010/1/7 22:00,8338.94,21.49,TRADE
NSW1,2010/1/7 22:30,8226.66,22.25,TRADE
NSW1,2010/1/7 23:00,8072.07,21.35,TRADE
NSW1,2010/1/7 23:30,7900.61,21.16,TRADE
NSW1,2010/1/8 0:00,7688.54,20.47,TRADE
NSW1,2010/1/8 0:30,7498.35,19.75,TRADE
NSW1,2010/1/8 1:00,7242.52,18.42,TRADE
NSW1,2010/1/8 1:30,6972.24,18.5,TRADE
NSW1,2010/1/8 2:00,6706.22,14.57,TRADE
NSW1,2010/1/8 2:30,6525.71,15.16,TRADE
NSW1,2010/1/8 3:00,6492.12,13.48,TRADE
NSW1,2010/1/8 3:30,6429.62,16.44,TRADE
NSW1,2010/1/8 4:00,6521.71,16.68,TRADE
NSW1,2010/1/8 4:30,6691.55,17.99,TRADE
NSW1,2010/1/8 5:00,6877.51,20.79,TRADE
NSW1,2010/1/8 5:30,7253.56,20.93,TRADE
NSW1,2010/1/8 6:00,7580.47,21.61,TRADE
NSW1,2010/1/8 6:30,7964.73,21.9,TRADE
NSW1,2010/1/8 7:00,8466.33,22.04,TRADE
NSW1,2010/1/8 7:30,8865.07,22.75,TRADE
NSW1,2010/1/8 8:00,9199.24,24.34,TRADE
NSW1,2010/1/8 8:30,9462.84,24.62,TRADE
NSW1,2010/1/8 9:00,9633.98,24.72,TRADE
NSW1,2010/1/8 9:30,9794.13,27.55,TRADE
NSW1,2010/1/8 10:00,9898.43,30.18,TRADE
NSW1,2010/1/8 10:30,9904.75,30,TRADE
NSW1,2010/1/8 11:00,9981.1,30.11,TRADE
NSW1,2010/1/8 11:30,10026.5,30.04,TRADE
NSW1,2010/1/8 12:00,10122.27,30.46,TRADE
NSW1,2010/1/8 12:30,10194.43,33.84,TRADE
NSW1,2010/1/8 13:00,10282.29,33.75,TRADE
NSW1,2010/1/8 13:30,10339.63,39.12,TRADE
NSW1,2010/1/8 14:00,10405.4,35.78,TRADE
NSW1,2010/1/8 14:30,10463.35,35.67,TRADE
NSW1,2010/1/8 15:00,10521.94,36.8,TRADE
NSW1,2010/1/8 15:30,10614.57,44.43,TRADE
NSW1,2010/1/8 16:00,10659.19,53.65,TRADE
NSW1,2010/1/8 16:30,10616.02,56.33,TRADE
NSW1,2010/1/8 17:00,10433.07,40.91,TRADE
NSW1,2010/1/8 17:30,10106.14,35.11,TRADE
NSW1,2010/1/8 18:00,9910.95,29.4,TRADE
NSW1,2010/1/8 18:30,9658.67,28.41,TRADE
NSW1,2010/1/8 19:00,9487.71,28.16,TRADE
NSW1,2010/1/8 19:30,9415.02,29.39,TRADE
NSW1,2010/1/8 20:00,9474.34,28.79,TRADE
NSW1,2010/1/8 20:30,9312.38,28.26,TRADE
NSW1,2010/1/8 21:00,9074.55,27.17,TRADE
NSW1,2010/1/8 21:30,9087.62,27.28,TRADE
NSW1,2010/1/8 22:00,8942.57,23.05,TRADE
NSW1,2010/1/8 22:30,8774.81,27.91,TRADE
NSW1,2010/1/8 23:00,8591.91,23.99,TRADE
NSW1,2010/1/8 23:30,8320.88,22,TRADE
NSW1,2010/1/9 0:00,8044.09,21.67,TRADE
NSW1,2010/1/9 0:30,7746.22,21.03,TRADE
NSW1,2010/1/9 1:00,7443.16,20.95,TRADE
NSW1,2010/1/9 1:30,7122.84,20.25,TRADE
NSW1,2010/1/9 2:00,6827.91,18.11,TRADE
NSW1,2010/1/9 2:30,6613.01,16.26,TRADE
NSW1,2010/1/9 3:00,6525.8,15.49,TRADE
NSW1,2010/1/9 3:30,6471.51,14.11,TRADE
NSW1,2010/1/9 4:00,6477.89,13.5,TRADE
NSW1,2010/1/9 4:30,6547.98,14.2,TRADE
NSW1,2010/1/9 5:00,6538.81,13.04,TRADE
NSW1,2010/1/9 5:30,6634.89,17,TRADE
NSW1,2010/1/9 6:00,6784.32,13.95,TRADE
NSW1,2010/1/9 6:30,7109.54,20.21,TRADE
NSW1,2010/1/9 7:00,7573.23,21.04,TRADE
NSW1,2010/1/9 7:30,8036.33,22.33,TRADE
NSW1,2010/1/9 8:00,8513.87,22.78,TRADE
NSW1,2010/1/9 8:30,9003.91,26.55,TRADE
NSW1,2010/1/9 9:00,9244.65,30.28,TRADE
NSW1,2010/1/9 9:30,9454.39,36.91,TRADE
NSW1,2010/1/9 10:00,9649.05,42.92,TRADE
NSW1,2010/1/9 10:30,9884.43,42.58,TRADE
NSW1,2010/1/9 11:00,10107.62,56.5,TRADE
NSW1,2010/1/9 11:30,10314.69,56.43,TRADE
NSW1,2010/1/9 12:00,10470.43,73.61,TRADE
NSW1,2010/1/9 12:30,10675.2,55.31,TRADE
NSW1,2010/1/9 13:00,10842.61,54.09,TRADE
NSW1,2010/1/9 13:30,10953.88,60.02,TRADE
NSW1,2010/1/9 14:00,11056.98,58.62,TRADE
NSW1,2010/1/9 14:30,11188.77,85.58,TRADE
NSW1,2010/1/9 15:00,11333,89.25,TRADE
NSW1,2010/1/9 15:30,11412.45,105.81,TRADE
NSW1,2010/1/9 16:00,11524.52,122.1,TRADE
NSW1,2010/1/9 16:30,11430.72,102.22,TRADE
NSW1,2010/1/9 17:00,11353.03,96.22,TRADE
NSW1,2010/1/9 17:30,11297.6,90.24,TRADE
NSW1,2010/1/9 18:00,11154.18,60.56,TRADE
NSW1,2010/1/9 18:30,10969.01,61.63,TRADE
NSW1,2010/1/9 19:00,10717.1,48.92,TRADE
NSW1,2010/1/9 19:30,10590.9,49.73,TRADE
NSW1,2010/1/9 20:00,10608.86,45.3,TRADE
NSW1,2010/1/9 20:30,10465.88,42.97,TRADE
NSW1,2010/1/9 21:00,10175.55,35.93,TRADE
NSW1,2010/1/9 21:30,9997.75,37.27,TRADE
NSW1,2010/1/9 22:00,9715.21,32.6,TRADE
NSW1,2010/1/9 22:30,9417.91,32.46,TRADE
NSW1,2010/1/9 23:00,8998.06,30.22,TRADE
NSW1,2010/1/9 23:30,8618.35,28.03,TRADE
NSW1,2010/1/10 0:00,8247.43,23.6,TRADE
NSW1,2010/1/10 0:30,7889.17,21.83,TRADE
NSW1,2010/1/10 1:00,7606.72,22,TRADE
NSW1,2010/1/10 1:30,7287.96,21.56,TRADE
NSW1,2010/1/10 2:00,7034.07,18.82,TRADE
NSW1,2010/1/10 2:30,6880.65,19.86,TRADE
NSW1,2010/1/10 3:00,6837.91,19.3,TRADE
NSW1,2010/1/10 3:30,6778.7,18.89,TRADE
NSW1,2010/1/10 4:00,6717.56,15.29,TRADE
NSW1,2010/1/10 4:30,6752.77,14.55,TRADE
NSW1,2010/1/10 5:00,6769.17,15.38,TRADE
NSW1,2010/1/10 5:30,6803.64,14.64,TRADE
NSW1,2010/1/10 6:00,6942.86,16.21,TRADE
NSW1,2010/1/10 6:30,7161.96,18.8,TRADE
NSW1,2010/1/10 7:00,7572.7,21.45,TRADE
NSW1,2010/1/10 7:30,8076.39,22,TRADE
NSW1,2010/1/10 8:00,8530.98,22.65,TRADE
NSW1,2010/1/10 8:30,9155.87,23.78,TRADE
NSW1,2010/1/10 9:00,9589.13,29.79,TRADE
NSW1,2010/1/10 9:30,9958.3,32.12,TRADE
NSW1,2010/1/10 10:00,10294.17,46.99,TRADE
NSW1,2010/1/10 10:30,10501.34,45.34,TRADE
NSW1,2010/1/10 11:00,10708.41,75.47,TRADE
NSW1,2010/1/10 11:30,10836.25,78.64,TRADE
NSW1,2010/1/10 12:00,10878.48,52.12,TRADE
NSW1,2010/1/10 12:30,10937.72,52.59,TRADE
NSW1,2010/1/10 13:00,10945.83,54.52,TRADE
NSW1,2010/1/10 13:30,10924.66,52.56,TRADE
NSW1,2010/1/10 14:00,10955.67,54.31,TRADE
NSW1,2010/1/10 14:30,10962.34,53.46,TRADE
NSW1,2010/1/10 15:00,10976.44,55.4,TRADE
NSW1,2010/1/10 15:30,10946.85,63.35,TRADE
NSW1,2010/1/10 16:00,10942.32,78.56,TRADE
NSW1,2010/1/10 16:30,10808.63,71.92,TRADE
NSW1,2010/1/10 17:00,10729.51,63.65,TRADE
NSW1,2010/1/10 17:30,10616.73,53.73,TRADE
NSW1,2010/1/10 18:00,10459.9,52.66,TRADE
NSW1,2010/1/10 18:30,10224.31,50.92,TRADE
NSW1,2010/1/10 19:00,9906.74,43.6,TRADE
NSW1,2010/1/10 19:30,9763.43,42.42,TRADE
NSW1,2010/1/10 20:00,9747.42,42.62,TRADE
NSW1,2010/1/10 20:30,9552.28,39.15,TRADE
NSW1,2010/1/10 21:00,9218.27,31.96,TRADE
NSW1,2010/1/10 21:30,9032.21,34.07,TRADE
NSW1,2010/1/10 22:00,8766.64,27.11,TRADE
NSW1,2010/1/10 22:30,8508.05,28.22,TRADE
NSW1,2010/1/10 23:00,8216.68,22.76,TRADE
NSW1,2010/1/10 23:30,7894.73,21.58,TRADE
NSW1,2010/1/11 0:00,7653.16,21.35,TRADE
NSW1,2010/1/11 0:30,7450.22,21.13,TRADE
NSW1,2010/1/11 1:00,7266.32,20.45,TRADE
NSW1,2010/1/11 1:30,6992.29,20.16,TRADE
NSW1,2010/1/11 2:00,6807.72,19.07,TRADE
NSW1,2010/1/11 2:30,6664.83,19.84,TRADE
NSW1,2010/1/11 3:00,6620.38,19.38,TRADE
NSW1,2010/1/11 3:30,6639.21,19.79,TRADE
NSW1,2010/1/11 4:00,6694.37,19.15,TRADE
NSW1,2010/1/11 4:30,6886.97,19.64,TRADE
NSW1,2010/1/11 5:00,7149.26,20.67,TRADE
NSW1,2010/1/11 5:30,7625.78,21.95,TRADE
NSW1,2010/1/11 6:00,8089.21,22.97,TRADE
NSW1,2010/1/11 6:30,8613.93,22.37,TRADE
NSW1,2010/1/11 7:00,9156.23,23.04,TRADE
NSW1,2010/1/11 7:30,9630.35,24.83,TRADE
NSW1,2010/1/11 8:00,10016.12,29.17,TRADE
NSW1,2010/1/11 8:30,10343.09,31.06,TRADE
NSW1,2010/1/11 9:00,10547.13,36.58,TRADE
NSW1,2010/1/11 9:30,10673.7,37.55,TRADE
NSW1,2010/1/11 10:00,10792.26,43.29,TRADE
NSW1,2010/1/11 10:30,10831.86,46.86,TRADE
NSW1,2010/1/11 11:00,10972.23,49.95,TRADE
NSW1,2010/1/11 11:30,11009.92,70.05,TRADE
NSW1,2010/1/11 12:00,11072.85,71.93,TRADE
NSW1,2010/1/11 12:30,11108.42,89.42,TRADE
NSW1,2010/1/11 13:00,11216.87,92.21,TRADE
NSW1,2010/1/11 13:30,11337.47,92.96,TRADE
NSW1,2010/1/11 14:00,11400.88,75.61,TRADE
NSW1,2010/1/11 14:30,11479.02,89.42,TRADE
NSW1,2010/1/11 15:00,11561.22,89.42,TRADE
NSW1,2010/1/11 15:30,11595.5,89.42,TRADE
NSW1,2010/1/11 16:00,11671.17,89.42,TRADE
NSW1,2010/1/11 16:30,11585.9,89.42,TRADE
NSW1,2010/1/11 17:00,11380.63,63.25,TRADE
NSW1,2010/1/11 17:30,11091.58,34.74,TRADE
NSW1,2010/1/11 18:00,10903.05,30.06,TRADE
NSW1,2010/1/11 18:30,10588.75,46.39,TRADE
NSW1,2010/1/11 19:00,10361.34,39.17,TRADE
NSW1,2010/1/11 19:30,10220.46,30.32,TRADE
NSW1,2010/1/11 20:00,10241.55,33.63,TRADE
NSW1,2010/1/11 20:30,10033.25,37.12,TRADE
NSW1,2010/1/11 21:00,9758.93,31.66,TRADE
NSW1,2010/1/11 21:30,9771.02,34.33,TRADE
NSW1,2010/1/11 22:00,9484.98,26.45,TRADE
NSW1,2010/1/11 22:30,9312.23,37.62,TRADE
NSW1,2010/1/11 23:00,9013.01,30.7,TRADE
NSW1,2010/1/11 23:30,8725.94,29.43,TRADE
NSW1,2010/1/12 0:00,8492,25.36,TRADE
NSW1,2010/1/12 0:30,8257.65,27.09,TRADE
NSW1,2010/1/12 1:00,8094.42,25.32,TRADE
NSW1,2010/1/12 1:30,7703.3,24.28,TRADE
NSW1,2010/1/12 2:00,7437.36,22.79,TRADE
NSW1,2010/1/12 2:30,7280.25,22,TRADE
NSW1,2010/1/12 3:00,7167.38,22,TRADE
NSW1,2010/1/12 3:30,7132.5,22,TRADE
NSW1,2010/1/12 4:00,7175.26,21.73,TRADE
NSW1,2010/1/12 4:30,7362.01,22,TRADE
NSW1,2010/1/12 5:00,7600.04,23.22,TRADE
NSW1,2010/1/12 5:30,8091.83,25.1,TRADE
NSW1,2010/1/12 6:00,8598.86,26.49,TRADE
NSW1,2010/1/12 6:30,9042.02,27.29,TRADE
NSW1,2010/1/12 7:00,9648.32,31.77,TRADE
NSW1,2010/1/12 7:30,10059.74,30.1,TRADE
NSW1,2010/1/12 8:00,10394.09,34.24,TRADE
NSW1,2010/1/12 8:30,10755.63,38.54,TRADE
NSW1,2010/1/12 9:00,11008.53,33.54,TRADE
NSW1,2010/1/12 9:30,11257.75,39.6,TRADE
NSW1,2010/1/12 10:00,11515.11,42.61,TRADE
NSW1,2010/1/12 10:30,11799.86,61.3,TRADE
NSW1,2010/1/12 11:00,12088.04,81.46,TRADE
NSW1,2010/1/12 11:30,12333.92,108.91,TRADE
NSW1,2010/1/12 12:00,12531.92,111.44,TRADE
NSW1,2010/1/12 12:30,12818.19,92.68,TRADE
NSW1,2010/1/12 13:00,13003.44,91.51,TRADE
NSW1,2010/1/12 13:30,13144.98,545.01,TRADE
NSW1,2010/1/12 14:00,13291.92,1331.79,TRADE
NSW1,2010/1/12 14:30,13396.28,481.18,TRADE
NSW1,2010/1/12 15:00,13522.15,655.03,TRADE
NSW1,2010/1/12 15:30,13600.6,487.5,TRADE
NSW1,2010/1/12 16:00,13700.02,480.25,TRADE
NSW1,2010/1/12 16:30,13637.47,440.18,TRADE
NSW1,2010/1/12 17:00,13448.95,390.56,TRADE
NSW1,2010/1/12 17:30,13090.28,153.53,TRADE
NSW1,2010/1/12 18:00,12775.91,52.42,TRADE
NSW1,2010/1/12 18:30,12459.32,35.24,TRADE
NSW1,2010/1/12 19:00,12242,35.06,TRADE
NSW1,2010/1/12 19:30,12108.67,36.04,TRADE
NSW1,2010/1/12 20:00,12099.18,36.09,TRADE
NSW1,2010/1/12 20:30,11844.64,33.97,TRADE
NSW1,2010/1/12 21:00,11401.02,28.54,TRADE
NSW1,2010/1/12 21:30,11145.31,31.68,TRADE
NSW1,2010/1/12 22:00,10585.39,24.68,TRADE
NSW1,2010/1/12 22:30,10138.38,25.5,TRADE
NSW1,2010/1/12 23:00,9722.33,22.32,TRADE
NSW1,2010/1/12 23:30,9340.24,22.16,TRADE
NSW1,2010/1/13 0:00,8915.77,22,TRADE
NSW1,2010/1/13 0:30,8650.98,21.81,TRADE
NSW1,2010/1/13 1:00,8335.27,21.97,TRADE
NSW1,2010/1/13 1:30,8016.99,21.34,TRADE
NSW1,2010/1/13 2:00,7766.68,17.21,TRADE
NSW1,2010/1/13 2:30,7531.24,17.53,TRADE
NSW1,2010/1/13 3:00,7428.88,14.23,TRADE
NSW1,2010/1/13 3:30,7396.29,17.2,TRADE
NSW1,2010/1/13 4:00,7422.02,15.02,TRADE
NSW1,2010/1/13 4:30,7540.46,16.53,TRADE
NSW1,2010/1/13 5:00,7642.81,17.7,TRADE
NSW1,2010/1/13 5:30,8064.55,20.65,TRADE
NSW1,2010/1/13 6:00,8531.56,21.33,TRADE
NSW1,2010/1/13 6:30,9068.78,21.71,TRADE
NSW1,2010/1/13 7:00,9756.34,22.6,TRADE
NSW1,2010/1/13 7:30,10338.65,23.26,TRADE
NSW1,2010/1/13 8:00,10742.79,23.71,TRADE
NSW1,2010/1/13 8:30,11178.09,28.02,TRADE
NSW1,2010/1/13 9:00,11455.07,30.73,TRADE
NSW1,2010/1/13 9:30,11659.23,34.35,TRADE
NSW1,2010/1/13 10:00,11808.46,35.16,TRADE
NSW1,2010/1/13 10:30,11903.07,40.95,TRADE
NSW1,2010/1/13 11:00,12073.69,39.28,TRADE
NSW1,2010/1/13 11:30,12145.38,36.94,TRADE
NSW1,2010/1/13 12:00,12177.38,33.31,TRADE
NSW1,2010/1/13 12:30,12199.36,32.79,TRADE
NSW1,2010/1/13 13:00,12157.97,34.05,TRADE
NSW1,2010/1/13 13:30,12045.87,31.93,TRADE
NSW1,2010/1/13 14:00,11889.1,31.48,TRADE
NSW1,2010/1/13 14:30,11803.98,31.38,TRADE
NSW1,2010/1/13 15:00,11687.2,30.9,TRADE
NSW1,2010/1/13 15:30,11521.21,32.24,TRADE
NSW1,2010/1/13 16:00,11284.37,29.23,TRADE
NSW1,2010/1/13 16:30,10966.45,24.26,TRADE
NSW1,2010/1/13 17:00,10570.02,22.8,TRADE
NSW1,2010/1/13 17:30,10133.87,21.2,TRADE
NSW1,2010/1/13 18:00,9807.43,21.4,TRADE
NSW1,2010/1/13 18:30,9416.88,21.96,TRADE
NSW1,2010/1/13 19:00,9187.08,22,TRADE
NSW1,2010/1/13 19:30,9142.7,22.36,TRADE
NSW1,2010/1/13 20:00,9056.11,22.41,TRADE
NSW1,2010/1/13 20:30,8844.23,21.67,TRADE
NSW1,2010/1/13 21:00,8586.85,21.49,TRADE
NSW1,2010/1/13 21:30,8604.5,22.07,TRADE
NSW1,2010/1/13 22:00,8380.82,21.16,TRADE
NSW1,2010/1/13 22:30,8260.7,22.55,TRADE
NSW1,2010/1/13 23:00,8063.88,19.12,TRADE
NSW1,2010/1/13 23:30,7874.35,19.73,TRADE
NSW1,2010/1/14 0:00,7702.76,16.97,TRADE
NSW1,2010/1/14 0:30,7481.88,16.93,TRADE
NSW1,2010/1/14 1:00,7201.93,15.35,TRADE
NSW1,2010/1/14 1:30,6911.45,14.5,TRADE
NSW1,2010/1/14 2:00,6689.37,11.36,TRADE
NSW1,2010/1/14 2:30,6560.8,10.01,TRADE
NSW1,2010/1/14 3:00,6507.25,9.69,TRADE
NSW1,2010/1/14 3:30,6501.79,9.5,TRADE
NSW1,2010/1/14 4:00,6545.23,9.27,TRADE
NSW1,2010/1/14 4:30,6742.09,10.93,TRADE
NSW1,2010/1/14 5:00,6987.88,12.08,TRADE
NSW1,2010/1/14 5:30,7430.35,17.26,TRADE
NSW1,2010/1/14 6:00,7910.54,20.78,TRADE
NSW1,2010/1/14 6:30,8387.89,21.03,TRADE
NSW1,2010/1/14 7:00,8808.23,20.97,TRADE
NSW1,2010/1/14 7:30,9243.07,22.64,TRADE
NSW1,2010/1/14 8:00,9516.72,22.96,TRADE
NSW1,2010/1/14 8:30,9747.12,22.96,TRADE
NSW1,2010/1/14 9:00,9893.81,22.96,TRADE
NSW1,2010/1/14 9:30,9987.54,23.86,TRADE
NSW1,2010/1/14 10:00,10039.23,26.63,TRADE
NSW1,2010/1/14 10:30,10055.05,27.65,TRADE
NSW1,2010/1/14 11:00,10094.62,26.53,TRADE
NSW1,2010/1/14 11:30,10050,24.56,TRADE
NSW1,2010/1/14 12:00,10061.7,24.56,TRADE
NSW1,2010/1/14 12:30,10093.7,22.96,TRADE
NSW1,2010/1/14 13:00,10080.62,22.96,TRADE
NSW1,2010/1/14 13:30,10061.15,24.24,TRADE
NSW1,2010/1/14 14:00,10006.99,23.82,TRADE
NSW1,2010/1/14 14:30,10067.77,25.28,TRADE
NSW1,2010/1/14 15:00,10118.95,24.1,TRADE
NSW1,2010/1/14 15:30,10109.27,23.73,TRADE
NSW1,2010/1/14 16:00,10029.75,23.17,TRADE
NSW1,2010/1/14 16:30,9974.38,22.96,TRADE
NSW1,2010/1/14 17:00,9905.81,22.73,TRADE
NSW1,2010/1/14 17:30,9728.21,22.05,TRADE
NSW1,2010/1/14 18:00,9612.25,21.97,TRADE
NSW1,2010/1/14 18:30,9364.36,21.62,TRADE
NSW1,2010/1/14 19:00,9211.31,22,TRADE
NSW1,2010/1/14 19:30,9198.25,22.07,TRADE
NSW1,2010/1/14 20:00,9165.92,22,TRADE
NSW1,2010/1/14 20:30,8908.29,21.99,TRADE
NSW1,2010/1/14 21:00,8573.15,21.66,TRADE
NSW1,2010/1/14 21:30,8644.04,22.02,TRADE
NSW1,2010/1/14 22:00,8459.43,20.97,TRADE
NSW1,2010/1/14 22:30,8325.08,21.17,TRADE
NSW1,2010/1/14 23:00,8190.38,19.41,TRADE
NSW1,2010/1/14 23:30,8014.97,19.78,TRADE
NSW1,2010/1/15 0:00,7826.45,19.85,TRADE
NSW1,2010/1/15 0:30,7607.46,17.94,TRADE
NSW1,2010/1/15 1:00,7347.08,16.94,TRADE
NSW1,2010/1/15 1:30,7090.77,16.18,TRADE
NSW1,2010/1/15 2:00,6862.95,12.33,TRADE
NSW1,2010/1/15 2:30,6624.07,10.24,TRADE
NSW1,2010/1/15 3:00,6523.56,9.89,TRADE
NSW1,2010/1/15 3:30,6508.89,9.53,TRADE
NSW1,2010/1/15 4:00,6634.51,10.1,TRADE
NSW1,2010/1/15 4:30,6818.59,11.75,TRADE
NSW1,2010/1/15 5:00,7081.42,12.76,TRADE
NSW1,2010/1/15 5:30,7525.27,19.17,TRADE
NSW1,2010/1/15 6:00,8005.77,20.79,TRADE
NSW1,2010/1/15 6:30,8346.14,21.49,TRADE
NSW1,2010/1/15 7:00,8842.71,21.91,TRADE
NSW1,2010/1/15 7:30,9244.75,22.29,TRADE
NSW1,2010/1/15 8:00,9470.87,22.38,TRADE
NSW1,2010/1/15 8:30,9816.53,22.78,TRADE
NSW1,2010/1/15 9:00,9976.03,21.99,TRADE
NSW1,2010/1/15 9:30,10076.79,23.88,TRADE
NSW1,2010/1/15 10:00,10194.05,24.34,TRADE
NSW1,2010/1/15 10:30,10214.32,24.67,TRADE
NSW1,2010/1/15 11:00,10326.1,26.58,TRADE
NSW1,2010/1/15 11:30,10380.46,27.84,TRADE
NSW1,2010/1/15 12:00,10466.9,28.47,TRADE
NSW1,2010/1/15 12:30,10315.66,27.76,TRADE
NSW1,2010/1/15 13:00,10394.26,27.47,TRADE
NSW1,2010/1/15 13:30,10421.75,30.29,TRADE
NSW1,2010/1/15 14:00,10568.89,30.9,TRADE
NSW1,2010/1/15 14:30,10566.95,30.39,TRADE
NSW1,2010/1/15 15:00,10593.74,31.07,TRADE
NSW1,2010/1/15 15:30,10507.61,32.32,TRADE
NSW1,2010/1/15 16:00,10552.58,30.13,TRADE
NSW1,2010/1/15 16:30,10425.43,26.99,TRADE
NSW1,2010/1/15 17:00,10189.98,24.47,TRADE
NSW1,2010/1/15 17:30,9816.75,22.06,TRADE
NSW1,2010/1/15 18:00,9533.43,21.5,TRADE
NSW1,2010/1/15 18:30,9308.02,23.1,TRADE
NSW1,2010/1/15 19:00,9186.36,22,TRADE
NSW1,2010/1/15 19:30,9119.6,22.19,TRADE
NSW1,2010/1/15 20:00,9201.96,22.16,TRADE
NSW1,2010/1/15 20:30,9020.48,22,TRADE
NSW1,2010/1/15 21:00,8785.89,22,TRADE
NSW1,2010/1/15 21:30,8871.52,22.33,TRADE
NSW1,2010/1/15 22:00,8755.99,21.31,TRADE
NSW1,2010/1/15 22:30,8663.23,22.66,TRADE
NSW1,2010/1/15 23:00,8523.81,21.49,TRADE
NSW1,2010/1/15 23:30,8322.81,22.35,TRADE
NSW1,2010/1/16 0:00,8024.89,21.42,TRADE
NSW1,2010/1/16 0:30,7764.97,21.16,TRADE
NSW1,2010/1/16 1:00,7505.03,20.87,TRADE
NSW1,2010/1/16 1:30,7212.98,20.63,TRADE
NSW1,2010/1/16 2:00,6889.84,17.61,TRADE
NSW1,2010/1/16 2:30,6728.19,18.64,TRADE
NSW1,2010/1/16 3:00,6615.65,17.25,TRADE
NSW1,2010/1/16 3:30,6582.81,17.68,TRADE
NSW1,2010/1/16 4:00,6586.22,16.53,TRADE
NSW1,2010/1/16 4:30,6661.58,17.43,TRADE
NSW1,2010/1/16 5:00,6682.12,17.78,TRADE
NSW1,2010/1/16 5:30,6837.84,17.62,TRADE
NSW1,2010/1/16 6:00,7003.88,18.4,TRADE
NSW1,2010/1/16 6:30,7353.31,19.67,TRADE
NSW1,2010/1/16 7:00,7739.62,20.78,TRADE
NSW1,2010/1/16 7:30,8148.01,21.34,TRADE
NSW1,2010/1/16 8:00,8542.93,23.14,TRADE
NSW1,2010/1/16 8:30,9012.61,27.07,TRADE
NSW1,2010/1/16 9:00,9179.84,25.34,TRADE
NSW1,2010/1/16 9:30,9400.53,28.62,TRADE
NSW1,2010/1/16 10:00,9464.74,29.61,TRADE
NSW1,2010/1/16 10:30,9534.9,30.79,TRADE
NSW1,2010/1/16 11:00,9548.49,30.65,TRADE
NSW1,2010/1/16 11:30,9570.65,30.84,TRADE
NSW1,2010/1/16 12:00,9558.61,30.86,TRADE
NSW1,2010/1/16 12:30,9618.37,31.35,TRADE
NSW1,2010/1/16 13:00,9625.75,31.77,TRADE
NSW1,2010/1/16 13:30,9544.09,30.97,TRADE
NSW1,2010/1/16 14:00,9547.05,30.76,TRADE
NSW1,2010/1/16 14:30,9509.23,30,TRADE
NSW1,2010/1/16 15:00,9525.87,29.16,TRADE
NSW1,2010/1/16 15:30,9394.36,23.99,TRADE
NSW1,2010/1/16 16:00,9335.57,22.96,TRADE
NSW1,2010/1/16 16:30,9227.09,22.96,TRADE
NSW1,2010/1/16 17:00,9074.11,22.19,TRADE
NSW1,2010/1/16 17:30,8992.71,22,TRADE
NSW1,2010/1/16 18:00,8882.98,21.96,TRADE
NSW1,2010/1/16 18:30,8675.73,21.81,TRADE
NSW1,2010/1/16 19:00,8623.96,21.19,TRADE
NSW1,2010/1/16 19:30,8670.08,21.77,TRADE
NSW1,2010/1/16 20:00,8686.38,22,TRADE
NSW1,2010/1/16 20:30,8523.23,21.47,TRADE
NSW1,2010/1/16 21:00,8349.79,21,TRADE
NSW1,2010/1/16 21:30,8282.35,21.23,TRADE
NSW1,2010/1/16 22:00,8198,19.77,TRADE
NSW1,2010/1/16 22:30,8083.82,20.95,TRADE
NSW1,2010/1/16 23:00,7768.44,18.34,TRADE
NSW1,2010/1/16 23:30,7517.99,19.5,TRADE
NSW1,2010/1/17 0:00,7372.36,18.12,TRADE
NSW1,2010/1/17 0:30,7149.37,16.37,TRADE
NSW1,2010/1/17 1:00,6925.15,14.96,TRADE
NSW1,2010/1/17 1:30,6692.92,15.46,TRADE
NSW1,2010/1/17 2:00,6489.8,12.01,TRADE
NSW1,2010/1/17 2:30,6333.67,11.29,TRADE
NSW1,2010/1/17 3:00,6303.26,10.29,TRADE
NSW1,2010/1/17 3:30,6270.31,10.54,TRADE
NSW1,2010/1/17 4:00,6238.98,10.32,TRADE
NSW1,2010/1/17 4:30,6302.98,8.79,TRADE
NSW1,2010/1/17 5:00,6300.15,7.53,TRADE
NSW1,2010/1/17 5:30,6328.98,7.99,TRADE
NSW1,2010/1/17 6:00,6400.13,8.9,TRADE
NSW1,2010/1/17 6:30,6689.4,11.64,TRADE
NSW1,2010/1/17 7:00,7010.85,13.1,TRADE
NSW1,2010/1/17 7:30,7373.88,17.05,TRADE
NSW1,2010/1/17 8:00,7707.75,17,TRADE
NSW1,2010/1/17 8:30,8128.94,20.22,TRADE
NSW1,2010/1/17 9:00,8405.03,20.95,TRADE
NSW1,2010/1/17 9:30,8641.81,20.9,TRADE
NSW1,2010/1/17 10:00,8798.06,21.08,TRADE
NSW1,2010/1/17 10:30,8934.51,21.94,TRADE
NSW1,2010/1/17 11:00,8958.81,21.89,TRADE
NSW1,2010/1/17 11:30,9057.86,21.95,TRADE
NSW1,2010/1/17 12:00,9136.24,22,TRADE
NSW1,2010/1/17 12:30,9145.39,22,TRADE
NSW1,2010/1/17 13:00,9170.4,22,TRADE
NSW1,2010/1/17 13:30,9124.31,21.96,TRADE
NSW1,2010/1/17 14:00,9037.36,22,TRADE
NSW1,2010/1/17 14:30,8972.32,22.26,TRADE
NSW1,2010/1/17 15:00,8917.49,22.21,TRADE
NSW1,2010/1/17 15:30,8897.11,22.01,TRADE
NSW1,2010/1/17 16:00,8820.23,22,TRADE
NSW1,2010/1/17 16:30,8763.33,21.43,TRADE
NSW1,2010/1/17 17:00,8769.44,21.99,TRADE
NSW1,2010/1/17 17:30,8721.93,22,TRADE
NSW1,2010/1/17 18:00,8614.9,22,TRADE
NSW1,2010/1/17 18:30,8469.74,21.85,TRADE
NSW1,2010/1/17 19:00,8292.07,21.57,TRADE
NSW1,2010/1/17 19:30,8397.22,21.97,TRADE
NSW1,2010/1/17 20:00,8543.58,22.16,TRADE
NSW1,2010/1/17 20:30,8410.05,21.99,TRADE
NSW1,2010/1/17 21:00,8182.47,20.92,TRADE
NSW1,2010/1/17 21:30,8087.98,20.39,TRADE
NSW1,2010/1/17 22:00,7959.33,18.27,TRADE
NSW1,2010/1/17 22:30,7782.42,18.11,TRADE
NSW1,2010/1/17 23:00,7532.01,16.94,TRADE
NSW1,2010/1/17 23:30,7378.68,17.73,TRADE
NSW1,2010/1/18 0:00,7212.89,17,TRADE
NSW1,2010/1/18 0:30,7049.5,16.8,TRADE
NSW1,2010/1/18 1:00,6834.9,13.82,TRADE
NSW1,2010/1/18 1:30,6618.91,13.02,TRADE
NSW1,2010/1/18 2:00,6488.55,11.69,TRADE
NSW1,2010/1/18 2:30,6386.78,11.15,TRADE
NSW1,2010/1/18 3:00,6297.93,10.37,TRADE
NSW1,2010/1/18 3:30,6299.25,9.35,TRADE
NSW1,2010/1/18 4:00,6358.97,9.43,TRADE
NSW1,2010/1/18 4:30,6521.02,9.73,TRADE
NSW1,2010/1/18 5:00,6770.06,12.17,TRADE
NSW1,2010/1/18 5:30,7310.07,19.12,TRADE
NSW1,2010/1/18 6:00,7746.05,18.5,TRADE
NSW1,2010/1/18 6:30,8094.71,21.01,TRADE
NSW1,2010/1/18 7:00,8529.88,21.66,TRADE
NSW1,2010/1/18 7:30,8988.92,22.45,TRADE
NSW1,2010/1/18 8:00,9372.34,22.41,TRADE
NSW1,2010/1/18 8:30,9634.28,22.33,TRADE
NSW1,2010/1/18 9:00,9717.57,22.15,TRADE
NSW1,2010/1/18 9:30,9824.98,22,TRADE
NSW1,2010/1/18 10:00,9840.73,22.35,TRADE
NSW1,2010/1/18 10:30,9807.34,22.81,TRADE
NSW1,2010/1/18 11:00,9810.1,22.97,TRADE
NSW1,2010/1/18 11:30,9798.86,22.65,TRADE
NSW1,2010/1/18 12:00,9758,22.94,TRADE
NSW1,2010/1/18 12:30,9790.65,22.97,TRADE
NSW1,2010/1/18 13:00,9812.64,22.32,TRADE
NSW1,2010/1/18 13:30,9816.56,22,TRADE
NSW1,2010/1/18 14:00,9803.52,22,TRADE
NSW1,2010/1/18 14:30,9717.78,21.83,TRADE
NSW1,2010/1/18 15:00,9559.73,22,TRADE
NSW1,2010/1/18 15:30,9680.6,22,TRADE
NSW1,2010/1/18 16:00,9646.48,22,TRADE
NSW1,2010/1/18 16:30,9614.12,22,TRADE
NSW1,2010/1/18 17:00,9488.12,21.94,TRADE
NSW1,2010/1/18 17:30,9282.68,22,TRADE
NSW1,2010/1/18 18:00,9056.96,21.75,TRADE
NSW1,2010/1/18 18:30,8891.07,22,TRADE
NSW1,2010/1/18 19:00,8735.98,22,TRADE
NSW1,2010/1/18 19:30,8663.29,21.99,TRADE
NSW1,2010/1/18 20:00,8851.68,22.16,TRADE
NSW1,2010/1/18 20:30,8698.81,22,TRADE
NSW1,2010/1/18 21:00,8407.97,21.61,TRADE
NSW1,2010/1/18 21:30,8433.71,21.87,TRADE
NSW1,2010/1/18 22:00,8222.22,21.09,TRADE
NSW1,2010/1/18 22:30,8149.99,21.02,TRADE
NSW1,2010/1/18 23:00,8039.22,20.26,TRADE
NSW1,2010/1/18 23:30,7832.7,19.75,TRADE
NSW1,2010/1/19 0:00,7701.19,19.81,TRADE
NSW1,2010/1/19 0:30,7519.54,20.79,TRADE
NSW1,2010/1/19 1:00,7293.17,20.99,TRADE
NSW1,2010/1/19 1:30,7049.9,19.16,TRADE
NSW1,2010/1/19 2:00,6762.56,18.84,TRADE
NSW1,2010/1/19 2:30,6560.29,16.71,TRADE
NSW1,2010/1/19 3:00,6507.43,16.56,TRADE
NSW1,2010/1/19 3:30,6452.98,14.09,TRADE
NSW1,2010/1/19 4:00,6491.88,14.85,TRADE
NSW1,2010/1/19 4:30,6789.9,20.27,TRADE
NSW1,2010/1/19 5:00,7014.66,20.08,TRADE
NSW1,2010/1/19 5:30,7411.67,20.43,TRADE
NSW1,2010/1/19 6:00,7830.35,21.34,TRADE
NSW1,2010/1/19 6:30,8165.07,22,TRADE
NSW1,2010/1/19 7:00,8590.78,22,TRADE
NSW1,2010/1/19 7:30,8852.56,22,TRADE
NSW1,2010/1/19 8:00,9132.69,22.01,TRADE
NSW1,2010/1/19 8:30,9463.52,22.04,TRADE
NSW1,2010/1/19 9:00,9540.11,22.2,TRADE
NSW1,2010/1/19 9:30,9639.48,22.76,TRADE
NSW1,2010/1/19 10:00,9648.47,23.37,TRADE
NSW1,2010/1/19 10:30,9678.36,23.17,TRADE
NSW1,2010/1/19 11:00,9695.51,23.77,TRADE
NSW1,2010/1/19 11:30,9694.54,23.58,TRADE
NSW1,2010/1/19 12:00,9631.75,23.08,TRADE
NSW1,2010/1/19 12:30,9669.78,23.04,TRADE
NSW1,2010/1/19 13:00,9657.22,23.16,TRADE
NSW1,2010/1/19 13:30,9657.41,23.37,TRADE
NSW1,2010/1/19 14:00,9693.31,24.12,TRADE
NSW1,2010/1/19 14:30,9650.95,23.83,TRADE
NSW1,2010/1/19 15:00,9622.46,23.54,TRADE
NSW1,2010/1/19 15:30,9649.59,25.01,TRADE
NSW1,2010/1/19 16:00,9595.52,24.97,TRADE
NSW1,2010/1/19 16:30,9550.76,24.26,TRADE
NSW1,2010/1/19 17:00,9398.61,23.6,TRADE
NSW1,2010/1/19 17:30,9148.19,21.96,TRADE
NSW1,2010/1/19 18:00,8957.17,22,TRADE
NSW1,2010/1/19 18:30,8820.61,21.76,TRADE
NSW1,2010/1/19 19:00,8670.34,21.99,TRADE
NSW1,2010/1/19 19:30,8649.36,22,TRADE
NSW1,2010/1/19 20:00,8722.48,22,TRADE
NSW1,2010/1/19 20:30,8592.02,21.89,TRADE
NSW1,2010/1/19 21:00,8359.1,21.33,TRADE
NSW1,2010/1/19 21:30,8314.64,21.43,TRADE
NSW1,2010/1/19 22:00,8122.83,20.94,TRADE
NSW1,2010/1/19 22:30,8061.08,21.18,TRADE
NSW1,2010/1/19 23:00,7866.68,21.07,TRADE
NSW1,2010/1/19 23:30,7752.77,20.83,TRADE
NSW1,2010/1/20 0:00,7538.63,20.61,TRADE
NSW1,2010/1/20 0:30,7389.78,20.99,TRADE
NSW1,2010/1/20 1:00,7182.36,20.98,TRADE
NSW1,2010/1/20 1:30,6912.21,20.28,TRADE
NSW1,2010/1/20 2:00,6641.71,17.21,TRADE
NSW1,2010/1/20 2:30,6449.09,13.13,TRADE
NSW1,2010/1/20 3:00,6372.8,12.19,TRADE
NSW1,2010/1/20 3:30,6356.3,10.45,TRADE
NSW1,2010/1/20 4:00,6380.96,10.77,TRADE
NSW1,2010/1/20 4:30,6533.91,15.22,TRADE
NSW1,2010/1/20 5:00,6808.34,18.31,TRADE
NSW1,2010/1/20 5:30,7253.3,20.36,TRADE
NSW1,2010/1/20 6:00,7682.76,21.52,TRADE
NSW1,2010/1/20 6:30,8075.46,21.99,TRADE
NSW1,2010/1/20 7:00,8575.59,22,TRADE
NSW1,2010/1/20 7:30,8879.05,22,TRADE
NSW1,2010/1/20 8:00,9180.96,22.12,TRADE
NSW1,2010/1/20 8:30,9559.72,23.01,TRADE
NSW1,2010/1/20 9:00,9720.42,23.13,TRADE
NSW1,2010/1/20 9:30,9843.95,22.87,TRADE
NSW1,2010/1/20 10:00,9901.61,23.71,TRADE
NSW1,2010/1/20 10:30,9970.53,23.75,TRADE
NSW1,2010/1/20 11:00,10075.52,23.76,TRADE
NSW1,2010/1/20 11:30,10134.68,23.84,TRADE
NSW1,2010/1/20 12:00,10187.59,24.05,TRADE
NSW1,2010/1/20 12:30,10257.72,24.37,TRADE
NSW1,2010/1/20 13:00,10356.93,25.65,TRADE
NSW1,2010/1/20 13:30,10459.27,29.27,TRADE
NSW1,2010/1/20 14:00,10569.3,31.16,TRADE
NSW1,2010/1/20 14:30,10602.61,33.33,TRADE
NSW1,2010/1/20 15:00,10683.17,35.87,TRADE
NSW1,2010/1/20 15:30,10794.51,39.96,TRADE
NSW1,2010/1/20 16:00,10819.11,40.45,TRADE
NSW1,2010/1/20 16:30,10752.24,35.23,TRADE
NSW1,2010/1/20 17:00,10652.82,33.24,TRADE
NSW1,2010/1/20 17:30,10360.92,29.31,TRADE
NSW1,2010/1/20 18:00,10160.07,25.31,TRADE
NSW1,2010/1/20 18:30,9959.14,24.86,TRADE
NSW1,2010/1/20 19:00,9747,24.32,TRADE
NSW1,2010/1/20 19:30,9635.98,24.56,TRADE
NSW1,2010/1/20 20:00,9663.61,24.54,TRADE
NSW1,2010/1/20 20:30,9445.18,24.85,TRADE
NSW1,2010/1/20 21:00,9128.65,23.34,TRADE
NSW1,2010/1/20 21:30,9078.63,22.52,TRADE
NSW1,2010/1/20 22:00,8760.27,20.99,TRADE
NSW1,2010/1/20 22:30,8632.38,21.78,TRADE
NSW1,2010/1/20 23:00,8383.15,21.85,TRADE
NSW1,2010/1/20 23:30,8163.56,21.99,TRADE
NSW1,2010/1/21 0:00,7929.1,21.46,TRADE
NSW1,2010/1/21 0:30,7731,22,TRADE
NSW1,2010/1/21 1:00,7468.68,22.01,TRADE
NSW1,2010/1/21 1:30,7161.73,21.76,TRADE
NSW1,2010/1/21 2:00,6933.13,20.16,TRADE
NSW1,2010/1/21 2:30,6750.13,18.82,TRADE
NSW1,2010/1/21 3:00,6623.9,16.69,TRADE
NSW1,2010/1/21 3:30,6647.71,18.41,TRADE
NSW1,2010/1/21 4:00,6700.51,15.84,TRADE
NSW1,2010/1/21 4:30,6896.11,18.14,TRADE
NSW1,2010/1/21 5:00,7121.75,19.79,TRADE
NSW1,2010/1/21 5:30,7523.57,21.04,TRADE
NSW1,2010/1/21 6:00,7978.44,22.02,TRADE
NSW1,2010/1/21 6:30,8393.89,22,TRADE
NSW1,2010/1/21 7:00,8892.1,22,TRADE
NSW1,2010/1/21 7:30,9356.12,22.21,TRADE
NSW1,2010/1/21 8:00,9767.76,23.61,TRADE
NSW1,2010/1/21 8:30,10134.85,25.19,TRADE
NSW1,2010/1/21 9:00,10316.73,27.36,TRADE
NSW1,2010/1/21 9:30,10558.5,29.96,TRADE
NSW1,2010/1/21 10:00,10731.29,31.39,TRADE
NSW1,2010/1/21 10:30,10869.14,31.95,TRADE
NSW1,2010/1/21 11:00,11052.39,31.58,TRADE
NSW1,2010/1/21 11:30,11269.69,39.41,TRADE
NSW1,2010/1/21 12:00,11377.12,46.7,TRADE
NSW1,2010/1/21 12:30,11667.89,102.47,TRADE
NSW1,2010/1/21 13:00,11907.71,97.71,TRADE
NSW1,2010/1/21 13:30,12095.82,94.97,TRADE
NSW1,2010/1/21 14:00,12258.97,105.69,TRADE
NSW1,2010/1/21 14:30,12381.83,89.97,TRADE
NSW1,2010/1/21 15:00,12440.82,110.49,TRADE
NSW1,2010/1/21 15:30,12619.15,376.27,TRADE
NSW1,2010/1/21 16:00,12758.95,40.55,TRADE
NSW1,2010/1/21 16:30,12684.91,193.01,TRADE
NSW1,2010/1/21 17:00,12664.03,41.75,TRADE
NSW1,2010/1/21 17:30,12368.97,29.14,TRADE
NSW1,2010/1/21 18:00,12070.27,31.75,TRADE
NSW1,2010/1/21 18:30,11680.77,63.56,TRADE
NSW1,2010/1/21 19:00,11392.72,45.24,TRADE
NSW1,2010/1/21 19:30,11193.91,41.01,TRADE
NSW1,2010/1/21 20:00,11164.89,43.36,TRADE
NSW1,2010/1/21 20:30,10754.03,43.82,TRADE
NSW1,2010/1/21 21:00,10321.5,35,TRADE
NSW1,2010/1/21 21:30,10149.68,34.72,TRADE
NSW1,2010/1/21 22:00,9736.5,27.73,TRADE
NSW1,2010/1/21 22:30,9476.36,30.75,TRADE
NSW1,2010/1/21 23:00,9166.34,27.92,TRADE
NSW1,2010/1/21 23:30,8840.3,27.36,TRADE
NSW1,2010/1/22 0:00,8505.63,21.65,TRADE
NSW1,2010/1/22 0:30,8195.15,23.05,TRADE
NSW1,2010/1/22 1:00,7957.21,23.34,TRADE
NSW1,2010/1/22 1:30,7580.13,23.27,TRADE
NSW1,2010/1/22 2:00,7345.22,22.42,TRADE
NSW1,2010/1/22 2:30,7119.35,21.87,TRADE
NSW1,2010/1/22 3:00,7007.97,22,TRADE
NSW1,2010/1/22 3:30,7056.66,22,TRADE
NSW1,2010/1/22 4:00,7062.7,22,TRADE
NSW1,2010/1/22 4:30,7210.39,22,TRADE
NSW1,2010/1/22 5:00,7466.39,22,TRADE
NSW1,2010/1/22 5:30,7930.6,23.59,TRADE
NSW1,2010/1/22 6:00,8408.19,25.04,TRADE
NSW1,2010/1/22 6:30,8949.3,22.29,TRADE
NSW1,2010/1/22 7:00,9533.68,27.16,TRADE
NSW1,2010/1/22 7:30,9994.01,26.11,TRADE
NSW1,2010/1/22 8:00,10460.15,29.55,TRADE
NSW1,2010/1/22 8:30,10910.58,35.87,TRADE
NSW1,2010/1/22 9:00,11233.21,40.45,TRADE
NSW1,2010/1/22 9:30,11605.36,41.97,TRADE
NSW1,2010/1/22 10:00,11886.61,44.12,TRADE
NSW1,2010/1/22 10:30,12152.97,41.6,TRADE
NSW1,2010/1/22 11:00,12366.77,41.61,TRADE
NSW1,2010/1/22 11:30,12554.47,1243.36,TRADE
NSW1,2010/1/22 12:00,12797.49,290.81,TRADE
NSW1,2010/1/22 12:30,12927.2,2915.29,TRADE
NSW1,2010/1/22 13:00,13166.31,3598.71,TRADE
NSW1,2010/1/22 13:30,13356.87,2477.31,TRADE
NSW1,2010/1/22 14:00,13509.44,1167.19,TRADE
NSW1,2010/1/22 14:30,13636.19,3617.24,TRADE
NSW1,2010/1/22 15:00,13765.04,4514.06,TRADE
NSW1,2010/1/22 15:30,13744.83,538.4,TRADE
NSW1,2010/1/22 16:00,13744.68,2268.39,TRADE
NSW1,2010/1/22 16:30,13547.14,612.34,TRADE
NSW1,2010/1/22 17:00,13347.85,484.55,TRADE
NSW1,2010/1/22 17:30,12939.29,384.8,TRADE
NSW1,2010/1/22 18:00,12644.95,312.31,TRADE
NSW1,2010/1/22 18:30,12375.96,331.5,TRADE
NSW1,2010/1/22 19:00,12084.93,21.77,TRADE
NSW1,2010/1/22 19:30,11855.34,39.45,TRADE
NSW1,2010/1/22 20:00,11870.02,62.4,TRADE
NSW1,2010/1/22 20:30,11609.71,48.83,TRADE
NSW1,2010/1/22 21:00,11206.39,41.56,TRADE
NSW1,2010/1/22 21:30,11042.93,42.45,TRADE
NSW1,2010/1/22 22:00,10544.33,35.75,TRADE
NSW1,2010/1/22 22:30,10258.62,38.39,TRADE
NSW1,2010/1/22 23:00,9861.11,32.82,TRADE
NSW1,2010/1/22 23:30,9451.05,31.51,TRADE
NSW1,2010/1/23 0:00,9049.68,28.19,TRADE
NSW1,2010/1/23 0:30,8693.1,28.08,TRADE
NSW1,2010/1/23 1:00,8309.93,26.48,TRADE
NSW1,2010/1/23 1:30,7991.33,28.02,TRADE
NSW1,2010/1/23 2:00,7601.46,22.42,TRADE
NSW1,2010/1/23 2:30,7452.68,21.93,TRADE
NSW1,2010/1/23 3:00,7304.23,22,TRADE
NSW1,2010/1/23 3:30,7276.18,21.8,TRADE
NSW1,2010/1/23 4:00,7228.92,21.07,TRADE
NSW1,2010/1/23 4:30,7308.56,22,TRADE
NSW1,2010/1/23 5:00,7332.69,22,TRADE
NSW1,2010/1/23 5:30,7450.16,22,TRADE
NSW1,2010/1/23 6:00,7582.76,22,TRADE
NSW1,2010/1/23 6:30,7994.94,22,TRADE
NSW1,2010/1/23 7:00,8448.31,21.98,TRADE
NSW1,2010/1/23 7:30,9038.23,22.27,TRADE
NSW1,2010/1/23 8:00,9555.71,23.58,TRADE
NSW1,2010/1/23 8:30,10159.04,28.3,TRADE
NSW1,2010/1/23 9:00,10487.7,36.15,TRADE
NSW1,2010/1/23 9:30,10856.44,41.53,TRADE
NSW1,2010/1/23 10:00,11048,43.82,TRADE
NSW1,2010/1/23 10:30,11382.11,33.5,TRADE
NSW1,2010/1/23 11:00,11582.39,114.06,TRADE
NSW1,2010/1/23 11:30,11743.79,60.22,TRADE
NSW1,2010/1/23 12:00,11915.87,227.78,TRADE
NSW1,2010/1/23 12:30,12080.72,362.2,TRADE
NSW1,2010/1/23 13:00,12134.02,2562.2,TRADE
NSW1,2010/1/23 13:30,12185.84,900.2,TRADE
NSW1,2010/1/23 14:00,12278.96,693.63,TRADE
NSW1,2010/1/23 14:30,12257.6,442.34,TRADE
NSW1,2010/1/23 15:00,12162.62,28.77,TRADE
NSW1,2010/1/23 15:30,11922.12,26.15,TRADE
NSW1,2010/1/23 16:00,11466.93,29.88,TRADE
NSW1,2010/1/23 16:30,10927.62,32.15,TRADE
NSW1,2010/1/23 17:00,10549.52,34.18,TRADE
NSW1,2010/1/23 17:30,10173.65,39.25,TRADE
NSW1,2010/1/23 18:00,9836.98,30.54,TRADE
NSW1,2010/1/23 18:30,9605.85,24.85,TRADE
NSW1,2010/1/23 19:00,9448.47,22.97,TRADE
NSW1,2010/1/23 19:30,9266.01,22.97,TRADE
NSW1,2010/1/23 20:00,9257.53,22.97,TRADE
NSW1,2010/1/23 20:30,9055.25,26.09,TRADE
NSW1,2010/1/23 21:00,8809.6,22.47,TRADE
NSW1,2010/1/23 21:30,8697.43,21.87,TRADE
NSW1,2010/1/23 22:00,8546.75,21.54,TRADE
NSW1,2010/1/23 22:30,8358.84,24.27,TRADE
NSW1,2010/1/23 23:00,8113.27,23.28,TRADE
NSW1,2010/1/23 23:30,7877.23,25.7,TRADE
NSW1,2010/1/24 0:00,7645.63,22.1,TRADE
NSW1,2010/1/24 0:30,7425.85,21.85,TRADE
NSW1,2010/1/24 1:00,7226.34,22,TRADE
NSW1,2010/1/24 1:30,6981.82,21.82,TRADE
NSW1,2010/1/24 2:00,6740.09,20.75,TRADE
NSW1,2010/1/24 2:30,6613.87,20.13,TRADE
NSW1,2010/1/24 3:00,6579.28,20.27,TRADE
NSW1,2010/1/24 3:30,6529.14,19.29,TRADE
NSW1,2010/1/24 4:00,6476.67,18.04,TRADE
NSW1,2010/1/24 4:30,6515.16,18.81,TRADE
NSW1,2010/1/24 5:00,6554.06,20,TRADE
NSW1,2010/1/24 5:30,6641.02,20.06,TRADE
NSW1,2010/1/24 6:00,6702.97,20.19,TRADE
NSW1,2010/1/24 6:30,6964.36,18.98,TRADE
NSW1,2010/1/24 7:00,7223.84,20.31,TRADE
NSW1,2010/1/24 7:30,7623.22,21.64,TRADE
NSW1,2010/1/24 8:00,7923.9,21.7,TRADE
NSW1,2010/1/24 8:30,8208.53,22.08,TRADE
NSW1,2010/1/24 9:00,8430.84,22.02,TRADE
NSW1,2010/1/24 9:30,8597.6,22,TRADE
NSW1,2010/1/24 10:00,8678.4,21.67,TRADE
NSW1,2010/1/24 10:30,8745.43,22.97,TRADE
NSW1,2010/1/24 11:00,8806.6,22.32,TRADE
NSW1,2010/1/24 11:30,8865.72,22.97,TRADE
NSW1,2010/1/24 12:00,8869.64,24.05,TRADE
NSW1,2010/1/24 12:30,8860.65,25.05,TRADE
NSW1,2010/1/24 13:00,8821.29,24.85,TRADE
NSW1,2010/1/24 13:30,8875.66,28.7,TRADE
NSW1,2010/1/24 14:00,8894.64,27.41,TRADE
NSW1,2010/1/24 14:30,8942.62,27.24,TRADE
NSW1,2010/1/24 15:00,8980.78,26.84,TRADE
NSW1,2010/1/24 15:30,8989.57,26.27,TRADE
NSW1,2010/1/24 16:00,9004.24,27.78,TRADE
NSW1,2010/1/24 16:30,8982.04,29.18,TRADE
NSW1,2010/1/24 17:00,8784.44,25.03,TRADE
NSW1,2010/1/24 17:30,8979.87,25.56,TRADE
NSW1,2010/1/24 18:00,8997.27,24.93,TRADE
NSW1,2010/1/24 18:30,8856.47,22.98,TRADE
NSW1,2010/1/24 19:00,8761.42,23.74,TRADE
NSW1,2010/1/24 19:30,8816.29,24.27,TRADE
NSW1,2010/1/24 20:00,8865.47,24.5,TRADE
NSW1,2010/1/24 20:30,8664.96,24.71,TRADE
NSW1,2010/1/24 21:00,8470,23.08,TRADE
NSW1,2010/1/24 21:30,8362.84,22.38,TRADE
NSW1,2010/1/24 22:00,8208.02,21.5,TRADE
NSW1,2010/1/24 22:30,8069.01,24.74,TRADE
NSW1,2010/1/24 23:00,7850.88,22.99,TRADE
NSW1,2010/1/24 23:30,7524.48,21.51,TRADE
NSW1,2010/1/25 0:00,7129.59,21.81,TRADE
NSW1,2010/1/25 0:30,7056.53,21.97,TRADE
NSW1,2010/1/25 1:00,7143.17,21.79,TRADE
NSW1,2010/1/25 1:30,6933.47,21.91,TRADE
NSW1,2010/1/25 2:00,6747.36,20.92,TRADE
NSW1,2010/1/25 2:30,6624.41,18.9,TRADE
NSW1,2010/1/25 3:00,6570.87,15.88,TRADE
NSW1,2010/1/25 3:30,6610.04,16.05,TRADE
NSW1,2010/1/25 4:00,6715.65,16.13,TRADE
NSW1,2010/1/25 4:30,6812.32,19.14,TRADE
NSW1,2010/1/25 5:00,7084.06,20.96,TRADE
NSW1,2010/1/25 5:30,7544.18,21.63,TRADE
NSW1,2010/1/25 6:00,7957.98,22,TRADE
NSW1,2010/1/25 6:30,8355.15,21.65,TRADE
NSW1,2010/1/25 7:00,8864.71,22,TRADE
NSW1,2010/1/25 7:30,9259.26,22,TRADE
NSW1,2010/1/25 8:00,9638.48,23.4,TRADE
NSW1,2010/1/25 8:30,9994.13,24.23,TRADE
NSW1,2010/1/25 9:00,10187.6,25.12,TRADE
NSW1,2010/1/25 9:30,10332.46,28.67,TRADE
NSW1,2010/1/25 10:00,10392.49,28.44,TRADE
NSW1,2010/1/25 10:30,10419.03,29.46,TRADE
NSW1,2010/1/25 11:00,10555.14,30.19,TRADE
NSW1,2010/1/25 11:30,10579.06,30.66,TRADE
NSW1,2010/1/25 12:00,10736.62,34.71,TRADE
NSW1,2010/1/25 12:30,10866.96,40.28,TRADE
NSW1,2010/1/25 13:00,10991.37,37.67,TRADE
NSW1,2010/1/25 13:30,11068.1,38.49,TRADE
NSW1,2010/1/25 14:00,11197.09,42.61,TRADE
NSW1,2010/1/25 14:30,11242.05,42.33,TRADE
NSW1,2010/1/25 15:00,11338.97,46.35,TRADE
NSW1,2010/1/25 15:30,11413.78,44.62,TRADE
NSW1,2010/1/25 16:00,11418.89,43.79,TRADE
NSW1,2010/1/25 16:30,11292.84,46.6,TRADE
NSW1,2010/1/25 17:00,10992.3,39.87,TRADE
NSW1,2010/1/25 17:30,10632.76,34.81,TRADE
NSW1,2010/1/25 18:00,10451.55,32.04,TRADE
NSW1,2010/1/25 18:30,10227.28,30.57,TRADE
NSW1,2010/1/25 19:00,9975.86,30.68,TRADE
NSW1,2010/1/25 19:30,9904.78,31.18,TRADE
NSW1,2010/1/25 20:00,9956.47,30.85,TRADE
NSW1,2010/1/25 20:30,9663.24,30.3,TRADE
NSW1,2010/1/25 21:00,9356.46,29.32,TRADE
NSW1,2010/1/25 21:30,9355.8,29.1,TRADE
NSW1,2010/1/25 22:00,9081.4,23.18,TRADE
NSW1,2010/1/25 22:30,8946.33,30.06,TRADE
NSW1,2010/1/25 23:00,8648.29,28.19,TRADE
NSW1,2010/1/25 23:30,8350.51,28.15,TRADE
NSW1,2010/1/26 0:00,8098.75,22.8,TRADE
NSW1,2010/1/26 0:30,7843.34,22.47,TRADE
NSW1,2010/1/26 1:00,7576.8,22.01,TRADE
NSW1,2010/1/26 1:30,7289.67,22.02,TRADE
NSW1,2010/1/26 2:00,7009.43,21.82,TRADE
NSW1,2010/1/26 2:30,6852,20.51,TRADE
NSW1,2010/1/26 3:00,6779.57,20.38,TRADE
NSW1,2010/1/26 3:30,6699.96,20.18,TRADE
NSW1,2010/1/26 4:00,6744.35,20.33,TRADE
NSW1,2010/1/26 4:30,6819.87,20.61,TRADE
NSW1,2010/1/26 5:00,6854.66,20.8,TRADE
NSW1,2010/1/26 5:30,7004.93,21,TRADE
NSW1,2010/1/26 6:00,7039.93,20.9,TRADE
NSW1,2010/1/26 6:30,7301.67,20.59,TRADE
NSW1,2010/1/26 7:00,7655.53,21.98,TRADE
NSW1,2010/1/26 7:30,8065.71,22,TRADE
NSW1,2010/1/26 8:00,8442.43,22,TRADE
NSW1,2010/1/26 8:30,8861.54,21.89,TRADE
NSW1,2010/1/26 9:00,9255.13,22,TRADE
NSW1,2010/1/26 9:30,9668.15,22.81,TRADE
NSW1,2010/1/26 10:00,9944.9,25.39,TRADE
NSW1,2010/1/26 10:30,10168.85,29.91,TRADE
NSW1,2010/1/26 11:00,10376.37,30.13,TRADE
NSW1,2010/1/26 11:30,10497.69,31.94,TRADE
NSW1,2010/1/26 12:00,10674.97,34.94,TRADE
NSW1,2010/1/26 12:30,10787.23,38.69,TRADE
NSW1,2010/1/26 13:00,10925.58,39.5,TRADE
NSW1,2010/1/26 13:30,11049.17,41.86,TRADE
NSW1,2010/1/26 14:00,11160.63,50.68,TRADE
NSW1,2010/1/26 14:30,11260.1,54.03,TRADE
NSW1,2010/1/26 15:00,11367.77,54.94,TRADE
NSW1,2010/1/26 15:30,11458.18,54.94,TRADE
NSW1,2010/1/26 16:00,11504.61,54.94,TRADE
NSW1,2010/1/26 16:30,11430.31,54.94,TRADE
NSW1,2010/1/26 17:00,11295.84,54.94,TRADE
NSW1,2010/1/26 17:30,11199.19,52.16,TRADE
NSW1,2010/1/26 18:00,11040.88,47.02,TRADE
NSW1,2010/1/26 18:30,10730.56,41.14,TRADE
NSW1,2010/1/26 19:00,10523.05,39.21,TRADE
NSW1,2010/1/26 19:30,10474.2,41.88,TRADE
NSW1,2010/1/26 20:00,10541.18,41.03,TRADE
NSW1,2010/1/26 20:30,10271.68,35.2,TRADE
NSW1,2010/1/26 21:00,9987.77,31.01,TRADE
NSW1,2010/1/26 21:30,9817.7,29.36,TRADE
NSW1,2010/1/26 22:00,9469.48,25.28,TRADE
NSW1,2010/1/26 22:30,9115.94,29.95,TRADE
NSW1,2010/1/26 23:00,8776.91,27.4,TRADE
NSW1,2010/1/26 23:30,8444.44,23.15,TRADE
NSW1,2010/1/27 0:00,8238.65,22.56,TRADE
NSW1,2010/1/27 0:30,7983.1,21.83,TRADE
NSW1,2010/1/27 1:00,7752.77,22.83,TRADE
NSW1,2010/1/27 1:30,7419.01,22.77,TRADE
NSW1,2010/1/27 2:00,7187.36,21.9,TRADE
NSW1,2010/1/27 2:30,7043.19,21.06,TRADE
NSW1,2010/1/27 3:00,6947.47,20.9,TRADE
NSW1,2010/1/27 3:30,6915.36,20.95,TRADE
NSW1,2010/1/27 4:00,6950.56,20.96,TRADE
NSW1,2010/1/27 4:30,7137.8,20.89,TRADE
NSW1,2010/1/27 5:00,7372.4,21.99,TRADE
NSW1,2010/1/27 5:30,7943.99,22.12,TRADE
NSW1,2010/1/27 6:00,8443.8,22.42,TRADE
NSW1,2010/1/27 6:30,8910.47,21.62,TRADE
NSW1,2010/1/27 7:00,9447.33,22.3,TRADE
NSW1,2010/1/27 7:30,9837.98,23.1,TRADE
NSW1,2010/1/27 8:00,10164.09,26.66,TRADE
NSW1,2010/1/27 8:30,10560.08,30.82,TRADE
NSW1,2010/1/27 9:00,10777.33,32.98,TRADE
NSW1,2010/1/27 9:30,10944.49,35.99,TRADE
NSW1,2010/1/27 10:00,11166.28,42.6,TRADE
NSW1,2010/1/27 10:30,11236.62,41.95,TRADE
NSW1,2010/1/27 11:00,11376.32,42.98,TRADE
NSW1,2010/1/27 11:30,11424.38,52.22,TRADE
NSW1,2010/1/27 12:00,11489.63,53.62,TRADE
NSW1,2010/1/27 12:30,11576.21,52.89,TRADE
NSW1,2010/1/27 13:00,11624.89,60.66,TRADE
NSW1,2010/1/27 13:30,11681.57,50.52,TRADE
NSW1,2010/1/27 14:00,11661.05,41.62,TRADE
NSW1,2010/1/27 14:30,11502.54,42.68,TRADE
NSW1,2010/1/27 15:00,11349.25,40.24,TRADE
NSW1,2010/1/27 15:30,11265.71,40.89,TRADE
NSW1,2010/1/27 16:00,11169.1,38.04,TRADE
NSW1,2010/1/27 16:30,11017.31,35.54,TRADE
NSW1,2010/1/27 17:00,10635.09,31.23,TRADE
NSW1,2010/1/27 17:30,10204.87,29.72,TRADE
NSW1,2010/1/27 18:00,10270.97,28.46,TRADE
NSW1,2010/1/27 18:30,9952.45,27.58,TRADE
NSW1,2010/1/27 19:00,9830.74,25.33,TRADE
NSW1,2010/1/27 19:30,9747.75,25.06,TRADE
NSW1,2010/1/27 20:00,9716,24.72,TRADE
NSW1,2010/1/27 20:30,9534.49,25.42,TRADE
NSW1,2010/1/27 21:00,9161.83,23.73,TRADE
NSW1,2010/1/27 21:30,9014.61,23.99,TRADE
NSW1,2010/1/27 22:00,8728.53,21.66,TRADE
NSW1,2010/1/27 22:30,8577.28,21.49,TRADE
NSW1,2010/1/27 23:00,8361.96,22.01,TRADE
NSW1,2010/1/27 23:30,8169.76,21.99,TRADE
NSW1,2010/1/28 0:00,7932.17,22.02,TRADE
NSW1,2010/1/28 0:30,7721.2,22,TRADE
NSW1,2010/1/28 1:00,7460.3,21.74,TRADE
NSW1,2010/1/28 1:30,7189.64,21.27,TRADE
NSW1,2010/1/28 2:00,6966.36,20.77,TRADE
NSW1,2010/1/28 2:30,6809.7,20,TRADE
NSW1,2010/1/28 3:00,6751.38,19.99,TRADE
NSW1,2010/1/28 3:30,6751.51,19.99,TRADE
NSW1,2010/1/28 4:00,6834.54,20.13,TRADE
NSW1,2010/1/28 4:30,7051.6,20.96,TRADE
NSW1,2010/1/28 5:00,7325.9,21.24,TRADE
NSW1,2010/1/28 5:30,7882.8,22.18,TRADE
NSW1,2010/1/28 6:00,8499.69,24.16,TRADE
NSW1,2010/1/28 6:30,9052.78,26.57,TRADE
NSW1,2010/1/28 7:00,9557.22,28.97,TRADE
NSW1,2010/1/28 7:30,9840.59,29.95,TRADE
NSW1,2010/1/28 8:00,10078.48,33.95,TRADE
NSW1,2010/1/28 8:30,10387.9,34.27,TRADE
NSW1,2010/1/28 9:00,10612.06,37.59,TRADE
NSW1,2010/1/28 9:30,10762.14,40.8,TRADE
NSW1,2010/1/28 10:00,10910.11,51.08,TRADE
NSW1,2010/1/28 10:30,11023.69,54.55,TRADE
NSW1,2010/1/28 11:00,11127.52,46.54,TRADE
NSW1,2010/1/28 11:30,11180.15,37.75,TRADE
NSW1,2010/1/28 12:00,11210.9,40.33,TRADE
NSW1,2010/1/28 12:30,11353.01,44.77,TRADE
NSW1,2010/1/28 13:00,11451.04,47.81,TRADE
NSW1,2010/1/28 13:30,11452.11,51.44,TRADE
NSW1,2010/1/28 14:00,11383.42,49.14,TRADE
NSW1,2010/1/28 14:30,11266.16,38.55,TRADE
NSW1,2010/1/28 15:00,11151.34,38.39,TRADE
NSW1,2010/1/28 15:30,11106.97,41.21,TRADE
NSW1,2010/1/28 16:00,11008,37.85,TRADE
NSW1,2010/1/28 16:30,10924.83,37.45,TRADE
NSW1,2010/1/28 17:00,10905.52,41.89,TRADE
NSW1,2010/1/28 17:30,10614.68,32.93,TRADE
NSW1,2010/1/28 18:00,10492.34,31.92,TRADE
NSW1,2010/1/28 18:30,10249.9,30.07,TRADE
NSW1,2010/1/28 19:00,10049.78,29.96,TRADE
NSW1,2010/1/28 19:30,9955.74,30.06,TRADE
NSW1,2010/1/28 20:00,9685.52,27.87,TRADE
NSW1,2010/1/28 20:30,9110.85,25.77,TRADE
NSW1,2010/1/28 21:00,8914.88,22.97,TRADE
NSW1,2010/1/28 21:30,8964.9,22.81,TRADE
NSW1,2010/1/28 22:00,8766.7,21.3,TRADE
NSW1,2010/1/28 22:30,8591.99,22.43,TRADE
NSW1,2010/1/28 23:00,8359.31,22.23,TRADE
NSW1,2010/1/28 23:30,8098.46,21.97,TRADE
NSW1,2010/1/29 0:00,7845.01,22,TRADE
NSW1,2010/1/29 0:30,7640.18,22.01,TRADE
NSW1,2010/1/29 1:00,7361.4,22,TRADE
NSW1,2010/1/29 1:30,7120.68,21.84,TRADE
NSW1,2010/1/29 2:00,6830.18,20.8,TRADE
NSW1,2010/1/29 2:30,6702.86,19.54,TRADE
NSW1,2010/1/29 3:00,6644.49,19.11,TRADE
NSW1,2010/1/29 3:30,6652.27,19.98,TRADE
NSW1,2010/1/29 4:00,6732.62,20.28,TRADE
NSW1,2010/1/29 4:30,6928.29,20.74,TRADE
NSW1,2010/1/29 5:00,7201.45,21.28,TRADE
NSW1,2010/1/29 5:30,7770.65,22.09,TRADE
NSW1,2010/1/29 6:00,8350.82,22,TRADE
NSW1,2010/1/29 6:30,8847.73,23.22,TRADE
NSW1,2010/1/29 7:00,9360.92,25.62,TRADE
NSW1,2010/1/29 7:30,9660.01,26.77,TRADE
NSW1,2010/1/29 8:00,9937.58,27.79,TRADE
NSW1,2010/1/29 8:30,10298.99,29.2,TRADE
NSW1,2010/1/29 9:00,10530.63,30.01,TRADE
NSW1,2010/1/29 9:30,10710.1,30.26,TRADE
NSW1,2010/1/29 10:00,10886.04,31.07,TRADE
NSW1,2010/1/29 10:30,11001.02,32.01,TRADE
NSW1,2010/1/29 11:00,11113.65,32.79,TRADE
NSW1,2010/1/29 11:30,11131.67,33.94,TRADE
NSW1,2010/1/29 12:00,11199.31,36.27,TRADE
NSW1,2010/1/29 12:30,11282.85,44.79,TRADE
NSW1,2010/1/29 13:00,11345.2,46.83,TRADE
NSW1,2010/1/29 13:30,11422.02,39.98,TRADE
NSW1,2010/1/29 14:00,11424.12,38.54,TRADE
NSW1,2010/1/29 14:30,11375.92,35.24,TRADE
NSW1,2010/1/29 15:00,11449.81,33.6,TRADE
NSW1,2010/1/29 15:30,11453.22,32.75,TRADE
NSW1,2010/1/29 16:00,11370.74,32.38,TRADE
NSW1,2010/1/29 16:30,11163.74,31.19,TRADE
NSW1,2010/1/29 17:00,10830.99,27.66,TRADE
NSW1,2010/1/29 17:30,10339.64,25,TRADE
NSW1,2010/1/29 18:00,10081.99,23.3,TRADE
NSW1,2010/1/29 18:30,9771.19,22.03,TRADE
NSW1,2010/1/29 19:00,9540.96,22.28,TRADE
NSW1,2010/1/29 19:30,9442.65,22.33,TRADE
NSW1,2010/1/29 20:00,9467.61,22.68,TRADE
NSW1,2010/1/29 20:30,9293.89,22.81,TRADE
NSW1,2010/1/29 21:00,8945.85,22,TRADE
NSW1,2010/1/29 21:30,8893.13,21.71,TRADE
NSW1,2010/1/29 22:00,8658.87,21.51,TRADE
NSW1,2010/1/29 22:30,8543.92,22.21,TRADE
NSW1,2010/1/29 23:00,8385.24,21.78,TRADE
NSW1,2010/1/29 23:30,8111.54,21.99,TRADE
NSW1,2010/1/30 0:00,7820.99,21.73,TRADE
NSW1,2010/1/30 0:30,7589.73,20.96,TRADE
NSW1,2010/1/30 1:00,7376.41,20.09,TRADE
NSW1,2010/1/30 1:30,7064.63,19.01,TRADE
NSW1,2010/1/30 2:00,6775.62,13.13,TRADE
NSW1,2010/1/30 2:30,6653.94,11.45,TRADE
NSW1,2010/1/30 3:00,6548.02,10.83,TRADE
NSW1,2010/1/30 3:30,6502.34,10.06,TRADE
NSW1,2010/1/30 4:00,6508.64,10.04,TRADE
NSW1,2010/1/30 4:30,6557.94,11.07,TRADE
NSW1,2010/1/30 5:00,6664.79,15.47,TRADE
NSW1,2010/1/30 5:30,6810.2,16.33,TRADE
NSW1,2010/1/30 6:00,7008.21,18.48,TRADE
NSW1,2010/1/30 6:30,7338.32,19.59,TRADE
NSW1,2010/1/30 7:00,7643.23,20.49,TRADE
NSW1,2010/1/30 7:30,8120.95,21.73,TRADE
NSW1,2010/1/30 8:00,8495.78,22.16,TRADE
NSW1,2010/1/30 8:30,8878.21,22.08,TRADE
NSW1,2010/1/30 9:00,8989.5,22.62,TRADE
NSW1,2010/1/30 9:30,9161.59,24.53,TRADE
NSW1,2010/1/30 10:00,9174.08,25.09,TRADE
NSW1,2010/1/30 10:30,9223.99,27.25,TRADE
NSW1,2010/1/30 11:00,9235.46,26.55,TRADE
NSW1,2010/1/30 11:30,9152.54,27.17,TRADE
NSW1,2010/1/30 12:00,9185.88,27.26,TRADE
NSW1,2010/1/30 12:30,9229.87,28.73,TRADE
NSW1,2010/1/30 13:00,9236.81,29.48,TRADE
NSW1,2010/1/30 13:30,9255.46,30.18,TRADE
NSW1,2010/1/30 14:00,9275.63,29.83,TRADE
NSW1,2010/1/30 14:30,9335.69,30.68,TRADE
NSW1,2010/1/30 15:00,9395.91,31.35,TRADE
NSW1,2010/1/30 15:30,9427.62,34.3,TRADE
NSW1,2010/1/30 16:00,9461.36,38.8,TRADE
NSW1,2010/1/30 16:30,9394.28,39.46,TRADE
NSW1,2010/1/30 17:00,9384.39,40.12,TRADE
NSW1,2010/1/30 17:30,9331.43,34.03,TRADE
NSW1,2010/1/30 18:00,9258.79,35.67,TRADE
NSW1,2010/1/30 18:30,9142.45,35.3,TRADE
NSW1,2010/1/30 19:00,9022.7,35.18,TRADE
NSW1,2010/1/30 19:30,9098.91,37.74,TRADE
NSW1,2010/1/30 20:00,9169.26,39.84,TRADE
NSW1,2010/1/30 20:30,8974.38,36.63,TRADE
NSW1,2010/1/30 21:00,8841.47,34.11,TRADE
NSW1,2010/1/30 21:30,8709.59,31.64,TRADE
NSW1,2010/1/30 22:00,8662.34,30.08,TRADE
NSW1,2010/1/30 22:30,8473.78,31.1,TRADE
NSW1,2010/1/30 23:00,8196.12,30.03,TRADE
NSW1,2010/1/30 23:30,7949.33,29.91,TRADE
NSW1,2010/1/31 0:00,7716.64,28.99,TRADE
NSW1,2010/1/31 0:30,7484.13,25.13,TRADE
NSW1,2010/1/31 1:00,7261.68,22.48,TRADE
NSW1,2010/1/31 1:30,6997.9,21.96,TRADE
NSW1,2010/1/31 2:00,6787.51,21.87,TRADE
NSW1,2010/1/31 2:30,6649.92,20.9,TRADE
NSW1,2010/1/31 3:00,6573.26,20.02,TRADE
NSW1,2010/1/31 3:30,6531.57,14.8,TRADE
NSW1,2010/1/31 4:00,6547.01,20.17,TRADE
NSW1,2010/1/31 4:30,6593.83,18.22,TRADE
NSW1,2010/1/31 5:00,6604.63,20.19,TRADE
NSW1,2010/1/31 5:30,6692.73,19.4,TRADE
NSW1,2010/1/31 6:00,6748.43,20.13,TRADE
NSW1,2010/1/31 6:30,7029.35,21.23,TRADE
NSW1,2010/1/31 7:00,7334.04,20.45,TRADE
NSW1,2010/1/31 7:30,7760.14,22,TRADE
NSW1,2010/1/31 8:00,8139.35,22.34,TRADE
NSW1,2010/1/31 8:30,8515.25,27.24,TRADE
NSW1,2010/1/31 9:00,8794.61,30.86,TRADE
NSW1,2010/1/31 9:30,9070.08,32.53,TRADE
NSW1,2010/1/31 10:00,9209.07,35.15,TRADE
NSW1,2010/1/31 10:30,9274.2,37.26,TRADE
NSW1,2010/1/31 11:00,9388.24,35.04,TRADE
NSW1,2010/1/31 11:30,9435.24,42.68,TRADE
NSW1,2010/1/31 12:00,9487.75,41.3,TRADE
NSW1,2010/1/31 12:30,9491.13,41.92,TRADE
NSW1,2010/1/31 13:00,9539.46,43.38,TRADE
NSW1,2010/1/31 13:30,9588.36,44.5,TRADE
NSW1,2010/1/31 14:00,9623.03,46.24,TRADE
NSW1,2010/1/31 14:30,9675.19,45.28,TRADE
NSW1,2010/1/31 15:00,9723.58,42.95,TRADE
NSW1,2010/1/31 15:30,9749.46,39.63,TRADE
NSW1,2010/1/31 16:00,9740.6,37.21,TRADE
NSW1,2010/1/31 16:30,9606.17,36.13,TRADE
NSW1,2010/1/31 17:00,9569.82,33.63,TRADE
NSW1,2010/1/31 17:30,9649.68,33.56,TRADE
NSW1,2010/1/31 18:00,9467.25,31.78,TRADE
NSW1,2010/1/31 18:30,9301.55,29.07,TRADE
NSW1,2010/1/31 19:00,9243.2,29.94,TRADE
NSW1,2010/1/31 19:30,9361.96,30.06,TRADE
NSW1,2010/1/31 20:00,9417.01,30.09,TRADE
NSW1,2010/1/31 20:30,9174.21,29.28,TRADE
NSW1,2010/1/31 21:00,8954.68,25.63,TRADE
NSW1,2010/1/31 21:30,8813.55,22.97,TRADE
NSW1,2010/1/31 22:00,8658.3,22.1,TRADE
NSW1,2010/1/31 22:30,8379.69,24.79,TRADE
NSW1,2010/1/31 23:00,8019.71,23.27,TRADE
NSW1,2010/1/31 23:30,7775.53,21.94,TRADE
NSW1,2010/2/1 0:00,7615.45,22,TRADE
?NSW1,2010/1/1 0:30,7809.31,21.5,TRADE
NSW1,2010/1/1 1:00,7483.69,20.98,TRADE
NSW1,2010/1/1 1:30,7117.23,20.06,TRADE
NSW1,2010/1/1 2:00,6812.03,17.93,TRADE
NSW1,2010/1/1 2:30,6544.33,17.43,TRADE
NSW1,2010/1/1 3:00,6377.32,16.85,TRADE
NSW1,2010/1/1 3:30,6282.85,15.06,TRADE
NSW1,2010/1/1 4:00,6211.49,13.23,TRADE
NSW1,2010/1/1 4:30,6248.31,15.09,TRADE
NSW1,2010/1/1 5:00,6198.61,15.13,TRADE
NSW1,2010/1/1 5:30,6237.35,11.84,TRADE
NSW1,2010/1/1 6:00,6370.48,15.46,TRADE
NSW1,2010/1/1 6:30,6506.42,16.8,TRADE
NSW1,2010/1/1 7:00,6738.75,17.36,TRADE
NSW1,2010/1/1 7:30,6980.41,18.06,TRADE
NSW1,2010/1/1 8:00,7213.33,20.44,TRADE
NSW1,2010/1/1 8:30,7515.6,21,TRADE
NSW1,2010/1/1 9:00,7761.46,21.08,TRADE
NSW1,2010/1/1 9:30,7915.54,21.14,TRADE
NSW1,2010/1/1 10:00,8067.16,21.96,TRADE
NSW1,2010/1/1 10:30,8123.31,22.08,TRADE
NSW1,2010/1/1 11:00,8195.51,22,TRADE
NSW1,2010/1/1 11:30,8221.36,22,TRADE
NSW1,2010/1/1 12:00,8278.09,22.04,TRADE
NSW1,2010/1/1 12:30,8361.58,22,TRADE
NSW1,2010/1/1 13:00,8337.92,22,TRADE
NSW1,2010/1/1 13:30,8421.08,22.36,TRADE
NSW1,2010/1/1 14:00,8477.34,22,TRADE
NSW1,2010/1/1 14:30,8501.39,22,TRADE
NSW1,2010/1/1 15:00,8557.94,22,TRADE
NSW1,2010/1/1 15:30,8603.11,22,TRADE
NSW1,2010/1/1 16:00,8715.69,22.01,TRADE
NSW1,2010/1/1 16:30,8791.61,22,TRADE
NSW1,2010/1/1 17:00,8883.98,22.82,TRADE
NSW1,2010/1/1 17:30,8835.92,23.87,TRADE
NSW1,2010/1/1 18:00,8765.46,23.68,TRADE
NSW1,2010/1/1 18:30,8640.56,22.5,TRADE
NSW1,2010/1/1 19:00,8544.55,22,TRADE
NSW1,2010/1/1 19:30,8562.12,22.01,TRADE
NSW1,2010/1/1 20:00,8635.78,22.02,TRADE
NSW1,2010/1/1 20:30,8573.05,22.01,TRADE
NSW1,2010/1/1 21:00,8333.54,21.98,TRADE
NSW1,2010/1/1 21:30,8343.8,22.4,TRADE
NSW1,2010/1/1 22:00,8295.59,21.5,TRADE
NSW1,2010/1/1 22:30,8210.54,21.7,TRADE
NSW1,2010/1/1 23:00,8041.77,22.27,TRADE
NSW1,2010/1/1 23:30,7782.68,21.5,TRADE
NSW1,2010/1/2 0:00,7574.85,21,TRADE
NSW1,2010/1/2 0:30,7343.3,20.67,TRADE
NSW1,2010/1/2 1:00,7099.73,19.27,TRADE
NSW1,2010/1/2 1:30,6779.8,17.92,TRADE
NSW1,2010/1/2 2:00,6497.47,15.63,TRADE
NSW1,2010/1/2 2:30,6347.69,14.32,TRADE
NSW1,2010/1/2 3:00,6223.64,14.08,TRADE
NSW1,2010/1/2 3:30,6182.07,15.26,TRADE
NSW1,2010/1/2 4:00,6140.82,15.56,TRADE
NSW1,2010/1/2 4:30,6224.48,12.98,TRADE
NSW1,2010/1/2 5:00,6260,14.87,TRADE
NSW1,2010/1/2 5:30,6336.2,16.33,TRADE
NSW1,2010/1/2 6:00,6470.82,16.86,TRADE
NSW1,2010/1/2 6:30,6679.67,17.47,TRADE
NSW1,2010/1/2 7:00,7032.62,17.07,TRADE
NSW1,2010/1/2 7:30,7394.7,20.33,TRADE
NSW1,2010/1/2 8:00,7788.18,21.47,TRADE
NSW1,2010/1/2 8:30,8219.48,22.01,TRADE
NSW1,2010/1/2 9:00,8344.2,22.01,TRADE
NSW1,2010/1/2 9:30,8572.63,22.59,TRADE
NSW1,2010/1/2 10:00,8698.38,22.11,TRADE
NSW1,2010/1/2 10:30,8924.21,22.1,TRADE
NSW1,2010/1/2 11:00,9018.29,22.07,TRADE
NSW1,2010/1/2 11:30,9090.32,22.01,TRADE
NSW1,2010/1/2 12:00,9028.7,22.13,TRADE
NSW1,2010/1/2 12:30,8940.66,22,TRADE
NSW1,2010/1/2 13:00,8792.66,22,TRADE
NSW1,2010/1/2 13:30,8823.5,22.01,TRADE
NSW1,2010/1/2 14:00,8908.07,21.83,TRADE
NSW1,2010/1/2 14:30,8929.36,22.01,TRADE
NSW1,2010/1/2 15:00,9017.31,22,TRADE
NSW1,2010/1/2 15:30,9147.54,22.81,TRADE
NSW1,2010/1/2 16:00,9282.8,24.39,TRADE
NSW1,2010/1/2 16:30,9294.07,24.82,TRADE
NSW1,2010/1/2 17:00,9263.27,24.41,TRADE
NSW1,2010/1/2 17:30,9136.62,22.3,TRADE
NSW1,2010/1/2 18:00,9039.32,22.01,TRADE
NSW1,2010/1/2 18:30,8929.77,21.9,TRADE
NSW1,2010/1/2 19:00,8711.58,21.98,TRADE
NSW1,2010/1/2 19:30,8632.31,22,TRADE
NSW1,2010/1/2 20:00,8714.63,22.83,TRADE
NSW1,2010/1/2 20:30,8637.4,21.98,TRADE
NSW1,2010/1/2 21:00,8429.31,21.96,TRADE
NSW1,2010/1/2 21:30,8386.9,22,TRADE
NSW1,2010/1/2 22:00,8223.8,22.4,TRADE
NSW1,2010/1/2 22:30,8056.14,22.03,TRADE
NSW1,2010/1/2 23:00,7774.04,21.6,TRADE
NSW1,2010/1/2 23:30,7494.76,21.56,TRADE
NSW1,2010/1/3 0:00,7284.1,21.4,TRADE
NSW1,2010/1/3 0:30,7053.93,20.76,TRADE
NSW1,2010/1/3 1:00,6820.07,20.33,TRADE
NSW1,2010/1/3 1:30,6537.47,20.37,TRADE
NSW1,2010/1/3 2:00,6362.67,17.89,TRADE
NSW1,2010/1/3 2:30,6178.57,15.98,TRADE
NSW1,2010/1/3 3:00,6088.35,14.91,TRADE
NSW1,2010/1/3 3:30,6077.74,15.5,TRADE
NSW1,2010/1/3 4:00,6059.53,14.18,TRADE
NSW1,2010/1/3 4:30,6101.68,13.06,TRADE
NSW1,2010/1/3 5:00,6111.6,13.13,TRADE
NSW1,2010/1/3 5:30,6173.45,14.17,TRADE
NSW1,2010/1/3 6:00,6289.99,15.92,TRADE
NSW1,2010/1/3 6:30,6486.85,16.8,TRADE
NSW1,2010/1/3 7:00,6741.22,17.27,TRADE
NSW1,2010/1/3 7:30,7067.4,19.65,TRADE
NSW1,2010/1/3 8:00,7372.19,21.23,TRADE
NSW1,2010/1/3 8:30,7654.43,21.37,TRADE
NSW1,2010/1/3 9:00,7872.77,22.01,TRADE
NSW1,2010/1/3 9:30,8080.89,23.99,TRADE
NSW1,2010/1/3 10:00,8170.53,22.17,TRADE
NSW1,2010/1/3 10:30,8219.42,22.17,TRADE
NSW1,2010/1/3 11:00,8247.61,24.13,TRADE
NSW1,2010/1/3 11:30,8210.11,24.1,TRADE
NSW1,2010/1/3 12:00,8190.92,22.07,TRADE
NSW1,2010/1/3 12:30,8167.87,22,TRADE
NSW1,2010/1/3 13:00,8085.82,21.58,TRADE
NSW1,2010/1/3 13:30,8006.24,21.94,TRADE
NSW1,2010/1/3 14:00,7954.82,22,TRADE
NSW1,2010/1/3 14:30,7958.57,22.02,TRADE
NSW1,2010/1/3 15:00,7953.7,22,TRADE
NSW1,2010/1/3 15:30,7925.27,22,TRADE
NSW1,2010/1/3 16:00,7902.04,21.99,TRADE
NSW1,2010/1/3 16:30,7867.11,21.75,TRADE
NSW1,2010/1/3 17:00,7941.71,21.96,TRADE
NSW1,2010/1/3 17:30,7980.47,21.99,TRADE
NSW1,2010/1/3 18:00,7961.48,22.02,TRADE
NSW1,2010/1/3 18:30,7916.13,22.27,TRADE
NSW1,2010/1/3 19:00,7878.88,21.81,TRADE
NSW1,2010/1/3 19:30,7933.04,21.92,TRADE
NSW1,2010/1/3 20:00,7995.93,22,TRADE
NSW1,2010/1/3 20:30,7832.08,21.84,TRADE
NSW1,2010/1/3 21:00,7642.16,21.53,TRADE
NSW1,2010/1/3 21:30,7596.42,21.09,TRADE
NSW1,2010/1/3 22:00,7528.43,20.15,TRADE
NSW1,2010/1/3 22:30,7445.23,21.3,TRADE
NSW1,2010/1/3 23:00,7226.84,20.61,TRADE
NSW1,2010/1/3 23:30,7041.45,20.97,TRADE
NSW1,2010/1/4 0:00,6917.57,20.74,TRADE
NSW1,2010/1/4 0:30,6813.43,18.63,TRADE
NSW1,2010/1/4 1:00,6633.42,17.51,TRADE
NSW1,2010/1/4 1:30,6424.02,17.93,TRADE
NSW1,2010/1/4 2:00,6218.66,14.78,TRADE
NSW1,2010/1/4 2:30,6106.83,14.33,TRADE
NSW1,2010/1/4 3:00,6067.46,13.76,TRADE
NSW1,2010/1/4 3:30,6083.12,13.54,TRADE
NSW1,2010/1/4 4:00,6153.59,9.91,TRADE
NSW1,2010/1/4 4:30,6317.88,14.24,TRADE
NSW1,2010/1/4 5:00,6522.17,16.04,TRADE
NSW1,2010/1/4 5:30,6855.21,16.85,TRADE
NSW1,2010/1/4 6:00,7256.79,20.41,TRADE
NSW1,2010/1/4 6:30,7646.81,21.41,TRADE
NSW1,2010/1/4 7:00,8040.24,21.78,TRADE
NSW1,2010/1/4 7:30,8360.91,23.23,TRADE
NSW1,2010/1/4 8:00,8689.94,23.99,TRADE
NSW1,2010/1/4 8:30,9017.18,24.98,TRADE
NSW1,2010/1/4 9:00,9174.86,24.99,TRADE
NSW1,2010/1/4 9:30,9295.43,24.98,TRADE
NSW1,2010/1/4 10:00,9415.46,24.98,TRADE
NSW1,2010/1/4 10:30,9421.38,24.98,TRADE
NSW1,2010/1/4 11:00,9468.92,24.98,TRADE
NSW1,2010/1/4 11:30,9460.93,24.98,TRADE
NSW1,2010/1/4 12:00,9378.86,23.36,TRADE
NSW1,2010/1/4 12:30,9349.24,24.94,TRADE
NSW1,2010/1/4 13:00,9329.34,24.42,TRADE
NSW1,2010/1/4 13:30,9362.77,22.69,TRADE
NSW1,2010/1/4 14:00,9319.96,22.81,TRADE
NSW1,2010/1/4 14:30,9329.26,22.58,TRADE
NSW1,2010/1/4 15:00,9324.71,23.6,TRADE
NSW1,2010/1/4 15:30,9394.41,25.09,TRADE
NSW1,2010/1/4 16:00,9452.31,27.08,TRADE
NSW1,2010/1/4 16:30,9424.83,26.55,TRADE
NSW1,2010/1/4 17:00,9334.77,25.43,TRADE
NSW1,2010/1/4 17:30,9110.1,24.6,TRADE
NSW1,2010/1/4 18:00,8967.91,24.35,TRADE
NSW1,2010/1/4 18:30,8790.73,23.31,TRADE
NSW1,2010/1/4 19:00,8652.85,22,TRADE
NSW1,2010/1/4 19:30,8662.97,22.92,TRADE
NSW1,2010/1/4 20:00,8703.79,21.94,TRADE
NSW1,2010/1/4 20:30,8533.49,21.7,TRADE
NSW1,2010/1/4 21:00,8276.32,21.43,TRADE
NSW1,2010/1/4 21:30,8341.46,22.1,TRADE
NSW1,2010/1/4 22:00,8220.04,21.15,TRADE
NSW1,2010/1/4 22:30,8143.77,21.52,TRADE
NSW1,2010/1/4 23:00,8009.5,21.22,TRADE
NSW1,2010/1/4 23:30,7826.97,21,TRADE
NSW1,2010/1/5 0:00,7636.34,20.96,TRADE
NSW1,2010/1/5 0:30,7438.78,20.08,TRADE
NSW1,2010/1/5 1:00,7210.46,17.84,TRADE
NSW1,2010/1/5 1:30,6892.97,17.93,TRADE
NSW1,2010/1/5 2:00,6634.05,15.69,TRADE
NSW1,2010/1/5 2:30,6422.19,12.39,TRADE
NSW1,2010/1/5 3:00,6335.01,11.76,TRADE
NSW1,2010/1/5 3:30,6313.4,12.02,TRADE
NSW1,2010/1/5 4:00,6358.52,11.4,TRADE
NSW1,2010/1/5 4:30,6515.13,12.81,TRADE
NSW1,2010/1/5 5:00,6563.86,14.4,TRADE
NSW1,2010/1/5 5:30,6936.49,17.02,TRADE
NSW1,2010/1/5 6:00,7330.78,19.17,TRADE
NSW1,2010/1/5 6:30,7679.83,20.97,TRADE
NSW1,2010/1/5 7:00,8129.48,21.9,TRADE
NSW1,2010/1/5 7:30,8568.02,22.29,TRADE
NSW1,2010/1/5 8:00,8959.06,22.85,TRADE
NSW1,2010/1/5 8:30,9258.93,23.01,TRADE
NSW1,2010/1/5 9:00,9467.04,25.95,TRADE
NSW1,2010/1/5 9:30,9650.16,26.8,TRADE
NSW1,2010/1/5 10:00,9790.83,25.69,TRADE
NSW1,2010/1/5 10:30,9867.45,26.31,TRADE
NSW1,2010/1/5 11:00,9928.26,28.11,TRADE
NSW1,2010/1/5 11:30,10023.67,29.66,TRADE
NSW1,2010/1/5 12:00,10166.4,31.4,TRADE
NSW1,2010/1/5 12:30,10323.04,32.79,TRADE
NSW1,2010/1/5 13:00,10459.11,35.79,TRADE
NSW1,2010/1/5 13:30,10478.15,37.27,TRADE
NSW1,2010/1/5 14:00,10597.17,39.9,TRADE
NSW1,2010/1/5 14:30,10649.43,37.31,TRADE
NSW1,2010/1/5 15:00,10687.29,35.43,TRADE
NSW1,2010/1/5 15:30,10587.13,35.13,TRADE
NSW1,2010/1/5 16:00,10549.36,33.81,TRADE
NSW1,2010/1/5 16:30,10418.99,31.44,TRADE
NSW1,2010/1/5 17:00,10350.24,30.29,TRADE
NSW1,2010/1/5 17:30,10088.33,27.05,TRADE
NSW1,2010/1/5 18:00,9897.28,24.76,TRADE
NSW1,2010/1/5 18:30,9612.67,23.11,TRADE
NSW1,2010/1/5 19:00,9417.31,22.96,TRADE
NSW1,2010/1/5 19:30,9417.14,22.77,TRADE
NSW1,2010/1/5 20:00,9429.68,22.62,TRADE
NSW1,2010/1/5 20:30,9223.58,21.67,TRADE
NSW1,2010/1/5 21:00,8925.22,21.26,TRADE
NSW1,2010/1/5 21:30,8881.34,21.9,TRADE
NSW1,2010/1/5 22:00,8692.98,21.09,TRADE
NSW1,2010/1/5 22:30,8519.32,21.47,TRADE
NSW1,2010/1/5 23:00,8340.55,21.14,TRADE
NSW1,2010/1/5 23:30,8112.61,21,TRADE
NSW1,2010/1/6 0:00,7878.93,20.83,TRADE
NSW1,2010/1/6 0:30,7625.24,19.59,TRADE
NSW1,2010/1/6 1:00,7394.02,16.87,TRADE
NSW1,2010/1/6 1:30,7076.3,17.58,TRADE
NSW1,2010/1/6 2:00,6810.51,14.66,TRADE
NSW1,2010/1/6 2:30,6645.99,13.86,TRADE
NSW1,2010/1/6 3:00,6577.41,12.01,TRADE
NSW1,2010/1/6 3:30,6568.49,12.15,TRADE
NSW1,2010/1/6 4:00,6611.57,12.04,TRADE
NSW1,2010/1/6 4:30,6767.67,12.34,TRADE
NSW1,2010/1/6 5:00,6897.65,14.91,TRADE
NSW1,2010/1/6 5:30,7254.61,17.12,TRADE
NSW1,2010/1/6 6:00,7691.87,19.64,TRADE
NSW1,2010/1/6 6:30,8094.21,20.98,TRADE
NSW1,2010/1/6 7:00,8547.36,21.99,TRADE
NSW1,2010/1/6 7:30,8945.26,22.38,TRADE
NSW1,2010/1/6 8:00,9321.55,22.47,TRADE
NSW1,2010/1/6 8:30,9693.7,23.06,TRADE
NSW1,2010/1/6 9:00,9904.56,23.74,TRADE
NSW1,2010/1/6 9:30,10146.06,26.57,TRADE
NSW1,2010/1/6 10:00,10295.79,27.92,TRADE
NSW1,2010/1/6 10:30,10411.76,29.24,TRADE
NSW1,2010/1/6 11:00,10523.27,30.17,TRADE
NSW1,2010/1/6 11:30,10670.66,31.53,TRADE
NSW1,2010/1/6 12:00,10744.9,32.78,TRADE
NSW1,2010/1/6 12:30,10788.82,32.35,TRADE
NSW1,2010/1/6 13:00,10812,34.68,TRADE
NSW1,2010/1/6 13:30,10812.69,37,TRADE
NSW1,2010/1/6 14:00,10810.54,37.53,TRADE
NSW1,2010/1/6 14:30,10844.66,37.64,TRADE
NSW1,2010/1/6 15:00,10862.79,37.35,TRADE
NSW1,2010/1/6 15:30,10863.68,37.11,TRADE
NSW1,2010/1/6 16:00,10879.15,37.73,TRADE
NSW1,2010/1/6 16:30,10717.72,35.46,TRADE
NSW1,2010/1/6 17:00,10463.32,30.95,TRADE
NSW1,2010/1/6 17:30,10069.26,29.39,TRADE
NSW1,2010/1/6 18:00,9818.19,25.16,TRADE
NSW1,2010/1/6 18:30,9464.2,23.14,TRADE
NSW1,2010/1/6 19:00,9252.79,22.79,TRADE
NSW1,2010/1/6 19:30,9208.15,22.53,TRADE
NSW1,2010/1/6 20:00,9174.76,22.33,TRADE
NSW1,2010/1/6 20:30,8999.46,22.25,TRADE
NSW1,2010/1/6 21:00,8665.66,21.32,TRADE
NSW1,2010/1/6 21:30,8672.5,22.16,TRADE
NSW1,2010/1/6 22:00,8452.39,21.7,TRADE
NSW1,2010/1/6 22:30,8303.59,22.06,TRADE
NSW1,2010/1/6 23:00,8111.21,22,TRADE
NSW1,2010/1/6 23:30,7895.78,22.36,TRADE
NSW1,2010/1/7 0:00,7675.56,21.9,TRADE
NSW1,2010/1/7 0:30,7433.46,21.48,TRADE
NSW1,2010/1/7 1:00,7216.3,20.24,TRADE
NSW1,2010/1/7 1:30,6940.48,20.17,TRADE
NSW1,2010/1/7 2:00,6692.82,15.99,TRADE
NSW1,2010/1/7 2:30,6477.56,14.47,TRADE
NSW1,2010/1/7 3:00,6452.34,13.55,TRADE
NSW1,2010/1/7 3:30,6415.95,17.31,TRADE
NSW1,2010/1/7 4:00,6488.25,16.96,TRADE
NSW1,2010/1/7 4:30,6627.1,18.15,TRADE
NSW1,2010/1/7 5:00,6815.18,20.12,TRADE
NSW1,2010/1/7 5:30,7234.25,19.98,TRADE
NSW1,2010/1/7 6:00,7596.84,21.12,TRADE
NSW1,2010/1/7 6:30,7944.29,21.62,TRADE
NSW1,2010/1/7 7:00,8404.04,22,TRADE
NSW1,2010/1/7 7:30,8777.14,22.34,TRADE
NSW1,2010/1/7 8:00,9056.81,23.09,TRADE
NSW1,2010/1/7 8:30,9340.36,25.27,TRADE
NSW1,2010/1/7 9:00,9494.36,25.2,TRADE
NSW1,2010/1/7 9:30,9569.22,25.74,TRADE
NSW1,2010/1/7 10:00,9644.35,27.49,TRADE
NSW1,2010/1/7 10:30,9675.44,30,TRADE
NSW1,2010/1/7 11:00,9760.72,29.61,TRADE
NSW1,2010/1/7 11:30,9795.93,29.68,TRADE
NSW1,2010/1/7 12:00,9834.66,27.97,TRADE
NSW1,2010/1/7 12:30,9864.35,26.37,TRADE
NSW1,2010/1/7 13:00,9820.03,25.54,TRADE
NSW1,2010/1/7 13:30,9739,25.24,TRADE
NSW1,2010/1/7 14:00,9698.11,26.74,TRADE
NSW1,2010/1/7 14:30,9719.74,28.88,TRADE
NSW1,2010/1/7 15:00,9740.3,30.08,TRADE
NSW1,2010/1/7 15:30,9716.6,29.89,TRADE
NSW1,2010/1/7 16:00,9694.13,30,TRADE
NSW1,2010/1/7 16:30,9598.56,26.86,TRADE
NSW1,2010/1/7 17:00,9510.58,25.21,TRADE
NSW1,2010/1/7 17:30,9323.07,24.57,TRADE
NSW1,2010/1/7 18:00,9191.65,24.16,TRADE
NSW1,2010/1/7 18:30,9030.73,23,TRADE
NSW1,2010/1/7 19:00,8930.38,22.96,TRADE
NSW1,2010/1/7 19:30,9002.44,22.96,TRADE
NSW1,2010/1/7 20:00,9009.87,22.5,TRADE
NSW1,2010/1/7 20:30,8747.61,21.97,TRADE
NSW1,2010/1/7 21:00,8495.12,21.43,TRADE
NSW1,2010/1/7 21:30,8474.72,21.79,TRADE
NSW1,2010/1/7 22:00,8338.94,21.49,TRADE
NSW1,2010/1/7 22:30,8226.66,22.25,TRADE
NSW1,2010/1/7 23:00,8072.07,21.35,TRADE
NSW1,2010/1/7 23:30,7900.61,21.16,TRADE
NSW1,2010/1/8 0:00,7688.54,20.47,TRADE
NSW1,2010/1/8 0:30,7498.35,19.75,TRADE
NSW1,2010/1/8 1:00,7242.52,18.42,TRADE
NSW1,2010/1/8 1:30,6972.24,18.5,TRADE
NSW1,2010/1/8 2:00,6706.22,14.57,TRADE
NSW1,2010/1/8 2:30,6525.71,15.16,TRADE
NSW1,2010/1/8 3:00,6492.12,13.48,TRADE
NSW1,2010/1/8 3:30,6429.62,16.44,TRADE
NSW1,2010/1/8 4:00,6521.71,16.68,TRADE
NSW1,2010/1/8 4:30,6691.55,17.99,TRADE
NSW1,2010/1/8 5:00,6877.51,20.79,TRADE
NSW1,2010/1/8 5:30,7253.56,20.93,TRADE
NSW1,2010/1/8 6:00,7580.47,21.61,TRADE
NSW1,2010/1/8 6:30,7964.73,21.9,TRADE
NSW1,2010/1/8 7:00,8466.33,22.04,TRADE
NSW1,2010/1/8 7:30,8865.07,22.75,TRADE
NSW1,2010/1/8 8:00,9199.24,24.34,TRADE
NSW1,2010/1/8 8:30,9462.84,24.62,TRADE
NSW1,2010/1/8 9:00,9633.98,24.72,TRADE
NSW1,2010/1/8 9:30,9794.13,27.55,TRADE
NSW1,2010/1/8 10:00,9898.43,30.18,TRADE
NSW1,2010/1/8 10:30,9904.75,30,TRADE
NSW1,2010/1/8 11:00,9981.1,30.11,TRADE
NSW1,2010/1/8 11:30,10026.5,30.04,TRADE
NSW1,2010/1/8 12:00,10122.27,30.46,TRADE
NSW1,2010/1/8 12:30,10194.43,33.84,TRADE
NSW1,2010/1/8 13:00,10282.29,33.75,TRADE
NSW1,2010/1/8 13:30,10339.63,39.12,TRADE
NSW1,2010/1/8 14:00,10405.4,35.78,TRADE
NSW1,2010/1/8 14:30,10463.35,35.67,TRADE
NSW1,2010/1/8 15:00,10521.94,36.8,TRADE
NSW1,2010/1/8 15:30,10614.57,44.43,TRADE
NSW1,2010/1/8 16:00,10659.19,53.65,TRADE
NSW1,2010/1/8 16:30,10616.02,56.33,TRADE
NSW1,2010/1/8 17:00,10433.07,40.91,TRADE
NSW1,2010/1/8 17:30,10106.14,35.11,TRADE
NSW1,2010/1/8 18:00,9910.95,29.4,TRADE
NSW1,2010/1/8 18:30,9658.67,28.41,TRADE
NSW1,2010/1/8 19:00,9487.71,28.16,TRADE
NSW1,2010/1/8 19:30,9415.02,29.39,TRADE
NSW1,2010/1/8 20:00,9474.34,28.79,TRADE
NSW1,2010/1/8 20:30,9312.38,28.26,TRADE
NSW1,2010/1/8 21:00,9074.55,27.17,TRADE
NSW1,2010/1/8 21:30,9087.62,27.28,TRADE
NSW1,2010/1/8 22:00,8942.57,23.05,TRADE
NSW1,2010/1/8 22:30,8774.81,27.91,TRADE
NSW1,2010/1/8 23:00,8591.91,23.99,TRADE
NSW1,2010/1/8 23:30,8320.88,22,TRADE
NSW1,2010/1/9 0:00,8044.09,21.67,TRADE
NSW1,2010/1/9 0:30,7746.22,21.03,TRADE
NSW1,2010/1/9 1:00,7443.16,20.95,TRADE
NSW1,2010/1/9 1:30,7122.84,20.25,TRADE
NSW1,2010/1/9 2:00,6827.91,18.11,TRADE
NSW1,2010/1/9 2:30,6613.01,16.26,TRADE
NSW1,2010/1/9 3:00,6525.8,15.49,TRADE
NSW1,2010/1/9 3:30,6471.51,14.11,TRADE
NSW1,2010/1/9 4:00,6477.89,13.5,TRADE
NSW1,2010/1/9 4:30,6547.98,14.2,TRADE
NSW1,2010/1/9 5:00,6538.81,13.04,TRADE
NSW1,2010/1/9 5:30,6634.89,17,TRADE
NSW1,2010/1/9 6:00,6784.32,13.95,TRADE
NSW1,2010/1/9 6:30,7109.54,20.21,TRADE
NSW1,2010/1/9 7:00,7573.23,21.04,TRADE
NSW1,2010/1/9 7:30,8036.33,22.33,TRADE
NSW1,2010/1/9 8:00,8513.87,22.78,TRADE
NSW1,2010/1/9 8:30,9003.91,26.55,TRADE
NSW1,2010/1/9 9:00,9244.65,30.28,TRADE
NSW1,2010/1/9 9:30,9454.39,36.91,TRADE
NSW1,2010/1/9 10:00,9649.05,42.92,TRADE
NSW1,2010/1/9 10:30,9884.43,42.58,TRADE
NSW1,2010/1/9 11:00,10107.62,56.5,TRADE
NSW1,2010/1/9 11:30,10314.69,56.43,TRADE
NSW1,2010/1/9 12:00,10470.43,73.61,TRADE
NSW1,2010/1/9 12:30,10675.2,55.31,TRADE
NSW1,2010/1/9 13:00,10842.61,54.09,TRADE
NSW1,2010/1/9 13:30,10953.88,60.02,TRADE
NSW1,2010/1/9 14:00,11056.98,58.62,TRADE
NSW1,2010/1/9 14:30,11188.77,85.58,TRADE
NSW1,2010/1/9 15:00,11333,89.25,TRADE
NSW1,2010/1/9 15:30,11412.45,105.81,TRADE
NSW1,2010/1/9 16:00,11524.52,122.1,TRADE
NSW1,2010/1/9 16:30,11430.72,102.22,TRADE
NSW1,2010/1/9 17:00,11353.03,96.22,TRADE
NSW1,2010/1/9 17:30,11297.6,90.24,TRADE
NSW1,2010/1/9 18:00,11154.18,60.56,TRADE
NSW1,2010/1/9 18:30,10969.01,61.63,TRADE
NSW1,2010/1/9 19:00,10717.1,48.92,TRADE
NSW1,2010/1/9 19:30,10590.9,49.73,TRADE
NSW1,2010/1/9 20:00,10608.86,45.3,TRADE
NSW1,2010/1/9 20:30,10465.88,42.97,TRADE
NSW1,2010/1/9 21:00,10175.55,35.93,TRADE
NSW1,2010/1/9 21:30,9997.75,37.27,TRADE
NSW1,2010/1/9 22:00,9715.21,32.6,TRADE
NSW1,2010/1/9 22:30,9417.91,32.46,TRADE
NSW1,2010/1/9 23:00,8998.06,30.22,TRADE
NSW1,2010/1/9 23:30,8618.35,28.03,TRADE
NSW1,2010/1/10 0:00,8247.43,23.6,TRADE
NSW1,2010/1/10 0:30,7889.17,21.83,TRADE
NSW1,2010/1/10 1:00,7606.72,22,TRADE
NSW1,2010/1/10 1:30,7287.96,21.56,TRADE
NSW1,2010/1/10 2:00,7034.07,18.82,TRADE
NSW1,2010/1/10 2:30,6880.65,19.86,TRADE
NSW1,2010/1/10 3:00,6837.91,19.3,TRADE
NSW1,2010/1/10 3:30,6778.7,18.89,TRADE
NSW1,2010/1/10 4:00,6717.56,15.29,TRADE
NSW1,2010/1/10 4:30,6752.77,14.55,TRADE
NSW1,2010/1/10 5:00,6769.17,15.38,TRADE
NSW1,2010/1/10 5:30,6803.64,14.64,TRADE
NSW1,2010/1/10 6:00,6942.86,16.21,TRADE
NSW1,2010/1/10 6:30,7161.96,18.8,TRADE
NSW1,2010/1/10 7:00,7572.7,21.45,TRADE
NSW1,2010/1/10 7:30,8076.39,22,TRADE
NSW1,2010/1/10 8:00,8530.98,22.65,TRADE
NSW1,2010/1/10 8:30,9155.87,23.78,TRADE
NSW1,2010/1/10 9:00,9589.13,29.79,TRADE
NSW1,2010/1/10 9:30,9958.3,32.12,TRADE
NSW1,2010/1/10 10:00,10294.17,46.99,TRADE
NSW1,2010/1/10 10:30,10501.34,45.34,TRADE
NSW1,2010/1/10 11:00,10708.41,75.47,TRADE
NSW1,2010/1/10 11:30,10836.25,78.64,TRADE
NSW1,2010/1/10 12:00,10878.48,52.12,TRADE
NSW1,2010/1/10 12:30,10937.72,52.59,TRADE
NSW1,2010/1/10 13:00,10945.83,54.52,TRADE
NSW1,2010/1/10 13:30,10924.66,52.56,TRADE
NSW1,2010/1/10 14:00,10955.67,54.31,TRADE
NSW1,2010/1/10 14:30,10962.34,53.46,TRADE
NSW1,2010/1/10 15:00,10976.44,55.4,TRADE
NSW1,2010/1/10 15:30,10946.85,63.35,TRADE
NSW1,2010/1/10 16:00,10942.32,78.56,TRADE
NSW1,2010/1/10 16:30,10808.63,71.92,TRADE
NSW1,2010/1/10 17:00,10729.51,63.65,TRADE
NSW1,2010/1/10 17:30,10616.73,53.73,TRADE
NSW1,2010/1/10 18:00,10459.9,52.66,TRADE
NSW1,2010/1/10 18:30,10224.31,50.92,TRADE
NSW1,2010/1/10 19:00,9906.74,43.6,TRADE
NSW1,2010/1/10 19:30,9763.43,42.42,TRADE
NSW1,2010/1/10 20:00,9747.42,42.62,TRADE
NSW1,2010/1/10 20:30,9552.28,39.15,TRADE
NSW1,2010/1/10 21:00,9218.27,31.96,TRADE
NSW1,2010/1/10 21:30,9032.21,34.07,TRADE
NSW1,2010/1/10 22:00,8766.64,27.11,TRADE
NSW1,2010/1/10 22:30,8508.05,28.22,TRADE
NSW1,2010/1/10 23:00,8216.68,22.76,TRADE
NSW1,2010/1/10 23:30,7894.73,21.58,TRADE
NSW1,2010/1/11 0:00,7653.16,21.35,TRADE
NSW1,2010/1/11 0:30,7450.22,21.13,TRADE
NSW1,2010/1/11 1:00,7266.32,20.45,TRADE
NSW1,2010/1/11 1:30,6992.29,20.16,TRADE
NSW1,2010/1/11 2:00,6807.72,19.07,TRADE
NSW1,2010/1/11 2:30,6664.83,19.84,TRADE
NSW1,2010/1/11 3:00,6620.38,19.38,TRADE
NSW1,2010/1/11 3:30,6639.21,19.79,TRADE
NSW1,2010/1/11 4:00,6694.37,19.15,TRADE
NSW1,2010/1/11 4:30,6886.97,19.64,TRADE
NSW1,2010/1/11 5:00,7149.26,20.67,TRADE
NSW1,2010/1/11 5:30,7625.78,21.95,TRADE
NSW1,2010/1/11 6:00,8089.21,22.97,TRADE
NSW1,2010/1/11 6:30,8613.93,22.37,TRADE
NSW1,2010/1/11 7:00,9156.23,23.04,TRADE
NSW1,2010/1/11 7:30,9630.35,24.83,TRADE
NSW1,2010/1/11 8:00,10016.12,29.17,TRADE
NSW1,2010/1/11 8:30,10343.09,31.06,TRADE
NSW1,2010/1/11 9:00,10547.13,36.58,TRADE
NSW1,2010/1/11 9:30,10673.7,37.55,TRADE
NSW1,2010/1/11 10:00,10792.26,43.29,TRADE
NSW1,2010/1/11 10:30,10831.86,46.86,TRADE
NSW1,2010/1/11 11:00,10972.23,49.95,TRADE
NSW1,2010/1/11 11:30,11009.92,70.05,TRADE
NSW1,2010/1/11 12:00,11072.85,71.93,TRADE
NSW1,2010/1/11 12:30,11108.42,89.42,TRADE
NSW1,2010/1/11 13:00,11216.87,92.21,TRADE
NSW1,2010/1/11 13:30,11337.47,92.96,TRADE
NSW1,2010/1/11 14:00,11400.88,75.61,TRADE
NSW1,2010/1/11 14:30,11479.02,89.42,TRADE
NSW1,2010/1/11 15:00,11561.22,89.42,TRADE
NSW1,2010/1/11 15:30,11595.5,89.42,TRADE
NSW1,2010/1/11 16:00,11671.17,89.42,TRADE
NSW1,2010/1/11 16:30,11585.9,89.42,TRADE
NSW1,2010/1/11 17:00,11380.63,63.25,TRADE
NSW1,2010/1/11 17:30,11091.58,34.74,TRADE
NSW1,2010/1/11 18:00,10903.05,30.06,TRADE
NSW1,2010/1/11 18:30,10588.75,46.39,TRADE
NSW1,2010/1/11 19:00,10361.34,39.17,TRADE
NSW1,2010/1/11 19:30,10220.46,30.32,TRADE
NSW1,2010/1/11 20:00,10241.55,33.63,TRADE
NSW1,2010/1/11 20:30,10033.25,37.12,TRADE
NSW1,2010/1/11 21:00,9758.93,31.66,TRADE
NSW1,2010/1/11 21:30,9771.02,34.33,TRADE
NSW1,2010/1/11 22:00,9484.98,26.45,TRADE
NSW1,2010/1/11 22:30,9312.23,37.62,TRADE
NSW1,2010/1/11 23:00,9013.01,30.7,TRADE
NSW1,2010/1/11 23:30,8725.94,29.43,TRADE
NSW1,2010/1/12 0:00,8492,25.36,TRADE
NSW1,2010/1/12 0:30,8257.65,27.09,TRADE
NSW1,2010/1/12 1:00,8094.42,25.32,TRADE
NSW1,2010/1/12 1:30,7703.3,24.28,TRADE
NSW1,2010/1/12 2:00,7437.36,22.79,TRADE
NSW1,2010/1/12 2:30,7280.25,22,TRADE
NSW1,2010/1/12 3:00,7167.38,22,TRADE
NSW1,2010/1/12 3:30,7132.5,22,TRADE
NSW1,2010/1/12 4:00,7175.26,21.73,TRADE
NSW1,2010/1/12 4:30,7362.01,22,TRADE
NSW1,2010/1/12 5:00,7600.04,23.22,TRADE
NSW1,2010/1/12 5:30,8091.83,25.1,TRADE
NSW1,2010/1/12 6:00,8598.86,26.49,TRADE
NSW1,2010/1/12 6:30,9042.02,27.29,TRADE
NSW1,2010/1/12 7:00,9648.32,31.77,TRADE
NSW1,2010/1/12 7:30,10059.74,30.1,TRADE
NSW1,2010/1/12 8:00,10394.09,34.24,TRADE
NSW1,2010/1/12 8:30,10755.63,38.54,TRADE
NSW1,2010/1/12 9:00,11008.53,33.54,TRADE
NSW1,2010/1/12 9:30,11257.75,39.6,TRADE
NSW1,2010/1/12 10:00,11515.11,42.61,TRADE
NSW1,2010/1/12 10:30,11799.86,61.3,TRADE
NSW1,2010/1/12 11:00,12088.04,81.46,TRADE
NSW1,2010/1/12 11:30,12333.92,108.91,TRADE
NSW1,2010/1/12 12:00,12531.92,111.44,TRADE
NSW1,2010/1/12 12:30,12818.19,92.68,TRADE
NSW1,2010/1/12 13:00,13003.44,91.51,TRADE
NSW1,2010/1/12 13:30,13144.98,545.01,TRADE
NSW1,2010/1/12 14:00,13291.92,1331.79,TRADE
NSW1,2010/1/12 14:30,13396.28,481.18,TRADE
NSW1,2010/1/12 15:00,13522.15,655.03,TRADE
NSW1,2010/1/12 15:30,13600.6,487.5,TRADE
NSW1,2010/1/12 16:00,13700.02,480.25,TRADE
NSW1,2010/1/12 16:30,13637.47,440.18,TRADE
NSW1,2010/1/12 17:00,13448.95,390.56,TRADE
NSW1,2010/1/12 17:30,13090.28,153.53,TRADE
NSW1,2010/1/12 18:00,12775.91,52.42,TRADE
NSW1,2010/1/12 18:30,12459.32,35.24,TRADE
NSW1,2010/1/12 19:00,12242,35.06,TRADE
NSW1,2010/1/12 19:30,12108.67,36.04,TRADE
NSW1,2010/1/12 20:00,12099.18,36.09,TRADE
NSW1,2010/1/12 20:30,11844.64,33.97,TRADE
NSW1,2010/1/12 21:00,11401.02,28.54,TRADE
NSW1,2010/1/12 21:30,11145.31,31.68,TRADE
NSW1,2010/1/12 22:00,10585.39,24.68,TRADE
NSW1,2010/1/12 22:30,10138.38,25.5,TRADE
NSW1,2010/1/12 23:00,9722.33,22.32,TRADE
NSW1,2010/1/12 23:30,9340.24,22.16,TRADE
NSW1,2010/1/13 0:00,8915.77,22,TRADE
NSW1,2010/1/13 0:30,8650.98,21.81,TRADE
NSW1,2010/1/13 1:00,8335.27,21.97,TRADE
NSW1,2010/1/13 1:30,8016.99,21.34,TRADE
NSW1,2010/1/13 2:00,7766.68,17.21,TRADE
NSW1,2010/1/13 2:30,7531.24,17.53,TRADE
NSW1,2010/1/13 3:00,7428.88,14.23,TRADE
NSW1,2010/1/13 3:30,7396.29,17.2,TRADE
NSW1,2010/1/13 4:00,7422.02,15.02,TRADE
NSW1,2010/1/13 4:30,7540.46,16.53,TRADE
NSW1,2010/1/13 5:00,7642.81,17.7,TRADE
NSW1,2010/1/13 5:30,8064.55,20.65,TRADE
NSW1,2010/1/13 6:00,8531.56,21.33,TRADE
NSW1,2010/1/13 6:30,9068.78,21.71,TRADE
NSW1,2010/1/13 7:00,9756.34,22.6,TRADE
NSW1,2010/1/13 7:30,10338.65,23.26,TRADE
NSW1,2010/1/13 8:00,10742.79,23.71,TRADE
NSW1,2010/1/13 8:30,11178.09,28.02,TRADE
NSW1,2010/1/13 9:00,11455.07,30.73,TRADE
NSW1,2010/1/13 9:30,11659.23,34.35,TRADE
NSW1,2010/1/13 10:00,11808.46,35.16,TRADE
NSW1,2010/1/13 10:30,11903.07,40.95,TRADE
NSW1,2010/1/13 11:00,12073.69,39.28,TRADE
NSW1,2010/1/13 11:30,12145.38,36.94,TRADE
NSW1,2010/1/13 12:00,12177.38,33.31,TRADE
NSW1,2010/1/13 12:30,12199.36,32.79,TRADE
NSW1,2010/1/13 13:00,12157.97,34.05,TRADE
NSW1,2010/1/13 13:30,12045.87,31.93,TRADE
NSW1,2010/1/13 14:00,11889.1,31.48,TRADE
NSW1,2010/1/13 14:30,11803.98,31.38,TRADE
NSW1,2010/1/13 15:00,11687.2,30.9,TRADE
NSW1,2010/1/13 15:30,11521.21,32.24,TRADE
NSW1,2010/1/13 16:00,11284.37,29.23,TRADE
NSW1,2010/1/13 16:30,10966.45,24.26,TRADE
NSW1,2010/1/13 17:00,10570.02,22.8,TRADE
NSW1,2010/1/13 17:30,10133.87,21.2,TRADE
NSW1,2010/1/13 18:00,9807.43,21.4,TRADE
NSW1,2010/1/13 18:30,9416.88,21.96,TRADE
NSW1,2010/1/13 19:00,9187.08,22,TRADE
NSW1,2010/1/13 19:30,9142.7,22.36,TRADE
NSW1,2010/1/13 20:00,9056.11,22.41,TRADE
NSW1,2010/1/13 20:30,8844.23,21.67,TRADE
NSW1,2010/1/13 21:00,8586.85,21.49,TRADE
NSW1,2010/1/13 21:30,8604.5,22.07,TRADE
NSW1,2010/1/13 22:00,8380.82,21.16,TRADE
NSW1,2010/1/13 22:30,8260.7,22.55,TRADE
NSW1,2010/1/13 23:00,8063.88,19.12,TRADE
NSW1,2010/1/13 23:30,7874.35,19.73,TRADE
NSW1,2010/1/14 0:00,7702.76,16.97,TRADE
NSW1,2010/1/14 0:30,7481.88,16.93,TRADE
NSW1,2010/1/14 1:00,7201.93,15.35,TRADE
NSW1,2010/1/14 1:30,6911.45,14.5,TRADE
NSW1,2010/1/14 2:00,6689.37,11.36,TRADE
NSW1,2010/1/14 2:30,6560.8,10.01,TRADE
NSW1,2010/1/14 3:00,6507.25,9.69,TRADE
NSW1,2010/1/14 3:30,6501.79,9.5,TRADE
NSW1,2010/1/14 4:00,6545.23,9.27,TRADE
NSW1,2010/1/14 4:30,6742.09,10.93,TRADE
NSW1,2010/1/14 5:00,6987.88,12.08,TRADE
NSW1,2010/1/14 5:30,7430.35,17.26,TRADE
NSW1,2010/1/14 6:00,7910.54,20.78,TRADE
NSW1,2010/1/14 6:30,8387.89,21.03,TRADE
NSW1,2010/1/14 7:00,8808.23,20.97,TRADE
NSW1,2010/1/14 7:30,9243.07,22.64,TRADE
NSW1,2010/1/14 8:00,9516.72,22.96,TRADE
NSW1,2010/1/14 8:30,9747.12,22.96,TRADE
NSW1,2010/1/14 9:00,9893.81,22.96,TRADE
NSW1,2010/1/14 9:30,9987.54,23.86,TRADE
NSW1,2010/1/14 10:00,10039.23,26.63,TRADE
NSW1,2010/1/14 10:30,10055.05,27.65,TRADE
NSW1,2010/1/14 11:00,10094.62,26.53,TRADE
NSW1,2010/1/14 11:30,10050,24.56,TRADE
NSW1,2010/1/14 12:00,10061.7,24.56,TRADE
NSW1,2010/1/14 12:30,10093.7,22.96,TRADE
NSW1,2010/1/14 13:00,10080.62,22.96,TRADE
NSW1,2010/1/14 13:30,10061.15,24.24,TRADE
NSW1,2010/1/14 14:00,10006.99,23.82,TRADE
NSW1,2010/1/14 14:30,10067.77,25.28,TRADE
NSW1,2010/1/14 15:00,10118.95,24.1,TRADE
NSW1,2010/1/14 15:30,10109.27,23.73,TRADE
NSW1,2010/1/14 16:00,10029.75,23.17,TRADE
NSW1,2010/1/14 16:30,9974.38,22.96,TRADE
NSW1,2010/1/14 17:00,9905.81,22.73,TRADE
NSW1,2010/1/14 17:30,9728.21,22.05,TRADE
NSW1,2010/1/14 18:00,9612.25,21.97,TRADE
NSW1,2010/1/14 18:30,9364.36,21.62,TRADE
NSW1,2010/1/14 19:00,9211.31,22,TRADE
NSW1,2010/1/14 19:30,9198.25,22.07,TRADE
NSW1,2010/1/14 20:00,9165.92,22,TRADE
NSW1,2010/1/14 20:30,8908.29,21.99,TRADE
NSW1,2010/1/14 21:00,8573.15,21.66,TRADE
NSW1,2010/1/14 21:30,8644.04,22.02,TRADE
NSW1,2010/1/14 22:00,8459.43,20.97,TRADE
NSW1,2010/1/14 22:30,8325.08,21.17,TRADE
NSW1,2010/1/14 23:00,8190.38,19.41,TRADE
NSW1,2010/1/14 23:30,8014.97,19.78,TRADE
NSW1,2010/1/15 0:00,7826.45,19.85,TRADE
NSW1,2010/1/15 0:30,7607.46,17.94,TRADE
NSW1,2010/1/15 1:00,7347.08,16.94,TRADE
NSW1,2010/1/15 1:30,7090.77,16.18,TRADE
NSW1,2010/1/15 2:00,6862.95,12.33,TRADE
NSW1,2010/1/15 2:30,6624.07,10.24,TRADE
NSW1,2010/1/15 3:00,6523.56,9.89,TRADE
NSW1,2010/1/15 3:30,6508.89,9.53,TRADE
NSW1,2010/1/15 4:00,6634.51,10.1,TRADE
NSW1,2010/1/15 4:30,6818.59,11.75,TRADE
NSW1,2010/1/15 5:00,7081.42,12.76,TRADE
NSW1,2010/1/15 5:30,7525.27,19.17,TRADE
NSW1,2010/1/15 6:00,8005.77,20.79,TRADE
NSW1,2010/1/15 6:30,8346.14,21.49,TRADE
NSW1,2010/1/15 7:00,8842.71,21.91,TRADE
NSW1,2010/1/15 7:30,9244.75,22.29,TRADE
NSW1,2010/1/15 8:00,9470.87,22.38,TRADE
NSW1,2010/1/15 8:30,9816.53,22.78,TRADE
NSW1,2010/1/15 9:00,9976.03,21.99,TRADE
NSW1,2010/1/15 9:30,10076.79,23.88,TRADE
NSW1,2010/1/15 10:00,10194.05,24.34,TRADE
NSW1,2010/1/15 10:30,10214.32,24.67,TRADE
NSW1,2010/1/15 11:00,10326.1,26.58,TRADE
NSW1,2010/1/15 11:30,10380.46,27.84,TRADE
NSW1,2010/1/15 12:00,10466.9,28.47,TRADE
NSW1,2010/1/15 12:30,10315.66,27.76,TRADE
NSW1,2010/1/15 13:00,10394.26,27.47,TRADE
NSW1,2010/1/15 13:30,10421.75,30.29,TRADE
NSW1,2010/1/15 14:00,10568.89,30.9,TRADE
NSW1,2010/1/15 14:30,10566.95,30.39,TRADE
NSW1,2010/1/15 15:00,10593.74,31.07,TRADE
NSW1,2010/1/15 15:30,10507.61,32.32,TRADE
NSW1,2010/1/15 16:00,10552.58,30.13,TRADE
NSW1,2010/1/15 16:30,10425.43,26.99,TRADE
NSW1,2010/1/15 17:00,10189.98,24.47,TRADE
NSW1,2010/1/15 17:30,9816.75,22.06,TRADE
NSW1,2010/1/15 18:00,9533.43,21.5,TRADE
NSW1,2010/1/15 18:30,9308.02,23.1,TRADE
NSW1,2010/1/15 19:00,9186.36,22,TRADE
NSW1,2010/1/15 19:30,9119.6,22.19,TRADE
NSW1,2010/1/15 20:00,9201.96,22.16,TRADE
NSW1,2010/1/15 20:30,9020.48,22,TRADE
NSW1,2010/1/15 21:00,8785.89,22,TRADE
NSW1,2010/1/15 21:30,8871.52,22.33,TRADE
NSW1,2010/1/15 22:00,8755.99,21.31,TRADE
NSW1,2010/1/15 22:30,8663.23,22.66,TRADE
NSW1,2010/1/15 23:00,8523.81,21.49,TRADE
NSW1,2010/1/15 23:30,8322.81,22.35,TRADE
NSW1,2010/1/16 0:00,8024.89,21.42,TRADE
NSW1,2010/1/16 0:30,7764.97,21.16,TRADE
NSW1,2010/1/16 1:00,7505.03,20.87,TRADE
NSW1,2010/1/16 1:30,7212.98,20.63,TRADE
NSW1,2010/1/16 2:00,6889.84,17.61,TRADE
NSW1,2010/1/16 2:30,6728.19,18.64,TRADE
NSW1,2010/1/16 3:00,6615.65,17.25,TRADE
NSW1,2010/1/16 3:30,6582.81,17.68,TRADE
NSW1,2010/1/16 4:00,6586.22,16.53,TRADE
NSW1,2010/1/16 4:30,6661.58,17.43,TRADE
NSW1,2010/1/16 5:00,6682.12,17.78,TRADE
NSW1,2010/1/16 5:30,6837.84,17.62,TRADE
NSW1,2010/1/16 6:00,7003.88,18.4,TRADE
NSW1,2010/1/16 6:30,7353.31,19.67,TRADE
NSW1,2010/1/16 7:00,7739.62,20.78,TRADE
NSW1,2010/1/16 7:30,8148.01,21.34,TRADE
NSW1,2010/1/16 8:00,8542.93,23.14,TRADE
NSW1,2010/1/16 8:30,9012.61,27.07,TRADE
NSW1,2010/1/16 9:00,9179.84,25.34,TRADE
NSW1,2010/1/16 9:30,9400.53,28.62,TRADE
NSW1,2010/1/16 10:00,9464.74,29.61,TRADE
NSW1,2010/1/16 10:30,9534.9,30.79,TRADE
NSW1,2010/1/16 11:00,9548.49,30.65,TRADE
NSW1,2010/1/16 11:30,9570.65,30.84,TRADE
NSW1,2010/1/16 12:00,9558.61,30.86,TRADE
NSW1,2010/1/16 12:30,9618.37,31.35,TRADE
NSW1,2010/1/16 13:00,9625.75,31.77,TRADE
NSW1,2010/1/16 13:30,9544.09,30.97,TRADE
NSW1,2010/1/16 14:00,9547.05,30.76,TRADE
NSW1,2010/1/16 14:30,9509.23,30,TRADE
NSW1,2010/1/16 15:00,9525.87,29.16,TRADE
NSW1,2010/1/16 15:30,9394.36,23.99,TRADE
NSW1,2010/1/16 16:00,9335.57,22.96,TRADE
NSW1,2010/1/16 16:30,9227.09,22.96,TRADE
NSW1,2010/1/16 17:00,9074.11,22.19,TRADE
NSW1,2010/1/16 17:30,8992.71,22,TRADE
NSW1,2010/1/16 18:00,8882.98,21.96,TRADE
NSW1,2010/1/16 18:30,8675.73,21.81,TRADE
NSW1,2010/1/16 19:00,8623.96,21.19,TRADE
NSW1,2010/1/16 19:30,8670.08,21.77,TRADE
NSW1,2010/1/16 20:00,8686.38,22,TRADE
NSW1,2010/1/16 20:30,8523.23,21.47,TRADE
NSW1,2010/1/16 21:00,8349.79,21,TRADE
NSW1,2010/1/16 21:30,8282.35,21.23,TRADE
NSW1,2010/1/16 22:00,8198,19.77,TRADE
NSW1,2010/1/16 22:30,8083.82,20.95,TRADE
NSW1,2010/1/16 23:00,7768.44,18.34,TRADE
NSW1,2010/1/16 23:30,7517.99,19.5,TRADE
NSW1,2010/1/17 0:00,7372.36,18.12,TRADE
NSW1,2010/1/17 0:30,7149.37,16.37,TRADE
NSW1,2010/1/17 1:00,6925.15,14.96,TRADE
NSW1,2010/1/17 1:30,6692.92,15.46,TRADE
NSW1,2010/1/17 2:00,6489.8,12.01,TRADE
NSW1,2010/1/17 2:30,6333.67,11.29,TRADE
NSW1,2010/1/17 3:00,6303.26,10.29,TRADE
NSW1,2010/1/17 3:30,6270.31,10.54,TRADE
NSW1,2010/1/17 4:00,6238.98,10.32,TRADE
NSW1,2010/1/17 4:30,6302.98,8.79,TRADE
NSW1,2010/1/17 5:00,6300.15,7.53,TRADE
NSW1,2010/1/17 5:30,6328.98,7.99,TRADE
NSW1,2010/1/17 6:00,6400.13,8.9,TRADE
NSW1,2010/1/17 6:30,6689.4,11.64,TRADE
NSW1,2010/1/17 7:00,7010.85,13.1,TRADE
NSW1,2010/1/17 7:30,7373.88,17.05,TRADE
NSW1,2010/1/17 8:00,7707.75,17,TRADE
NSW1,2010/1/17 8:30,8128.94,20.22,TRADE
NSW1,2010/1/17 9:00,8405.03,20.95,TRADE
NSW1,2010/1/17 9:30,8641.81,20.9,TRADE
NSW1,2010/1/17 10:00,8798.06,21.08,TRADE
NSW1,2010/1/17 10:30,8934.51,21.94,TRADE
NSW1,2010/1/17 11:00,8958.81,21.89,TRADE
NSW1,2010/1/17 11:30,9057.86,21.95,TRADE
NSW1,2010/1/17 12:00,9136.24,22,TRADE
NSW1,2010/1/17 12:30,9145.39,22,TRADE
NSW1,2010/1/17 13:00,9170.4,22,TRADE
NSW1,2010/1/17 13:30,9124.31,21.96,TRADE
NSW1,2010/1/17 14:00,9037.36,22,TRADE
NSW1,2010/1/17 14:30,8972.32,22.26,TRADE
NSW1,2010/1/17 15:00,8917.49,22.21,TRADE
NSW1,2010/1/17 15:30,8897.11,22.01,TRADE
NSW1,2010/1/17 16:00,8820.23,22,TRADE
NSW1,2010/1/17 16:30,8763.33,21.43,TRADE
NSW1,2010/1/17 17:00,8769.44,21.99,TRADE
NSW1,2010/1/17 17:30,8721.93,22,TRADE
NSW1,2010/1/17 18:00,8614.9,22,TRADE
NSW1,2010/1/17 18:30,8469.74,21.85,TRADE
NSW1,2010/1/17 19:00,8292.07,21.57,TRADE
NSW1,2010/1/17 19:30,8397.22,21.97,TRADE
NSW1,2010/1/17 20:00,8543.58,22.16,TRADE
NSW1,2010/1/17 20:30,8410.05,21.99,TRADE
NSW1,2010/1/17 21:00,8182.47,20.92,TRADE
NSW1,2010/1/17 21:30,8087.98,20.39,TRADE
NSW1,2010/1/17 22:00,7959.33,18.27,TRADE
NSW1,2010/1/17 22:30,7782.42,18.11,TRADE
NSW1,2010/1/17 23:00,7532.01,16.94,TRADE
NSW1,2010/1/17 23:30,7378.68,17.73,TRADE
NSW1,2010/1/18 0:00,7212.89,17,TRADE
NSW1,2010/1/18 0:30,7049.5,16.8,TRADE
NSW1,2010/1/18 1:00,6834.9,13.82,TRADE
NSW1,2010/1/18 1:30,6618.91,13.02,TRADE
NSW1,2010/1/18 2:00,6488.55,11.69,TRADE
NSW1,2010/1/18 2:30,6386.78,11.15,TRADE
NSW1,2010/1/18 3:00,6297.93,10.37,TRADE
NSW1,2010/1/18 3:30,6299.25,9.35,TRADE
NSW1,2010/1/18 4:00,6358.97,9.43,TRADE
NSW1,2010/1/18 4:30,6521.02,9.73,TRADE
NSW1,2010/1/18 5:00,6770.06,12.17,TRADE
NSW1,2010/1/18 5:30,7310.07,19.12,TRADE
NSW1,2010/1/18 6:00,7746.05,18.5,TRADE
NSW1,2010/1/18 6:30,8094.71,21.01,TRADE
NSW1,2010/1/18 7:00,8529.88,21.66,TRADE
NSW1,2010/1/18 7:30,8988.92,22.45,TRADE
NSW1,2010/1/18 8:00,9372.34,22.41,TRADE
NSW1,2010/1/18 8:30,9634.28,22.33,TRADE
NSW1,2010/1/18 9:00,9717.57,22.15,TRADE
NSW1,2010/1/18 9:30,9824.98,22,TRADE
NSW1,2010/1/18 10:00,9840.73,22.35,TRADE
NSW1,2010/1/18 10:30,9807.34,22.81,TRADE
NSW1,2010/1/18 11:00,9810.1,22.97,TRADE
NSW1,2010/1/18 11:30,9798.86,22.65,TRADE
NSW1,2010/1/18 12:00,9758,22.94,TRADE
NSW1,2010/1/18 12:30,9790.65,22.97,TRADE
NSW1,2010/1/18 13:00,9812.64,22.32,TRADE
NSW1,2010/1/18 13:30,9816.56,22,TRADE
NSW1,2010/1/18 14:00,9803.52,22,TRADE
NSW1,2010/1/18 14:30,9717.78,21.83,TRADE
NSW1,2010/1/18 15:00,9559.73,22,TRADE
NSW1,2010/1/18 15:30,9680.6,22,TRADE
NSW1,2010/1/18 16:00,9646.48,22,TRADE
NSW1,2010/1/18 16:30,9614.12,22,TRADE
NSW1,2010/1/18 17:00,9488.12,21.94,TRADE
NSW1,2010/1/18 17:30,9282.68,22,TRADE
NSW1,2010/1/18 18:00,9056.96,21.75,TRADE
NSW1,2010/1/18 18:30,8891.07,22,TRADE
NSW1,2010/1/18 19:00,8735.98,22,TRADE
NSW1,2010/1/18 19:30,8663.29,21.99,TRADE
NSW1,2010/1/18 20:00,8851.68,22.16,TRADE
NSW1,2010/1/18 20:30,8698.81,22,TRADE
NSW1,2010/1/18 21:00,8407.97,21.61,TRADE
NSW1,2010/1/18 21:30,8433.71,21.87,TRADE
NSW1,2010/1/18 22:00,8222.22,21.09,TRADE
NSW1,2010/1/18 22:30,8149.99,21.02,TRADE
NSW1,2010/1/18 23:00,8039.22,20.26,TRADE
NSW1,2010/1/18 23:30,7832.7,19.75,TRADE
NSW1,2010/1/19 0:00,7701.19,19.81,TRADE
NSW1,2010/1/19 0:30,7519.54,20.79,TRADE
NSW1,2010/1/19 1:00,7293.17,20.99,TRADE
NSW1,2010/1/19 1:30,7049.9,19.16,TRADE
NSW1,2010/1/19 2:00,6762.56,18.84,TRADE
NSW1,2010/1/19 2:30,6560.29,16.71,TRADE
NSW1,2010/1/19 3:00,6507.43,16.56,TRADE
NSW1,2010/1/19 3:30,6452.98,14.09,TRADE
NSW1,2010/1/19 4:00,6491.88,14.85,TRADE
NSW1,2010/1/19 4:30,6789.9,20.27,TRADE
NSW1,2010/1/19 5:00,7014.66,20.08,TRADE
NSW1,2010/1/19 5:30,7411.67,20.43,TRADE
NSW1,2010/1/19 6:00,7830.35,21.34,TRADE
NSW1,2010/1/19 6:30,8165.07,22,TRADE
NSW1,2010/1/19 7:00,8590.78,22,TRADE
NSW1,2010/1/19 7:30,8852.56,22,TRADE
NSW1,2010/1/19 8:00,9132.69,22.01,TRADE
NSW1,2010/1/19 8:30,9463.52,22.04,TRADE
NSW1,2010/1/19 9:00,9540.11,22.2,TRADE
NSW1,2010/1/19 9:30,9639.48,22.76,TRADE
NSW1,2010/1/19 10:00,9648.47,23.37,TRADE
NSW1,2010/1/19 10:30,9678.36,23.17,TRADE
NSW1,2010/1/19 11:00,9695.51,23.77,TRADE
NSW1,2010/1/19 11:30,9694.54,23.58,TRADE
NSW1,2010/1/19 12:00,9631.75,23.08,TRADE
NSW1,2010/1/19 12:30,9669.78,23.04,TRADE
NSW1,2010/1/19 13:00,9657.22,23.16,TRADE
NSW1,2010/1/19 13:30,9657.41,23.37,TRADE
NSW1,2010/1/19 14:00,9693.31,24.12,TRADE
NSW1,2010/1/19 14:30,9650.95,23.83,TRADE
NSW1,2010/1/19 15:00,9622.46,23.54,TRADE
NSW1,2010/1/19 15:30,9649.59,25.01,TRADE
NSW1,2010/1/19 16:00,9595.52,24.97,TRADE
NSW1,2010/1/19 16:30,9550.76,24.26,TRADE
NSW1,2010/1/19 17:00,9398.61,23.6,TRADE
NSW1,2010/1/19 17:30,9148.19,21.96,TRADE
NSW1,2010/1/19 18:00,8957.17,22,TRADE
NSW1,2010/1/19 18:30,8820.61,21.76,TRADE
NSW1,2010/1/19 19:00,8670.34,21.99,TRADE
NSW1,2010/1/19 19:30,8649.36,22,TRADE
NSW1,2010/1/19 20:00,8722.48,22,TRADE
NSW1,2010/1/19 20:30,8592.02,21.89,TRADE
NSW1,2010/1/19 21:00,8359.1,21.33,TRADE
NSW1,2010/1/19 21:30,8314.64,21.43,TRADE
NSW1,2010/1/19 22:00,8122.83,20.94,TRADE
NSW1,2010/1/19 22:30,8061.08,21.18,TRADE
NSW1,2010/1/19 23:00,7866.68,21.07,TRADE
NSW1,2010/1/19 23:30,7752.77,20.83,TRADE
NSW1,2010/1/20 0:00,7538.63,20.61,TRADE
NSW1,2010/1/20 0:30,7389.78,20.99,TRADE
NSW1,2010/1/20 1:00,7182.36,20.98,TRADE
NSW1,2010/1/20 1:30,6912.21,20.28,TRADE
NSW1,2010/1/20 2:00,6641.71,17.21,TRADE
NSW1,2010/1/20 2:30,6449.09,13.13,TRADE
NSW1,2010/1/20 3:00,6372.8,12.19,TRADE
NSW1,2010/1/20 3:30,6356.3,10.45,TRADE
NSW1,2010/1/20 4:00,6380.96,10.77,TRADE
NSW1,2010/1/20 4:30,6533.91,15.22,TRADE
NSW1,2010/1/20 5:00,6808.34,18.31,TRADE
NSW1,2010/1/20 5:30,7253.3,20.36,TRADE
NSW1,2010/1/20 6:00,7682.76,21.52,TRADE
NSW1,2010/1/20 6:30,8075.46,21.99,TRADE
NSW1,2010/1/20 7:00,8575.59,22,TRADE
NSW1,2010/1/20 7:30,8879.05,22,TRADE
NSW1,2010/1/20 8:00,9180.96,22.12,TRADE
NSW1,2010/1/20 8:30,9559.72,23.01,TRADE
NSW1,2010/1/20 9:00,9720.42,23.13,TRADE
NSW1,2010/1/20 9:30,9843.95,22.87,TRADE
NSW1,2010/1/20 10:00,9901.61,23.71,TRADE
NSW1,2010/1/20 10:30,9970.53,23.75,TRADE
NSW1,2010/1/20 11:00,10075.52,23.76,TRADE
NSW1,2010/1/20 11:30,10134.68,23.84,TRADE
NSW1,2010/1/20 12:00,10187.59,24.05,TRADE
NSW1,2010/1/20 12:30,10257.72,24.37,TRADE
NSW1,2010/1/20 13:00,10356.93,25.65,TRADE
NSW1,2010/1/20 13:30,10459.27,29.27,TRADE
NSW1,2010/1/20 14:00,10569.3,31.16,TRADE
NSW1,2010/1/20 14:30,10602.61,33.33,TRADE
NSW1,2010/1/20 15:00,10683.17,35.87,TRADE
NSW1,2010/1/20 15:30,10794.51,39.96,TRADE
NSW1,2010/1/20 16:00,10819.11,40.45,TRADE
NSW1,2010/1/20 16:30,10752.24,35.23,TRADE
NSW1,2010/1/20 17:00,10652.82,33.24,TRADE
NSW1,2010/1/20 17:30,10360.92,29.31,TRADE
NSW1,2010/1/20 18:00,10160.07,25.31,TRADE
NSW1,2010/1/20 18:30,9959.14,24.86,TRADE
NSW1,2010/1/20 19:00,9747,24.32,TRADE
NSW1,2010/1/20 19:30,9635.98,24.56,TRADE
NSW1,2010/1/20 20:00,9663.61,24.54,TRADE
NSW1,2010/1/20 20:30,9445.18,24.85,TRADE
NSW1,2010/1/20 21:00,9128.65,23.34,TRADE
NSW1,2010/1/20 21:30,9078.63,22.52,TRADE
NSW1,2010/1/20 22:00,8760.27,20.99,TRADE
NSW1,2010/1/20 22:30,8632.38,21.78,TRADE
NSW1,2010/1/20 23:00,8383.15,21.85,TRADE
NSW1,2010/1/20 23:30,8163.56,21.99,TRADE
NSW1,2010/1/21 0:00,7929.1,21.46,TRADE
NSW1,2010/1/21 0:30,7731,22,TRADE
NSW1,2010/1/21 1:00,7468.68,22.01,TRADE
NSW1,2010/1/21 1:30,7161.73,21.76,TRADE
NSW1,2010/1/21 2:00,6933.13,20.16,TRADE
NSW1,2010/1/21 2:30,6750.13,18.82,TRADE
NSW1,2010/1/21 3:00,6623.9,16.69,TRADE
NSW1,2010/1/21 3:30,6647.71,18.41,TRADE
NSW1,2010/1/21 4:00,6700.51,15.84,TRADE
NSW1,2010/1/21 4:30,6896.11,18.14,TRADE
NSW1,2010/1/21 5:00,7121.75,19.79,TRADE
NSW1,2010/1/21 5:30,7523.57,21.04,TRADE
NSW1,2010/1/21 6:00,7978.44,22.02,TRADE
NSW1,2010/1/21 6:30,8393.89,22,TRADE
NSW1,2010/1/21 7:00,8892.1,22,TRADE
NSW1,2010/1/21 7:30,9356.12,22.21,TRADE
NSW1,2010/1/21 8:00,9767.76,23.61,TRADE
NSW1,2010/1/21 8:30,10134.85,25.19,TRADE
NSW1,2010/1/21 9:00,10316.73,27.36,TRADE
NSW1,2010/1/21 9:30,10558.5,29.96,TRADE
NSW1,2010/1/21 10:00,10731.29,31.39,TRADE
NSW1,2010/1/21 10:30,10869.14,31.95,TRADE
NSW1,2010/1/21 11:00,11052.39,31.58,TRADE
NSW1,2010/1/21 11:30,11269.69,39.41,TRADE
NSW1,2010/1/21 12:00,11377.12,46.7,TRADE
NSW1,2010/1/21 12:30,11667.89,102.47,TRADE
NSW1,2010/1/21 13:00,11907.71,97.71,TRADE
NSW1,2010/1/21 13:30,12095.82,94.97,TRADE
NSW1,2010/1/21 14:00,12258.97,105.69,TRADE
NSW1,2010/1/21 14:30,12381.83,89.97,TRADE
NSW1,2010/1/21 15:00,12440.82,110.49,TRADE
NSW1,2010/1/21 15:30,12619.15,376.27,TRADE
NSW1,2010/1/21 16:00,12758.95,40.55,TRADE
NSW1,2010/1/21 16:30,12684.91,193.01,TRADE
NSW1,2010/1/21 17:00,12664.03,41.75,TRADE
NSW1,2010/1/21 17:30,12368.97,29.14,TRADE
NSW1,2010/1/21 18:00,12070.27,31.75,TRADE
NSW1,2010/1/21 18:30,11680.77,63.56,TRADE
NSW1,2010/1/21 19:00,11392.72,45.24,TRADE
NSW1,2010/1/21 19:30,11193.91,41.01,TRADE
NSW1,2010/1/21 20:00,11164.89,43.36,TRADE
NSW1,2010/1/21 20:30,10754.03,43.82,TRADE
NSW1,2010/1/21 21:00,10321.5,35,TRADE
NSW1,2010/1/21 21:30,10149.68,34.72,TRADE
NSW1,2010/1/21 22:00,9736.5,27.73,TRADE
NSW1,2010/1/21 22:30,9476.36,30.75,TRADE
NSW1,2010/1/21 23:00,9166.34,27.92,TRADE
NSW1,2010/1/21 23:30,8840.3,27.36,TRADE
NSW1,2010/1/22 0:00,8505.63,21.65,TRADE
NSW1,2010/1/22 0:30,8195.15,23.05,TRADE
NSW1,2010/1/22 1:00,7957.21,23.34,TRADE
NSW1,2010/1/22 1:30,7580.13,23.27,TRADE
NSW1,2010/1/22 2:00,7345.22,22.42,TRADE
NSW1,2010/1/22 2:30,7119.35,21.87,TRADE
NSW1,2010/1/22 3:00,7007.97,22,TRADE
NSW1,2010/1/22 3:30,7056.66,22,TRADE
NSW1,2010/1/22 4:00,7062.7,22,TRADE
NSW1,2010/1/22 4:30,7210.39,22,TRADE
NSW1,2010/1/22 5:00,7466.39,22,TRADE
NSW1,2010/1/22 5:30,7930.6,23.59,TRADE
NSW1,2010/1/22 6:00,8408.19,25.04,TRADE
NSW1,2010/1/22 6:30,8949.3,22.29,TRADE
NSW1,2010/1/22 7:00,9533.68,27.16,TRADE
NSW1,2010/1/22 7:30,9994.01,26.11,TRADE
NSW1,2010/1/22 8:00,10460.15,29.55,TRADE
NSW1,2010/1/22 8:30,10910.58,35.87,TRADE
NSW1,2010/1/22 9:00,11233.21,40.45,TRADE
NSW1,2010/1/22 9:30,11605.36,41.97,TRADE
NSW1,2010/1/22 10:00,11886.61,44.12,TRADE
NSW1,2010/1/22 10:30,12152.97,41.6,TRADE
NSW1,2010/1/22 11:00,12366.77,41.61,TRADE
NSW1,2010/1/22 11:30,12554.47,1243.36,TRADE
NSW1,2010/1/22 12:00,12797.49,290.81,TRADE
NSW1,2010/1/22 12:30,12927.2,2915.29,TRADE
NSW1,2010/1/22 13:00,13166.31,3598.71,TRADE
NSW1,2010/1/22 13:30,13356.87,2477.31,TRADE
NSW1,2010/1/22 14:00,13509.44,1167.19,TRADE
NSW1,2010/1/22 14:30,13636.19,3617.24,TRADE
NSW1,2010/1/22 15:00,13765.04,4514.06,TRADE
NSW1,2010/1/22 15:30,13744.83,538.4,TRADE
NSW1,2010/1/22 16:00,13744.68,2268.39,TRADE
NSW1,2010/1/22 16:30,13547.14,612.34,TRADE
NSW1,2010/1/22 17:00,13347.85,484.55,TRADE
NSW1,2010/1/22 17:30,12939.29,384.8,TRADE
NSW1,2010/1/22 18:00,12644.95,312.31,TRADE
NSW1,2010/1/22 18:30,12375.96,331.5,TRADE
NSW1,2010/1/22 19:00,12084.93,21.77,TRADE
NSW1,2010/1/22 19:30,11855.34,39.45,TRADE
NSW1,2010/1/22 20:00,11870.02,62.4,TRADE
NSW1,2010/1/22 20:30,11609.71,48.83,TRADE
NSW1,2010/1/22 21:00,11206.39,41.56,TRADE
NSW1,2010/1/22 21:30,11042.93,42.45,TRADE
NSW1,2010/1/22 22:00,10544.33,35.75,TRADE
NSW1,2010/1/22 22:30,10258.62,38.39,TRADE
NSW1,2010/1/22 23:00,9861.11,32.82,TRADE
NSW1,2010/1/22 23:30,9451.05,31.51,TRADE
NSW1,2010/1/23 0:00,9049.68,28.19,TRADE
NSW1,2010/1/23 0:30,8693.1,28.08,TRADE
NSW1,2010/1/23 1:00,8309.93,26.48,TRADE
NSW1,2010/1/23 1:30,7991.33,28.02,TRADE
NSW1,2010/1/23 2:00,7601.46,22.42,TRADE
NSW1,2010/1/23 2:30,7452.68,21.93,TRADE
NSW1,2010/1/23 3:00,7304.23,22,TRADE
NSW1,2010/1/23 3:30,7276.18,21.8,TRADE
NSW1,2010/1/23 4:00,7228.92,21.07,TRADE
NSW1,2010/1/23 4:30,7308.56,22,TRADE
NSW1,2010/1/23 5:00,7332.69,22,TRADE
NSW1,2010/1/23 5:30,7450.16,22,TRADE
NSW1,2010/1/23 6:00,7582.76,22,TRADE
NSW1,2010/1/23 6:30,7994.94,22,TRADE
NSW1,2010/1/23 7:00,8448.31,21.98,TRADE
NSW1,2010/1/23 7:30,9038.23,22.27,TRADE
NSW1,2010/1/23 8:00,9555.71,23.58,TRADE
NSW1,2010/1/23 8:30,10159.04,28.3,TRADE
NSW1,2010/1/23 9:00,10487.7,36.15,TRADE
NSW1,2010/1/23 9:30,10856.44,41.53,TRADE
NSW1,2010/1/23 10:00,11048,43.82,TRADE
NSW1,2010/1/23 10:30,11382.11,33.5,TRADE
NSW1,2010/1/23 11:00,11582.39,114.06,TRADE
NSW1,2010/1/23 11:30,11743.79,60.22,TRADE
NSW1,2010/1/23 12:00,11915.87,227.78,TRADE
NSW1,2010/1/23 12:30,12080.72,362.2,TRADE
NSW1,2010/1/23 13:00,12134.02,2562.2,TRADE
NSW1,2010/1/23 13:30,12185.84,900.2,TRADE
NSW1,2010/1/23 14:00,12278.96,693.63,TRADE
NSW1,2010/1/23 14:30,12257.6,442.34,TRADE
NSW1,2010/1/23 15:00,12162.62,28.77,TRADE
NSW1,2010/1/23 15:30,11922.12,26.15,TRADE
NSW1,2010/1/23 16:00,11466.93,29.88,TRADE
NSW1,2010/1/23 16:30,10927.62,32.15,TRADE
NSW1,2010/1/23 17:00,10549.52,34.18,TRADE
NSW1,2010/1/23 17:30,10173.65,39.25,TRADE
NSW1,2010/1/23 18:00,9836.98,30.54,TRADE
NSW1,2010/1/23 18:30,9605.85,24.85,TRADE
NSW1,2010/1/23 19:00,9448.47,22.97,TRADE
NSW1,2010/1/23 19:30,9266.01,22.97,TRADE
NSW1,2010/1/23 20:00,9257.53,22.97,TRADE
NSW1,2010/1/23 20:30,9055.25,26.09,TRADE
NSW1,2010/1/23 21:00,8809.6,22.47,TRADE
NSW1,2010/1/23 21:30,8697.43,21.87,TRADE
NSW1,2010/1/23 22:00,8546.75,21.54,TRADE
NSW1,2010/1/23 22:30,8358.84,24.27,TRADE
NSW1,2010/1/23 23:00,8113.27,23.28,TRADE
NSW1,2010/1/23 23:30,7877.23,25.7,TRADE
NSW1,2010/1/24 0:00,7645.63,22.1,TRADE
NSW1,2010/1/24 0:30,7425.85,21.85,TRADE
NSW1,2010/1/24 1:00,7226.34,22,TRADE
NSW1,2010/1/24 1:30,6981.82,21.82,TRADE
NSW1,2010/1/24 2:00,6740.09,20.75,TRADE
NSW1,2010/1/24 2:30,6613.87,20.13,TRADE
NSW1,2010/1/24 3:00,6579.28,20.27,TRADE
NSW1,2010/1/24 3:30,6529.14,19.29,TRADE
NSW1,2010/1/24 4:00,6476.67,18.04,TRADE
NSW1,2010/1/24 4:30,6515.16,18.81,TRADE
NSW1,2010/1/24 5:00,6554.06,20,TRADE
NSW1,2010/1/24 5:30,6641.02,20.06,TRADE
NSW1,2010/1/24 6:00,6702.97,20.19,TRADE
NSW1,2010/1/24 6:30,6964.36,18.98,TRADE
NSW1,2010/1/24 7:00,7223.84,20.31,TRADE
NSW1,2010/1/24 7:30,7623.22,21.64,TRADE
NSW1,2010/1/24 8:00,7923.9,21.7,TRADE
NSW1,2010/1/24 8:30,8208.53,22.08,TRADE
NSW1,2010/1/24 9:00,8430.84,22.02,TRADE
NSW1,2010/1/24 9:30,8597.6,22,TRADE
NSW1,2010/1/24 10:00,8678.4,21.67,TRADE
NSW1,2010/1/24 10:30,8745.43,22.97,TRADE
NSW1,2010/1/24 11:00,8806.6,22.32,TRADE
NSW1,2010/1/24 11:30,8865.72,22.97,TRADE
NSW1,2010/1/24 12:00,8869.64,24.05,TRADE
NSW1,2010/1/24 12:30,8860.65,25.05,TRADE
NSW1,2010/1/24 13:00,8821.29,24.85,TRADE
NSW1,2010/1/24 13:30,8875.66,28.7,TRADE
NSW1,2010/1/24 14:00,8894.64,27.41,TRADE
NSW1,2010/1/24 14:30,8942.62,27.24,TRADE
NSW1,2010/1/24 15:00,8980.78,26.84,TRADE
NSW1,2010/1/24 15:30,8989.57,26.27,TRADE
NSW1,2010/1/24 16:00,9004.24,27.78,TRADE
NSW1,2010/1/24 16:30,8982.04,29.18,TRADE
NSW1,2010/1/24 17:00,8784.44,25.03,TRADE
NSW1,2010/1/24 17:30,8979.87,25.56,TRADE
NSW1,2010/1/24 18:00,8997.27,24.93,TRADE
NSW1,2010/1/24 18:30,8856.47,22.98,TRADE
NSW1,2010/1/24 19:00,8761.42,23.74,TRADE
NSW1,2010/1/24 19:30,8816.29,24.27,TRADE
NSW1,2010/1/24 20:00,8865.47,24.5,TRADE
NSW1,2010/1/24 20:30,8664.96,24.71,TRADE
NSW1,2010/1/24 21:00,8470,23.08,TRADE
NSW1,2010/1/24 21:30,8362.84,22.38,TRADE
NSW1,2010/1/24 22:00,8208.02,21.5,TRADE
NSW1,2010/1/24 22:30,8069.01,24.74,TRADE
NSW1,2010/1/24 23:00,7850.88,22.99,TRADE
NSW1,2010/1/24 23:30,7524.48,21.51,TRADE
NSW1,2010/1/25 0:00,7129.59,21.81,TRADE
NSW1,2010/1/25 0:30,7056.53,21.97,TRADE
NSW1,2010/1/25 1:00,7143.17,21.79,TRADE
NSW1,2010/1/25 1:30,6933.47,21.91,TRADE
NSW1,2010/1/25 2:00,6747.36,20.92,TRADE
NSW1,2010/1/25 2:30,6624.41,18.9,TRADE
NSW1,2010/1/25 3:00,6570.87,15.88,TRADE
NSW1,2010/1/25 3:30,6610.04,16.05,TRADE
NSW1,2010/1/25 4:00,6715.65,16.13,TRADE
NSW1,2010/1/25 4:30,6812.32,19.14,TRADE
NSW1,2010/1/25 5:00,7084.06,20.96,TRADE
NSW1,2010/1/25 5:30,7544.18,21.63,TRADE
NSW1,2010/1/25 6:00,7957.98,22,TRADE
NSW1,2010/1/25 6:30,8355.15,21.65,TRADE
NSW1,2010/1/25 7:00,8864.71,22,TRADE
NSW1,2010/1/25 7:30,9259.26,22,TRADE
NSW1,2010/1/25 8:00,9638.48,23.4,TRADE
NSW1,2010/1/25 8:30,9994.13,24.23,TRADE
NSW1,2010/1/25 9:00,10187.6,25.12,TRADE
NSW1,2010/1/25 9:30,10332.46,28.67,TRADE
NSW1,2010/1/25 10:00,10392.49,28.44,TRADE
NSW1,2010/1/25 10:30,10419.03,29.46,TRADE
NSW1,2010/1/25 11:00,10555.14,30.19,TRADE
NSW1,2010/1/25 11:30,10579.06,30.66,TRADE
NSW1,2010/1/25 12:00,10736.62,34.71,TRADE
NSW1,2010/1/25 12:30,10866.96,40.28,TRADE
NSW1,2010/1/25 13:00,10991.37,37.67,TRADE
NSW1,2010/1/25 13:30,11068.1,38.49,TRADE
NSW1,2010/1/25 14:00,11197.09,42.61,TRADE
NSW1,2010/1/25 14:30,11242.05,42.33,TRADE
NSW1,2010/1/25 15:00,11338.97,46.35,TRADE
NSW1,2010/1/25 15:30,11413.78,44.62,TRADE
NSW1,2010/1/25 16:00,11418.89,43.79,TRADE
NSW1,2010/1/25 16:30,11292.84,46.6,TRADE
NSW1,2010/1/25 17:00,10992.3,39.87,TRADE
NSW1,2010/1/25 17:30,10632.76,34.81,TRADE
NSW1,2010/1/25 18:00,10451.55,32.04,TRADE
NSW1,2010/1/25 18:30,10227.28,30.57,TRADE
NSW1,2010/1/25 19:00,9975.86,30.68,TRADE
NSW1,2010/1/25 19:30,9904.78,31.18,TRADE
NSW1,2010/1/25 20:00,9956.47,30.85,TRADE
NSW1,2010/1/25 20:30,9663.24,30.3,TRADE
NSW1,2010/1/25 21:00,9356.46,29.32,TRADE
NSW1,2010/1/25 21:30,9355.8,29.1,TRADE
NSW1,2010/1/25 22:00,9081.4,23.18,TRADE
NSW1,2010/1/25 22:30,8946.33,30.06,TRADE
NSW1,2010/1/25 23:00,8648.29,28.19,TRADE
NSW1,2010/1/25 23:30,8350.51,28.15,TRADE
NSW1,2010/1/26 0:00,8098.75,22.8,TRADE
NSW1,2010/1/26 0:30,7843.34,22.47,TRADE
NSW1,2010/1/26 1:00,7576.8,22.01,TRADE
NSW1,2010/1/26 1:30,7289.67,22.02,TRADE
NSW1,2010/1/26 2:00,7009.43,21.82,TRADE
NSW1,2010/1/26 2:30,6852,20.51,TRADE
NSW1,2010/1/26 3:00,6779.57,20.38,TRADE
NSW1,2010/1/26 3:30,6699.96,20.18,TRADE
NSW1,2010/1/26 4:00,6744.35,20.33,TRADE
NSW1,2010/1/26 4:30,6819.87,20.61,TRADE
NSW1,2010/1/26 5:00,6854.66,20.8,TRADE
NSW1,2010/1/26 5:30,7004.93,21,TRADE
NSW1,2010/1/26 6:00,7039.93,20.9,TRADE
NSW1,2010/1/26 6:30,7301.67,20.59,TRADE
NSW1,2010/1/26 7:00,7655.53,21.98,TRADE
NSW1,2010/1/26 7:30,8065.71,22,TRADE
NSW1,2010/1/26 8:00,8442.43,22,TRADE
NSW1,2010/1/26 8:30,8861.54,21.89,TRADE
NSW1,2010/1/26 9:00,9255.13,22,TRADE
NSW1,2010/1/26 9:30,9668.15,22.81,TRADE
NSW1,2010/1/26 10:00,9944.9,25.39,TRADE
NSW1,2010/1/26 10:30,10168.85,29.91,TRADE
NSW1,2010/1/26 11:00,10376.37,30.13,TRADE
NSW1,2010/1/26 11:30,10497.69,31.94,TRADE
NSW1,2010/1/26 12:00,10674.97,34.94,TRADE
NSW1,2010/1/26 12:30,10787.23,38.69,TRADE
NSW1,2010/1/26 13:00,10925.58,39.5,TRADE
NSW1,2010/1/26 13:30,11049.17,41.86,TRADE
NSW1,2010/1/26 14:00,11160.63,50.68,TRADE
NSW1,2010/1/26 14:30,11260.1,54.03,TRADE
NSW1,2010/1/26 15:00,11367.77,54.94,TRADE
NSW1,2010/1/26 15:30,11458.18,54.94,TRADE
NSW1,2010/1/26 16:00,11504.61,54.94,TRADE
NSW1,2010/1/26 16:30,11430.31,54.94,TRADE
NSW1,2010/1/26 17:00,11295.84,54.94,TRADE
NSW1,2010/1/26 17:30,11199.19,52.16,TRADE
NSW1,2010/1/26 18:00,11040.88,47.02,TRADE
NSW1,2010/1/26 18:30,10730.56,41.14,TRADE
NSW1,2010/1/26 19:00,10523.05,39.21,TRADE
NSW1,2010/1/26 19:30,10474.2,41.88,TRADE
NSW1,2010/1/26 20:00,10541.18,41.03,TRADE
NSW1,2010/1/26 20:30,10271.68,35.2,TRADE
NSW1,2010/1/26 21:00,9987.77,31.01,TRADE
NSW1,2010/1/26 21:30,9817.7,29.36,TRADE
NSW1,2010/1/26 22:00,9469.48,25.28,TRADE
NSW1,2010/1/26 22:30,9115.94,29.95,TRADE
NSW1,2010/1/26 23:00,8776.91,27.4,TRADE
NSW1,2010/1/26 23:30,8444.44,23.15,TRADE
NSW1,2010/1/27 0:00,8238.65,22.56,TRADE
NSW1,2010/1/27 0:30,7983.1,21.83,TRADE
NSW1,2010/1/27 1:00,7752.77,22.83,TRADE
NSW1,2010/1/27 1:30,7419.01,22.77,TRADE
NSW1,2010/1/27 2:00,7187.36,21.9,TRADE
NSW1,2010/1/27 2:30,7043.19,21.06,TRADE
NSW1,2010/1/27 3:00,6947.47,20.9,TRADE
NSW1,2010/1/27 3:30,6915.36,20.95,TRADE
NSW1,2010/1/27 4:00,6950.56,20.96,TRADE
NSW1,2010/1/27 4:30,7137.8,20.89,TRADE
NSW1,2010/1/27 5:00,7372.4,21.99,TRADE
NSW1,2010/1/27 5:30,7943.99,22.12,TRADE
NSW1,2010/1/27 6:00,8443.8,22.42,TRADE
NSW1,2010/1/27 6:30,8910.47,21.62,TRADE
NSW1,2010/1/27 7:00,9447.33,22.3,TRADE
NSW1,2010/1/27 7:30,9837.98,23.1,TRADE
NSW1,2010/1/27 8:00,10164.09,26.66,TRADE
NSW1,2010/1/27 8:30,10560.08,30.82,TRADE
NSW1,2010/1/27 9:00,10777.33,32.98,TRADE
NSW1,2010/1/27 9:30,10944.49,35.99,TRADE
NSW1,2010/1/27 10:00,11166.28,42.6,TRADE
NSW1,2010/1/27 10:30,11236.62,41.95,TRADE
NSW1,2010/1/27 11:00,11376.32,42.98,TRADE
NSW1,2010/1/27 11:30,11424.38,52.22,TRADE
NSW1,2010/1/27 12:00,11489.63,53.62,TRADE
NSW1,2010/1/27 12:30,11576.21,52.89,TRADE
NSW1,2010/1/27 13:00,11624.89,60.66,TRADE
NSW1,2010/1/27 13:30,11681.57,50.52,TRADE
NSW1,2010/1/27 14:00,11661.05,41.62,TRADE
NSW1,2010/1/27 14:30,11502.54,42.68,TRADE
NSW1,2010/1/27 15:00,11349.25,40.24,TRADE
NSW1,2010/1/27 15:30,11265.71,40.89,TRADE
NSW1,2010/1/27 16:00,11169.1,38.04,TRADE
NSW1,2010/1/27 16:30,11017.31,35.54,TRADE
NSW1,2010/1/27 17:00,10635.09,31.23,TRADE
NSW1,2010/1/27 17:30,10204.87,29.72,TRADE
NSW1,2010/1/27 18:00,10270.97,28.46,TRADE
NSW1,2010/1/27 18:30,9952.45,27.58,TRADE
NSW1,2010/1/27 19:00,9830.74,25.33,TRADE
NSW1,2010/1/27 19:30,9747.75,25.06,TRADE
NSW1,2010/1/27 20:00,9716,24.72,TRADE
NSW1,2010/1/27 20:30,9534.49,25.42,TRADE
NSW1,2010/1/27 21:00,9161.83,23.73,TRADE
NSW1,2010/1/27 21:30,9014.61,23.99,TRADE
NSW1,2010/1/27 22:00,8728.53,21.66,TRADE
NSW1,2010/1/27 22:30,8577.28,21.49,TRADE
NSW1,2010/1/27 23:00,8361.96,22.01,TRADE
NSW1,2010/1/27 23:30,8169.76,21.99,TRADE
NSW1,2010/1/28 0:00,7932.17,22.02,TRADE
NSW1,2010/1/28 0:30,7721.2,22,TRADE
NSW1,2010/1/28 1:00,7460.3,21.74,TRADE
NSW1,2010/1/28 1:30,7189.64,21.27,TRADE
NSW1,2010/1/28 2:00,6966.36,20.77,TRADE
NSW1,2010/1/28 2:30,6809.7,20,TRADE
NSW1,2010/1/28 3:00,6751.38,19.99,TRADE
NSW1,2010/1/28 3:30,6751.51,19.99,TRADE
NSW1,2010/1/28 4:00,6834.54,20.13,TRADE
NSW1,2010/1/28 4:30,7051.6,20.96,TRADE
NSW1,2010/1/28 5:00,7325.9,21.24,TRADE
NSW1,2010/1/28 5:30,7882.8,22.18,TRADE
NSW1,2010/1/28 6:00,8499.69,24.16,TRADE
NSW1,2010/1/28 6:30,9052.78,26.57,TRADE
NSW1,2010/1/28 7:00,9557.22,28.97,TRADE
NSW1,2010/1/28 7:30,9840.59,29.95,TRADE
NSW1,2010/1/28 8:00,10078.48,33.95,TRADE
NSW1,2010/1/28 8:30,10387.9,34.27,TRADE
NSW1,2010/1/28 9:00,10612.06,37.59,TRADE
NSW1,2010/1/28 9:30,10762.14,40.8,TRADE
NSW1,2010/1/28 10:00,10910.11,51.08,TRADE
NSW1,2010/1/28 10:30,11023.69,54.55,TRADE
NSW1,2010/1/28 11:00,11127.52,46.54,TRADE
NSW1,2010/1/28 11:30,11180.15,37.75,TRADE
NSW1,2010/1/28 12:00,11210.9,40.33,TRADE
NSW1,2010/1/28 12:30,11353.01,44.77,TRADE
NSW1,2010/1/28 13:00,11451.04,47.81,TRADE
NSW1,2010/1/28 13:30,11452.11,51.44,TRADE
NSW1,2010/1/28 14:00,11383.42,49.14,TRADE
NSW1,2010/1/28 14:30,11266.16,38.55,TRADE
NSW1,2010/1/28 15:00,11151.34,38.39,TRADE
NSW1,2010/1/28 15:30,11106.97,41.21,TRADE
NSW1,2010/1/28 16:00,11008,37.85,TRADE
NSW1,2010/1/28 16:30,10924.83,37.45,TRADE
NSW1,2010/1/28 17:00,10905.52,41.89,TRADE
NSW1,2010/1/28 17:30,10614.68,32.93,TRADE
NSW1,2010/1/28 18:00,10492.34,31.92,TRADE
NSW1,2010/1/28 18:30,10249.9,30.07,TRADE
NSW1,2010/1/28 19:00,10049.78,29.96,TRADE
NSW1,2010/1/28 19:30,9955.74,30.06,TRADE
NSW1,2010/1/28 20:00,9685.52,27.87,TRADE
NSW1,2010/1/28 20:30,9110.85,25.77,TRADE
NSW1,2010/1/28 21:00,8914.88,22.97,TRADE
NSW1,2010/1/28 21:30,8964.9,22.81,TRADE
NSW1,2010/1/28 22:00,8766.7,21.3,TRADE
NSW1,2010/1/28 22:30,8591.99,22.43,TRADE
NSW1,2010/1/28 23:00,8359.31,22.23,TRADE
NSW1,2010/1/28 23:30,8098.46,21.97,TRADE
NSW1,2010/1/29 0:00,7845.01,22,TRADE
NSW1,2010/1/29 0:30,7640.18,22.01,TRADE
NSW1,2010/1/29 1:00,7361.4,22,TRADE
NSW1,2010/1/29 1:30,7120.68,21.84,TRADE
NSW1,2010/1/29 2:00,6830.18,20.8,TRADE
NSW1,2010/1/29 2:30,6702.86,19.54,TRADE
NSW1,2010/1/29 3:00,6644.49,19.11,TRADE
NSW1,2010/1/29 3:30,6652.27,19.98,TRADE
NSW1,2010/1/29 4:00,6732.62,20.28,TRADE
NSW1,2010/1/29 4:30,6928.29,20.74,TRADE
NSW1,2010/1/29 5:00,7201.45,21.28,TRADE
NSW1,2010/1/29 5:30,7770.65,22.09,TRADE
NSW1,2010/1/29 6:00,8350.82,22,TRADE
NSW1,2010/1/29 6:30,8847.73,23.22,TRADE
NSW1,2010/1/29 7:00,9360.92,25.62,TRADE
NSW1,2010/1/29 7:30,9660.01,26.77,TRADE
NSW1,2010/1/29 8:00,9937.58,27.79,TRADE
NSW1,2010/1/29 8:30,10298.99,29.2,TRADE
NSW1,2010/1/29 9:00,10530.63,30.01,TRADE
NSW1,2010/1/29 9:30,10710.1,30.26,TRADE
NSW1,2010/1/29 10:00,10886.04,31.07,TRADE
NSW1,2010/1/29 10:30,11001.02,32.01,TRADE
NSW1,2010/1/29 11:00,11113.65,32.79,TRADE
NSW1,2010/1/29 11:30,11131.67,33.94,TRADE
NSW1,2010/1/29 12:00,11199.31,36.27,TRADE
NSW1,2010/1/29 12:30,11282.85,44.79,TRADE
NSW1,2010/1/29 13:00,11345.2,46.83,TRADE
NSW1,2010/1/29 13:30,11422.02,39.98,TRADE
NSW1,2010/1/29 14:00,11424.12,38.54,TRADE
NSW1,2010/1/29 14:30,11375.92,35.24,TRADE
NSW1,2010/1/29 15:00,11449.81,33.6,TRADE
NSW1,2010/1/29 15:30,11453.22,32.75,TRADE
NSW1,2010/1/29 16:00,11370.74,32.38,TRADE
NSW1,2010/1/29 16:30,11163.74,31.19,TRADE
NSW1,2010/1/29 17:00,10830.99,27.66,TRADE
NSW1,2010/1/29 17:30,10339.64,25,TRADE
NSW1,2010/1/29 18:00,10081.99,23.3,TRADE
NSW1,2010/1/29 18:30,9771.19,22.03,TRADE
NSW1,2010/1/29 19:00,9540.96,22.28,TRADE
NSW1,2010/1/29 19:30,9442.65,22.33,TRADE
NSW1,2010/1/29 20:00,9467.61,22.68,TRADE
NSW1,2010/1/29 20:30,9293.89,22.81,TRADE
NSW1,2010/1/29 21:00,8945.85,22,TRADE
NSW1,2010/1/29 21:30,8893.13,21.71,TRADE
NSW1,2010/1/29 22:00,8658.87,21.51,TRADE
NSW1,2010/1/29 22:30,8543.92,22.21,TRADE
NSW1,2010/1/29 23:00,8385.24,21.78,TRADE
NSW1,2010/1/29 23:30,8111.54,21.99,TRADE
NSW1,2010/1/30 0:00,7820.99,21.73,TRADE
NSW1,2010/1/30 0:30,7589.73,20.96,TRADE
NSW1,2010/1/30 1:00,7376.41,20.09,TRADE
NSW1,2010/1/30 1:30,7064.63,19.01,TRADE
NSW1,2010/1/30 2:00,6775.62,13.13,TRADE
NSW1,2010/1/30 2:30,6653.94,11.45,TRADE
NSW1,2010/1/30 3:00,6548.02,10.83,TRADE
NSW1,2010/1/30 3:30,6502.34,10.06,TRADE
NSW1,2010/1/30 4:00,6508.64,10.04,TRADE
NSW1,2010/1/30 4:30,6557.94,11.07,TRADE
NSW1,2010/1/30 5:00,6664.79,15.47,TRADE
NSW1,2010/1/30 5:30,6810.2,16.33,TRADE
NSW1,2010/1/30 6:00,7008.21,18.48,TRADE
NSW1,2010/1/30 6:30,7338.32,19.59,TRADE
NSW1,2010/1/30 7:00,7643.23,20.49,TRADE
NSW1,2010/1/30 7:30,8120.95,21.73,TRADE
NSW1,2010/1/30 8:00,8495.78,22.16,TRADE
NSW1,2010/1/30 8:30,8878.21,22.08,TRADE
NSW1,2010/1/30 9:00,8989.5,22.62,TRADE
NSW1,2010/1/30 9:30,9161.59,24.53,TRADE
NSW1,2010/1/30 10:00,9174.08,25.09,TRADE
NSW1,2010/1/30 10:30,9223.99,27.25,TRADE
NSW1,2010/1/30 11:00,9235.46,26.55,TRADE
NSW1,2010/1/30 11:30,9152.54,27.17,TRADE
NSW1,2010/1/30 12:00,9185.88,27.26,TRADE
NSW1,2010/1/30 12:30,9229.87,28.73,TRADE
NSW1,2010/1/30 13:00,9236.81,29.48,TRADE
NSW1,2010/1/30 13:30,9255.46,30.18,TRADE
NSW1,2010/1/30 14:00,9275.63,29.83,TRADE
NSW1,2010/1/30 14:30,9335.69,30.68,TRADE
NSW1,2010/1/30 15:00,9395.91,31.35,TRADE
NSW1,2010/1/30 15:30,9427.62,34.3,TRADE
NSW1,2010/1/30 16:00,9461.36,38.8,TRADE
NSW1,2010/1/30 16:30,9394.28,39.46,TRADE
NSW1,2010/1/30 17:00,9384.39,40.12,TRADE
NSW1,2010/1/30 17:30,9331.43,34.03,TRADE
NSW1,2010/1/30 18:00,9258.79,35.67,TRADE
NSW1,2010/1/30 18:30,9142.45,35.3,TRADE
NSW1,2010/1/30 19:00,9022.7,35.18,TRADE
NSW1,2010/1/30 19:30,9098.91,37.74,TRADE
NSW1,2010/1/30 20:00,9169.26,39.84,TRADE
NSW1,2010/1/30 20:30,8974.38,36.63,TRADE
NSW1,2010/1/30 21:00,8841.47,34.11,TRADE
NSW1,2010/1/30 21:30,8709.59,31.64,TRADE
NSW1,2010/1/30 22:00,8662.34,30.08,TRADE
NSW1,2010/1/30 22:30,8473.78,31.1,TRADE
NSW1,2010/1/30 23:00,8196.12,30.03,TRADE
NSW1,2010/1/30 23:30,7949.33,29.91,TRADE
NSW1,2010/1/31 0:00,7716.64,28.99,TRADE
NSW1,2010/1/31 0:30,7484.13,25.13,TRADE
NSW1,2010/1/31 1:00,7261.68,22.48,TRADE
NSW1,2010/1/31 1:30,6997.9,21.96,TRADE
NSW1,2010/1/31 2:00,6787.51,21.87,TRADE
NSW1,2010/1/31 2:30,6649.92,20.9,TRADE
NSW1,2010/1/31 3:00,6573.26,20.02,TRADE
NSW1,2010/1/31 3:30,6531.57,14.8,TRADE
NSW1,2010/1/31 4:00,6547.01,20.17,TRADE
NSW1,2010/1/31 4:30,6593.83,18.22,TRADE
NSW1,2010/1/31 5:00,6604.63,20.19,TRADE
NSW1,2010/1/31 5:30,6692.73,19.4,TRADE
NSW1,2010/1/31 6:00,6748.43,20.13,TRADE
NSW1,2010/1/31 6:30,7029.35,21.23,TRADE
NSW1,2010/1/31 7:00,7334.04,20.45,TRADE
NSW1,2010/1/31 7:30,7760.14,22,TRADE
NSW1,2010/1/31 8:00,8139.35,22.34,TRADE
NSW1,2010/1/31 8:30,8515.25,27.24,TRADE
NSW1,2010/1/31 9:00,8794.61,30.86,TRADE
NSW1,2010/1/31 9:30,9070.08,32.53,TRADE
NSW1,2010/1/31 10:00,9209.07,35.15,TRADE
NSW1,2010/1/31 10:30,9274.2,37.26,TRADE
NSW1,2010/1/31 11:00,9388.24,35.04,TRADE
NSW1,2010/1/31 11:30,9435.24,42.68,TRADE
NSW1,2010/1/31 12:00,9487.75,41.3,TRADE
NSW1,2010/1/31 12:30,9491.13,41.92,TRADE
NSW1,2010/1/31 13:00,9539.46,43.38,TRADE
NSW1,2010/1/31 13:30,9588.36,44.5,TRADE
NSW1,2010/1/31 14:00,9623.03,46.24,TRADE
NSW1,2010/1/31 14:30,9675.19,45.28,TRADE
NSW1,2010/1/31 15:00,9723.58,42.95,TRADE
NSW1,2010/1/31 15:30,9749.46,39.63,TRADE
NSW1,2010/1/31 16:00,9740.6,37.21,TRADE
NSW1,2010/1/31 16:30,9606.17,36.13,TRADE
NSW1,2010/1/31 17:00,9569.82,33.63,TRADE
NSW1,2010/1/31 17:30,9649.68,33.56,TRADE
NSW1,2010/1/31 18:00,9467.25,31.78,TRADE
NSW1,2010/1/31 18:30,9301.55,29.07,TRADE
NSW1,2010/1/31 19:00,9243.2,29.94,TRADE
NSW1,2010/1/31 19:30,9361.96,30.06,TRADE
NSW1,2010/1/31 20:00,9417.01,30.09,TRADE
NSW1,2010/1/31 20:30,9174.21,29.28,TRADE
NSW1,2010/1/31 21:00,8954.68,25.63,TRADE
NSW1,2010/1/31 21:30,8813.55,22.97,TRADE
NSW1,2010/1/31 22:00,8658.3,22.1,TRADE
NSW1,2010/1/31 22:30,8379.69,24.79,TRADE
NSW1,2010/1/31 23:00,8019.71,23.27,TRADE
NSW1,2010/1/31 23:30,7775.53,21.94,TRADE
NSW1,2010/2/1 0:00,7615.45,22,TRADE
?NSW1,2010/2/1 0:30,7458.9,21.98,TRADE
NSW1,2010/2/1 1:00,7265.36,21.73,TRADE
NSW1,2010/2/1 1:30,6995.8,20.95,TRADE
NSW1,2010/2/1 2:00,6832.95,17.29,TRADE
NSW1,2010/2/1 2:30,6687.17,11.76,TRADE
NSW1,2010/2/1 3:00,6664.78,12.56,TRADE
NSW1,2010/2/1 3:30,6661.03,12.33,TRADE
NSW1,2010/2/1 4:00,6723.19,12.08,TRADE
NSW1,2010/2/1 4:30,7017.58,19.39,TRADE
NSW1,2010/2/1 5:00,7326.26,20.54,TRADE
NSW1,2010/2/1 5:30,7860.35,21.83,TRADE
NSW1,2010/2/1 6:00,8468.23,22.47,TRADE
NSW1,2010/2/1 6:30,9062.64,22.85,TRADE
NSW1,2010/2/1 7:00,9595.12,23.59,TRADE
NSW1,2010/2/1 7:30,9951.45,24.62,TRADE
NSW1,2010/2/1 8:00,10218.57,25.69,TRADE
NSW1,2010/2/1 8:30,10597.13,29.38,TRADE
NSW1,2010/2/1 9:00,10715.42,29.15,TRADE
NSW1,2010/2/1 9:30,10870.72,30.06,TRADE
NSW1,2010/2/1 10:00,11020.89,30.87,TRADE
NSW1,2010/2/1 10:30,11182.26,30.83,TRADE
NSW1,2010/2/1 11:00,11220.58,30.8,TRADE
NSW1,2010/2/1 11:30,11320.13,31.53,TRADE
NSW1,2010/2/1 12:00,11353.07,31.85,TRADE
NSW1,2010/2/1 12:30,11472.17,36.12,TRADE
NSW1,2010/2/1 13:00,11497.26,38.85,TRADE
NSW1,2010/2/1 13:30,11573.81,37.07,TRADE
NSW1,2010/2/1 14:00,11580.28,39.14,TRADE
NSW1,2010/2/1 14:30,11471.96,34.27,TRADE
NSW1,2010/2/1 15:00,11528.68,36.11,TRADE
NSW1,2010/2/1 15:30,11576.63,41.2,TRADE
NSW1,2010/2/1 16:00,11425.54,40.26,TRADE
NSW1,2010/2/1 16:30,11326.09,38,TRADE
NSW1,2010/2/1 17:00,11149.28,38.26,TRADE
NSW1,2010/2/1 17:30,10728.33,29.93,TRADE
NSW1,2010/2/1 18:00,10450.47,25.53,TRADE
NSW1,2010/2/1 18:30,10086.64,23.68,TRADE
NSW1,2010/2/1 19:00,9918.85,23.78,TRADE
NSW1,2010/2/1 19:30,9851.03,24.68,TRADE
NSW1,2010/2/1 20:00,9906.21,26.13,TRADE
NSW1,2010/2/1 20:30,9667.38,24.87,TRADE
NSW1,2010/2/1 21:00,9362.71,22.65,TRADE
NSW1,2010/2/1 21:30,9267.34,22.81,TRADE
NSW1,2010/2/1 22:00,9004.73,21.31,TRADE
NSW1,2010/2/1 22:30,8783.84,23.46,TRADE
NSW1,2010/2/1 23:00,8519.4,22.27,TRADE
NSW1,2010/2/1 23:30,8289.87,22.42,TRADE
NSW1,2010/2/2 0:00,8062.6,21.97,TRADE
NSW1,2010/2/2 0:30,7828.19,21.82,TRADE
NSW1,2010/2/2 1:00,7615.39,22,TRADE
NSW1,2010/2/2 1:30,7312.33,21.72,TRADE
NSW1,2010/2/2 2:00,7063,20.92,TRADE
NSW1,2010/2/2 2:30,6897.21,18.23,TRADE
NSW1,2010/2/2 3:00,6826.46,18.02,TRADE
NSW1,2010/2/2 3:30,6785.97,17.65,TRADE
NSW1,2010/2/2 4:00,6815.5,18.87,TRADE
NSW1,2010/2/2 4:30,7106.9,20.79,TRADE
NSW1,2010/2/2 5:00,7314.42,21.04,TRADE
NSW1,2010/2/2 5:30,7925.53,24.38,TRADE
NSW1,2010/2/2 6:00,8416.29,24.24,TRADE
NSW1,2010/2/2 6:30,8898.93,24.16,TRADE
NSW1,2010/2/2 7:00,9360.56,26.59,TRADE
NSW1,2010/2/2 7:30,9608.54,25.47,TRADE
NSW1,2010/2/2 8:00,9844.85,26.13,TRADE
NSW1,2010/2/2 8:30,10098.16,29.04,TRADE
NSW1,2010/2/2 9:00,10258.32,30.36,TRADE
NSW1,2010/2/2 9:30,10466.8,34.16,TRADE
NSW1,2010/2/2 10:00,10468.9,35.72,TRADE
NSW1,2010/2/2 10:30,10534.01,37.61,TRADE
NSW1,2010/2/2 11:00,10522.71,29.65,TRADE
NSW1,2010/2/2 11:30,10558.48,34.62,TRADE
NSW1,2010/2/2 12:00,10619.79,31.61,TRADE
NSW1,2010/2/2 12:30,10625.12,27.02,TRADE
NSW1,2010/2/2 13:00,10556.2,23.75,TRADE
NSW1,2010/2/2 13:30,10502.66,23.59,TRADE
NSW1,2010/2/2 14:00,10425.78,24.38,TRADE
NSW1,2010/2/2 14:30,10383.92,24.34,TRADE
NSW1,2010/2/2 15:00,10408.99,24.85,TRADE
NSW1,2010/2/2 15:30,10438.65,26.75,TRADE
NSW1,2010/2/2 16:00,10400.11,30.11,TRADE
NSW1,2010/2/2 16:30,10226.34,22.97,TRADE
NSW1,2010/2/2 17:00,10013.08,22.97,TRADE
NSW1,2010/2/2 17:30,9828.54,22.97,TRADE
NSW1,2010/2/2 18:00,9641.56,22.97,TRADE
NSW1,2010/2/2 18:30,9457.08,24.85,TRADE
NSW1,2010/2/2 19:00,9296.49,45.04,TRADE
NSW1,2010/2/2 19:30,9389.56,38.49,TRADE
NSW1,2010/2/2 20:00,9334.46,39.49,TRADE
NSW1,2010/2/2 20:30,9161.97,39.47,TRADE
NSW1,2010/2/2 21:00,8837.33,27,TRADE
NSW1,2010/2/2 21:30,8908.67,34.72,TRADE
NSW1,2010/2/2 22:00,8668.67,25.93,TRADE
NSW1,2010/2/2 22:30,8570.75,29.95,TRADE
NSW1,2010/2/2 23:00,8372.57,29.54,TRADE
NSW1,2010/2/2 23:30,8108.65,29.91,TRADE
NSW1,2010/2/3 0:00,7922.16,28.55,TRADE
NSW1,2010/2/3 0:30,7704.18,25.1,TRADE
NSW1,2010/2/3 1:00,7476.65,22.54,TRADE
NSW1,2010/2/3 1:30,7172.37,22.81,TRADE
NSW1,2010/2/3 2:00,6942.44,21.72,TRADE
NSW1,2010/2/3 2:30,6707.67,21.58,TRADE
NSW1,2010/2/3 3:00,6637.44,20.12,TRADE
NSW1,2010/2/3 3:30,6648.86,20.02,TRADE
NSW1,2010/2/3 4:00,6758.12,20.01,TRADE
NSW1,2010/2/3 4:30,6982.26,21.35,TRADE
NSW1,2010/2/3 5:00,7274.91,22,TRADE
NSW1,2010/2/3 5:30,7910.63,24.36,TRADE
NSW1,2010/2/3 6:00,8532.49,27.54,TRADE
NSW1,2010/2/3 6:30,9063.64,27.29,TRADE
NSW1,2010/2/3 7:00,9501,27.4,TRADE
NSW1,2010/2/3 7:30,9755.45,26.58,TRADE
NSW1,2010/2/3 8:00,9962.35,28.12,TRADE
NSW1,2010/2/3 8:30,10275.29,32.38,TRADE
NSW1,2010/2/3 9:00,10468.72,34.96,TRADE
NSW1,2010/2/3 9:30,10565.88,34.37,TRADE
NSW1,2010/2/3 10:00,10648.63,35.76,TRADE
NSW1,2010/2/3 10:30,10717.52,39.15,TRADE
NSW1,2010/2/3 11:00,10766.88,40.41,TRADE
NSW1,2010/2/3 11:30,10797.28,47.29,TRADE
NSW1,2010/2/3 12:00,10809.19,51.54,TRADE
NSW1,2010/2/3 12:30,10921.71,60.99,TRADE
NSW1,2010/2/3 13:00,10974.88,79.58,TRADE
NSW1,2010/2/3 13:30,10986.88,41.6,TRADE
NSW1,2010/2/3 14:00,10923.06,40.74,TRADE
NSW1,2010/2/3 14:30,10910.5,45.39,TRADE
NSW1,2010/2/3 15:00,10962.67,32.7,TRADE
NSW1,2010/2/3 15:30,11001.15,32.93,TRADE
NSW1,2010/2/3 16:00,11024.02,38.82,TRADE
NSW1,2010/2/3 16:30,10930.88,30.4,TRADE
NSW1,2010/2/3 17:00,10712.43,30.97,TRADE
NSW1,2010/2/3 17:30,10441.03,33.29,TRADE
NSW1,2010/2/3 18:00,10177.24,29.95,TRADE
NSW1,2010/2/3 18:30,9955.02,29.57,TRADE
NSW1,2010/2/3 19:00,9850.45,30.07,TRADE
NSW1,2010/2/3 19:30,9944.61,30.79,TRADE
NSW1,2010/2/3 20:00,9953.74,33.07,TRADE
NSW1,2010/2/3 20:30,9735.5,30.19,TRADE
NSW1,2010/2/3 21:00,9378.62,26.71,TRADE
NSW1,2010/2/3 21:30,9248.21,28.53,TRADE
NSW1,2010/2/3 22:00,8987.47,22.47,TRADE
NSW1,2010/2/3 22:30,8830.34,29.32,TRADE
NSW1,2010/2/3 23:00,8555.63,29.24,TRADE
NSW1,2010/2/3 23:30,8284.32,29.05,TRADE
NSW1,2010/2/4 0:00,8109.69,28.34,TRADE
NSW1,2010/2/4 0:30,7892.57,26.02,TRADE
NSW1,2010/2/4 1:00,7627.21,22.38,TRADE
NSW1,2010/2/4 1:30,7331.5,21.76,TRADE
NSW1,2010/2/4 2:00,7046.01,21,TRADE
NSW1,2010/2/4 2:30,6870.83,20.82,TRADE
NSW1,2010/2/4 3:00,6834.13,20.25,TRADE
NSW1,2010/2/4 3:30,6871.55,20.03,TRADE
NSW1,2010/2/4 4:00,6890.39,21.34,TRADE
NSW1,2010/2/4 4:30,7119.31,22.03,TRADE
NSW1,2010/2/4 5:00,7426.11,22,TRADE
NSW1,2010/2/4 5:30,8089.67,26.24,TRADE
NSW1,2010/2/4 6:00,8759.91,29.02,TRADE
NSW1,2010/2/4 6:30,9338.13,29,TRADE
NSW1,2010/2/4 7:00,9812.35,32.31,TRADE
NSW1,2010/2/4 7:30,10054.03,26,TRADE
NSW1,2010/2/4 8:00,10250.17,29.54,TRADE
NSW1,2010/2/4 8:30,10640.08,44.75,TRADE
NSW1,2010/2/4 9:00,10782.55,42.13,TRADE
NSW1,2010/2/4 9:30,10904.21,56.23,TRADE
NSW1,2010/2/4 10:00,10938.18,197.99,TRADE
NSW1,2010/2/4 10:30,10952.05,1688.31,TRADE
NSW1,2010/2/4 11:00,10925.58,4096.95,TRADE
NSW1,2010/2/4 11:30,10707.16,1605.87,TRADE
NSW1,2010/2/4 12:00,10951.41,5540.9,TRADE
NSW1,2010/2/4 12:30,10941,282.41,TRADE
NSW1,2010/2/4 13:00,11055.68,-98.53,TRADE
NSW1,2010/2/4 13:30,11138.52,29.84,TRADE
NSW1,2010/2/4 14:00,11108.21,35.69,TRADE
NSW1,2010/2/4 14:30,11051.23,29.98,TRADE
NSW1,2010/2/4 15:00,11042.17,30.38,TRADE
NSW1,2010/2/4 15:30,11030.34,30.2,TRADE
NSW1,2010/2/4 16:00,10989.27,30.42,TRADE
NSW1,2010/2/4 16:30,10852.54,29.91,TRADE
NSW1,2010/2/4 17:00,10809.8,29.95,TRADE
NSW1,2010/2/4 17:30,10555.94,29.47,TRADE
NSW1,2010/2/4 18:00,10360.94,25.02,TRADE
NSW1,2010/2/4 18:30,10154.82,25.95,TRADE
NSW1,2010/2/4 19:00,9922.49,25.5,TRADE
NSW1,2010/2/4 19:30,9948.63,26.84,TRADE
NSW1,2010/2/4 20:00,9964.3,29.27,TRADE
NSW1,2010/2/4 20:30,9617.2,25.37,TRADE
NSW1,2010/2/4 21:00,9352.42,22.22,TRADE
NSW1,2010/2/4 21:30,9280.96,21.61,TRADE
NSW1,2010/2/4 22:00,8944.18,21.29,TRADE
NSW1,2010/2/4 22:30,8876.95,23.99,TRADE
NSW1,2010/2/4 23:00,8622.4,22.51,TRADE
NSW1,2010/2/4 23:30,8428.72,24.06,TRADE
NSW1,2010/2/5 0:00,8125.16,22,TRADE
NSW1,2010/2/5 0:30,7908.6,21.1,TRADE
NSW1,2010/2/5 1:00,7648.35,21,TRADE
NSW1,2010/2/5 1:30,7369.92,18.66,TRADE
NSW1,2010/2/5 2:00,7117.63,19.71,TRADE
NSW1,2010/2/5 2:30,7006.08,18.83,TRADE
NSW1,2010/2/5 3:00,6935.45,13.12,TRADE
NSW1,2010/2/5 3:30,6947.68,14.73,TRADE
NSW1,2010/2/5 4:00,7021.74,18.39,TRADE
NSW1,2010/2/5 4:30,7221.15,20.68,TRADE
NSW1,2010/2/5 5:00,7524.95,21.56,TRADE
NSW1,2010/2/5 5:30,8151.72,22.17,TRADE
NSW1,2010/2/5 6:00,8752.19,22.41,TRADE
NSW1,2010/2/5 6:30,9357.65,22.93,TRADE
NSW1,2010/2/5 7:00,9882.51,27.44,TRADE
NSW1,2010/2/5 7:30,10222.85,28.24,TRADE
NSW1,2010/2/5 8:00,10439.51,25.14,TRADE
NSW1,2010/2/5 8:30,10757.54,27.74,TRADE
NSW1,2010/2/5 9:00,11005.89,30.59,TRADE
NSW1,2010/2/5 9:30,11118.56,30.44,TRADE
NSW1,2010/2/5 10:00,11222.96,30.51,TRADE
NSW1,2010/2/5 10:30,11291.52,31.77,TRADE
NSW1,2010/2/5 11:00,11330.1,34.96,TRADE
NSW1,2010/2/5 11:30,11361.34,47.88,TRADE
NSW1,2010/2/5 12:00,11451.06,48.64,TRADE
NSW1,2010/2/5 12:30,11469.34,50.61,TRADE
NSW1,2010/2/5 13:00,11478.26,49.08,TRADE
NSW1,2010/2/5 13:30,11530.39,57.01,TRADE
NSW1,2010/2/5 14:00,11362.44,45.67,TRADE
NSW1,2010/2/5 14:30,11185.49,39.32,TRADE
NSW1,2010/2/5 15:00,11107.83,34.69,TRADE
NSW1,2010/2/5 15:30,11087.64,33.72,TRADE
NSW1,2010/2/5 16:00,11073.03,37.79,TRADE
NSW1,2010/2/5 16:30,10941.6,38.95,TRADE
NSW1,2010/2/5 17:00,10764.48,33.91,TRADE
NSW1,2010/2/5 17:30,10373.74,26.54,TRADE
NSW1,2010/2/5 18:00,10208.44,26.3,TRADE
NSW1,2010/2/5 18:30,9891.52,23.88,TRADE
NSW1,2010/2/5 19:00,9757.54,23.28,TRADE
NSW1,2010/2/5 19:30,9835.96,24.88,TRADE
NSW1,2010/2/5 20:00,9704.55,24.24,TRADE
NSW1,2010/2/5 20:30,9462.33,23,TRADE
NSW1,2010/2/5 21:00,9193.04,21.94,TRADE
NSW1,2010/2/5 21:30,9190.54,21.73,TRADE
NSW1,2010/2/5 22:00,8990.18,21.22,TRADE
NSW1,2010/2/5 22:30,8807.33,23.41,TRADE
NSW1,2010/2/5 23:00,8636.07,22.25,TRADE
NSW1,2010/2/5 23:30,8308.84,23.31,TRADE
NSW1,2010/2/6 0:00,7990.45,21.86,TRADE
NSW1,2010/2/6 0:30,7773.14,22.01,TRADE
NSW1,2010/2/6 1:00,7512.33,21.89,TRADE
NSW1,2010/2/6 1:30,7180.99,21.94,TRADE
NSW1,2010/2/6 2:00,6879.4,21.01,TRADE
NSW1,2010/2/6 2:30,6701.93,17.84,TRADE
NSW1,2010/2/6 3:00,6615.37,16.7,TRADE
NSW1,2010/2/6 3:30,6569.83,16.71,TRADE
NSW1,2010/2/6 4:00,6546.76,15.56,TRADE
NSW1,2010/2/6 4:30,6607.84,19.1,TRADE
NSW1,2010/2/6 5:00,6710.7,19.45,TRADE
NSW1,2010/2/6 5:30,6890.85,19.97,TRADE
NSW1,2010/2/6 6:00,7060.67,20,TRADE
NSW1,2010/2/6 6:30,7376.03,21.18,TRADE
NSW1,2010/2/6 7:00,7763.03,22.15,TRADE
NSW1,2010/2/6 7:30,8200.48,22,TRADE
NSW1,2010/2/6 8:00,8542.97,21.98,TRADE
NSW1,2010/2/6 8:30,8924.51,22,TRADE
NSW1,2010/2/6 9:00,9071.14,22.49,TRADE
NSW1,2010/2/6 9:30,9248.92,22.82,TRADE
NSW1,2010/2/6 10:00,9305.69,23.85,TRADE
NSW1,2010/2/6 10:30,9275.68,24.75,TRADE
NSW1,2010/2/6 11:00,9326.52,25.32,TRADE
NSW1,2010/2/6 11:30,9283.34,24.07,TRADE
NSW1,2010/2/6 12:00,9199.08,23.72,TRADE
NSW1,2010/2/6 12:30,9166.88,23.43,TRADE
NSW1,2010/2/6 13:00,9133.14,23.12,TRADE
NSW1,2010/2/6 13:30,9065.77,22.97,TRADE
NSW1,2010/2/6 14:00,9030.21,22.97,TRADE
NSW1,2010/2/6 14:30,9023.04,22.97,TRADE
NSW1,2010/2/6 15:00,9021.09,23.36,TRADE
NSW1,2010/2/6 15:30,8978.09,23.25,TRADE
NSW1,2010/2/6 16:00,9039.01,22.97,TRADE
NSW1,2010/2/6 16:30,8943.77,22.81,TRADE
NSW1,2010/2/6 17:00,8968.15,23.12,TRADE
NSW1,2010/2/6 17:30,8977.46,22.96,TRADE
NSW1,2010/2/6 18:00,8877.95,22.22,TRADE
NSW1,2010/2/6 18:30,8725.48,21.79,TRADE
NSW1,2010/2/6 19:00,8610.15,22,TRADE
NSW1,2010/2/6 19:30,8683.02,22.03,TRADE
NSW1,2010/2/6 20:00,8583.57,21.99,TRADE
NSW1,2010/2/6 20:30,8470.04,21.83,TRADE
NSW1,2010/2/6 21:00,8274.51,21.46,TRADE
NSW1,2010/2/6 21:30,8253.88,22.22,TRADE
NSW1,2010/2/6 22:00,8132.86,21.89,TRADE
NSW1,2010/2/6 22:30,8062.77,23.81,TRADE
NSW1,2010/2/6 23:00,7858.32,21.83,TRADE
NSW1,2010/2/6 23:30,7626.58,22.63,TRADE
NSW1,2010/2/7 0:00,7438.64,21.62,TRADE
NSW1,2010/2/7 0:30,7189.84,18.77,TRADE
NSW1,2010/2/7 1:00,7030.72,17.58,TRADE
NSW1,2010/2/7 1:30,6743.08,19.44,TRADE
NSW1,2010/2/7 2:00,6498.35,12.17,TRADE
NSW1,2010/2/7 2:30,6349.99,11.04,TRADE
NSW1,2010/2/7 3:00,6314.32,9.44,TRADE
NSW1,2010/2/7 3:30,6218.93,5.73,TRADE
NSW1,2010/2/7 4:00,6247.29,6.15,TRADE
NSW1,2010/2/7 4:30,6325.72,9.86,TRADE
NSW1,2010/2/7 5:00,6343.3,10.28,TRADE
NSW1,2010/2/7 5:30,6448.51,9.94,TRADE
NSW1,2010/2/7 6:00,6532.79,9.34,TRADE
NSW1,2010/2/7 6:30,6765.93,7.79,TRADE
NSW1,2010/2/7 7:00,7086.01,15.82,TRADE
NSW1,2010/2/7 7:30,7450.73,19.14,TRADE
NSW1,2010/2/7 8:00,7830.25,20.41,TRADE
NSW1,2010/2/7 8:30,8253.13,22.05,TRADE
NSW1,2010/2/7 9:00,8486.79,21.99,TRADE
NSW1,2010/2/7 9:30,8743.38,22.81,TRADE
NSW1,2010/2/7 10:00,8774.2,22.16,TRADE
NSW1,2010/2/7 10:30,8884.96,22.49,TRADE
NSW1,2010/2/7 11:00,8962.54,23.03,TRADE
NSW1,2010/2/7 11:30,9055.4,24.02,TRADE
NSW1,2010/2/7 12:00,9057.64,23.85,TRADE
NSW1,2010/2/7 12:30,9063.69,24.33,TRADE
NSW1,2010/2/7 13:00,8987.21,25.92,TRADE
NSW1,2010/2/7 13:30,8949.85,25.93,TRADE
NSW1,2010/2/7 14:00,9027.95,29.1,TRADE
NSW1,2010/2/7 14:30,9019.02,27.38,TRADE
NSW1,2010/2/7 15:00,9086.15,26.35,TRADE
NSW1,2010/2/7 15:30,9129.42,26.48,TRADE
NSW1,2010/2/7 16:00,9193.87,28.51,TRADE
NSW1,2010/2/7 16:30,9154.23,26.63,TRADE
NSW1,2010/2/7 17:00,9274.98,29.46,TRADE
NSW1,2010/2/7 17:30,9282.9,31.32,TRADE
NSW1,2010/2/7 18:00,9199.48,32.77,TRADE
NSW1,2010/2/7 18:30,9069.44,28.8,TRADE
NSW1,2010/2/7 19:00,9043.14,27.13,TRADE
NSW1,2010/2/7 19:30,9165.87,28.69,TRADE
NSW1,2010/2/7 20:00,9215.62,28.77,TRADE
NSW1,2010/2/7 20:30,8920.74,26.97,TRADE
NSW1,2010/2/7 21:00,8644.59,23.28,TRADE
NSW1,2010/2/7 21:30,8520.02,22.28,TRADE
NSW1,2010/2/7 22:00,8358.11,21.29,TRADE
NSW1,2010/2/7 22:30,8168.33,23.6,TRADE
NSW1,2010/2/7 23:00,7857.4,22.35,TRADE
NSW1,2010/2/7 23:30,7710.62,22.53,TRADE
NSW1,2010/2/8 0:00,7512.34,21.56,TRADE
NSW1,2010/2/8 0:30,7345.89,20.48,TRADE
NSW1,2010/2/8 1:00,7253.59,20.44,TRADE
NSW1,2010/2/8 1:30,6968.07,20.04,TRADE
NSW1,2010/2/8 2:00,6775.68,17.81,TRADE
NSW1,2010/2/8 2:30,6676.22,14.63,TRADE
NSW1,2010/2/8 3:00,6674.51,14.36,TRADE
NSW1,2010/2/8 3:30,6655.19,12.62,TRADE
NSW1,2010/2/8 4:00,6763.2,12.17,TRADE
NSW1,2010/2/8 4:30,6981.06,18.93,TRADE
NSW1,2010/2/8 5:00,7272.26,19.71,TRADE
NSW1,2010/2/8 5:30,7922.8,21.55,TRADE
NSW1,2010/2/8 6:00,8572.98,22.28,TRADE
NSW1,2010/2/8 6:30,9192.89,24.61,TRADE
NSW1,2010/2/8 7:00,9743.43,27.86,TRADE
NSW1,2010/2/8 7:30,9991.68,25.15,TRADE
NSW1,2010/2/8 8:00,10205.57,26.56,TRADE
NSW1,2010/2/8 8:30,10504.52,26.79,TRADE
NSW1,2010/2/8 9:00,10721.34,29.81,TRADE
NSW1,2010/2/8 9:30,10865.91,30.97,TRADE
NSW1,2010/2/8 10:00,11003.07,30.43,TRADE
NSW1,2010/2/8 10:30,10942.23,25.17,TRADE
NSW1,2010/2/8 11:00,11024.79,32.27,TRADE
NSW1,2010/2/8 11:30,11083.86,35.78,TRADE
NSW1,2010/2/8 12:00,11146.74,33.04,TRADE
NSW1,2010/2/8 12:30,11169.6,36.18,TRADE
NSW1,2010/2/8 13:00,11211.41,44.09,TRADE
NSW1,2010/2/8 13:30,11270.89,64.97,TRADE
NSW1,2010/2/8 14:00,11253.33,50.06,TRADE
NSW1,2010/2/8 14:30,11174.36,29.2,TRADE
NSW1,2010/2/8 15:00,11240.6,25.11,TRADE
NSW1,2010/2/8 15:30,11289.5,29.01,TRADE
NSW1,2010/2/8 16:00,11299.68,29.87,TRADE
NSW1,2010/2/8 16:30,11096.72,27.2,TRADE
NSW1,2010/2/8 17:00,10976.06,24.28,TRADE
NSW1,2010/2/8 17:30,10620.67,23.49,TRADE
NSW1,2010/2/8 18:00,10386.1,29.88,TRADE
NSW1,2010/2/8 18:30,10158.67,29.44,TRADE
NSW1,2010/2/8 19:00,10000.92,29.95,TRADE
NSW1,2010/2/8 19:30,10101.25,31.06,TRADE
NSW1,2010/2/8 20:00,10115.75,32.21,TRADE
NSW1,2010/2/8 20:30,9810.78,30.68,TRADE
NSW1,2010/2/8 21:00,9431.01,27.19,TRADE
NSW1,2010/2/8 21:30,9370.06,24.71,TRADE
NSW1,2010/2/8 22:00,9048.91,21.62,TRADE
NSW1,2010/2/8 22:30,8852.15,25.44,TRADE
NSW1,2010/2/8 23:00,8612.8,25.47,TRADE
NSW1,2010/2/8 23:30,8421.84,29.49,TRADE
NSW1,2010/2/9 0:00,8248.59,25.22,TRADE
NSW1,2010/2/9 0:30,7909.9,21.2,TRADE
NSW1,2010/2/9 1:00,7712.21,21.26,TRADE
NSW1,2010/2/9 1:30,7398.83,21.31,TRADE
NSW1,2010/2/9 2:00,7138.57,20.2,TRADE
NSW1,2010/2/9 2:30,6978.85,17.11,TRADE
NSW1,2010/2/9 3:00,6925.09,17.37,TRADE
NSW1,2010/2/9 3:30,6909.9,18.85,TRADE
NSW1,2010/2/9 4:00,6951.71,19.4,TRADE
NSW1,2010/2/9 4:30,7223.72,20.39,TRADE
NSW1,2010/2/9 5:00,7448.81,21.32,TRADE
NSW1,2010/2/9 5:30,8090.37,22.04,TRADE
NSW1,2010/2/9 6:00,8642.44,24.22,TRADE
NSW1,2010/2/9 6:30,9249.67,26.84,TRADE
NSW1,2010/2/9 7:00,9697.24,29.64,TRADE
NSW1,2010/2/9 7:30,9978.13,23.83,TRADE
NSW1,2010/2/9 8:00,10259.43,27.64,TRADE
NSW1,2010/2/9 8:30,10602.24,29.11,TRADE
NSW1,2010/2/9 9:00,10812.53,36.09,TRADE
NSW1,2010/2/9 9:30,11019.05,40.72,TRADE
NSW1,2010/2/9 10:00,11101.24,37.94,TRADE
NSW1,2010/2/9 10:30,11172.79,37.69,TRADE
NSW1,2010/2/9 11:00,11300.55,45.64,TRADE
NSW1,2010/2/9 11:30,11326.32,52.83,TRADE
NSW1,2010/2/9 12:00,11322.28,54.19,TRADE
NSW1,2010/2/9 12:30,11419.52,55.32,TRADE
NSW1,2010/2/9 13:00,11465.65,67.39,TRADE
NSW1,2010/2/9 13:30,11471.18,80.43,TRADE
NSW1,2010/2/9 14:00,11462.58,79.9,TRADE
NSW1,2010/2/9 14:30,11542.86,56.61,TRADE
NSW1,2010/2/9 15:00,11761.43,32.57,TRADE
NSW1,2010/2/9 15:30,11869.84,38.94,TRADE
NSW1,2010/2/9 16:00,11879.3,28.46,TRADE
NSW1,2010/2/9 16:30,11732.83,25.55,TRADE
NSW1,2010/2/9 17:00,11539.36,22.83,TRADE
NSW1,2010/2/9 17:30,11209.2,30.45,TRADE
NSW1,2010/2/9 18:00,10967.04,29.47,TRADE
NSW1,2010/2/9 18:30,10717.17,24.67,TRADE
NSW1,2010/2/9 19:00,10554.48,33.93,TRADE
NSW1,2010/2/9 19:30,10563.94,30.86,TRADE
NSW1,2010/2/9 20:00,10488.09,32.59,TRADE
NSW1,2010/2/9 20:30,10181.55,31.7,TRADE
NSW1,2010/2/9 21:00,9770.9,26.39,TRADE
NSW1,2010/2/9 21:30,9609.2,27.41,TRADE
NSW1,2010/2/9 22:00,9267.67,23.66,TRADE
NSW1,2010/2/9 22:30,9101.92,30.16,TRADE
NSW1,2010/2/9 23:00,8785.77,30.04,TRADE
NSW1,2010/2/9 23:30,8511.5,29.95,TRADE
NSW1,2010/2/10 0:00,8256.41,29.95,TRADE
NSW1,2010/2/10 0:30,8038.18,29.79,TRADE
NSW1,2010/2/10 1:00,7824.43,29.01,TRADE
NSW1,2010/2/10 1:30,7485.6,26.89,TRADE
NSW1,2010/2/10 2:00,7200.76,21.02,TRADE
NSW1,2010/2/10 2:30,7013.12,19.89,TRADE
NSW1,2010/2/10 3:00,6961.92,20.27,TRADE
NSW1,2010/2/10 3:30,6929.56,20,TRADE
NSW1,2010/2/10 4:00,6977.31,20.2,TRADE
NSW1,2010/2/10 4:30,7182.55,21.13,TRADE
NSW1,2010/2/10 5:00,7485.65,23.3,TRADE
NSW1,2010/2/10 5:30,8132.36,30.18,TRADE
NSW1,2010/2/10 6:00,8727.25,32.94,TRADE
NSW1,2010/2/10 6:30,9271.57,29.83,TRADE
NSW1,2010/2/10 7:00,9704.29,32.09,TRADE
NSW1,2010/2/10 7:30,10028.72,31.22,TRADE
NSW1,2010/2/10 8:00,10328.03,33.72,TRADE
NSW1,2010/2/10 8:30,10732.93,44.06,TRADE
NSW1,2010/2/10 9:00,10953.03,48.5,TRADE
NSW1,2010/2/10 9:30,11176.27,52.7,TRADE
NSW1,2010/2/10 10:00,11319.95,54.74,TRADE
NSW1,2010/2/10 10:30,11462.95,106.66,TRADE
NSW1,2010/2/10 11:00,11535.38,54.47,TRADE
NSW1,2010/2/10 11:30,11699.08,89.95,TRADE
NSW1,2010/2/10 12:00,11738.57,74.82,TRADE
NSW1,2010/2/10 12:30,11883.78,49.84,TRADE
NSW1,2010/2/10 13:00,12004.93,57.42,TRADE
NSW1,2010/2/10 13:30,12114.76,59.23,TRADE
NSW1,2010/2/10 14:00,12115.08,42.37,TRADE
NSW1,2010/2/10 14:30,12149.94,37.69,TRADE
NSW1,2010/2/10 15:00,12314.32,47.89,TRADE
NSW1,2010/2/10 15:30,12377.18,63.89,TRADE
NSW1,2010/2/10 16:00,12394.02,65.2,TRADE
NSW1,2010/2/10 16:30,12282.27,64.93,TRADE
NSW1,2010/2/10 17:00,12006.64,45.9,TRADE
NSW1,2010/2/10 17:30,11558.82,35.64,TRADE
NSW1,2010/2/10 18:00,11315.56,33.62,TRADE
NSW1,2010/2/10 18:30,10992.43,38.81,TRADE
NSW1,2010/2/10 19:00,10828.78,37.88,TRADE
NSW1,2010/2/10 19:30,10799.16,38.91,TRADE
NSW1,2010/2/10 20:00,10604.73,34.76,TRADE
NSW1,2010/2/10 20:30,10258.8,32.16,TRADE
NSW1,2010/2/10 21:00,9804.54,30.47,TRADE
NSW1,2010/2/10 21:30,9636.19,30.22,TRADE
NSW1,2010/2/10 22:00,9323.02,24.46,TRADE
NSW1,2010/2/10 22:30,9100.93,29.95,TRADE
NSW1,2010/2/10 23:00,8808.34,29.94,TRADE
NSW1,2010/2/10 23:30,8534.46,29.57,TRADE
NSW1,2010/2/11 0:00,8308.77,28.03,TRADE
NSW1,2010/2/11 0:30,7989.93,22.51,TRADE
NSW1,2010/2/11 1:00,7742.62,21.79,TRADE
NSW1,2010/2/11 1:30,7472.49,23.28,TRADE
NSW1,2010/2/11 2:00,7246.87,21.86,TRADE
NSW1,2010/2/11 2:30,7079.58,21.86,TRADE
NSW1,2010/2/11 3:00,6996.08,21.94,TRADE
NSW1,2010/2/11 3:30,6962.71,21.3,TRADE
NSW1,2010/2/11 4:00,6996.97,20.91,TRADE
NSW1,2010/2/11 4:30,7168.22,22.04,TRADE
NSW1,2010/2/11 5:00,7499.66,23.55,TRADE
NSW1,2010/2/11 5:30,8173.11,29.65,TRADE
NSW1,2010/2/11 6:00,8745.27,32.16,TRADE
NSW1,2010/2/11 6:30,9265.7,30.24,TRADE
NSW1,2010/2/11 7:00,9773.05,32.36,TRADE
NSW1,2010/2/11 7:30,10076.07,31.59,TRADE
NSW1,2010/2/11 8:00,10397.07,30.89,TRADE
NSW1,2010/2/11 8:30,10782.73,33.81,TRADE
NSW1,2010/2/11 9:00,11067.12,40.78,TRADE
NSW1,2010/2/11 9:30,11317.61,36.51,TRADE
NSW1,2010/2/11 10:00,11512.99,40.38,TRADE
NSW1,2010/2/11 10:30,11654.95,36.85,TRADE
NSW1,2010/2/11 11:00,11852.25,39.08,TRADE
NSW1,2010/2/11 11:30,11971.65,38.06,TRADE
NSW1,2010/2/11 12:00,12034.98,36.33,TRADE
NSW1,2010/2/11 12:30,12199.94,39.79,TRADE
NSW1,2010/2/11 13:00,12341.88,43.56,TRADE
NSW1,2010/2/11 13:30,12496.27,56.85,TRADE
NSW1,2010/2/11 14:00,12532.6,58.83,TRADE
NSW1,2010/2/11 14:30,12522.12,1997.96,TRADE
NSW1,2010/2/11 15:00,12606.64,1703.49,TRADE
NSW1,2010/2/11 15:30,12572.39,-264.31,TRADE
NSW1,2010/2/11 16:00,12502.65,-147.22,TRADE
NSW1,2010/2/11 16:30,12177.97,30.99,TRADE
NSW1,2010/2/11 17:00,11968.03,54.82,TRADE
NSW1,2010/2/11 17:30,11692.36,28.79,TRADE
NSW1,2010/2/11 18:00,11478.07,29.06,TRADE
NSW1,2010/2/11 18:30,11228.37,30.2,TRADE
NSW1,2010/2/11 19:00,11060.75,31.36,TRADE
NSW1,2010/2/11 19:30,11161.94,35.06,TRADE
NSW1,2010/2/11 20:00,10982.6,34.69,TRADE
NSW1,2010/2/11 20:30,10515.88,31.33,TRADE
NSW1,2010/2/11 21:00,10067.69,29.69,TRADE
NSW1,2010/2/11 21:30,9880,26.88,TRADE
NSW1,2010/2/11 22:00,9394.09,22.97,TRADE
NSW1,2010/2/11 22:30,9281.97,35.41,TRADE
NSW1,2010/2/11 23:00,8961.75,35.88,TRADE
NSW1,2010/2/11 23:30,8637.83,34.49,TRADE
NSW1,2010/2/12 0:00,8371.89,31.65,TRADE
NSW1,2010/2/12 0:30,8165.45,31.61,TRADE
NSW1,2010/2/12 1:00,7934.45,32.5,TRADE
NSW1,2010/2/12 1:30,7581.81,30.29,TRADE
NSW1,2010/2/12 2:00,7321.41,23.79,TRADE
NSW1,2010/2/12 2:30,7185.83,21.43,TRADE
NSW1,2010/2/12 3:00,7111.73,22,TRADE
NSW1,2010/2/12 3:30,7095.4,22,TRADE
NSW1,2010/2/12 4:00,7096.8,22,TRADE
NSW1,2010/2/12 4:30,7286.32,21.98,TRADE
NSW1,2010/2/12 5:00,7609.32,22.64,TRADE
NSW1,2010/2/12 5:30,8201.32,32.4,TRADE
NSW1,2010/2/12 6:00,8773.85,33.66,TRADE
NSW1,2010/2/12 6:30,9319.32,29.15,TRADE
NSW1,2010/2/12 7:00,9864.39,31.03,TRADE
NSW1,2010/2/12 7:30,10225.84,31.33,TRADE
NSW1,2010/2/12 8:00,10523.84,31.86,TRADE
NSW1,2010/2/12 8:30,11033.6,35.48,TRADE
NSW1,2010/2/12 9:00,11344.21,43.4,TRADE
NSW1,2010/2/12 9:30,11649.29,50.45,TRADE
NSW1,2010/2/12 10:00,11872.38,56.77,TRADE
NSW1,2010/2/12 10:30,12103.91,43.71,TRADE
NSW1,2010/2/12 11:00,12331.15,420.76,TRADE
NSW1,2010/2/12 11:30,12507.56,2158.44,TRADE
NSW1,2010/2/12 12:00,12250.04,3162.01,TRADE
NSW1,2010/2/12 12:30,12374.8,871.2,TRADE
NSW1,2010/2/12 13:00,12550.76,2207.49,TRADE
NSW1,2010/2/12 13:30,12702.98,2482.73,TRADE
NSW1,2010/2/12 14:00,12700.37,864.83,TRADE
NSW1,2010/2/12 14:30,12745.06,323.33,TRADE
NSW1,2010/2/12 15:00,13015.84,596.59,TRADE
NSW1,2010/2/12 15:30,13032.78,504.32,TRADE
NSW1,2010/2/12 16:00,13134.81,539.77,TRADE
NSW1,2010/2/12 16:30,12992.26,154.57,TRADE
NSW1,2010/2/12 17:00,12500.48,-57.19,TRADE
NSW1,2010/2/12 17:30,11795.66,28.5,TRADE
NSW1,2010/2/12 18:00,11347.17,27.05,TRADE
NSW1,2010/2/12 18:30,10937.24,30.34,TRADE
NSW1,2010/2/12 19:00,10680.85,33.15,TRADE
NSW1,2010/2/12 19:30,10602.75,34.18,TRADE
NSW1,2010/2/12 20:00,10390.5,32.31,TRADE
NSW1,2010/2/12 20:30,10103.28,31.25,TRADE
NSW1,2010/2/12 21:00,9706.58,24.56,TRADE
NSW1,2010/2/12 21:30,9602.54,23.47,TRADE
NSW1,2010/2/12 22:00,9329.1,22.31,TRADE
NSW1,2010/2/12 22:30,9180.01,26.95,TRADE
NSW1,2010/2/12 23:00,8909.29,28.95,TRADE
NSW1,2010/2/12 23:30,8542.59,29.92,TRADE
NSW1,2010/2/13 0:00,8253.73,25.45,TRADE
NSW1,2010/2/13 0:30,7954.99,23.59,TRADE
NSW1,2010/2/13 1:00,7634.41,22.11,TRADE
NSW1,2010/2/13 1:30,7343.68,22.58,TRADE
NSW1,2010/2/13 2:00,7092.1,21.7,TRADE
NSW1,2010/2/13 2:30,6916.83,21.89,TRADE
NSW1,2010/2/13 3:00,6852.3,21.37,TRADE
NSW1,2010/2/13 3:30,6823.8,20.93,TRADE
NSW1,2010/2/13 4:00,6796.17,18.84,TRADE
NSW1,2010/2/13 4:30,6834.13,19.94,TRADE
NSW1,2010/2/13 5:00,6914.04,20.13,TRADE
NSW1,2010/2/13 5:30,7148.43,21.08,TRADE
NSW1,2010/2/13 6:00,7362.18,21.55,TRADE
NSW1,2010/2/13 6:30,7659.22,21.76,TRADE
NSW1,2010/2/13 7:00,8094.67,22.21,TRADE
NSW1,2010/2/13 7:30,8532.89,22.48,TRADE
NSW1,2010/2/13 8:00,8967.67,23.76,TRADE
NSW1,2010/2/13 8:30,9356.06,26.99,TRADE
NSW1,2010/2/13 9:00,9500.31,29.44,TRADE
NSW1,2010/2/13 9:30,9615.5,30.23,TRADE
NSW1,2010/2/13 10:00,9600.86,30.06,TRADE
NSW1,2010/2/13 10:30,9647.72,30.42,TRADE
NSW1,2010/2/13 11:00,9696.85,30.99,TRADE
NSW1,2010/2/13 11:30,9696.68,30.68,TRADE
NSW1,2010/2/13 12:00,9651.08,30.9,TRADE
NSW1,2010/2/13 12:30,9627.47,29.75,TRADE
NSW1,2010/2/13 13:00,9616.16,28.47,TRADE
NSW1,2010/2/13 13:30,9598.18,29.78,TRADE
NSW1,2010/2/13 14:00,9548.06,29.83,TRADE
NSW1,2010/2/13 14:30,9602.18,30.34,TRADE
NSW1,2010/2/13 15:00,9645.48,34.13,TRADE
NSW1,2010/2/13 15:30,9622.35,32.99,TRADE
NSW1,2010/2/13 16:00,9621.15,32.45,TRADE
NSW1,2010/2/13 16:30,9502.78,33.66,TRADE
NSW1,2010/2/13 17:00,9557.24,33.29,TRADE
NSW1,2010/2/13 17:30,9469.38,29.04,TRADE
NSW1,2010/2/13 18:00,9427.07,26.7,TRADE
NSW1,2010/2/13 18:30,9297.08,25.02,TRADE
NSW1,2010/2/13 19:00,9233.61,24.6,TRADE
NSW1,2010/2/13 19:30,9222.93,27.41,TRADE
NSW1,2010/2/13 20:00,9153.41,29.93,TRADE
NSW1,2010/2/13 20:30,9026.04,29.14,TRADE
NSW1,2010/2/13 21:00,8827.33,24.29,TRADE
NSW1,2010/2/13 21:30,8756.52,23.97,TRADE
NSW1,2010/2/13 22:00,8646.03,22.84,TRADE
NSW1,2010/2/13 22:30,8547.22,29.77,TRADE
NSW1,2010/2/13 23:00,8240.86,27.65,TRADE
NSW1,2010/2/13 23:30,8001.45,26.94,TRADE
NSW1,2010/2/14 0:00,7822.81,26.96,TRADE
NSW1,2010/2/14 0:30,7577.01,23.22,TRADE
NSW1,2010/2/14 1:00,7379.34,22.62,TRADE
NSW1,2010/2/14 1:30,7106.37,21.55,TRADE
NSW1,2010/2/14 2:00,6841.62,21.22,TRADE
NSW1,2010/2/14 2:30,6718.79,21.42,TRADE
NSW1,2010/2/14 3:00,6587.02,20.75,TRADE
NSW1,2010/2/14 3:30,6505.16,19.64,TRADE
NSW1,2010/2/14 4:00,6517.74,19.77,TRADE
NSW1,2010/2/14 4:30,6590.21,19.9,TRADE
NSW1,2010/2/14 5:00,6650.28,20.2,TRADE
NSW1,2010/2/14 5:30,6790.28,19.63,TRADE
NSW1,2010/2/14 6:00,6902.68,20.79,TRADE
NSW1,2010/2/14 6:30,7133.57,20.47,TRADE
NSW1,2010/2/14 7:00,7456.17,20.48,TRADE
NSW1,2010/2/14 7:30,7852.75,21.28,TRADE
NSW1,2010/2/14 8:00,8203.03,22.02,TRADE
NSW1,2010/2/14 8:30,8622.15,22.81,TRADE
NSW1,2010/2/14 9:00,8947,23.6,TRADE
NSW1,2010/2/14 9:30,9162.2,28.37,TRADE
NSW1,2010/2/14 10:00,9299.79,29.95,TRADE
NSW1,2010/2/14 10:30,9435.45,29.98,TRADE
NSW1,2010/2/14 11:00,9482.19,30.13,TRADE
NSW1,2010/2/14 11:30,9526.94,30.03,TRADE
NSW1,2010/2/14 12:00,9535.86,30.07,TRADE
NSW1,2010/2/14 12:30,9498.64,30.1,TRADE
NSW1,2010/2/14 13:00,9460.17,30.19,TRADE
NSW1,2010/2/14 13:30,9386.24,30.55,TRADE
NSW1,2010/2/14 14:00,9328.22,30.83,TRADE
NSW1,2010/2/14 14:30,9326.5,31.86,TRADE
NSW1,2010/2/14 15:00,9440.29,41.35,TRADE
NSW1,2010/2/14 15:30,9562.45,38.68,TRADE
NSW1,2010/2/14 16:00,9694.13,43.26,TRADE
NSW1,2010/2/14 16:30,9619.85,37.32,TRADE
NSW1,2010/2/14 17:00,9719.52,36.56,TRADE
NSW1,2010/2/14 17:30,9686.95,32.13,TRADE
NSW1,2010/2/14 18:00,9673.19,31.2,TRADE
NSW1,2010/2/14 18:30,9540.81,29.97,TRADE
NSW1,2010/2/14 19:00,9393.04,29.94,TRADE
NSW1,2010/2/14 19:30,9378.99,29.95,TRADE
NSW1,2010/2/14 20:00,9232.66,29.27,TRADE
NSW1,2010/2/14 20:30,8949.51,26.06,TRADE
NSW1,2010/2/14 21:00,8693.54,22.65,TRADE
NSW1,2010/2/14 21:30,8523,21.83,TRADE
NSW1,2010/2/14 22:00,8309.35,21.67,TRADE
NSW1,2010/2/14 22:30,8141.25,23.56,TRADE
NSW1,2010/2/14 23:00,7887.67,23.03,TRADE
NSW1,2010/2/14 23:30,7709.58,22.17,TRADE
NSW1,2010/2/15 0:00,7560.14,25.51,TRADE
NSW1,2010/2/15 0:30,7397.15,23.12,TRADE
NSW1,2010/2/15 1:00,7286.79,21.96,TRADE
NSW1,2010/2/15 1:30,7047.01,22.25,TRADE
NSW1,2010/2/15 2:00,6841.57,22,TRADE
NSW1,2010/2/15 2:30,6766.26,21.98,TRADE
NSW1,2010/2/15 3:00,6709.39,21.85,TRADE
NSW1,2010/2/15 3:30,6743.46,21.86,TRADE
NSW1,2010/2/15 4:00,6816.73,21.7,TRADE
NSW1,2010/2/15 4:30,7057.25,22.07,TRADE
NSW1,2010/2/15 5:00,7429.24,22.35,TRADE
NSW1,2010/2/15 5:30,8038.69,22.41,TRADE
NSW1,2010/2/15 6:00,8654.98,23.05,TRADE
NSW1,2010/2/15 6:30,9166.2,25.09,TRADE
NSW1,2010/2/15 7:00,9608.47,29.82,TRADE
NSW1,2010/2/15 7:30,9828.23,27.19,TRADE
NSW1,2010/2/15 8:00,10061.02,24.53,TRADE
NSW1,2010/2/15 8:30,10333.77,28.12,TRADE
NSW1,2010/2/15 9:00,10606.28,30.14,TRADE
NSW1,2010/2/15 9:30,10806.11,32.13,TRADE
NSW1,2010/2/15 10:00,10906.13,40.74,TRADE
NSW1,2010/2/15 10:30,10917.34,40.25,TRADE
NSW1,2010/2/15 11:00,11043.54,40.43,TRADE
NSW1,2010/2/15 11:30,11098.33,38.87,TRADE
NSW1,2010/2/15 12:00,11238.1,44.75,TRADE
NSW1,2010/2/15 12:30,11348.64,48.75,TRADE
NSW1,2010/2/15 13:00,11391.17,46.11,TRADE
NSW1,2010/2/15 13:30,11575.5,50.88,TRADE
NSW1,2010/2/15 14:00,11686.24,51.56,TRADE
NSW1,2010/2/15 14:30,11680.15,51.1,TRADE
NSW1,2010/2/15 15:00,11894.73,50.66,TRADE
NSW1,2010/2/15 15:30,11965.73,64.3,TRADE
NSW1,2010/2/15 16:00,12043.83,69.34,TRADE
NSW1,2010/2/15 16:30,11979.07,61.93,TRADE
NSW1,2010/2/15 17:00,11786.04,45.91,TRADE
NSW1,2010/2/15 17:30,11446.39,34.5,TRADE
NSW1,2010/2/15 18:00,11188.57,31.55,TRADE
NSW1,2010/2/15 18:30,10861.97,28.01,TRADE
NSW1,2010/2/15 19:00,10555.43,25.86,TRADE
NSW1,2010/2/15 19:30,10575.22,28.93,TRADE
NSW1,2010/2/15 20:00,10382.76,28.18,TRADE
NSW1,2010/2/15 20:30,9950.35,26.07,TRADE
NSW1,2010/2/15 21:00,9542.02,22.79,TRADE
NSW1,2010/2/15 21:30,9293.97,21.73,TRADE
NSW1,2010/2/15 22:00,8916.18,21.02,TRADE
NSW1,2010/2/15 22:30,8657.24,22.16,TRADE
NSW1,2010/2/15 23:00,8425.26,22.48,TRADE
NSW1,2010/2/15 23:30,8175.01,22.32,TRADE
NSW1,2010/2/16 0:00,7940.79,21.72,TRADE
NSW1,2010/2/16 0:30,7692.32,21.67,TRADE
NSW1,2010/2/16 1:00,7449.33,20.15,TRADE
NSW1,2010/2/16 1:30,7165.13,19.28,TRADE
NSW1,2010/2/16 2:00,6892.69,15.87,TRADE
NSW1,2010/2/16 2:30,6729.16,15.23,TRADE
NSW1,2010/2/16 3:00,6663.15,16.65,TRADE
NSW1,2010/2/16 3:30,6658.76,16.46,TRADE
NSW1,2010/2/16 4:00,6686.76,17.02,TRADE
NSW1,2010/2/16 4:30,6877.41,18.26,TRADE
NSW1,2010/2/16 5:00,7185.5,20.03,TRADE
NSW1,2010/2/16 5:30,7808.53,21.81,TRADE
NSW1,2010/2/16 6:00,8389.52,23.03,TRADE
NSW1,2010/2/16 6:30,8917.36,22.95,TRADE
NSW1,2010/2/16 7:00,9323.35,27.16,TRADE
NSW1,2010/2/16 7:30,9504.36,27.74,TRADE
NSW1,2010/2/16 8:00,9689.25,24.53,TRADE
NSW1,2010/2/16 8:30,10007.26,29.46,TRADE
NSW1,2010/2/16 9:00,10151.35,29.95,TRADE
NSW1,2010/2/16 9:30,10251.7,30.01,TRADE
NSW1,2010/2/16 10:00,10321.82,29.95,TRADE
NSW1,2010/2/16 10:30,10353.71,29.95,TRADE
NSW1,2010/2/16 11:00,10415.09,29.92,TRADE
NSW1,2010/2/16 11:30,10399.31,29.93,TRADE
NSW1,2010/2/16 12:00,10366.18,29.95,TRADE
NSW1,2010/2/16 12:30,10342.56,30.75,TRADE
NSW1,2010/2/16 13:00,10447.04,38.2,TRADE
NSW1,2010/2/16 13:30,10450.24,32.7,TRADE
NSW1,2010/2/16 14:00,10436.25,29.79,TRADE
NSW1,2010/2/16 14:30,10381.44,28.47,TRADE
NSW1,2010/2/16 15:00,10400.1,28.39,TRADE
NSW1,2010/2/16 15:30,10397.99,29.93,TRADE
NSW1,2010/2/16 16:00,10381.17,29.95,TRADE
NSW1,2010/2/16 16:30,10270.31,29.96,TRADE
NSW1,2010/2/16 17:00,10164.68,29.03,TRADE
NSW1,2010/2/16 17:30,9823.37,27.42,TRADE
NSW1,2010/2/16 18:00,9621.8,23.51,TRADE
NSW1,2010/2/16 18:30,9351.04,22.62,TRADE
NSW1,2010/2/16 19:00,9226.97,22.14,TRADE
NSW1,2010/2/16 19:30,9296.04,22.74,TRADE
NSW1,2010/2/16 20:00,9213.49,22.58,TRADE
NSW1,2010/2/16 20:30,8944.05,22.34,TRADE
NSW1,2010/2/16 21:00,8637.37,21.28,TRADE
NSW1,2010/2/16 21:30,8603.69,21.88,TRADE
NSW1,2010/2/16 22:00,8394.68,21.65,TRADE
NSW1,2010/2/16 22:30,8131.1,23.99,TRADE
NSW1,2010/2/16 23:00,7988.98,23.53,TRADE
NSW1,2010/2/16 23:30,7763.63,23.21,TRADE
NSW1,2010/2/17 0:00,7659,22.02,TRADE
NSW1,2010/2/17 0:30,7466.74,21.84,TRADE
NSW1,2010/2/17 1:00,7255.52,21.99,TRADE
NSW1,2010/2/17 1:30,6978.17,21.69,TRADE
NSW1,2010/2/17 2:00,6705.5,19.91,TRADE
NSW1,2010/2/17 2:30,6537.39,18.32,TRADE
NSW1,2010/2/17 3:00,6462.08,14.95,TRADE
NSW1,2010/2/17 3:30,6475.65,19.18,TRADE
NSW1,2010/2/17 4:00,6541.44,18.5,TRADE
NSW1,2010/2/17 4:30,6794.45,20.14,TRADE
NSW1,2010/2/17 5:00,7081.06,20.18,TRADE
NSW1,2010/2/17 5:30,7723.21,22.18,TRADE
NSW1,2010/2/17 6:00,8268.85,22.94,TRADE
NSW1,2010/2/17 6:30,8712.53,24.61,TRADE
NSW1,2010/2/17 7:00,9156.29,22.97,TRADE
NSW1,2010/2/17 7:30,9344.62,22.16,TRADE
NSW1,2010/2/17 8:00,9505.38,22.04,TRADE
NSW1,2010/2/17 8:30,9789.9,22,TRADE
NSW1,2010/2/17 9:00,10028.13,22.52,TRADE
NSW1,2010/2/17 9:30,10192.11,22.97,TRADE
NSW1,2010/2/17 10:00,10270.86,22.97,TRADE
NSW1,2010/2/17 10:30,10300.13,24.26,TRADE
NSW1,2010/2/17 11:00,10379.1,25.02,TRADE
NSW1,2010/2/17 11:30,10359.93,25.4,TRADE
NSW1,2010/2/17 12:00,10305.31,27.19,TRADE
NSW1,2010/2/17 12:30,10337.31,26.58,TRADE
NSW1,2010/2/17 13:00,10370.16,28.81,TRADE
NSW1,2010/2/17 13:30,10452.82,29.6,TRADE
NSW1,2010/2/17 14:00,10459.03,28.7,TRADE
NSW1,2010/2/17 14:30,10484.02,25.17,TRADE
NSW1,2010/2/17 15:00,10531.55,27.3,TRADE
NSW1,2010/2/17 15:30,10574.02,27.71,TRADE
NSW1,2010/2/17 16:00,10621.94,25.73,TRADE
NSW1,2010/2/17 16:30,10529.97,25.03,TRADE
NSW1,2010/2/17 17:00,10339.14,23.77,TRADE
NSW1,2010/2/17 17:30,10008.19,22.64,TRADE
NSW1,2010/2/17 18:00,9723.66,22,TRADE
NSW1,2010/2/17 18:30,9455.25,21.79,TRADE
NSW1,2010/2/17 19:00,9298.91,22,TRADE
NSW1,2010/2/17 19:30,9411.67,22,TRADE
NSW1,2010/2/17 20:00,9322.42,22.1,TRADE
NSW1,2010/2/17 20:30,9097.02,21.65,TRADE
NSW1,2010/2/17 21:00,8705.14,21.69,TRADE
NSW1,2010/2/17 21:30,8648.79,21.75,TRADE
NSW1,2010/2/17 22:00,8426.71,20.23,TRADE
NSW1,2010/2/17 22:30,8312.18,21.92,TRADE
NSW1,2010/2/17 23:00,8127.25,22.63,TRADE
NSW1,2010/2/17 23:30,7950.67,22.29,TRADE
NSW1,2010/2/18 0:00,7697.43,21.99,TRADE
NSW1,2010/2/18 0:30,7496.7,21.23,TRADE
NSW1,2010/2/18 1:00,7321.05,18.32,TRADE
NSW1,2010/2/18 1:30,6995.93,19.14,TRADE
NSW1,2010/2/18 2:00,6747.23,17.52,TRADE
NSW1,2010/2/18 2:30,6586.33,10.75,TRADE
NSW1,2010/2/18 3:00,6527.05,11.69,TRADE
NSW1,2010/2/18 3:30,6526.25,12.41,TRADE
NSW1,2010/2/18 4:00,6577.94,14.38,TRADE
NSW1,2010/2/18 4:30,6796.52,19.4,TRADE
NSW1,2010/2/18 5:00,7120.29,21.11,TRADE
NSW1,2010/2/18 5:30,7736.13,24.28,TRADE
NSW1,2010/2/18 6:00,8300.14,24.22,TRADE
NSW1,2010/2/18 6:30,8756.42,26.97,TRADE
NSW1,2010/2/18 7:00,9177.71,23.28,TRADE
NSW1,2010/2/18 7:30,9372.12,22.77,TRADE
NSW1,2010/2/18 8:00,9588.28,22.62,TRADE
NSW1,2010/2/18 8:30,9784.91,22.78,TRADE
NSW1,2010/2/18 9:00,9865.21,22.92,TRADE
NSW1,2010/2/18 9:30,9987.65,22.97,TRADE
NSW1,2010/2/18 10:00,10022.23,22.97,TRADE
NSW1,2010/2/18 10:30,9988.86,22.9,TRADE
NSW1,2010/2/18 11:00,10000.5,22.92,TRADE
NSW1,2010/2/18 11:30,10054.59,22.97,TRADE
NSW1,2010/2/18 12:00,10036.42,22.97,TRADE
NSW1,2010/2/18 12:30,10069.16,22.98,TRADE
NSW1,2010/2/18 13:00,10108.81,25.68,TRADE
NSW1,2010/2/18 13:30,10137.62,27.85,TRADE
NSW1,2010/2/18 14:00,10150.35,27.85,TRADE
NSW1,2010/2/18 14:30,10078.79,29.18,TRADE
NSW1,2010/2/18 15:00,10104.65,29.75,TRADE
NSW1,2010/2/18 15:30,10108.75,29.82,TRADE
NSW1,2010/2/18 16:00,10049.68,29.95,TRADE
NSW1,2010/2/18 16:30,9984.42,28.85,TRADE
NSW1,2010/2/18 17:00,9899.01,25.34,TRADE
NSW1,2010/2/18 17:30,9695.91,23.55,TRADE
NSW1,2010/2/18 18:00,9509.18,22.84,TRADE
NSW1,2010/2/18 18:30,9352.15,22.5,TRADE
NSW1,2010/2/18 19:00,9294.84,23.24,TRADE
NSW1,2010/2/18 19:30,9379.84,23.85,TRADE
NSW1,2010/2/18 20:00,9316.58,23.44,TRADE
NSW1,2010/2/18 20:30,8954.75,21.89,TRADE
NSW1,2010/2/18 21:00,8605.27,21.54,TRADE
NSW1,2010/2/18 21:30,8549.67,21.68,TRADE
NSW1,2010/2/18 22:00,8342.26,21.34,TRADE
NSW1,2010/2/18 22:30,8276.57,22.26,TRADE
NSW1,2010/2/18 23:00,8109.21,22.29,TRADE
NSW1,2010/2/18 23:30,7921.55,22.12,TRADE
NSW1,2010/2/19 0:00,7772.25,22,TRADE
NSW1,2010/2/19 0:30,7552.54,21.67,TRADE
NSW1,2010/2/19 1:00,7367.71,21.01,TRADE
NSW1,2010/2/19 1:30,7080.94,20.41,TRADE
NSW1,2010/2/19 2:00,6792.86,16.1,TRADE
NSW1,2010/2/19 2:30,6640.21,14.8,TRADE
NSW1,2010/2/19 3:00,6535.26,14.08,TRADE
NSW1,2010/2/19 3:30,6538.23,15.01,TRADE
NSW1,2010/2/19 4:00,6598.25,17.95,TRADE
NSW1,2010/2/19 4:30,6848.25,19.92,TRADE
NSW1,2010/2/19 5:00,7169.09,21.36,TRADE
NSW1,2010/2/19 5:30,7763.58,28.1,TRADE
NSW1,2010/2/19 6:00,8353.31,30.04,TRADE
NSW1,2010/2/19 6:30,8778.05,26.34,TRADE
NSW1,2010/2/19 7:00,9209.08,29.98,TRADE
NSW1,2010/2/19 7:30,9441.28,24.22,TRADE
NSW1,2010/2/19 8:00,9563.68,23.49,TRADE
NSW1,2010/2/19 8:30,9824.07,26.36,TRADE
NSW1,2010/2/19 9:00,9970.05,28.34,TRADE
NSW1,2010/2/19 9:30,10052.49,29.37,TRADE
NSW1,2010/2/19 10:00,10085.72,29.95,TRADE
NSW1,2010/2/19 10:30,10092.28,29.92,TRADE
NSW1,2010/2/19 11:00,10062.63,29.95,TRADE
NSW1,2010/2/19 11:30,10077.64,29.8,TRADE
NSW1,2010/2/19 12:00,10115.39,31.65,TRADE
NSW1,2010/2/19 12:30,10138.04,34.51,TRADE
NSW1,2010/2/19 13:00,10114.05,36.99,TRADE
NSW1,2010/2/19 13:30,10113.58,39.43,TRADE
NSW1,2010/2/19 14:00,10100.23,38.64,TRADE
NSW1,2010/2/19 14:30,10056.81,33.45,TRADE
NSW1,2010/2/19 15:00,10127.56,28.1,TRADE
NSW1,2010/2/19 15:30,10027.93,22.66,TRADE
NSW1,2010/2/19 16:00,10084.55,22.97,TRADE
NSW1,2010/2/19 16:30,9930.31,22.97,TRADE
NSW1,2010/2/19 17:00,9782.06,22.8,TRADE
NSW1,2010/2/19 17:30,9489.73,23.25,TRADE
NSW1,2010/2/19 18:00,9272.53,22,TRADE
NSW1,2010/2/19 18:30,9089.73,22,TRADE
NSW1,2010/2/19 19:00,9037.52,22,TRADE
NSW1,2010/2/19 19:30,9126.12,22,TRADE
NSW1,2010/2/19 20:00,9053.94,22,TRADE
NSW1,2010/2/19 20:30,8788.53,22,TRADE
NSW1,2010/2/19 21:00,8529.89,21.97,TRADE
NSW1,2010/2/19 21:30,8612.82,22.46,TRADE
NSW1,2010/2/19 22:00,8607.04,21.47,TRADE
NSW1,2010/2/19 22:30,8524.58,22.95,TRADE
NSW1,2010/2/19 23:00,8346.29,22.33,TRADE
NSW1,2010/2/19 23:30,8146.69,23.01,TRADE
NSW1,2010/2/20 0:00,7925.49,21.13,TRADE
NSW1,2010/2/20 0:30,7682.7,21.3,TRADE
NSW1,2010/2/20 1:00,7400.89,20.37,TRADE
NSW1,2010/2/20 1:30,7103.89,17.4,TRADE
NSW1,2010/2/20 2:00,6804.22,12.31,TRADE
NSW1,2010/2/20 2:30,6652.54,10.84,TRADE
NSW1,2010/2/20 3:00,6552.65,12.32,TRADE
NSW1,2010/2/20 3:30,6509.97,10.29,TRADE
NSW1,2010/2/20 4:00,6521.48,10.42,TRADE
NSW1,2010/2/20 4:30,6611.81,11.55,TRADE
NSW1,2010/2/20 5:00,6660.92,10.05,TRADE
NSW1,2010/2/20 5:30,6900.42,17.24,TRADE
NSW1,2010/2/20 6:00,7019.28,20.03,TRADE
NSW1,2010/2/20 6:30,7305.36,20.17,TRADE
NSW1,2010/2/20 7:00,7770.38,21.89,TRADE
NSW1,2010/2/20 7:30,8137.01,21.84,TRADE
NSW1,2010/2/20 8:00,8500.22,22.36,TRADE
NSW1,2010/2/20 8:30,8947.32,22.55,TRADE
NSW1,2010/2/20 9:00,9132.78,22.37,TRADE
NSW1,2010/2/20 9:30,9297.72,22,TRADE
NSW1,2010/2/20 10:00,9315.54,21.96,TRADE
NSW1,2010/2/20 10:30,9359.31,22,TRADE
NSW1,2010/2/20 11:00,9400.22,21.96,TRADE
NSW1,2010/2/20 11:30,9422.61,22.33,TRADE
NSW1,2010/2/20 12:00,9357.56,22.2,TRADE
NSW1,2010/2/20 12:30,9425.76,22.04,TRADE
NSW1,2010/2/20 13:00,9461.23,23.28,TRADE
NSW1,2010/2/20 13:30,9497.07,22.55,TRADE
NSW1,2010/2/20 14:00,9553.7,22.74,TRADE
NSW1,2010/2/20 14:30,9580.21,22.1,TRADE
NSW1,2010/2/20 15:00,9644.95,23.08,TRADE
NSW1,2010/2/20 15:30,9724.24,24.06,TRADE
NSW1,2010/2/20 16:00,9721.56,23.68,TRADE
NSW1,2010/2/20 16:30,9553.18,23.25,TRADE
NSW1,2010/2/20 17:00,9577.93,23.16,TRADE
NSW1,2010/2/20 17:30,9463.01,22.39,TRADE
NSW1,2010/2/20 18:00,9344.02,22.03,TRADE
NSW1,2010/2/20 18:30,9074.22,21.98,TRADE
NSW1,2010/2/20 19:00,9065.71,22.12,TRADE
NSW1,2010/2/20 19:30,9247.82,24.45,TRADE
NSW1,2010/2/20 20:00,9145.12,23.29,TRADE
NSW1,2010/2/20 20:30,8952,22.44,TRADE
NSW1,2010/2/20 21:00,8739.15,21.95,TRADE
NSW1,2010/2/20 21:30,8640.93,22,TRADE
NSW1,2010/2/20 22:00,8503.86,21.88,TRADE
NSW1,2010/2/20 22:30,8343.96,21.46,TRADE
NSW1,2010/2/20 23:00,8104.11,20.62,TRADE
NSW1,2010/2/20 23:30,7811.68,21.61,TRADE
NSW1,2010/2/21 0:00,7602.94,21.65,TRADE
NSW1,2010/2/21 0:30,7433.86,20.52,TRADE
NSW1,2010/2/21 1:00,7161.54,19.73,TRADE
NSW1,2010/2/21 1:30,6903.43,20.4,TRADE
NSW1,2010/2/21 2:00,6688.07,17.92,TRADE
NSW1,2010/2/21 2:30,6553.51,15.96,TRADE
NSW1,2010/2/21 3:00,6524.08,15.69,TRADE
NSW1,2010/2/21 3:30,6462.58,17.25,TRADE
NSW1,2010/2/21 4:00,6510.32,15.81,TRADE
NSW1,2010/2/21 4:30,6492.7,14.59,TRADE
NSW1,2010/2/21 5:00,6552.59,14.41,TRADE
NSW1,2010/2/21 5:30,6643.77,17.11,TRADE
NSW1,2010/2/21 6:00,6713.75,17.25,TRADE
NSW1,2010/2/21 6:30,6914.72,16.63,TRADE
NSW1,2010/2/21 7:00,7166.96,20.14,TRADE
NSW1,2010/2/21 7:30,7588.42,20.38,TRADE
NSW1,2010/2/21 8:00,7980.97,21.2,TRADE
NSW1,2010/2/21 8:30,8334.35,22.38,TRADE
NSW1,2010/2/21 9:00,8642.04,22.56,TRADE
NSW1,2010/2/21 9:30,8999.45,22.52,TRADE
NSW1,2010/2/21 10:00,9144.69,22.66,TRADE
NSW1,2010/2/21 10:30,9316.82,24.22,TRADE
NSW1,2010/2/21 11:00,9482.37,26.95,TRADE
NSW1,2010/2/21 11:30,9703.94,28.42,TRADE
NSW1,2010/2/21 12:00,9849.83,29.53,TRADE
NSW1,2010/2/21 12:30,9943.43,29.75,TRADE
NSW1,2010/2/21 13:00,10170.86,29.95,TRADE
NSW1,2010/2/21 13:30,10255.29,31.37,TRADE
NSW1,2010/2/21 14:00,10447.43,33.69,TRADE
NSW1,2010/2/21 14:30,10603.32,32.8,TRADE
NSW1,2010/2/21 15:00,10782.52,37.2,TRADE
NSW1,2010/2/21 15:30,10851.85,40.93,TRADE
NSW1,2010/2/21 16:00,10932.61,40.13,TRADE
NSW1,2010/2/21 16:30,10950,37.83,TRADE
NSW1,2010/2/21 17:00,10992,36.03,TRADE
NSW1,2010/2/21 17:30,10923.77,33.38,TRADE
NSW1,2010/2/21 18:00,10813.96,32.4,TRADE
NSW1,2010/2/21 18:30,10508.58,30.29,TRADE
NSW1,2010/2/21 19:00,10409.74,31.03,TRADE
NSW1,2010/2/21 19:30,10522.14,31.85,TRADE
NSW1,2010/2/21 20:00,10348.14,30.96,TRADE
NSW1,2010/2/21 20:30,10045.11,27.96,TRADE
NSW1,2010/2/21 21:00,9632.49,23.89,TRADE
NSW1,2010/2/21 21:30,9209.64,21.65,TRADE
NSW1,2010/2/21 22:00,8785.04,21.41,TRADE
NSW1,2010/2/21 22:30,8499.87,22.76,TRADE
NSW1,2010/2/21 23:00,8155.1,21.44,TRADE
NSW1,2010/2/21 23:30,7919.18,21.98,TRADE
NSW1,2010/2/22 0:00,7791.33,21.37,TRADE
NSW1,2010/2/22 0:30,7533.98,21.25,TRADE
NSW1,2010/2/22 1:00,7325.2,20.74,TRADE
NSW1,2010/2/22 1:30,7085.68,21.41,TRADE
NSW1,2010/2/22 2:00,6929.32,19.89,TRADE
NSW1,2010/2/22 2:30,6860.79,19.73,TRADE
NSW1,2010/2/22 3:00,6771.53,16.76,TRADE
NSW1,2010/2/22 3:30,6826.39,17.26,TRADE
NSW1,2010/2/22 4:00,6879.35,17.95,TRADE
NSW1,2010/2/22 4:30,7145.36,20.35,TRADE
NSW1,2010/2/22 5:00,7422.35,21.35,TRADE
NSW1,2010/2/22 5:30,8015.84,26.74,TRADE
NSW1,2010/2/22 6:00,8634,29.95,TRADE
NSW1,2010/2/22 6:30,9208.67,27.88,TRADE
NSW1,2010/2/22 7:00,9758.48,33.47,TRADE
NSW1,2010/2/22 7:30,10153.97,28.14,TRADE
NSW1,2010/2/22 8:00,10522.78,28.69,TRADE
NSW1,2010/2/22 8:30,10943.71,30.09,TRADE
NSW1,2010/2/22 9:00,11178.28,31.11,TRADE
NSW1,2010/2/22 9:30,11418,32.96,TRADE
NSW1,2010/2/22 10:00,11594.69,49.24,TRADE
NSW1,2010/2/22 10:30,11732.01,52.95,TRADE
NSW1,2010/2/22 11:00,12001.75,58.31,TRADE
NSW1,2010/2/22 11:30,12180.08,55.2,TRADE
NSW1,2010/2/22 12:00,12343.86,52.51,TRADE
NSW1,2010/2/22 12:30,12576.18,81.2,TRADE
NSW1,2010/2/22 13:00,12702.99,89.58,TRADE
NSW1,2010/2/22 13:30,12864.87,106.07,TRADE
NSW1,2010/2/22 14:00,12901.04,89.97,TRADE
NSW1,2010/2/22 14:30,13003.64,89.97,TRADE
NSW1,2010/2/22 15:00,13161.39,122.16,TRADE
NSW1,2010/2/22 15:30,13377.27,69.75,TRADE
NSW1,2010/2/22 16:00,13343.06,8345.79,TRADE
NSW1,2010/2/22 16:30,13375.52,21.51,TRADE
NSW1,2010/2/22 17:00,13205.13,93.51,TRADE
NSW1,2010/2/22 17:30,12818.45,55.19,TRADE
NSW1,2010/2/22 18:00,12530.01,45.71,TRADE
NSW1,2010/2/22 18:30,12117.16,47.61,TRADE
NSW1,2010/2/22 19:00,11919.17,35.73,TRADE
NSW1,2010/2/22 19:30,11942.75,40.37,TRADE
NSW1,2010/2/22 20:00,11752.31,40.98,TRADE
NSW1,2010/2/22 20:30,11355.45,32.82,TRADE
NSW1,2010/2/22 21:00,10847.57,28.61,TRADE
NSW1,2010/2/22 21:30,10471.91,23.61,TRADE
NSW1,2010/2/22 22:00,9958.45,21.56,TRADE
NSW1,2010/2/22 22:30,9538.8,21.36,TRADE
NSW1,2010/2/22 23:00,9190.97,21.94,TRADE
NSW1,2010/2/22 23:30,8844.52,22.31,TRADE
NSW1,2010/2/23 0:00,8582.47,21.79,TRADE
NSW1,2010/2/23 0:30,8308.28,22.11,TRADE
NSW1,2010/2/23 1:00,8031.28,22,TRADE
NSW1,2010/2/23 1:30,7663.74,23.85,TRADE
NSW1,2010/2/23 2:00,7383.05,21.56,TRADE
NSW1,2010/2/23 2:30,7241.69,20.45,TRADE
NSW1,2010/2/23 3:00,7139.66,19.94,TRADE
NSW1,2010/2/23 3:30,7096.65,17.72,TRADE
NSW1,2010/2/23 4:00,7154.99,20.32,TRADE
NSW1,2010/2/23 4:30,7364.43,21.61,TRADE
NSW1,2010/2/23 5:00,7663.4,22.1,TRADE
NSW1,2010/2/23 5:30,8329.34,27.38,TRADE
NSW1,2010/2/23 6:00,8850.77,29.07,TRADE
NSW1,2010/2/23 6:30,9380.1,29.1,TRADE
NSW1,2010/2/23 7:00,9956.29,44.99,TRADE
NSW1,2010/2/23 7:30,10273.96,31.09,TRADE
NSW1,2010/2/23 8:00,10598.58,30.16,TRADE
NSW1,2010/2/23 8:30,11053.89,31.61,TRADE
NSW1,2010/2/23 9:00,11272.72,33.1,TRADE
NSW1,2010/2/23 9:30,11464,33.02,TRADE
NSW1,2010/2/23 10:00,11560.56,36.16,TRADE
NSW1,2010/2/23 10:30,11492.66,34.01,TRADE
NSW1,2010/2/23 11:00,11505.38,37.32,TRADE
NSW1,2010/2/23 11:30,11563.93,31.98,TRADE
NSW1,2010/2/23 12:00,11485.21,30.22,TRADE
NSW1,2010/2/23 12:30,11452.32,35.39,TRADE
NSW1,2010/2/23 13:00,11424.73,48.7,TRADE
NSW1,2010/2/23 13:30,11340.09,49.11,TRADE
NSW1,2010/2/23 14:00,11184.57,44.78,TRADE
NSW1,2010/2/23 14:30,11037.36,34.35,TRADE
NSW1,2010/2/23 15:00,10860.81,37.07,TRADE
NSW1,2010/2/23 15:30,10766.97,38.06,TRADE
NSW1,2010/2/23 16:00,10668.12,38.19,TRADE
NSW1,2010/2/23 16:30,10537.51,32.41,TRADE
NSW1,2010/2/23 17:00,10301.67,31.27,TRADE
NSW1,2010/2/23 17:30,9962.3,29.74,TRADE
NSW1,2010/2/23 18:00,9792.51,27.59,TRADE
NSW1,2010/2/23 18:30,9529.54,23.4,TRADE
NSW1,2010/2/23 19:00,9468.03,23.47,TRADE
NSW1,2010/2/23 19:30,9421.15,26.65,TRADE
NSW1,2010/2/23 20:00,9282.3,26.04,TRADE
NSW1,2010/2/23 20:30,8983.13,23.43,TRADE
NSW1,2010/2/23 21:00,8760.94,22.07,TRADE
NSW1,2010/2/23 21:30,8748.85,21.48,TRADE
NSW1,2010/2/23 22:00,8484.74,20.98,TRADE
NSW1,2010/2/23 22:30,8326.37,21.94,TRADE
NSW1,2010/2/23 23:00,8174.69,22.26,TRADE
NSW1,2010/2/23 23:30,7951.03,22.49,TRADE
NSW1,2010/2/24 0:00,7741.69,21.81,TRADE
NSW1,2010/2/24 0:30,7561.54,22,TRADE
NSW1,2010/2/24 1:00,7342.49,22.13,TRADE
NSW1,2010/2/24 1:30,7080.02,22.4,TRADE
NSW1,2010/2/24 2:00,6848.63,20.86,TRADE
NSW1,2010/2/24 2:30,6700.9,19.89,TRADE
NSW1,2010/2/24 3:00,6640.7,20,TRADE
NSW1,2010/2/24 3:30,6651.37,19.99,TRADE
NSW1,2010/2/24 4:00,6737.51,20.06,TRADE
NSW1,2010/2/24 4:30,6941.85,20.81,TRADE
NSW1,2010/2/24 5:00,7245.16,21.98,TRADE
NSW1,2010/2/24 5:30,7941.81,28.31,TRADE
NSW1,2010/2/24 6:00,8542.33,29.95,TRADE
NSW1,2010/2/24 6:30,8929.35,29.34,TRADE
NSW1,2010/2/24 7:00,9334.6,31.22,TRADE
NSW1,2010/2/24 7:30,9502.49,28.05,TRADE
NSW1,2010/2/24 8:00,9659.71,27.82,TRADE
NSW1,2010/2/24 8:30,9903.34,28.34,TRADE
NSW1,2010/2/24 9:00,9997.49,28.17,TRADE
NSW1,2010/2/24 9:30,10015.85,28.96,TRADE
NSW1,2010/2/24 10:00,10093.64,28.59,TRADE
NSW1,2010/2/24 10:30,10085.44,29.04,TRADE
NSW1,2010/2/24 11:00,10103.82,29.88,TRADE
NSW1,2010/2/24 11:30,10091.57,29.67,TRADE
NSW1,2010/2/24 12:00,10023.56,29.48,TRADE
NSW1,2010/2/24 12:30,10050.29,29.18,TRADE
NSW1,2010/2/24 13:00,10022.28,29.16,TRADE
NSW1,2010/2/24 13:30,10060.98,29.2,TRADE
NSW1,2010/2/24 14:00,10051.76,27.47,TRADE
NSW1,2010/2/24 14:30,10032.67,27.3,TRADE
NSW1,2010/2/24 15:00,10049.86,25.34,TRADE
NSW1,2010/2/24 15:30,10048.88,24.95,TRADE
NSW1,2010/2/24 16:00,10035.17,26.36,TRADE
NSW1,2010/2/24 16:30,9987.06,26.32,TRADE
NSW1,2010/2/24 17:00,9828.3,24.4,TRADE
NSW1,2010/2/24 17:30,9524.89,23.12,TRADE
NSW1,2010/2/24 18:00,9420.2,22.12,TRADE
NSW1,2010/2/24 18:30,9237.38,22,TRADE
NSW1,2010/2/24 19:00,9182.34,21.99,TRADE
NSW1,2010/2/24 19:30,9280.73,22.37,TRADE
NSW1,2010/2/24 20:00,9155.45,22,TRADE
NSW1,2010/2/24 20:30,8862.94,21.84,TRADE
NSW1,2010/2/24 21:00,8556.28,21.25,TRADE
NSW1,2010/2/24 21:30,8584.34,21.67,TRADE
NSW1,2010/2/24 22:00,8378.69,21.16,TRADE
NSW1,2010/2/24 22:30,8223.13,21.37,TRADE
NSW1,2010/2/24 23:00,8093.3,21.44,TRADE
NSW1,2010/2/24 23:30,7925.64,21.89,TRADE
NSW1,2010/2/25 0:00,7749.37,21.29,TRADE
NSW1,2010/2/25 0:30,7525.58,21,TRADE
NSW1,2010/2/25 1:00,7329.14,20.92,TRADE
NSW1,2010/2/25 1:30,7038.82,20.86,TRADE
NSW1,2010/2/25 2:00,6778.02,18.89,TRADE
NSW1,2010/2/25 2:30,6647.91,13.53,TRADE
NSW1,2010/2/25 3:00,6566.79,14.51,TRADE
NSW1,2010/2/25 3:30,6531.45,12.83,TRADE
NSW1,2010/2/25 4:00,6597.44,16.32,TRADE
NSW1,2010/2/25 4:30,6832.83,19.89,TRADE
NSW1,2010/2/25 5:00,7161.3,21.13,TRADE
NSW1,2010/2/25 5:30,7828.17,24.52,TRADE
NSW1,2010/2/25 6:00,8429.5,28.33,TRADE
NSW1,2010/2/25 6:30,8851.28,23.51,TRADE
NSW1,2010/2/25 7:00,9254.96,29.95,TRADE
NSW1,2010/2/25 7:30,9455.5,22.97,TRADE
NSW1,2010/2/25 8:00,9608.24,22.84,TRADE
NSW1,2010/2/25 8:30,9859.99,22.97,TRADE
NSW1,2010/2/25 9:00,9998.87,24.58,TRADE
NSW1,2010/2/25 9:30,10096.41,24.94,TRADE
NSW1,2010/2/25 10:00,10124.27,24.98,TRADE
NSW1,2010/2/25 10:30,10154.39,24.43,TRADE
NSW1,2010/2/25 11:00,10251.46,27.38,TRADE
NSW1,2010/2/25 11:30,10214.71,25.29,TRADE
NSW1,2010/2/25 12:00,10100,26.5,TRADE
NSW1,2010/2/25 12:30,10145.62,29.12,TRADE
NSW1,2010/2/25 13:00,10176.15,28.26,TRADE
NSW1,2010/2/25 13:30,10174.92,26.98,TRADE
NSW1,2010/2/25 14:00,10125.53,26.59,TRADE
NSW1,2010/2/25 14:30,10067.95,26.38,TRADE
NSW1,2010/2/25 15:00,10118.2,27.4,TRADE
NSW1,2010/2/25 15:30,10121.58,28.76,TRADE
NSW1,2010/2/25 16:00,10144.54,29.69,TRADE
NSW1,2010/2/25 16:30,10035.25,29.19,TRADE
NSW1,2010/2/25 17:00,10037.68,29.43,TRADE
NSW1,2010/2/25 17:30,9766.55,28.21,TRADE
NSW1,2010/2/25 18:00,9559.38,25.88,TRADE
NSW1,2010/2/25 18:30,9391.62,24.62,TRADE
NSW1,2010/2/25 19:00,9378.26,24.8,TRADE
NSW1,2010/2/25 19:30,9490.17,24.34,TRADE
NSW1,2010/2/25 20:00,9355.2,24.03,TRADE
NSW1,2010/2/25 20:30,9010.98,22.64,TRADE
NSW1,2010/2/25 21:00,8644.31,21.74,TRADE
NSW1,2010/2/25 21:30,8623.97,21.72,TRADE
NSW1,2010/2/25 22:00,8410.43,21.55,TRADE
NSW1,2010/2/25 22:30,8336.46,22.05,TRADE
NSW1,2010/2/25 23:00,8177.62,22.01,TRADE
NSW1,2010/2/25 23:30,7980.44,21.99,TRADE
NSW1,2010/2/26 0:00,7774.64,21.28,TRADE
NSW1,2010/2/26 0:30,7547.39,20.77,TRADE
NSW1,2010/2/26 1:00,7350.59,20.02,TRADE
NSW1,2010/2/26 1:30,7047.07,19.83,TRADE
NSW1,2010/2/26 2:00,6801.65,16.89,TRADE
NSW1,2010/2/26 2:30,6651.06,14.96,TRADE
NSW1,2010/2/26 3:00,6529.06,12.24,TRADE
NSW1,2010/2/26 3:30,6555.37,14.96,TRADE
NSW1,2010/2/26 4:00,6631.89,16.73,TRADE
NSW1,2010/2/26 4:30,6891.13,18.3,TRADE
NSW1,2010/2/26 5:00,7183.02,20.39,TRADE
NSW1,2010/2/26 5:30,7805.68,22.53,TRADE
NSW1,2010/2/26 6:00,8384.63,24.16,TRADE
NSW1,2010/2/26 6:30,8853.23,22.95,TRADE
NSW1,2010/2/26 7:00,9237.89,26.02,TRADE
NSW1,2010/2/26 7:30,9340.2,22.97,TRADE
NSW1,2010/2/26 8:00,9514.08,23.21,TRADE
NSW1,2010/2/26 8:30,9775.1,26.97,TRADE
NSW1,2010/2/26 9:00,9911.89,28.23,TRADE
NSW1,2010/2/26 9:30,10078.24,29.32,TRADE
NSW1,2010/2/26 10:00,10106.5,28.07,TRADE
NSW1,2010/2/26 10:30,10148.71,29.65,TRADE
NSW1,2010/2/26 11:00,10217.14,29.98,TRADE
NSW1,2010/2/26 11:30,10175.04,29.66,TRADE
NSW1,2010/2/26 12:00,10129.32,29.33,TRADE
NSW1,2010/2/26 12:30,10102.89,29.16,TRADE
NSW1,2010/2/26 13:00,10099.68,29.8,TRADE
NSW1,2010/2/26 13:30,10068,26.74,TRADE
NSW1,2010/2/26 14:00,10059.45,25.75,TRADE
NSW1,2010/2/26 14:30,10077.6,24.82,TRADE
NSW1,2010/2/26 15:00,10083.76,24.92,TRADE
NSW1,2010/2/26 15:30,10125.36,24.66,TRADE
NSW1,2010/2/26 16:00,10137.52,23.78,TRADE
NSW1,2010/2/26 16:30,10064.48,22.97,TRADE
NSW1,2010/2/26 17:00,9814.54,23.23,TRADE
NSW1,2010/2/26 17:30,9559.04,22.43,TRADE
NSW1,2010/2/26 18:00,9359.44,21.99,TRADE
NSW1,2010/2/26 18:30,9199.17,21.82,TRADE
NSW1,2010/2/26 19:00,9243.08,22.27,TRADE
NSW1,2010/2/26 19:30,9305.87,22,TRADE
NSW1,2010/2/26 20:00,9103.25,22.06,TRADE
NSW1,2010/2/26 20:30,8872.65,22,TRADE
NSW1,2010/2/26 21:00,8592.01,21.83,TRADE
NSW1,2010/2/26 21:30,8712.24,22.53,TRADE
NSW1,2010/2/26 22:00,8631.98,21.81,TRADE
NSW1,2010/2/26 22:30,8491.25,22.09,TRADE
NSW1,2010/2/26 23:00,8382.03,21.99,TRADE
NSW1,2010/2/26 23:30,8174.85,22.45,TRADE
NSW1,2010/2/27 0:00,7976.23,21.5,TRADE
NSW1,2010/2/27 0:30,7677.88,21.83,TRADE
NSW1,2010/2/27 1:00,7387.17,20.98,TRADE
NSW1,2010/2/27 1:30,7113.59,20.88,TRADE
NSW1,2010/2/27 2:00,6832.08,18.35,TRADE
NSW1,2010/2/27 2:30,6643.59,15.44,TRADE
NSW1,2010/2/27 3:00,6542.39,15.17,TRADE
NSW1,2010/2/27 3:30,6522.06,15.63,TRADE
NSW1,2010/2/27 4:00,6489.14,15.81,TRADE
NSW1,2010/2/27 4:30,6567.23,17.63,TRADE
NSW1,2010/2/27 5:00,6688.82,19.72,TRADE
NSW1,2010/2/27 5:30,6899.21,20.01,TRADE
NSW1,2010/2/27 6:00,7075.2,20.33,TRADE
NSW1,2010/2/27 6:30,7355.31,21.51,TRADE
NSW1,2010/2/27 7:00,7770.97,22.16,TRADE
NSW1,2010/2/27 7:30,8156.45,22,TRADE
NSW1,2010/2/27 8:00,8590.26,22.32,TRADE
NSW1,2010/2/27 8:30,9038.83,22.97,TRADE
NSW1,2010/2/27 9:00,9100.24,22.97,TRADE
NSW1,2010/2/27 9:30,9308.27,25.18,TRADE
NSW1,2010/2/27 10:00,9323.71,25.57,TRADE
NSW1,2010/2/27 10:30,9390.37,25.55,TRADE
NSW1,2010/2/27 11:00,9462.25,26.06,TRADE
NSW1,2010/2/27 11:30,9451.25,25.67,TRADE
NSW1,2010/2/27 12:00,9491.08,25.52,TRADE
NSW1,2010/2/27 12:30,9486.01,26.87,TRADE
NSW1,2010/2/27 13:00,9572.69,26.95,TRADE
NSW1,2010/2/27 13:30,9635.97,26.8,TRADE
NSW1,2010/2/27 14:00,9748.54,26.02,TRADE
NSW1,2010/2/27 14:30,9794.83,25.19,TRADE
NSW1,2010/2/27 15:00,9931.51,27.5,TRADE
NSW1,2010/2/27 15:30,10001.66,25.78,TRADE
NSW1,2010/2/27 16:00,10028.25,25.98,TRADE
NSW1,2010/2/27 16:30,9935.42,23.11,TRADE
NSW1,2010/2/27 17:00,9948.68,22.97,TRADE
NSW1,2010/2/27 17:30,9779.55,22.49,TRADE
NSW1,2010/2/27 18:00,9629.95,22.24,TRADE
NSW1,2010/2/27 18:30,9359.16,21.74,TRADE
NSW1,2010/2/27 19:00,9300.65,22,TRADE
NSW1,2010/2/27 19:30,9307.57,21.95,TRADE
NSW1,2010/2/27 20:00,9087.73,21.97,TRADE
NSW1,2010/2/27 20:30,8896,21.99,TRADE
NSW1,2010/2/27 21:00,8681.73,21.98,TRADE
NSW1,2010/2/27 21:30,8621.72,22,TRADE
NSW1,2010/2/27 22:00,8505.64,21.39,TRADE
NSW1,2010/2/27 22:30,8364.88,21.33,TRADE
NSW1,2010/2/27 23:00,8145.27,21.45,TRADE
NSW1,2010/2/27 23:30,7889.2,22.07,TRADE
NSW1,2010/2/28 0:00,7649.9,21.62,TRADE
NSW1,2010/2/28 0:30,7440,21.16,TRADE
NSW1,2010/2/28 1:00,7222.91,20.77,TRADE
NSW1,2010/2/28 1:30,6983.8,20.74,TRADE
NSW1,2010/2/28 2:00,6745.43,13.26,TRADE
NSW1,2010/2/28 2:30,6592.4,12.88,TRADE
NSW1,2010/2/28 3:00,6517.36,15.36,TRADE
NSW1,2010/2/28 3:30,6499.88,17.57,TRADE
NSW1,2010/2/28 4:00,6483.9,7.47,TRADE
NSW1,2010/2/28 4:30,6520.39,13.91,TRADE
NSW1,2010/2/28 5:00,6605.72,13.19,TRADE
NSW1,2010/2/28 5:30,6676.8,18.29,TRADE
NSW1,2010/2/28 6:00,6754.5,19.11,TRADE
NSW1,2010/2/28 6:30,6969.41,18.4,TRADE
NSW1,2010/2/28 7:00,7344.48,21.53,TRADE
NSW1,2010/2/28 7:30,7738.48,21.09,TRADE
NSW1,2010/2/28 8:00,8073.18,20.99,TRADE
NSW1,2010/2/28 8:30,8426.38,21.98,TRADE
NSW1,2010/2/28 9:00,8641.67,22,TRADE
NSW1,2010/2/28 9:30,8873.26,22,TRADE
NSW1,2010/2/28 10:00,9007.01,22,TRADE
NSW1,2010/2/28 10:30,9061.15,22,TRADE
NSW1,2010/2/28 11:00,9150.94,22,TRADE
NSW1,2010/2/28 11:30,9243.73,22.03,TRADE
NSW1,2010/2/28 12:00,9359.12,22.81,TRADE
NSW1,2010/2/28 12:30,9392.01,22.97,TRADE
NSW1,2010/2/28 13:00,9392.84,22.97,TRADE
NSW1,2010/2/28 13:30,9435.15,22.97,TRADE
NSW1,2010/2/28 14:00,9513.77,24.34,TRADE
NSW1,2010/2/28 14:30,9509.55,23.29,TRADE
NSW1,2010/2/28 15:00,9381.06,22.97,TRADE
NSW1,2010/2/28 15:30,9330.35,22.97,TRADE
NSW1,2010/2/28 16:00,9319.55,22.97,TRADE
NSW1,2010/2/28 16:30,9221.87,22.23,TRADE
NSW1,2010/2/28 17:00,9203.34,22.32,TRADE
NSW1,2010/2/28 17:30,9233.62,22.49,TRADE
NSW1,2010/2/28 18:00,9123.07,21.67,TRADE
NSW1,2010/2/28 18:30,8967.65,21.89,TRADE
NSW1,2010/2/28 19:00,9001.38,22.1,TRADE
NSW1,2010/2/28 19:30,9120.15,21.96,TRADE
NSW1,2010/2/28 20:00,8925.69,21.69,TRADE
NSW1,2010/2/28 20:30,8624.19,21.65,TRADE
NSW1,2010/2/28 21:00,8335.04,21.31,TRADE
NSW1,2010/2/28 21:30,8162.53,20.99,TRADE
NSW1,2010/2/28 22:00,8059.29,20.7,TRADE
NSW1,2010/2/28 22:30,7848.85,19.25,TRADE
NSW1,2010/2/28 23:00,7621.8,20.39,TRADE
NSW1,2010/2/28 23:30,7407.19,19.13,TRADE
NSW1,2010/3/1 0:00,7242.72,19.42,TRADE
?NSW1,2010/3/1 0:30,6981.63,19.47,TRADE
NSW1,2010/3/1 1:00,6878.13,18.08,TRADE
NSW1,2010/3/1 1:30,6674.12,16.09,TRADE
NSW1,2010/3/1 2:00,6468.76,11.92,TRADE
NSW1,2010/3/1 2:30,6378.27,11.49,TRADE
NSW1,2010/3/1 3:00,6382.87,11.96,TRADE
NSW1,2010/3/1 3:30,6398.17,12.17,TRADE
NSW1,2010/3/1 4:00,6404.88,12.22,TRADE
NSW1,2010/3/1 4:30,6681.83,13.21,TRADE
NSW1,2010/3/1 5:00,6996.4,19.03,TRADE
NSW1,2010/3/1 5:30,7672.73,22,TRADE
NSW1,2010/3/1 6:00,8226.14,22,TRADE
NSW1,2010/3/1 6:30,8671.97,22.06,TRADE
NSW1,2010/3/1 7:00,9138.32,22,TRADE
NSW1,2010/3/1 7:30,9332.39,22.32,TRADE
NSW1,2010/3/1 8:00,9480.83,22.81,TRADE
NSW1,2010/3/1 8:30,9690.49,22.97,TRADE
NSW1,2010/3/1 9:00,9751.34,23.48,TRADE
NSW1,2010/3/1 9:30,9779.13,23.12,TRADE
NSW1,2010/3/1 10:00,9800.15,23.12,TRADE
NSW1,2010/3/1 10:30,9786.58,23.18,TRADE
NSW1,2010/3/1 11:00,9813.83,22.97,TRADE
NSW1,2010/3/1 11:30,9742.83,22.89,TRADE
NSW1,2010/3/1 12:00,9622.25,22.54,TRADE
NSW1,2010/3/1 12:30,9662.34,22.73,TRADE
NSW1,2010/3/1 13:00,9662.14,22.51,TRADE
NSW1,2010/3/1 13:30,9645.16,23.5,TRADE
NSW1,2010/3/1 14:00,9577.78,23.58,TRADE
NSW1,2010/3/1 14:30,9559.47,23.51,TRADE
NSW1,2010/3/1 15:00,9538.78,22.34,TRADE
NSW1,2010/3/1 15:30,9519.08,22,TRADE
NSW1,2010/3/1 16:00,9591.96,22.44,TRADE
NSW1,2010/3/1 16:30,9612.44,22.51,TRADE
NSW1,2010/3/1 17:00,9634.04,22.54,TRADE
NSW1,2010/3/1 17:30,9348.12,21.3,TRADE
NSW1,2010/3/1 18:00,9200.01,21.95,TRADE
NSW1,2010/3/1 18:30,9030.11,21.69,TRADE
NSW1,2010/3/1 19:00,8995.97,22.32,TRADE
NSW1,2010/3/1 19:30,8979.51,22.32,TRADE
NSW1,2010/3/1 20:00,8796.24,22,TRADE
NSW1,2010/3/1 20:30,8529,21.33,TRADE
NSW1,2010/3/1 21:00,8187.29,20.99,TRADE
NSW1,2010/3/1 21:30,8164.37,21.27,TRADE
NSW1,2010/3/1 22:00,8016.39,20.09,TRADE
NSW1,2010/3/1 22:30,7991.22,19.92,TRADE
NSW1,2010/3/1 23:00,7916.52,20.22,TRADE
NSW1,2010/3/1 23:30,7763.65,20.69,TRADE
NSW1,2010/3/2 0:00,7620.14,20.82,TRADE
NSW1,2010/3/2 0:30,7486.49,20.89,TRADE
NSW1,2010/3/2 1:00,7263.53,20.58,TRADE
NSW1,2010/3/2 1:30,6989.47,21.43,TRADE
NSW1,2010/3/2 2:00,6771.96,19.52,TRADE
NSW1,2010/3/2 2:30,6587.99,18.69,TRADE
NSW1,2010/3/2 3:00,6441.93,14.66,TRADE
NSW1,2010/3/2 3:30,6479.27,14.96,TRADE
NSW1,2010/3/2 4:00,6539.52,19.13,TRADE
NSW1,2010/3/2 4:30,6744.53,19.96,TRADE
NSW1,2010/3/2 5:00,7008.3,21.33,TRADE
NSW1,2010/3/2 5:30,7636.34,23.81,TRADE
NSW1,2010/3/2 6:00,8293.65,32.04,TRADE
NSW1,2010/3/2 6:30,8728.07,27.25,TRADE
NSW1,2010/3/2 7:00,9088.07,24.28,TRADE
NSW1,2010/3/2 7:30,9193.91,22.94,TRADE
NSW1,2010/3/2 8:00,9251.75,23.29,TRADE
NSW1,2010/3/2 8:30,9420.85,23.77,TRADE
NSW1,2010/3/2 9:00,9499.19,22.9,TRADE
NSW1,2010/3/2 9:30,9511.87,22.86,TRADE
NSW1,2010/3/2 10:00,9498.29,22.68,TRADE
NSW1,2010/3/2 10:30,9559.15,23.04,TRADE
NSW1,2010/3/2 11:00,9544.41,23.37,TRADE
NSW1,2010/3/2 11:30,9525.17,23.16,TRADE
NSW1,2010/3/2 12:00,9489.53,22.35,TRADE
NSW1,2010/3/2 12:30,9494.46,22.65,TRADE
NSW1,2010/3/2 13:00,9480.51,22.87,TRADE
NSW1,2010/3/2 13:30,9475.18,23.27,TRADE
NSW1,2010/3/2 14:00,9389.66,22.8,TRADE
NSW1,2010/3/2 14:30,9335.08,22.21,TRADE
NSW1,2010/3/2 15:00,9360.86,22.22,TRADE
NSW1,2010/3/2 15:30,9413.11,21.95,TRADE
NSW1,2010/3/2 16:00,9450.08,22,TRADE
NSW1,2010/3/2 16:30,9400.1,22,TRADE
NSW1,2010/3/2 17:00,9370.15,21.83,TRADE
NSW1,2010/3/2 17:30,9157.32,21.63,TRADE
NSW1,2010/3/2 18:00,9004.59,21.57,TRADE
NSW1,2010/3/2 18:30,8953.3,21.99,TRADE
NSW1,2010/3/2 19:00,8927.71,22,TRADE
NSW1,2010/3/2 19:30,8979.13,22.13,TRADE
NSW1,2010/3/2 20:00,8834.07,22.01,TRADE
NSW1,2010/3/2 20:30,8582.43,21.3,TRADE
NSW1,2010/3/2 21:00,8280.43,20.92,TRADE
NSW1,2010/3/2 21:30,8298.93,20.96,TRADE
NSW1,2010/3/2 22:00,8124.55,19.24,TRADE
NSW1,2010/3/2 22:30,8066.58,20.09,TRADE
NSW1,2010/3/2 23:00,7947.19,20.28,TRADE
NSW1,2010/3/2 23:30,7802.77,20.64,TRADE
NSW1,2010/3/3 0:00,7666.5,19.39,TRADE
NSW1,2010/3/3 0:30,7462.72,16.32,TRADE
NSW1,2010/3/3 1:00,7279.36,16.41,TRADE
NSW1,2010/3/3 1:30,6988.71,19.79,TRADE
NSW1,2010/3/3 2:00,6698.42,11.53,TRADE
NSW1,2010/3/3 2:30,6534.49,9.99,TRADE
NSW1,2010/3/3 3:00,6450.12,7.03,TRADE
NSW1,2010/3/3 3:30,6469.04,8.91,TRADE
NSW1,2010/3/3 4:00,6537.35,9.09,TRADE
NSW1,2010/3/3 4:30,6744.65,13.93,TRADE
NSW1,2010/3/3 5:00,7019.37,20.38,TRADE
NSW1,2010/3/3 5:30,7654.17,21.95,TRADE
NSW1,2010/3/3 6:00,8259.46,22.03,TRADE
NSW1,2010/3/3 6:30,8697.43,23.04,TRADE
NSW1,2010/3/3 7:00,9100.36,24.56,TRADE
NSW1,2010/3/3 7:30,9239.89,21.92,TRADE
NSW1,2010/3/3 8:00,9332.62,22.11,TRADE
NSW1,2010/3/3 8:30,9567.95,22.91,TRADE
NSW1,2010/3/3 9:00,9669.83,23.02,TRADE
NSW1,2010/3/3 9:30,9730.68,24.12,TRADE
NSW1,2010/3/3 10:00,9775.35,24.1,TRADE
NSW1,2010/3/3 10:30,9745.3,24.59,TRADE
NSW1,2010/3/3 11:00,9806.22,24.83,TRADE
NSW1,2010/3/3 11:30,9772.48,24.75,TRADE
NSW1,2010/3/3 12:00,9783.74,24.93,TRADE
NSW1,2010/3/3 12:30,9800.3,25.38,TRADE
NSW1,2010/3/3 13:00,9805.13,25.22,TRADE
NSW1,2010/3/3 13:30,9773.32,27.93,TRADE
NSW1,2010/3/3 14:00,9697.14,25.97,TRADE
NSW1,2010/3/3 14:30,9710.58,26.95,TRADE
NSW1,2010/3/3 15:00,9776.65,26.99,TRADE
NSW1,2010/3/3 15:30,9776.52,29.18,TRADE
NSW1,2010/3/3 16:00,9785.86,25.96,TRADE
NSW1,2010/3/3 16:30,9707.02,25.57,TRADE
NSW1,2010/3/3 17:00,9598.8,23.86,TRADE
NSW1,2010/3/3 17:30,9360.89,22,TRADE
NSW1,2010/3/3 18:00,9216.73,22,TRADE
NSW1,2010/3/3 18:30,9039.71,22,TRADE
NSW1,2010/3/3 19:00,9094.44,22.14,TRADE
NSW1,2010/3/3 19:30,9212.28,22.07,TRADE
NSW1,2010/3/3 20:00,9018.07,22,TRADE
NSW1,2010/3/3 20:30,8756.6,22,TRADE
NSW1,2010/3/3 21:00,8464,21.83,TRADE
NSW1,2010/3/3 21:30,8410.15,21.67,TRADE
NSW1,2010/3/3 22:00,8214.57,21.21,TRADE
NSW1,2010/3/3 22:30,8153.6,21.1,TRADE
NSW1,2010/3/3 23:00,8059.62,21.05,TRADE
NSW1,2010/3/3 23:30,7899.71,21.27,TRADE
NSW1,2010/3/4 0:00,7723.29,20.72,TRADE
NSW1,2010/3/4 0:30,7567.75,19.2,TRADE
NSW1,2010/3/4 1:00,7305.22,17.44,TRADE
NSW1,2010/3/4 1:30,7004.35,20.24,TRADE
NSW1,2010/3/4 2:00,6772.37,17.73,TRADE
NSW1,2010/3/4 2:30,6579.59,9.54,TRADE
NSW1,2010/3/4 3:00,6498.34,9.99,TRADE
NSW1,2010/3/4 3:30,6493.7,9.35,TRADE
NSW1,2010/3/4 4:00,6575.3,10.67,TRADE
NSW1,2010/3/4 4:30,6798.57,19.73,TRADE
NSW1,2010/3/4 5:00,7057.49,20.68,TRADE
NSW1,2010/3/4 5:30,7710.26,21.84,TRADE
NSW1,2010/3/4 6:00,8257.28,22.11,TRADE
NSW1,2010/3/4 6:30,8719.72,24.32,TRADE
NSW1,2010/3/4 7:00,9137.33,24.9,TRADE
NSW1,2010/3/4 7:30,9268.66,23.19,TRADE
NSW1,2010/3/4 8:00,9383.15,24.06,TRADE
NSW1,2010/3/4 8:30,9618.23,25.06,TRADE
NSW1,2010/3/4 9:00,9762.4,24.88,TRADE
NSW1,2010/3/4 9:30,9840.94,24.8,TRADE
NSW1,2010/3/4 10:00,9900.17,24.73,TRADE
NSW1,2010/3/4 10:30,9917.14,24.87,TRADE
NSW1,2010/3/4 11:00,9956.33,28.67,TRADE
NSW1,2010/3/4 11:30,9918.44,24.23,TRADE
NSW1,2010/3/4 12:00,9973.25,28.86,TRADE
NSW1,2010/3/4 12:30,10046.95,29.89,TRADE
NSW1,2010/3/4 13:00,10062.29,30.42,TRADE
NSW1,2010/3/4 13:30,10109.92,34.58,TRADE
NSW1,2010/3/4 14:00,10086.19,33.17,TRADE
NSW1,2010/3/4 14:30,10085.09,33.21,TRADE
NSW1,2010/3/4 15:00,10105.69,35.79,TRADE
NSW1,2010/3/4 15:30,10110.17,35.18,TRADE
NSW1,2010/3/4 16:00,10110.66,36.4,TRADE
NSW1,2010/3/4 16:30,9997.81,30.48,TRADE
NSW1,2010/3/4 17:00,9930.54,29.25,TRADE
NSW1,2010/3/4 17:30,9655.64,25.81,TRADE
NSW1,2010/3/4 18:00,9558.58,22.63,TRADE
NSW1,2010/3/4 18:30,9484.46,22.17,TRADE
NSW1,2010/3/4 19:00,9598.29,22.67,TRADE
NSW1,2010/3/4 19:30,9603.49,27.85,TRADE
NSW1,2010/3/4 20:00,9384.25,27.94,TRADE
NSW1,2010/3/4 20:30,9011.44,24.71,TRADE
NSW1,2010/3/4 21:00,8689.19,22.34,TRADE
NSW1,2010/3/4 21:30,8711.33,22.08,TRADE
NSW1,2010/3/4 22:00,8509.65,21.14,TRADE
NSW1,2010/3/4 22:30,8401.14,21.67,TRADE
NSW1,2010/3/4 23:00,8252.09,22,TRADE
NSW1,2010/3/4 23:30,8051.83,22.16,TRADE
NSW1,2010/3/5 0:00,7906.59,21.66,TRADE
NSW1,2010/3/5 0:30,7691.31,20.75,TRADE
NSW1,2010/3/5 1:00,7465.82,20.48,TRADE
NSW1,2010/3/5 1:30,7184.63,20.99,TRADE
NSW1,2010/3/5 2:00,6982.45,19.79,TRADE
NSW1,2010/3/5 2:30,6818.64,19.43,TRADE
NSW1,2010/3/5 3:00,6703.38,18.71,TRADE
NSW1,2010/3/5 3:30,6698.57,18.35,TRADE
NSW1,2010/3/5 4:00,6711.65,18.53,TRADE
NSW1,2010/3/5 4:30,6922.24,20.03,TRADE
NSW1,2010/3/5 5:00,7205.27,20.72,TRADE
NSW1,2010/3/5 5:30,7815.7,26.22,TRADE
NSW1,2010/3/5 6:00,8450.57,28.15,TRADE
NSW1,2010/3/5 6:30,8955.44,22.8,TRADE
NSW1,2010/3/5 7:00,9396.78,22.23,TRADE
NSW1,2010/3/5 7:30,9605.68,24.9,TRADE
NSW1,2010/3/5 8:00,9781.86,27.58,TRADE
NSW1,2010/3/5 8:30,10015.94,26.96,TRADE
NSW1,2010/3/5 9:00,10195.19,27.73,TRADE
NSW1,2010/3/5 9:30,10338.46,29.68,TRADE
NSW1,2010/3/5 10:00,10301.52,30.26,TRADE
NSW1,2010/3/5 10:30,10306.19,33.7,TRADE
NSW1,2010/3/5 11:00,10239.34,34.9,TRADE
NSW1,2010/3/5 11:30,10128.12,33.56,TRADE
NSW1,2010/3/5 12:00,10023.66,29.96,TRADE
NSW1,2010/3/5 12:30,10115.07,30.54,TRADE
NSW1,2010/3/5 13:00,10081.55,32.29,TRADE
NSW1,2010/3/5 13:30,10082.41,37.85,TRADE
NSW1,2010/3/5 14:00,10007.49,39.1,TRADE
NSW1,2010/3/5 14:30,9883.99,34.72,TRADE
NSW1,2010/3/5 15:00,9948.41,33.76,TRADE
NSW1,2010/3/5 15:30,9918.67,31.22,TRADE
NSW1,2010/3/5 16:00,9950.13,31.77,TRADE
NSW1,2010/3/5 16:30,9910.09,30.04,TRADE
NSW1,2010/3/5 17:00,9752.66,28.14,TRADE
NSW1,2010/3/5 17:30,9507.75,25.28,TRADE
NSW1,2010/3/5 18:00,9421.01,23.45,TRADE
NSW1,2010/3/5 18:30,9306.99,22,TRADE
NSW1,2010/3/5 19:00,9289.85,22,TRADE
NSW1,2010/3/5 19:30,9277.71,22.1,TRADE
NSW1,2010/3/5 20:00,8999.75,21.96,TRADE
NSW1,2010/3/5 20:30,8831.25,21.99,TRADE
NSW1,2010/3/5 21:00,8570.37,22,TRADE
NSW1,2010/3/5 21:30,8670.63,22.13,TRADE
NSW1,2010/3/5 22:00,8568.74,21.35,TRADE
NSW1,2010/3/5 22:30,8474.7,21.85,TRADE
NSW1,2010/3/5 23:00,8356.15,22.45,TRADE
NSW1,2010/3/5 23:30,8142.45,22.95,TRADE
NSW1,2010/3/6 0:00,7927.48,21.83,TRADE
NSW1,2010/3/6 0:30,7733.12,21.1,TRADE
NSW1,2010/3/6 1:00,7413.03,20.51,TRADE
NSW1,2010/3/6 1:30,7143.91,21.34,TRADE
NSW1,2010/3/6 2:00,6797.67,19.82,TRADE
NSW1,2010/3/6 2:30,6654.5,15.44,TRADE
NSW1,2010/3/6 3:00,6578.02,16.61,TRADE
NSW1,2010/3/6 3:30,6523.51,15.43,TRADE
NSW1,2010/3/6 4:00,6547.64,18.59,TRADE
NSW1,2010/3/6 4:30,6623.79,19.36,TRADE
NSW1,2010/3/6 5:00,6742.77,19.91,TRADE
NSW1,2010/3/6 5:30,6968.19,20.47,TRADE
NSW1,2010/3/6 6:00,7183.82,20.97,TRADE
NSW1,2010/3/6 6:30,7395.02,20.96,TRADE
NSW1,2010/3/6 7:00,7840.79,21.06,TRADE
NSW1,2010/3/6 7:30,8301.58,21.79,TRADE
NSW1,2010/3/6 8:00,8689.11,22.19,TRADE
NSW1,2010/3/6 8:30,9113.38,22.4,TRADE
NSW1,2010/3/6 9:00,9268.14,22.55,TRADE
NSW1,2010/3/6 9:30,9451.87,23.48,TRADE
NSW1,2010/3/6 10:00,9480.64,23.56,TRADE
NSW1,2010/3/6 10:30,9472.9,24.19,TRADE
NSW1,2010/3/6 11:00,9518.42,25.08,TRADE
NSW1,2010/3/6 11:30,9570.56,26.17,TRADE
NSW1,2010/3/6 12:00,9600.64,26.32,TRADE
NSW1,2010/3/6 12:30,9655.34,27.91,TRADE
NSW1,2010/3/6 13:00,9616.29,26.12,TRADE
NSW1,2010/3/6 13:30,9599.04,25.15,TRADE
NSW1,2010/3/6 14:00,9623.51,25.08,TRADE
NSW1,2010/3/6 14:30,9621.2,24.22,TRADE
NSW1,2010/3/6 15:00,9723.1,24.78,TRADE
NSW1,2010/3/6 15:30,9781.53,24.87,TRADE
NSW1,2010/3/6 16:00,9859.15,25.04,TRADE
NSW1,2010/3/6 16:30,9723.67,24.85,TRADE
NSW1,2010/3/6 17:00,9706.75,24.94,TRADE
NSW1,2010/3/6 17:30,9581.27,24.76,TRADE
NSW1,2010/3/6 18:00,9473.03,24.27,TRADE
NSW1,2010/3/6 18:30,9342.78,23.81,TRADE
NSW1,2010/3/6 19:00,9405.58,24.08,TRADE
NSW1,2010/3/6 19:30,9397.58,24.11,TRADE
NSW1,2010/3/6 20:00,9195.98,24.38,TRADE
NSW1,2010/3/6 20:30,9027.99,23.68,TRADE
NSW1,2010/3/6 21:00,8723.79,22.32,TRADE
NSW1,2010/3/6 21:30,8622.46,22.38,TRADE
NSW1,2010/3/6 22:00,8569.94,21.19,TRADE
NSW1,2010/3/6 22:30,8406.86,21.97,TRADE
NSW1,2010/3/6 23:00,8155.55,21.83,TRADE
NSW1,2010/3/6 23:30,7873.05,24.17,TRADE
NSW1,2010/3/7 0:00,7659.19,21.65,TRADE
NSW1,2010/3/7 0:30,7455.05,21.15,TRADE
NSW1,2010/3/7 1:00,7245.92,20.87,TRADE
NSW1,2010/3/7 1:30,6999.17,21.37,TRADE
NSW1,2010/3/7 2:00,6777.47,20.66,TRADE
NSW1,2010/3/7 2:30,6644.84,19.38,TRADE
NSW1,2010/3/7 3:00,6550.27,17.44,TRADE
NSW1,2010/3/7 3:30,6444.45,15.81,TRADE
NSW1,2010/3/7 4:00,6472.13,18.01,TRADE
NSW1,2010/3/7 4:30,6536.47,19.93,TRADE
NSW1,2010/3/7 5:00,6583.41,17.84,TRADE
NSW1,2010/3/7 5:30,6691.55,20.48,TRADE
NSW1,2010/3/7 6:00,6764.18,16.97,TRADE
NSW1,2010/3/7 6:30,6966.76,17.21,TRADE
NSW1,2010/3/7 7:00,7244.89,18.58,TRADE
NSW1,2010/3/7 7:30,7688.94,21.32,TRADE
NSW1,2010/3/7 8:00,8134.56,22.24,TRADE
NSW1,2010/3/7 8:30,8490.44,22,TRADE
NSW1,2010/3/7 9:00,8714.42,22.8,TRADE
NSW1,2010/3/7 9:30,8966.87,24.35,TRADE
NSW1,2010/3/7 10:00,9038.35,25.34,TRADE
NSW1,2010/3/7 10:30,9071.59,25.58,TRADE
NSW1,2010/3/7 11:00,9120.67,27.3,TRADE
NSW1,2010/3/7 11:30,9132.07,26.77,TRADE
NSW1,2010/3/7 12:00,9182.18,24.22,TRADE
NSW1,2010/3/7 12:30,9127.01,23.67,TRADE
NSW1,2010/3/7 13:00,9097.54,23.86,TRADE
NSW1,2010/3/7 13:30,9086.95,24.31,TRADE
NSW1,2010/3/7 14:00,9000.52,24.34,TRADE
NSW1,2010/3/7 14:30,8994.23,24.97,TRADE
NSW1,2010/3/7 15:00,9043.44,24.52,TRADE
NSW1,2010/3/7 15:30,9038.5,22.63,TRADE
NSW1,2010/3/7 16:00,9024.65,22.77,TRADE
NSW1,2010/3/7 16:30,8951.79,22,TRADE
NSW1,2010/3/7 17:00,9017.55,23.15,TRADE
NSW1,2010/3/7 17:30,9023.87,23.2,TRADE
NSW1,2010/3/7 18:00,8993.5,22,TRADE
NSW1,2010/3/7 18:30,8840.16,21.96,TRADE
NSW1,2010/3/7 19:00,9024.83,22,TRADE
NSW1,2010/3/7 19:30,8936.81,22,TRADE
NSW1,2010/3/7 20:00,8811.27,22.04,TRADE
NSW1,2010/3/7 20:30,8574.46,22,TRADE
NSW1,2010/3/7 21:00,8267.37,21.82,TRADE
NSW1,2010/3/7 21:30,8185.46,21.49,TRADE
NSW1,2010/3/7 22:00,8003.64,20.17,TRADE
NSW1,2010/3/7 22:30,7864.94,20.86,TRADE
NSW1,2010/3/7 23:00,7701.74,20.47,TRADE
NSW1,2010/3/7 23:30,7491.24,20.77,TRADE
NSW1,2010/3/8 0:00,7377.93,20.63,TRADE
NSW1,2010/3/8 0:30,7196.04,17.5,TRADE
NSW1,2010/3/8 1:00,7091.5,19.25,TRADE
NSW1,2010/3/8 1:30,6833.73,20.52,TRADE
NSW1,2010/3/8 2:00,6658.64,18.55,TRADE
NSW1,2010/3/8 2:30,6600.14,13.48,TRADE
NSW1,2010/3/8 3:00,6532.89,12.33,TRADE
NSW1,2010/3/8 3:30,6575.26,13.23,TRADE
NSW1,2010/3/8 4:00,6629.86,13.15,TRADE
NSW1,2010/3/8 4:30,6881.22,19.98,TRADE
NSW1,2010/3/8 5:00,7190.06,20.79,TRADE
NSW1,2010/3/8 5:30,7808.1,21.72,TRADE
NSW1,2010/3/8 6:00,8382.51,22,TRADE
NSW1,2010/3/8 6:30,8822.73,21.91,TRADE
NSW1,2010/3/8 7:00,9234.51,22,TRADE
NSW1,2010/3/8 7:30,9533.28,22.14,TRADE
NSW1,2010/3/8 8:00,9823.16,22.16,TRADE
NSW1,2010/3/8 8:30,10111.66,22.97,TRADE
NSW1,2010/3/8 9:00,10315.08,23.03,TRADE
NSW1,2010/3/8 9:30,10565.27,25.39,TRADE
NSW1,2010/3/8 10:00,10754.89,26.13,TRADE
NSW1,2010/3/8 10:30,10746.5,27.9,TRADE
NSW1,2010/3/8 11:00,10834.81,30.79,TRADE
NSW1,2010/3/8 11:30,10902.97,26.87,TRADE
NSW1,2010/3/8 12:00,10942.13,27.58,TRADE
NSW1,2010/3/8 12:30,11031.96,24.72,TRADE
NSW1,2010/3/8 13:00,11016.29,24.4,TRADE
NSW1,2010/3/8 13:30,10971.04,22.96,TRADE
NSW1,2010/3/8 14:00,10889.08,22.16,TRADE
NSW1,2010/3/8 14:30,10837.99,22,TRADE
NSW1,2010/3/8 15:00,10863.19,22.86,TRADE
NSW1,2010/3/8 15:30,10980.9,22.97,TRADE
NSW1,2010/3/8 16:00,11054.9,23.4,TRADE
NSW1,2010/3/8 16:30,11003.97,22.97,TRADE
NSW1,2010/3/8 17:00,10899.35,23.49,TRADE
NSW1,2010/3/8 17:30,10552.76,22.97,TRADE
NSW1,2010/3/8 18:00,10355.53,22.03,TRADE
NSW1,2010/3/8 18:30,10093.29,21.66,TRADE
NSW1,2010/3/8 19:00,10084.43,22.22,TRADE
NSW1,2010/3/8 19:30,10081.49,22,TRADE
NSW1,2010/3/8 20:00,9890.01,22.01,TRADE
NSW1,2010/3/8 20:30,9468.58,21.96,TRADE
NSW1,2010/3/8 21:00,9057.71,22,TRADE
NSW1,2010/3/8 21:30,8915.57,21.87,TRADE
NSW1,2010/3/8 22:00,8626.81,20.72,TRADE
NSW1,2010/3/8 22:30,8398.74,20.56,TRADE
NSW1,2010/3/8 23:00,8175.41,20.71,TRADE
NSW1,2010/3/8 23:30,7924.58,20.56,TRADE
NSW1,2010/3/9 0:00,7712.94,18.57,TRADE
NSW1,2010/3/9 0:30,7445.92,18.18,TRADE
NSW1,2010/3/9 1:00,7249.85,15.74,TRADE
NSW1,2010/3/9 1:30,6945.44,16.54,TRADE
NSW1,2010/3/9 2:00,6661.36,12.07,TRADE
NSW1,2010/3/9 2:30,6529.74,11.69,TRADE
NSW1,2010/3/9 3:00,6424.26,7.53,TRADE
NSW1,2010/3/9 3:30,6441.16,6.98,TRADE
NSW1,2010/3/9 4:00,6501.58,5.85,TRADE
NSW1,2010/3/9 4:30,6678.72,12.7,TRADE
NSW1,2010/3/9 5:00,6955.66,19.97,TRADE
NSW1,2010/3/9 5:30,7587.98,21.48,TRADE
NSW1,2010/3/9 6:00,8166.55,22,TRADE
NSW1,2010/3/9 6:30,8550.27,22,TRADE
NSW1,2010/3/9 7:00,8972.79,22,TRADE
NSW1,2010/3/9 7:30,9237.99,22.14,TRADE
NSW1,2010/3/9 8:00,9392.06,22.16,TRADE
NSW1,2010/3/9 8:30,9690.51,22.97,TRADE
NSW1,2010/3/9 9:00,9848.52,23.76,TRADE
NSW1,2010/3/9 9:30,9955.11,24.71,TRADE
NSW1,2010/3/9 10:00,10079.58,25.01,TRADE
NSW1,2010/3/9 10:30,10098.84,25.21,TRADE
NSW1,2010/3/9 11:00,10163.99,25.95,TRADE
NSW1,2010/3/9 11:30,10229,26.09,TRADE
NSW1,2010/3/9 12:00,10289.11,26.37,TRADE
NSW1,2010/3/9 12:30,10359.88,30.62,TRADE
NSW1,2010/3/9 13:00,10423.24,201.97,TRADE
NSW1,2010/3/9 13:30,10442.47,32.37,TRADE
NSW1,2010/3/9 14:00,10472.59,27,TRADE
NSW1,2010/3/9 14:30,10512.8,31.45,TRADE
NSW1,2010/3/9 15:00,10632.4,32.7,TRADE
NSW1,2010/3/9 15:30,10705.17,29.29,TRADE
NSW1,2010/3/9 16:00,10747.42,29.4,TRADE
NSW1,2010/3/9 16:30,10344.55,25.2,TRADE
NSW1,2010/3/9 17:00,10317.63,24.85,TRADE
NSW1,2010/3/9 17:30,10160.98,24.04,TRADE
NSW1,2010/3/9 18:00,9961.3,22.97,TRADE
NSW1,2010/3/9 18:30,9772.13,22.77,TRADE
NSW1,2010/3/9 19:00,9799.26,22.97,TRADE
NSW1,2010/3/9 19:30,9811.45,22.97,TRADE
NSW1,2010/3/9 20:00,9532.26,22.86,TRADE
NSW1,2010/3/9 20:30,9143.7,21.38,TRADE
NSW1,2010/3/9 21:00,8802.51,21.66,TRADE
NSW1,2010/3/9 21:30,8648.38,21.92,TRADE
NSW1,2010/3/9 22:00,8495.33,21.54,TRADE
NSW1,2010/3/9 22:30,8340.57,21.32,TRADE
NSW1,2010/3/9 23:00,8176.38,21.22,TRADE
NSW1,2010/3/9 23:30,7994.76,21.27,TRADE
NSW1,2010/3/10 0:00,7799.57,20.89,TRADE
NSW1,2010/3/10 0:30,7561.11,18.96,TRADE
NSW1,2010/3/10 1:00,7333.97,16.9,TRADE
NSW1,2010/3/10 1:30,7039.31,20.33,TRADE
NSW1,2010/3/10 2:00,6780.45,15.29,TRADE
NSW1,2010/3/10 2:30,6624.24,12.71,TRADE
NSW1,2010/3/10 3:00,6547.42,12.16,TRADE
NSW1,2010/3/10 3:30,6553.7,12.32,TRADE
NSW1,2010/3/10 4:00,6616.21,12.51,TRADE
NSW1,2010/3/10 4:30,6846.07,17.43,TRADE
NSW1,2010/3/10 5:00,7137.94,19.84,TRADE
NSW1,2010/3/10 5:30,7799.28,21.83,TRADE
NSW1,2010/3/10 6:00,8426.93,22.02,TRADE
NSW1,2010/3/10 6:30,8886.33,22,TRADE
NSW1,2010/3/10 7:00,9286.34,21.98,TRADE
NSW1,2010/3/10 7:30,9417.65,22.33,TRADE
NSW1,2010/3/10 8:00,9542.86,22.59,TRADE
NSW1,2010/3/10 8:30,9692.23,22.68,TRADE
NSW1,2010/3/10 9:00,9806.02,23.69,TRADE
NSW1,2010/3/10 9:30,9913.53,24.88,TRADE
NSW1,2010/3/10 10:00,9907.4,24.89,TRADE
NSW1,2010/3/10 10:30,9863.72,24.97,TRADE
NSW1,2010/3/10 11:00,9868.66,25.06,TRADE
NSW1,2010/3/10 11:30,9805.95,24.93,TRADE
NSW1,2010/3/10 12:00,9787.24,24.67,TRADE
NSW1,2010/3/10 12:30,9751.84,25.21,TRADE
NSW1,2010/3/10 13:00,9737.86,25.07,TRADE
NSW1,2010/3/10 13:30,9705.77,24.97,TRADE
NSW1,2010/3/10 14:00,9649.2,24.87,TRADE
NSW1,2010/3/10 14:30,9614.62,24.85,TRADE
NSW1,2010/3/10 15:00,9576.57,24.88,TRADE
NSW1,2010/3/10 15:30,9570.14,24.96,TRADE
NSW1,2010/3/10 16:00,9559.75,25.12,TRADE
NSW1,2010/3/10 16:30,9537.36,25.47,TRADE
NSW1,2010/3/10 17:00,9456.97,24.77,TRADE
NSW1,2010/3/10 17:30,9143.4,21.8,TRADE
NSW1,2010/3/10 18:00,8902.41,21.49,TRADE
NSW1,2010/3/10 18:30,8674.77,21.49,TRADE
NSW1,2010/3/10 19:00,9021.83,22.46,TRADE
NSW1,2010/3/10 19:30,8995.54,22.07,TRADE
NSW1,2010/3/10 20:00,8803.11,22,TRADE
NSW1,2010/3/10 20:30,8484.14,21.5,TRADE
NSW1,2010/3/10 21:00,8180.93,21.08,TRADE
NSW1,2010/3/10 21:30,8194.08,21.61,TRADE
NSW1,2010/3/10 22:00,8087.54,20.33,TRADE
NSW1,2010/3/10 22:30,8044.82,21.08,TRADE
NSW1,2010/3/10 23:00,7872.99,20.94,TRADE
NSW1,2010/3/10 23:30,7734.11,21.19,TRADE
NSW1,2010/3/11 0:00,7563.84,19.95,TRADE
NSW1,2010/3/11 0:30,7377.17,16.65,TRADE
NSW1,2010/3/11 1:00,7194.69,15.46,TRADE
NSW1,2010/3/11 1:30,6952.29,17.21,TRADE
NSW1,2010/3/11 2:00,6698.89,14.59,TRADE
NSW1,2010/3/11 2:30,6513.67,12.17,TRADE
NSW1,2010/3/11 3:00,6404.02,11.02,TRADE
NSW1,2010/3/11 3:30,6349.59,7.98,TRADE
NSW1,2010/3/11 4:00,6396.36,10.42,TRADE
NSW1,2010/3/11 4:30,6624.49,16.49,TRADE
NSW1,2010/3/11 5:00,6925.16,20.35,TRADE
NSW1,2010/3/11 5:30,7573.32,21.83,TRADE
NSW1,2010/3/11 6:00,8188.97,22.4,TRADE
NSW1,2010/3/11 6:30,8645.44,22,TRADE
NSW1,2010/3/11 7:00,9041.75,22,TRADE
NSW1,2010/3/11 7:30,9147.28,22,TRADE
NSW1,2010/3/11 8:00,9228.91,22.07,TRADE
NSW1,2010/3/11 8:30,9385,22.15,TRADE
NSW1,2010/3/11 9:00,9476.2,22,TRADE
NSW1,2010/3/11 9:30,9538.51,22.03,TRADE
NSW1,2010/3/11 10:00,9595.94,22.41,TRADE
NSW1,2010/3/11 10:30,9573.11,22.34,TRADE
NSW1,2010/3/11 11:00,9612.66,22.74,TRADE
NSW1,2010/3/11 11:30,9576.01,22.34,TRADE
NSW1,2010/3/11 12:00,9559.59,22,TRADE
NSW1,2010/3/11 12:30,9576.09,22.07,TRADE
NSW1,2010/3/11 13:00,9528.32,22.04,TRADE
NSW1,2010/3/11 13:30,9531.66,22.22,TRADE
NSW1,2010/3/11 14:00,9438.93,22.12,TRADE
NSW1,2010/3/11 14:30,9408.72,21.99,TRADE
NSW1,2010/3/11 15:00,9335.55,22.07,TRADE
NSW1,2010/3/11 15:30,9320.75,22,TRADE
NSW1,2010/3/11 16:00,9378.33,22,TRADE
NSW1,2010/3/11 16:30,9314.13,22.2,TRADE
NSW1,2010/3/11 17:00,9292.68,21.96,TRADE
NSW1,2010/3/11 17:30,9077.48,21.79,TRADE
NSW1,2010/3/11 18:00,8978.52,22,TRADE
NSW1,2010/3/11 18:30,8990.36,22,TRADE
NSW1,2010/3/11 19:00,9109.34,23.28,TRADE
NSW1,2010/3/11 19:30,9106.72,22.37,TRADE
NSW1,2010/3/11 20:00,8942.46,22,TRADE
NSW1,2010/3/11 20:30,8596.51,21.27,TRADE
NSW1,2010/3/11 21:00,8231.79,21.67,TRADE
NSW1,2010/3/11 21:30,8260.03,21.99,TRADE
NSW1,2010/3/11 22:00,8121.52,21.11,TRADE
NSW1,2010/3/11 22:30,8011.98,20.87,TRADE
NSW1,2010/3/11 23:00,7894.79,21.25,TRADE
NSW1,2010/3/11 23:30,7755.88,21.1,TRADE
NSW1,2010/3/12 0:00,7624.83,20.72,TRADE
NSW1,2010/3/12 0:30,7367.64,18.2,TRADE
NSW1,2010/3/12 1:00,7121.41,15.78,TRADE
NSW1,2010/3/12 1:30,6888.3,19.06,TRADE
NSW1,2010/3/12 2:00,6631.08,12.11,TRADE
NSW1,2010/3/12 2:30,6457,13.34,TRADE
NSW1,2010/3/12 3:00,6359.33,12.75,TRADE
NSW1,2010/3/12 3:30,6171.75,5.9,TRADE
NSW1,2010/3/12 4:00,6225.13,11.24,TRADE
NSW1,2010/3/12 4:30,6675.86,13.67,TRADE
NSW1,2010/3/12 5:00,6946.98,20.65,TRADE
NSW1,2010/3/12 5:30,7557.23,22.01,TRADE
NSW1,2010/3/12 6:00,8186.67,22.43,TRADE
NSW1,2010/3/12 6:30,8633.32,23.19,TRADE
NSW1,2010/3/12 7:00,9053.85,22.25,TRADE
NSW1,2010/3/12 7:30,9230.26,21.85,TRADE
NSW1,2010/3/12 8:00,9277.14,22,TRADE
NSW1,2010/3/12 8:30,9533.31,22,TRADE
NSW1,2010/3/12 9:00,9624.06,23.08,TRADE
NSW1,2010/3/12 9:30,9688.29,23.1,TRADE
NSW1,2010/3/12 10:00,9735.27,23.63,TRADE
NSW1,2010/3/12 10:30,9717.85,22.37,TRADE
NSW1,2010/3/12 11:00,9664.93,22.62,TRADE
NSW1,2010/3/12 11:30,9557.17,22.43,TRADE
NSW1,2010/3/12 12:00,9626.52,23.82,TRADE
NSW1,2010/3/12 12:30,9636.47,24.4,TRADE
NSW1,2010/3/12 13:00,9605.66,23.17,TRADE
NSW1,2010/3/12 13:30,9514.03,22.55,TRADE
NSW1,2010/3/12 14:00,9473.3,22,TRADE
NSW1,2010/3/12 14:30,9388.04,22,TRADE
NSW1,2010/3/12 15:00,9378.82,22.16,TRADE
NSW1,2010/3/12 15:30,9345.99,22.06,TRADE
NSW1,2010/3/12 16:00,9340.53,22.31,TRADE
NSW1,2010/3/12 16:30,9268.5,23.47,TRADE
NSW1,2010/3/12 17:00,9095.72,21.96,TRADE
NSW1,2010/3/12 17:30,8791.97,21.91,TRADE
NSW1,2010/3/12 18:00,8710.52,21.99,TRADE
NSW1,2010/3/12 18:30,8604.46,21.96,TRADE
NSW1,2010/3/12 19:00,8658.58,22.07,TRADE
NSW1,2010/3/12 19:30,8662.93,22,TRADE
NSW1,2010/3/12 20:00,8556.65,21.48,TRADE
NSW1,2010/3/12 20:30,8299.58,21.79,TRADE
NSW1,2010/3/12 21:00,8073.44,21.43,TRADE
NSW1,2010/3/12 21:30,8141.65,21.55,TRADE
NSW1,2010/3/12 22:00,8106.72,21.17,TRADE
NSW1,2010/3/12 22:30,8120.53,21.4,TRADE
NSW1,2010/3/12 23:00,7968,22.11,TRADE
NSW1,2010/3/12 23:30,7835.94,22,TRADE
NSW1,2010/3/13 0:00,7618.05,21.45,TRADE
NSW1,2010/3/13 0:30,7445.35,19.46,TRADE
NSW1,2010/3/13 1:00,7221.87,18.63,TRADE
NSW1,2010/3/13 1:30,6937.16,20.83,TRADE
NSW1,2010/3/13 2:00,6647.63,19.44,TRADE
NSW1,2010/3/13 2:30,6463.25,14.21,TRADE
NSW1,2010/3/13 3:00,6320.42,14.53,TRADE
NSW1,2010/3/13 3:30,6270.85,13.79,TRADE
NSW1,2010/3/13 4:00,6285.37,15.28,TRADE
NSW1,2010/3/13 4:30,6357.96,17.26,TRADE
NSW1,2010/3/13 5:00,6426.59,18.97,TRADE
NSW1,2010/3/13 5:30,6678.03,20.86,TRADE
NSW1,2010/3/13 6:00,6872.86,20.87,TRADE
NSW1,2010/3/13 6:30,7147.07,20.1,TRADE
NSW1,2010/3/13 7:00,7544.3,20.76,TRADE
NSW1,2010/3/13 7:30,7923.82,21.11,TRADE
NSW1,2010/3/13 8:00,8294.62,22.47,TRADE
NSW1,2010/3/13 8:30,8623.77,22.43,TRADE
NSW1,2010/3/13 9:00,8723.14,22,TRADE
NSW1,2010/3/13 9:30,8809.69,22.17,TRADE
NSW1,2010/3/13 10:00,8823.41,22,TRADE
NSW1,2010/3/13 10:30,8795.58,22,TRADE
NSW1,2010/3/13 11:00,8754.21,22,TRADE
NSW1,2010/3/13 11:30,8682.2,22,TRADE
NSW1,2010/3/13 12:00,8593.52,21.83,TRADE
NSW1,2010/3/13 12:30,8598.34,22,TRADE
NSW1,2010/3/13 13:00,8450.37,22,TRADE
NSW1,2010/3/13 13:30,8411.01,22,TRADE
NSW1,2010/3/13 14:00,8381.28,22.05,TRADE
NSW1,2010/3/13 14:30,8271.08,21.83,TRADE
NSW1,2010/3/13 15:00,8268.19,22,TRADE
NSW1,2010/3/13 15:30,8242.59,22.08,TRADE
NSW1,2010/3/13 16:00,8303.94,22,TRADE
NSW1,2010/3/13 16:30,8229.23,22,TRADE
NSW1,2010/3/13 17:00,8227.06,22,TRADE
NSW1,2010/3/13 17:30,8231.76,21.83,TRADE
NSW1,2010/3/13 18:00,8198.93,21.83,TRADE
NSW1,2010/3/13 18:30,8177.06,21.83,TRADE
NSW1,2010/3/13 19:00,8282.87,22,TRADE
NSW1,2010/3/13 19:30,8192.72,22.04,TRADE
NSW1,2010/3/13 20:00,8048.96,21.67,TRADE
NSW1,2010/3/13 20:30,7839.58,21.83,TRADE
NSW1,2010/3/13 21:00,7749.82,21.99,TRADE
NSW1,2010/3/13 21:30,7741.16,21.99,TRADE
NSW1,2010/3/13 22:00,7713.69,21.42,TRADE
NSW1,2010/3/13 22:30,7634.44,20.96,TRADE
NSW1,2010/3/13 23:00,7411.29,20.57,TRADE
NSW1,2010/3/13 23:30,7256.06,21.07,TRADE
NSW1,2010/3/14 0:00,7106.31,20.88,TRADE
NSW1,2010/3/14 0:30,6944.91,19.15,TRADE
NSW1,2010/3/14 1:00,6750.71,16.08,TRADE
NSW1,2010/3/14 1:30,6549.48,19.34,TRADE
NSW1,2010/3/14 2:00,6319.44,14.98,TRADE
NSW1,2010/3/14 2:30,6171.64,11.87,TRADE
NSW1,2010/3/14 3:00,6081.7,10.9,TRADE
NSW1,2010/3/14 3:30,6085.32,9.83,TRADE
NSW1,2010/3/14 4:00,6071.81,9.16,TRADE
NSW1,2010/3/14 4:30,6148.14,10.11,TRADE
NSW1,2010/3/14 5:00,6175.47,10.64,TRADE
NSW1,2010/3/14 5:30,6326.35,13.71,TRADE
NSW1,2010/3/14 6:00,6424,16.71,TRADE
NSW1,2010/3/14 6:30,6581.98,12.34,TRADE
NSW1,2010/3/14 7:00,6890.45,15.76,TRADE
NSW1,2010/3/14 7:30,7281.22,20.59,TRADE
NSW1,2010/3/14 8:00,7646.79,21.14,TRADE
NSW1,2010/3/14 8:30,7924.91,21.7,TRADE
NSW1,2010/3/14 9:00,8160.58,21.94,TRADE
NSW1,2010/3/14 9:30,8290,22,TRADE
NSW1,2010/3/14 10:00,8366.71,22,TRADE
NSW1,2010/3/14 10:30,8361.71,22.45,TRADE
NSW1,2010/3/14 11:00,8344.76,22.08,TRADE
NSW1,2010/3/14 11:30,8380.77,22.06,TRADE
NSW1,2010/3/14 12:00,8319.59,22,TRADE
NSW1,2010/3/14 12:30,8264.71,22,TRADE
NSW1,2010/3/14 13:00,8163.75,22,TRADE
NSW1,2010/3/14 13:30,8202.54,22,TRADE
NSW1,2010/3/14 14:00,8138.17,22.1,TRADE
NSW1,2010/3/14 14:30,8170.99,21.84,TRADE
NSW1,2010/3/14 15:00,8255.24,22.04,TRADE
NSW1,2010/3/14 15:30,8305.08,22.04,TRADE
NSW1,2010/3/14 16:00,8288.89,22.01,TRADE
NSW1,2010/3/14 16:30,8241.25,21.98,TRADE
NSW1,2010/3/14 17:00,8360.46,22.25,TRADE
NSW1,2010/3/14 17:30,8303.05,22.09,TRADE
NSW1,2010/3/14 18:00,8306.31,22.42,TRADE
NSW1,2010/3/14 18:30,8361.61,23.17,TRADE
NSW1,2010/3/14 19:00,8559.36,24.62,TRADE
NSW1,2010/3/14 19:30,8469.38,23.75,TRADE
NSW1,2010/3/14 20:00,8375.59,23.04,TRADE
NSW1,2010/3/14 20:30,8161.48,22.23,TRADE
NSW1,2010/3/14 21:00,7927.11,21.73,TRADE
NSW1,2010/3/14 21:30,7807.45,21.85,TRADE
NSW1,2010/3/14 22:00,7692.81,21.32,TRADE
NSW1,2010/3/14 22:30,7564.39,21.32,TRADE
NSW1,2010/3/14 23:00,7434.29,21.08,TRADE
NSW1,2010/3/14 23:30,7275.71,21.32,TRADE
NSW1,2010/3/15 0:00,7158.16,21.74,TRADE
NSW1,2010/3/15 0:30,7021.07,20.87,TRADE
NSW1,2010/3/15 1:00,6870.34,20.95,TRADE
NSW1,2010/3/15 1:30,6668.09,22.38,TRADE
NSW1,2010/3/15 2:00,6450.27,21.14,TRADE
NSW1,2010/3/15 2:30,6350.54,20.26,TRADE
NSW1,2010/3/15 3:00,6254.17,19.86,TRADE
NSW1,2010/3/15 3:30,6321.96,20.24,TRADE
NSW1,2010/3/15 4:00,6412.43,20.2,TRADE
NSW1,2010/3/15 4:30,6638.67,21.11,TRADE
NSW1,2010/3/15 5:00,6878.15,21.74,TRADE
NSW1,2010/3/15 5:30,7595.65,28.66,TRADE
NSW1,2010/3/15 6:00,8164,30.92,TRADE
NSW1,2010/3/15 6:30,8587.45,30.53,TRADE
NSW1,2010/3/15 7:00,8983.62,26.62,TRADE
NSW1,2010/3/15 7:30,9176.02,23.17,TRADE
NSW1,2010/3/15 8:00,9278.96,23.12,TRADE
NSW1,2010/3/15 8:30,9487.83,25.94,TRADE
NSW1,2010/3/15 9:00,9645.35,23.91,TRADE
NSW1,2010/3/15 9:30,9761.06,24.28,TRADE
NSW1,2010/3/15 10:00,9831.95,28.27,TRADE
NSW1,2010/3/15 10:30,9877.72,28.75,TRADE
NSW1,2010/3/15 11:00,10004.11,31.19,TRADE
NSW1,2010/3/15 11:30,9979.44,32.16,TRADE
NSW1,2010/3/15 12:00,9937.75,28.44,TRADE
NSW1,2010/3/15 12:30,9972.22,28.85,TRADE
NSW1,2010/3/15 13:00,10048.06,29.05,TRADE
NSW1,2010/3/15 13:30,10098.36,38.45,TRADE
NSW1,2010/3/15 14:00,10040.52,42.51,TRADE
NSW1,2010/3/15 14:30,9965.57,30.43,TRADE
NSW1,2010/3/15 15:00,10001.55,34.28,TRADE
NSW1,2010/3/15 15:30,10042.85,30.86,TRADE
NSW1,2010/3/15 16:00,10034.15,35.6,TRADE
NSW1,2010/3/15 16:30,9983.76,44.41,TRADE
NSW1,2010/3/15 17:00,9835.25,39.05,TRADE
NSW1,2010/3/15 17:30,9550.36,27.99,TRADE
NSW1,2010/3/15 18:00,9429.92,25.22,TRADE
NSW1,2010/3/15 18:30,9251.35,23.29,TRADE
NSW1,2010/3/15 19:00,9359.37,27.73,TRADE
NSW1,2010/3/15 19:30,9238.45,28.22,TRADE
NSW1,2010/3/15 20:00,9044,27.76,TRADE
NSW1,2010/3/15 20:30,8816.77,26.88,TRADE
NSW1,2010/3/15 21:00,8473.5,23.21,TRADE
NSW1,2010/3/15 21:30,8472.69,22.41,TRADE
NSW1,2010/3/15 22:00,8263.16,21.34,TRADE
NSW1,2010/3/15 22:30,8218.78,21.82,TRADE
NSW1,2010/3/15 23:00,8049.45,21.93,TRADE
NSW1,2010/3/15 23:30,7875.08,22.11,TRADE
NSW1,2010/3/16 0:00,7735.91,21.67,TRADE
NSW1,2010/3/16 0:30,7506.7,21.32,TRADE
NSW1,2010/3/16 1:00,7282.94,20.92,TRADE
NSW1,2010/3/16 1:30,6997.84,22.21,TRADE
NSW1,2010/3/16 2:00,6720.32,21.3,TRADE
NSW1,2010/3/16 2:30,6536.71,20.27,TRADE
NSW1,2010/3/16 3:00,6434.78,20.54,TRADE
NSW1,2010/3/16 3:30,6440.32,20.42,TRADE
NSW1,2010/3/16 4:00,6486.57,20.7,TRADE
NSW1,2010/3/16 4:30,6701.45,21.67,TRADE
NSW1,2010/3/16 5:00,7031.83,22.16,TRADE
NSW1,2010/3/16 5:30,7716.5,28.45,TRADE
NSW1,2010/3/16 6:00,8323.45,34.76,TRADE
NSW1,2010/3/16 6:30,8707.32,34.27,TRADE
NSW1,2010/3/16 7:00,9038.52,34.99,TRADE
NSW1,2010/3/16 7:30,9163.92,29.95,TRADE
NSW1,2010/3/16 8:00,9304,29.97,TRADE
NSW1,2010/3/16 8:30,9553.7,29.67,TRADE
NSW1,2010/3/16 9:00,9733.14,33.55,TRADE
NSW1,2010/3/16 9:30,9860.97,43.94,TRADE
NSW1,2010/3/16 10:00,9958.23,45.89,TRADE
NSW1,2010/3/16 10:30,9960.12,46.47,TRADE
NSW1,2010/3/16 11:00,10055.59,49.1,TRADE
NSW1,2010/3/16 11:30,10054.77,34.52,TRADE
NSW1,2010/3/16 12:00,10098.75,27.69,TRADE
NSW1,2010/3/16 12:30,10130.87,30.07,TRADE
NSW1,2010/3/16 13:00,10180.94,30.09,TRADE
NSW1,2010/3/16 13:30,10204.25,37.1,TRADE
NSW1,2010/3/16 14:00,10185.65,34.27,TRADE
NSW1,2010/3/16 14:30,10178.28,36.36,TRADE
NSW1,2010/3/16 15:00,10213.42,37.52,TRADE
NSW1,2010/3/16 15:30,10262.78,43.06,TRADE
NSW1,2010/3/16 16:00,10255.65,42.24,TRADE
NSW1,2010/3/16 16:30,10124.37,39.45,TRADE
NSW1,2010/3/16 17:00,10008.53,32.77,TRADE
NSW1,2010/3/16 17:30,9653.65,26.34,TRADE
NSW1,2010/3/16 18:00,9477.97,23.32,TRADE
NSW1,2010/3/16 18:30,9400.32,25.35,TRADE
NSW1,2010/3/16 19:00,9479.81,29.84,TRADE
NSW1,2010/3/16 19:30,9384.35,33.7,TRADE
NSW1,2010/3/16 20:00,9140.51,31.15,TRADE
NSW1,2010/3/16 20:30,8848.54,27.88,TRADE
NSW1,2010/3/16 21:00,8596.94,22.97,TRADE
NSW1,2010/3/16 21:30,8493.57,22.05,TRADE
NSW1,2010/3/16 22:00,8371.08,21.43,TRADE
NSW1,2010/3/16 22:30,8287.02,22.22,TRADE
NSW1,2010/3/16 23:00,8091.15,21.51,TRADE
NSW1,2010/3/16 23:30,7936.65,22.39,TRADE
NSW1,2010/3/17 0:00,7743.88,21.48,TRADE
NSW1,2010/3/17 0:30,7509.5,21.24,TRADE
NSW1,2010/3/17 1:00,7316.57,20.94,TRADE
NSW1,2010/3/17 1:30,6992.66,22.34,TRADE
NSW1,2010/3/17 2:00,6748.52,20.81,TRADE
NSW1,2010/3/17 2:30,6565.18,20.83,TRADE
NSW1,2010/3/17 3:00,6497.79,20.79,TRADE
NSW1,2010/3/17 3:30,6458.67,20.61,TRADE
NSW1,2010/3/17 4:00,6520.48,20.94,TRADE
NSW1,2010/3/17 4:30,6763.97,21.4,TRADE
NSW1,2010/3/17 5:00,7065.54,22,TRADE
NSW1,2010/3/17 5:30,7717.07,28.42,TRADE
NSW1,2010/3/17 6:00,8340.72,30.21,TRADE
NSW1,2010/3/17 6:30,8746.54,29.04,TRADE
NSW1,2010/3/17 7:00,9083.98,28.93,TRADE
NSW1,2010/3/17 7:30,9224.06,24.71,TRADE
NSW1,2010/3/17 8:00,9261.38,23.92,TRADE
NSW1,2010/3/17 8:30,9510.17,25.85,TRADE
NSW1,2010/3/17 9:00,9681.78,27.68,TRADE
NSW1,2010/3/17 9:30,9817.01,28.71,TRADE
NSW1,2010/3/17 10:00,9914.25,28.71,TRADE
NSW1,2010/3/17 10:30,10034.44,33.01,TRADE
NSW1,2010/3/17 11:00,10080.03,37.56,TRADE
NSW1,2010/3/17 11:30,10123.54,44.24,TRADE
NSW1,2010/3/17 12:00,10113.28,30.02,TRADE
NSW1,2010/3/17 12:30,10108.52,36.28,TRADE
NSW1,2010/3/17 13:00,10163.93,37.48,TRADE
NSW1,2010/3/17 13:30,10259.74,38.89,TRADE
NSW1,2010/3/17 14:00,10262.45,36.9,TRADE
NSW1,2010/3/17 14:30,10251.36,37.16,TRADE
NSW1,2010/3/17 15:00,10260.93,40.52,TRADE
NSW1,2010/3/17 15:30,10325.68,48.31,TRADE
NSW1,2010/3/17 16:00,10318.19,39.79,TRADE
NSW1,2010/3/17 16:30,10224.37,35.25,TRADE
NSW1,2010/3/17 17:00,10076.37,26.7,TRADE
NSW1,2010/3/17 17:30,9702.43,27.68,TRADE
NSW1,2010/3/17 18:00,9521.42,25.58,TRADE
NSW1,2010/3/17 18:30,9474.07,28.45,TRADE
NSW1,2010/3/17 19:00,9595.81,30.23,TRADE
NSW1,2010/3/17 19:30,9468.81,30.17,TRADE
NSW1,2010/3/17 20:00,9257.56,27.18,TRADE
NSW1,2010/3/17 20:30,8954.08,22.96,TRADE
NSW1,2010/3/17 21:00,8675.1,21.91,TRADE
NSW1,2010/3/17 21:30,8649.35,21.98,TRADE
NSW1,2010/3/17 22:00,8391.71,21.15,TRADE
NSW1,2010/3/17 22:30,8279,21.69,TRADE
NSW1,2010/3/17 23:00,8121.37,21.91,TRADE
NSW1,2010/3/17 23:30,7929.07,23.26,TRADE
NSW1,2010/3/18 0:00,7729.17,21.78,TRADE
NSW1,2010/3/18 0:30,7532.82,20.17,TRADE
NSW1,2010/3/18 1:00,7313.82,20.8,TRADE
NSW1,2010/3/18 1:30,7040.17,21.11,TRADE
NSW1,2010/3/18 2:00,6779.57,19.68,TRADE
NSW1,2010/3/18 2:30,6609.42,19.48,TRADE
NSW1,2010/3/18 3:00,6513.38,17.82,TRADE
NSW1,2010/3/18 3:30,6519.54,17.93,TRADE
NSW1,2010/3/18 4:00,6582.54,19.14,TRADE
NSW1,2010/3/18 4:30,6798.33,19.34,TRADE
NSW1,2010/3/18 5:00,7116.84,21.47,TRADE
NSW1,2010/3/18 5:30,7738.09,27.43,TRADE
NSW1,2010/3/18 6:00,8387.91,29.65,TRADE
NSW1,2010/3/18 6:30,8749.62,24.23,TRADE
NSW1,2010/3/18 7:00,9152.7,23.34,TRADE
NSW1,2010/3/18 7:30,9207.99,24.17,TRADE
NSW1,2010/3/18 8:00,9257.56,24.13,TRADE
NSW1,2010/3/18 8:30,9495.96,25.11,TRADE
NSW1,2010/3/18 9:00,9673.97,31.74,TRADE
NSW1,2010/3/18 9:30,9810.96,30.92,TRADE
NSW1,2010/3/18 10:00,9931.1,31.14,TRADE
NSW1,2010/3/18 10:30,9952.79,29.04,TRADE
NSW1,2010/3/18 11:00,10061.09,31.89,TRADE
NSW1,2010/3/18 11:30,10086.92,30.83,TRADE
NSW1,2010/3/18 12:00,10109.07,34.46,TRADE
NSW1,2010/3/18 12:30,10204.28,42.62,TRADE
NSW1,2010/3/18 13:00,10237.64,37.35,TRADE
NSW1,2010/3/18 13:30,10181.64,37.61,TRADE
NSW1,2010/3/18 14:00,10228.36,37.14,TRADE
NSW1,2010/3/18 14:30,10291.7,35.31,TRADE
NSW1,2010/3/18 15:00,10378.55,35.7,TRADE
NSW1,2010/3/18 15:30,10430.41,36.87,TRADE
NSW1,2010/3/18 16:00,10438.12,37.31,TRADE
NSW1,2010/3/18 16:30,10345.06,35.14,TRADE
NSW1,2010/3/18 17:00,10242.93,31.46,TRADE
NSW1,2010/3/18 17:30,10004.4,30,TRADE
NSW1,2010/3/18 18:00,9810.62,28.05,TRADE
NSW1,2010/3/18 18:30,9707.45,29.2,TRADE
NSW1,2010/3/18 19:00,9783.72,33.1,TRADE
NSW1,2010/3/18 19:30,9692.18,32.48,TRADE
NSW1,2010/3/18 20:00,9432.67,29.39,TRADE
NSW1,2010/3/18 20:30,9062.94,27.25,TRADE
NSW1,2010/3/18 21:00,8719.67,24.64,TRADE
NSW1,2010/3/18 21:30,8637.92,24.03,TRADE
NSW1,2010/3/18 22:00,8431.4,21.45,TRADE
NSW1,2010/3/18 22:30,8397.33,23.23,TRADE
NSW1,2010/3/18 23:00,8191.31,21.86,TRADE
NSW1,2010/3/18 23:30,8002.75,22.99,TRADE
NSW1,2010/3/19 0:00,7806.73,21.5,TRADE
NSW1,2010/3/19 0:30,7611.61,21.49,TRADE
NSW1,2010/3/19 1:00,7389.39,21.73,TRADE
NSW1,2010/3/19 1:30,7099.61,22.43,TRADE
NSW1,2010/3/19 2:00,6834.78,21.4,TRADE
NSW1,2010/3/19 2:30,6687.54,20.17,TRADE
NSW1,2010/3/19 3:00,6601.7,19.88,TRADE
NSW1,2010/3/19 3:30,6529.37,19.87,TRADE
NSW1,2010/3/19 4:00,6619.28,20.95,TRADE
NSW1,2010/3/19 4:30,6856.26,21.49,TRADE
NSW1,2010/3/19 5:00,7116.2,21.87,TRADE
NSW1,2010/3/19 5:30,7780.94,27.63,TRADE
NSW1,2010/3/19 6:00,8375.21,30.18,TRADE
NSW1,2010/3/19 6:30,8725.84,30.9,TRADE
NSW1,2010/3/19 7:00,9089.86,29.03,TRADE
NSW1,2010/3/19 7:30,9273.27,29.4,TRADE
NSW1,2010/3/19 8:00,9457.53,29.06,TRADE
NSW1,2010/3/19 8:30,9694.26,29.87,TRADE
NSW1,2010/3/19 9:00,9804.76,31.4,TRADE
NSW1,2010/3/19 9:30,9999.26,34.42,TRADE
NSW1,2010/3/19 10:00,10054.63,36.25,TRADE
NSW1,2010/3/19 10:30,10093.46,34.98,TRADE
NSW1,2010/3/19 11:00,10157.47,36.03,TRADE
NSW1,2010/3/19 11:30,10268.6,36.3,TRADE
NSW1,2010/3/19 12:00,10326.53,38.42,TRADE
NSW1,2010/3/19 12:30,10437,40.09,TRADE
NSW1,2010/3/19 13:00,10517.72,36.95,TRADE
NSW1,2010/3/19 13:30,10556.68,39.99,TRADE
NSW1,2010/3/19 14:00,10599.17,58.1,TRADE
NSW1,2010/3/19 14:30,10590.13,37.84,TRADE
NSW1,2010/3/19 15:00,10683.42,32.31,TRADE
NSW1,2010/3/19 15:30,10795.67,32.75,TRADE
NSW1,2010/3/19 16:00,10831.75,35.75,TRADE
NSW1,2010/3/19 16:30,10701.46,36.65,TRADE
NSW1,2010/3/19 17:00,10527.09,34.84,TRADE
NSW1,2010/3/19 17:30,10119.06,30.16,TRADE
NSW1,2010/3/19 18:00,9879.11,29.35,TRADE
NSW1,2010/3/19 18:30,9740.17,28.32,TRADE
NSW1,2010/3/19 19:00,9818.83,31.37,TRADE
NSW1,2010/3/19 19:30,9639.86,31.18,TRADE
NSW1,2010/3/19 20:00,9447.56,31.19,TRADE
NSW1,2010/3/19 20:30,9137.44,27.34,TRADE
NSW1,2010/3/19 21:00,8843.9,24.81,TRADE
NSW1,2010/3/19 21:30,8816.58,24.96,TRADE
NSW1,2010/3/19 22:00,8682.64,22.72,TRADE
NSW1,2010/3/19 22:30,8636.19,26.35,TRADE
NSW1,2010/3/19 23:00,8448.66,26.39,TRADE
NSW1,2010/3/19 23:30,8187.42,27.67,TRADE
NSW1,2010/3/20 0:00,7974.14,23.85,TRADE
NSW1,2010/3/20 0:30,7722.52,21.89,TRADE
NSW1,2010/3/20 1:00,7432.15,21.54,TRADE
NSW1,2010/3/20 1:30,7130.85,22.24,TRADE
NSW1,2010/3/20 2:00,6839.58,21.72,TRADE
NSW1,2010/3/20 2:30,6662.06,20.71,TRADE
NSW1,2010/3/20 3:00,6553.22,20.19,TRADE
NSW1,2010/3/20 3:30,6527.28,19.91,TRADE
NSW1,2010/3/20 4:00,6512.72,19.95,TRADE
NSW1,2010/3/20 4:30,6570.39,20.33,TRADE
NSW1,2010/3/20 5:00,6646.26,20.68,TRADE
NSW1,2010/3/20 5:30,6918.01,21.88,TRADE
NSW1,2010/3/20 6:00,7091.5,22,TRADE
NSW1,2010/3/20 6:30,7275.79,22,TRADE
NSW1,2010/3/20 7:00,7700.05,22.23,TRADE
NSW1,2010/3/20 7:30,8086.28,22,TRADE
NSW1,2010/3/20 8:00,8471.95,22.09,TRADE
NSW1,2010/3/20 8:30,8862.79,25.54,TRADE
NSW1,2010/3/20 9:00,8940.37,25.52,TRADE
NSW1,2010/3/20 9:30,9135.69,28.32,TRADE
NSW1,2010/3/20 10:00,9131.93,29.21,TRADE
NSW1,2010/3/20 10:30,9259.86,31.47,TRADE
NSW1,2010/3/20 11:00,9375.11,33.09,TRADE
NSW1,2010/3/20 11:30,9333.78,31.96,TRADE
NSW1,2010/3/20 12:00,9446.39,33.1,TRADE
NSW1,2010/3/20 12:30,9462.96,31.22,TRADE
NSW1,2010/3/20 13:00,9585.6,31.33,TRADE
NSW1,2010/3/20 13:30,9629.84,31.28,TRADE
NSW1,2010/3/20 14:00,9746.8,31.44,TRADE
NSW1,2010/3/20 14:30,9813.44,31.8,TRADE
NSW1,2010/3/20 15:00,9946.28,33.23,TRADE
NSW1,2010/3/20 15:30,9964.83,35.03,TRADE
NSW1,2010/3/20 16:00,10045.89,44.38,TRADE
NSW1,2010/3/20 16:30,9928.58,37.9,TRADE
NSW1,2010/3/20 17:00,9872.28,33.69,TRADE
NSW1,2010/3/20 17:30,9709.46,32.12,TRADE
NSW1,2010/3/20 18:00,9600.09,31.17,TRADE
NSW1,2010/3/20 18:30,9465.66,28.29,TRADE
NSW1,2010/3/20 19:00,9493.36,29.74,TRADE
NSW1,2010/3/20 19:30,9332.94,27.15,TRADE
NSW1,2010/3/20 20:00,9052.21,25.49,TRADE
NSW1,2010/3/20 20:30,8772.92,23.5,TRADE
NSW1,2010/3/20 21:00,8555.17,22,TRADE
NSW1,2010/3/20 21:30,8452.45,22,TRADE
NSW1,2010/3/20 22:00,8297.46,21.65,TRADE
NSW1,2010/3/20 22:30,8221.7,22.01,TRADE
NSW1,2010/3/20 23:00,7940.47,22.04,TRADE
NSW1,2010/3/20 23:30,7742.13,22.35,TRADE
NSW1,2010/3/21 0:00,7466.97,22,TRADE
NSW1,2010/3/21 0:30,7227.38,21.8,TRADE
NSW1,2010/3/21 1:00,7111.75,21.65,TRADE
NSW1,2010/3/21 1:30,6822.22,20.64,TRADE
NSW1,2010/3/21 2:00,6606.68,17.7,TRADE
NSW1,2010/3/21 2:30,6468.81,17,TRADE
NSW1,2010/3/21 3:00,6437.43,16.18,TRADE
NSW1,2010/3/21 3:30,6387.74,17.52,TRADE
NSW1,2010/3/21 4:00,6392.7,16.76,TRADE
NSW1,2010/3/21 4:30,6423.92,12.99,TRADE
NSW1,2010/3/21 5:00,6466.26,13.15,TRADE
NSW1,2010/3/21 5:30,6569.37,14.65,TRADE
NSW1,2010/3/21 6:00,6670.93,16.73,TRADE
NSW1,2010/3/21 6:30,6844.63,17,TRADE
NSW1,2010/3/21 7:00,7089.13,19.38,TRADE
NSW1,2010/3/21 7:30,7490.94,20.98,TRADE
NSW1,2010/3/21 8:00,7796.6,21.73,TRADE
NSW1,2010/3/21 8:30,8118.23,22.02,TRADE
NSW1,2010/3/21 9:00,8386.82,22,TRADE
NSW1,2010/3/21 9:30,8617.69,22,TRADE
NSW1,2010/3/21 10:00,8701.98,21.95,TRADE
NSW1,2010/3/21 10:30,8795.16,22,TRADE
NSW1,2010/3/21 11:00,8856.99,22,TRADE
NSW1,2010/3/21 11:30,8943.89,22,TRADE
NSW1,2010/3/21 12:00,9066.88,22.15,TRADE
NSW1,2010/3/21 12:30,9167.63,22.3,TRADE
NSW1,2010/3/21 13:00,9343.97,25.16,TRADE
NSW1,2010/3/21 13:30,9508.07,26.4,TRADE
NSW1,2010/3/21 14:00,9603.94,26.89,TRADE
NSW1,2010/3/21 14:30,9648.75,27.14,TRADE
NSW1,2010/3/21 15:00,9785.16,27.61,TRADE
NSW1,2010/3/21 15:30,9869.67,28.1,TRADE
NSW1,2010/3/21 16:00,9943.39,28.78,TRADE
NSW1,2010/3/21 16:30,9903.45,28.75,TRADE
NSW1,2010/3/21 17:00,9988.28,31.87,TRADE
NSW1,2010/3/21 17:30,10019.53,33.72,TRADE
NSW1,2010/3/21 18:00,9926.09,32.98,TRADE
NSW1,2010/3/21 18:30,9954.23,34.09,TRADE
NSW1,2010/3/21 19:00,10102.26,36.11,TRADE
NSW1,2010/3/21 19:30,9937.44,32.89,TRADE
NSW1,2010/3/21 20:00,9746.37,27.08,TRADE
NSW1,2010/3/21 20:30,9342.61,23.01,TRADE
NSW1,2010/3/21 21:00,8866.95,21.7,TRADE
NSW1,2010/3/21 21:30,8561.45,21.67,TRADE
NSW1,2010/3/21 22:00,8280.43,20.69,TRADE
NSW1,2010/3/21 22:30,8085.59,21.05,TRADE
NSW1,2010/3/21 23:00,7799.08,21.23,TRADE
NSW1,2010/3/21 23:30,7537.04,21.24,TRADE
NSW1,2010/3/22 0:00,7358.23,20.88,TRADE
NSW1,2010/3/22 0:30,7232.38,19.47,TRADE
NSW1,2010/3/22 1:00,7076.93,17.87,TRADE
NSW1,2010/3/22 1:30,6859.06,20.76,TRADE
NSW1,2010/3/22 2:00,6662.83,20.01,TRADE
NSW1,2010/3/22 2:30,6604.79,20.02,TRADE
NSW1,2010/3/22 3:00,6509.87,19.17,TRADE
NSW1,2010/3/22 3:30,6459.74,17.7,TRADE
NSW1,2010/3/22 4:00,6558.03,18.65,TRADE
NSW1,2010/3/22 4:30,6776.06,18.62,TRADE
NSW1,2010/3/22 5:00,7112.97,21.63,TRADE
NSW1,2010/3/22 5:30,7798.84,22.83,TRADE
NSW1,2010/3/22 6:00,8475.22,25.68,TRADE
NSW1,2010/3/22 6:30,8986.65,26.82,TRADE
NSW1,2010/3/22 7:00,9343.96,24.24,TRADE
NSW1,2010/3/22 7:30,9602.18,24.63,TRADE
NSW1,2010/3/22 8:00,9723.88,25.29,TRADE
NSW1,2010/3/22 8:30,9957.64,27.71,TRADE
NSW1,2010/3/22 9:00,10185.32,31.08,TRADE
NSW1,2010/3/22 9:30,10222.62,31.03,TRADE
NSW1,2010/3/22 10:00,10230.14,30.63,TRADE
NSW1,2010/3/22 10:30,10200.84,30.43,TRADE
NSW1,2010/3/22 11:00,10233.91,30.83,TRADE
NSW1,2010/3/22 11:30,10219.71,30.13,TRADE
NSW1,2010/3/22 12:00,10273.89,30.05,TRADE
NSW1,2010/3/22 12:30,10295.48,30.82,TRADE
NSW1,2010/3/22 13:00,10326.08,29.72,TRADE
NSW1,2010/3/22 13:30,10358.94,29.88,TRADE
NSW1,2010/3/22 14:00,10311.76,29.22,TRADE
NSW1,2010/3/22 14:30,10287.03,27.13,TRADE
NSW1,2010/3/22 15:00,10262.56,26.49,TRADE
NSW1,2010/3/22 15:30,10290.7,25.9,TRADE
NSW1,2010/3/22 16:00,10286.51,25.5,TRADE
NSW1,2010/3/22 16:30,10196.43,24.98,TRADE
NSW1,2010/3/22 17:00,10026.06,24.73,TRADE
NSW1,2010/3/22 17:30,9769.32,23,TRADE
NSW1,2010/3/22 18:00,9640.1,22.19,TRADE
NSW1,2010/3/22 18:30,9542.65,21.97,TRADE
NSW1,2010/3/22 19:00,9590.92,23.53,TRADE
NSW1,2010/3/22 19:30,9433.55,22.01,TRADE
NSW1,2010/3/22 20:00,9129.84,21.84,TRADE
NSW1,2010/3/22 20:30,8859.69,22,TRADE
NSW1,2010/3/22 21:00,8571.55,21.47,TRADE
NSW1,2010/3/22 21:30,8530.81,21.69,TRADE
NSW1,2010/3/22 22:00,8361.43,21.57,TRADE
NSW1,2010/3/22 22:30,8298.41,21.73,TRADE
NSW1,2010/3/22 23:00,8147.2,22.06,TRADE
NSW1,2010/3/22 23:30,7910.06,21.81,TRADE
NSW1,2010/3/23 0:00,7719.43,21.14,TRADE
NSW1,2010/3/23 0:30,7549.92,20.54,TRADE
NSW1,2010/3/23 1:00,7400.03,20.61,TRADE
NSW1,2010/3/23 1:30,7076.52,19.83,TRADE
NSW1,2010/3/23 2:00,6804.72,17.54,TRADE
NSW1,2010/3/23 2:30,6640.71,16.47,TRADE
NSW1,2010/3/23 3:00,6554.16,15.19,TRADE
NSW1,2010/3/23 3:30,6550.8,15.83,TRADE
NSW1,2010/3/23 4:00,6657.82,17.77,TRADE
NSW1,2010/3/23 4:30,6851.76,19.01,TRADE
NSW1,2010/3/23 5:00,7167.88,20.66,TRADE
NSW1,2010/3/23 5:30,7812,22.19,TRADE
NSW1,2010/3/23 6:00,8481.69,25.03,TRADE
NSW1,2010/3/23 6:30,8919.93,24.35,TRADE
NSW1,2010/3/23 7:00,9305.22,23.54,TRADE
NSW1,2010/3/23 7:30,9416.62,24.24,TRADE
NSW1,2010/3/23 8:00,9575.79,25.21,TRADE
NSW1,2010/3/23 8:30,9813.5,25.87,TRADE
NSW1,2010/3/23 9:00,9988.22,26.52,TRADE
NSW1,2010/3/23 9:30,10125.49,26.94,TRADE
NSW1,2010/3/23 10:00,10225.4,27.37,TRADE
NSW1,2010/3/23 10:30,10230.55,27.48,TRADE
NSW1,2010/3/23 11:00,10271.52,28.07,TRADE
NSW1,2010/3/23 11:30,10318.09,28.11,TRADE
NSW1,2010/3/23 12:00,10373.64,26.96,TRADE
NSW1,2010/3/23 12:30,10502.14,27.19,TRADE
NSW1,2010/3/23 13:00,10565.2,27.11,TRADE
NSW1,2010/3/23 13:30,10655.87,26.68,TRADE
NSW1,2010/3/23 14:00,10687.33,26.89,TRADE
NSW1,2010/3/23 14:30,10677.19,27.16,TRADE
NSW1,2010/3/23 15:00,10752.81,27.31,TRADE
NSW1,2010/3/23 15:30,10815.64,27.38,TRADE
NSW1,2010/3/23 16:00,10861.24,27.81,TRADE
NSW1,2010/3/23 16:30,10703.72,26.79,TRADE
NSW1,2010/3/23 17:00,10539.79,26.32,TRADE
NSW1,2010/3/23 17:30,10220.12,25.16,TRADE
NSW1,2010/3/23 18:00,10027.23,22.5,TRADE
NSW1,2010/3/23 18:30,9931.85,22.53,TRADE
NSW1,2010/3/23 19:00,10070.11,25.48,TRADE
NSW1,2010/3/23 19:30,9841.94,23.41,TRADE
NSW1,2010/3/23 20:00,9575.01,22.53,TRADE
NSW1,2010/3/23 20:30,9219.18,21.83,TRADE
NSW1,2010/3/23 21:00,8805.59,21.45,TRADE
NSW1,2010/3/23 21:30,8733.92,21.89,TRADE
NSW1,2010/3/23 22:00,8544.34,21.85,TRADE
NSW1,2010/3/23 22:30,8422.13,22.47,TRADE
NSW1,2010/3/23 23:00,8267.83,22.43,TRADE
NSW1,2010/3/23 23:30,8050.67,22.47,TRADE
NSW1,2010/3/24 0:00,7839.98,21.72,TRADE
NSW1,2010/3/24 0:30,7652.56,20.87,TRADE
NSW1,2010/3/24 1:00,7459.61,20.58,TRADE
NSW1,2010/3/24 1:30,7155.62,21.21,TRADE
NSW1,2010/3/24 2:00,6915.74,19.06,TRADE
NSW1,2010/3/24 2:30,6731.65,17.5,TRADE
NSW1,2010/3/24 3:00,6616.97,16.78,TRADE
NSW1,2010/3/24 3:30,6598.81,17,TRADE
NSW1,2010/3/24 4:00,6661.19,17.85,TRADE
NSW1,2010/3/24 4:30,6884.38,18.65,TRADE
NSW1,2010/3/24 5:00,7197.64,21.2,TRADE
NSW1,2010/3/24 5:30,7815.29,23.39,TRADE
NSW1,2010/3/24 6:00,8481.56,25.75,TRADE
NSW1,2010/3/24 6:30,8898.89,26.68,TRADE
NSW1,2010/3/24 7:00,9257.82,24.82,TRADE
NSW1,2010/3/24 7:30,9397.04,24.57,TRADE
NSW1,2010/3/24 8:00,9537.83,24.67,TRADE
NSW1,2010/3/24 8:30,9764.68,24.91,TRADE
NSW1,2010/3/24 9:00,9926.18,25.08,TRADE
NSW1,2010/3/24 9:30,10056.03,25.53,TRADE
NSW1,2010/3/24 10:00,10180.22,25.71,TRADE
NSW1,2010/3/24 10:30,10230.46,25.69,TRADE
NSW1,2010/3/24 11:00,10296.59,25.76,TRADE
NSW1,2010/3/24 11:30,10298.66,28.09,TRADE
NSW1,2010/3/24 12:00,10303.16,29.83,TRADE
NSW1,2010/3/24 12:30,10297.39,33.12,TRADE
NSW1,2010/3/24 13:00,10333.42,34.48,TRADE
NSW1,2010/3/24 13:30,10364.51,34.65,TRADE
NSW1,2010/3/24 14:00,10373.77,35.61,TRADE
NSW1,2010/3/24 14:30,10250.27,35.56,TRADE
NSW1,2010/3/24 15:00,10202.92,33.39,TRADE
NSW1,2010/3/24 15:30,10199.51,32.64,TRADE
NSW1,2010/3/24 16:00,10167.71,31.87,TRADE
NSW1,2010/3/24 16:30,10108.82,30.94,TRADE
NSW1,2010/3/24 17:00,9952.23,28.06,TRADE
NSW1,2010/3/24 17:30,9625.59,24.95,TRADE
NSW1,2010/3/24 18:00,9568.75,24.9,TRADE
NSW1,2010/3/24 18:30,9558.04,25.05,TRADE
NSW1,2010/3/24 19:00,9509.07,26.37,TRADE
NSW1,2010/3/24 19:30,9409.04,25.63,TRADE
NSW1,2010/3/24 20:00,9174.39,25.15,TRADE
NSW1,2010/3/24 20:30,8926.51,24.75,TRADE
NSW1,2010/3/24 21:00,8636.95,22.1,TRADE
NSW1,2010/3/24 21:30,8585.52,21.67,TRADE
NSW1,2010/3/24 22:00,8409.46,21.06,TRADE
NSW1,2010/3/24 22:30,8280.56,21.66,TRADE
NSW1,2010/3/24 23:00,8138.84,21.99,TRADE
NSW1,2010/3/24 23:30,7983.09,23.22,TRADE
NSW1,2010/3/25 0:00,7786.09,21.87,TRADE
NSW1,2010/3/25 0:30,7615.44,21.2,TRADE
NSW1,2010/3/25 1:00,7424.13,20.61,TRADE
NSW1,2010/3/25 1:30,7129.67,21.97,TRADE
NSW1,2010/3/25 2:00,6872.95,19.75,TRADE
NSW1,2010/3/25 2:30,6707.12,17,TRADE
NSW1,2010/3/25 3:00,6628.72,17,TRADE
NSW1,2010/3/25 3:30,6617.29,18.72,TRADE
NSW1,2010/3/25 4:00,6685.3,19.78,TRADE
NSW1,2010/3/25 4:30,6904.24,20.74,TRADE
NSW1,2010/3/25 5:00,7190.2,20.94,TRADE
NSW1,2010/3/25 5:30,7861,23.37,TRADE
NSW1,2010/3/25 6:00,8501.63,26.11,TRADE
NSW1,2010/3/25 6:30,8914.99,25.26,TRADE
NSW1,2010/3/25 7:00,9287.55,26.62,TRADE
NSW1,2010/3/25 7:30,9397.63,26.97,TRADE
NSW1,2010/3/25 8:00,9497.72,27.49,TRADE
NSW1,2010/3/25 8:30,9704.94,28.03,TRADE
NSW1,2010/3/25 9:00,9871.14,29.63,TRADE
NSW1,2010/3/25 9:30,9993.36,30.79,TRADE
NSW1,2010/3/25 10:00,9794.28,28.71,TRADE
NSW1,2010/3/25 10:30,9945.78,32.75,TRADE
NSW1,2010/3/25 11:00,10257.15,37.32,TRADE
NSW1,2010/3/25 11:30,10275.86,40.15,TRADE
NSW1,2010/3/25 12:00,10280.72,37.59,TRADE
NSW1,2010/3/25 12:30,10356.58,46.21,TRADE
NSW1,2010/3/25 13:00,10398.89,43.73,TRADE
NSW1,2010/3/25 13:30,10448.49,41.24,TRADE
NSW1,2010/3/25 14:00,10486.17,37.27,TRADE
NSW1,2010/3/25 14:30,10490.72,40.01,TRADE
NSW1,2010/3/25 15:00,10567.46,41.14,TRADE
NSW1,2010/3/25 15:30,10597.84,43.01,TRADE
NSW1,2010/3/25 16:00,10582.76,41.14,TRADE
NSW1,2010/3/25 16:30,10494.8,41.69,TRADE
NSW1,2010/3/25 17:00,10435.65,40.17,TRADE
NSW1,2010/3/25 17:30,10149.23,29.95,TRADE
NSW1,2010/3/25 18:00,10043.71,31.26,TRADE
NSW1,2010/3/25 18:30,10063.54,33.2,TRADE
NSW1,2010/3/25 19:00,10096.29,35.43,TRADE
NSW1,2010/3/25 19:30,9917.6,34.23,TRADE
NSW1,2010/3/25 20:00,9647.11,31.04,TRADE
NSW1,2010/3/25 20:30,9255.83,25.39,TRADE
NSW1,2010/3/25 21:00,8907.29,23.89,TRADE
NSW1,2010/3/25 21:30,8852.97,23.64,TRADE
NSW1,2010/3/25 22:00,8678.96,21.17,TRADE
NSW1,2010/3/25 22:30,8580.63,21.73,TRADE
NSW1,2010/3/25 23:00,8351.8,22.21,TRADE
NSW1,2010/3/25 23:30,8098.04,22,TRADE
NSW1,2010/3/26 0:00,7902.83,21.63,TRADE
NSW1,2010/3/26 0:30,7611.5,21.31,TRADE
NSW1,2010/3/26 1:00,7418.51,20.68,TRADE
NSW1,2010/3/26 1:30,7137.12,21.53,TRADE
NSW1,2010/3/26 2:00,6876.86,20.61,TRADE
NSW1,2010/3/26 2:30,6718.93,19.97,TRADE
NSW1,2010/3/26 3:00,6638.86,19.25,TRADE
NSW1,2010/3/26 3:30,6626.67,19.5,TRADE
NSW1,2010/3/26 4:00,6652.6,19.48,TRADE
NSW1,2010/3/26 4:30,6888.27,20.27,TRADE
NSW1,2010/3/26 5:00,7184.93,20.56,TRADE
NSW1,2010/3/26 5:30,7833.93,24.1,TRADE
NSW1,2010/3/26 6:00,8430.38,29.14,TRADE
NSW1,2010/3/26 6:30,8817.59,24.59,TRADE
NSW1,2010/3/26 7:00,9224.87,24.08,TRADE
NSW1,2010/3/26 7:30,9393.58,24.86,TRADE
NSW1,2010/3/26 8:00,9581.15,25.17,TRADE
NSW1,2010/3/26 8:30,9869.97,27.2,TRADE
NSW1,2010/3/26 9:00,10085.17,30.28,TRADE
NSW1,2010/3/26 9:30,10232.75,32.1,TRADE
NSW1,2010/3/26 10:00,10434.32,47.14,TRADE
NSW1,2010/3/26 10:30,10544.48,51.32,TRADE
NSW1,2010/3/26 11:00,10652.77,48.74,TRADE
NSW1,2010/3/26 11:30,10723.36,42.83,TRADE
NSW1,2010/3/26 12:00,10803.1,37.32,TRADE
NSW1,2010/3/26 12:30,10988.6,483.67,TRADE
NSW1,2010/3/26 13:00,11130.67,1835.69,TRADE
NSW1,2010/3/26 13:30,11281.35,20.16,TRADE
NSW1,2010/3/26 14:00,11377.97,25.86,TRADE
NSW1,2010/3/26 14:30,11369.14,30.01,TRADE
NSW1,2010/3/26 15:00,11472.47,38.65,TRADE
NSW1,2010/3/26 15:30,11592.51,32.26,TRADE
NSW1,2010/3/26 16:00,11586.81,31.36,TRADE
NSW1,2010/3/26 16:30,11421.85,31.66,TRADE
NSW1,2010/3/26 17:00,11091.47,32.97,TRADE
NSW1,2010/3/26 17:30,10640.83,28.06,TRADE
NSW1,2010/3/26 18:00,10429.17,26.18,TRADE
NSW1,2010/3/26 18:30,10350.95,29.99,TRADE
NSW1,2010/3/26 19:00,10357.89,32.5,TRADE
NSW1,2010/3/26 19:30,10109.62,28.64,TRADE
NSW1,2010/3/26 20:00,9854.5,25.8,TRADE
NSW1,2010/3/26 20:30,9528.2,24.72,TRADE
NSW1,2010/3/26 21:00,9208.74,21.85,TRADE
NSW1,2010/3/26 21:30,9196.16,22.11,TRADE
NSW1,2010/3/26 22:00,8994.79,21.49,TRADE
NSW1,2010/3/26 22:30,8862.96,21.83,TRADE
NSW1,2010/3/26 23:00,8605.46,22,TRADE
NSW1,2010/3/26 23:30,8329.25,22.66,TRADE
NSW1,2010/3/27 0:00,8050.88,22,TRADE
NSW1,2010/3/27 0:30,7820.87,21.77,TRADE
NSW1,2010/3/27 1:00,7527.59,20.66,TRADE
NSW1,2010/3/27 1:30,7123.69,21.83,TRADE
NSW1,2010/3/27 2:00,6964.45,20.72,TRADE
NSW1,2010/3/27 2:30,6753.03,17.73,TRADE
NSW1,2010/3/27 3:00,6599.44,16.21,TRADE
NSW1,2010/3/27 3:30,6629.3,17,TRADE
NSW1,2010/3/27 4:00,6606.27,16.91,TRADE
NSW1,2010/3/27 4:30,6679.41,17.7,TRADE
NSW1,2010/3/27 5:00,6851.49,20.13,TRADE
NSW1,2010/3/27 5:30,7066.87,21.68,TRADE
NSW1,2010/3/27 6:00,7307.77,22,TRADE
NSW1,2010/3/27 6:30,7515.11,22,TRADE
NSW1,2010/3/27 7:00,7938.01,22,TRADE
NSW1,2010/3/27 7:30,8362.24,22,TRADE
NSW1,2010/3/27 8:00,8743.71,22.03,TRADE
NSW1,2010/3/27 8:30,9079.44,23.49,TRADE
NSW1,2010/3/27 9:00,9271.29,25.17,TRADE
NSW1,2010/3/27 9:30,9356.79,25.52,TRADE
NSW1,2010/3/27 10:00,9378.07,25.72,TRADE
NSW1,2010/3/27 10:30,9454.44,27.45,TRADE
NSW1,2010/3/27 11:00,9519.73,29.43,TRADE
NSW1,2010/3/27 11:30,9529.11,29.26,TRADE
NSW1,2010/3/27 12:00,9571.67,29.61,TRADE
NSW1,2010/3/27 12:30,9651.06,29.31,TRADE
NSW1,2010/3/27 13:00,9701.44,30.44,TRADE
NSW1,2010/3/27 13:30,9713.55,28.65,TRADE
NSW1,2010/3/27 14:00,9682.07,29.2,TRADE
NSW1,2010/3/27 14:30,9793.54,32.08,TRADE
NSW1,2010/3/27 15:00,9767.18,30.84,TRADE
NSW1,2010/3/27 15:30,9799.45,30.76,TRADE
NSW1,2010/3/27 16:00,9786.63,31.07,TRADE
NSW1,2010/3/27 16:30,9623.05,28.81,TRADE
NSW1,2010/3/27 17:00,9478.38,28.22,TRADE
NSW1,2010/3/27 17:30,9373.36,25.59,TRADE
NSW1,2010/3/27 18:00,9242.89,24.95,TRADE
NSW1,2010/3/27 18:30,9347.15,26.74,TRADE
NSW1,2010/3/27 19:00,9319.83,27.96,TRADE
NSW1,2010/3/27 19:30,9107.1,24.35,TRADE
NSW1,2010/3/27 20:00,8827.07,22.04,TRADE
NSW1,2010/3/27 20:30,8576.47,22,TRADE
NSW1,2010/3/27 21:00,8463.09,22,TRADE
NSW1,2010/3/27 21:30,8461.8,23.12,TRADE
NSW1,2010/3/27 22:00,8385.47,21.74,TRADE
NSW1,2010/3/27 22:30,8254.52,22.31,TRADE
NSW1,2010/3/27 23:00,8000.22,22.24,TRADE
NSW1,2010/3/27 23:30,7746.81,23.62,TRADE
NSW1,2010/3/28 0:00,7526.27,21.54,TRADE
NSW1,2010/3/28 0:30,7323.92,21.35,TRADE
NSW1,2010/3/28 1:00,7070.95,20.64,TRADE
NSW1,2010/3/28 1:30,6879.4,21.38,TRADE
NSW1,2010/3/28 2:00,6654.17,20.95,TRADE
NSW1,2010/3/28 2:30,6495.69,17.41,TRADE
NSW1,2010/3/28 3:00,6432.16,16.27,TRADE
NSW1,2010/3/28 3:30,6409.21,19.45,TRADE
NSW1,2010/3/28 4:00,6399.19,19.51,TRADE
NSW1,2010/3/28 4:30,6440.65,12.84,TRADE
NSW1,2010/3/28 5:00,6477.63,18.28,TRADE
NSW1,2010/3/28 5:30,6603.83,20,TRADE
NSW1,2010/3/28 6:00,6725.85,19.14,TRADE
NSW1,2010/3/28 6:30,6841.51,19.03,TRADE
NSW1,2010/3/28 7:00,7141.14,19.33,TRADE
NSW1,2010/3/28 7:30,7560.06,20.95,TRADE
NSW1,2010/3/28 8:00,7832.19,20.87,TRADE
NSW1,2010/3/28 8:30,8233.47,21.62,TRADE
NSW1,2010/3/28 9:00,8524.14,21.99,TRADE
NSW1,2010/3/28 9:30,8718.65,23.26,TRADE
NSW1,2010/3/28 10:00,8869.36,22.69,TRADE
NSW1,2010/3/28 10:30,8957.07,23.63,TRADE
NSW1,2010/3/28 11:00,9121.78,24.93,TRADE
NSW1,2010/3/28 11:30,9250.37,25.25,TRADE
NSW1,2010/3/28 12:00,9390.8,25.28,TRADE
NSW1,2010/3/28 12:30,9474.37,25.6,TRADE
NSW1,2010/3/28 13:00,9533.17,25.81,TRADE
NSW1,2010/3/28 13:30,9665.77,26.48,TRADE
NSW1,2010/3/28 14:00,9647.52,25.97,TRADE
NSW1,2010/3/28 14:30,9747.39,26.54,TRADE
NSW1,2010/3/28 15:00,9779.49,27.02,TRADE
NSW1,2010/3/28 15:30,9819.44,27.89,TRADE
NSW1,2010/3/28 16:00,9807.21,28.16,TRADE
NSW1,2010/3/28 16:30,9723.76,27.78,TRADE
NSW1,2010/3/28 17:00,9704.66,27.45,TRADE
NSW1,2010/3/28 17:30,9623.69,25.29,TRADE
NSW1,2010/3/28 18:00,9578.63,27.1,TRADE
NSW1,2010/3/28 18:30,9675.7,29.27,TRADE
NSW1,2010/3/28 19:00,9677.79,29.44,TRADE
NSW1,2010/3/28 19:30,9459.78,26.47,TRADE
NSW1,2010/3/28 20:00,9290.91,24.46,TRADE
NSW1,2010/3/28 20:30,8965.62,21.87,TRADE
NSW1,2010/3/28 21:00,8654.35,21.33,TRADE
NSW1,2010/3/28 21:30,8438.4,21.58,TRADE
NSW1,2010/3/28 22:00,8286.07,21.28,TRADE
NSW1,2010/3/28 22:30,8064.04,21.14,TRADE
NSW1,2010/3/28 23:00,7745.75,21.05,TRADE
NSW1,2010/3/28 23:30,7578.91,21.38,TRADE
NSW1,2010/3/29 0:00,7423.26,20.97,TRADE
NSW1,2010/3/29 0:30,7272.48,20.55,TRADE
NSW1,2010/3/29 1:00,7106.76,19.39,TRADE
NSW1,2010/3/29 1:30,6894.47,21.01,TRADE
NSW1,2010/3/29 2:00,6778.37,20.68,TRADE
NSW1,2010/3/29 2:30,6649.62,18.85,TRADE
NSW1,2010/3/29 3:00,6594.57,18.74,TRADE
NSW1,2010/3/29 3:30,6574.99,19.73,TRADE
NSW1,2010/3/29 4:00,6647.61,20.37,TRADE
NSW1,2010/3/29 4:30,6975.62,20.95,TRADE
NSW1,2010/3/29 5:00,7289.3,21.3,TRADE
NSW1,2010/3/29 5:30,7951.3,24.88,TRADE
NSW1,2010/3/29 6:00,8647.71,32.62,TRADE
NSW1,2010/3/29 6:30,9115.87,31.57,TRADE
NSW1,2010/3/29 7:00,9588.2,29.56,TRADE
NSW1,2010/3/29 7:30,9824.97,29.57,TRADE
NSW1,2010/3/29 8:00,10009.52,31.08,TRADE
NSW1,2010/3/29 8:30,10255.3,35.99,TRADE
NSW1,2010/3/29 9:00,10379.45,37.77,TRADE
NSW1,2010/3/29 9:30,10507.79,37.91,TRADE
NSW1,2010/3/29 10:00,10530.6,32.84,TRADE
NSW1,2010/3/29 10:30,10599.45,34.62,TRADE
NSW1,2010/3/29 11:00,10652.74,37.86,TRADE
NSW1,2010/3/29 11:30,10642.74,36.46,TRADE
NSW1,2010/3/29 12:00,10570.3,35.91,TRADE
NSW1,2010/3/29 12:30,10602.63,32.43,TRADE
NSW1,2010/3/29 13:00,10563.29,35.22,TRADE
NSW1,2010/3/29 13:30,10533.34,32.69,TRADE
NSW1,2010/3/29 14:00,10441.39,31.28,TRADE
NSW1,2010/3/29 14:30,10410.1,32.14,TRADE
NSW1,2010/3/29 15:00,10368.66,31.89,TRADE
NSW1,2010/3/29 15:30,10336.47,31.53,TRADE
NSW1,2010/3/29 16:00,10361.74,31.86,TRADE
NSW1,2010/3/29 16:30,10356.64,31.84,TRADE
NSW1,2010/3/29 17:00,10325.6,31.53,TRADE
NSW1,2010/3/29 17:30,10121.84,26.88,TRADE
NSW1,2010/3/29 18:00,10084.28,26.03,TRADE
NSW1,2010/3/29 18:30,10091.44,30.71,TRADE
NSW1,2010/3/29 19:00,9911.71,30.6,TRADE
NSW1,2010/3/29 19:30,9725.37,27.68,TRADE
NSW1,2010/3/29 20:00,9521.53,24.61,TRADE
NSW1,2010/3/29 20:30,9212.92,22.99,TRADE
NSW1,2010/3/29 21:00,8904.89,21.54,TRADE
NSW1,2010/3/29 21:30,8801.91,21.76,TRADE
NSW1,2010/3/29 22:00,8625.51,21.64,TRADE
NSW1,2010/3/29 22:30,8561.05,24.14,TRADE
NSW1,2010/3/29 23:00,8378.93,24.47,TRADE
NSW1,2010/3/29 23:30,8244.75,25.37,TRADE
NSW1,2010/3/30 0:00,8008.11,23.94,TRADE
NSW1,2010/3/30 0:30,7875.02,22.71,TRADE
NSW1,2010/3/30 1:00,7599.08,22,TRADE
NSW1,2010/3/30 1:30,7307.75,22,TRADE
NSW1,2010/3/30 2:00,7090.97,22,TRADE
NSW1,2010/3/30 2:30,6893.41,22,TRADE
NSW1,2010/3/30 3:00,6832,22,TRADE
NSW1,2010/3/30 3:30,6796.05,22,TRADE
NSW1,2010/3/30 4:00,6867.12,22,TRADE
NSW1,2010/3/30 4:30,7043.14,22,TRADE
NSW1,2010/3/30 5:00,7380.15,22,TRADE
NSW1,2010/3/30 5:30,8021.51,22.98,TRADE
NSW1,2010/3/30 6:00,8668.23,30.35,TRADE
NSW1,2010/3/30 6:30,9143.15,34.76,TRADE
NSW1,2010/3/30 7:00,9574.33,38.76,TRADE
NSW1,2010/3/30 7:30,9774.56,35.43,TRADE
NSW1,2010/3/30 8:00,9856.47,33.22,TRADE
NSW1,2010/3/30 8:30,10040.32,32.21,TRADE
NSW1,2010/3/30 9:00,10144.02,34.52,TRADE
NSW1,2010/3/30 9:30,10191.31,33.28,TRADE
NSW1,2010/3/30 10:00,10213.98,30.25,TRADE
NSW1,2010/3/30 10:30,10207.64,27.91,TRADE
NSW1,2010/3/30 11:00,10221.29,29.38,TRADE
NSW1,2010/3/30 11:30,10165.31,28.12,TRADE
NSW1,2010/3/30 12:00,10173.25,27.83,TRADE
NSW1,2010/3/30 12:30,10190.09,28.26,TRADE
NSW1,2010/3/30 13:00,10167.21,28.83,TRADE
NSW1,2010/3/30 13:30,10104.85,28.98,TRADE
NSW1,2010/3/30 14:00,10029.09,25.78,TRADE
NSW1,2010/3/30 14:30,9932.7,25.64,TRADE
NSW1,2010/3/30 15:00,9958,25.03,TRADE
NSW1,2010/3/30 15:30,9897.78,24.56,TRADE
NSW1,2010/3/30 16:00,9894.82,24.52,TRADE
NSW1,2010/3/30 16:30,9920.57,24.86,TRADE
NSW1,2010/3/30 17:00,9838.81,24.86,TRADE
NSW1,2010/3/30 17:30,9762.79,24.67,TRADE
NSW1,2010/3/30 18:00,9722.12,24.68,TRADE
NSW1,2010/3/30 18:30,9618.2,24.97,TRADE
NSW1,2010/3/30 19:00,9450.98,24.94,TRADE
NSW1,2010/3/30 19:30,9293.79,24.52,TRADE
NSW1,2010/3/30 20:00,9038.74,22.23,TRADE
NSW1,2010/3/30 20:30,8732.79,21.83,TRADE
NSW1,2010/3/30 21:00,8408.93,22,TRADE
NSW1,2010/3/30 21:30,8436.8,21.66,TRADE
NSW1,2010/3/30 22:00,8294.33,21.16,TRADE
NSW1,2010/3/30 22:30,8250.64,22.47,TRADE
NSW1,2010/3/30 23:00,8118.13,22.3,TRADE
NSW1,2010/3/30 23:30,7974.42,22.7,TRADE
NSW1,2010/3/31 0:00,7807.15,21.73,TRADE
NSW1,2010/3/31 0:30,7630.95,21.49,TRADE
NSW1,2010/3/31 1:00,7414.88,20.5,TRADE
NSW1,2010/3/31 1:30,7079.51,21.38,TRADE
NSW1,2010/3/31 2:00,6801.81,18.65,TRADE
NSW1,2010/3/31 2:30,6599.93,16.9,TRADE
NSW1,2010/3/31 3:00,6527.2,17,TRADE
NSW1,2010/3/31 3:30,6518.43,16.88,TRADE
NSW1,2010/3/31 4:00,6595.57,17.71,TRADE
NSW1,2010/3/31 4:30,6806.94,19.56,TRADE
NSW1,2010/3/31 5:00,7132.94,19.94,TRADE
NSW1,2010/3/31 5:30,7734.16,22.33,TRADE
NSW1,2010/3/31 6:00,8449.8,29.6,TRADE
NSW1,2010/3/31 6:30,8937.63,25.9,TRADE
NSW1,2010/3/31 7:00,9355.09,24.45,TRADE
NSW1,2010/3/31 7:30,9500.48,24.31,TRADE
NSW1,2010/3/31 8:00,9540.8,24.45,TRADE
NSW1,2010/3/31 8:30,9704.67,24.91,TRADE
NSW1,2010/3/31 9:00,9758.6,24.94,TRADE
NSW1,2010/3/31 9:30,9833.78,25.01,TRADE
NSW1,2010/3/31 10:00,9851.39,25.03,TRADE
NSW1,2010/3/31 10:30,9847.68,25.04,TRADE
NSW1,2010/3/31 11:00,9833.3,25,TRADE
NSW1,2010/3/31 11:30,9797.22,24.82,TRADE
NSW1,2010/3/31 12:00,9774.48,24.52,TRADE
NSW1,2010/3/31 12:30,9766.7,23.46,TRADE
NSW1,2010/3/31 13:00,9762.84,24.67,TRADE
NSW1,2010/3/31 13:30,9743.94,24.67,TRADE
NSW1,2010/3/31 14:00,9698.85,23.78,TRADE
NSW1,2010/3/31 14:30,9602.71,23.26,TRADE
NSW1,2010/3/31 15:00,9619.52,23.26,TRADE
NSW1,2010/3/31 15:30,9607.21,23.54,TRADE
NSW1,2010/3/31 16:00,9614.49,23.91,TRADE
NSW1,2010/3/31 16:30,9566.38,23.78,TRADE
NSW1,2010/3/31 17:00,9547.56,23.6,TRADE
NSW1,2010/3/31 17:30,9349.04,22.37,TRADE
NSW1,2010/3/31 18:00,9309.85,22.76,TRADE
NSW1,2010/3/31 18:30,9330.79,22.99,TRADE
NSW1,2010/3/31 19:00,9250.23,23.57,TRADE
NSW1,2010/3/31 19:30,9058.74,22.19,TRADE
NSW1,2010/3/31 20:00,8848.39,21.5,TRADE
NSW1,2010/3/31 20:30,8570.95,21.67,TRADE
NSW1,2010/3/31 21:00,8299.26,21.14,TRADE
NSW1,2010/3/31 21:30,8289.29,21.8,TRADE
NSW1,2010/3/31 22:00,8154.03,21.38,TRADE
NSW1,2010/3/31 22:30,8119.91,21.69,TRADE
NSW1,2010/3/31 23:00,8003.78,21.91,TRADE
NSW1,2010/3/31 23:30,7849.01,22.88,TRADE
NSW1,2010/4/1 0:00,7666.94,21.7,TRADE
?NSW1,2010/4/1 0:30,7478.24,20.16,TRADE
NSW1,2010/4/1 1:00,7242.4,19.2,TRADE
NSW1,2010/4/1 1:30,6955.8,21.05,TRADE
NSW1,2010/4/1 2:00,6694.24,18.92,TRADE
NSW1,2010/4/1 2:30,6496.65,16.77,TRADE
NSW1,2010/4/1 3:00,6431.87,17,TRADE
NSW1,2010/4/1 3:30,6412.47,16.79,TRADE
NSW1,2010/4/1 4:00,6478.58,17,TRADE
NSW1,2010/4/1 4:30,6721.3,20.37,TRADE
NSW1,2010/4/1 5:00,7001.91,20.7,TRADE
NSW1,2010/4/1 5:30,7614.56,21.94,TRADE
NSW1,2010/4/1 6:00,8273.66,27.45,TRADE
NSW1,2010/4/1 6:30,8658.28,24.08,TRADE
NSW1,2010/4/1 7:00,9013.32,22.75,TRADE
NSW1,2010/4/1 7:30,9156.37,22.2,TRADE
NSW1,2010/4/1 8:00,9235.51,22.08,TRADE
NSW1,2010/4/1 8:30,9381.1,22.44,TRADE
NSW1,2010/4/1 9:00,9521.14,23.27,TRADE
NSW1,2010/4/1 9:30,9583.84,23.59,TRADE
NSW1,2010/4/1 10:00,9610.82,23.51,TRADE
NSW1,2010/4/1 10:30,9614,23.43,TRADE
NSW1,2010/4/1 11:00,9511.55,22.75,TRADE
NSW1,2010/4/1 11:30,9509.02,22.69,TRADE
NSW1,2010/4/1 12:00,9487.22,23.5,TRADE
NSW1,2010/4/1 12:30,9614.01,23.74,TRADE
NSW1,2010/4/1 13:00,9634.49,23.52,TRADE
NSW1,2010/4/1 13:30,9565.81,23.35,TRADE
NSW1,2010/4/1 14:00,9485.47,23.45,TRADE
NSW1,2010/4/1 14:30,9487.87,23.56,TRADE
NSW1,2010/4/1 15:00,9518.87,24,TRADE
NSW1,2010/4/1 15:30,9461.64,23.71,TRADE
NSW1,2010/4/1 16:00,9433,23.07,TRADE
NSW1,2010/4/1 16:30,9344.15,22.62,TRADE
NSW1,2010/4/1 17:00,9282.68,22.54,TRADE
NSW1,2010/4/1 17:30,9074.87,22.06,TRADE
NSW1,2010/4/1 18:00,9016.57,22.16,TRADE
NSW1,2010/4/1 18:30,9126.28,22.86,TRADE
NSW1,2010/4/1 19:00,9086.72,23.76,TRADE
NSW1,2010/4/1 19:30,8943.21,23.39,TRADE
NSW1,2010/4/1 20:00,8721.95,22.55,TRADE
NSW1,2010/4/1 20:30,8427.66,21.98,TRADE
NSW1,2010/4/1 21:00,8128.44,21.56,TRADE
NSW1,2010/4/1 21:30,8150.83,22,TRADE
NSW1,2010/4/1 22:00,8043.62,21.34,TRADE
NSW1,2010/4/1 22:30,7976.08,21.93,TRADE
NSW1,2010/4/1 23:00,7889.19,21.9,TRADE
NSW1,2010/4/1 23:30,7677.72,22.2,TRADE
NSW1,2010/4/2 0:00,7497.6,21.4,TRADE
NSW1,2010/4/2 0:30,7315.22,21.16,TRADE
NSW1,2010/4/2 1:00,7109.4,20.48,TRADE
NSW1,2010/4/2 1:30,6793.13,21.56,TRADE
NSW1,2010/4/2 2:00,6498.08,20.79,TRADE
NSW1,2010/4/2 2:30,6311.83,19.93,TRADE
NSW1,2010/4/2 3:00,6178.21,19.31,TRADE
NSW1,2010/4/2 3:30,6095.86,18.02,TRADE
NSW1,2010/4/2 4:00,6096.44,20.4,TRADE
NSW1,2010/4/2 4:30,6124.28,19.96,TRADE
NSW1,2010/4/2 5:00,6178.71,20.16,TRADE
NSW1,2010/4/2 5:30,6343.99,20.18,TRADE
NSW1,2010/4/2 6:00,6493.45,20.88,TRADE
NSW1,2010/4/2 6:30,6606.95,19.96,TRADE
NSW1,2010/4/2 7:00,6839.94,20.71,TRADE
NSW1,2010/4/2 7:30,7158.75,21.78,TRADE
NSW1,2010/4/2 8:00,7334.58,21.36,TRADE
NSW1,2010/4/2 8:30,7676.22,22.04,TRADE
NSW1,2010/4/2 9:00,7762.98,22,TRADE
NSW1,2010/4/2 9:30,7881.82,22,TRADE
NSW1,2010/4/2 10:00,7952.43,22,TRADE
NSW1,2010/4/2 10:30,7944.94,22,TRADE
NSW1,2010/4/2 11:00,8050.08,22,TRADE
NSW1,2010/4/2 11:30,8031.5,22,TRADE
NSW1,2010/4/2 12:00,7977.93,21.99,TRADE
NSW1,2010/4/2 12:30,7938.39,22,TRADE
NSW1,2010/4/2 13:00,7805.85,21.9,TRADE
NSW1,2010/4/2 13:30,7728.92,21.99,TRADE
NSW1,2010/4/2 14:00,7695.86,22,TRADE
NSW1,2010/4/2 14:30,7597.95,21.99,TRADE
NSW1,2010/4/2 15:00,7645.03,22,TRADE
NSW1,2010/4/2 15:30,7733.23,22,TRADE
NSW1,2010/4/2 16:00,7752.21,22,TRADE
NSW1,2010/4/2 16:30,7848.52,22.15,TRADE
NSW1,2010/4/2 17:00,7942.37,22.18,TRADE
NSW1,2010/4/2 17:30,7984.4,22.01,TRADE
NSW1,2010/4/2 18:00,8050.41,22.14,TRADE
NSW1,2010/4/2 18:30,8236.87,23.86,TRADE
NSW1,2010/4/2 19:00,8184.86,24.1,TRADE
NSW1,2010/4/2 19:30,8015.17,21.81,TRADE
NSW1,2010/4/2 20:00,7833.55,21.75,TRADE
NSW1,2010/4/2 20:30,7639.03,21.72,TRADE
NSW1,2010/4/2 21:00,7513.13,21.99,TRADE
NSW1,2010/4/2 21:30,7579.17,22.01,TRADE
NSW1,2010/4/2 22:00,7565.67,21.58,TRADE
NSW1,2010/4/2 22:30,7631.85,22.36,TRADE
NSW1,2010/4/2 23:00,7546.48,22.55,TRADE
NSW1,2010/4/2 23:30,7521.48,22.77,TRADE
NSW1,2010/4/3 0:00,7388.02,21.57,TRADE
NSW1,2010/4/3 0:30,7245.28,21.76,TRADE
NSW1,2010/4/3 1:00,6996.41,20.71,TRADE
NSW1,2010/4/3 1:30,6772,21.32,TRADE
NSW1,2010/4/3 2:00,6477.97,19.75,TRADE
NSW1,2010/4/3 2:30,6257.43,15.15,TRADE
NSW1,2010/4/3 3:00,6170.84,14.71,TRADE
NSW1,2010/4/3 3:30,6070.86,11.47,TRADE
NSW1,2010/4/3 4:00,6073.05,12.78,TRADE
NSW1,2010/4/3 4:30,6095.71,13.25,TRADE
NSW1,2010/4/3 5:00,6171.42,17.35,TRADE
NSW1,2010/4/3 5:30,6359.65,18.04,TRADE
NSW1,2010/4/3 6:00,6541.33,20.84,TRADE
NSW1,2010/4/3 6:30,6731.25,19.44,TRADE
NSW1,2010/4/3 7:00,7054.94,20.92,TRADE
NSW1,2010/4/3 7:30,7460.42,21.19,TRADE
NSW1,2010/4/3 8:00,7805.4,21.91,TRADE
NSW1,2010/4/3 8:30,8189.42,23.01,TRADE
NSW1,2010/4/3 9:00,8201.36,22,TRADE
NSW1,2010/4/3 9:30,8317.03,22,TRADE
NSW1,2010/4/3 10:00,8274.83,22,TRADE
NSW1,2010/4/3 10:30,8266.65,22,TRADE
NSW1,2010/4/3 11:00,8228.38,22.02,TRADE
NSW1,2010/4/3 11:30,8165.95,22,TRADE
NSW1,2010/4/3 12:00,8123.75,22,TRADE
NSW1,2010/4/3 12:30,8108.25,22,TRADE
NSW1,2010/4/3 13:00,8038.56,22,TRADE
NSW1,2010/4/3 13:30,8061.56,22.06,TRADE
NSW1,2010/4/3 14:00,7978.16,22,TRADE
NSW1,2010/4/3 14:30,7968.15,22,TRADE
NSW1,2010/4/3 15:00,7897.58,22,TRADE
NSW1,2010/4/3 15:30,7845.2,22,TRADE
NSW1,2010/4/3 16:00,7920.13,22.02,TRADE
NSW1,2010/4/3 16:30,7814.45,21.88,TRADE
NSW1,2010/4/3 17:00,7872.82,22,TRADE
NSW1,2010/4/3 17:30,7958.37,21.84,TRADE
NSW1,2010/4/3 18:00,8071.87,21.83,TRADE
NSW1,2010/4/3 18:30,8197.5,21.84,TRADE
NSW1,2010/4/3 19:00,8114.32,21.99,TRADE
NSW1,2010/4/3 19:30,8012.65,21.99,TRADE
NSW1,2010/4/3 20:00,7816.01,21.79,TRADE
NSW1,2010/4/3 20:30,7641.41,22,TRADE
NSW1,2010/4/3 21:00,7539.58,21.97,TRADE
NSW1,2010/4/3 21:30,7537.57,21.88,TRADE
NSW1,2010/4/3 22:00,7496.96,21.72,TRADE
NSW1,2010/4/3 22:30,7442.84,22.19,TRADE
NSW1,2010/4/3 23:00,7309.88,22.19,TRADE
NSW1,2010/4/3 23:30,7142.64,22.31,TRADE
NSW1,2010/4/4 0:00,7044.52,21.61,TRADE
NSW1,2010/4/4 0:30,6840.32,20.88,TRADE
NSW1,2010/4/4 1:00,6683.7,19.94,TRADE
NSW1,2010/4/4 1:30,6475.78,20.58,TRADE
NSW1,2010/4/4 2:00,6243.97,17.44,TRADE
NSW1,2010/4/4 2:30,6047.35,17.49,TRADE
NSW1,2010/4/4 3:00,5957.95,19.94,TRADE
NSW1,2010/4/4 3:30,5921.97,17.67,TRADE
NSW1,2010/4/4 4:00,5890.06,18.24,TRADE
NSW1,2010/4/4 4:30,5893.66,13.62,TRADE
NSW1,2010/4/4 5:00,5925.86,17.24,TRADE
NSW1,2010/4/4 5:30,6033.7,19.88,TRADE
NSW1,2010/4/4 6:00,6097.41,18.19,TRADE
NSW1,2010/4/4 6:30,6290.21,19.5,TRADE
NSW1,2010/4/4 7:00,6567.28,19.49,TRADE
NSW1,2010/4/4 7:30,6901.81,20.76,TRADE
NSW1,2010/4/4 8:00,7219.55,21.71,TRADE
NSW1,2010/4/4 8:30,7515.17,22.09,TRADE
NSW1,2010/4/4 9:00,7723.48,22.03,TRADE
NSW1,2010/4/4 9:30,7855.98,22,TRADE
NSW1,2010/4/4 10:00,7920.14,22.02,TRADE
NSW1,2010/4/4 10:30,7902.77,22,TRADE
NSW1,2010/4/4 11:00,7929.26,22,TRADE
NSW1,2010/4/4 11:30,7823.64,21.98,TRADE
NSW1,2010/4/4 12:00,7844.46,22,TRADE
NSW1,2010/4/4 12:30,7776.33,22,TRADE
NSW1,2010/4/4 13:00,7739.9,22,TRADE
NSW1,2010/4/4 13:30,7615.65,21.82,TRADE
NSW1,2010/4/4 14:00,7533.99,21.26,TRADE
NSW1,2010/4/4 14:30,7493.34,20.93,TRADE
NSW1,2010/4/4 15:00,7416.12,20.92,TRADE
NSW1,2010/4/4 15:30,7454.71,20.97,TRADE
NSW1,2010/4/4 16:00,7473.31,20.89,TRADE
NSW1,2010/4/4 16:30,7505.29,21.21,TRADE
NSW1,2010/4/4 17:00,7565.4,21.91,TRADE
NSW1,2010/4/4 17:30,7641.99,22,TRADE
NSW1,2010/4/4 18:00,7884.96,22.22,TRADE
NSW1,2010/4/4 18:30,8240.28,22.82,TRADE
NSW1,2010/4/4 19:00,8210.25,21.96,TRADE
NSW1,2010/4/4 19:30,7974.3,20.97,TRADE
NSW1,2010/4/4 20:00,7811.36,21.47,TRADE
NSW1,2010/4/4 20:30,7668.71,20.84,TRADE
NSW1,2010/4/4 21:00,7614.29,20.76,TRADE
NSW1,2010/4/4 21:30,7492.89,20.58,TRADE
NSW1,2010/4/4 22:00,7400.21,18.97,TRADE
NSW1,2010/4/4 22:30,7369.07,20.22,TRADE
NSW1,2010/4/4 23:00,7394.38,21.1,TRADE
NSW1,2010/4/4 23:30,7306.22,21.49,TRADE
NSW1,2010/4/5 0:00,7121.48,20.73,TRADE
NSW1,2010/4/5 0:30,6932.92,19.92,TRADE
NSW1,2010/4/5 1:00,6801.76,19.16,TRADE
NSW1,2010/4/5 1:30,6758.9,20.71,TRADE
NSW1,2010/4/5 2:00,6563.59,17.78,TRADE
NSW1,2010/4/5 2:30,6284.21,12.73,TRADE
NSW1,2010/4/5 3:00,6132.05,14.46,TRADE
NSW1,2010/4/5 3:30,5985.67,11.43,TRADE
NSW1,2010/4/5 4:00,5977.8,10.78,TRADE
NSW1,2010/4/5 4:30,5993.84,10.71,TRADE
NSW1,2010/4/5 5:00,5985.89,10.74,TRADE
NSW1,2010/4/5 5:30,6135.03,12.94,TRADE
NSW1,2010/4/5 6:00,6217.93,14.59,TRADE
NSW1,2010/4/5 6:30,6415.56,15.59,TRADE
NSW1,2010/4/5 7:00,6606.58,16.43,TRADE
NSW1,2010/4/5 7:30,6765.84,16.76,TRADE
NSW1,2010/4/5 8:00,7070.68,18.1,TRADE
NSW1,2010/4/5 8:30,7406.74,20.13,TRADE
NSW1,2010/4/5 9:00,7684.6,20.95,TRADE
NSW1,2010/4/5 9:30,7919.71,21.5,TRADE
NSW1,2010/4/5 10:00,8091.58,21.94,TRADE
NSW1,2010/4/5 10:30,8232.89,22.26,TRADE
NSW1,2010/4/5 11:00,8237.51,21.91,TRADE
NSW1,2010/4/5 11:30,8217.52,21.98,TRADE
NSW1,2010/4/5 12:00,8116.68,21.67,TRADE
NSW1,2010/4/5 12:30,8116.96,22.27,TRADE
NSW1,2010/4/5 13:00,8029.25,21.83,TRADE
NSW1,2010/4/5 13:30,7947.81,22,TRADE
NSW1,2010/4/5 14:00,7958.95,22,TRADE
NSW1,2010/4/5 14:30,7941.68,22.02,TRADE
NSW1,2010/4/5 15:00,7873.1,22,TRADE
NSW1,2010/4/5 15:30,7903.8,22,TRADE
NSW1,2010/4/5 16:00,7953.57,22,TRADE
NSW1,2010/4/5 16:30,7951.5,22,TRADE
NSW1,2010/4/5 17:00,8060.64,22,TRADE
NSW1,2010/4/5 17:30,8199.74,22,TRADE
NSW1,2010/4/5 18:00,8480.84,22.61,TRADE
NSW1,2010/4/5 18:30,8838.39,25.01,TRADE
NSW1,2010/4/5 19:00,8651.29,23.86,TRADE
NSW1,2010/4/5 19:30,8369.78,21.91,TRADE
NSW1,2010/4/5 20:00,8178.7,21.08,TRADE
NSW1,2010/4/5 20:30,8031.68,21.75,TRADE
NSW1,2010/4/5 21:00,7906.61,21.97,TRADE
NSW1,2010/4/5 21:30,7637.15,21.55,TRADE
NSW1,2010/4/5 22:00,7526.05,20.31,TRADE
NSW1,2010/4/5 22:30,7575.12,21.15,TRADE
NSW1,2010/4/5 23:00,7612.53,21.32,TRADE
NSW1,2010/4/5 23:30,7597.81,22.21,TRADE
NSW1,2010/4/6 0:00,7539.21,22.43,TRADE
NSW1,2010/4/6 0:30,7384.97,20.78,TRADE
NSW1,2010/4/6 1:00,7254.5,20.47,TRADE
NSW1,2010/4/6 1:30,7092.79,20.9,TRADE
NSW1,2010/4/6 2:00,6924.16,18.32,TRADE
NSW1,2010/4/6 2:30,6606.62,15.46,TRADE
NSW1,2010/4/6 3:00,6370.76,14.36,TRADE
NSW1,2010/4/6 3:30,6195.7,11.58,TRADE
NSW1,2010/4/6 4:00,6121.03,11.86,TRADE
NSW1,2010/4/6 4:30,6113.29,13.47,TRADE
NSW1,2010/4/6 5:00,6207.87,14.43,TRADE
NSW1,2010/4/6 5:30,6480.77,19.85,TRADE
NSW1,2010/4/6 6:00,6760.03,19.93,TRADE
NSW1,2010/4/6 6:30,7314.68,20.9,TRADE
NSW1,2010/4/6 7:00,7827.91,21.27,TRADE
NSW1,2010/4/6 7:30,8108.97,22.34,TRADE
NSW1,2010/4/6 8:00,8529.73,22.89,TRADE
NSW1,2010/4/6 8:30,8867.84,22.51,TRADE
NSW1,2010/4/6 9:00,9075.53,22.89,TRADE
NSW1,2010/4/6 9:30,9261.51,23.37,TRADE
NSW1,2010/4/6 10:00,9413.68,24.5,TRADE
NSW1,2010/4/6 10:30,9530.2,26.72,TRADE
NSW1,2010/4/6 11:00,9507.99,26.86,TRADE
NSW1,2010/4/6 11:30,9540.15,27.01,TRADE
NSW1,2010/4/6 12:00,9477.87,26.57,TRADE
NSW1,2010/4/6 12:30,9517.89,26.16,TRADE
NSW1,2010/4/6 13:00,9440.88,25.87,TRADE
NSW1,2010/4/6 13:30,9443.86,25.78,TRADE
NSW1,2010/4/6 14:00,9371.74,23.7,TRADE
NSW1,2010/4/6 14:30,9360.49,22.26,TRADE
NSW1,2010/4/6 15:00,9292.13,22.18,TRADE
NSW1,2010/4/6 15:30,9227.21,22.99,TRADE
NSW1,2010/4/6 16:00,9233.27,22.37,TRADE
NSW1,2010/4/6 16:30,9286.02,22.02,TRADE
NSW1,2010/4/6 17:00,9302.99,22.04,TRADE
NSW1,2010/4/6 17:30,9484.51,22.4,TRADE
NSW1,2010/4/6 18:00,9664.08,23.49,TRADE
NSW1,2010/4/6 18:30,9755.45,25.15,TRADE
NSW1,2010/4/6 19:00,9469.44,24.06,TRADE
NSW1,2010/4/6 19:30,9254.92,22.92,TRADE
NSW1,2010/4/6 20:00,8942.98,22.13,TRADE
NSW1,2010/4/6 20:30,8789.11,22.23,TRADE
NSW1,2010/4/6 21:00,8554.21,22,TRADE
NSW1,2010/4/6 21:30,8345.34,21.91,TRADE
NSW1,2010/4/6 22:00,8054.83,21.85,TRADE
NSW1,2010/4/6 22:30,8157.59,24.26,TRADE
NSW1,2010/4/6 23:00,8157.98,22.39,TRADE
NSW1,2010/4/6 23:30,8082.88,24.48,TRADE
NSW1,2010/4/7 0:00,7982.25,24.28,TRADE
NSW1,2010/4/7 0:30,7824.12,21.59,TRADE
NSW1,2010/4/7 1:00,7629.43,21.74,TRADE
NSW1,2010/4/7 1:30,7438.57,22.54,TRADE
NSW1,2010/4/7 2:00,7281.38,21.82,TRADE
NSW1,2010/4/7 2:30,6871.17,20.81,TRADE
NSW1,2010/4/7 3:00,6587.48,20.01,TRADE
NSW1,2010/4/7 3:30,6441.65,20,TRADE
NSW1,2010/4/7 4:00,6392.44,16.63,TRADE
NSW1,2010/4/7 4:30,6369.95,19.98,TRADE
NSW1,2010/4/7 5:00,6477.35,20.14,TRADE
NSW1,2010/4/7 5:30,6779.78,20.43,TRADE
NSW1,2010/4/7 6:00,6996,21.66,TRADE
NSW1,2010/4/7 6:30,7577.7,22.56,TRADE
NSW1,2010/4/7 7:00,8057.38,22.21,TRADE
NSW1,2010/4/7 7:30,8441.5,22.02,TRADE
NSW1,2010/4/7 8:00,8808.53,22.04,TRADE
NSW1,2010/4/7 8:30,8866.66,22.56,TRADE
NSW1,2010/4/7 9:00,9057.05,22.73,TRADE
NSW1,2010/4/7 9:30,9475.78,26.63,TRADE
NSW1,2010/4/7 10:00,9542.48,24.78,TRADE
NSW1,2010/4/7 10:30,9572.65,26.34,TRADE
NSW1,2010/4/7 11:00,9618.17,27.62,TRADE
NSW1,2010/4/7 11:30,9599.31,26.65,TRADE
NSW1,2010/4/7 12:00,9636.75,28.95,TRADE
NSW1,2010/4/7 12:30,9688.43,29.17,TRADE
NSW1,2010/4/7 13:00,9630.37,26.7,TRADE
NSW1,2010/4/7 13:30,9585.07,25.77,TRADE
NSW1,2010/4/7 14:00,9680.46,26.62,TRADE
NSW1,2010/4/7 14:30,9596.83,25.79,TRADE
NSW1,2010/4/7 15:00,9477.28,22.8,TRADE
NSW1,2010/4/7 15:30,9474.26,24.45,TRADE
NSW1,2010/4/7 16:00,9447.5,22.92,TRADE
NSW1,2010/4/7 16:30,9402.57,22.22,TRADE
NSW1,2010/4/7 17:00,9450.62,22.32,TRADE
NSW1,2010/4/7 17:30,9505.79,22.8,TRADE
NSW1,2010/4/7 18:00,9732.32,27.92,TRADE
NSW1,2010/4/7 18:30,9789.56,27.09,TRADE
NSW1,2010/4/7 19:00,9568.64,26.33,TRADE
NSW1,2010/4/7 19:30,9244.44,22.56,TRADE
NSW1,2010/4/7 20:00,8911.56,22.02,TRADE
NSW1,2010/4/7 20:30,8765.02,22,TRADE
NSW1,2010/4/7 21:00,8565.72,22,TRADE
NSW1,2010/4/7 21:30,8448.17,21.9,TRADE
NSW1,2010/4/7 22:00,8166.96,21.63,TRADE
NSW1,2010/4/7 22:30,8348.66,22.93,TRADE
NSW1,2010/4/7 23:00,8228.81,22.58,TRADE
NSW1,2010/4/7 23:30,8160.12,26.25,TRADE
NSW1,2010/4/8 0:00,8008.01,24.94,TRADE
NSW1,2010/4/8 0:30,7695.12,21.83,TRADE
NSW1,2010/4/8 1:00,7498.93,21.34,TRADE
NSW1,2010/4/8 1:30,7290.34,21.84,TRADE
NSW1,2010/4/8 2:00,7127.2,20.68,TRADE
NSW1,2010/4/8 2:30,6802.75,19.58,TRADE
NSW1,2010/4/8 3:00,6590.1,20.03,TRADE
NSW1,2010/4/8 3:30,6417.32,20,TRADE
NSW1,2010/4/8 4:00,6380.86,20.02,TRADE
NSW1,2010/4/8 4:30,6353.6,19.97,TRADE
NSW1,2010/4/8 5:00,6453.87,20.15,TRADE
NSW1,2010/4/8 5:30,6689.48,20.23,TRADE
NSW1,2010/4/8 6:00,6980.64,21.07,TRADE
NSW1,2010/4/8 6:30,7607.85,22.45,TRADE
NSW1,2010/4/8 7:00,8076.59,22.08,TRADE
NSW1,2010/4/8 7:30,8385.76,22.04,TRADE
NSW1,2010/4/8 8:00,8720.68,22.01,TRADE
NSW1,2010/4/8 8:30,9131.61,22.8,TRADE
NSW1,2010/4/8 9:00,9333.63,25.13,TRADE
NSW1,2010/4/8 9:30,9611,24.9,TRADE
NSW1,2010/4/8 10:00,9714.96,24.76,TRADE
NSW1,2010/4/8 10:30,9798.02,25.59,TRADE
NSW1,2010/4/8 11:00,9799.91,25.54,TRADE
NSW1,2010/4/8 11:30,9736.82,30.18,TRADE
NSW1,2010/4/8 12:00,9718.59,28.94,TRADE
NSW1,2010/4/8 12:30,9708.88,28.33,TRADE
NSW1,2010/4/8 13:00,9668.61,24.41,TRADE
NSW1,2010/4/8 13:30,9647.72,30.8,TRADE
NSW1,2010/4/8 14:00,9698.19,30.3,TRADE
NSW1,2010/4/8 14:30,9696.86,31.22,TRADE
NSW1,2010/4/8 15:00,9689.06,30.13,TRADE
NSW1,2010/4/8 15:30,9625.64,27.4,TRADE
NSW1,2010/4/8 16:00,9591.61,24.47,TRADE
NSW1,2010/4/8 16:30,9526.72,25.07,TRADE
NSW1,2010/4/8 17:00,9544.19,24.92,TRADE
NSW1,2010/4/8 17:30,9449.17,23.35,TRADE
NSW1,2010/4/8 18:00,9667.88,28.25,TRADE
NSW1,2010/4/8 18:30,9909.16,31.1,TRADE
NSW1,2010/4/8 19:00,9773.38,30.76,TRADE
NSW1,2010/4/8 19:30,9503.89,29.31,TRADE
NSW1,2010/4/8 20:00,9294.76,28.52,TRADE
NSW1,2010/4/8 20:30,9074.12,24.63,TRADE
NSW1,2010/4/8 21:00,8882.31,22.28,TRADE
NSW1,2010/4/8 21:30,8531.26,21.99,TRADE
NSW1,2010/4/8 22:00,8238.52,21.62,TRADE
NSW1,2010/4/8 22:30,8378.76,24.79,TRADE
NSW1,2010/4/8 23:00,8246.51,21.84,TRADE
NSW1,2010/4/8 23:30,8160.65,24.56,TRADE
NSW1,2010/4/9 0:00,8055.76,22.84,TRADE
NSW1,2010/4/9 0:30,7799.88,21.98,TRADE
NSW1,2010/4/9 1:00,7584.31,22,TRADE
NSW1,2010/4/9 1:30,7402.49,22.61,TRADE
NSW1,2010/4/9 2:00,7194.63,21.9,TRADE
NSW1,2010/4/9 2:30,6849.45,20.96,TRADE
NSW1,2010/4/9 3:00,6607.83,20.28,TRADE
NSW1,2010/4/9 3:30,6443.81,19.97,TRADE
NSW1,2010/4/9 4:00,6362.95,20,TRADE
NSW1,2010/4/9 4:30,6351.59,20.07,TRADE
NSW1,2010/4/9 5:00,6430.54,20.43,TRADE
NSW1,2010/4/9 5:30,6676.68,21.05,TRADE
NSW1,2010/4/9 6:00,7014.59,22.01,TRADE
NSW1,2010/4/9 6:30,7569.77,22.15,TRADE
NSW1,2010/4/9 7:00,8033.17,22,TRADE
NSW1,2010/4/9 7:30,8317.56,21.95,TRADE
NSW1,2010/4/9 8:00,8768.61,23.34,TRADE
NSW1,2010/4/9 8:30,9145.78,26.1,TRADE
NSW1,2010/4/9 9:00,9325.2,28.91,TRADE
NSW1,2010/4/9 9:30,9512.24,30.86,TRADE
NSW1,2010/4/9 10:00,9541.55,24.75,TRADE
NSW1,2010/4/9 10:30,9621.02,27.61,TRADE
NSW1,2010/4/9 11:00,9617.79,28.15,TRADE
NSW1,2010/4/9 11:30,9507.47,27.44,TRADE
NSW1,2010/4/9 12:00,9481.42,28.08,TRADE
NSW1,2010/4/9 12:30,9501.85,28.84,TRADE
NSW1,2010/4/9 13:00,9502.11,26.03,TRADE
NSW1,2010/4/9 13:30,9463.73,25.88,TRADE
NSW1,2010/4/9 14:00,9438.67,25.62,TRADE
NSW1,2010/4/9 14:30,9428.6,26.52,TRADE
NSW1,2010/4/9 15:00,9315.7,23.14,TRADE
NSW1,2010/4/9 15:30,9258.8,22.8,TRADE
NSW1,2010/4/9 16:00,9178.5,23,TRADE
NSW1,2010/4/9 16:30,9133.91,23.07,TRADE
NSW1,2010/4/9 17:00,9110.59,22.61,TRADE
NSW1,2010/4/9 17:30,9092.47,22.67,TRADE
NSW1,2010/4/9 18:00,9306.47,25.89,TRADE
NSW1,2010/4/9 18:30,9440.9,29.45,TRADE
NSW1,2010/4/9 19:00,9286.91,28.29,TRADE
NSW1,2010/4/9 19:30,9019.3,26.36,TRADE
NSW1,2010/4/9 20:00,8773.36,27.51,TRADE
NSW1,2010/4/9 20:30,8579.26,24.59,TRADE
NSW1,2010/4/9 21:00,8407.46,23.72,TRADE
NSW1,2010/4/9 21:30,8176.98,21.99,TRADE
NSW1,2010/4/9 22:00,8026.2,21.98,TRADE
NSW1,2010/4/9 22:30,8208.16,24.62,TRADE
NSW1,2010/4/9 23:00,8176.15,28.88,TRADE
NSW1,2010/4/9 23:30,8157.24,31.2,TRADE
NSW1,2010/4/10 0:00,8090.08,29.93,TRADE
NSW1,2010/4/10 0:30,7832.5,25.9,TRADE
NSW1,2010/4/10 1:00,7648.91,22.23,TRADE
NSW1,2010/4/10 1:30,7419.07,23.7,TRADE
NSW1,2010/4/10 2:00,7170.88,21.3,TRADE
NSW1,2010/4/10 2:30,6820.03,20.96,TRADE
NSW1,2010/4/10 3:00,6536.02,20.94,TRADE
NSW1,2010/4/10 3:30,6312.21,20.16,TRADE
NSW1,2010/4/10 4:00,6231.21,19.66,TRADE
NSW1,2010/4/10 4:30,6156.76,19.87,TRADE
NSW1,2010/4/10 5:00,6170.04,19.93,TRADE
NSW1,2010/4/10 5:30,6258.69,20,TRADE
NSW1,2010/4/10 6:00,6386.84,20.03,TRADE
NSW1,2010/4/10 6:30,6579.94,18.42,TRADE
NSW1,2010/4/10 7:00,6868.35,20.24,TRADE
NSW1,2010/4/10 7:30,7109.87,21.46,TRADE
NSW1,2010/4/10 8:00,7537.18,21.95,TRADE
NSW1,2010/4/10 8:30,7916.24,22.11,TRADE
NSW1,2010/4/10 9:00,8220.83,23.75,TRADE
NSW1,2010/4/10 9:30,8584.4,26,TRADE
NSW1,2010/4/10 10:00,8596.28,25.56,TRADE
NSW1,2010/4/10 10:30,8668.35,29.37,TRADE
NSW1,2010/4/10 11:00,8624.05,28.71,TRADE
NSW1,2010/4/10 11:30,8547.12,26.1,TRADE
NSW1,2010/4/10 12:00,8511.05,24.94,TRADE
NSW1,2010/4/10 12:30,8434.23,24.5,TRADE
NSW1,2010/4/10 13:00,8378.04,25.8,TRADE
NSW1,2010/4/10 13:30,8333.11,24.91,TRADE
NSW1,2010/4/10 14:00,8306.31,24.81,TRADE
NSW1,2010/4/10 14:30,8326.11,24.91,TRADE
NSW1,2010/4/10 15:00,8298.79,24.81,TRADE
NSW1,2010/4/10 15:30,8340.02,24.69,TRADE
NSW1,2010/4/10 16:00,8290.68,23.58,TRADE
NSW1,2010/4/10 16:30,8028.14,22.22,TRADE
NSW1,2010/4/10 17:00,8154.14,23.39,TRADE
NSW1,2010/4/10 17:30,8331.86,24.83,TRADE
NSW1,2010/4/10 18:00,8605.01,29.67,TRADE
NSW1,2010/4/10 18:30,8946.08,38.34,TRADE
NSW1,2010/4/10 19:00,8789.82,33.06,TRADE
NSW1,2010/4/10 19:30,8577.26,28.67,TRADE
NSW1,2010/4/10 20:00,8311.43,24.25,TRADE
NSW1,2010/4/10 20:30,8147.33,22.63,TRADE
NSW1,2010/4/10 21:00,8099.27,22.19,TRADE
NSW1,2010/4/10 21:30,7883.84,22,TRADE
NSW1,2010/4/10 22:00,7770.54,21.83,TRADE
NSW1,2010/4/10 22:30,7721.06,22.49,TRADE
NSW1,2010/4/10 23:00,7714.12,24.02,TRADE
NSW1,2010/4/10 23:30,7639.3,26.22,TRADE
NSW1,2010/4/11 0:00,7492.84,23.05,TRADE
NSW1,2010/4/11 0:30,7235.44,20.96,TRADE
NSW1,2010/4/11 1:00,7017.01,21.24,TRADE
NSW1,2010/4/11 1:30,6828.69,21.42,TRADE
NSW1,2010/4/11 2:00,6652.93,19.81,TRADE
NSW1,2010/4/11 2:30,6347.52,17.07,TRADE
NSW1,2010/4/11 3:00,6157.74,18.11,TRADE
NSW1,2010/4/11 3:30,6039.4,17.32,TRADE
NSW1,2010/4/11 4:00,6004.42,17.29,TRADE
NSW1,2010/4/11 4:30,5966.8,17,TRADE
NSW1,2010/4/11 5:00,5943.22,18.59,TRADE
NSW1,2010/4/11 5:30,6025.32,17.37,TRADE
NSW1,2010/4/11 6:00,6093.38,14.86,TRADE
NSW1,2010/4/11 6:30,6165.54,14.86,TRADE
NSW1,2010/4/11 7:00,6325.14,17.54,TRADE
NSW1,2010/4/11 7:30,6577.25,20.1,TRADE
NSW1,2010/4/11 8:00,6931.29,20.8,TRADE
NSW1,2010/4/11 8:30,7295.06,21.55,TRADE
NSW1,2010/4/11 9:00,7581.67,22,TRADE
NSW1,2010/4/11 9:30,7926.75,22.23,TRADE
NSW1,2010/4/11 10:00,8012.9,22.18,TRADE
NSW1,2010/4/11 10:30,8211.18,22.4,TRADE
NSW1,2010/4/11 11:00,8256.73,23.38,TRADE
NSW1,2010/4/11 11:30,8259.35,25.23,TRADE
NSW1,2010/4/11 12:00,8240.4,25.89,TRADE
NSW1,2010/4/11 12:30,8265.65,27.21,TRADE
NSW1,2010/4/11 13:00,8247.63,27.11,TRADE
NSW1,2010/4/11 13:30,8205.08,26.06,TRADE
NSW1,2010/4/11 14:00,8127.46,25,TRADE
NSW1,2010/4/11 14:30,8095.01,24.54,TRADE
NSW1,2010/4/11 15:00,8084.63,22.97,TRADE
NSW1,2010/4/11 15:30,8103.63,24.25,TRADE
NSW1,2010/4/11 16:00,8088.99,22.41,TRADE
NSW1,2010/4/11 16:30,8126.49,23.97,TRADE
NSW1,2010/4/11 17:00,8139.99,24.55,TRADE
NSW1,2010/4/11 17:30,8191.42,25.22,TRADE
NSW1,2010/4/11 18:00,8469.93,29.87,TRADE
NSW1,2010/4/11 18:30,8841.74,44.63,TRADE
NSW1,2010/4/11 19:00,8738.24,45.45,TRADE
NSW1,2010/4/11 19:30,8437.82,30.45,TRADE
NSW1,2010/4/11 20:00,8314.64,28.27,TRADE
NSW1,2010/4/11 20:30,8086.16,22.88,TRADE
NSW1,2010/4/11 21:00,8066.57,22.21,TRADE
NSW1,2010/4/11 21:30,7776.56,21.68,TRADE
NSW1,2010/4/11 22:00,7620.62,22,TRADE
NSW1,2010/4/11 22:30,7709.07,22.12,TRADE
NSW1,2010/4/11 23:00,7631.85,22.35,TRADE
NSW1,2010/4/11 23:30,7508.33,22.97,TRADE
NSW1,2010/4/12 0:00,7306.55,21.53,TRADE
NSW1,2010/4/12 0:30,7071.9,21.54,TRADE
NSW1,2010/4/12 1:00,6862.05,20.88,TRADE
NSW1,2010/4/12 1:30,6741.68,22.08,TRADE
NSW1,2010/4/12 2:00,6675.16,21.06,TRADE
NSW1,2010/4/12 2:30,6421.98,20.39,TRADE
NSW1,2010/4/12 3:00,6223.7,18.7,TRADE
NSW1,2010/4/12 3:30,6134.06,19.87,TRADE
NSW1,2010/4/12 4:00,6075.46,19.28,TRADE
NSW1,2010/4/12 4:30,6121.19,19.89,TRADE
NSW1,2010/4/12 5:00,6260.6,20.23,TRADE
NSW1,2010/4/12 5:30,6560.5,20.85,TRADE
NSW1,2010/4/12 6:00,6839.47,21.71,TRADE
NSW1,2010/4/12 6:30,7341.11,22.14,TRADE
NSW1,2010/4/12 7:00,7852.28,22.15,TRADE
NSW1,2010/4/12 7:30,8147.78,22.06,TRADE
NSW1,2010/4/12 8:00,8520.58,22.41,TRADE
NSW1,2010/4/12 8:30,8838.03,24.31,TRADE
NSW1,2010/4/12 9:00,9024.39,26.27,TRADE
NSW1,2010/4/12 9:30,9216.68,26.75,TRADE
NSW1,2010/4/12 10:00,9223.67,24.53,TRADE
NSW1,2010/4/12 10:30,9265.32,25.02,TRADE
NSW1,2010/4/12 11:00,9257.66,25.69,TRADE
NSW1,2010/4/12 11:30,9219.08,24.12,TRADE
NSW1,2010/4/12 12:00,9268.09,24.3,TRADE
NSW1,2010/4/12 12:30,9271.99,24.34,TRADE
NSW1,2010/4/12 13:00,9273.39,23.48,TRADE
NSW1,2010/4/12 13:30,9281.29,23.16,TRADE
NSW1,2010/4/12 14:00,9335.44,22.87,TRADE
NSW1,2010/4/12 14:30,9313.74,22,TRADE
NSW1,2010/4/12 15:00,9289.15,21.99,TRADE
NSW1,2010/4/12 15:30,9209.64,22.06,TRADE
NSW1,2010/4/12 16:00,9173.81,22.83,TRADE
NSW1,2010/4/12 16:30,9188.55,22,TRADE
NSW1,2010/4/12 17:00,9239.64,25.09,TRADE
NSW1,2010/4/12 17:30,9265.96,25.86,TRADE
NSW1,2010/4/12 18:00,9500.26,28.42,TRADE
NSW1,2010/4/12 18:30,9755.15,35.71,TRADE
NSW1,2010/4/12 19:00,9587,27.44,TRADE
NSW1,2010/4/12 19:30,9369.55,27.2,TRADE
NSW1,2010/4/12 20:00,9065.21,26.24,TRADE
NSW1,2010/4/12 20:30,8893.3,24.54,TRADE
NSW1,2010/4/12 21:00,8724.1,22.01,TRADE
NSW1,2010/4/12 21:30,8470.25,23.04,TRADE
NSW1,2010/4/12 22:00,8224.62,22.12,TRADE
NSW1,2010/4/12 22:30,8370.31,25.93,TRADE
NSW1,2010/4/12 23:00,8254.4,27.01,TRADE
NSW1,2010/4/12 23:30,8164.54,27.08,TRADE
NSW1,2010/4/13 0:00,8063.94,24.42,TRADE
NSW1,2010/4/13 0:30,7557.79,21.98,TRADE
NSW1,2010/4/13 1:00,7396.79,22,TRADE
NSW1,2010/4/13 1:30,7302.38,22.53,TRADE
NSW1,2010/4/13 2:00,7233.06,21.97,TRADE
NSW1,2010/4/13 2:30,6928.05,21.74,TRADE
NSW1,2010/4/13 3:00,6687.11,20.9,TRADE
NSW1,2010/4/13 3:30,6531.11,20.27,TRADE
NSW1,2010/4/13 4:00,6449.61,20.1,TRADE
NSW1,2010/4/13 4:30,6498.11,20.11,TRADE
NSW1,2010/4/13 5:00,6576.65,20.52,TRADE
NSW1,2010/4/13 5:30,6839.58,21.63,TRADE
NSW1,2010/4/13 6:00,7167.86,21.94,TRADE
NSW1,2010/4/13 6:30,7800.91,22.48,TRADE
NSW1,2010/4/13 7:00,8321.28,22.89,TRADE
NSW1,2010/4/13 7:30,8509,22.35,TRADE
NSW1,2010/4/13 8:00,8902.08,26.67,TRADE
NSW1,2010/4/13 8:30,9120.09,25.45,TRADE
NSW1,2010/4/13 9:00,9248.97,22.36,TRADE
NSW1,2010/4/13 9:30,9368.84,22.79,TRADE
NSW1,2010/4/13 10:00,9456.3,22.75,TRADE
NSW1,2010/4/13 10:30,9557.45,22.83,TRADE
NSW1,2010/4/13 11:00,9534.65,24.7,TRADE
NSW1,2010/4/13 11:30,9481.69,22,TRADE
NSW1,2010/4/13 12:00,9377.93,22,TRADE
NSW1,2010/4/13 12:30,9365.6,22,TRADE
NSW1,2010/4/13 13:00,9325.43,22,TRADE
NSW1,2010/4/13 13:30,9369.55,22.48,TRADE
NSW1,2010/4/13 14:00,9185.32,3080.54,TRADE
NSW1,2010/4/13 14:30,9135.94,-150.83,TRADE
NSW1,2010/4/13 15:00,9184.72,21.89,TRADE
NSW1,2010/4/13 15:30,9237.94,22,TRADE
NSW1,2010/4/13 16:00,9161.57,22,TRADE
NSW1,2010/4/13 16:30,9184.11,22,TRADE
NSW1,2010/4/13 17:00,9241.37,22,TRADE
NSW1,2010/4/13 17:30,9219.04,21.96,TRADE
NSW1,2010/4/13 18:00,9556.35,22,TRADE
NSW1,2010/4/13 18:30,9805.49,24.91,TRADE
NSW1,2010/4/13 19:00,9688.99,27.48,TRADE
NSW1,2010/4/13 19:30,9474.46,24.81,TRADE
NSW1,2010/4/13 20:00,9201.45,22.35,TRADE
NSW1,2010/4/13 20:30,8970.8,26.3,TRADE
NSW1,2010/4/13 21:00,8796.74,25.63,TRADE
NSW1,2010/4/13 21:30,8603.34,26.15,TRADE
NSW1,2010/4/13 22:00,8440.48,22.6,TRADE
NSW1,2010/4/13 22:30,8540.5,27.21,TRADE
NSW1,2010/4/13 23:00,8402.79,29.37,TRADE
NSW1,2010/4/13 23:30,8332.86,32.37,TRADE
NSW1,2010/4/14 0:00,8259,30.97,TRADE
NSW1,2010/4/14 0:30,8052.77,26.28,TRADE
NSW1,2010/4/14 1:00,7850.36,23.22,TRADE
NSW1,2010/4/14 1:30,7654.99,24.18,TRADE
NSW1,2010/4/14 2:00,7448.86,23.09,TRADE
NSW1,2010/4/14 2:30,7086.17,21.3,TRADE
NSW1,2010/4/14 3:00,6799.06,21.14,TRADE
NSW1,2010/4/14 3:30,6611.96,20.61,TRADE
NSW1,2010/4/14 4:00,6502.37,20.07,TRADE
NSW1,2010/4/14 4:30,6516.36,20.19,TRADE
NSW1,2010/4/14 5:00,6608.7,21.03,TRADE
NSW1,2010/4/14 5:30,6868.75,21.98,TRADE
NSW1,2010/4/14 6:00,7223.69,22.05,TRADE
NSW1,2010/4/14 6:30,7818.75,22,TRADE
NSW1,2010/4/14 7:00,8260.54,21.93,TRADE
NSW1,2010/4/14 7:30,8495.33,21.64,TRADE
NSW1,2010/4/14 8:00,8764.46,22.21,TRADE
NSW1,2010/4/14 8:30,9031.75,22.21,TRADE
NSW1,2010/4/14 9:00,9195.44,22.16,TRADE
NSW1,2010/4/14 9:30,9360.33,22.72,TRADE
NSW1,2010/4/14 10:00,9381.07,22.79,TRADE
NSW1,2010/4/14 10:30,9394.55,23.82,TRADE
NSW1,2010/4/14 11:00,9454.63,23.98,TRADE
NSW1,2010/4/14 11:30,9355.45,22.63,TRADE
NSW1,2010/4/14 12:00,9347.52,22.31,TRADE
NSW1,2010/4/14 12:30,9376.6,23.98,TRADE
NSW1,2010/4/14 13:00,9363.03,23.52,TRADE
NSW1,2010/4/14 13:30,9390.14,23,TRADE
NSW1,2010/4/14 14:00,9367.33,23.12,TRADE
NSW1,2010/4/14 14:30,9336.47,23.11,TRADE
NSW1,2010/4/14 15:00,9371.9,22.89,TRADE
NSW1,2010/4/14 15:30,9362.94,22.31,TRADE
NSW1,2010/4/14 16:00,9318.94,21.97,TRADE
NSW1,2010/4/14 16:30,9267.8,22,TRADE
NSW1,2010/4/14 17:00,9264.78,22,TRADE
NSW1,2010/4/14 17:30,9232.33,22,TRADE
NSW1,2010/4/14 18:00,9572.18,25.37,TRADE
NSW1,2010/4/14 18:30,9789.42,27.43,TRADE
NSW1,2010/4/14 19:00,9609.79,24.84,TRADE
NSW1,2010/4/14 19:30,9352.34,23.38,TRADE
NSW1,2010/4/14 20:00,9112.28,21.97,TRADE
NSW1,2010/4/14 20:30,8868.68,22,TRADE
NSW1,2010/4/14 21:00,8688.93,22.09,TRADE
NSW1,2010/4/14 21:30,8511.22,22,TRADE
NSW1,2010/4/14 22:00,8259.74,21.89,TRADE
NSW1,2010/4/14 22:30,8409.11,32.52,TRADE
NSW1,2010/4/14 23:00,8334.34,22.45,TRADE
NSW1,2010/4/14 23:30,8220.15,22.98,TRADE
NSW1,2010/4/15 0:00,8124.5,23.63,TRADE
NSW1,2010/4/15 0:30,7954.17,22,TRADE
NSW1,2010/4/15 1:00,7770.48,22,TRADE
NSW1,2010/4/15 1:30,7591.05,23.04,TRADE
NSW1,2010/4/15 2:00,7397.39,23.24,TRADE
NSW1,2010/4/15 2:30,7048.99,21.95,TRADE
NSW1,2010/4/15 3:00,6763.6,21.99,TRADE
NSW1,2010/4/15 3:30,6590.37,21.12,TRADE
NSW1,2010/4/15 4:00,6511.06,20.83,TRADE
NSW1,2010/4/15 4:30,6497.96,20.83,TRADE
NSW1,2010/4/15 5:00,6585.9,21.08,TRADE
NSW1,2010/4/15 5:30,6829.91,22,TRADE
NSW1,2010/4/15 6:00,7191.33,22,TRADE
NSW1,2010/4/15 6:30,7778.47,21.83,TRADE
NSW1,2010/4/15 7:00,8183.02,22,TRADE
NSW1,2010/4/15 7:30,8423.94,21.89,TRADE
NSW1,2010/4/15 8:00,8825.01,22.05,TRADE
NSW1,2010/4/15 8:30,9062.58,22.42,TRADE
NSW1,2010/4/15 9:00,9163.27,22.45,TRADE
NSW1,2010/4/15 9:30,9358.95,22,TRADE
NSW1,2010/4/15 10:00,9435.88,22,TRADE
NSW1,2010/4/15 10:30,9527.45,22,TRADE
NSW1,2010/4/15 11:00,9586.48,22,TRADE
NSW1,2010/4/15 11:30,9538.06,21.96,TRADE
NSW1,2010/4/15 12:00,9516.72,22,TRADE
NSW1,2010/4/15 12:30,9518.65,22,TRADE
NSW1,2010/4/15 13:00,9521.82,22,TRADE
NSW1,2010/4/15 13:30,9532.49,22.02,TRADE
NSW1,2010/4/15 14:00,9514.75,22,TRADE
NSW1,2010/4/15 14:30,9489.09,22,TRADE
NSW1,2010/4/15 15:00,9440.15,22,TRADE
NSW1,2010/4/15 15:30,9428.94,22,TRADE
NSW1,2010/4/15 16:00,9387.4,22,TRADE
NSW1,2010/4/15 16:30,9305.32,22,TRADE
NSW1,2010/4/15 17:00,9322.05,22,TRADE
NSW1,2010/4/15 17:30,9313.09,21.97,TRADE
NSW1,2010/4/15 18:00,9635.58,22,TRADE
NSW1,2010/4/15 18:30,9827.25,24.65,TRADE
NSW1,2010/4/15 19:00,9671.22,24.74,TRADE
NSW1,2010/4/15 19:30,9384.81,22,TRADE
NSW1,2010/4/15 20:00,9209.11,22,TRADE
NSW1,2010/4/15 20:30,9024.1,21.98,TRADE
NSW1,2010/4/15 21:00,8863.03,21.97,TRADE
NSW1,2010/4/15 21:30,8591.01,21.93,TRADE
NSW1,2010/4/15 22:00,8293.96,21.92,TRADE
NSW1,2010/4/15 22:30,8398.07,26.64,TRADE
NSW1,2010/4/15 23:00,8307.66,22.27,TRADE
NSW1,2010/4/15 23:30,8231.76,22.22,TRADE
NSW1,2010/4/16 0:00,8109.3,22.49,TRADE
NSW1,2010/4/16 0:30,7929.11,21.93,TRADE
NSW1,2010/4/16 1:00,7748.94,22,TRADE
NSW1,2010/4/16 1:30,7568.63,23.84,TRADE
NSW1,2010/4/16 2:00,7341.6,21.94,TRADE
NSW1,2010/4/16 2:30,6970.25,21.39,TRADE
NSW1,2010/4/16 3:00,6671.92,19.63,TRADE
NSW1,2010/4/16 3:30,6508.62,19.78,TRADE
NSW1,2010/4/16 4:00,6428.08,18.11,TRADE
NSW1,2010/4/16 4:30,6412.81,18.14,TRADE
NSW1,2010/4/16 5:00,6526.32,20.02,TRADE
NSW1,2010/4/16 5:30,6802.19,20.35,TRADE
NSW1,2010/4/16 6:00,7130.13,21.65,TRADE
NSW1,2010/4/16 6:30,7628.5,21.98,TRADE
NSW1,2010/4/16 7:00,8069.72,21.94,TRADE
NSW1,2010/4/16 7:30,8382.33,21.96,TRADE
NSW1,2010/4/16 8:00,8765.09,22,TRADE
NSW1,2010/4/16 8:30,9104.48,22.01,TRADE
NSW1,2010/4/16 9:00,9280.21,22,TRADE
NSW1,2010/4/16 9:30,9461.71,22,TRADE
NSW1,2010/4/16 10:00,9573.21,22,TRADE
NSW1,2010/4/16 10:30,9648.18,22,TRADE
NSW1,2010/4/16 11:00,9653.07,22,TRADE
NSW1,2010/4/16 11:30,9595.02,22,TRADE
NSW1,2010/4/16 12:00,9673.39,22,TRADE
NSW1,2010/4/16 12:30,9634.84,22,TRADE
NSW1,2010/4/16 13:00,9592.33,21.88,TRADE
NSW1,2010/4/16 13:30,9524.49,22,TRADE
NSW1,2010/4/16 14:00,9515.19,22,TRADE
NSW1,2010/4/16 14:30,9435.14,22,TRADE
NSW1,2010/4/16 15:00,9355.97,22,TRADE
NSW1,2010/4/16 15:30,9250.46,22,TRADE
NSW1,2010/4/16 16:00,9180.95,22,TRADE
NSW1,2010/4/16 16:30,9172.34,22,TRADE
NSW1,2010/4/16 17:00,9212.78,22,TRADE
NSW1,2010/4/16 17:30,9240.3,21.98,TRADE
NSW1,2010/4/16 18:00,9513.44,22.02,TRADE
NSW1,2010/4/16 18:30,9635.38,22.01,TRADE
NSW1,2010/4/16 19:00,9368.36,21.97,TRADE
NSW1,2010/4/16 19:30,9065.73,22.12,TRADE
NSW1,2010/4/16 20:00,8874.39,22.27,TRADE
NSW1,2010/4/16 20:30,8706.73,21.99,TRADE
NSW1,2010/4/16 21:00,8505.56,21.99,TRADE
NSW1,2010/4/16 21:30,8247.74,22,TRADE
NSW1,2010/4/16 22:00,8106.95,22,TRADE
NSW1,2010/4/16 22:30,8281.56,26.05,TRADE
NSW1,2010/4/16 23:00,8280.61,22.37,TRADE
NSW1,2010/4/16 23:30,8242.88,22.38,TRADE
NSW1,2010/4/17 0:00,8136.02,23.01,TRADE
NSW1,2010/4/17 0:30,7902.5,21.96,TRADE
NSW1,2010/4/17 1:00,7776.2,22,TRADE
NSW1,2010/4/17 1:30,7580.97,22.62,TRADE
NSW1,2010/4/17 2:00,7293.16,23.09,TRADE
NSW1,2010/4/17 2:30,6925.26,21.85,TRADE
NSW1,2010/4/17 3:00,6667.93,21.85,TRADE
NSW1,2010/4/17 3:30,6417.33,21.14,TRADE
NSW1,2010/4/17 4:00,6359.85,20.87,TRADE
NSW1,2010/4/17 4:30,6303.78,20.84,TRADE
NSW1,2010/4/17 5:00,6339.46,20.78,TRADE
NSW1,2010/4/17 5:30,6404.28,20.72,TRADE
NSW1,2010/4/17 6:00,6516.48,20.6,TRADE
NSW1,2010/4/17 6:30,6659.26,20.22,TRADE
NSW1,2010/4/17 7:00,6920.92,21.02,TRADE
NSW1,2010/4/17 7:30,7231.19,21.89,TRADE
NSW1,2010/4/17 8:00,7672.68,23.17,TRADE
NSW1,2010/4/17 8:30,8048.75,23.54,TRADE
NSW1,2010/4/17 9:00,8305.5,24.63,TRADE
NSW1,2010/4/17 9:30,8599.46,29.21,TRADE
NSW1,2010/4/17 10:00,8641.87,29.95,TRADE
NSW1,2010/4/17 10:30,8711.83,31.7,TRADE
NSW1,2010/4/17 11:00,8675.6,31.29,TRADE
NSW1,2010/4/17 11:30,8641.65,31.06,TRADE
NSW1,2010/4/17 12:00,8614.69,31.17,TRADE
NSW1,2010/4/17 12:30,8625.25,29.34,TRADE
NSW1,2010/4/17 13:00,8535.16,26.13,TRADE
NSW1,2010/4/17 13:30,8510.87,26.31,TRADE
NSW1,2010/4/17 14:00,8427.71,25.04,TRADE
NSW1,2010/4/17 14:30,8374.69,25.78,TRADE
NSW1,2010/4/17 15:00,8296.44,22.97,TRADE
NSW1,2010/4/17 15:30,8279.54,23.8,TRADE
NSW1,2010/4/17 16:00,8285.22,24.81,TRADE
NSW1,2010/4/17 16:30,8338.12,24.57,TRADE
NSW1,2010/4/17 17:00,8440.28,25.5,TRADE
NSW1,2010/4/17 17:30,8435.33,26.19,TRADE
NSW1,2010/4/17 18:00,8793.89,38.34,TRADE
NSW1,2010/4/17 18:30,9042.68,48.27,TRADE
NSW1,2010/4/17 19:00,8862.22,34.32,TRADE
NSW1,2010/4/17 19:30,8532.97,26.15,TRADE
NSW1,2010/4/17 20:00,8330.2,22.97,TRADE
NSW1,2010/4/17 20:30,8139.86,21.83,TRADE
NSW1,2010/4/17 21:00,8026.99,21.89,TRADE
NSW1,2010/4/17 21:30,7896.96,21.89,TRADE
NSW1,2010/4/17 22:00,7735.05,21.92,TRADE
NSW1,2010/4/17 22:30,7840.96,23.76,TRADE
NSW1,2010/4/17 23:00,7744.93,23.94,TRADE
NSW1,2010/4/17 23:30,7756.59,27.48,TRADE
NSW1,2010/4/18 0:00,7561.02,23.72,TRADE
NSW1,2010/4/18 0:30,7370.35,21.67,TRADE
NSW1,2010/4/18 1:00,7187.19,21.7,TRADE
NSW1,2010/4/18 1:30,6979.37,22.52,TRADE
NSW1,2010/4/18 2:00,6823.36,21.5,TRADE
NSW1,2010/4/18 2:30,6468.01,20.28,TRADE
NSW1,2010/4/18 3:00,6337.42,19.97,TRADE
NSW1,2010/4/18 3:30,6172.01,19.58,TRADE
NSW1,2010/4/18 4:00,6199.39,19,TRADE
NSW1,2010/4/18 4:30,6122.75,14.84,TRADE
NSW1,2010/4/18 5:00,6086.41,16.47,TRADE
NSW1,2010/4/18 5:30,6206.54,16.86,TRADE
NSW1,2010/4/18 6:00,6137.95,14.88,TRADE
NSW1,2010/4/18 6:30,6271.5,13.1,TRADE
NSW1,2010/4/18 7:00,6433.13,14.2,TRADE
NSW1,2010/4/18 7:30,6714.97,18.59,TRADE
NSW1,2010/4/18 8:00,7095.96,20.88,TRADE
NSW1,2010/4/18 8:30,7507.24,21.36,TRADE
NSW1,2010/4/18 9:00,7761.15,22.52,TRADE
NSW1,2010/4/18 9:30,8034.2,22.11,TRADE
NSW1,2010/4/18 10:00,8235.44,23.59,TRADE
NSW1,2010/4/18 10:30,8374.7,22.73,TRADE
NSW1,2010/4/18 11:00,8391.12,22.46,TRADE
NSW1,2010/4/18 11:30,8387.07,21.92,TRADE
NSW1,2010/4/18 12:00,8405.99,22.04,TRADE
NSW1,2010/4/18 12:30,8336.32,21.98,TRADE
NSW1,2010/4/18 13:00,8277.69,22,TRADE
NSW1,2010/4/18 13:30,8269.3,21.83,TRADE
NSW1,2010/4/18 14:00,8167.73,22,TRADE
NSW1,2010/4/18 14:30,8168.88,22,TRADE
NSW1,2010/4/18 15:00,8130.82,22.25,TRADE
NSW1,2010/4/18 15:30,8140.1,22,TRADE
NSW1,2010/4/18 16:00,8174.32,23.16,TRADE
NSW1,2010/4/18 16:30,8195.14,22.27,TRADE
NSW1,2010/4/18 17:00,8307,22.85,TRADE
NSW1,2010/4/18 17:30,8370.24,25.02,TRADE
NSW1,2010/4/18 18:00,8814.2,36.4,TRADE
NSW1,2010/4/18 18:30,9074.94,57.03,TRADE
NSW1,2010/4/18 19:00,8900.07,44.74,TRADE
NSW1,2010/4/18 19:30,8630.17,31.5,TRADE
NSW1,2010/4/18 20:00,8514.02,26.12,TRADE
NSW1,2010/4/18 20:30,8369.69,23.05,TRADE
NSW1,2010/4/18 21:00,8222.1,21.68,TRADE
NSW1,2010/4/18 21:30,7885.55,21.37,TRADE
NSW1,2010/4/18 22:00,7796.12,22,TRADE
NSW1,2010/4/18 22:30,7824.77,23.15,TRADE
NSW1,2010/4/18 23:00,7777.93,22.34,TRADE
NSW1,2010/4/18 23:30,7630.98,22.68,TRADE
NSW1,2010/4/19 0:00,7455.8,21.84,TRADE
NSW1,2010/4/19 0:30,7214.55,20.89,TRADE
NSW1,2010/4/19 1:00,7135.61,20.88,TRADE
NSW1,2010/4/19 1:30,6935.16,21.49,TRADE
NSW1,2010/4/19 2:00,6823.53,20.84,TRADE
NSW1,2010/4/19 2:30,6575.26,18.92,TRADE
NSW1,2010/4/19 3:00,6329.01,17,TRADE
NSW1,2010/4/19 3:30,6254.28,15.46,TRADE
NSW1,2010/4/19 4:00,6211.59,13.12,TRADE
NSW1,2010/4/19 4:30,6259.59,14.62,TRADE
NSW1,2010/4/19 5:00,6363.46,15.83,TRADE
NSW1,2010/4/19 5:30,6635.03,17.66,TRADE
NSW1,2010/4/19 6:00,6999.02,22,TRADE
NSW1,2010/4/19 6:30,7675.46,21.92,TRADE
NSW1,2010/4/19 7:00,8110.82,22,TRADE
NSW1,2010/4/19 7:30,8387.93,22.29,TRADE
NSW1,2010/4/19 8:00,8817.81,22.32,TRADE
NSW1,2010/4/19 8:30,9165.47,22.66,TRADE
NSW1,2010/4/19 9:00,9398.26,23.25,TRADE
NSW1,2010/4/19 9:30,9686.59,28,TRADE
NSW1,2010/4/19 10:00,9843.73,28.17,TRADE
NSW1,2010/4/19 10:30,9885.92,27.4,TRADE
NSW1,2010/4/19 11:00,10003.83,25.63,TRADE
NSW1,2010/4/19 11:30,9956.86,22.93,TRADE
NSW1,2010/4/19 12:00,10050.67,23.06,TRADE
NSW1,2010/4/19 12:30,9962,22.44,TRADE
NSW1,2010/4/19 13:00,10033.72,22.75,TRADE
NSW1,2010/4/19 13:30,10027.47,22.62,TRADE
NSW1,2010/4/19 14:00,10104.48,23.11,TRADE
NSW1,2010/4/19 14:30,10043.4,22.16,TRADE
NSW1,2010/4/19 15:00,10019.73,22.03,TRADE
NSW1,2010/4/19 15:30,9921.77,22.05,TRADE
NSW1,2010/4/19 16:00,9866.26,22,TRADE
NSW1,2010/4/19 16:30,9808.67,21.91,TRADE
NSW1,2010/4/19 17:00,9760.6,22.01,TRADE
NSW1,2010/4/19 17:30,9789.37,25.46,TRADE
NSW1,2010/4/19 18:00,10139.62,56.02,TRADE
NSW1,2010/4/19 18:30,10219.65,53.77,TRADE
NSW1,2010/4/19 19:00,9888.32,31.39,TRADE
NSW1,2010/4/19 19:30,9578.86,24.43,TRADE
NSW1,2010/4/19 20:00,9296.05,22.03,TRADE
NSW1,2010/4/19 20:30,9065.15,22,TRADE
NSW1,2010/4/19 21:00,8807.62,22,TRADE
NSW1,2010/4/19 21:30,8601.51,21.98,TRADE
NSW1,2010/4/19 22:00,8387.26,21.93,TRADE
NSW1,2010/4/19 22:30,8494.6,24.72,TRADE
NSW1,2010/4/19 23:00,8346.45,22.99,TRADE
NSW1,2010/4/19 23:30,8255.68,22.8,TRADE
NSW1,2010/4/20 0:00,8124.35,21.59,TRADE
NSW1,2010/4/20 0:30,7825.48,21.08,TRADE
NSW1,2010/4/20 1:00,7733.12,20.97,TRADE
NSW1,2010/4/20 1:30,7538.99,22.04,TRADE
NSW1,2010/4/20 2:00,7325.5,21.83,TRADE
NSW1,2010/4/20 2:30,6966.82,20.67,TRADE
NSW1,2010/4/20 3:00,6699.5,19.49,TRADE
NSW1,2010/4/20 3:30,6534.09,17.36,TRADE
NSW1,2010/4/20 4:00,6429.36,16.09,TRADE
NSW1,2010/4/20 4:30,6479.57,17.27,TRADE
NSW1,2010/4/20 5:00,6518.26,18.22,TRADE
NSW1,2010/4/20 5:30,6816.02,19.64,TRADE
NSW1,2010/4/20 6:00,7138.45,22,TRADE
NSW1,2010/4/20 6:30,7804.57,22,TRADE
NSW1,2010/4/20 7:00,8363.27,21.74,TRADE
NSW1,2010/4/20 7:30,8620.46,22.36,TRADE
NSW1,2010/4/20 8:00,9024.87,22.18,TRADE
NSW1,2010/4/20 8:30,9204.02,22.11,TRADE
NSW1,2010/4/20 9:00,9315.61,22.3,TRADE
NSW1,2010/4/20 9:30,9470.5,24.12,TRADE
NSW1,2010/4/20 10:00,9681.78,21.64,TRADE
NSW1,2010/4/20 10:30,9746.71,22,TRADE
NSW1,2010/4/20 11:00,9916.5,22.11,TRADE
NSW1,2010/4/20 11:30,9854.27,22,TRADE
NSW1,2010/4/20 12:00,9828.73,22,TRADE
NSW1,2010/4/20 12:30,9860.93,22,TRADE
NSW1,2010/4/20 13:00,9927.22,21.97,TRADE
NSW1,2010/4/20 13:30,9885.85,22.05,TRADE
NSW1,2010/4/20 14:00,9862.24,22,TRADE
NSW1,2010/4/20 14:30,9886.82,22,TRADE
NSW1,2010/4/20 15:00,9772.11,22,TRADE
NSW1,2010/4/20 15:30,9723.17,22,TRADE
NSW1,2010/4/20 16:00,9721.13,22,TRADE
NSW1,2010/4/20 16:30,9674.09,22,TRADE
NSW1,2010/4/20 17:00,9766.37,22.63,TRADE
NSW1,2010/4/20 17:30,9726.6,26.17,TRADE
NSW1,2010/4/20 18:00,10099.34,49.27,TRADE
NSW1,2010/4/20 18:30,10086,37.24,TRADE
NSW1,2010/4/20 19:00,9869.09,30.02,TRADE
NSW1,2010/4/20 19:30,9504.67,23.1,TRADE
NSW1,2010/4/20 20:00,9313.68,21.98,TRADE
NSW1,2010/4/20 20:30,9058.55,22.02,TRADE
NSW1,2010/4/20 21:00,8863.85,21.93,TRADE
NSW1,2010/4/20 21:30,8604.98,21.89,TRADE
NSW1,2010/4/20 22:00,8352,21.34,TRADE
NSW1,2010/4/20 22:30,8529.25,23.45,TRADE
NSW1,2010/4/20 23:00,8360.22,21.94,TRADE
NSW1,2010/4/20 23:30,8229.39,22.55,TRADE
NSW1,2010/4/21 0:00,8093.24,21.67,TRADE
NSW1,2010/4/21 0:30,7894.98,21.61,TRADE
NSW1,2010/4/21 1:00,7687.01,21.58,TRADE
NSW1,2010/4/21 1:30,7520.03,22.84,TRADE
NSW1,2010/4/21 2:00,7260.5,21.6,TRADE
NSW1,2010/4/21 2:30,6929.13,20.46,TRADE
NSW1,2010/4/21 3:00,6658.28,19.39,TRADE
NSW1,2010/4/21 3:30,6480.61,17.36,TRADE
NSW1,2010/4/21 4:00,6390.68,16.74,TRADE
NSW1,2010/4/21 4:30,6398.46,17.15,TRADE
NSW1,2010/4/21 5:00,6476.61,18.98,TRADE
NSW1,2010/4/21 5:30,6780.76,21.04,TRADE
NSW1,2010/4/21 6:00,7121.55,21.98,TRADE
NSW1,2010/4/21 6:30,7724.93,22.59,TRADE
NSW1,2010/4/21 7:00,8296.05,22.09,TRADE
NSW1,2010/4/21 7:30,8582.58,22.02,TRADE
NSW1,2010/4/21 8:00,8915.96,22.32,TRADE
NSW1,2010/4/21 8:30,9123.87,22.83,TRADE
NSW1,2010/4/21 9:00,9218.24,22.67,TRADE
NSW1,2010/4/21 9:30,9428.4,22.13,TRADE
NSW1,2010/4/21 10:00,9573.87,21.15,TRADE
NSW1,2010/4/21 10:30,9659.59,22.02,TRADE
NSW1,2010/4/21 11:00,9743.46,26.29,TRADE
NSW1,2010/4/21 11:30,9759.36,26.19,TRADE
NSW1,2010/4/21 12:00,9727.07,22.01,TRADE
NSW1,2010/4/21 12:30,9688.98,21.83,TRADE
NSW1,2010/4/21 13:00,9701.45,22.03,TRADE
NSW1,2010/4/21 13:30,9777.28,20.58,TRADE
NSW1,2010/4/21 14:00,9782.57,21.97,TRADE
NSW1,2010/4/21 14:30,9827.67,22,TRADE
NSW1,2010/4/21 15:00,9792.78,22,TRADE
NSW1,2010/4/21 15:30,9682.5,21.86,TRADE
NSW1,2010/4/21 16:00,9685.91,22,TRADE
NSW1,2010/4/21 16:30,9647.84,21.87,TRADE
NSW1,2010/4/21 17:00,9662.41,23.75,TRADE
NSW1,2010/4/21 17:30,9651.74,28.19,TRADE
NSW1,2010/4/21 18:00,10008.56,40.38,TRADE
NSW1,2010/4/21 18:30,10021.37,48.73,TRADE
NSW1,2010/4/21 19:00,9763.11,34.54,TRADE
NSW1,2010/4/21 19:30,9481.8,25.49,TRADE
NSW1,2010/4/21 20:00,9282.08,22.23,TRADE
NSW1,2010/4/21 20:30,9054.08,22,TRADE
NSW1,2010/4/21 21:00,8842.86,21.99,TRADE
NSW1,2010/4/21 21:30,8561.41,22,TRADE
NSW1,2010/4/21 22:00,8288.71,22,TRADE
NSW1,2010/4/21 22:30,8462.71,30.03,TRADE
NSW1,2010/4/21 23:00,8300.97,23,TRADE
NSW1,2010/4/21 23:30,8201.48,24.37,TRADE
NSW1,2010/4/22 0:00,8075.06,21.91,TRADE
NSW1,2010/4/22 0:30,7872,21.81,TRADE
NSW1,2010/4/22 1:00,7658.83,21.97,TRADE
NSW1,2010/4/22 1:30,7487.02,22.95,TRADE
NSW1,2010/4/22 2:00,7283.44,22.19,TRADE
NSW1,2010/4/22 2:30,6896.89,20.63,TRADE
NSW1,2010/4/22 3:00,6624.56,19.71,TRADE
NSW1,2010/4/22 3:30,6456.88,18.23,TRADE
NSW1,2010/4/22 4:00,6356.49,17,TRADE
NSW1,2010/4/22 4:30,6371.19,17.63,TRADE
NSW1,2010/4/22 5:00,6453.56,20.1,TRADE
NSW1,2010/4/22 5:30,6731.47,21.21,TRADE
NSW1,2010/4/22 6:00,7090.42,22.13,TRADE
NSW1,2010/4/22 6:30,7700.57,22.31,TRADE
NSW1,2010/4/22 7:00,8253.97,21.96,TRADE
NSW1,2010/4/22 7:30,8594.46,22.24,TRADE
NSW1,2010/4/22 8:00,8944.77,22.6,TRADE
NSW1,2010/4/22 8:30,9122.66,23.13,TRADE
NSW1,2010/4/22 9:00,9186.34,22.58,TRADE
NSW1,2010/4/22 9:30,9381.24,22.86,TRADE
NSW1,2010/4/22 10:00,9507.54,22.74,TRADE
NSW1,2010/4/22 10:30,9651.77,22.29,TRADE
NSW1,2010/4/22 11:00,9698.64,22.66,TRADE
NSW1,2010/4/22 11:30,9678.59,22.17,TRADE
NSW1,2010/4/22 12:00,9647.1,21.37,TRADE
NSW1,2010/4/22 12:30,9802.12,23.77,TRADE
NSW1,2010/4/22 13:00,9814.85,22,TRADE
NSW1,2010/4/22 13:30,9897.31,22,TRADE
NSW1,2010/4/22 14:00,9894.53,21.73,TRADE
NSW1,2010/4/22 14:30,9924.98,22.28,TRADE
NSW1,2010/4/22 15:00,9901.88,21.85,TRADE
NSW1,2010/4/22 15:30,9826.56,21.75,TRADE
NSW1,2010/4/22 16:00,9780.67,22,TRADE
NSW1,2010/4/22 16:30,9735.47,21.96,TRADE
NSW1,2010/4/22 17:00,9741.32,25.41,TRADE
NSW1,2010/4/22 17:30,9729.32,28.73,TRADE
NSW1,2010/4/22 18:00,10127.87,65.16,TRADE
NSW1,2010/4/22 18:30,10192.43,85.79,TRADE
NSW1,2010/4/22 19:00,9983.82,65.12,TRADE
NSW1,2010/4/22 19:30,9710.85,33.62,TRADE
NSW1,2010/4/22 20:00,9478.97,26.87,TRADE
NSW1,2010/4/22 20:30,9268.12,23.4,TRADE
NSW1,2010/4/22 21:00,9046.01,22.18,TRADE
NSW1,2010/4/22 21:30,8759.59,21.77,TRADE
NSW1,2010/4/22 22:00,8455.56,21.71,TRADE
NSW1,2010/4/22 22:30,8574.1,31.03,TRADE
NSW1,2010/4/22 23:00,8407.87,23.95,TRADE
NSW1,2010/4/22 23:30,8302.48,23.72,TRADE
NSW1,2010/4/23 0:00,8150.91,22.7,TRADE
NSW1,2010/4/23 0:30,7929.94,21.94,TRADE
NSW1,2010/4/23 1:00,7732.21,22,TRADE
NSW1,2010/4/23 1:30,7530.28,23.01,TRADE
NSW1,2010/4/23 2:00,7304.96,22.35,TRADE
NSW1,2010/4/23 2:30,6938.63,20.99,TRADE
NSW1,2010/4/23 3:00,6672.25,20.36,TRADE
NSW1,2010/4/23 3:30,6497.54,20.04,TRADE
NSW1,2010/4/23 4:00,6436.14,18.74,TRADE
NSW1,2010/4/23 4:30,6422.86,17.42,TRADE
NSW1,2010/4/23 5:00,6501,19.52,TRADE
NSW1,2010/4/23 5:30,6751.83,21.01,TRADE
NSW1,2010/4/23 6:00,7078.02,22.8,TRADE
NSW1,2010/4/23 6:30,7678.67,22.25,TRADE
NSW1,2010/4/23 7:00,8190.55,21.96,TRADE
NSW1,2010/4/23 7:30,8520.59,22.01,TRADE
NSW1,2010/4/23 8:00,8885.08,22.01,TRADE
NSW1,2010/4/23 8:30,9129.2,22.24,TRADE
NSW1,2010/4/23 9:00,9179.57,22.53,TRADE
NSW1,2010/4/23 9:30,9350.88,26.87,TRADE
NSW1,2010/4/23 10:00,9450.8,28.4,TRADE
NSW1,2010/4/23 10:30,9650.85,29.11,TRADE
NSW1,2010/4/23 11:00,9728.98,28.87,TRADE
NSW1,2010/4/23 11:30,9776.98,27.99,TRADE
NSW1,2010/4/23 12:00,9806.01,25.25,TRADE
NSW1,2010/4/23 12:30,9835.34,23.1,TRADE
NSW1,2010/4/23 13:00,9817.86,22.53,TRADE
NSW1,2010/4/23 13:30,9812.3,22.86,TRADE
NSW1,2010/4/23 14:00,9818.06,22.83,TRADE
NSW1,2010/4/23 14:30,9873.68,23.34,TRADE
NSW1,2010/4/23 15:00,9798.72,23.24,TRADE
NSW1,2010/4/23 15:30,9730.98,22.72,TRADE
NSW1,2010/4/23 16:00,9750.8,22.84,TRADE
NSW1,2010/4/23 16:30,9753.46,22.81,TRADE
NSW1,2010/4/23 17:00,9715.62,22.23,TRADE
NSW1,2010/4/23 17:30,9628.74,24.32,TRADE
NSW1,2010/4/23 18:00,9852.1,29.73,TRADE
NSW1,2010/4/23 18:30,9787.46,29.41,TRADE
NSW1,2010/4/23 19:00,9609.48,25.84,TRADE
NSW1,2010/4/23 19:30,9343.79,21.62,TRADE
NSW1,2010/4/23 20:00,9014.48,21.15,TRADE
NSW1,2010/4/23 20:30,8823.87,22,TRADE
NSW1,2010/4/23 21:00,8656.04,22.19,TRADE
NSW1,2010/4/23 21:30,8395,21.9,TRADE
NSW1,2010/4/23 22:00,8151.84,21.98,TRADE
NSW1,2010/4/23 22:30,8332.65,24.66,TRADE
NSW1,2010/4/23 23:00,8275.98,22.79,TRADE
NSW1,2010/4/23 23:30,8164.8,24.05,TRADE
NSW1,2010/4/24 0:00,8074.43,22.27,TRADE
NSW1,2010/4/24 0:30,7881.6,21.76,TRADE
NSW1,2010/4/24 1:00,7622.79,21.15,TRADE
NSW1,2010/4/24 1:30,7450.05,22.71,TRADE
NSW1,2010/4/24 2:00,7169.34,21.67,TRADE
NSW1,2010/4/24 2:30,6796.01,19.99,TRADE
NSW1,2010/4/24 3:00,6588.02,19.79,TRADE
NSW1,2010/4/24 3:30,6384.2,17.88,TRADE
NSW1,2010/4/24 4:00,6288.01,14.36,TRADE
NSW1,2010/4/24 4:30,6243.7,14.9,TRADE
NSW1,2010/4/24 5:00,6235.33,13.71,TRADE
NSW1,2010/4/24 5:30,6321.3,16.76,TRADE
NSW1,2010/4/24 6:00,6457.66,17.62,TRADE
NSW1,2010/4/24 6:30,6650.61,19.13,TRADE
NSW1,2010/4/24 7:00,6868.96,20.7,TRADE
NSW1,2010/4/24 7:30,7053.85,20.76,TRADE
NSW1,2010/4/24 8:00,7538.13,21.17,TRADE
NSW1,2010/4/24 8:30,7989.88,22,TRADE
NSW1,2010/4/24 9:00,8283.15,22.92,TRADE
NSW1,2010/4/24 9:30,8643.09,22.32,TRADE
NSW1,2010/4/24 10:00,8662.15,22,TRADE
NSW1,2010/4/24 10:30,8761.1,23.18,TRADE
NSW1,2010/4/24 11:00,8716.64,22,TRADE
NSW1,2010/4/24 11:30,8627.44,22,TRADE
NSW1,2010/4/24 12:00,8582.15,22,TRADE
NSW1,2010/4/24 12:30,8443.26,21.95,TRADE
NSW1,2010/4/24 13:00,8517.6,22,TRADE
NSW1,2010/4/24 13:30,8437.08,22,TRADE
NSW1,2010/4/24 14:00,8384.68,21.99,TRADE
NSW1,2010/4/24 14:30,8296.94,21.97,TRADE
NSW1,2010/4/24 15:00,8191.56,21.93,TRADE
NSW1,2010/4/24 15:30,8197.7,21.59,TRADE
NSW1,2010/4/24 16:00,8177.75,21.63,TRADE
NSW1,2010/4/24 16:30,8222.52,22,TRADE
NSW1,2010/4/24 17:00,8369.91,22.01,TRADE
NSW1,2010/4/24 17:30,8504.79,23.63,TRADE
NSW1,2010/4/24 18:00,8905.3,26.81,TRADE
NSW1,2010/4/24 18:30,8914.15,26.2,TRADE
NSW1,2010/4/24 19:00,8764.41,28.13,TRADE
NSW1,2010/4/24 19:30,8456.85,21.61,TRADE
NSW1,2010/4/24 20:00,8268.96,21.17,TRADE
NSW1,2010/4/24 20:30,8128.34,22,TRADE
NSW1,2010/4/24 21:00,7969.78,21.92,TRADE
NSW1,2010/4/24 21:30,7794.23,22,TRADE
NSW1,2010/4/24 22:00,7674.97,21.99,TRADE
NSW1,2010/4/24 22:30,7774.16,23.94,TRADE
NSW1,2010/4/24 23:00,7680.14,21.83,TRADE
NSW1,2010/4/24 23:30,7618.46,25.44,TRADE
NSW1,2010/4/25 0:00,7450.49,22.24,TRADE
NSW1,2010/4/25 0:30,7254.11,21.67,TRADE
NSW1,2010/4/25 1:00,7057,20.96,TRADE
NSW1,2010/4/25 1:30,6964.29,21.65,TRADE
NSW1,2010/4/25 2:00,6773.96,20.05,TRADE
NSW1,2010/4/25 2:30,6466.63,17.69,TRADE
NSW1,2010/4/25 3:00,6299.77,16.6,TRADE
NSW1,2010/4/25 3:30,6178.38,18.6,TRADE
NSW1,2010/4/25 4:00,6117.66,14.48,TRADE
NSW1,2010/4/25 4:30,6126.42,15.45,TRADE
NSW1,2010/4/25 5:00,6109.21,15.62,TRADE
NSW1,2010/4/25 5:30,6218.9,16.8,TRADE
NSW1,2010/4/25 6:00,6275.34,17.18,TRADE
NSW1,2010/4/25 6:30,6379.52,16.97,TRADE
NSW1,2010/4/25 7:00,6516.54,17.08,TRADE
NSW1,2010/4/25 7:30,6659.97,17.94,TRADE
NSW1,2010/4/25 8:00,7009.93,20.19,TRADE
NSW1,2010/4/25 8:30,7316.68,21.14,TRADE
NSW1,2010/4/25 9:00,7580.54,21.5,TRADE
NSW1,2010/4/25 9:30,7824.72,21.81,TRADE
NSW1,2010/4/25 10:00,7892.81,21.38,TRADE
NSW1,2010/4/25 10:30,8014.96,21.56,TRADE
NSW1,2010/4/25 11:00,8043.04,21.12,TRADE
NSW1,2010/4/25 11:30,8033.31,21.99,TRADE
NSW1,2010/4/25 12:00,7998.01,21.49,TRADE
NSW1,2010/4/25 12:30,8029.63,22.4,TRADE
NSW1,2010/4/25 13:00,8000,21.84,TRADE
NSW1,2010/4/25 13:30,7934.02,22.15,TRADE
NSW1,2010/4/25 14:00,7849.98,22,TRADE
NSW1,2010/4/25 14:30,7795.4,22.1,TRADE
NSW1,2010/4/25 15:00,7790.62,22,TRADE
NSW1,2010/4/25 15:30,7748.29,21.97,TRADE
NSW1,2010/4/25 16:00,7763.14,22,TRADE
NSW1,2010/4/25 16:30,7746.98,21.92,TRADE
NSW1,2010/4/25 17:00,7850.39,22,TRADE
NSW1,2010/4/25 17:30,7983.08,25.23,TRADE
NSW1,2010/4/25 18:00,8513.65,34.75,TRADE
NSW1,2010/4/25 18:30,8702.75,42.59,TRADE
NSW1,2010/4/25 19:00,8557.23,39.02,TRADE
NSW1,2010/4/25 19:30,8281.59,24.86,TRADE
NSW1,2010/4/25 20:00,8157.84,22.38,TRADE
NSW1,2010/4/25 20:30,7993.33,22,TRADE
NSW1,2010/4/25 21:00,7897.9,21.81,TRADE
NSW1,2010/4/25 21:30,7747.61,21.96,TRADE
NSW1,2010/4/25 22:00,7597.07,21.67,TRADE
NSW1,2010/4/25 22:30,7637.28,22.97,TRADE
NSW1,2010/4/25 23:00,7542.97,22.15,TRADE
NSW1,2010/4/25 23:30,7526.02,25.5,TRADE
NSW1,2010/4/26 0:00,7311.5,22.48,TRADE
NSW1,2010/4/26 0:30,7186.4,21.48,TRADE
NSW1,2010/4/26 1:00,7003.06,21.06,TRADE
NSW1,2010/4/26 1:30,6860.87,21.25,TRADE
NSW1,2010/4/26 2:00,6636.76,20.78,TRADE
NSW1,2010/4/26 2:30,6383.39,17.8,TRADE
NSW1,2010/4/26 3:00,6181.37,17,TRADE
NSW1,2010/4/26 3:30,6035.76,18.38,TRADE
NSW1,2010/4/26 4:00,5968,14.45,TRADE
NSW1,2010/4/26 4:30,5986.41,13.9,TRADE
NSW1,2010/4/26 5:00,5982.46,13.59,TRADE
NSW1,2010/4/26 5:30,6086.75,16.71,TRADE
NSW1,2010/4/26 6:00,6232.22,17.1,TRADE
NSW1,2010/4/26 6:30,6457.24,15.88,TRADE
NSW1,2010/4/26 7:00,6567.88,16.11,TRADE
NSW1,2010/4/26 7:30,6726.97,17.66,TRADE
NSW1,2010/4/26 8:00,7023.81,19.62,TRADE
NSW1,2010/4/26 8:30,7363.05,20.94,TRADE
NSW1,2010/4/26 9:00,7638.31,21.14,TRADE
NSW1,2010/4/26 9:30,7892.46,21.6,TRADE
NSW1,2010/4/26 10:00,8052.16,21.92,TRADE
NSW1,2010/4/26 10:30,8177.42,21.99,TRADE
NSW1,2010/4/26 11:00,8199.31,21.28,TRADE
NSW1,2010/4/26 11:30,8136.1,20.97,TRADE
NSW1,2010/4/26 12:00,8075.33,20.98,TRADE
NSW1,2010/4/26 12:30,8014.11,20.94,TRADE
NSW1,2010/4/26 13:00,7918.69,20.88,TRADE
NSW1,2010/4/26 13:30,7891.88,20.68,TRADE
NSW1,2010/4/26 14:00,7855.22,20.34,TRADE
NSW1,2010/4/26 14:30,7857.34,20.12,TRADE
NSW1,2010/4/26 15:00,7805.2,20.07,TRADE
NSW1,2010/4/26 15:30,7797.37,20,TRADE
NSW1,2010/4/26 16:00,7823.85,20.03,TRADE
NSW1,2010/4/26 16:30,7890.01,20.4,TRADE
NSW1,2010/4/26 17:00,7993.88,21.09,TRADE
NSW1,2010/4/26 17:30,8343.59,24.51,TRADE
NSW1,2010/4/26 18:00,9025.51,26.99,TRADE
NSW1,2010/4/26 18:30,9173.9,27.57,TRADE
NSW1,2010/4/26 19:00,8985.34,22.81,TRADE
NSW1,2010/4/26 19:30,8711.74,21.67,TRADE
NSW1,2010/4/26 20:00,8566.9,21.78,TRADE
NSW1,2010/4/26 20:30,8354.11,21.83,TRADE
NSW1,2010/4/26 21:00,8186.68,21.33,TRADE
NSW1,2010/4/26 21:30,8020.68,21.23,TRADE
NSW1,2010/4/26 22:00,7830.23,20.95,TRADE
NSW1,2010/4/26 22:30,7865.16,20.97,TRADE
NSW1,2010/4/26 23:00,7820.55,20.78,TRADE
NSW1,2010/4/26 23:30,7782.92,20.77,TRADE
NSW1,2010/4/27 0:00,7768.4,22.39,TRADE
NSW1,2010/4/27 0:30,7638.31,20.96,TRADE
NSW1,2010/4/27 1:00,7580.6,20.82,TRADE
NSW1,2010/4/27 1:30,7422.83,22.27,TRADE
NSW1,2010/4/27 2:00,7188.5,18.48,TRADE
NSW1,2010/4/27 2:30,6853.72,16.07,TRADE
NSW1,2010/4/27 3:00,6520.83,12.62,TRADE
NSW1,2010/4/27 3:30,6380.42,11.65,TRADE
NSW1,2010/4/27 4:00,6265.83,10.61,TRADE
NSW1,2010/4/27 4:30,6297.87,12.05,TRADE
NSW1,2010/4/27 5:00,6373.86,13.16,TRADE
NSW1,2010/4/27 5:30,6541.17,17.67,TRADE
NSW1,2010/4/27 6:00,6941.8,21.29,TRADE
NSW1,2010/4/27 6:30,7664.76,21.72,TRADE
NSW1,2010/4/27 7:00,8309.03,22.38,TRADE
NSW1,2010/4/27 7:30,8666.71,22,TRADE
NSW1,2010/4/27 8:00,9050.2,22,TRADE
NSW1,2010/4/27 8:30,9189.01,22,TRADE
NSW1,2010/4/27 9:00,9186.17,22,TRADE
NSW1,2010/4/27 9:30,9245.98,21.98,TRADE
NSW1,2010/4/27 10:00,9298.75,22,TRADE
NSW1,2010/4/27 10:30,9346.72,22.01,TRADE
NSW1,2010/4/27 11:00,9410.06,21.86,TRADE
NSW1,2010/4/27 11:30,9323.01,21.97,TRADE
NSW1,2010/4/27 12:00,9186.12,21.81,TRADE
NSW1,2010/4/27 12:30,9139.21,22,TRADE
NSW1,2010/4/27 13:00,9140.55,22,TRADE
NSW1,2010/4/27 13:30,9163.04,21.87,TRADE
NSW1,2010/4/27 14:00,9076.61,22,TRADE
NSW1,2010/4/27 14:30,9052.94,22,TRADE
NSW1,2010/4/27 15:00,9002.73,22,TRADE
NSW1,2010/4/27 15:30,8981.98,22,TRADE
NSW1,2010/4/27 16:00,9094.7,22,TRADE
NSW1,2010/4/27 16:30,9215.46,22,TRADE
NSW1,2010/4/27 17:00,9397,23.55,TRADE
NSW1,2010/4/27 17:30,9724.36,28.23,TRADE
NSW1,2010/4/27 18:00,10204.61,43.09,TRADE
NSW1,2010/4/27 18:30,10227.81,47.09,TRADE
NSW1,2010/4/27 19:00,10009.94,40.69,TRADE
NSW1,2010/4/27 19:30,9750.4,31.46,TRADE
NSW1,2010/4/27 20:00,9506.48,26.8,TRADE
NSW1,2010/4/27 20:30,9246.99,23.64,TRADE
NSW1,2010/4/27 21:00,9066.56,22.43,TRADE
NSW1,2010/4/27 21:30,8807.87,22.04,TRADE
NSW1,2010/4/27 22:00,8567.85,21.63,TRADE
NSW1,2010/4/27 22:30,8627.63,25.59,TRADE
NSW1,2010/4/27 23:00,8488.88,23.68,TRADE
NSW1,2010/4/27 23:30,8369.68,26.88,TRADE
NSW1,2010/4/28 0:00,8251.58,24.74,TRADE
NSW1,2010/4/28 0:30,8055.77,22.04,TRADE
NSW1,2010/4/28 1:00,7882.6,21.44,TRADE
NSW1,2010/4/28 1:30,7644.09,22.2,TRADE
NSW1,2010/4/28 2:00,7447.6,21.87,TRADE
NSW1,2010/4/28 2:30,7091.06,20.66,TRADE
NSW1,2010/4/28 3:00,6768.32,18.63,TRADE
NSW1,2010/4/28 3:30,6529.17,18.53,TRADE
NSW1,2010/4/28 4:00,6456.63,16.04,TRADE
NSW1,2010/4/28 4:30,6467.13,16.85,TRADE
NSW1,2010/4/28 5:00,6557.87,16.79,TRADE
NSW1,2010/4/28 5:30,6779.38,19.91,TRADE
NSW1,2010/4/28 6:00,7167.41,21.39,TRADE
NSW1,2010/4/28 6:30,7876.77,21.83,TRADE
NSW1,2010/4/28 7:00,8562.13,22,TRADE
NSW1,2010/4/28 7:30,8887.2,22.13,TRADE
NSW1,2010/4/28 8:00,9173.86,22,TRADE
NSW1,2010/4/28 8:30,9237.47,22,TRADE
NSW1,2010/4/28 9:00,9196.76,22,TRADE
NSW1,2010/4/28 9:30,9309.69,22.02,TRADE
NSW1,2010/4/28 10:00,9291.92,21.86,TRADE
NSW1,2010/4/28 10:30,9341.73,22,TRADE
NSW1,2010/4/28 11:00,9349.96,22,TRADE
NSW1,2010/4/28 11:30,9311.18,22,TRADE
NSW1,2010/4/28 12:00,9268.98,22,TRADE
NSW1,2010/4/28 12:30,9256.42,22,TRADE
NSW1,2010/4/28 13:00,9223.7,22,TRADE
NSW1,2010/4/28 13:30,9228.87,22,TRADE
NSW1,2010/4/28 14:00,9230.94,22,TRADE
NSW1,2010/4/28 14:30,9224.91,22.48,TRADE
NSW1,2010/4/28 15:00,9196.81,22,TRADE
NSW1,2010/4/28 15:30,9123.85,22,TRADE
NSW1,2010/4/28 16:00,9106.51,22,TRADE
NSW1,2010/4/28 16:30,9104.5,22,TRADE
NSW1,2010/4/28 17:00,9163.31,21.95,TRADE
NSW1,2010/4/28 17:30,9349.04,23.1,TRADE
NSW1,2010/4/28 18:00,9907.4,27.05,TRADE
NSW1,2010/4/28 18:30,9914.36,29.97,TRADE
NSW1,2010/4/28 19:00,9759.05,26.33,TRADE
NSW1,2010/4/28 19:30,9458.74,22.34,TRADE
NSW1,2010/4/28 20:00,9255.37,22,TRADE
NSW1,2010/4/28 20:30,9051.7,22,TRADE
NSW1,2010/4/28 21:00,8842.98,21.97,TRADE
NSW1,2010/4/28 21:30,8565.26,21.99,TRADE
NSW1,2010/4/28 22:00,8248.6,21.93,TRADE
NSW1,2010/4/28 22:30,8417.14,26.1,TRADE
NSW1,2010/4/28 23:00,8305.96,22.32,TRADE
NSW1,2010/4/28 23:30,8234.53,22.51,TRADE
NSW1,2010/4/29 0:00,8088.23,22.24,TRADE
NSW1,2010/4/29 0:30,7890.67,21.77,TRADE
NSW1,2010/4/29 1:00,7689.33,21.45,TRADE
NSW1,2010/4/29 1:30,7497.64,22.24,TRADE
NSW1,2010/4/29 2:00,7320.55,22.94,TRADE
NSW1,2010/4/29 2:30,6976.71,20.62,TRADE
NSW1,2010/4/29 3:00,6649.28,20.07,TRADE
NSW1,2010/4/29 3:30,6389.82,16.21,TRADE
NSW1,2010/4/29 4:00,6312.12,16.58,TRADE
NSW1,2010/4/29 4:30,6322.82,16.17,TRADE
NSW1,2010/4/29 5:00,6433.41,19.64,TRADE
NSW1,2010/4/29 5:30,6756.1,17.18,TRADE
NSW1,2010/4/29 6:00,7135.04,21.59,TRADE
NSW1,2010/4/29 6:30,7850.17,22,TRADE
NSW1,2010/4/29 7:00,8481.33,22,TRADE
NSW1,2010/4/29 7:30,8825.16,22.05,TRADE
NSW1,2010/4/29 8:00,9155.85,22.01,TRADE
NSW1,2010/4/29 8:30,9237.65,22,TRADE
NSW1,2010/4/29 9:00,9228.81,22,TRADE
NSW1,2010/4/29 9:30,9373.2,22,TRADE
NSW1,2010/4/29 10:00,9411.46,22,TRADE
NSW1,2010/4/29 10:30,9428.96,22,TRADE
NSW1,2010/4/29 11:00,9453.84,24.29,TRADE
NSW1,2010/4/29 11:30,9378.36,23.86,TRADE
NSW1,2010/4/29 12:00,9304.37,22.3,TRADE
NSW1,2010/4/29 12:30,9340.75,23.92,TRADE
NSW1,2010/4/29 13:00,9368.8,24.41,TRADE
NSW1,2010/4/29 13:30,9353.46,24.55,TRADE
NSW1,2010/4/29 14:00,9391.17,24.67,TRADE
NSW1,2010/4/29 14:30,9412.3,24.79,TRADE
NSW1,2010/4/29 15:00,9354.6,23.87,TRADE
NSW1,2010/4/29 15:30,9294.03,21.98,TRADE
NSW1,2010/4/29 16:00,9257.87,22,TRADE
NSW1,2010/4/29 16:30,9230.7,21.89,TRADE
NSW1,2010/4/29 17:00,9242.01,22,TRADE
NSW1,2010/4/29 17:30,9416.55,23.77,TRADE
NSW1,2010/4/29 18:00,9988.52,31.62,TRADE
NSW1,2010/4/29 18:30,10047.07,35.19,TRADE
NSW1,2010/4/29 19:00,9878.14,29.61,TRADE
NSW1,2010/4/29 19:30,9653.01,24.49,TRADE
NSW1,2010/4/29 20:00,9576.73,23.18,TRADE
NSW1,2010/4/29 20:30,9399.81,23.26,TRADE
NSW1,2010/4/29 21:00,9188.04,22.53,TRADE
NSW1,2010/4/29 21:30,8890.92,22.36,TRADE
NSW1,2010/4/29 22:00,8616.12,21.75,TRADE
NSW1,2010/4/29 22:30,8709.84,24.26,TRADE
NSW1,2010/4/29 23:00,8545.33,22.01,TRADE
NSW1,2010/4/29 23:30,8429.92,24.79,TRADE
NSW1,2010/4/30 0:00,8319.62,24.65,TRADE
NSW1,2010/4/30 0:30,8142.13,22.4,TRADE
NSW1,2010/4/30 1:00,7937.56,21.61,TRADE
NSW1,2010/4/30 1:30,7745.12,24.01,TRADE
NSW1,2010/4/30 2:00,7558.92,24.08,TRADE
NSW1,2010/4/30 2:30,7219.89,21.33,TRADE
NSW1,2010/4/30 3:00,6945.39,20.83,TRADE
NSW1,2010/4/30 3:30,6756.43,20.89,TRADE
NSW1,2010/4/30 4:00,6646.22,20.15,TRADE
NSW1,2010/4/30 4:30,6632.01,19.51,TRADE
NSW1,2010/4/30 5:00,6718.34,20.64,TRADE
NSW1,2010/4/30 5:30,7047.77,22,TRADE
NSW1,2010/4/30 6:00,7412.86,22.56,TRADE
NSW1,2010/4/30 6:30,8103.15,22.04,TRADE
NSW1,2010/4/30 7:00,8664.08,22.12,TRADE
NSW1,2010/4/30 7:30,9045.13,24.24,TRADE
NSW1,2010/4/30 8:00,9481.22,32.61,TRADE
NSW1,2010/4/30 8:30,9568.73,32.17,TRADE
NSW1,2010/4/30 9:00,9557.01,26.74,TRADE
NSW1,2010/4/30 9:30,9641.34,29.36,TRADE
NSW1,2010/4/30 10:00,9685.54,27.12,TRADE
NSW1,2010/4/30 10:30,9773.21,27.89,TRADE
NSW1,2010/4/30 11:00,9726.65,25.51,TRADE
NSW1,2010/4/30 11:30,9659.43,24.26,TRADE
NSW1,2010/4/30 12:00,9636.95,24.49,TRADE
NSW1,2010/4/30 12:30,9607.78,26.02,TRADE
NSW1,2010/4/30 13:00,9512.87,25.49,TRADE
NSW1,2010/4/30 13:30,9502.36,25.27,TRADE
NSW1,2010/4/30 14:00,9459.21,25.1,TRADE
NSW1,2010/4/30 14:30,9430.99,23.99,TRADE
NSW1,2010/4/30 15:00,9362.01,22.89,TRADE
NSW1,2010/4/30 15:30,9276.43,22.17,TRADE
NSW1,2010/4/30 16:00,9288.41,22.03,TRADE
NSW1,2010/4/30 16:30,9336.63,22.07,TRADE
NSW1,2010/4/30 17:00,9439.1,22.4,TRADE
NSW1,2010/4/30 17:30,9602.93,26.16,TRADE
NSW1,2010/4/30 18:00,9993.32,38.49,TRADE
NSW1,2010/4/30 18:30,9894.43,38.16,TRADE
NSW1,2010/4/30 19:00,9634.29,32.93,TRADE
NSW1,2010/4/30 19:30,9368.89,25,TRADE
NSW1,2010/4/30 20:00,9221.93,23.86,TRADE
NSW1,2010/4/30 20:30,9071.02,22.29,TRADE
NSW1,2010/4/30 21:00,8939.42,22.46,TRADE
NSW1,2010/4/30 21:30,8726.26,22.51,TRADE
NSW1,2010/4/30 22:00,8502.61,22,TRADE
NSW1,2010/4/30 22:30,8640.12,23.68,TRADE
NSW1,2010/4/30 23:00,8572.52,24.4,TRADE
NSW1,2010/4/30 23:30,8542.99,29.34,TRADE
NSW1,2010/5/1 0:00,8417.83,27.61,TRADE
?NSW1,2010/5/1 0:30,8235.27,23.18,TRADE
NSW1,2010/5/1 1:00,7958.78,21.94,TRADE
NSW1,2010/5/1 1:30,7837.19,23.62,TRADE
NSW1,2010/5/1 2:00,7490.17,21.67,TRADE
NSW1,2010/5/1 2:30,7097.94,20.83,TRADE
NSW1,2010/5/1 3:00,6826.85,21.05,TRADE
NSW1,2010/5/1 3:30,6591.02,20.69,TRADE
NSW1,2010/5/1 4:00,6488.85,19.11,TRADE
NSW1,2010/5/1 4:30,6303.81,16.27,TRADE
NSW1,2010/5/1 5:00,6419.9,17.22,TRADE
NSW1,2010/5/1 5:30,6492.44,17.17,TRADE
NSW1,2010/5/1 6:00,6578.72,19.84,TRADE
NSW1,2010/5/1 6:30,6903.74,20.23,TRADE
NSW1,2010/5/1 7:00,7092.1,19.01,TRADE
NSW1,2010/5/1 7:30,7479.23,21.65,TRADE
NSW1,2010/5/1 8:00,7922.57,23.52,TRADE
NSW1,2010/5/1 8:30,8328.04,23.58,TRADE
NSW1,2010/5/1 9:00,8575.11,23.35,TRADE
NSW1,2010/5/1 9:30,8852.93,23.52,TRADE
NSW1,2010/5/1 10:00,8835.25,27.24,TRADE
NSW1,2010/5/1 10:30,8837.96,28.04,TRADE
NSW1,2010/5/1 11:00,8728.98,24.96,TRADE
NSW1,2010/5/1 11:30,8709.95,23.9,TRADE
NSW1,2010/5/1 12:00,8667.82,22.82,TRADE
NSW1,2010/5/1 12:30,8592.9,21.82,TRADE
NSW1,2010/5/1 13:00,8496.47,21.77,TRADE
NSW1,2010/5/1 13:30,8372.5,21.92,TRADE
NSW1,2010/5/1 14:00,8259,21.87,TRADE
NSW1,2010/5/1 14:30,8144.46,22,TRADE
NSW1,2010/5/1 15:00,8080.12,22,TRADE
NSW1,2010/5/1 15:30,8098.59,22.21,TRADE
NSW1,2010/5/1 16:00,8087.71,22,TRADE
NSW1,2010/5/1 16:30,8149.07,22,TRADE
NSW1,2010/5/1 17:00,8269.99,22.22,TRADE
NSW1,2010/5/1 17:30,8494.94,24.37,TRADE
NSW1,2010/5/1 18:00,9034.08,40.23,TRADE
NSW1,2010/5/1 18:30,9130.96,46.34,TRADE
NSW1,2010/5/1 19:00,8874.18,36.16,TRADE
NSW1,2010/5/1 19:30,8651.16,27.95,TRADE
NSW1,2010/5/1 20:00,8481.95,22.16,TRADE
NSW1,2010/5/1 20:30,8351.49,22,TRADE
NSW1,2010/5/1 21:00,8249.05,21.83,TRADE
NSW1,2010/5/1 21:30,8082.49,22,TRADE
NSW1,2010/5/1 22:00,7907.56,21.72,TRADE
NSW1,2010/5/1 22:30,8005.5,22.36,TRADE
NSW1,2010/5/1 23:00,7904.59,22.04,TRADE
NSW1,2010/5/1 23:30,7886.49,26.28,TRADE
NSW1,2010/5/2 0:00,7705.51,22.93,TRADE
NSW1,2010/5/2 0:30,7486.3,21.73,TRADE
NSW1,2010/5/2 1:00,7240.54,21.67,TRADE
NSW1,2010/5/2 1:30,7095.87,22.27,TRADE
NSW1,2010/5/2 2:00,6906.67,21.18,TRADE
NSW1,2010/5/2 2:30,6587.9,18.81,TRADE
NSW1,2010/5/2 3:00,6337.1,17.86,TRADE
NSW1,2010/5/2 3:30,6225.8,15.51,TRADE
NSW1,2010/5/2 4:00,6180.53,16.62,TRADE
NSW1,2010/5/2 4:30,6140.02,16.57,TRADE
NSW1,2010/5/2 5:00,6151.41,15.97,TRADE
NSW1,2010/5/2 5:30,6178.35,16.33,TRADE
NSW1,2010/5/2 6:00,6264.76,16.95,TRADE
NSW1,2010/5/2 6:30,6410.55,16.38,TRADE
NSW1,2010/5/2 7:00,6546.69,15.7,TRADE
NSW1,2010/5/2 7:30,6829.65,16.41,TRADE
NSW1,2010/5/2 8:00,7206.51,19.59,TRADE
NSW1,2010/5/2 8:30,7557.82,21.68,TRADE
NSW1,2010/5/2 9:00,7933.59,22,TRADE
NSW1,2010/5/2 9:30,8141.44,22.1,TRADE
NSW1,2010/5/2 10:00,8222.36,22.1,TRADE
NSW1,2010/5/2 10:30,8359.61,22.08,TRADE
NSW1,2010/5/2 11:00,8272.75,21.92,TRADE
NSW1,2010/5/2 11:30,8266.25,22.02,TRADE
NSW1,2010/5/2 12:00,8225.18,22.01,TRADE
NSW1,2010/5/2 12:30,8167.78,21.86,TRADE
NSW1,2010/5/2 13:00,8136.7,21.92,TRADE
NSW1,2010/5/2 13:30,8061.92,21.99,TRADE
NSW1,2010/5/2 14:00,8012.72,22,TRADE
NSW1,2010/5/2 14:30,7968.52,22,TRADE
NSW1,2010/5/2 15:00,7946.26,22,TRADE
NSW1,2010/5/2 15:30,8001.9,21.96,TRADE
NSW1,2010/5/2 16:00,7974.7,22,TRADE
NSW1,2010/5/2 16:30,8129.5,22,TRADE
NSW1,2010/5/2 17:00,8205.65,22.11,TRADE
NSW1,2010/5/2 17:30,8429.71,25.17,TRADE
NSW1,2010/5/2 18:00,9123.17,40.12,TRADE
NSW1,2010/5/2 18:30,9257.33,44.03,TRADE
NSW1,2010/5/2 19:00,9045.26,37.27,TRADE
NSW1,2010/5/2 19:30,8800.94,25.49,TRADE
NSW1,2010/5/2 20:00,8646.89,22.15,TRADE
NSW1,2010/5/2 20:30,8565.36,22,TRADE
NSW1,2010/5/2 21:00,8480.07,22,TRADE
NSW1,2010/5/2 21:30,8207.12,21.89,TRADE
NSW1,2010/5/2 22:00,8044.75,21.89,TRADE
NSW1,2010/5/2 22:30,7969.5,22,TRADE
NSW1,2010/5/2 23:00,7883.36,21.97,TRADE
NSW1,2010/5/2 23:30,7745.86,24.08,TRADE
NSW1,2010/5/3 0:00,7611.01,22.4,TRADE
NSW1,2010/5/3 0:30,7411.26,22,TRADE
NSW1,2010/5/3 1:00,7209.74,21.59,TRADE
NSW1,2010/5/3 1:30,7025.95,22.43,TRADE
NSW1,2010/5/3 2:00,6902.94,22.34,TRADE
NSW1,2010/5/3 2:30,6600.74,20.9,TRADE
NSW1,2010/5/3 3:00,6426.76,19.93,TRADE
NSW1,2010/5/3 3:30,6344.4,19,TRADE
NSW1,2010/5/3 4:00,6336.33,18.22,TRADE
NSW1,2010/5/3 4:30,6364.88,17.43,TRADE
NSW1,2010/5/3 5:00,6452.21,19.98,TRADE
NSW1,2010/5/3 5:30,6717.83,21.29,TRADE
NSW1,2010/5/3 6:00,7154.04,21.87,TRADE
NSW1,2010/5/3 6:30,7856.1,22.63,TRADE
NSW1,2010/5/3 7:00,8475.04,22.39,TRADE
NSW1,2010/5/3 7:30,8826.94,22.25,TRADE
NSW1,2010/5/3 8:00,9190.04,25.98,TRADE
NSW1,2010/5/3 8:30,9339.62,25.54,TRADE
NSW1,2010/5/3 9:00,9371.27,23.28,TRADE
NSW1,2010/5/3 9:30,9538.55,24.35,TRADE
NSW1,2010/5/3 10:00,9583.68,23.95,TRADE
NSW1,2010/5/3 10:30,9677.64,22.87,TRADE
NSW1,2010/5/3 11:00,9662.72,22.63,TRADE
NSW1,2010/5/3 11:30,9655.33,22.62,TRADE
NSW1,2010/5/3 12:00,9719.69,22.96,TRADE
NSW1,2010/5/3 12:30,9687.7,23.09,TRADE
NSW1,2010/5/3 13:00,9635.15,23.33,TRADE
NSW1,2010/5/3 13:30,9618.64,22.97,TRADE
NSW1,2010/5/3 14:00,9651.95,23.59,TRADE
NSW1,2010/5/3 14:30,9615.15,22.79,TRADE
NSW1,2010/5/3 15:00,9555.17,22.21,TRADE
NSW1,2010/5/3 15:30,9511.47,22.13,TRADE
NSW1,2010/5/3 16:00,9490.81,22.21,TRADE
NSW1,2010/5/3 16:30,9487.47,22.4,TRADE
NSW1,2010/5/3 17:00,9550.08,22.29,TRADE
NSW1,2010/5/3 17:30,9757.39,27.01,TRADE
NSW1,2010/5/3 18:00,10251.33,41.55,TRADE
NSW1,2010/5/3 18:30,10131.85,41.23,TRADE
NSW1,2010/5/3 19:00,9906.78,33.68,TRADE
NSW1,2010/5/3 19:30,9535.39,25.47,TRADE
NSW1,2010/5/3 20:00,9347.92,23.82,TRADE
NSW1,2010/5/3 20:30,9138.99,22.6,TRADE
NSW1,2010/5/3 21:00,8935.83,22.11,TRADE
NSW1,2010/5/3 21:30,8761.49,21.97,TRADE
NSW1,2010/5/3 22:00,8510.79,21.62,TRADE
NSW1,2010/5/3 22:30,8619.64,23.16,TRADE
NSW1,2010/5/3 23:00,8538.95,22.43,TRADE
NSW1,2010/5/3 23:30,8419.21,23.3,TRADE
NSW1,2010/5/4 0:00,8310.85,21.85,TRADE
NSW1,2010/5/4 0:30,8114.72,21.66,TRADE
NSW1,2010/5/4 1:00,7942.1,21.58,TRADE
NSW1,2010/5/4 1:30,7740.37,22.33,TRADE
NSW1,2010/5/4 2:00,7500.8,21.85,TRADE
NSW1,2010/5/4 2:30,7105.83,20.22,TRADE
NSW1,2010/5/4 3:00,6812.53,18.75,TRADE
NSW1,2010/5/4 3:30,6647.84,19.5,TRADE
NSW1,2010/5/4 4:00,6531.97,16.18,TRADE
NSW1,2010/5/4 4:30,6512.67,19.63,TRADE
NSW1,2010/5/4 5:00,6597.09,20.49,TRADE
NSW1,2010/5/4 5:30,6859.11,20.88,TRADE
NSW1,2010/5/4 6:00,7206.16,21.98,TRADE
NSW1,2010/5/4 6:30,7974.03,24.61,TRADE
NSW1,2010/5/4 7:00,8633.41,22.6,TRADE
NSW1,2010/5/4 7:30,8945.91,22.24,TRADE
NSW1,2010/5/4 8:00,9295.41,23.71,TRADE
NSW1,2010/5/4 8:30,9385.18,23.28,TRADE
NSW1,2010/5/4 9:00,9408.75,23.18,TRADE
NSW1,2010/5/4 9:30,9527.16,23.05,TRADE
NSW1,2010/5/4 10:00,9467.41,22.43,TRADE
NSW1,2010/5/4 10:30,9535.93,22.35,TRADE
NSW1,2010/5/4 11:00,9568.69,22.23,TRADE
NSW1,2010/5/4 11:30,9581.33,22.28,TRADE
NSW1,2010/5/4 12:00,9558.42,22.17,TRADE
NSW1,2010/5/4 12:30,9560.65,22.22,TRADE
NSW1,2010/5/4 13:00,9509.85,22.07,TRADE
NSW1,2010/5/4 13:30,9505.61,22.03,TRADE
NSW1,2010/5/4 14:00,9462.87,21.98,TRADE
NSW1,2010/5/4 14:30,9472.96,22.16,TRADE
NSW1,2010/5/4 15:00,9357.54,22.01,TRADE
NSW1,2010/5/4 15:30,9340.91,22,TRADE
NSW1,2010/5/4 16:00,9363.68,22.02,TRADE
NSW1,2010/5/4 16:30,9457.3,22.04,TRADE
NSW1,2010/5/4 17:00,9460.95,22.67,TRADE
NSW1,2010/5/4 17:30,9747.5,26.34,TRADE
NSW1,2010/5/4 18:00,10102.39,40.5,TRADE
NSW1,2010/5/4 18:30,10125.57,43.29,TRADE
NSW1,2010/5/4 19:00,9816.91,29.84,TRADE
NSW1,2010/5/4 19:30,9495.2,24.79,TRADE
NSW1,2010/5/4 20:00,9286.65,23.2,TRADE
NSW1,2010/5/4 20:30,9155.19,22.44,TRADE
NSW1,2010/5/4 21:00,8998.71,22.2,TRADE
NSW1,2010/5/4 21:30,8686.43,22,TRADE
NSW1,2010/5/4 22:00,8513.86,21.59,TRADE
NSW1,2010/5/4 22:30,8579.92,22.67,TRADE
NSW1,2010/5/4 23:00,8429.11,22.29,TRADE
NSW1,2010/5/4 23:30,8388.7,23.37,TRADE
NSW1,2010/5/5 0:00,8247.29,21.74,TRADE
NSW1,2010/5/5 0:30,8016.48,21.5,TRADE
NSW1,2010/5/5 1:00,7793.4,21.94,TRADE
NSW1,2010/5/5 1:30,7710.28,23.5,TRADE
NSW1,2010/5/5 2:00,7492.12,21.98,TRADE
NSW1,2010/5/5 2:30,7131.6,20.93,TRADE
NSW1,2010/5/5 3:00,6826.68,20.73,TRADE
NSW1,2010/5/5 3:30,6648.53,20.05,TRADE
NSW1,2010/5/5 4:00,6520.4,19.17,TRADE
NSW1,2010/5/5 4:30,6529.17,20,TRADE
NSW1,2010/5/5 5:00,6599.01,20.13,TRADE
NSW1,2010/5/5 5:30,6870.34,20.98,TRADE
NSW1,2010/5/5 6:00,7196.05,22.62,TRADE
NSW1,2010/5/5 6:30,7936.16,23.68,TRADE
NSW1,2010/5/5 7:00,8566.4,22.23,TRADE
NSW1,2010/5/5 7:30,8821,21.96,TRADE
NSW1,2010/5/5 8:00,9089.58,23.73,TRADE
NSW1,2010/5/5 8:30,9283.98,24.98,TRADE
NSW1,2010/5/5 9:00,9308.44,25.57,TRADE
NSW1,2010/5/5 9:30,9363.79,23.83,TRADE
NSW1,2010/5/5 10:00,9408.9,23.05,TRADE
NSW1,2010/5/5 10:30,9426.26,22.4,TRADE
NSW1,2010/5/5 11:00,9409.31,21.97,TRADE
NSW1,2010/5/5 11:30,9345.31,21.95,TRADE
NSW1,2010/5/5 12:00,9286.3,22,TRADE
NSW1,2010/5/5 12:30,9200.53,22,TRADE
NSW1,2010/5/5 13:00,9097.25,21.96,TRADE
NSW1,2010/5/5 13:30,9175.98,21.99,TRADE
NSW1,2010/5/5 14:00,9107.73,22,TRADE
NSW1,2010/5/5 14:30,9108.96,22,TRADE
NSW1,2010/5/5 15:00,9025.21,22,TRADE
NSW1,2010/5/5 15:30,8926.89,22,TRADE
NSW1,2010/5/5 16:00,8975.4,22,TRADE
NSW1,2010/5/5 16:30,9037.08,22,TRADE
NSW1,2010/5/5 17:00,9132.46,22.04,TRADE
NSW1,2010/5/5 17:30,9524.84,24.13,TRADE
NSW1,2010/5/5 18:00,10133.1,60.51,TRADE
NSW1,2010/5/5 18:30,10226.26,85.52,TRADE
NSW1,2010/5/5 19:00,9981.92,43.66,TRADE
NSW1,2010/5/5 19:30,9729.99,30.16,TRADE
NSW1,2010/5/5 20:00,9543.61,29.14,TRADE
NSW1,2010/5/5 20:30,9415.67,27.19,TRADE
NSW1,2010/5/5 21:00,9236.1,24.62,TRADE
NSW1,2010/5/5 21:30,8989.33,23.16,TRADE
NSW1,2010/5/5 22:00,8722.72,22,TRADE
NSW1,2010/5/5 22:30,8824.19,25.73,TRADE
NSW1,2010/5/5 23:00,8643.24,23.19,TRADE
NSW1,2010/5/5 23:30,8534.85,25.7,TRADE
NSW1,2010/5/6 0:00,8440.66,23.7,TRADE
NSW1,2010/5/6 0:30,8285,21.87,TRADE
NSW1,2010/5/6 1:00,8068.72,21.89,TRADE
NSW1,2010/5/6 1:30,7897.92,23.8,TRADE
NSW1,2010/5/6 2:00,7672.09,23.09,TRADE
NSW1,2010/5/6 2:30,7304.3,21.23,TRADE
NSW1,2010/5/6 3:00,7012.3,21.75,TRADE
NSW1,2010/5/6 3:30,6751.42,21.42,TRADE
NSW1,2010/5/6 4:00,6652.65,21.61,TRADE
NSW1,2010/5/6 4:30,6637.5,21.48,TRADE
NSW1,2010/5/6 5:00,6721.1,21.78,TRADE
NSW1,2010/5/6 5:30,7035.08,22.9,TRADE
NSW1,2010/5/6 6:00,7394.79,22.16,TRADE
NSW1,2010/5/6 6:30,8166.93,24.07,TRADE
NSW1,2010/5/6 7:00,8888.12,22.28,TRADE
NSW1,2010/5/6 7:30,9241.04,22.96,TRADE
NSW1,2010/5/6 8:00,9523.83,25.77,TRADE
NSW1,2010/5/6 8:30,9525.94,24.68,TRADE
NSW1,2010/5/6 9:00,9465.25,23.69,TRADE
NSW1,2010/5/6 9:30,9499.37,23.69,TRADE
NSW1,2010/5/6 10:00,9482.37,22.57,TRADE
NSW1,2010/5/6 10:30,9456,22,TRADE
NSW1,2010/5/6 11:00,9402.39,22,TRADE
NSW1,2010/5/6 11:30,9227.52,22.02,TRADE
NSW1,2010/5/6 12:00,9238.88,22,TRADE
NSW1,2010/5/6 12:30,9212.45,22,TRADE
NSW1,2010/5/6 13:00,9144.13,22,TRADE
NSW1,2010/5/6 13:30,9144.64,22.14,TRADE
NSW1,2010/5/6 14:00,9153.83,22.22,TRADE
NSW1,2010/5/6 14:30,9136.62,22.04,TRADE
NSW1,2010/5/6 15:00,9081.06,22,TRADE
NSW1,2010/5/6 15:30,9016.67,21.99,TRADE
NSW1,2010/5/6 16:00,9098.32,22.04,TRADE
NSW1,2010/5/6 16:30,9119.82,21.88,TRADE
NSW1,2010/5/6 17:00,9248.85,22.01,TRADE
NSW1,2010/5/6 17:30,9403.44,22.85,TRADE
NSW1,2010/5/6 18:00,9898.38,30.47,TRADE
NSW1,2010/5/6 18:30,10351.52,53.37,TRADE
NSW1,2010/5/6 19:00,10241.69,34.7,TRADE
NSW1,2010/5/6 19:30,10043.01,29.32,TRADE
NSW1,2010/5/6 20:00,9800.82,23.69,TRADE
NSW1,2010/5/6 20:30,9690.4,23.71,TRADE
NSW1,2010/5/6 21:00,9592.41,23.29,TRADE
NSW1,2010/5/6 21:30,9282.03,22.74,TRADE
NSW1,2010/5/6 22:00,9017.74,22.06,TRADE
NSW1,2010/5/6 22:30,9087.79,23.07,TRADE
NSW1,2010/5/6 23:00,8891.36,22.16,TRADE
NSW1,2010/5/6 23:30,8772.34,23.68,TRADE
NSW1,2010/5/7 0:00,8626.73,22.69,TRADE
NSW1,2010/5/7 0:30,8404.88,21.67,TRADE
NSW1,2010/5/7 1:00,8194.65,21.74,TRADE
NSW1,2010/5/7 1:30,8021.97,27.21,TRADE
NSW1,2010/5/7 2:00,7785.19,22.4,TRADE
NSW1,2010/5/7 2:30,7395.69,21.92,TRADE
NSW1,2010/5/7 3:00,7071.07,21.67,TRADE
NSW1,2010/5/7 3:30,6845.93,21.22,TRADE
NSW1,2010/5/7 4:00,6726.81,19.98,TRADE
NSW1,2010/5/7 4:30,6712.33,19.78,TRADE
NSW1,2010/5/7 5:00,6766.43,20.53,TRADE
NSW1,2010/5/7 5:30,7087.06,21.91,TRADE
NSW1,2010/5/7 6:00,7469.55,22.56,TRADE
NSW1,2010/5/7 6:30,8191.6,22.32,TRADE
NSW1,2010/5/7 7:00,8956.77,22.27,TRADE
NSW1,2010/5/7 7:30,9338.13,22.54,TRADE
NSW1,2010/5/7 8:00,9739.71,26.27,TRADE
NSW1,2010/5/7 8:30,9766.96,25.98,TRADE
NSW1,2010/5/7 9:00,9706.29,24.88,TRADE
NSW1,2010/5/7 9:30,9755.4,23.63,TRADE
NSW1,2010/5/7 10:00,9684.49,22.81,TRADE
NSW1,2010/5/7 10:30,9694.16,22.8,TRADE
NSW1,2010/5/7 11:00,9605.13,22.51,TRADE
NSW1,2010/5/7 11:30,9515.96,22.49,TRADE
NSW1,2010/5/7 12:00,9424.69,23.67,TRADE
NSW1,2010/5/7 12:30,9358.83,22.49,TRADE
NSW1,2010/5/7 13:00,9293.82,22.48,TRADE
NSW1,2010/5/7 13:30,9301.39,23.74,TRADE
NSW1,2010/5/7 14:00,9017.24,22.11,TRADE
NSW1,2010/5/7 14:30,9142.95,22.43,TRADE
NSW1,2010/5/7 15:00,9083.83,22.23,TRADE
NSW1,2010/5/7 15:30,9080.98,22.08,TRADE
NSW1,2010/5/7 16:00,9108.29,22.05,TRADE
NSW1,2010/5/7 16:30,9113.99,22.46,TRADE
NSW1,2010/5/7 17:00,9222.67,22.81,TRADE
NSW1,2010/5/7 17:30,9491,27.37,TRADE
NSW1,2010/5/7 18:00,9959.11,60.55,TRADE
NSW1,2010/5/7 18:30,9925.82,47.84,TRADE
NSW1,2010/5/7 19:00,9803.94,36.23,TRADE
NSW1,2010/5/7 19:30,9570.53,27.49,TRADE
NSW1,2010/5/7 20:00,9387.49,23.39,TRADE
NSW1,2010/5/7 20:30,9215.63,22.64,TRADE
NSW1,2010/5/7 21:00,9115.17,22.41,TRADE
NSW1,2010/5/7 21:30,8788.14,22.24,TRADE
NSW1,2010/5/7 22:00,8564.01,22,TRADE
NSW1,2010/5/7 22:30,8810.45,22.69,TRADE
NSW1,2010/5/7 23:00,8779.91,23.95,TRADE
NSW1,2010/5/7 23:30,8718.99,25.42,TRADE
NSW1,2010/5/8 0:00,8598.22,23.82,TRADE
NSW1,2010/5/8 0:30,8370.54,22,TRADE
NSW1,2010/5/8 1:00,8103.54,21.49,TRADE
NSW1,2010/5/8 1:30,7923,23.31,TRADE
NSW1,2010/5/8 2:00,7632.72,21.74,TRADE
NSW1,2010/5/8 2:30,7264.78,21.82,TRADE
NSW1,2010/5/8 3:00,6988.11,21.23,TRADE
NSW1,2010/5/8 3:30,6746.47,19.82,TRADE
NSW1,2010/5/8 4:00,6616.72,19.46,TRADE
NSW1,2010/5/8 4:30,6554.05,17.56,TRADE
NSW1,2010/5/8 5:00,6556.97,20,TRADE
NSW1,2010/5/8 5:30,6674.67,20.04,TRADE
NSW1,2010/5/8 6:00,6796.98,20.64,TRADE
NSW1,2010/5/8 6:30,7138.85,21.25,TRADE
NSW1,2010/5/8 7:00,7446.34,21.8,TRADE
NSW1,2010/5/8 7:30,7868.57,22.16,TRADE
NSW1,2010/5/8 8:00,8361.98,22.16,TRADE
NSW1,2010/5/8 8:30,8656.76,22.05,TRADE
NSW1,2010/5/8 9:00,8947.68,24.48,TRADE
NSW1,2010/5/8 9:30,9132.22,27.73,TRADE
NSW1,2010/5/8 10:00,9094.46,26.81,TRADE
NSW1,2010/5/8 10:30,8971.7,26.32,TRADE
NSW1,2010/5/8 11:00,8843.64,23.07,TRADE
NSW1,2010/5/8 11:30,8689.19,21.99,TRADE
NSW1,2010/5/8 12:00,8611.65,21.96,TRADE
NSW1,2010/5/8 12:30,8500.62,22,TRADE
NSW1,2010/5/8 13:00,8421.78,22.03,TRADE
NSW1,2010/5/8 13:30,8348.99,22,TRADE
NSW1,2010/5/8 14:00,8213.55,21.92,TRADE
NSW1,2010/5/8 14:30,8085.63,21.53,TRADE
NSW1,2010/5/8 15:00,8087.17,22,TRADE
NSW1,2010/5/8 15:30,8071.33,22,TRADE
NSW1,2010/5/8 16:00,8074.63,22,TRADE
NSW1,2010/5/8 16:30,8154.86,22,TRADE
NSW1,2010/5/8 17:00,8338.63,22.08,TRADE
NSW1,2010/5/8 17:30,8683.53,24.13,TRADE
NSW1,2010/5/8 18:00,9271.86,35.16,TRADE
NSW1,2010/5/8 18:30,9303.68,37.97,TRADE
NSW1,2010/5/8 19:00,9095.42,33.37,TRADE
NSW1,2010/5/8 19:30,8826.8,23.49,TRADE
NSW1,2010/5/8 20:00,8602.59,22,TRADE
NSW1,2010/5/8 20:30,8494.42,22.1,TRADE
NSW1,2010/5/8 21:00,8479.2,22.3,TRADE
NSW1,2010/5/8 21:30,8305.74,22.37,TRADE
NSW1,2010/5/8 22:00,8141.31,21.92,TRADE
NSW1,2010/5/8 22:30,8202.47,22.5,TRADE
NSW1,2010/5/8 23:00,8154.71,22.37,TRADE
NSW1,2010/5/8 23:30,8067.34,24.68,TRADE
NSW1,2010/5/9 0:00,7894.99,23.61,TRADE
NSW1,2010/5/9 0:30,7695.25,21.95,TRADE
NSW1,2010/5/9 1:00,7490.18,21.92,TRADE
NSW1,2010/5/9 1:30,7282.98,22.6,TRADE
NSW1,2010/5/9 2:00,7055.26,22.22,TRADE
NSW1,2010/5/9 2:30,6806.56,21.92,TRADE
NSW1,2010/5/9 3:00,6585.08,21.59,TRADE
NSW1,2010/5/9 3:30,6425.95,21.1,TRADE
NSW1,2010/5/9 4:00,6337.89,20.61,TRADE
NSW1,2010/5/9 4:30,6327.67,20,TRADE
NSW1,2010/5/9 5:00,6296.89,20.05,TRADE
NSW1,2010/5/9 5:30,6378.86,20.68,TRADE
NSW1,2010/5/9 6:00,6482.71,21.71,TRADE
NSW1,2010/5/9 6:30,6661.7,21.3,TRADE
NSW1,2010/5/9 7:00,6830.91,21.02,TRADE
NSW1,2010/5/9 7:30,7140.22,21.77,TRADE
NSW1,2010/5/9 8:00,7570.49,22,TRADE
NSW1,2010/5/9 8:30,7893.35,22,TRADE
NSW1,2010/5/9 9:00,8262.44,22,TRADE
NSW1,2010/5/9 9:30,8368.07,22,TRADE
NSW1,2010/5/9 10:00,8459.33,22,TRADE
NSW1,2010/5/9 10:30,8464.45,22,TRADE
NSW1,2010/5/9 11:00,8398.4,22,TRADE
NSW1,2010/5/9 11:30,8270.87,22,TRADE
NSW1,2010/5/9 12:00,8095.88,21.94,TRADE
NSW1,2010/5/9 12:30,7994.64,22,TRADE
NSW1,2010/5/9 13:00,7892.19,22,TRADE
NSW1,2010/5/9 13:30,7804.81,22,TRADE
NSW1,2010/5/9 14:00,7718.28,22,TRADE
NSW1,2010/5/9 14:30,7682.62,22,TRADE
NSW1,2010/5/9 15:00,7643.46,21.99,TRADE
NSW1,2010/5/9 15:30,7629.26,21.99,TRADE
NSW1,2010/5/9 16:00,7641.66,22,TRADE
NSW1,2010/5/9 16:30,7815.52,22.01,TRADE
NSW1,2010/5/9 17:00,7987.42,22.01,TRADE
NSW1,2010/5/9 17:30,8327.37,26.05,TRADE
NSW1,2010/5/9 18:00,8947.13,42.09,TRADE
NSW1,2010/5/9 18:30,9095.66,55.67,TRADE
NSW1,2010/5/9 19:00,8961.56,42.92,TRADE
NSW1,2010/5/9 19:30,8760.36,28.62,TRADE
NSW1,2010/5/9 20:00,8618.95,22.26,TRADE
NSW1,2010/5/9 20:30,8582.85,23.7,TRADE
NSW1,2010/5/9 21:00,8461.68,22.12,TRADE
NSW1,2010/5/9 21:30,8270.45,22,TRADE
NSW1,2010/5/9 22:00,8029.64,22.16,TRADE
NSW1,2010/5/9 22:30,8068.83,25.14,TRADE
NSW1,2010/5/9 23:00,7877.88,24.04,TRADE
NSW1,2010/5/9 23:30,7755.18,24.01,TRADE
NSW1,2010/5/10 0:00,7562.92,22.45,TRADE
NSW1,2010/5/10 0:30,7366.11,21.82,TRADE
NSW1,2010/5/10 1:00,7227.75,21.92,TRADE
NSW1,2010/5/10 1:30,7114.7,22.77,TRADE
NSW1,2010/5/10 2:00,6948.75,22,TRADE
NSW1,2010/5/10 2:30,6672.24,20.19,TRADE
NSW1,2010/5/10 3:00,6483.95,19.97,TRADE
NSW1,2010/5/10 3:30,6383.04,20.25,TRADE
NSW1,2010/5/10 4:00,6389.89,18.4,TRADE
NSW1,2010/5/10 4:30,6388.23,17.63,TRADE
NSW1,2010/5/10 5:00,6523.79,20.05,TRADE
NSW1,2010/5/10 5:30,6860.13,21.45,TRADE
NSW1,2010/5/10 6:00,7219.88,22.01,TRADE
NSW1,2010/5/10 6:30,7983.49,22.09,TRADE
NSW1,2010/5/10 7:00,8691.45,24.62,TRADE
NSW1,2010/5/10 7:30,9088.67,24.14,TRADE
NSW1,2010/5/10 8:00,9413.2,27.95,TRADE
NSW1,2010/5/10 8:30,9524.6,30.22,TRADE
NSW1,2010/5/10 9:00,9467.03,27.2,TRADE
NSW1,2010/5/10 9:30,9549.3,27.45,TRADE
NSW1,2010/5/10 10:00,9563.22,25.9,TRADE
NSW1,2010/5/10 10:30,9577.69,24.97,TRADE
NSW1,2010/5/10 11:00,9598.62,24.9,TRADE
NSW1,2010/5/10 11:30,9506.81,24.46,TRADE
NSW1,2010/5/10 12:00,9415.22,23.42,TRADE
NSW1,2010/5/10 12:30,9321.35,23.99,TRADE
NSW1,2010/5/10 13:00,9326.93,24.66,TRADE
NSW1,2010/5/10 13:30,9396.98,24.91,TRADE
NSW1,2010/5/10 14:00,9369.74,24.81,TRADE
NSW1,2010/5/10 14:30,9320.97,24.65,TRADE
NSW1,2010/5/10 15:00,9268.94,23.55,TRADE
NSW1,2010/5/10 15:30,9193.65,22.49,TRADE
NSW1,2010/5/10 16:00,9210.21,22.63,TRADE
NSW1,2010/5/10 16:30,9274.98,23.97,TRADE
NSW1,2010/5/10 17:00,9343.7,23.76,TRADE
NSW1,2010/5/10 17:30,9739.69,35.09,TRADE
NSW1,2010/5/10 18:00,10268.92,103.07,TRADE
NSW1,2010/5/10 18:30,10209.59,88.64,TRADE
NSW1,2010/5/10 19:00,9922.91,45.43,TRADE
NSW1,2010/5/10 19:30,9597.5,27.78,TRADE
NSW1,2010/5/10 20:00,9392.38,28.11,TRADE
NSW1,2010/5/10 20:30,9201.91,29.18,TRADE
NSW1,2010/5/10 21:00,9036.41,28.4,TRADE
NSW1,2010/5/10 21:30,8802.25,24.01,TRADE
NSW1,2010/5/10 22:00,8513.91,22.69,TRADE
NSW1,2010/5/10 22:30,8639.9,27.75,TRADE
NSW1,2010/5/10 23:00,8597.45,25.71,TRADE
NSW1,2010/5/10 23:30,8441.55,25.74,TRADE
NSW1,2010/5/11 0:00,8333.16,24.3,TRADE
NSW1,2010/5/11 0:30,8184.39,21.44,TRADE
NSW1,2010/5/11 1:00,7951.47,21.7,TRADE
NSW1,2010/5/11 1:30,7760.52,24.17,TRADE
NSW1,2010/5/11 2:00,7538.32,21.91,TRADE
NSW1,2010/5/11 2:30,7153.4,21.43,TRADE
NSW1,2010/5/11 3:00,6860.73,19.36,TRADE
NSW1,2010/5/11 3:30,6619.46,18.56,TRADE
NSW1,2010/5/11 4:00,6536.19,18.18,TRADE
NSW1,2010/5/11 4:30,6595.37,20.48,TRADE
NSW1,2010/5/11 5:00,6593.68,19.43,TRADE
NSW1,2010/5/11 5:30,6839.88,21.73,TRADE
NSW1,2010/5/11 6:00,7262.34,22.25,TRADE
NSW1,2010/5/11 6:30,8033.82,22.33,TRADE
NSW1,2010/5/11 7:00,8700.4,23.92,TRADE
NSW1,2010/5/11 7:30,9019.06,24.03,TRADE
NSW1,2010/5/11 8:00,9321.28,27.28,TRADE
NSW1,2010/5/11 8:30,9448.03,28.7,TRADE
NSW1,2010/5/11 9:00,9368.75,27.47,TRADE
NSW1,2010/5/11 9:30,9449.03,26.76,TRADE
NSW1,2010/5/11 10:00,9422.47,27.35,TRADE
NSW1,2010/5/11 10:30,9476.43,25.14,TRADE
NSW1,2010/5/11 11:00,9449.39,23.12,TRADE
NSW1,2010/5/11 11:30,9419.45,22.93,TRADE
NSW1,2010/5/11 12:00,9383.13,22.7,TRADE
NSW1,2010/5/11 12:30,9389.92,22.66,TRADE
NSW1,2010/5/11 13:00,9316.93,22.48,TRADE
NSW1,2010/5/11 13:30,9316.48,22.54,TRADE
NSW1,2010/5/11 14:00,9316.5,22.56,TRADE
NSW1,2010/5/11 14:30,9354.07,22.48,TRADE
NSW1,2010/5/11 15:00,9265.06,22.48,TRADE
NSW1,2010/5/11 15:30,9141.69,22.46,TRADE
NSW1,2010/5/11 16:00,9161.69,22.48,TRADE
NSW1,2010/5/11 16:30,9292.31,22.49,TRADE
NSW1,2010/5/11 17:00,9379.04,22.95,TRADE
NSW1,2010/5/11 17:30,9796.36,48.86,TRADE
NSW1,2010/5/11 18:00,10294.59,112.75,TRADE
NSW1,2010/5/11 18:30,10243.2,84.51,TRADE
NSW1,2010/5/11 19:00,10001.35,54.46,TRADE
NSW1,2010/5/11 19:30,9727.96,34.9,TRADE
NSW1,2010/5/11 20:00,9555.76,46,TRADE
NSW1,2010/5/11 20:30,9393.74,36.39,TRADE
NSW1,2010/5/11 21:00,9237.27,34.91,TRADE
NSW1,2010/5/11 21:30,9023.92,31.04,TRADE
NSW1,2010/5/11 22:00,8765.1,25.33,TRADE
NSW1,2010/5/11 22:30,8856.48,33.4,TRADE
NSW1,2010/5/11 23:00,8689.81,28.77,TRADE
NSW1,2010/5/11 23:30,8614.71,31.52,TRADE
NSW1,2010/5/12 0:00,8485.84,29.09,TRADE
NSW1,2010/5/12 0:30,8344.75,30.33,TRADE
NSW1,2010/5/12 1:00,8201.37,27.49,TRADE
NSW1,2010/5/12 1:30,8016.5,32.3,TRADE
NSW1,2010/5/12 2:00,7813.15,31.87,TRADE
NSW1,2010/5/12 2:30,7438.95,25.6,TRADE
NSW1,2010/5/12 3:00,7157.3,23.63,TRADE
NSW1,2010/5/12 3:30,6890.91,21.98,TRADE
NSW1,2010/5/12 4:00,6783.38,22.01,TRADE
NSW1,2010/5/12 4:30,6770.81,23.92,TRADE
NSW1,2010/5/12 5:00,6893.6,22.67,TRADE
NSW1,2010/5/12 5:30,7222.28,25.12,TRADE
NSW1,2010/5/12 6:00,7585.66,26.35,TRADE
NSW1,2010/5/12 6:30,8409.53,27.99,TRADE
NSW1,2010/5/12 7:00,9080.96,27.55,TRADE
NSW1,2010/5/12 7:30,9460.91,53.89,TRADE
NSW1,2010/5/12 8:00,9749.47,64.48,TRADE
NSW1,2010/5/12 8:30,9806.65,32.7,TRADE
NSW1,2010/5/12 9:00,9677.78,27.85,TRADE
NSW1,2010/5/12 9:30,9740.65,45.1,TRADE
NSW1,2010/5/12 10:00,9745.52,67.11,TRADE
NSW1,2010/5/12 10:30,9691.59,30.7,TRADE
NSW1,2010/5/12 11:00,9638.83,27.78,TRADE
NSW1,2010/5/12 11:30,9557.9,27.05,TRADE
NSW1,2010/5/12 12:00,9442.95,24.36,TRADE
NSW1,2010/5/12 12:30,9371.26,24.31,TRADE
NSW1,2010/5/12 13:00,9317.09,22.49,TRADE
NSW1,2010/5/12 13:30,9301.83,22.5,TRADE
NSW1,2010/5/12 14:00,9224.05,22.48,TRADE
NSW1,2010/5/12 14:30,9138.57,21.94,TRADE
NSW1,2010/5/12 15:00,8845.76,21.84,TRADE
NSW1,2010/5/12 15:30,8880.6,22.17,TRADE
NSW1,2010/5/12 16:00,9254.82,22.23,TRADE
NSW1,2010/5/12 16:30,9363.39,22.44,TRADE
NSW1,2010/5/12 17:00,9589.47,24.59,TRADE
NSW1,2010/5/12 17:30,10100.02,34.04,TRADE
NSW1,2010/5/12 18:00,10745.74,139.25,TRADE
NSW1,2010/5/12 18:30,10735.5,113.28,TRADE
NSW1,2010/5/12 19:00,10613.12,96.81,TRADE
NSW1,2010/5/12 19:30,10322.78,40.03,TRADE
NSW1,2010/5/12 20:00,10133.6,34.11,TRADE
NSW1,2010/5/12 20:30,10011.05,46.67,TRADE
NSW1,2010/5/12 21:00,9814.56,31.81,TRADE
NSW1,2010/5/12 21:30,9549.56,32.28,TRADE
NSW1,2010/5/12 22:00,9163.24,27.26,TRADE
NSW1,2010/5/12 22:30,9321.31,57.28,TRADE
NSW1,2010/5/12 23:00,9136.62,28.45,TRADE
NSW1,2010/5/12 23:30,8955.32,31.26,TRADE
NSW1,2010/5/13 0:00,8833.61,29.33,TRADE
NSW1,2010/5/13 0:30,8593.72,26.8,TRADE
NSW1,2010/5/13 1:00,8416.48,24.73,TRADE
NSW1,2010/5/13 1:30,8226.68,29.71,TRADE
NSW1,2010/5/13 2:00,7977.28,26.61,TRADE
NSW1,2010/5/13 2:30,7581.16,22,TRADE
NSW1,2010/5/13 3:00,7280.65,21.82,TRADE
NSW1,2010/5/13 3:30,7022.07,21.74,TRADE
NSW1,2010/5/13 4:00,6907.93,21.81,TRADE
NSW1,2010/5/13 4:30,6889.29,22.67,TRADE
NSW1,2010/5/13 5:00,6960.09,22,TRADE
NSW1,2010/5/13 5:30,7308.25,23.17,TRADE
NSW1,2010/5/13 6:00,7767.75,25.72,TRADE
NSW1,2010/5/13 6:30,8674.47,31.85,TRADE
NSW1,2010/5/13 7:00,9440.76,84.09,TRADE
NSW1,2010/5/13 7:30,9813.43,24.42,TRADE
NSW1,2010/5/13 8:00,10192.12,32.92,TRADE
NSW1,2010/5/13 8:30,10190.76,29.75,TRADE
NSW1,2010/5/13 9:00,10047.1,27.55,TRADE
NSW1,2010/5/13 9:30,10044.63,27.99,TRADE
NSW1,2010/5/13 10:00,9964.53,26.44,TRADE
NSW1,2010/5/13 10:30,9879.27,25.19,TRADE
NSW1,2010/5/13 11:00,9803.19,21.59,TRADE
NSW1,2010/5/13 11:30,9588.21,21.91,TRADE
NSW1,2010/5/13 12:00,9408.89,23.05,TRADE
NSW1,2010/5/13 12:30,9382.51,22,TRADE
NSW1,2010/5/13 13:00,9327.45,22.1,TRADE
NSW1,2010/5/13 13:30,9287.28,23.36,TRADE
NSW1,2010/5/13 14:00,9262.85,22,TRADE
NSW1,2010/5/13 14:30,9265.05,22.47,TRADE
NSW1,2010/5/13 15:00,9198.15,22,TRADE
NSW1,2010/5/13 15:30,9124.41,22,TRADE
NSW1,2010/5/13 16:00,9166.26,21.96,TRADE
NSW1,2010/5/13 16:30,9288.82,22.13,TRADE
NSW1,2010/5/13 17:00,9550.93,22.47,TRADE
NSW1,2010/5/13 17:30,10019.41,25.04,TRADE
NSW1,2010/5/13 18:00,10680.92,77.47,TRADE
NSW1,2010/5/13 18:30,10747.02,92.8,TRADE
NSW1,2010/5/13 19:00,10565.58,48.2,TRADE
NSW1,2010/5/13 19:30,10346.48,31.03,TRADE
NSW1,2010/5/13 20:00,10155.45,25.54,TRADE
NSW1,2010/5/13 20:30,10075.04,28.51,TRADE
NSW1,2010/5/13 21:00,9888.92,25.55,TRADE
NSW1,2010/5/13 21:30,9494.6,23.9,TRADE
NSW1,2010/5/13 22:00,9214.4,22.9,TRADE
NSW1,2010/5/13 22:30,9289.01,46.26,TRADE
NSW1,2010/5/13 23:00,9136.45,26.13,TRADE
NSW1,2010/5/13 23:30,8972.27,27.43,TRADE
NSW1,2010/5/14 0:00,8794.54,25.53,TRADE
NSW1,2010/5/14 0:30,8617.91,24.52,TRADE
NSW1,2010/5/14 1:00,8439.13,23.65,TRADE
NSW1,2010/5/14 1:30,8239.38,27.97,TRADE
NSW1,2010/5/14 2:00,7997,27.94,TRADE
NSW1,2010/5/14 2:30,7602.27,22.67,TRADE
NSW1,2010/5/14 3:00,7321.16,22,TRADE
NSW1,2010/5/14 3:30,7079.68,22,TRADE
NSW1,2010/5/14 4:00,6988.53,22,TRADE
NSW1,2010/5/14 4:30,7007.17,22,TRADE
NSW1,2010/5/14 5:00,7075.63,22,TRADE
NSW1,2010/5/14 5:30,7383.93,22.68,TRADE
NSW1,2010/5/14 6:00,7773.88,26.32,TRADE
NSW1,2010/5/14 6:30,8569.95,23.56,TRADE
NSW1,2010/5/14 7:00,9369.75,82.31,TRADE
NSW1,2010/5/14 7:30,9764.6,42.2,TRADE
NSW1,2010/5/14 8:00,10136.29,41.98,TRADE
NSW1,2010/5/14 8:30,10190.51,58.82,TRADE
NSW1,2010/5/14 9:00,10050.94,37.05,TRADE
NSW1,2010/5/14 9:30,10079.16,58.73,TRADE
NSW1,2010/5/14 10:00,10011.03,35.37,TRADE
NSW1,2010/5/14 10:30,9988.94,25.65,TRADE
NSW1,2010/5/14 11:00,9871.6,27.02,TRADE
NSW1,2010/5/14 11:30,9630.51,22.66,TRADE
NSW1,2010/5/14 12:00,9459.42,23.39,TRADE
NSW1,2010/5/14 12:30,9496.25,24.14,TRADE
NSW1,2010/5/14 13:00,9404.23,22.41,TRADE
NSW1,2010/5/14 13:30,9377.6,23.78,TRADE
NSW1,2010/5/14 14:00,9268.7,21.9,TRADE
NSW1,2010/5/14 14:30,9194.51,22,TRADE
NSW1,2010/5/14 15:00,9146.03,22.01,TRADE
NSW1,2010/5/14 15:30,9150.94,22.02,TRADE
NSW1,2010/5/14 16:00,9204.81,22.13,TRADE
NSW1,2010/5/14 16:30,9278.61,23.39,TRADE
NSW1,2010/5/14 17:00,9515.44,26.49,TRADE
NSW1,2010/5/14 17:30,9963.7,35.73,TRADE
NSW1,2010/5/14 18:00,10463.06,72.15,TRADE
NSW1,2010/5/14 18:30,10356.87,75.73,TRADE
NSW1,2010/5/14 19:00,10203.12,61.44,TRADE
NSW1,2010/5/14 19:30,9995.4,38.97,TRADE
NSW1,2010/5/14 20:00,9719.77,32.52,TRADE
NSW1,2010/5/14 20:30,9589.3,46.24,TRADE
NSW1,2010/5/14 21:00,9463.1,48.29,TRADE
NSW1,2010/5/14 21:30,9281.75,61.46,TRADE
NSW1,2010/5/14 22:00,9076.96,30.86,TRADE
NSW1,2010/5/14 22:30,9186.1,86.3,TRADE
NSW1,2010/5/14 23:00,9098.19,63.08,TRADE
NSW1,2010/5/14 23:30,8981.2,57.18,TRADE
NSW1,2010/5/15 0:00,8882.52,54.2,TRADE
NSW1,2010/5/15 0:30,8643.87,34,TRADE
NSW1,2010/5/15 1:00,8456.15,29.87,TRADE
NSW1,2010/5/15 1:30,8247.57,35.46,TRADE
NSW1,2010/5/15 2:00,7992.69,32.98,TRADE
NSW1,2010/5/15 2:30,7610.38,24.78,TRADE
NSW1,2010/5/15 3:00,7297.1,22.48,TRADE
NSW1,2010/5/15 3:30,7050.11,21.91,TRADE
NSW1,2010/5/15 4:00,6907.56,21.94,TRADE
NSW1,2010/5/15 4:30,6785.14,21.98,TRADE
NSW1,2010/5/15 5:00,6782.23,21.91,TRADE
NSW1,2010/5/15 5:30,6965.65,25.17,TRADE
NSW1,2010/5/15 6:00,7196.47,23.88,TRADE
NSW1,2010/5/15 6:30,7494.7,25.82,TRADE
NSW1,2010/5/15 7:00,7798.33,24.4,TRADE
NSW1,2010/5/15 7:30,8250.11,25.71,TRADE
NSW1,2010/5/15 8:00,8697.71,28.96,TRADE
NSW1,2010/5/15 8:30,9013.22,39.15,TRADE
NSW1,2010/5/15 9:00,9226.13,53.18,TRADE
NSW1,2010/5/15 9:30,9356.98,53.91,TRADE
NSW1,2010/5/15 10:00,9206.66,52.78,TRADE
NSW1,2010/5/15 10:30,9188.85,53.11,TRADE
NSW1,2010/5/15 11:00,9019.83,64.74,TRADE
NSW1,2010/5/15 11:30,8910.41,39.98,TRADE
NSW1,2010/5/15 12:00,8758.55,30.03,TRADE
NSW1,2010/5/15 12:30,8682.33,28.35,TRADE
NSW1,2010/5/15 13:00,8630.17,28.09,TRADE
NSW1,2010/5/15 13:30,8513.03,25.98,TRADE
NSW1,2010/5/15 14:00,8375.18,23,TRADE
NSW1,2010/5/15 14:30,8248.17,22,TRADE
NSW1,2010/5/15 15:00,8321.44,22.01,TRADE
NSW1,2010/5/15 15:30,8259.79,21.92,TRADE
NSW1,2010/5/15 16:00,8375.97,22.22,TRADE
NSW1,2010/5/15 16:30,8506.8,23.41,TRADE
NSW1,2010/5/15 17:00,8765.12,29.35,TRADE
NSW1,2010/5/15 17:30,9237.79,53.22,TRADE
NSW1,2010/5/15 18:00,9732.1,103.9,TRADE
NSW1,2010/5/15 18:30,9714.14,74.71,TRADE
NSW1,2010/5/15 19:00,9571.49,63.35,TRADE
NSW1,2010/5/15 19:30,9324.03,48.83,TRADE
NSW1,2010/5/15 20:00,9157.1,49.86,TRADE
NSW1,2010/5/15 20:30,9063.04,49.69,TRADE
NSW1,2010/5/15 21:00,8989.31,30.88,TRADE
NSW1,2010/5/15 21:30,8752.2,29.47,TRADE
NSW1,2010/5/15 22:00,8623.23,29.5,TRADE
NSW1,2010/5/15 22:30,8645.26,30.59,TRADE
NSW1,2010/5/15 23:00,8599.65,29.47,TRADE
NSW1,2010/5/15 23:30,8490.99,30.93,TRADE
NSW1,2010/5/16 0:00,8313.98,28.81,TRADE
NSW1,2010/5/16 0:30,8108.82,25.79,TRADE
NSW1,2010/5/16 1:00,7881.37,23.6,TRADE
NSW1,2010/5/16 1:30,7672.34,25.32,TRADE
NSW1,2010/5/16 2:00,7495.76,29.57,TRADE
NSW1,2010/5/16 2:30,7179.81,23.26,TRADE
NSW1,2010/5/16 3:00,6880.09,21.98,TRADE
NSW1,2010/5/16 3:30,6717.32,21.63,TRADE
NSW1,2010/5/16 4:00,6664.79,23.43,TRADE
NSW1,2010/5/16 4:30,6597.48,22,TRADE
NSW1,2010/5/16 5:00,6630.29,22,TRADE
NSW1,2010/5/16 5:30,6707.82,22,TRADE
NSW1,2010/5/16 6:00,6823.04,22,TRADE
NSW1,2010/5/16 6:30,6989.73,21.78,TRADE
NSW1,2010/5/16 7:00,7182.92,22.08,TRADE
NSW1,2010/5/16 7:30,7520.59,22.57,TRADE
NSW1,2010/5/16 8:00,7962.4,24.18,TRADE
NSW1,2010/5/16 8:30,8421.82,26.67,TRADE
NSW1,2010/5/16 9:00,8704.23,41.47,TRADE
NSW1,2010/5/16 9:30,8840.35,51.57,TRADE
NSW1,2010/5/16 10:00,8921.46,64.24,TRADE
NSW1,2010/5/16 10:30,8897.74,61.03,TRADE
NSW1,2010/5/16 11:00,8785.28,31.34,TRADE
NSW1,2010/5/16 11:30,8646.42,29.66,TRADE
NSW1,2010/5/16 12:00,8546.57,28.37,TRADE
NSW1,2010/5/16 12:30,8453.09,27.5,TRADE
NSW1,2010/5/16 13:00,8400.08,26.87,TRADE
NSW1,2010/5/16 13:30,8313.27,26.05,TRADE
NSW1,2010/5/16 14:00,8224.2,24.8,TRADE
NSW1,2010/5/16 14:30,8158.97,23.19,TRADE
NSW1,2010/5/16 15:00,8178.69,24.02,TRADE
NSW1,2010/5/16 15:30,8183.54,23.99,TRADE
NSW1,2010/5/16 16:00,8305,25.24,TRADE
NSW1,2010/5/16 16:30,8459.13,24.78,TRADE
NSW1,2010/5/16 17:00,8696.94,25.3,TRADE
NSW1,2010/5/16 17:30,9232.34,42.84,TRADE
NSW1,2010/5/16 18:00,9888.43,92.19,TRADE
NSW1,2010/5/16 18:30,9919.82,98.96,TRADE
NSW1,2010/5/16 19:00,9719.89,72.99,TRADE
NSW1,2010/5/16 19:30,9450.69,48.71,TRADE
NSW1,2010/5/16 20:00,9328.28,46.08,TRADE
NSW1,2010/5/16 20:30,9231.79,50.74,TRADE
NSW1,2010/5/16 21:00,9047.18,53.33,TRADE
NSW1,2010/5/16 21:30,8745.31,45.1,TRADE
NSW1,2010/5/16 22:00,8536.27,31.29,TRADE
NSW1,2010/5/16 22:30,8471.59,35.73,TRADE
NSW1,2010/5/16 23:00,8364.91,30.92,TRADE
NSW1,2010/5/16 23:30,8169.97,30.67,TRADE
NSW1,2010/5/17 0:00,7952.27,28.79,TRADE
NSW1,2010/5/17 0:30,7822.94,26.11,TRADE
NSW1,2010/5/17 1:00,7654.21,24.52,TRADE
NSW1,2010/5/17 1:30,7485.88,24.75,TRADE
NSW1,2010/5/17 2:00,7327.36,27.77,TRADE
NSW1,2010/5/17 2:30,7076.52,23.62,TRADE
NSW1,2010/5/17 3:00,6868.94,22.95,TRADE
NSW1,2010/5/17 3:30,6789.08,22.03,TRADE
NSW1,2010/5/17 4:00,6722.09,22,TRADE
NSW1,2010/5/17 4:30,6772.88,22.68,TRADE
NSW1,2010/5/17 5:00,6876.44,22.37,TRADE
NSW1,2010/5/17 5:30,7189.47,24.72,TRADE
NSW1,2010/5/17 6:00,7587.66,22.67,TRADE
NSW1,2010/5/17 6:30,8343.59,22.24,TRADE
NSW1,2010/5/17 7:00,9096.12,47.66,TRADE
NSW1,2010/5/17 7:30,9430.27,31.94,TRADE
NSW1,2010/5/17 8:00,9876.77,83.13,TRADE
NSW1,2010/5/17 8:30,10042.45,96.26,TRADE
NSW1,2010/5/17 9:00,10089.67,70.71,TRADE
NSW1,2010/5/17 9:30,10081.89,35.32,TRADE
NSW1,2010/5/17 10:00,10155.8,34.74,TRADE
NSW1,2010/5/17 10:30,10110.11,37.02,TRADE
NSW1,2010/5/17 11:00,10083.12,37.76,TRADE
NSW1,2010/5/17 11:30,9961.52,37.75,TRADE
NSW1,2010/5/17 12:00,9846.18,36.34,TRADE
NSW1,2010/5/17 12:30,9806.55,33.57,TRADE
NSW1,2010/5/17 13:00,9931.65,33.59,TRADE
NSW1,2010/5/17 13:30,9884.62,31.99,TRADE
NSW1,2010/5/17 14:00,9828.38,30.72,TRADE
NSW1,2010/5/17 14:30,9838.11,30.27,TRADE
NSW1,2010/5/17 15:00,9732.1,29.82,TRADE
NSW1,2010/5/17 15:30,9750.62,30.5,TRADE
NSW1,2010/5/17 16:00,9879.39,30.88,TRADE
NSW1,2010/5/17 16:30,10082.84,33.27,TRADE
NSW1,2010/5/17 17:00,10441.57,37.1,TRADE
NSW1,2010/5/17 17:30,10953.66,64.53,TRADE
NSW1,2010/5/17 18:00,11346.36,114.4,TRADE
NSW1,2010/5/17 18:30,11140.76,118.17,TRADE
NSW1,2010/5/17 19:00,10922.76,86.63,TRADE
NSW1,2010/5/17 19:30,10601.28,50.82,TRADE
NSW1,2010/5/17 20:00,10299.12,33.68,TRADE
NSW1,2010/5/17 20:30,10089.18,45.18,TRADE
NSW1,2010/5/17 21:00,9850.59,38.79,TRADE
NSW1,2010/5/17 21:30,9524.64,31.23,TRADE
NSW1,2010/5/17 22:00,9203.8,28.18,TRADE
NSW1,2010/5/17 22:30,9270.47,38.47,TRADE
NSW1,2010/5/17 23:00,9033.3,30.3,TRADE
NSW1,2010/5/17 23:30,8863.84,29.05,TRADE
NSW1,2010/5/18 0:00,8753.73,26.59,TRADE
NSW1,2010/5/18 0:30,8525.6,24.78,TRADE
NSW1,2010/5/18 1:00,8351.71,24.27,TRADE
NSW1,2010/5/18 1:30,8216.25,25.82,TRADE
NSW1,2010/5/18 2:00,7961.4,25.03,TRADE
NSW1,2010/5/18 2:30,7581.11,23.09,TRADE
NSW1,2010/5/18 3:00,7286.78,22.33,TRADE
NSW1,2010/5/18 3:30,7046.84,22,TRADE
NSW1,2010/5/18 4:00,6936.5,22,TRADE
NSW1,2010/5/18 4:30,6959.99,22,TRADE
NSW1,2010/5/18 5:00,7002.05,22,TRADE
NSW1,2010/5/18 5:30,7298.56,23.33,TRADE
NSW1,2010/5/18 6:00,7714.02,24.52,TRADE
NSW1,2010/5/18 6:30,8515.55,22.84,TRADE
NSW1,2010/5/18 7:00,9239.85,68.45,TRADE
NSW1,2010/5/18 7:30,9622.89,26.28,TRADE
NSW1,2010/5/18 8:00,10036.88,44.09,TRADE
NSW1,2010/5/18 8:30,10166.38,52.56,TRADE
NSW1,2010/5/18 9:00,10114.38,41.2,TRADE
NSW1,2010/5/18 9:30,10222.33,39.36,TRADE
NSW1,2010/5/18 10:00,10272.53,32.43,TRADE
NSW1,2010/5/18 10:30,10305.84,28.78,TRADE
NSW1,2010/5/18 11:00,10204.73,27.67,TRADE
NSW1,2010/5/18 11:30,10107.23,27.2,TRADE
NSW1,2010/5/18 12:00,10076.33,27.68,TRADE
NSW1,2010/5/18 12:30,9983.38,28,TRADE
NSW1,2010/5/18 13:00,9919.75,27.93,TRADE
NSW1,2010/5/18 13:30,9880.75,27.61,TRADE
NSW1,2010/5/18 14:00,9861.43,27.62,TRADE
NSW1,2010/5/18 14:30,9845.73,26.57,TRADE
NSW1,2010/5/18 15:00,9750.95,25.88,TRADE
NSW1,2010/5/18 15:30,9701.2,25.43,TRADE
NSW1,2010/5/18 16:00,9850.62,26.92,TRADE
NSW1,2010/5/18 16:30,10065.13,27.21,TRADE
NSW1,2010/5/18 17:00,10332.54,30.81,TRADE
NSW1,2010/5/18 17:30,10836.42,54.49,TRADE
NSW1,2010/5/18 18:00,11303.47,108.78,TRADE
NSW1,2010/5/18 18:30,11214.43,100.45,TRADE
NSW1,2010/5/18 19:00,10993.77,77.45,TRADE
NSW1,2010/5/18 19:30,10711.01,27.84,TRADE
NSW1,2010/5/18 20:00,10522.6,28.79,TRADE
NSW1,2010/5/18 20:30,10310.5,36.48,TRADE
NSW1,2010/5/18 21:00,10127.95,42.42,TRADE
NSW1,2010/5/18 21:30,9840.13,30.54,TRADE
NSW1,2010/5/18 22:00,9489.69,22.47,TRADE
NSW1,2010/5/18 22:30,9568.41,57.25,TRADE
NSW1,2010/5/18 23:00,9334.54,25.61,TRADE
NSW1,2010/5/18 23:30,9142.67,26.97,TRADE
NSW1,2010/5/19 0:00,8937.56,23.41,TRADE
NSW1,2010/5/19 0:30,8787.91,24.23,TRADE
NSW1,2010/5/19 1:00,8596.46,23.01,TRADE
NSW1,2010/5/19 1:30,8333.56,29.1,TRADE
NSW1,2010/5/19 2:00,8109.34,30.91,TRADE
NSW1,2010/5/19 2:30,7705.85,23.78,TRADE
NSW1,2010/5/19 3:00,7406.11,22.01,TRADE
NSW1,2010/5/19 3:30,7139.14,22,TRADE
NSW1,2010/5/19 4:00,7038.08,22,TRADE
NSW1,2010/5/19 4:30,6996.91,21.39,TRADE
NSW1,2010/5/19 5:00,7112.85,22,TRADE
NSW1,2010/5/19 5:30,7408.59,23.42,TRADE
NSW1,2010/5/19 6:00,7823.88,23.59,TRADE
NSW1,2010/5/19 6:30,8686.99,22.02,TRADE
NSW1,2010/5/19 7:00,9438.16,33.24,TRADE
NSW1,2010/5/19 7:30,9832.87,24.07,TRADE
NSW1,2010/5/19 8:00,10192.67,26.71,TRADE
NSW1,2010/5/19 8:30,10274.15,27.63,TRADE
NSW1,2010/5/19 9:00,10104.59,26.74,TRADE
NSW1,2010/5/19 9:30,10148.89,26.72,TRADE
NSW1,2010/5/19 10:00,10093.44,26.04,TRADE
NSW1,2010/5/19 10:30,10033.89,25.84,TRADE
NSW1,2010/5/19 11:00,9740.51,24.43,TRADE
NSW1,2010/5/19 11:30,9690.19,24.12,TRADE
NSW1,2010/5/19 12:00,9659.23,22.32,TRADE
NSW1,2010/5/19 12:30,9662.35,22.01,TRADE
NSW1,2010/5/19 13:00,9644.35,22,TRADE
NSW1,2010/5/19 13:30,9552.62,22,TRADE
NSW1,2010/5/19 14:00,9507.44,22.46,TRADE
NSW1,2010/5/19 14:30,9515.22,23.69,TRADE
NSW1,2010/5/19 15:00,9423.23,24.22,TRADE
NSW1,2010/5/19 15:30,9431.83,22.56,TRADE
NSW1,2010/5/19 16:00,9443.29,22.47,TRADE
NSW1,2010/5/19 16:30,9534.71,23.13,TRADE
NSW1,2010/5/19 17:00,9786.91,24.05,TRADE
NSW1,2010/5/19 17:30,10382.3,30.47,TRADE
NSW1,2010/5/19 18:00,10968.15,68.54,TRADE
NSW1,2010/5/19 18:30,10919.25,62.33,TRADE
NSW1,2010/5/19 19:00,10712.46,52.53,TRADE
NSW1,2010/5/19 19:30,10420.64,31.4,TRADE
NSW1,2010/5/19 20:00,10240.66,28.79,TRADE
NSW1,2010/5/19 20:30,10132.65,31.94,TRADE
NSW1,2010/5/19 21:00,9940.46,29.8,TRADE
NSW1,2010/5/19 21:30,9676.67,26.31,TRADE
NSW1,2010/5/19 22:00,9344.33,23.05,TRADE
NSW1,2010/5/19 22:30,9418.7,28.24,TRADE
NSW1,2010/5/19 23:00,9205.85,23.18,TRADE
NSW1,2010/5/19 23:30,9023.25,22.81,TRADE
NSW1,2010/5/20 0:00,8877.03,22,TRADE
NSW1,2010/5/20 0:30,8673.97,22,TRADE
NSW1,2010/5/20 1:00,8509.46,22.11,TRADE
NSW1,2010/5/20 1:30,8320.47,26.14,TRADE
NSW1,2010/5/20 2:00,8058.79,24.97,TRADE
NSW1,2010/5/20 2:30,7664.42,22.67,TRADE
NSW1,2010/5/20 3:00,7355.5,22.01,TRADE
NSW1,2010/5/20 3:30,7144.23,22,TRADE
NSW1,2010/5/20 4:00,7053.9,22,TRADE
NSW1,2010/5/20 4:30,7031.76,22,TRADE
NSW1,2010/5/20 5:00,7069.73,21.92,TRADE
NSW1,2010/5/20 5:30,7407.67,23,TRADE
NSW1,2010/5/20 6:00,7791.82,23.44,TRADE
NSW1,2010/5/20 6:30,8650.01,22.26,TRADE
NSW1,2010/5/20 7:00,9384.92,34.82,TRADE
NSW1,2010/5/20 7:30,9774.95,23.65,TRADE
NSW1,2010/5/20 8:00,10129.19,28.14,TRADE
NSW1,2010/5/20 8:30,10166.75,28.66,TRADE
NSW1,2010/5/20 9:00,10055.29,24.9,TRADE
NSW1,2010/5/20 9:30,10060.59,24.82,TRADE
NSW1,2010/5/20 10:00,10023.7,24.9,TRADE
NSW1,2010/5/20 10:30,9940.05,24.8,TRADE
NSW1,2010/5/20 11:00,9890.91,24.54,TRADE
NSW1,2010/5/20 11:30,9750.15,24.2,TRADE
NSW1,2010/5/20 12:00,9633.95,23.67,TRADE
NSW1,2010/5/20 12:30,9573.58,22.52,TRADE
NSW1,2010/5/20 13:00,9515.5,22.48,TRADE
NSW1,2010/5/20 13:30,9497.75,22.35,TRADE
NSW1,2010/5/20 14:00,9468.92,22.48,TRADE
NSW1,2010/5/20 14:30,9463.65,22.48,TRADE
NSW1,2010/5/20 15:00,9417.29,22.64,TRADE
NSW1,2010/5/20 15:30,9371.54,22.48,TRADE
NSW1,2010/5/20 16:00,9418.19,22.42,TRADE
NSW1,2010/5/20 16:30,9554.55,22.48,TRADE
NSW1,2010/5/20 17:00,9809.69,22.97,TRADE
NSW1,2010/5/20 17:30,10392.17,31.52,TRADE
NSW1,2010/5/20 18:00,10888.93,59.47,TRADE
NSW1,2010/5/20 18:30,10884.72,53.15,TRADE
NSW1,2010/5/20 19:00,10744.86,40.91,TRADE
NSW1,2010/5/20 19:30,10503.76,27.36,TRADE
NSW1,2010/5/20 20:00,10335.94,28.19,TRADE
NSW1,2010/5/20 20:30,10254.98,32.4,TRADE
NSW1,2010/5/20 21:00,10034.15,32.09,TRADE
NSW1,2010/5/20 21:30,9709.93,27.77,TRADE
NSW1,2010/5/20 22:00,9372.71,22.98,TRADE
NSW1,2010/5/20 22:30,9431.47,24.9,TRADE
NSW1,2010/5/20 23:00,9233.92,23.22,TRADE
NSW1,2010/5/20 23:30,9067.49,23.42,TRADE
NSW1,2010/5/21 0:00,8890.6,23.05,TRADE
NSW1,2010/5/21 0:30,8689.78,22.37,TRADE
NSW1,2010/5/21 1:00,8518.63,23.62,TRADE
NSW1,2010/5/21 1:30,8335.55,27.77,TRADE
NSW1,2010/5/21 2:00,8055.8,23.78,TRADE
NSW1,2010/5/21 2:30,7685.41,23.74,TRADE
NSW1,2010/5/21 3:00,7358.87,21.99,TRADE
NSW1,2010/5/21 3:30,7121.56,22.57,TRADE
NSW1,2010/5/21 4:00,7021.2,22.82,TRADE
NSW1,2010/5/21 4:30,7011.53,22,TRADE
NSW1,2010/5/21 5:00,7080.95,22,TRADE
NSW1,2010/5/21 5:30,7426.13,22,TRADE
NSW1,2010/5/21 6:00,7807.45,22.3,TRADE
NSW1,2010/5/21 6:30,8613.3,21.92,TRADE
NSW1,2010/5/21 7:00,9364.83,29.26,TRADE
NSW1,2010/5/21 7:30,9688.02,22.99,TRADE
NSW1,2010/5/21 8:00,10034.98,25.07,TRADE
NSW1,2010/5/21 8:30,10054.77,24.97,TRADE
NSW1,2010/5/21 9:00,9992.69,23.82,TRADE
NSW1,2010/5/21 9:30,10069.61,24.62,TRADE
NSW1,2010/5/21 10:00,9971.62,24.11,TRADE
NSW1,2010/5/21 10:30,9972.05,24.86,TRADE
NSW1,2010/5/21 11:00,9882.66,24.36,TRADE
NSW1,2010/5/21 11:30,9749.34,22.71,TRADE
NSW1,2010/5/21 12:00,9727.09,24.16,TRADE
NSW1,2010/5/21 12:30,9745.68,27.19,TRADE
NSW1,2010/5/21 13:00,9642.12,25.01,TRADE
NSW1,2010/5/21 13:30,9535.5,24.8,TRADE
NSW1,2010/5/21 14:00,9570,24.91,TRADE
NSW1,2010/5/21 14:30,9481.61,22.42,TRADE
NSW1,2010/5/21 15:00,9417.01,22,TRADE
NSW1,2010/5/21 15:30,9358.01,22,TRADE
NSW1,2010/5/21 16:00,9449.83,22.08,TRADE
NSW1,2010/5/21 16:30,9644.85,22.48,TRADE
NSW1,2010/5/21 17:00,9870.69,23.31,TRADE
NSW1,2010/5/21 17:30,10304.7,28.22,TRADE
NSW1,2010/5/21 18:00,10633.79,35.91,TRADE
NSW1,2010/5/21 18:30,10582.49,32.71,TRADE
NSW1,2010/5/21 19:00,10300.35,26.6,TRADE
NSW1,2010/5/21 19:30,10067.6,22.64,TRADE
NSW1,2010/5/21 20:00,9887.61,22.48,TRADE
NSW1,2010/5/21 20:30,9795.93,25.94,TRADE
NSW1,2010/5/21 21:00,9639.05,25.35,TRADE
NSW1,2010/5/21 21:30,9337.69,23.18,TRADE
NSW1,2010/5/21 22:00,9102.31,22,TRADE
NSW1,2010/5/21 22:30,9210.92,34.18,TRADE
NSW1,2010/5/21 23:00,9175.1,23.51,TRADE
NSW1,2010/5/21 23:30,9038.72,23.81,TRADE
NSW1,2010/5/22 0:00,8927.87,22.43,TRADE
NSW1,2010/5/22 0:30,8729.41,22,TRADE
NSW1,2010/5/22 1:00,8503.44,22,TRADE
NSW1,2010/5/22 1:30,8284.16,22.15,TRADE
NSW1,2010/5/22 2:00,7997.16,23.58,TRADE
NSW1,2010/5/22 2:30,7628.45,21.83,TRADE
NSW1,2010/5/22 3:00,7262.77,21.91,TRADE
NSW1,2010/5/22 3:30,7016.66,21.96,TRADE
NSW1,2010/5/22 4:00,6825.81,18.97,TRADE
NSW1,2010/5/22 4:30,6801.17,17.38,TRADE
NSW1,2010/5/22 5:00,6780.01,19.35,TRADE
NSW1,2010/5/22 5:30,6915.41,21.59,TRADE
NSW1,2010/5/22 6:00,7065.04,21.19,TRADE
NSW1,2010/5/22 6:30,7331.52,21.58,TRADE
NSW1,2010/5/22 7:00,7668.53,21.08,TRADE
NSW1,2010/5/22 7:30,8153.57,20.25,TRADE
NSW1,2010/5/22 8:00,8698.1,21.45,TRADE
NSW1,2010/5/22 8:30,9102.11,22.37,TRADE
NSW1,2010/5/22 9:00,9346.03,25.19,TRADE
NSW1,2010/5/22 9:30,9606.51,32.2,TRADE
NSW1,2010/5/22 10:00,9591.43,42.64,TRADE
NSW1,2010/5/22 10:30,9585.66,40.94,TRADE
NSW1,2010/5/22 11:00,9407.04,29.22,TRADE
NSW1,2010/5/22 11:30,9242.25,26.1,TRADE
NSW1,2010/5/22 12:00,9161.38,28.98,TRADE
NSW1,2010/5/22 12:30,9055.22,28.31,TRADE
NSW1,2010/5/22 13:00,8967.38,27.93,TRADE
NSW1,2010/5/22 13:30,8813.86,26.84,TRADE
NSW1,2010/5/22 14:00,8746.4,26.06,TRADE
NSW1,2010/5/22 14:30,8657.89,24.21,TRADE
NSW1,2010/5/22 15:00,8645.63,22.67,TRADE
NSW1,2010/5/22 15:30,8662.85,22.44,TRADE
NSW1,2010/5/22 16:00,8761.64,22.56,TRADE
NSW1,2010/5/22 16:30,9014.55,23.54,TRADE
NSW1,2010/5/22 17:00,9344.06,29.09,TRADE
NSW1,2010/5/22 17:30,9872.51,40.27,TRADE
NSW1,2010/5/22 18:00,10304.9,69.54,TRADE
NSW1,2010/5/22 18:30,10227.1,58.54,TRADE
NSW1,2010/5/22 19:00,10005.1,48.12,TRADE
NSW1,2010/5/22 19:30,9757.27,30.85,TRADE
NSW1,2010/5/22 20:00,9543.71,27.23,TRADE
NSW1,2010/5/22 20:30,9441.98,28.45,TRADE
NSW1,2010/5/22 21:00,9314.42,27.63,TRADE
NSW1,2010/5/22 21:30,9199.76,27.55,TRADE
NSW1,2010/5/22 22:00,8978.7,24.62,TRADE
NSW1,2010/5/22 22:30,9012.75,32.53,TRADE
NSW1,2010/5/22 23:00,8889.65,28.97,TRADE
NSW1,2010/5/22 23:30,8742.76,27.43,TRADE
NSW1,2010/5/23 0:00,8562.84,24.9,TRADE
NSW1,2010/5/23 0:30,8248.56,23.32,TRADE
NSW1,2010/5/23 1:00,8026.16,21.99,TRADE
NSW1,2010/5/23 1:30,7744.17,25.45,TRADE
NSW1,2010/5/23 2:00,7573.6,21.77,TRADE
NSW1,2010/5/23 2:30,7194.21,21.83,TRADE
NSW1,2010/5/23 3:00,6935.32,19.46,TRADE
NSW1,2010/5/23 3:30,6769.62,19.18,TRADE
NSW1,2010/5/23 4:00,6717.42,17.85,TRADE
NSW1,2010/5/23 4:30,6664.3,19.11,TRADE
NSW1,2010/5/23 5:00,6713.14,18.92,TRADE
NSW1,2010/5/23 5:30,6777.19,19.59,TRADE
NSW1,2010/5/23 6:00,6896.99,20.16,TRADE
NSW1,2010/5/23 6:30,7029.46,16.5,TRADE
NSW1,2010/5/23 7:00,7303.87,19.46,TRADE
NSW1,2010/5/23 7:30,7592.9,20.29,TRADE
NSW1,2010/5/23 8:00,8065.57,21.68,TRADE
NSW1,2010/5/23 8:30,8598.34,22.15,TRADE
NSW1,2010/5/23 9:00,8973.63,22.01,TRADE
NSW1,2010/5/23 9:30,9297.17,22.32,TRADE
NSW1,2010/5/23 10:00,9381.62,26.34,TRADE
NSW1,2010/5/23 10:30,9411.9,27.53,TRADE
NSW1,2010/5/23 11:00,9337.76,23.84,TRADE
NSW1,2010/5/23 11:30,9265.18,22.28,TRADE
NSW1,2010/5/23 12:00,9181,21.99,TRADE
NSW1,2010/5/23 12:30,9114.26,21.96,TRADE
NSW1,2010/5/23 13:00,9037.56,22.01,TRADE
NSW1,2010/5/23 13:30,8922.98,22,TRADE
NSW1,2010/5/23 14:00,8843.57,21.54,TRADE
NSW1,2010/5/23 14:30,8790.45,22,TRADE
NSW1,2010/5/23 15:00,8782.43,22.01,TRADE
NSW1,2010/5/23 15:30,8813.64,22.01,TRADE
NSW1,2010/5/23 16:00,8944.59,22.03,TRADE
NSW1,2010/5/23 16:30,9189.91,22.1,TRADE
NSW1,2010/5/23 17:00,9580.84,25.59,TRADE
NSW1,2010/5/23 17:30,10096.07,43.73,TRADE
NSW1,2010/5/23 18:00,10520.49,54.16,TRADE
NSW1,2010/5/23 18:30,10535.32,67.59,TRADE
NSW1,2010/5/23 19:00,10396.63,51.11,TRADE
NSW1,2010/5/23 19:30,10116.92,39.35,TRADE
NSW1,2010/5/23 20:00,9943.56,34.51,TRADE
NSW1,2010/5/23 20:30,9906.73,36.64,TRADE
NSW1,2010/5/23 21:00,9755.48,32.41,TRADE
NSW1,2010/5/23 21:30,9476.12,28.11,TRADE
NSW1,2010/5/23 22:00,9213.98,24.74,TRADE
NSW1,2010/5/23 22:30,9074.25,24.32,TRADE
NSW1,2010/5/23 23:00,8762.47,21.14,TRADE
NSW1,2010/5/23 23:30,8500.13,22.51,TRADE
NSW1,2010/5/24 0:00,8284.75,23.05,TRADE
NSW1,2010/5/24 0:30,8046.92,21.98,TRADE
NSW1,2010/5/24 1:00,7822.43,21.13,TRADE
NSW1,2010/5/24 1:30,7704.83,26.24,TRADE
NSW1,2010/5/24 2:00,7501.23,22,TRADE
NSW1,2010/5/24 2:30,7194.82,21.39,TRADE
NSW1,2010/5/24 3:00,6951.17,19.17,TRADE
NSW1,2010/5/24 3:30,6887.8,20.89,TRADE
NSW1,2010/5/24 4:00,6790.27,17.59,TRADE
NSW1,2010/5/24 4:30,6824.66,18.56,TRADE
NSW1,2010/5/24 5:00,6915.32,21.14,TRADE
NSW1,2010/5/24 5:30,7275.58,22.25,TRADE
NSW1,2010/5/24 6:00,7720.68,19.12,TRADE
NSW1,2010/5/24 6:30,8620.32,19.04,TRADE
NSW1,2010/5/24 7:00,9420.47,23.93,TRADE
NSW1,2010/5/24 7:30,9890.1,21.9,TRADE
NSW1,2010/5/24 8:00,10311.49,25.5,TRADE
NSW1,2010/5/24 8:30,10500.79,27.28,TRADE
NSW1,2010/5/24 9:00,10406.08,23.8,TRADE
NSW1,2010/5/24 9:30,10422.1,23.91,TRADE
NSW1,2010/5/24 10:00,10417.7,22.48,TRADE
NSW1,2010/5/24 10:30,10370.59,28.26,TRADE
NSW1,2010/5/24 11:00,10270.41,26.75,TRADE
NSW1,2010/5/24 11:30,10095.15,24.25,TRADE
NSW1,2010/5/24 12:00,9975.59,26.03,TRADE
NSW1,2010/5/24 12:30,9886.03,25.21,TRADE
NSW1,2010/5/24 13:00,9935.08,24.94,TRADE
NSW1,2010/5/24 13:30,9844.64,24.8,TRADE
NSW1,2010/5/24 14:00,9865.2,25.39,TRADE
NSW1,2010/5/24 14:30,9798.3,25.17,TRADE
NSW1,2010/5/24 15:00,9702.52,23.47,TRADE
NSW1,2010/5/24 15:30,9632.19,22.49,TRADE
NSW1,2010/5/24 16:00,9769.51,23.79,TRADE
NSW1,2010/5/24 16:30,10042.76,24.76,TRADE
NSW1,2010/5/24 17:00,10304.18,24.91,TRADE
NSW1,2010/5/24 17:30,10998.7,30.25,TRADE
NSW1,2010/5/24 18:00,11422.97,44.02,TRADE
NSW1,2010/5/24 18:30,11194.59,30.72,TRADE
NSW1,2010/5/24 19:00,10993.91,28.45,TRADE
NSW1,2010/5/24 19:30,10690.68,26.38,TRADE
NSW1,2010/5/24 20:00,10442.89,26.66,TRADE
NSW1,2010/5/24 20:30,10259.82,28.86,TRADE
NSW1,2010/5/24 21:00,9989.52,26.84,TRADE
NSW1,2010/5/24 21:30,9709.28,26.59,TRADE
NSW1,2010/5/24 22:00,9358.23,23.47,TRADE
NSW1,2010/5/24 22:30,9395.71,35.18,TRADE
NSW1,2010/5/24 23:00,9184.19,29.6,TRADE
NSW1,2010/5/24 23:30,9073.21,30.58,TRADE
NSW1,2010/5/25 0:00,8833.66,26.93,TRADE
NSW1,2010/5/25 0:30,8638.66,23.4,TRADE
NSW1,2010/5/25 1:00,8477.98,23.24,TRADE
NSW1,2010/5/25 1:30,8312.87,23.82,TRADE
NSW1,2010/5/25 2:00,8106.01,26.5,TRADE
NSW1,2010/5/25 2:30,7654.62,22.67,TRADE
NSW1,2010/5/25 3:00,7362.86,21.99,TRADE
NSW1,2010/5/25 3:30,7097.58,22.33,TRADE
NSW1,2010/5/25 4:00,6991.35,22.19,TRADE
NSW1,2010/5/25 4:30,6988.69,22,TRADE
NSW1,2010/5/25 5:00,7020.91,22,TRADE
NSW1,2010/5/25 5:30,7352.85,22,TRADE
NSW1,2010/5/25 6:00,7699.38,22.95,TRADE
NSW1,2010/5/25 6:30,8500.35,22.22,TRADE
NSW1,2010/5/25 7:00,9281.99,25.58,TRADE
NSW1,2010/5/25 7:30,9658.26,24.37,TRADE
NSW1,2010/5/25 8:00,9933.31,27.11,TRADE
NSW1,2010/5/25 8:30,10112.55,28.11,TRADE
NSW1,2010/5/25 9:00,10030.32,25.38,TRADE
NSW1,2010/5/25 9:30,10187.87,27.33,TRADE
NSW1,2010/5/25 10:00,10053,26.36,TRADE
NSW1,2010/5/25 10:30,10088.72,37.22,TRADE
NSW1,2010/5/25 11:00,10144.65,38.66,TRADE
NSW1,2010/5/25 11:30,10083.84,36.88,TRADE
NSW1,2010/5/25 12:00,10079.24,39.19,TRADE
NSW1,2010/5/25 12:30,10030.99,35.51,TRADE
NSW1,2010/5/25 13:00,10054.98,37.5,TRADE
NSW1,2010/5/25 13:30,9947.31,33.51,TRADE
NSW1,2010/5/25 14:00,9812.21,33.76,TRADE
NSW1,2010/5/25 14:30,9862.8,32.36,TRADE
NSW1,2010/5/25 15:00,9783.42,28.55,TRADE
NSW1,2010/5/25 15:30,9796.44,29,TRADE
NSW1,2010/5/25 16:00,9829.53,28.58,TRADE
NSW1,2010/5/25 16:30,10006.88,31.99,TRADE
NSW1,2010/5/25 17:00,10232.69,33.76,TRADE
NSW1,2010/5/25 17:30,10790.2,48.55,TRADE
NSW1,2010/5/25 18:00,11196.83,87.58,TRADE
NSW1,2010/5/25 18:30,11124.36,62.69,TRADE
NSW1,2010/5/25 19:00,10899.83,42.79,TRADE
NSW1,2010/5/25 19:30,10619.56,32.23,TRADE
NSW1,2010/5/25 20:00,10422.25,29.2,TRADE
NSW1,2010/5/25 20:30,10211.9,31.64,TRADE
NSW1,2010/5/25 21:00,9996.29,31.42,TRADE
NSW1,2010/5/25 21:30,9706.84,27.61,TRADE
NSW1,2010/5/25 22:00,9410.33,23.67,TRADE
NSW1,2010/5/25 22:30,9462.36,33.79,TRADE
NSW1,2010/5/25 23:00,9268.2,29.7,TRADE
NSW1,2010/5/25 23:30,9040.74,25.53,TRADE
NSW1,2010/5/26 0:00,8912.37,29.64,TRADE
NSW1,2010/5/26 0:30,8725.02,27.35,TRADE
NSW1,2010/5/26 1:00,8487.22,22.67,TRADE
NSW1,2010/5/26 1:30,8299.16,26.21,TRADE
NSW1,2010/5/26 2:00,7987.57,23.04,TRADE
NSW1,2010/5/26 2:30,7604.18,21.82,TRADE
NSW1,2010/5/26 3:00,7168.73,20.72,TRADE
NSW1,2010/5/26 3:30,6958.57,21.3,TRADE
NSW1,2010/5/26 4:00,6817.56,20.81,TRADE
NSW1,2010/5/26 4:30,6836.71,21.41,TRADE
NSW1,2010/5/26 5:00,6911.87,21.93,TRADE
NSW1,2010/5/26 5:30,7164.25,22.09,TRADE
NSW1,2010/5/26 6:00,7488.47,22.13,TRADE
NSW1,2010/5/26 6:30,8380.9,25.41,TRADE
NSW1,2010/5/26 7:00,9125.77,27.46,TRADE
NSW1,2010/5/26 7:30,9544.54,25.62,TRADE
NSW1,2010/5/26 8:00,9976.15,30.35,TRADE
NSW1,2010/5/26 8:30,10067.53,30.09,TRADE
NSW1,2010/5/26 9:00,10090.37,30.17,TRADE
NSW1,2010/5/26 9:30,10182.91,31.81,TRADE
NSW1,2010/5/26 10:00,10208.17,29.95,TRADE
NSW1,2010/5/26 10:30,10241.41,32.09,TRADE
NSW1,2010/5/26 11:00,10181.24,30.92,TRADE
NSW1,2010/5/26 11:30,10135.11,29.55,TRADE
NSW1,2010/5/26 12:00,10116.22,31.48,TRADE
NSW1,2010/5/26 12:30,10114.31,31.17,TRADE
NSW1,2010/5/26 13:00,10057.58,30.41,TRADE
NSW1,2010/5/26 13:30,10034.32,30.62,TRADE
NSW1,2010/5/26 14:00,10017.88,28.14,TRADE
NSW1,2010/5/26 14:30,9975.16,29.93,TRADE
NSW1,2010/5/26 15:00,9981.87,29.86,TRADE
NSW1,2010/5/26 15:30,10052.11,29.89,TRADE
NSW1,2010/5/26 16:00,10264.22,31.32,TRADE
NSW1,2010/5/26 16:30,10453.65,31.06,TRADE
NSW1,2010/5/26 17:00,10711.97,33.34,TRADE
NSW1,2010/5/26 17:30,11165.54,45.52,TRADE
NSW1,2010/5/26 18:00,11460.55,90.25,TRADE
NSW1,2010/5/26 18:30,11333.57,58.8,TRADE
NSW1,2010/5/26 19:00,11129.1,42.71,TRADE
NSW1,2010/5/26 19:30,10805.95,34.4,TRADE
NSW1,2010/5/26 20:00,10534.46,30.11,TRADE
NSW1,2010/5/26 20:30,10334.71,33.49,TRADE
NSW1,2010/5/26 21:00,10070.13,31.4,TRADE
NSW1,2010/5/26 21:30,9801.03,30.68,TRADE
NSW1,2010/5/26 22:00,9479.72,28.38,TRADE
NSW1,2010/5/26 22:30,9503.38,32.34,TRADE
NSW1,2010/5/26 23:00,9270.61,28.31,TRADE
NSW1,2010/5/26 23:30,9062.29,28.46,TRADE
NSW1,2010/5/27 0:00,8880.95,26.15,TRADE
NSW1,2010/5/27 0:30,8711.62,22.91,TRADE
NSW1,2010/5/27 1:00,8438.08,21.84,TRADE
NSW1,2010/5/27 1:30,8231.42,25.85,TRADE
NSW1,2010/5/27 2:00,7991.61,21.39,TRADE
NSW1,2010/5/27 2:30,7563.53,21.91,TRADE
NSW1,2010/5/27 3:00,7261.5,21.24,TRADE
NSW1,2010/5/27 3:30,7009.94,21.98,TRADE
NSW1,2010/5/27 4:00,6885.01,21.9,TRADE
NSW1,2010/5/27 4:30,6866.8,21.86,TRADE
NSW1,2010/5/27 5:00,6927.12,21.73,TRADE
NSW1,2010/5/27 5:30,7248.09,22.34,TRADE
NSW1,2010/5/27 6:00,7621.88,21.69,TRADE
NSW1,2010/5/27 6:30,8398.01,23.15,TRADE
NSW1,2010/5/27 7:00,9213.34,25.97,TRADE
NSW1,2010/5/27 7:30,9582.66,24.36,TRADE
NSW1,2010/5/27 8:00,9916.74,29.1,TRADE
NSW1,2010/5/27 8:30,9979.56,29.15,TRADE
NSW1,2010/5/27 9:00,9933.44,28.26,TRADE
NSW1,2010/5/27 9:30,9960.6,28.52,TRADE
NSW1,2010/5/27 10:00,9965.45,29.27,TRADE
NSW1,2010/5/27 10:30,9947.39,29.73,TRADE
NSW1,2010/5/27 11:00,9901.24,29.29,TRADE
NSW1,2010/5/27 11:30,9832.66,29.95,TRADE
NSW1,2010/5/27 12:00,9815.02,30.22,TRADE
NSW1,2010/5/27 12:30,9764.04,28.73,TRADE
NSW1,2010/5/27 13:00,9725.95,29.31,TRADE
NSW1,2010/5/27 13:30,9674.18,28.88,TRADE
NSW1,2010/5/27 14:00,9618.18,26.06,TRADE
NSW1,2010/5/27 14:30,9563.07,25.46,TRADE
NSW1,2010/5/27 15:00,9470.54,25.14,TRADE
NSW1,2010/5/27 15:30,9466.41,24.56,TRADE
NSW1,2010/5/27 16:00,9589.51,26.42,TRADE
NSW1,2010/5/27 16:30,9764.55,28.14,TRADE
NSW1,2010/5/27 17:00,10100.01,29.91,TRADE
NSW1,2010/5/27 17:30,10669.26,36.83,TRADE
NSW1,2010/5/27 18:00,11034.68,67.87,TRADE
NSW1,2010/5/27 18:30,11081.58,72.08,TRADE
NSW1,2010/5/27 19:00,10887.01,39.07,TRADE
NSW1,2010/5/27 19:30,10706.61,31.82,TRADE
NSW1,2010/5/27 20:00,10454.51,30.96,TRADE
NSW1,2010/5/27 20:30,10287.09,32.47,TRADE
NSW1,2010/5/27 21:00,10091.58,31.35,TRADE
NSW1,2010/5/27 21:30,9723.18,29.1,TRADE
NSW1,2010/5/27 22:00,9372.76,23.98,TRADE
NSW1,2010/5/27 22:30,9525.78,29.71,TRADE
NSW1,2010/5/27 23:00,9321.15,24.49,TRADE
NSW1,2010/5/27 23:30,9175.49,25.69,TRADE
NSW1,2010/5/28 0:00,9012.01,24.2,TRADE
NSW1,2010/5/28 0:30,8693.89,21.91,TRADE
NSW1,2010/5/28 1:00,8502.16,21.74,TRADE
NSW1,2010/5/28 1:30,8281.43,28.11,TRADE
NSW1,2010/5/28 2:00,8051.26,23.16,TRADE
NSW1,2010/5/28 2:30,7622.56,21.54,TRADE
NSW1,2010/5/28 3:00,7263.03,21.15,TRADE
NSW1,2010/5/28 3:30,7014.63,19.94,TRADE
NSW1,2010/5/28 4:00,6897.19,13.49,TRADE
NSW1,2010/5/28 4:30,6852.73,15.92,TRADE
NSW1,2010/5/28 5:00,6978.89,17.75,TRADE
NSW1,2010/5/28 5:30,7216.66,21.85,TRADE
NSW1,2010/5/28 6:00,7637.6,21.92,TRADE
NSW1,2010/5/28 6:30,8462.29,24.71,TRADE
NSW1,2010/5/28 7:00,9220.73,22.4,TRADE
NSW1,2010/5/28 7:30,9603.39,22.79,TRADE
NSW1,2010/5/28 8:00,10035.1,26.33,TRADE
NSW1,2010/5/28 8:30,10140.67,27.18,TRADE
NSW1,2010/5/28 9:00,10125.61,24.73,TRADE
NSW1,2010/5/28 9:30,10196.55,28.68,TRADE
NSW1,2010/5/28 10:00,10123.51,26.42,TRADE
NSW1,2010/5/28 10:30,10056.39,24.28,TRADE
NSW1,2010/5/28 11:00,10007.51,25.16,TRADE
NSW1,2010/5/28 11:30,9841.8,23.09,TRADE
NSW1,2010/5/28 12:00,9786.46,23.46,TRADE
NSW1,2010/5/28 12:30,9691.78,24.7,TRADE
NSW1,2010/5/28 13:00,9623.6,23.24,TRADE
NSW1,2010/5/28 13:30,9606.44,23.86,TRADE
NSW1,2010/5/28 14:00,9551.22,22.48,TRADE
NSW1,2010/5/28 14:30,9433.61,22.17,TRADE
NSW1,2010/5/28 15:00,9415.82,22.17,TRADE
NSW1,2010/5/28 15:30,9368.88,22.01,TRADE
NSW1,2010/5/28 16:00,9437.62,22.33,TRADE
NSW1,2010/5/28 16:30,9517.08,22.45,TRADE
NSW1,2010/5/28 17:00,9769.81,25.1,TRADE
NSW1,2010/5/28 17:30,10288.49,31.6,TRADE
NSW1,2010/5/28 18:00,10598.6,37.68,TRADE
NSW1,2010/5/28 18:30,10468.69,33.56,TRADE
NSW1,2010/5/28 19:00,10238.12,28.9,TRADE
NSW1,2010/5/28 19:30,9999.03,23.48,TRADE
NSW1,2010/5/28 20:00,9813.6,22.48,TRADE
NSW1,2010/5/28 20:30,9694.71,22.75,TRADE
NSW1,2010/5/28 21:00,9519.1,22.99,TRADE
NSW1,2010/5/28 21:30,9302.11,22.48,TRADE
NSW1,2010/5/28 22:00,9071.37,22.46,TRADE
NSW1,2010/5/28 22:30,9235.79,29.46,TRADE
NSW1,2010/5/28 23:00,9089.04,25.96,TRADE
NSW1,2010/5/28 23:30,9006.09,28.82,TRADE
NSW1,2010/5/29 0:00,8901.52,27.49,TRADE
NSW1,2010/5/29 0:30,8633.92,22.13,TRADE
NSW1,2010/5/29 1:00,8369.45,21.45,TRADE
NSW1,2010/5/29 1:30,8123.27,24.23,TRADE
NSW1,2010/5/29 2:00,7814.99,21.79,TRADE
NSW1,2010/5/29 2:30,7434.53,21.73,TRADE
NSW1,2010/5/29 3:00,7118.42,21.21,TRADE
NSW1,2010/5/29 3:30,6895.74,19.29,TRADE
NSW1,2010/5/29 4:00,6752.45,16.87,TRADE
NSW1,2010/5/29 4:30,6686.52,15.24,TRADE
NSW1,2010/5/29 5:00,6707.27,16.32,TRADE
NSW1,2010/5/29 5:30,6812.15,17.93,TRADE
NSW1,2010/5/29 6:00,6950.74,18.76,TRADE
NSW1,2010/5/29 6:30,7199.61,20.63,TRADE
NSW1,2010/5/29 7:00,7493.44,21.36,TRADE
NSW1,2010/5/29 7:30,7802.08,21.6,TRADE
NSW1,2010/5/29 8:00,8272.83,22,TRADE
NSW1,2010/5/29 8:30,8781,24.97,TRADE
NSW1,2010/5/29 9:00,9207.92,24.99,TRADE
NSW1,2010/5/29 9:30,9583,28.93,TRADE
NSW1,2010/5/29 10:00,9704.42,29.81,TRADE
NSW1,2010/5/29 10:30,9745.52,30.63,TRADE
NSW1,2010/5/29 11:00,9685.12,28.93,TRADE
NSW1,2010/5/29 11:30,9573.71,28.87,TRADE
NSW1,2010/5/29 12:00,9506.94,28.64,TRADE
NSW1,2010/5/29 12:30,9397.15,28.17,TRADE
NSW1,2010/5/29 13:00,9276.8,22.26,TRADE
NSW1,2010/5/29 13:30,9206.98,22,TRADE
NSW1,2010/5/29 14:00,9101.44,21.96,TRADE
NSW1,2010/5/29 14:30,9002.34,21.94,TRADE
NSW1,2010/5/29 15:00,8983.87,22.08,TRADE
NSW1,2010/5/29 15:30,9066.85,22,TRADE
NSW1,2010/5/29 16:00,9219.72,22.08,TRADE
NSW1,2010/5/29 16:30,9375.36,22,TRADE
NSW1,2010/5/29 17:00,9821.29,25.62,TRADE
NSW1,2010/5/29 17:30,10166.44,29.68,TRADE
NSW1,2010/5/29 18:00,10399.93,37.64,TRADE
NSW1,2010/5/29 18:30,10275.84,38.55,TRADE
NSW1,2010/5/29 19:00,9996.32,32.99,TRADE
NSW1,2010/5/29 19:30,9701.73,25.22,TRADE
NSW1,2010/5/29 20:00,9441.85,25.51,TRADE
NSW1,2010/5/29 20:30,9325.59,22.16,TRADE
NSW1,2010/5/29 21:00,9197.27,22.45,TRADE
NSW1,2010/5/29 21:30,8987.44,22.16,TRADE
NSW1,2010/5/29 22:00,8812.1,21.99,TRADE
NSW1,2010/5/29 22:30,8771.63,22.4,TRADE
NSW1,2010/5/29 23:00,8700.39,24.38,TRADE
NSW1,2010/5/29 23:30,8509.67,26.73,TRADE
NSW1,2010/5/30 0:00,8346.28,24.47,TRADE
NSW1,2010/5/30 0:30,8045.15,21.75,TRADE
NSW1,2010/5/30 1:00,7802.17,21.38,TRADE
NSW1,2010/5/30 1:30,7629.28,21.95,TRADE
NSW1,2010/5/30 2:00,7393.07,21.63,TRADE
NSW1,2010/5/30 2:30,7040.3,18.52,TRADE
NSW1,2010/5/30 3:00,6801.04,16.51,TRADE
NSW1,2010/5/30 3:30,6611.39,16.04,TRADE
NSW1,2010/5/30 4:00,6545.28,16.1,TRADE
NSW1,2010/5/30 4:30,6463.73,13.75,TRADE
NSW1,2010/5/30 5:00,6475.2,15.25,TRADE
NSW1,2010/5/30 5:30,6537.51,16.2,TRADE
NSW1,2010/5/30 6:00,6585.1,17.21,TRADE
NSW1,2010/5/30 6:30,6734.56,13.05,TRADE
NSW1,2010/5/30 7:00,6892.48,13.62,TRADE
NSW1,2010/5/30 7:30,7160.36,15.84,TRADE
NSW1,2010/5/30 8:00,7582.4,17.03,TRADE
NSW1,2010/5/30 8:30,8009.59,18.51,TRADE
NSW1,2010/5/30 9:00,8496.36,21.47,TRADE
NSW1,2010/5/30 9:30,8828.11,21.74,TRADE
NSW1,2010/5/30 10:00,9035.59,21.81,TRADE
NSW1,2010/5/30 10:30,9120.93,22,TRADE
NSW1,2010/5/30 11:00,9068.6,22,TRADE
NSW1,2010/5/30 11:30,9012.94,21.93,TRADE
NSW1,2010/5/30 12:00,8949.22,21.63,TRADE
NSW1,2010/5/30 12:30,8923.79,21.69,TRADE
NSW1,2010/5/30 13:00,8780.95,21.15,TRADE
NSW1,2010/5/30 13:30,8654.55,21.28,TRADE
NSW1,2010/5/30 14:00,8557.07,21.25,TRADE
NSW1,2010/5/30 14:30,8519.76,21.2,TRADE
NSW1,2010/5/30 15:00,8468.04,20.9,TRADE
NSW1,2010/5/30 15:30,8540.46,21.15,TRADE
NSW1,2010/5/30 16:00,8725.53,21.68,TRADE
NSW1,2010/5/30 16:30,9062.55,22.08,TRADE
NSW1,2010/5/30 17:00,9565.31,22.87,TRADE
NSW1,2010/5/30 17:30,10038.45,29.9,TRADE
NSW1,2010/5/30 18:00,10406.22,49.76,TRADE
NSW1,2010/5/30 18:30,10388.11,47.4,TRADE
NSW1,2010/5/30 19:00,10222.04,32.18,TRADE
NSW1,2010/5/30 19:30,9962.52,25.16,TRADE
NSW1,2010/5/30 20:00,9790.43,26.1,TRADE
NSW1,2010/5/30 20:30,9665.44,22.91,TRADE
NSW1,2010/5/30 21:00,9504.42,22.96,TRADE
NSW1,2010/5/30 21:30,9128.37,21.72,TRADE
NSW1,2010/5/30 22:00,8809.84,21.43,TRADE
NSW1,2010/5/30 22:30,8702.15,22.07,TRADE
NSW1,2010/5/30 23:00,8403.82,21.98,TRADE
NSW1,2010/5/30 23:30,8291.27,22.75,TRADE
NSW1,2010/5/31 0:00,8011.02,21.76,TRADE
NSW1,2010/5/31 0:30,7698.86,21.33,TRADE
NSW1,2010/5/31 1:00,7487.24,21.02,TRADE
NSW1,2010/5/31 1:30,7358.89,21.78,TRADE
NSW1,2010/5/31 2:00,7191.22,21.42,TRADE
NSW1,2010/5/31 2:30,6891.2,20.97,TRADE
NSW1,2010/5/31 3:00,6702.47,18.91,TRADE
NSW1,2010/5/31 3:30,6575.08,19.18,TRADE
NSW1,2010/5/31 4:00,6519.84,18.44,TRADE
NSW1,2010/5/31 4:30,6606.48,18.4,TRADE
NSW1,2010/5/31 5:00,6702.75,20.46,TRADE
NSW1,2010/5/31 5:30,7027.29,20.79,TRADE
NSW1,2010/5/31 6:00,7390.19,22.03,TRADE
NSW1,2010/5/31 6:30,8229.12,22,TRADE
NSW1,2010/5/31 7:00,9084.11,22.19,TRADE
NSW1,2010/5/31 7:30,9588.87,22.33,TRADE
NSW1,2010/5/31 8:00,10032.38,22.48,TRADE
NSW1,2010/5/31 8:30,10119.06,24.01,TRADE
NSW1,2010/5/31 9:00,10060.93,22.93,TRADE
NSW1,2010/5/31 9:30,10137.67,25.2,TRADE
NSW1,2010/5/31 10:00,10220.69,27.88,TRADE
NSW1,2010/5/31 10:30,10141.74,25.7,TRADE
NSW1,2010/5/31 11:00,10087.04,22.48,TRADE
NSW1,2010/5/31 11:30,10049.03,22.48,TRADE
NSW1,2010/5/31 12:00,10002.59,22.32,TRADE
NSW1,2010/5/31 12:30,9986.45,22.44,TRADE
NSW1,2010/5/31 13:00,9939.75,22.48,TRADE
NSW1,2010/5/31 13:30,9844.72,22.48,TRADE
NSW1,2010/5/31 14:00,9787.51,22.36,TRADE
NSW1,2010/5/31 14:30,9774.64,22.43,TRADE
NSW1,2010/5/31 15:00,9705.06,22.4,TRADE
NSW1,2010/5/31 15:30,9729.89,22.27,TRADE
NSW1,2010/5/31 16:00,9861.46,22.44,TRADE
NSW1,2010/5/31 16:30,10086.32,22.97,TRADE
NSW1,2010/5/31 17:00,10481.67,25.91,TRADE
NSW1,2010/5/31 17:30,11036.98,35.93,TRADE
NSW1,2010/5/31 18:00,11422.61,89.72,TRADE
NSW1,2010/5/31 18:30,11250.41,87.54,TRADE
NSW1,2010/5/31 19:00,11055.67,47.75,TRADE
NSW1,2010/5/31 19:30,10819.8,31.84,TRADE
NSW1,2010/5/31 20:00,10545.71,28.44,TRADE
NSW1,2010/5/31 20:30,10410.25,30.5,TRADE
NSW1,2010/5/31 21:00,10211.91,28.39,TRADE
NSW1,2010/5/31 21:30,9898.67,27.6,TRADE
NSW1,2010/5/31 22:00,9468.87,22.4,TRADE
NSW1,2010/5/31 22:30,9508.44,26.87,TRADE
NSW1,2010/5/31 23:00,9269.38,23.55,TRADE
NSW1,2010/5/31 23:30,9123.46,26.25,TRADE
NSW1,2010/6/1 0:00,8916.59,22.12,TRADE
?NSW1,2010/6/1 0:30,8715.65,22.01,TRADE
NSW1,2010/6/1 1:00,8516.12,22,TRADE
NSW1,2010/6/1 1:30,8307.32,23.09,TRADE
NSW1,2010/6/1 2:00,8084.49,22.17,TRADE
NSW1,2010/6/1 2:30,7672.83,21.66,TRADE
NSW1,2010/6/1 3:00,7339.43,20.89,TRADE
NSW1,2010/6/1 3:30,7109.44,20.27,TRADE
NSW1,2010/6/1 4:00,7016.78,20.07,TRADE
NSW1,2010/6/1 4:30,7017.15,17.8,TRADE
NSW1,2010/6/1 5:00,7055.32,18.68,TRADE
NSW1,2010/6/1 5:30,7363.11,21.79,TRADE
NSW1,2010/6/1 6:00,7770.35,22.44,TRADE
NSW1,2010/6/1 6:30,8665.87,22.41,TRADE
NSW1,2010/6/1 7:00,9437.91,25.29,TRADE
NSW1,2010/6/1 7:30,9868.2,29.29,TRADE
NSW1,2010/6/1 8:00,10185.49,27.67,TRADE
NSW1,2010/6/1 8:30,10217.04,22.27,TRADE
NSW1,2010/6/1 9:00,10090.54,22,TRADE
NSW1,2010/6/1 9:30,10018.65,22.15,TRADE
NSW1,2010/6/1 10:00,10088.29,22.32,TRADE
NSW1,2010/6/1 10:30,10064.43,23.04,TRADE
NSW1,2010/6/1 11:00,10016.99,22.32,TRADE
NSW1,2010/6/1 11:30,9845.35,22,TRADE
NSW1,2010/6/1 12:00,9735.94,21.97,TRADE
NSW1,2010/6/1 12:30,9721.96,22.35,TRADE
NSW1,2010/6/1 13:00,9645.73,22.02,TRADE
NSW1,2010/6/1 13:30,9606.1,22,TRADE
NSW1,2010/6/1 14:00,9568.65,22,TRADE
NSW1,2010/6/1 14:30,9545.6,22,TRADE
NSW1,2010/6/1 15:00,9453.29,22,TRADE
NSW1,2010/6/1 15:30,9416.04,22,TRADE
NSW1,2010/6/1 16:00,9522.5,22,TRADE
NSW1,2010/6/1 16:30,9699.58,22.17,TRADE
NSW1,2010/6/1 17:00,10062.36,23.21,TRADE
NSW1,2010/6/1 17:30,10724.64,32.29,TRADE
NSW1,2010/6/1 18:00,11168.48,73.71,TRADE
NSW1,2010/6/1 18:30,11103.79,79.94,TRADE
NSW1,2010/6/1 19:00,10950.44,33.6,TRADE
NSW1,2010/6/1 19:30,10713.97,30.89,TRADE
NSW1,2010/6/1 20:00,10469.49,32.39,TRADE
NSW1,2010/6/1 20:30,10354.59,33.33,TRADE
NSW1,2010/6/1 21:00,10246.25,35.57,TRADE
NSW1,2010/6/1 21:30,9952.52,34.28,TRADE
NSW1,2010/6/1 22:00,9643.5,30.94,TRADE
NSW1,2010/6/1 22:30,9615.91,46.39,TRADE
NSW1,2010/6/1 23:00,9360.96,33.79,TRADE
NSW1,2010/6/1 23:30,9164.84,36.91,TRADE
NSW1,2010/6/2 0:00,9016.39,37.7,TRADE
NSW1,2010/6/2 0:30,8825.19,34.03,TRADE
NSW1,2010/6/2 1:00,8597.98,30.01,TRADE
NSW1,2010/6/2 1:30,8422.83,33.96,TRADE
NSW1,2010/6/2 2:00,8156.1,33.76,TRADE
NSW1,2010/6/2 2:30,7791.19,25.54,TRADE
NSW1,2010/6/2 3:00,7455.06,22,TRADE
NSW1,2010/6/2 3:30,7212,22,TRADE
NSW1,2010/6/2 4:00,7064.87,21.91,TRADE
NSW1,2010/6/2 4:30,6995.08,21.87,TRADE
NSW1,2010/6/2 5:00,7054.55,22,TRADE
NSW1,2010/6/2 5:30,7377.4,22.21,TRADE
NSW1,2010/6/2 6:00,7825.7,22.26,TRADE
NSW1,2010/6/2 6:30,8710.36,22.33,TRADE
NSW1,2010/6/2 7:00,9488.99,24.22,TRADE
NSW1,2010/6/2 7:30,9914.04,26.46,TRADE
NSW1,2010/6/2 8:00,10388.86,34.13,TRADE
NSW1,2010/6/2 8:30,10411.95,31.1,TRADE
NSW1,2010/6/2 9:00,10226.67,28.25,TRADE
NSW1,2010/6/2 9:30,10199.56,24.24,TRADE
NSW1,2010/6/2 10:00,10085.34,21.85,TRADE
NSW1,2010/6/2 10:30,10006.2,23.88,TRADE
NSW1,2010/6/2 11:00,9917.8,23.17,TRADE
NSW1,2010/6/2 11:30,9782.98,28.4,TRADE
NSW1,2010/6/2 12:00,9706.23,24.47,TRADE
NSW1,2010/6/2 12:30,9638.63,23.71,TRADE
NSW1,2010/6/2 13:00,9548.42,24.27,TRADE
NSW1,2010/6/2 13:30,9550.48,22.74,TRADE
NSW1,2010/6/2 14:00,9517.12,22.81,TRADE
NSW1,2010/6/2 14:30,9403.46,22.96,TRADE
NSW1,2010/6/2 15:00,9324.59,22.25,TRADE
NSW1,2010/6/2 15:30,9327.76,22.08,TRADE
NSW1,2010/6/2 16:00,9464.37,22.1,TRADE
NSW1,2010/6/2 16:30,9674.09,24.43,TRADE
NSW1,2010/6/2 17:00,10041.35,31.38,TRADE
NSW1,2010/6/2 17:30,10641.67,30.87,TRADE
NSW1,2010/6/2 18:00,11081.29,49.7,TRADE
NSW1,2010/6/2 18:30,11005.98,57.61,TRADE
NSW1,2010/6/2 19:00,10849.17,36.74,TRADE
NSW1,2010/6/2 19:30,10569.69,29.57,TRADE
NSW1,2010/6/2 20:00,10369.14,26.98,TRADE
NSW1,2010/6/2 20:30,10263.74,28.81,TRADE
NSW1,2010/6/2 21:00,10058.62,31.15,TRADE
NSW1,2010/6/2 21:30,9733.78,28.73,TRADE
NSW1,2010/6/2 22:00,9435.19,23.76,TRADE
NSW1,2010/6/2 22:30,9384.74,27.8,TRADE
NSW1,2010/6/2 23:00,9189.28,26.82,TRADE
NSW1,2010/6/2 23:30,9027.04,26.03,TRADE
NSW1,2010/6/3 0:00,8841.28,25.41,TRADE
NSW1,2010/6/3 0:30,8683.32,24.51,TRADE
NSW1,2010/6/3 1:00,8473.27,21.72,TRADE
NSW1,2010/6/3 1:30,8289.35,24.27,TRADE
NSW1,2010/6/3 2:00,8025.95,21.69,TRADE
NSW1,2010/6/3 2:30,7540.5,21.99,TRADE
NSW1,2010/6/3 3:00,7179.19,21.92,TRADE
NSW1,2010/6/3 3:30,6989.62,21.49,TRADE
NSW1,2010/6/3 4:00,6871.05,21.07,TRADE
NSW1,2010/6/3 4:30,6860.09,21.36,TRADE
NSW1,2010/6/3 5:00,6921.73,21.73,TRADE
NSW1,2010/6/3 5:30,7250.16,22.11,TRADE
NSW1,2010/6/3 6:00,7661.84,22.79,TRADE
NSW1,2010/6/3 6:30,8457.74,23.81,TRADE
NSW1,2010/6/3 7:00,9222.83,26.38,TRADE
NSW1,2010/6/3 7:30,9614.8,26.55,TRADE
NSW1,2010/6/3 8:00,9939.23,22.15,TRADE
NSW1,2010/6/3 8:30,10017.49,22.24,TRADE
NSW1,2010/6/3 9:00,9899.3,22,TRADE
NSW1,2010/6/3 9:30,9976,22,TRADE
NSW1,2010/6/3 10:00,9961.24,22,TRADE
NSW1,2010/6/3 10:30,9951.92,21.96,TRADE
NSW1,2010/6/3 11:00,9873.49,22.41,TRADE
NSW1,2010/6/3 11:30,9766.77,21.92,TRADE
NSW1,2010/6/3 12:00,9838.49,22,TRADE
NSW1,2010/6/3 12:30,9835.18,22,TRADE
NSW1,2010/6/3 13:00,9718.38,22,TRADE
NSW1,2010/6/3 13:30,9677.2,22,TRADE
NSW1,2010/6/3 14:00,9613.94,24.73,TRADE
NSW1,2010/6/3 14:30,9740.5,25.76,TRADE
NSW1,2010/6/3 15:00,9745.96,25.91,TRADE
NSW1,2010/6/3 15:30,9793.96,24.05,TRADE
NSW1,2010/6/3 16:00,9932.31,26.85,TRADE
NSW1,2010/6/3 16:30,10045.41,29.53,TRADE
NSW1,2010/6/3 17:00,10312.75,31.01,TRADE
NSW1,2010/6/3 17:30,10797.44,32.58,TRADE
NSW1,2010/6/3 18:00,11260.84,86.66,TRADE
NSW1,2010/6/3 18:30,11161.55,82.98,TRADE
NSW1,2010/6/3 19:00,10981.7,60.07,TRADE
NSW1,2010/6/3 19:30,10743.13,36.42,TRADE
NSW1,2010/6/3 20:00,10464.05,33.4,TRADE
NSW1,2010/6/3 20:30,10370.62,42.21,TRADE
NSW1,2010/6/3 21:00,10170.53,35.27,TRADE
NSW1,2010/6/3 21:30,9815.52,28.98,TRADE
NSW1,2010/6/3 22:00,9464.78,21.94,TRADE
NSW1,2010/6/3 22:30,9469.25,36.14,TRADE
NSW1,2010/6/3 23:00,9220.56,28.12,TRADE
NSW1,2010/6/3 23:30,9108.57,30.05,TRADE
NSW1,2010/6/4 0:00,8966.09,29.16,TRADE
NSW1,2010/6/4 0:30,8770.38,28.57,TRADE
NSW1,2010/6/4 1:00,8557.82,23.69,TRADE
NSW1,2010/6/4 1:30,8292.57,24,TRADE
NSW1,2010/6/4 2:00,8083.99,24.55,TRADE
NSW1,2010/6/4 2:30,7672.68,22.55,TRADE
NSW1,2010/6/4 3:00,7355.23,21.92,TRADE
NSW1,2010/6/4 3:30,7103.04,21.92,TRADE
NSW1,2010/6/4 4:00,6962.97,22,TRADE
NSW1,2010/6/4 4:30,6948.73,21.94,TRADE
NSW1,2010/6/4 5:00,6993.46,22.12,TRADE
NSW1,2010/6/4 5:30,7291,22.68,TRADE
NSW1,2010/6/4 6:00,7666.53,22.62,TRADE
NSW1,2010/6/4 6:30,8431.53,22.04,TRADE
NSW1,2010/6/4 7:00,9124.27,26.13,TRADE
NSW1,2010/6/4 7:30,9531.9,25.08,TRADE
NSW1,2010/6/4 8:00,9995.35,22.37,TRADE
NSW1,2010/6/4 8:30,10100.17,22.34,TRADE
NSW1,2010/6/4 9:00,10066.18,22.04,TRADE
NSW1,2010/6/4 9:30,10145.39,22.55,TRADE
NSW1,2010/6/4 10:00,10139.17,22.8,TRADE
NSW1,2010/6/4 10:30,10144.32,22.49,TRADE
NSW1,2010/6/4 11:00,10123.76,26.03,TRADE
NSW1,2010/6/4 11:30,9948.09,22.48,TRADE
NSW1,2010/6/4 12:00,9860.55,24.86,TRADE
NSW1,2010/6/4 12:30,9852.1,26.52,TRADE
NSW1,2010/6/4 13:00,9888.87,25.17,TRADE
NSW1,2010/6/4 13:30,9868.86,29.95,TRADE
NSW1,2010/6/4 14:00,9625.76,25.58,TRADE
NSW1,2010/6/4 14:30,9672.28,25.59,TRADE
NSW1,2010/6/4 15:00,9869.56,29.15,TRADE
NSW1,2010/6/4 15:30,9861.61,28.93,TRADE
NSW1,2010/6/4 16:00,9966.04,28.6,TRADE
NSW1,2010/6/4 16:30,10201.94,30.6,TRADE
NSW1,2010/6/4 17:00,10514.63,33.18,TRADE
NSW1,2010/6/4 17:30,10964.11,32.72,TRADE
NSW1,2010/6/4 18:00,11191.34,73.66,TRADE
NSW1,2010/6/4 18:30,10983.6,56.4,TRADE
NSW1,2010/6/4 19:00,10798.52,37.94,TRADE
NSW1,2010/6/4 19:30,10533.87,32.92,TRADE
NSW1,2010/6/4 20:00,10268.76,31.98,TRADE
NSW1,2010/6/4 20:30,10133.94,34.63,TRADE
NSW1,2010/6/4 21:00,9957.08,34.35,TRADE
NSW1,2010/6/4 21:30,9655.14,32.3,TRADE
NSW1,2010/6/4 22:00,9373.6,28.11,TRADE
NSW1,2010/6/4 22:30,9534.7,72.28,TRADE
NSW1,2010/6/4 23:00,9418.04,37.13,TRADE
NSW1,2010/6/4 23:30,9323.34,55.55,TRADE
NSW1,2010/6/5 0:00,9194.76,46.62,TRADE
NSW1,2010/6/5 0:30,8935.15,33.22,TRADE
NSW1,2010/6/5 1:00,8698.05,26.02,TRADE
NSW1,2010/6/5 1:30,8435.76,30.82,TRADE
NSW1,2010/6/5 2:00,8136.02,31.44,TRADE
NSW1,2010/6/5 2:30,7769.84,22.39,TRADE
NSW1,2010/6/5 3:00,7398.13,21.64,TRADE
NSW1,2010/6/5 3:30,7138.98,22,TRADE
NSW1,2010/6/5 4:00,6965.45,21.88,TRADE
NSW1,2010/6/5 4:30,6911.83,22,TRADE
NSW1,2010/6/5 5:00,6879.16,22,TRADE
NSW1,2010/6/5 5:30,6988.45,22,TRADE
NSW1,2010/6/5 6:00,7099.7,22.02,TRADE
NSW1,2010/6/5 6:30,7401.17,22,TRADE
NSW1,2010/6/5 7:00,7733.87,22.22,TRADE
NSW1,2010/6/5 7:30,8071.13,22.37,TRADE
NSW1,2010/6/5 8:00,8634.92,30.02,TRADE
NSW1,2010/6/5 8:30,9077.72,58.53,TRADE
NSW1,2010/6/5 9:00,9342.7,65.23,TRADE
NSW1,2010/6/5 9:30,9576.47,65.65,TRADE
NSW1,2010/6/5 10:00,9622.8,73.52,TRADE
NSW1,2010/6/5 10:30,9536.02,45.98,TRADE
NSW1,2010/6/5 11:00,9471.86,42.16,TRADE
NSW1,2010/6/5 11:30,9286.39,37.24,TRADE
NSW1,2010/6/5 12:00,9044.9,33,TRADE
NSW1,2010/6/5 12:30,9001.67,32.38,TRADE
NSW1,2010/6/5 13:00,8923.65,31.66,TRADE
NSW1,2010/6/5 13:30,8836.19,32.67,TRADE
NSW1,2010/6/5 14:00,8717.95,29.56,TRADE
NSW1,2010/6/5 14:30,8642.36,30.52,TRADE
NSW1,2010/6/5 15:00,8638.82,35.45,TRADE
NSW1,2010/6/5 15:30,8695.61,47.21,TRADE
NSW1,2010/6/5 16:00,8774.32,77.44,TRADE
NSW1,2010/6/5 16:30,8975.84,48.25,TRADE
NSW1,2010/6/5 17:00,9361.84,81.5,TRADE
NSW1,2010/6/5 17:30,9824.4,106.6,TRADE
NSW1,2010/6/5 18:00,10180.12,203.42,TRADE
NSW1,2010/6/5 18:30,10141.24,129.45,TRADE
NSW1,2010/6/5 19:00,9904.25,85.29,TRADE
NSW1,2010/6/5 19:30,9637.43,39.97,TRADE
NSW1,2010/6/5 20:00,9470.46,58.39,TRADE
NSW1,2010/6/5 20:30,9344.35,53.6,TRADE
NSW1,2010/6/5 21:00,9256.32,68.77,TRADE
NSW1,2010/6/5 21:30,9107.01,49.52,TRADE
NSW1,2010/6/5 22:00,8942.13,34.41,TRADE
NSW1,2010/6/5 22:30,8978.91,75.85,TRADE
NSW1,2010/6/5 23:00,8874.09,89.04,TRADE
NSW1,2010/6/5 23:30,8846.31,89.74,TRADE
NSW1,2010/6/6 0:00,8594.63,79.21,TRADE
NSW1,2010/6/6 0:30,8401.36,50.99,TRADE
NSW1,2010/6/6 1:00,8176.93,39.84,TRADE
NSW1,2010/6/6 1:30,7858.06,41.52,TRADE
NSW1,2010/6/6 2:00,7605.19,35.26,TRADE
NSW1,2010/6/6 2:30,7253.41,28.77,TRADE
NSW1,2010/6/6 3:00,7006.88,20.62,TRADE
NSW1,2010/6/6 3:30,6837.49,21.94,TRADE
NSW1,2010/6/6 4:00,6781.73,22.19,TRADE
NSW1,2010/6/6 4:30,6734.3,21.89,TRADE
NSW1,2010/6/6 5:00,6644.16,21.45,TRADE
NSW1,2010/6/6 5:30,6719.18,22.03,TRADE
NSW1,2010/6/6 6:00,6825.56,21.91,TRADE
NSW1,2010/6/6 6:30,7041.68,21.68,TRADE
NSW1,2010/6/6 7:00,7292.14,22.39,TRADE
NSW1,2010/6/6 7:30,7550.08,22.97,TRADE
NSW1,2010/6/6 8:00,8057.44,24.6,TRADE
NSW1,2010/6/6 8:30,8497.37,33.68,TRADE
NSW1,2010/6/6 9:00,8885.3,47.74,TRADE
NSW1,2010/6/6 9:30,9078.87,76.21,TRADE
NSW1,2010/6/6 10:00,9253.06,93.88,TRADE
NSW1,2010/6/6 10:30,9231.94,89.95,TRADE
NSW1,2010/6/6 11:00,9147.18,89.96,TRADE
NSW1,2010/6/6 11:30,9042.01,65.65,TRADE
NSW1,2010/6/6 12:00,8877.32,66.92,TRADE
NSW1,2010/6/6 12:30,8753.43,47.72,TRADE
NSW1,2010/6/6 13:00,8773.65,34.95,TRADE
NSW1,2010/6/6 13:30,8648.89,29.83,TRADE
NSW1,2010/6/6 14:00,8559.25,31.51,TRADE
NSW1,2010/6/6 14:30,8596.58,30.58,TRADE
NSW1,2010/6/6 15:00,8707.29,29.79,TRADE
NSW1,2010/6/6 15:30,8829.26,30.64,TRADE
NSW1,2010/6/6 16:00,9087.76,32.1,TRADE
NSW1,2010/6/6 16:30,9404.66,34.66,TRADE
NSW1,2010/6/6 17:00,9889.43,44.19,TRADE
NSW1,2010/6/6 17:30,10383.27,48.55,TRADE
NSW1,2010/6/6 18:00,10832.23,98.04,TRADE
NSW1,2010/6/6 18:30,10840.73,98.5,TRADE
NSW1,2010/6/6 19:00,10640.27,86.14,TRADE
NSW1,2010/6/6 19:30,10418.77,55.56,TRADE
NSW1,2010/6/6 20:00,10213.15,51.71,TRADE
NSW1,2010/6/6 20:30,10064.74,68.55,TRADE
NSW1,2010/6/6 21:00,9858.65,58.54,TRADE
NSW1,2010/6/6 21:30,9532.5,36.11,TRADE
NSW1,2010/6/6 22:00,9232.17,30.63,TRADE
NSW1,2010/6/6 22:30,9047.62,31.86,TRADE
NSW1,2010/6/6 23:00,8776.76,26.52,TRADE
NSW1,2010/6/6 23:30,8511.15,25.56,TRADE
NSW1,2010/6/7 0:00,8301.32,23.4,TRADE
NSW1,2010/6/7 0:30,8096.97,21.98,TRADE
NSW1,2010/6/7 1:00,7898.8,22,TRADE
NSW1,2010/6/7 1:30,7756.37,23.81,TRADE
NSW1,2010/6/7 2:00,7560.37,23.09,TRADE
NSW1,2010/6/7 2:30,7328.48,21.38,TRADE
NSW1,2010/6/7 3:00,7062.61,21.89,TRADE
NSW1,2010/6/7 3:30,6936.61,22,TRADE
NSW1,2010/6/7 4:00,6863.9,22,TRADE
NSW1,2010/6/7 4:30,6888.38,21.95,TRADE
NSW1,2010/6/7 5:00,7016.53,22,TRADE
NSW1,2010/6/7 5:30,7341.61,22.47,TRADE
NSW1,2010/6/7 6:00,7824.74,24.17,TRADE
NSW1,2010/6/7 6:30,8709.6,31.19,TRADE
NSW1,2010/6/7 7:00,9601.63,57.49,TRADE
NSW1,2010/6/7 7:30,10116.86,44.51,TRADE
NSW1,2010/6/7 8:00,10633.06,47.66,TRADE
NSW1,2010/6/7 8:30,10680.74,50.31,TRADE
NSW1,2010/6/7 9:00,10583.46,35.18,TRADE
NSW1,2010/6/7 9:30,10556.42,38.08,TRADE
NSW1,2010/6/7 10:00,10451.83,35.42,TRADE
NSW1,2010/6/7 10:30,10384.77,34.03,TRADE
NSW1,2010/6/7 11:00,10300.45,37.37,TRADE
NSW1,2010/6/7 11:30,10050.6,34.74,TRADE
NSW1,2010/6/7 12:00,9937.57,32.5,TRADE
NSW1,2010/6/7 12:30,9991.73,34.57,TRADE
NSW1,2010/6/7 13:00,10004.95,32.39,TRADE
NSW1,2010/6/7 13:30,9983.12,33.74,TRADE
NSW1,2010/6/7 14:00,9955.22,30.38,TRADE
NSW1,2010/6/7 14:30,9963.25,29.87,TRADE
NSW1,2010/6/7 15:00,9898.64,27.9,TRADE
NSW1,2010/6/7 15:30,9922.47,29.15,TRADE
NSW1,2010/6/7 16:00,10076.88,30.48,TRADE
NSW1,2010/6/7 16:30,10368.68,35.01,TRADE
NSW1,2010/6/7 17:00,10848.11,40.68,TRADE
NSW1,2010/6/7 17:30,11550.18,69.39,TRADE
NSW1,2010/6/7 18:00,11999.54,110.1,TRADE
NSW1,2010/6/7 18:30,11960.1,103.35,TRADE
NSW1,2010/6/7 19:00,11745.38,90.16,TRADE
NSW1,2010/6/7 19:30,11443.89,42.52,TRADE
NSW1,2010/6/7 20:00,11222.79,39.93,TRADE
NSW1,2010/6/7 20:30,10977.63,46.15,TRADE
NSW1,2010/6/7 21:00,10749.88,49.51,TRADE
NSW1,2010/6/7 21:30,10428.63,43.47,TRADE
NSW1,2010/6/7 22:00,10021.99,32.63,TRADE
NSW1,2010/6/7 22:30,9936.42,57.28,TRADE
NSW1,2010/6/7 23:00,9631.59,35.23,TRADE
NSW1,2010/6/7 23:30,9420.63,32.23,TRADE
NSW1,2010/6/8 0:00,9255.27,29.98,TRADE
NSW1,2010/6/8 0:30,8997.03,27.21,TRADE
NSW1,2010/6/8 1:00,8802.66,22.78,TRADE
NSW1,2010/6/8 1:30,8595.97,26.42,TRADE
NSW1,2010/6/8 2:00,8367.36,23.47,TRADE
NSW1,2010/6/8 2:30,7968.99,21.31,TRADE
NSW1,2010/6/8 3:00,7643.43,21.09,TRADE
NSW1,2010/6/8 3:30,7385.75,22,TRADE
NSW1,2010/6/8 4:00,7231.5,21.13,TRADE
NSW1,2010/6/8 4:30,7240.29,18.54,TRADE
NSW1,2010/6/8 5:00,7311.92,19.54,TRADE
NSW1,2010/6/8 5:30,7640.48,21.99,TRADE
NSW1,2010/6/8 6:00,8102.55,22.8,TRADE
NSW1,2010/6/8 6:30,9048.94,22.64,TRADE
NSW1,2010/6/8 7:00,9996.41,30.61,TRADE
NSW1,2010/6/8 7:30,10462.68,26.14,TRADE
NSW1,2010/6/8 8:00,10855.35,28.83,TRADE
NSW1,2010/6/8 8:30,10883.06,32.16,TRADE
NSW1,2010/6/8 9:00,10696.89,27.75,TRADE
NSW1,2010/6/8 9:30,10664.13,28.64,TRADE
NSW1,2010/6/8 10:00,10564.23,27.34,TRADE
NSW1,2010/6/8 10:30,10484.28,26.05,TRADE
NSW1,2010/6/8 11:00,10295.93,25.59,TRADE
NSW1,2010/6/8 11:30,10129.13,25.38,TRADE
NSW1,2010/6/8 12:00,10005.03,22.48,TRADE
NSW1,2010/6/8 12:30,9921.31,22.17,TRADE
NSW1,2010/6/8 13:00,9779.15,22,TRADE
NSW1,2010/6/8 13:30,9758.45,22,TRADE
NSW1,2010/6/8 14:00,9711.04,22,TRADE
NSW1,2010/6/8 14:30,9693.11,22.1,TRADE
NSW1,2010/6/8 15:00,9521.93,21.98,TRADE
NSW1,2010/6/8 15:30,9559.93,22,TRADE
NSW1,2010/6/8 16:00,9688.55,22,TRADE
NSW1,2010/6/8 16:30,9913.38,23.16,TRADE
NSW1,2010/6/8 17:00,10367.17,26.45,TRADE
NSW1,2010/6/8 17:30,11077.77,33.03,TRADE
NSW1,2010/6/8 18:00,11686.68,48.11,TRADE
NSW1,2010/6/8 18:30,11667.93,43.98,TRADE
NSW1,2010/6/8 19:00,11532.54,36.1,TRADE
NSW1,2010/6/8 19:30,11268.79,32.09,TRADE
NSW1,2010/6/8 20:00,11087.93,34.14,TRADE
NSW1,2010/6/8 20:30,10929.51,37.63,TRADE
NSW1,2010/6/8 21:00,10745.4,37.32,TRADE
NSW1,2010/6/8 21:30,10455.18,33.61,TRADE
NSW1,2010/6/8 22:00,10073.95,27.25,TRADE
NSW1,2010/6/8 22:30,10023.01,34.05,TRADE
NSW1,2010/6/8 23:00,9696.87,27.58,TRADE
NSW1,2010/6/8 23:30,9424.38,26.71,TRADE
NSW1,2010/6/9 0:00,9251.57,22.7,TRADE
NSW1,2010/6/9 0:30,8957.92,22,TRADE
NSW1,2010/6/9 1:00,8714.09,21.8,TRADE
NSW1,2010/6/9 1:30,8460.89,22.32,TRADE
NSW1,2010/6/9 2:00,8272.95,21.69,TRADE
NSW1,2010/6/9 2:30,7905.03,19.59,TRADE
NSW1,2010/6/9 3:00,7571.61,16.26,TRADE
NSW1,2010/6/9 3:30,7245.33,13.52,TRADE
NSW1,2010/6/9 4:00,7086.87,13.43,TRADE
NSW1,2010/6/9 4:30,7069.16,14.27,TRADE
NSW1,2010/6/9 5:00,7141.86,15.96,TRADE
NSW1,2010/6/9 5:30,7482.19,20.4,TRADE
NSW1,2010/6/9 6:00,7923.05,21.98,TRADE
NSW1,2010/6/9 6:30,8886.46,22.09,TRADE
NSW1,2010/6/9 7:00,9799.12,23.1,TRADE
NSW1,2010/6/9 7:30,10358.38,22.7,TRADE
NSW1,2010/6/9 8:00,10776.88,24.18,TRADE
NSW1,2010/6/9 8:30,10889.56,26.14,TRADE
NSW1,2010/6/9 9:00,10703.71,22.74,TRADE
NSW1,2010/6/9 9:30,10658.75,22.54,TRADE
NSW1,2010/6/9 10:00,10570.92,22.48,TRADE
NSW1,2010/6/9 10:30,10493.42,22.48,TRADE
NSW1,2010/6/9 11:00,10377.53,22.48,TRADE
NSW1,2010/6/9 11:30,10275.61,22.48,TRADE
NSW1,2010/6/9 12:00,10189.98,22.48,TRADE
NSW1,2010/6/9 12:30,10059.49,22.48,TRADE
NSW1,2010/6/9 13:00,9997.02,22.79,TRADE
NSW1,2010/6/9 13:30,9932.26,22.92,TRADE
NSW1,2010/6/9 14:00,9867.34,22.79,TRADE
NSW1,2010/6/9 14:30,9862.37,22.9,TRADE
NSW1,2010/6/9 15:00,9834.24,22.51,TRADE
NSW1,2010/6/9 15:30,9887.39,22.63,TRADE
NSW1,2010/6/9 16:00,10129.14,22.83,TRADE
NSW1,2010/6/9 16:30,10536.71,23.46,TRADE
NSW1,2010/6/9 17:00,10950.33,24.17,TRADE
NSW1,2010/6/9 17:30,11609.28,32.97,TRADE
NSW1,2010/6/9 18:00,12065.1,53.67,TRADE
NSW1,2010/6/9 18:30,12052.25,44.44,TRADE
NSW1,2010/6/9 19:00,11873.48,37.09,TRADE
NSW1,2010/6/9 19:30,11662.39,28.1,TRADE
NSW1,2010/6/9 20:00,11486.7,28.41,TRADE
NSW1,2010/6/9 20:30,11247.96,28.21,TRADE
NSW1,2010/6/9 21:00,11060.94,25.5,TRADE
NSW1,2010/6/9 21:30,10760.95,22.95,TRADE
NSW1,2010/6/9 22:00,10306.6,22.31,TRADE
NSW1,2010/6/9 22:30,10163.95,26.21,TRADE
NSW1,2010/6/9 23:00,9817.98,26.01,TRADE
NSW1,2010/6/9 23:30,9493.47,24.96,TRADE
NSW1,2010/6/10 0:00,9297.85,23.15,TRADE
NSW1,2010/6/10 0:30,9055.39,21.96,TRADE
NSW1,2010/6/10 1:00,8790.93,21.93,TRADE
NSW1,2010/6/10 1:30,8593.71,22.5,TRADE
NSW1,2010/6/10 2:00,8342.66,21.96,TRADE
NSW1,2010/6/10 2:30,7927.94,21.83,TRADE
NSW1,2010/6/10 3:00,7579.38,20.12,TRADE
NSW1,2010/6/10 3:30,7377.14,20.25,TRADE
NSW1,2010/6/10 4:00,7226.29,18.46,TRADE
NSW1,2010/6/10 4:30,7193.31,16.56,TRADE
NSW1,2010/6/10 5:00,7270.1,17.69,TRADE
NSW1,2010/6/10 5:30,7635.19,21.99,TRADE
NSW1,2010/6/10 6:00,8103.34,22,TRADE
NSW1,2010/6/10 6:30,9082.55,22.05,TRADE
NSW1,2010/6/10 7:00,10074.6,26.02,TRADE
NSW1,2010/6/10 7:30,10496.54,25.97,TRADE
NSW1,2010/6/10 8:00,10939,31.9,TRADE
NSW1,2010/6/10 8:30,10963.71,30.06,TRADE
NSW1,2010/6/10 9:00,10786.71,26.75,TRADE
NSW1,2010/6/10 9:30,10771.17,23.58,TRADE
NSW1,2010/6/10 10:00,10710.78,23,TRADE
NSW1,2010/6/10 10:30,10561.28,25.04,TRADE
NSW1,2010/6/10 11:00,10434.28,23.57,TRADE
NSW1,2010/6/10 11:30,10230.3,22.51,TRADE
NSW1,2010/6/10 12:00,10063.83,22.51,TRADE
NSW1,2010/6/10 12:30,9939.98,22.48,TRADE
NSW1,2010/6/10 13:00,9987.95,22.4,TRADE
NSW1,2010/6/10 13:30,9916.61,22.45,TRADE
NSW1,2010/6/10 14:00,9810.21,22.03,TRADE
NSW1,2010/6/10 14:30,9834.78,22.41,TRADE
NSW1,2010/6/10 15:00,9730.96,22.07,TRADE
NSW1,2010/6/10 15:30,9703.19,22,TRADE
NSW1,2010/6/10 16:00,9810,22.12,TRADE
NSW1,2010/6/10 16:30,10061.32,22.56,TRADE
NSW1,2010/6/10 17:00,10583.22,24.35,TRADE
NSW1,2010/6/10 17:30,11325.45,30.72,TRADE
NSW1,2010/6/10 18:00,11924.17,78.42,TRADE
NSW1,2010/6/10 18:30,11979.83,88.27,TRADE
NSW1,2010/6/10 19:00,12008.32,50.62,TRADE
NSW1,2010/6/10 19:30,11866.76,35.38,TRADE
NSW1,2010/6/10 20:00,11747.98,38.94,TRADE
NSW1,2010/6/10 20:30,11626.88,38.72,TRADE
NSW1,2010/6/10 21:00,11436.87,35.51,TRADE
NSW1,2010/6/10 21:30,11078.45,31.54,TRADE
NSW1,2010/6/10 22:00,10624.61,25.31,TRADE
NSW1,2010/6/10 22:30,10580.6,31.27,TRADE
NSW1,2010/6/10 23:00,10157.98,26.61,TRADE
NSW1,2010/6/10 23:30,9947.23,29.61,TRADE
NSW1,2010/6/11 0:00,9660.1,27.36,TRADE
NSW1,2010/6/11 0:30,9423.47,23.27,TRADE
NSW1,2010/6/11 1:00,9184.01,22,TRADE
NSW1,2010/6/11 1:30,8931.11,22.44,TRADE
NSW1,2010/6/11 2:00,8661.28,21.97,TRADE
NSW1,2010/6/11 2:30,8219.84,21.9,TRADE
NSW1,2010/6/11 3:00,7861.7,20.02,TRADE
NSW1,2010/6/11 3:30,7633.3,16.69,TRADE
NSW1,2010/6/11 4:00,7441.94,15.81,TRADE
NSW1,2010/6/11 4:30,7403.42,16.85,TRADE
NSW1,2010/6/11 5:00,7490.98,17.2,TRADE
NSW1,2010/6/11 5:30,7877.03,20.92,TRADE
NSW1,2010/6/11 6:00,8326.94,22.12,TRADE
NSW1,2010/6/11 6:30,9292.26,21.98,TRADE
NSW1,2010/6/11 7:00,10299.22,22.88,TRADE
NSW1,2010/6/11 7:30,10797.13,25.04,TRADE
NSW1,2010/6/11 8:00,11358.15,31.34,TRADE
NSW1,2010/6/11 8:30,11431.5,31.72,TRADE
NSW1,2010/6/11 9:00,11320.48,29.76,TRADE
NSW1,2010/6/11 9:30,11158.49,28.85,TRADE
NSW1,2010/6/11 10:00,11090.57,29.05,TRADE
NSW1,2010/6/11 10:30,10912.84,29.67,TRADE
NSW1,2010/6/11 11:00,10649.2,28.96,TRADE
NSW1,2010/6/11 11:30,10437.94,28.08,TRADE
NSW1,2010/6/11 12:00,10317.57,24.15,TRADE
NSW1,2010/6/11 12:30,10152.51,22.68,TRADE
NSW1,2010/6/11 13:00,10039.05,22.55,TRADE
NSW1,2010/6/11 13:30,9957.96,22.51,TRADE
NSW1,2010/6/11 14:00,9806.74,22.39,TRADE
NSW1,2010/6/11 14:30,9811.31,22.55,TRADE
NSW1,2010/6/11 15:00,9730.04,22.11,TRADE
NSW1,2010/6/11 15:30,9651.51,22,TRADE
NSW1,2010/6/11 16:00,9787.98,22.19,TRADE
NSW1,2010/6/11 16:30,9961.6,22.26,TRADE
NSW1,2010/6/11 17:00,10501.99,23.75,TRADE
NSW1,2010/6/11 17:30,11277.3,27.74,TRADE
NSW1,2010/6/11 18:00,11817.31,34.69,TRADE
NSW1,2010/6/11 18:30,11720.97,34.39,TRADE
NSW1,2010/6/11 19:00,11686.67,34.19,TRADE
NSW1,2010/6/11 19:30,11445.93,30.64,TRADE
NSW1,2010/6/11 20:00,11263.1,29.22,TRADE
NSW1,2010/6/11 20:30,11166.37,29.78,TRADE
NSW1,2010/6/11 21:00,10938.47,29.38,TRADE
NSW1,2010/6/11 21:30,10692.25,28.37,TRADE
NSW1,2010/6/11 22:00,10393.5,24.16,TRADE
NSW1,2010/6/11 22:30,10394.59,34.59,TRADE
NSW1,2010/6/11 23:00,10195.59,31.87,TRADE
NSW1,2010/6/11 23:30,9999.43,34.68,TRADE
NSW1,2010/6/12 0:00,9799.02,31.42,TRADE
NSW1,2010/6/12 0:30,9536.33,23.19,TRADE
NSW1,2010/6/12 1:00,9278.04,21.95,TRADE
NSW1,2010/6/12 1:30,9066.58,25.42,TRADE
NSW1,2010/6/12 2:00,8783.71,26.94,TRADE
NSW1,2010/6/12 2:30,8324.41,22,TRADE
NSW1,2010/6/12 3:00,7916.36,21.94,TRADE
NSW1,2010/6/12 3:30,7619.36,22,TRADE
NSW1,2010/6/12 4:00,7415.16,20.25,TRADE
NSW1,2010/6/12 4:30,7321.56,19.8,TRADE
NSW1,2010/6/12 5:00,7312.45,20.87,TRADE
NSW1,2010/6/12 5:30,7443.27,21.35,TRADE
NSW1,2010/6/12 6:00,7575.68,21.57,TRADE
NSW1,2010/6/12 6:30,7860.77,21.81,TRADE
NSW1,2010/6/12 7:00,8285.02,22.26,TRADE
NSW1,2010/6/12 7:30,8702.99,22.16,TRADE
NSW1,2010/6/12 8:00,9428.66,23.52,TRADE
NSW1,2010/6/12 8:30,9986.81,30.35,TRADE
NSW1,2010/6/12 9:00,10205.32,34.75,TRADE
NSW1,2010/6/12 9:30,10426.83,38.15,TRADE
NSW1,2010/6/12 10:00,10225.57,34.5,TRADE
NSW1,2010/6/12 10:30,10082.23,34.76,TRADE
NSW1,2010/6/12 11:00,9873.4,31.26,TRADE
NSW1,2010/6/12 11:30,9587.19,22.25,TRADE
NSW1,2010/6/12 12:00,9417.21,22,TRADE
NSW1,2010/6/12 12:30,9285.56,22,TRADE
NSW1,2010/6/12 13:00,9107.38,22,TRADE
NSW1,2010/6/12 13:30,9024.43,22,TRADE
NSW1,2010/6/12 14:00,8966.58,22,TRADE
NSW1,2010/6/12 14:30,8866.24,22,TRADE
NSW1,2010/6/12 15:00,8892.44,22,TRADE
NSW1,2010/6/12 15:30,8909.52,22,TRADE
NSW1,2010/6/12 16:00,9107.29,22.18,TRADE
NSW1,2010/6/12 16:30,9484.59,22.08,TRADE
NSW1,2010/6/12 17:00,10019.4,25.82,TRADE
NSW1,2010/6/12 17:30,10724.65,35.89,TRADE
NSW1,2010/6/12 18:00,11293.94,60.95,TRADE
NSW1,2010/6/12 18:30,11266.88,64.33,TRADE
NSW1,2010/6/12 19:00,11058.85,56.28,TRADE
NSW1,2010/6/12 19:30,10815.31,44.03,TRADE
NSW1,2010/6/12 20:00,10599.56,39.45,TRADE
NSW1,2010/6/12 20:30,10508.96,52.37,TRADE
NSW1,2010/6/12 21:00,10370.61,42.39,TRADE
NSW1,2010/6/12 21:30,10194.39,40.07,TRADE
NSW1,2010/6/12 22:00,9956.07,50.18,TRADE
NSW1,2010/6/12 22:30,9879.37,54.26,TRADE
NSW1,2010/6/12 23:00,9757.55,47.9,TRADE
NSW1,2010/6/12 23:30,9537.82,36.19,TRADE
NSW1,2010/6/13 0:00,9317.42,35.54,TRADE
NSW1,2010/6/13 0:30,8992.57,31.55,TRADE
NSW1,2010/6/13 1:00,8778.51,27.97,TRADE
NSW1,2010/6/13 1:30,8529.38,30.52,TRADE
NSW1,2010/6/13 2:00,8260.73,25.1,TRADE
NSW1,2010/6/13 2:30,7822.87,21.64,TRADE
NSW1,2010/6/13 3:00,7536.39,21.63,TRADE
NSW1,2010/6/13 3:30,7342.43,21.61,TRADE
NSW1,2010/6/13 4:00,7180.18,19.54,TRADE
NSW1,2010/6/13 4:30,7158.22,15.76,TRADE
NSW1,2010/6/13 5:00,7157.46,16.88,TRADE
NSW1,2010/6/13 5:30,7291.79,17,TRADE
NSW1,2010/6/13 6:00,7376.85,17.49,TRADE
NSW1,2010/6/13 6:30,7607.18,18.99,TRADE
NSW1,2010/6/13 7:00,7883.23,21.29,TRADE
NSW1,2010/6/13 7:30,8185.79,21.73,TRADE
NSW1,2010/6/13 8:00,8797.16,22,TRADE
NSW1,2010/6/13 8:30,9325.42,22.41,TRADE
NSW1,2010/6/13 9:00,9742.77,26.72,TRADE
NSW1,2010/6/13 9:30,9980.07,29.07,TRADE
NSW1,2010/6/13 10:00,9976.7,29.8,TRADE
NSW1,2010/6/13 10:30,9889.33,29.6,TRADE
NSW1,2010/6/13 11:00,9711.31,26.34,TRADE
NSW1,2010/6/13 11:30,9451.5,22.08,TRADE
NSW1,2010/6/13 12:00,9211.73,22,TRADE
NSW1,2010/6/13 12:30,9124.12,22,TRADE
NSW1,2010/6/13 13:00,8987.4,22,TRADE
NSW1,2010/6/13 13:30,8843.19,22,TRADE
NSW1,2010/6/13 14:00,8751.98,22,TRADE
NSW1,2010/6/13 14:30,8665.46,22,TRADE
NSW1,2010/6/13 15:00,8619.57,22,TRADE
NSW1,2010/6/13 15:30,8710.54,22,TRADE
NSW1,2010/6/13 16:00,8855.05,22,TRADE
NSW1,2010/6/13 16:30,9154.11,22.07,TRADE
NSW1,2010/6/13 17:00,9730.52,26.94,TRADE
NSW1,2010/6/13 17:30,10383.33,36.63,TRADE
NSW1,2010/6/13 18:00,10929.07,56.04,TRADE
NSW1,2010/6/13 18:30,10991.36,59.35,TRADE
NSW1,2010/6/13 19:00,10835.76,51.32,TRADE
NSW1,2010/6/13 19:30,10650.45,37.04,TRADE
NSW1,2010/6/13 20:00,10502.61,34.27,TRADE
NSW1,2010/6/13 20:30,10379.02,34.49,TRADE
NSW1,2010/6/13 21:00,10205.51,32.4,TRADE
NSW1,2010/6/13 21:30,9960.23,30.07,TRADE
NSW1,2010/6/13 22:00,9687.8,28.16,TRADE
NSW1,2010/6/13 22:30,9594.93,28.8,TRADE
NSW1,2010/6/13 23:00,9295.16,25.56,TRADE
NSW1,2010/6/13 23:30,9088.11,27.19,TRADE
NSW1,2010/6/14 0:00,8844.58,27.81,TRADE
NSW1,2010/6/14 0:30,8592.76,21.98,TRADE
NSW1,2010/6/14 1:00,8344.71,21.92,TRADE
NSW1,2010/6/14 1:30,8161.74,23.31,TRADE
NSW1,2010/6/14 2:00,7976.72,23.42,TRADE
NSW1,2010/6/14 2:30,7603.08,21.73,TRADE
NSW1,2010/6/14 3:00,7404.89,19.69,TRADE
NSW1,2010/6/14 3:30,7217.51,16.87,TRADE
NSW1,2010/6/14 4:00,7186.93,16.31,TRADE
NSW1,2010/6/14 4:30,7253.39,16.34,TRADE
NSW1,2010/6/14 5:00,7413.33,20.33,TRADE
NSW1,2010/6/14 5:30,7519.66,21.66,TRADE
NSW1,2010/6/14 6:00,7727.36,22,TRADE
NSW1,2010/6/14 6:30,7993.18,21.14,TRADE
NSW1,2010/6/14 7:00,8264.39,24.06,TRADE
NSW1,2010/6/14 7:30,8640.3,21.93,TRADE
NSW1,2010/6/14 8:00,9184.73,22.16,TRADE
NSW1,2010/6/14 8:30,9674.79,25.1,TRADE
NSW1,2010/6/14 9:00,10219.02,33.48,TRADE
NSW1,2010/6/14 9:30,10603.96,47.19,TRADE
NSW1,2010/6/14 10:00,10262.89,42.42,TRADE
NSW1,2010/6/14 10:30,9831.79,28.18,TRADE
NSW1,2010/6/14 11:00,9651.65,23.14,TRADE
NSW1,2010/6/14 11:30,9417.5,22.17,TRADE
NSW1,2010/6/14 12:00,9231.04,22.24,TRADE
NSW1,2010/6/14 12:30,9137.8,22.13,TRADE
NSW1,2010/6/14 13:00,8998.55,21.74,TRADE
NSW1,2010/6/14 13:30,8834,22,TRADE
NSW1,2010/6/14 14:00,8737.82,22,TRADE
NSW1,2010/6/14 14:30,8706.27,22,TRADE
NSW1,2010/6/14 15:00,8652.39,21.7,TRADE
NSW1,2010/6/14 15:30,8699.03,21,TRADE
NSW1,2010/6/14 16:00,8888.13,21.64,TRADE
NSW1,2010/6/14 16:30,9341.66,22,TRADE
NSW1,2010/6/14 17:00,9998.45,26.29,TRADE
NSW1,2010/6/14 17:30,10931.25,39.9,TRADE
NSW1,2010/6/14 18:00,11510.84,67.93,TRADE
NSW1,2010/6/14 18:30,11532.19,83.68,TRADE
NSW1,2010/6/14 19:00,11379.16,64.26,TRADE
NSW1,2010/6/14 19:30,11151.77,50.9,TRADE
NSW1,2010/6/14 20:00,10938.85,39.58,TRADE
NSW1,2010/6/14 20:30,10846.96,41.03,TRADE
NSW1,2010/6/14 21:00,10598.87,34.01,TRADE
NSW1,2010/6/14 21:30,10264.18,30.68,TRADE
NSW1,2010/6/14 22:00,9820.62,28.26,TRADE
NSW1,2010/6/14 22:30,9726.07,29.16,TRADE
NSW1,2010/6/14 23:00,9488.97,24.87,TRADE
NSW1,2010/6/14 23:30,9374.94,24.56,TRADE
NSW1,2010/6/15 0:00,9200.75,23.38,TRADE
NSW1,2010/6/15 0:30,9057.94,22,TRADE
NSW1,2010/6/15 1:00,8928.76,22,TRADE
NSW1,2010/6/15 1:30,8795.72,26.51,TRADE
NSW1,2010/6/15 2:00,8572,22.21,TRADE
NSW1,2010/6/15 2:30,8144.87,21.74,TRADE
NSW1,2010/6/15 3:00,7822.28,21.28,TRADE
NSW1,2010/6/15 3:30,7534.89,16.68,TRADE
NSW1,2010/6/15 4:00,7409.7,16.28,TRADE
NSW1,2010/6/15 4:30,7341.5,12.99,TRADE
NSW1,2010/6/15 5:00,7428.33,17.29,TRADE
NSW1,2010/6/15 5:30,7771.25,20.54,TRADE
NSW1,2010/6/15 6:00,8291.92,22,TRADE
NSW1,2010/6/15 6:30,9241.77,22.67,TRADE
NSW1,2010/6/15 7:00,10227.78,22.33,TRADE
NSW1,2010/6/15 7:30,10782.67,23.6,TRADE
NSW1,2010/6/15 8:00,11236.02,33.04,TRADE
NSW1,2010/6/15 8:30,11245.51,33.92,TRADE
NSW1,2010/6/15 9:00,11055.9,30.99,TRADE
NSW1,2010/6/15 9:30,11010.36,32.24,TRADE
NSW1,2010/6/15 10:00,10898.79,29.95,TRADE
NSW1,2010/6/15 10:30,10774.83,28.43,TRADE
NSW1,2010/6/15 11:00,10637.68,26.37,TRADE
NSW1,2010/6/15 11:30,10421.31,24.43,TRADE
NSW1,2010/6/15 12:00,10319.65,23.67,TRADE
NSW1,2010/6/15 12:30,10123.98,22.01,TRADE
NSW1,2010/6/15 13:00,10045.89,23.18,TRADE
NSW1,2010/6/15 13:30,9958.57,23.16,TRADE
NSW1,2010/6/15 14:00,9881.65,22.63,TRADE
NSW1,2010/6/15 14:30,9859.36,22.17,TRADE
NSW1,2010/6/15 15:00,9786.12,21.95,TRADE
NSW1,2010/6/15 15:30,9738.34,21.94,TRADE
NSW1,2010/6/15 16:00,9893.04,22.01,TRADE
NSW1,2010/6/15 16:30,10110.39,22.16,TRADE
NSW1,2010/6/15 17:00,10637.04,25.2,TRADE
NSW1,2010/6/15 17:30,11471.4,32.49,TRADE
NSW1,2010/6/15 18:00,12095.6,67.68,TRADE
NSW1,2010/6/15 18:30,12043.88,76.5,TRADE
NSW1,2010/6/15 19:00,11993.12,37.63,TRADE
NSW1,2010/6/15 19:30,11777.7,35.63,TRADE
NSW1,2010/6/15 20:00,11563.42,36.78,TRADE
NSW1,2010/6/15 20:30,11393.35,35.65,TRADE
NSW1,2010/6/15 21:00,11151.98,31.81,TRADE
NSW1,2010/6/15 21:30,10793.01,30.08,TRADE
NSW1,2010/6/15 22:00,10482.2,27.01,TRADE
NSW1,2010/6/15 22:30,10325.17,30.25,TRADE
NSW1,2010/6/15 23:00,9950.22,28.87,TRADE
NSW1,2010/6/15 23:30,9740.37,27.22,TRADE
NSW1,2010/6/16 0:00,9527.84,23.78,TRADE
NSW1,2010/6/16 0:30,9307.57,21.98,TRADE
NSW1,2010/6/16 1:00,9028.31,22,TRADE
NSW1,2010/6/16 1:30,8874.99,22.73,TRADE
NSW1,2010/6/16 2:00,8616.8,21.38,TRADE
NSW1,2010/6/16 2:30,8143.93,20.79,TRADE
NSW1,2010/6/16 3:00,7839.02,18.87,TRADE
NSW1,2010/6/16 3:30,7515.05,16.04,TRADE
NSW1,2010/6/16 4:00,7355.96,14.65,TRADE
NSW1,2010/6/16 4:30,7280.3,13.47,TRADE
NSW1,2010/6/16 5:00,7385.56,15.82,TRADE
NSW1,2010/6/16 5:30,7675.56,18.92,TRADE
NSW1,2010/6/16 6:00,8160.37,21.72,TRADE
NSW1,2010/6/16 6:30,9147.51,22.45,TRADE
NSW1,2010/6/16 7:00,10099.43,22.49,TRADE
NSW1,2010/6/16 7:30,10613.75,23.74,TRADE
NSW1,2010/6/16 8:00,11012.96,29.89,TRADE
NSW1,2010/6/16 8:30,11062.58,29.36,TRADE
NSW1,2010/6/16 9:00,10821.27,26.26,TRADE
NSW1,2010/6/16 9:30,10746.67,25.11,TRADE
NSW1,2010/6/16 10:00,10657.82,23.3,TRADE
NSW1,2010/6/16 10:30,10518.72,22.01,TRADE
NSW1,2010/6/16 11:00,10338.17,24.38,TRADE
NSW1,2010/6/16 11:30,10169.32,22.04,TRADE
NSW1,2010/6/16 12:00,9991,22.01,TRADE
NSW1,2010/6/16 12:30,9912.42,22.01,TRADE
NSW1,2010/6/16 13:00,9813.39,21.98,TRADE
NSW1,2010/6/16 13:30,9695.34,22,TRADE
NSW1,2010/6/16 14:00,9639.42,22,TRADE
NSW1,2010/6/16 14:30,9624.07,22.19,TRADE
NSW1,2010/6/16 15:00,9518.8,22,TRADE
NSW1,2010/6/16 15:30,9542.15,22.05,TRADE
NSW1,2010/6/16 16:00,9633.26,22.01,TRADE
NSW1,2010/6/16 16:30,9872.17,22,TRADE
NSW1,2010/6/16 17:00,10309.88,22.23,TRADE
NSW1,2010/6/16 17:30,11104.65,24.09,TRADE
NSW1,2010/6/16 18:00,11616.31,29.74,TRADE
NSW1,2010/6/16 18:30,11600.49,29.47,TRADE
NSW1,2010/6/16 19:00,11492.32,26.63,TRADE
NSW1,2010/6/16 19:30,11303.65,24.35,TRADE
NSW1,2010/6/16 20:00,11142.35,22.71,TRADE
NSW1,2010/6/16 20:30,10905.06,25.21,TRADE
NSW1,2010/6/16 21:00,10691.46,22.18,TRADE
NSW1,2010/6/16 21:30,10447.09,22.01,TRADE
NSW1,2010/6/16 22:00,9999.54,22,TRADE
NSW1,2010/6/16 22:30,9912.26,22.25,TRADE
NSW1,2010/6/16 23:00,9559.41,21.72,TRADE
NSW1,2010/6/16 23:30,9320.56,21.61,TRADE
NSW1,2010/6/17 0:00,9097.3,21.39,TRADE
NSW1,2010/6/17 0:30,8812.55,19.73,TRADE
NSW1,2010/6/17 1:00,8606.43,21.03,TRADE
NSW1,2010/6/17 1:30,8423.59,22.41,TRADE
NSW1,2010/6/17 2:00,8111.2,19.36,TRADE
NSW1,2010/6/17 2:30,7695.63,16.58,TRADE
NSW1,2010/6/17 3:00,7377.39,14.05,TRADE
NSW1,2010/6/17 3:30,7110.35,13.43,TRADE
NSW1,2010/6/17 4:00,6976.45,11.28,TRADE
NSW1,2010/6/17 4:30,6907.91,10.13,TRADE
NSW1,2010/6/17 5:00,6974.07,10.87,TRADE
NSW1,2010/6/17 5:30,7303.46,15.7,TRADE
NSW1,2010/6/17 6:00,7748.17,18.71,TRADE
NSW1,2010/6/17 6:30,8622.84,21.75,TRADE
NSW1,2010/6/17 7:00,9484.29,21.99,TRADE
NSW1,2010/6/17 7:30,9999.4,22.36,TRADE
NSW1,2010/6/17 8:00,10534.38,24.31,TRADE
NSW1,2010/6/17 8:30,10695.86,24.14,TRADE
NSW1,2010/6/17 9:00,10636.1,23.53,TRADE
NSW1,2010/6/17 9:30,10761.7,23.5,TRADE
NSW1,2010/6/17 10:00,10732.99,23.75,TRADE
NSW1,2010/6/17 10:30,10741.7,24.56,TRADE
NSW1,2010/6/17 11:00,10656.65,27.07,TRADE
NSW1,2010/6/17 11:30,10530.73,23.82,TRADE
NSW1,2010/6/17 12:00,10469.92,23.75,TRADE
NSW1,2010/6/17 12:30,10470.5,23.8,TRADE
NSW1,2010/6/17 13:00,10428.18,23.62,TRADE
NSW1,2010/6/17 13:30,10340.56,23.58,TRADE
NSW1,2010/6/17 14:00,10305.17,23.53,TRADE
NSW1,2010/6/17 14:30,10270.14,23.5,TRADE
NSW1,2010/6/17 15:00,10118.87,23.22,TRADE
NSW1,2010/6/17 15:30,10042.14,22.78,TRADE
NSW1,2010/6/17 16:00,10149.03,22.69,TRADE
NSW1,2010/6/17 16:30,10318.03,22,TRADE
NSW1,2010/6/17 17:00,10709.62,22.24,TRADE
NSW1,2010/6/17 17:30,11310.78,24.3,TRADE
NSW1,2010/6/17 18:00,11839.86,32.31,TRADE
NSW1,2010/6/17 18:30,11811.16,31.72,TRADE
NSW1,2010/6/17 19:00,11817.34,30.35,TRADE
NSW1,2010/6/17 19:30,11596.24,26.98,TRADE
NSW1,2010/6/17 20:00,11401,26.43,TRADE
NSW1,2010/6/17 20:30,11165.53,27.41,TRADE
NSW1,2010/6/17 21:00,10955.68,25.83,TRADE
NSW1,2010/6/17 21:30,10599.79,22.26,TRADE
NSW1,2010/6/17 22:00,10221.03,21.97,TRADE
NSW1,2010/6/17 22:30,10082.09,23.78,TRADE
NSW1,2010/6/17 23:00,9849.83,21.73,TRADE
NSW1,2010/6/17 23:30,9551.92,22.79,TRADE
NSW1,2010/6/18 0:00,9351.75,22.2,TRADE
NSW1,2010/6/18 0:30,9085,22,TRADE
NSW1,2010/6/18 1:00,8839.39,22,TRADE
NSW1,2010/6/18 1:30,8649.02,23.2,TRADE
NSW1,2010/6/18 2:00,8405.21,21.75,TRADE
NSW1,2010/6/18 2:30,7963.38,21.47,TRADE
NSW1,2010/6/18 3:00,7643.39,19.56,TRADE
NSW1,2010/6/18 3:30,7323.43,16.47,TRADE
NSW1,2010/6/18 4:00,7222.85,15.86,TRADE
NSW1,2010/6/18 4:30,7196.57,14.99,TRADE
NSW1,2010/6/18 5:00,7287.51,16.7,TRADE
NSW1,2010/6/18 5:30,7663.01,21.13,TRADE
NSW1,2010/6/18 6:00,8104.9,21.82,TRADE
NSW1,2010/6/18 6:30,8981.9,21.96,TRADE
NSW1,2010/6/18 7:00,9907.32,22.68,TRADE
NSW1,2010/6/18 7:30,10437.36,22.82,TRADE
NSW1,2010/6/18 8:00,10860.89,25.41,TRADE
NSW1,2010/6/18 8:30,10914.97,28.69,TRADE
NSW1,2010/6/18 9:00,10711.44,24.3,TRADE
NSW1,2010/6/18 9:30,10620.53,23.42,TRADE
NSW1,2010/6/18 10:00,10530.99,23.41,TRADE
NSW1,2010/6/18 10:30,10394.07,23.63,TRADE
NSW1,2010/6/18 11:00,10210.68,23.37,TRADE
NSW1,2010/6/18 11:30,10082.13,23.24,TRADE
NSW1,2010/6/18 12:00,9935.28,22.55,TRADE
NSW1,2010/6/18 12:30,9753.26,22,TRADE
NSW1,2010/6/18 13:00,9723.46,22,TRADE
NSW1,2010/6/18 13:30,9609.49,22,TRADE
NSW1,2010/6/18 14:00,9598.93,21.92,TRADE
NSW1,2010/6/18 14:30,9480.48,22,TRADE
NSW1,2010/6/18 15:00,9272.23,21.97,TRADE
NSW1,2010/6/18 15:30,9344.31,22.05,TRADE
NSW1,2010/6/18 16:00,9524.14,22.06,TRADE
NSW1,2010/6/18 16:30,9741.13,22.43,TRADE
NSW1,2010/6/18 17:00,10221.98,22.96,TRADE
NSW1,2010/6/18 17:30,11004.68,24.87,TRADE
NSW1,2010/6/18 18:00,11467.55,27.09,TRADE
NSW1,2010/6/18 18:30,11528.12,26.26,TRADE
NSW1,2010/6/18 19:00,11413.81,24.36,TRADE
NSW1,2010/6/18 19:30,11145.96,22.79,TRADE
NSW1,2010/6/18 20:00,11008.88,22.62,TRADE
NSW1,2010/6/18 20:30,10883.39,22.77,TRADE
NSW1,2010/6/18 21:00,10741.96,22.25,TRADE
NSW1,2010/6/18 21:30,10455.06,21.91,TRADE
NSW1,2010/6/18 22:00,10140.43,21.92,TRADE
NSW1,2010/6/18 22:30,10200.51,25.46,TRADE
NSW1,2010/6/18 23:00,10075.74,22,TRADE
NSW1,2010/6/18 23:30,9880.2,22.63,TRADE
NSW1,2010/6/19 0:00,9617.74,21.63,TRADE
NSW1,2010/6/19 0:30,9307.45,21.92,TRADE
NSW1,2010/6/19 1:00,9072.23,22,TRADE
NSW1,2010/6/19 1:30,8811.82,22.67,TRADE
NSW1,2010/6/19 2:00,8472.61,22.25,TRADE
NSW1,2010/6/19 2:30,8042.06,21.01,TRADE
NSW1,2010/6/19 3:00,7679.87,18.32,TRADE
NSW1,2010/6/19 3:30,7378.89,15.24,TRADE
NSW1,2010/6/19 4:00,7133.74,12.32,TRADE
NSW1,2010/6/19 4:30,7111.88,11.42,TRADE
NSW1,2010/6/19 5:00,7078.45,11.18,TRADE
NSW1,2010/6/19 5:30,7160.92,13.78,TRADE
NSW1,2010/6/19 6:00,7396.02,17.32,TRADE
NSW1,2010/6/19 6:30,7668.12,20.84,TRADE
NSW1,2010/6/19 7:00,8042.54,21.6,TRADE
NSW1,2010/6/19 7:30,8522.92,21.91,TRADE
NSW1,2010/6/19 8:00,9163.84,21.92,TRADE
NSW1,2010/6/19 8:30,9717.91,22,TRADE
NSW1,2010/6/19 9:00,9972.85,22,TRADE
NSW1,2010/6/19 9:30,10168.14,27.08,TRADE
NSW1,2010/6/19 10:00,10047.12,22.33,TRADE
NSW1,2010/6/19 10:30,9969.32,22,TRADE
NSW1,2010/6/19 11:00,9717.33,22,TRADE
NSW1,2010/6/19 11:30,9535.69,22,TRADE
NSW1,2010/6/19 12:00,9297.26,21.83,TRADE
NSW1,2010/6/19 12:30,9128.37,22,TRADE
NSW1,2010/6/19 13:00,8982.4,21.92,TRADE
NSW1,2010/6/19 13:30,8871.31,22,TRADE
NSW1,2010/6/19 14:00,8764.88,21.92,TRADE
NSW1,2010/6/19 14:30,8689.84,22.43,TRADE
NSW1,2010/6/19 15:00,8670.43,22,TRADE
NSW1,2010/6/19 15:30,8679.21,22.47,TRADE
NSW1,2010/6/19 16:00,8864.12,22.88,TRADE
NSW1,2010/6/19 16:30,9162.72,23.66,TRADE
NSW1,2010/6/19 17:00,9635.83,27.04,TRADE
NSW1,2010/6/19 17:30,10313.12,38.11,TRADE
NSW1,2010/6/19 18:00,10831.63,43.56,TRADE
NSW1,2010/6/19 18:30,10864.03,40.62,TRADE
NSW1,2010/6/19 19:00,10640.34,34.82,TRADE
NSW1,2010/6/19 19:30,10433.86,28.13,TRADE
NSW1,2010/6/19 20:00,10251.76,26.48,TRADE
NSW1,2010/6/19 20:30,10095.22,22.37,TRADE
NSW1,2010/6/19 21:00,9928.64,21.87,TRADE
NSW1,2010/6/19 21:30,9678.92,21.97,TRADE
NSW1,2010/6/19 22:00,9466.71,21.83,TRADE
NSW1,2010/6/19 22:30,9482.51,22.36,TRADE
NSW1,2010/6/19 23:00,9403.91,21.83,TRADE
NSW1,2010/6/19 23:30,9232.29,23.02,TRADE
NSW1,2010/6/20 0:00,9090.6,22.84,TRADE
NSW1,2010/6/20 0:30,8820.09,21.79,TRADE
NSW1,2010/6/20 1:00,8590.46,21.86,TRADE
NSW1,2010/6/20 1:30,8375.5,23.15,TRADE
NSW1,2010/6/20 2:00,8098.73,21.83,TRADE
NSW1,2010/6/20 2:30,7604.19,20.61,TRADE
NSW1,2010/6/20 3:00,7267.93,17.98,TRADE
NSW1,2010/6/20 3:30,7038.66,15.24,TRADE
NSW1,2010/6/20 4:00,6873.19,13.7,TRADE
NSW1,2010/6/20 4:30,6811.31,14.98,TRADE
NSW1,2010/6/20 5:00,6801.29,14.09,TRADE
NSW1,2010/6/20 5:30,6892.54,15.62,TRADE
NSW1,2010/6/20 6:00,6990.27,16.85,TRADE
NSW1,2010/6/20 6:30,7271.93,15.89,TRADE
NSW1,2010/6/20 7:00,7494.57,16.43,TRADE
NSW1,2010/6/20 7:30,7863.03,20.16,TRADE
NSW1,2010/6/20 8:00,8414.46,21.57,TRADE
NSW1,2010/6/20 8:30,8893.07,22,TRADE
NSW1,2010/6/20 9:00,9254.66,22.06,TRADE
NSW1,2010/6/20 9:30,9423.65,22,TRADE
NSW1,2010/6/20 10:00,9501.79,21.92,TRADE
NSW1,2010/6/20 10:30,9440.65,22.67,TRADE
NSW1,2010/6/20 11:00,9285.88,22,TRADE
NSW1,2010/6/20 11:30,9103.64,21.92,TRADE
NSW1,2010/6/20 12:00,8956.72,21.83,TRADE
NSW1,2010/6/20 12:30,8870.56,22,TRADE
NSW1,2010/6/20 13:00,8700.03,21.94,TRADE
NSW1,2010/6/20 13:30,8581.34,21.94,TRADE
NSW1,2010/6/20 14:00,8493.7,21.36,TRADE
NSW1,2010/6/20 14:30,8418.48,21.29,TRADE
NSW1,2010/6/20 15:00,8356.44,21.31,TRADE
NSW1,2010/6/20 15:30,8401.51,21.67,TRADE
NSW1,2010/6/20 16:00,8543.81,21.67,TRADE
NSW1,2010/6/20 16:30,8816.05,21.91,TRADE
NSW1,2010/6/20 17:00,9366.65,22.68,TRADE
NSW1,2010/6/20 17:30,10162.74,33.49,TRADE
NSW1,2010/6/20 18:00,10728.85,49.22,TRADE
NSW1,2010/6/20 18:30,10903.94,62.65,TRADE
NSW1,2010/6/20 19:00,10813.17,55.77,TRADE
NSW1,2010/6/20 19:30,10633.51,42.01,TRADE
NSW1,2010/6/20 20:00,10515.26,36.89,TRADE
NSW1,2010/6/20 20:30,10391.88,34.27,TRADE
NSW1,2010/6/20 21:00,10262.37,33.93,TRADE
NSW1,2010/6/20 21:30,9917.71,29.14,TRADE
NSW1,2010/6/20 22:00,9671.39,26.89,TRADE
NSW1,2010/6/20 22:30,9453,23.01,TRADE
NSW1,2010/6/20 23:00,9127.99,21.66,TRADE
NSW1,2010/6/20 23:30,8868.59,22.35,TRADE
NSW1,2010/6/21 0:00,8607.07,21.8,TRADE
NSW1,2010/6/21 0:30,8384.34,22.05,TRADE
NSW1,2010/6/21 1:00,8130.81,22,TRADE
NSW1,2010/6/21 1:30,8024.64,23.97,TRADE
NSW1,2010/6/21 2:00,7829.1,22.64,TRADE
NSW1,2010/6/21 2:30,7498.33,21.83,TRADE
NSW1,2010/6/21 3:00,7319.79,22,TRADE
NSW1,2010/6/21 3:30,7140.87,21.67,TRADE
NSW1,2010/6/21 4:00,7077.34,18.81,TRADE
NSW1,2010/6/21 4:30,7093.02,18.33,TRADE
NSW1,2010/6/21 5:00,7202.09,19.61,TRADE
NSW1,2010/6/21 5:30,7583.21,22,TRADE
NSW1,2010/6/21 6:00,8063.03,21.89,TRADE
NSW1,2010/6/21 6:30,8997.01,23.48,TRADE
NSW1,2010/6/21 7:00,9887.08,27.04,TRADE
NSW1,2010/6/21 7:30,10457.25,32.27,TRADE
NSW1,2010/6/21 8:00,10871.32,40.09,TRADE
NSW1,2010/6/21 8:30,11006.09,47.51,TRADE
NSW1,2010/6/21 9:00,10845.96,32.37,TRADE
NSW1,2010/6/21 9:30,10828.56,22.49,TRADE
NSW1,2010/6/21 10:00,10785.94,28.93,TRADE
NSW1,2010/6/21 10:30,10667.8,26.7,TRADE
NSW1,2010/6/21 11:00,10605.91,22.33,TRADE
NSW1,2010/6/21 11:30,10436.75,22.01,TRADE
NSW1,2010/6/21 12:00,10358.13,22.41,TRADE
NSW1,2010/6/21 12:30,10318.96,26.6,TRADE
NSW1,2010/6/21 13:00,10277.41,35.5,TRADE
NSW1,2010/6/21 13:30,10183,33.6,TRADE
NSW1,2010/6/21 14:00,10152.54,33.6,TRADE
NSW1,2010/6/21 14:30,10121.87,31.55,TRADE
NSW1,2010/6/21 15:00,10013.29,29.94,TRADE
NSW1,2010/6/21 15:30,9977.73,30.14,TRADE
NSW1,2010/6/21 16:00,10083.85,31.79,TRADE
NSW1,2010/6/21 16:30,10321.98,31.25,TRADE
NSW1,2010/6/21 17:00,10828.25,32.33,TRADE
NSW1,2010/6/21 17:30,11535.65,38.4,TRADE
NSW1,2010/6/21 18:00,12119.29,92.89,TRADE
NSW1,2010/6/21 18:30,11997.82,91.61,TRADE
NSW1,2010/6/21 19:00,11866.84,72.51,TRADE
NSW1,2010/6/21 19:30,11589.35,35.79,TRADE
NSW1,2010/6/21 20:00,11293.82,36.2,TRADE
NSW1,2010/6/21 20:30,11075.58,44.59,TRADE
NSW1,2010/6/21 21:00,10855.1,40.08,TRADE
NSW1,2010/6/21 21:30,10534.44,38.22,TRADE
NSW1,2010/6/21 22:00,10145.88,31.53,TRADE
NSW1,2010/6/21 22:30,10080.04,39.22,TRADE
NSW1,2010/6/21 23:00,9830.49,35.47,TRADE
NSW1,2010/6/21 23:30,9607.52,33.54,TRADE
NSW1,2010/6/22 0:00,9413.58,28.25,TRADE
NSW1,2010/6/22 0:30,9222.71,24.73,TRADE
NSW1,2010/6/22 1:00,9034.58,25.04,TRADE
NSW1,2010/6/22 1:30,8806.11,32.31,TRADE
NSW1,2010/6/22 2:00,8567.01,27.51,TRADE
NSW1,2010/6/22 2:30,8171.51,21.92,TRADE
NSW1,2010/6/22 3:00,7770.68,21.82,TRADE
NSW1,2010/6/22 3:30,7507.98,21.92,TRADE
NSW1,2010/6/22 4:00,7336.87,22,TRADE
NSW1,2010/6/22 4:30,7293.54,21.06,TRADE
NSW1,2010/6/22 5:00,7402.72,21.74,TRADE
NSW1,2010/6/22 5:30,7717.32,22.67,TRADE
NSW1,2010/6/22 6:00,8082.31,22.3,TRADE
NSW1,2010/6/22 6:30,8973.1,23.39,TRADE
NSW1,2010/6/22 7:00,9781.31,25.42,TRADE
NSW1,2010/6/22 7:30,10197.82,27.6,TRADE
NSW1,2010/6/22 8:00,10632.16,35.95,TRADE
NSW1,2010/6/22 8:30,10655.32,36.77,TRADE
NSW1,2010/6/22 9:00,10526.7,35.72,TRADE
NSW1,2010/6/22 9:30,10537.48,35.43,TRADE
NSW1,2010/6/22 10:00,10440.61,34.51,TRADE
NSW1,2010/6/22 10:30,10409.4,35.2,TRADE
NSW1,2010/6/22 11:00,10383.05,35.62,TRADE
NSW1,2010/6/22 11:30,10239.33,34.76,TRADE
NSW1,2010/6/22 12:00,10181.17,33.18,TRADE
NSW1,2010/6/22 12:30,10122.69,32.09,TRADE
NSW1,2010/6/22 13:00,10074.99,32.27,TRADE
NSW1,2010/6/22 13:30,10041.09,33.27,TRADE
NSW1,2010/6/22 14:00,10027.18,34.42,TRADE
NSW1,2010/6/22 14:30,10001.85,32.79,TRADE
NSW1,2010/6/22 15:00,9962.61,31.46,TRADE
NSW1,2010/6/22 15:30,9941.48,31.13,TRADE
NSW1,2010/6/22 16:00,10118.11,31.33,TRADE
NSW1,2010/6/22 16:30,10374.33,30.28,TRADE
NSW1,2010/6/22 17:00,10848.72,29.68,TRADE
NSW1,2010/6/22 17:30,11565.82,35.52,TRADE
NSW1,2010/6/22 18:00,11953.04,65.39,TRADE
NSW1,2010/6/22 18:30,11903.38,57.01,TRADE
NSW1,2010/6/22 19:00,11684.92,41.12,TRADE
NSW1,2010/6/22 19:30,11396.65,32.55,TRADE
NSW1,2010/6/22 20:00,11187.14,30.67,TRADE
NSW1,2010/6/22 20:30,10950.46,32.97,TRADE
NSW1,2010/6/22 21:00,10758.95,29.09,TRADE
NSW1,2010/6/22 21:30,10414.06,31.04,TRADE
NSW1,2010/6/22 22:00,10007.41,24.7,TRADE
NSW1,2010/6/22 22:30,9965.8,30.15,TRADE
NSW1,2010/6/22 23:00,9775.48,28.98,TRADE
NSW1,2010/6/22 23:30,9535.88,24.78,TRADE
NSW1,2010/6/23 0:00,9269.33,24.37,TRADE
NSW1,2010/6/23 0:30,9104.7,22.27,TRADE
NSW1,2010/6/23 1:00,8852.36,22,TRADE
NSW1,2010/6/23 1:30,8721.3,30.4,TRADE
NSW1,2010/6/23 2:00,8414.41,24.63,TRADE
NSW1,2010/6/23 2:30,7976.23,21.53,TRADE
NSW1,2010/6/23 3:00,7650.89,18.58,TRADE
NSW1,2010/6/23 3:30,7305.47,16.29,TRADE
NSW1,2010/6/23 4:00,7159.7,15.64,TRADE
NSW1,2010/6/23 4:30,7120.52,14.39,TRADE
NSW1,2010/6/23 5:00,7193.21,16.41,TRADE
NSW1,2010/6/23 5:30,7508.25,20.82,TRADE
NSW1,2010/6/23 6:00,7944.17,21.92,TRADE
NSW1,2010/6/23 6:30,8852.07,24.96,TRADE
NSW1,2010/6/23 7:00,9710.84,25.67,TRADE
NSW1,2010/6/23 7:30,10164.63,29.77,TRADE
NSW1,2010/6/23 8:00,10547.84,36.93,TRADE
NSW1,2010/6/23 8:30,10617.77,34.6,TRADE
NSW1,2010/6/23 9:00,10521.38,30.07,TRADE
NSW1,2010/6/23 9:30,10537.29,30.34,TRADE
NSW1,2010/6/23 10:00,10451.08,22.49,TRADE
NSW1,2010/6/23 10:30,10387.82,27.86,TRADE
NSW1,2010/6/23 11:00,10371.94,28.93,TRADE
NSW1,2010/6/23 11:30,10249.68,29.08,TRADE
NSW1,2010/6/23 12:00,10169.57,28.52,TRADE
NSW1,2010/6/23 12:30,10145.51,30.21,TRADE
NSW1,2010/6/23 13:00,10069.75,29.34,TRADE
NSW1,2010/6/23 13:30,10078.09,29.71,TRADE
NSW1,2010/6/23 14:00,10069.11,28.44,TRADE
NSW1,2010/6/23 14:30,10051.52,22.1,TRADE
NSW1,2010/6/23 15:00,9983.5,22,TRADE
NSW1,2010/6/23 15:30,9956.61,22.01,TRADE
NSW1,2010/6/23 16:00,10152.56,22.01,TRADE
NSW1,2010/6/23 16:30,10443.74,22.01,TRADE
NSW1,2010/6/23 17:00,10892.44,29.26,TRADE
NSW1,2010/6/23 17:30,11431.2,31.28,TRADE
NSW1,2010/6/23 18:00,11786.99,52.1,TRADE
NSW1,2010/6/23 18:30,11703.09,45.08,TRADE
NSW1,2010/6/23 19:00,11531.4,34.02,TRADE
NSW1,2010/6/23 19:30,11228.57,29.7,TRADE
NSW1,2010/6/23 20:00,11024.3,27.42,TRADE
NSW1,2010/6/23 20:30,10798.57,29.06,TRADE
NSW1,2010/6/23 21:00,10607.94,27.05,TRADE
NSW1,2010/6/23 21:30,10320.34,26.44,TRADE
NSW1,2010/6/23 22:00,9984.19,22.64,TRADE
NSW1,2010/6/23 22:30,9960.49,26.08,TRADE
NSW1,2010/6/23 23:00,9675.59,22.97,TRADE
NSW1,2010/6/23 23:30,9471.45,23.99,TRADE
NSW1,2010/6/24 0:00,9264.33,23,TRADE
NSW1,2010/6/24 0:30,8993.1,21.68,TRADE
NSW1,2010/6/24 1:00,8815.01,22,TRADE
NSW1,2010/6/24 1:30,8617.46,22.48,TRADE
NSW1,2010/6/24 2:00,8340.8,22,TRADE
NSW1,2010/6/24 2:30,7906.08,18.84,TRADE
NSW1,2010/6/24 3:00,7616.96,17.04,TRADE
NSW1,2010/6/24 3:30,7338.99,17.28,TRADE
NSW1,2010/6/24 4:00,7219.1,16.56,TRADE
NSW1,2010/6/24 4:30,7210.49,16.05,TRADE
NSW1,2010/6/24 5:00,7365.4,17.37,TRADE
NSW1,2010/6/24 5:30,7656.8,19.86,TRADE
NSW1,2010/6/24 6:00,8122.03,21.83,TRADE
NSW1,2010/6/24 6:30,8873.95,22,TRADE
NSW1,2010/6/24 7:00,9745.92,22.8,TRADE
NSW1,2010/6/24 7:30,10230.27,22.41,TRADE
NSW1,2010/6/24 8:00,10550.18,24,TRADE
NSW1,2010/6/24 8:30,10630.48,25.75,TRADE
NSW1,2010/6/24 9:00,10511.74,22.58,TRADE
NSW1,2010/6/24 9:30,10538.53,26.46,TRADE
NSW1,2010/6/24 10:00,10403.58,24.22,TRADE
NSW1,2010/6/24 10:30,10289.2,21.56,TRADE
NSW1,2010/6/24 11:00,10170.55,21.92,TRADE
NSW1,2010/6/24 11:30,9923.81,22.51,TRADE
NSW1,2010/6/24 12:00,9716.26,22.61,TRADE
NSW1,2010/6/24 12:30,9726.9,22.4,TRADE
NSW1,2010/6/24 13:00,9774.67,22.42,TRADE
NSW1,2010/6/24 13:30,9686.72,22.7,TRADE
NSW1,2010/6/24 14:00,9650,22.52,TRADE
NSW1,2010/6/24 14:30,9585.3,22.24,TRADE
NSW1,2010/6/24 15:00,9527.05,22.01,TRADE
NSW1,2010/6/24 15:30,9520.12,22.03,TRADE
NSW1,2010/6/24 16:00,9576.27,22.01,TRADE
NSW1,2010/6/24 16:30,9793.85,22.01,TRADE
NSW1,2010/6/24 17:00,10131.37,20.59,TRADE
NSW1,2010/6/24 17:30,10775.36,23.57,TRADE
NSW1,2010/6/24 18:00,11362,27.96,TRADE
NSW1,2010/6/24 18:30,11346.2,25.22,TRADE
NSW1,2010/6/24 19:00,11279.46,25.78,TRADE
NSW1,2010/6/24 19:30,11070.81,23.11,TRADE
NSW1,2010/6/24 20:00,10930.74,26.07,TRADE
NSW1,2010/6/24 20:30,10821.13,28.42,TRADE
NSW1,2010/6/24 21:00,10645.3,25.14,TRADE
NSW1,2010/6/24 21:30,10290.29,22.17,TRADE
NSW1,2010/6/24 22:00,9915.33,21.84,TRADE
NSW1,2010/6/24 22:30,9881.01,22.8,TRADE
NSW1,2010/6/24 23:00,9573.51,21.97,TRADE
NSW1,2010/6/24 23:30,9406.88,23.11,TRADE
NSW1,2010/6/25 0:00,9234.25,22.47,TRADE
NSW1,2010/6/25 0:30,9012.56,21.81,TRADE
NSW1,2010/6/25 1:00,8755.82,20.12,TRADE
NSW1,2010/6/25 1:30,8559.47,22,TRADE
NSW1,2010/6/25 2:00,8286.58,20.76,TRADE
NSW1,2010/6/25 2:30,7917.72,16.84,TRADE
NSW1,2010/6/25 3:00,7530.38,14.38,TRADE
NSW1,2010/6/25 3:30,7269.76,12.95,TRADE
NSW1,2010/6/25 4:00,7181.33,12.38,TRADE
NSW1,2010/6/25 4:30,7077.08,10.78,TRADE
NSW1,2010/6/25 5:00,7187.21,10.44,TRADE
NSW1,2010/6/25 5:30,7550.96,15.32,TRADE
NSW1,2010/6/25 6:00,7944.11,18.68,TRADE
NSW1,2010/6/25 6:30,8691.44,20.92,TRADE
NSW1,2010/6/25 7:00,9498.94,21.89,TRADE
NSW1,2010/6/25 7:30,9936.63,22.01,TRADE
NSW1,2010/6/25 8:00,10433.6,22.03,TRADE
NSW1,2010/6/25 8:30,10520.09,22.04,TRADE
NSW1,2010/6/25 9:00,10402.72,22.01,TRADE
NSW1,2010/6/25 9:30,10419.64,22.01,TRADE
NSW1,2010/6/25 10:00,10369.77,22.01,TRADE
NSW1,2010/6/25 10:30,10309.79,22.01,TRADE
NSW1,2010/6/25 11:00,10208.71,22.1,TRADE
NSW1,2010/6/25 11:30,10055.9,22.02,TRADE
NSW1,2010/6/25 12:00,9855.19,22.01,TRADE
NSW1,2010/6/25 12:30,9734.16,22,TRADE
NSW1,2010/6/25 13:00,9783.03,22.01,TRADE
NSW1,2010/6/25 13:30,9705.98,21.99,TRADE
NSW1,2010/6/25 14:00,9595.2,22,TRADE
NSW1,2010/6/25 14:30,9471.46,21.92,TRADE
NSW1,2010/6/25 15:00,9427.42,22,TRADE
NSW1,2010/6/25 15:30,9344.62,21.92,TRADE
NSW1,2010/6/25 16:00,9447.51,22,TRADE
NSW1,2010/6/25 16:30,9684.97,22,TRADE
NSW1,2010/6/25 17:00,10090.38,21.85,TRADE
NSW1,2010/6/25 17:30,10657,22.64,TRADE
NSW1,2010/6/25 18:00,11018.5,28.01,TRADE
NSW1,2010/6/25 18:30,10933.63,28.65,TRADE
NSW1,2010/6/25 19:00,10759.51,26.05,TRADE
NSW1,2010/6/25 19:30,10441.31,25.37,TRADE
NSW1,2010/6/25 20:00,10297.48,27.59,TRADE
NSW1,2010/6/25 20:30,10124.94,29.93,TRADE
NSW1,2010/6/25 21:00,9960.41,29.91,TRADE
NSW1,2010/6/25 21:30,9649.89,30.87,TRADE
NSW1,2010/6/25 22:00,9388.13,26.81,TRADE
NSW1,2010/6/25 22:30,9479.75,35.88,TRADE
NSW1,2010/6/25 23:00,9278.73,33.03,TRADE
NSW1,2010/6/25 23:30,9190.06,34.63,TRADE
NSW1,2010/6/26 0:00,9004.37,29.59,TRADE
NSW1,2010/6/26 0:30,8838.79,27.36,TRADE
NSW1,2010/6/26 1:00,8678.6,24.44,TRADE
NSW1,2010/6/26 1:30,8509.39,31.45,TRADE
NSW1,2010/6/26 2:00,8144.75,24.3,TRADE
NSW1,2010/6/26 2:30,7688.16,21.92,TRADE
NSW1,2010/6/26 3:00,7307.24,22,TRADE
NSW1,2010/6/26 3:30,7025.21,22,TRADE
NSW1,2010/6/26 4:00,6958.73,21.67,TRADE
NSW1,2010/6/26 4:30,6804.09,18.33,TRADE
NSW1,2010/6/26 5:00,6779.32,19.17,TRADE
NSW1,2010/6/26 5:30,6892.2,20.51,TRADE
NSW1,2010/6/26 6:00,7030.19,20.75,TRADE
NSW1,2010/6/26 6:30,7292.99,21.66,TRADE
NSW1,2010/6/26 7:00,7593.29,21.89,TRADE
NSW1,2010/6/26 7:30,7965.65,22.04,TRADE
NSW1,2010/6/26 8:00,8475.59,22.1,TRADE
NSW1,2010/6/26 8:30,8962.59,24.4,TRADE
NSW1,2010/6/26 9:00,9325.1,30,TRADE
NSW1,2010/6/26 9:30,9653.58,38.33,TRADE
NSW1,2010/6/26 10:00,9599.4,36.24,TRADE
NSW1,2010/6/26 10:30,9695,37.56,TRADE
NSW1,2010/6/26 11:00,9617.7,39.62,TRADE
NSW1,2010/6/26 11:30,9509.61,39.84,TRADE
NSW1,2010/6/26 12:00,9424.17,38.13,TRADE
NSW1,2010/6/26 12:30,9327.12,33.37,TRADE
NSW1,2010/6/26 13:00,9162.27,29.6,TRADE
NSW1,2010/6/26 13:30,9010.26,28.9,TRADE
NSW1,2010/6/26 14:00,8874.98,28.92,TRADE
NSW1,2010/6/26 14:30,8752.38,28.54,TRADE
NSW1,2010/6/26 15:00,8677.48,25.39,TRADE
NSW1,2010/6/26 15:30,8729.44,24.96,TRADE
NSW1,2010/6/26 16:00,8862.87,27.35,TRADE
NSW1,2010/6/26 16:30,8988.88,28.72,TRADE
NSW1,2010/6/26 17:00,9423.19,35.6,TRADE
NSW1,2010/6/26 17:30,10011.64,49.66,TRADE
NSW1,2010/6/26 18:00,10559.52,62.67,TRADE
NSW1,2010/6/26 18:30,10593.48,87.96,TRADE
NSW1,2010/6/26 19:00,10360.54,57.86,TRADE
NSW1,2010/6/26 19:30,10187.01,50.7,TRADE
NSW1,2010/6/26 20:00,9937.75,48.18,TRADE
NSW1,2010/6/26 20:30,9851.66,51.25,TRADE
NSW1,2010/6/26 21:00,9745.99,40.53,TRADE
NSW1,2010/6/26 21:30,9573.83,37.23,TRADE
NSW1,2010/6/26 22:00,9443.08,35.56,TRADE
NSW1,2010/6/26 22:30,9446.2,38.88,TRADE
NSW1,2010/6/26 23:00,9336.01,34.62,TRADE
NSW1,2010/6/26 23:30,9217.41,36.65,TRADE
NSW1,2010/6/27 0:00,8988.11,34.36,TRADE
NSW1,2010/6/27 0:30,8647.58,31.4,TRADE
NSW1,2010/6/27 1:00,8288.85,28.36,TRADE
NSW1,2010/6/27 1:30,8106.32,29.88,TRADE
NSW1,2010/6/27 2:00,7946.97,28.02,TRADE
NSW1,2010/6/27 2:30,7576.55,25.67,TRADE
NSW1,2010/6/27 3:00,7347.19,23.91,TRADE
NSW1,2010/6/27 3:30,7159.88,22,TRADE
NSW1,2010/6/27 4:00,7058.97,22,TRADE
NSW1,2010/6/27 4:30,6968.91,22,TRADE
NSW1,2010/6/27 5:00,7007.03,22,TRADE
NSW1,2010/6/27 5:30,7091.29,22,TRADE
NSW1,2010/6/27 6:00,7206.89,22,TRADE
NSW1,2010/6/27 6:30,7415.07,21.75,TRADE
NSW1,2010/6/27 7:00,7716.39,21.83,TRADE
NSW1,2010/6/27 7:30,8008.63,22,TRADE
NSW1,2010/6/27 8:00,8656.3,22.19,TRADE
NSW1,2010/6/27 8:30,9210.48,26.24,TRADE
NSW1,2010/6/27 9:00,9628.12,30.3,TRADE
NSW1,2010/6/27 9:30,9859.58,36.7,TRADE
NSW1,2010/6/27 10:00,9874.06,35.74,TRADE
NSW1,2010/6/27 10:30,9840.11,34.6,TRADE
NSW1,2010/6/27 11:00,9616.41,31.22,TRADE
NSW1,2010/6/27 11:30,9485.58,29.32,TRADE
NSW1,2010/6/27 12:00,9234.63,26.17,TRADE
NSW1,2010/6/27 12:30,9205.9,26.76,TRADE
NSW1,2010/6/27 13:00,9077.06,25.43,TRADE
NSW1,2010/6/27 13:30,9022.58,27.15,TRADE
NSW1,2010/6/27 14:00,8941.17,23.96,TRADE
NSW1,2010/6/27 14:30,8941.84,22.84,TRADE
NSW1,2010/6/27 15:00,8946.19,22.24,TRADE
NSW1,2010/6/27 15:30,9065.89,22.53,TRADE
NSW1,2010/6/27 16:00,9226.86,24.34,TRADE
NSW1,2010/6/27 16:30,9584.02,28.88,TRADE
NSW1,2010/6/27 17:00,10171.15,31.87,TRADE
NSW1,2010/6/27 17:30,10818.42,48.97,TRADE
NSW1,2010/6/27 18:00,11502.22,104.05,TRADE
NSW1,2010/6/27 18:30,11560.79,125.3,TRADE
NSW1,2010/6/27 19:00,11493.16,109.9,TRADE
NSW1,2010/6/27 19:30,11298,68,TRADE
NSW1,2010/6/27 20:00,11046.16,52.77,TRADE
NSW1,2010/6/27 20:30,10941.3,47.9,TRADE
NSW1,2010/6/27 21:00,10757.19,41.83,TRADE
NSW1,2010/6/27 21:30,10421.29,37.47,TRADE
NSW1,2010/6/27 22:00,10071.64,31.88,TRADE
NSW1,2010/6/27 22:30,9897.73,33.08,TRADE
NSW1,2010/6/27 23:00,9593.31,30.12,TRADE
NSW1,2010/6/27 23:30,9283.39,26.88,TRADE
NSW1,2010/6/28 0:00,8997.49,25.94,TRADE
NSW1,2010/6/28 0:30,8678.48,24.39,TRADE
NSW1,2010/6/28 1:00,8417.24,22.13,TRADE
NSW1,2010/6/28 1:30,8299.37,24.88,TRADE
NSW1,2010/6/28 2:00,8117.19,24.74,TRADE
NSW1,2010/6/28 2:30,7714.44,21.94,TRADE
NSW1,2010/6/28 3:00,7425.99,22,TRADE
NSW1,2010/6/28 3:30,7317.77,22,TRADE
NSW1,2010/6/28 4:00,7208.39,22,TRADE
NSW1,2010/6/28 4:30,7267.9,21.75,TRADE
NSW1,2010/6/28 5:00,7420.61,21.76,TRADE
NSW1,2010/6/28 5:30,7816.9,22,TRADE
NSW1,2010/6/28 6:00,8354.67,22.68,TRADE
NSW1,2010/6/28 6:30,9307.86,27.71,TRADE
NSW1,2010/6/28 7:00,10200.97,34.06,TRADE
NSW1,2010/6/28 7:30,10782.25,33.18,TRADE
NSW1,2010/6/28 8:00,11334.67,43.05,TRADE
NSW1,2010/6/28 8:30,11617.15,38.92,TRADE
NSW1,2010/6/28 9:00,11496.17,36.26,TRADE
NSW1,2010/6/28 9:30,11484.33,36.22,TRADE
NSW1,2010/6/28 10:00,11323.96,35.76,TRADE
NSW1,2010/6/28 10:30,11219.71,37.72,TRADE
NSW1,2010/6/28 11:00,11061.45,41.07,TRADE
NSW1,2010/6/28 11:30,10819.7,39.37,TRADE
NSW1,2010/6/28 12:00,10688.49,37.76,TRADE
NSW1,2010/6/28 12:30,10532.93,35.41,TRADE
NSW1,2010/6/28 13:00,10377.28,30.46,TRADE
NSW1,2010/6/28 13:30,10273.48,30.05,TRADE
NSW1,2010/6/28 14:00,10184.82,29.54,TRADE
NSW1,2010/6/28 14:30,10092.41,28.83,TRADE
NSW1,2010/6/28 15:00,10021.04,27.19,TRADE
NSW1,2010/6/28 15:30,9985.89,26.36,TRADE
NSW1,2010/6/28 16:00,10112.29,28,TRADE
NSW1,2010/6/28 16:30,10474.67,29.65,TRADE
NSW1,2010/6/28 17:00,11127.3,32.06,TRADE
NSW1,2010/6/28 17:30,12001.05,34.93,TRADE
NSW1,2010/6/28 18:00,12793.65,85.46,TRADE
NSW1,2010/6/28 18:30,12829.69,98.52,TRADE
NSW1,2010/6/28 19:00,12705.2,52.52,TRADE
NSW1,2010/6/28 19:30,12451.69,38.82,TRADE
NSW1,2010/6/28 20:00,12215.14,43.2,TRADE
NSW1,2010/6/28 20:30,11981.68,38.96,TRADE
NSW1,2010/6/28 21:00,11725.63,37.8,TRADE
NSW1,2010/6/28 21:30,11349.13,35.58,TRADE
NSW1,2010/6/28 22:00,10864.01,32.95,TRADE
NSW1,2010/6/28 22:30,10764.32,38.37,TRADE
NSW1,2010/6/28 23:00,10350.28,35.61,TRADE
NSW1,2010/6/28 23:30,10022.12,33.11,TRADE
NSW1,2010/6/29 0:00,9766.12,30.99,TRADE
NSW1,2010/6/29 0:30,9521.15,30.56,TRADE
NSW1,2010/6/29 1:00,9318.45,25.03,TRADE
NSW1,2010/6/29 1:30,9108.57,33.87,TRADE
NSW1,2010/6/29 2:00,8863.47,30.53,TRADE
NSW1,2010/6/29 2:30,8424.78,23.55,TRADE
NSW1,2010/6/29 3:00,8097.98,22,TRADE
NSW1,2010/6/29 3:30,7792.65,22,TRADE
NSW1,2010/6/29 4:00,7663.49,22,TRADE
NSW1,2010/6/29 4:30,7604.86,20.45,TRADE
NSW1,2010/6/29 5:00,7747.45,21.51,TRADE
NSW1,2010/6/29 5:30,8087.67,21.98,TRADE
NSW1,2010/6/29 6:00,8616.88,22,TRADE
NSW1,2010/6/29 6:30,9657.52,29.51,TRADE
NSW1,2010/6/29 7:00,10608.27,30.87,TRADE
NSW1,2010/6/29 7:30,11180.56,28.81,TRADE
NSW1,2010/6/29 8:00,11752.72,40.83,TRADE
NSW1,2010/6/29 8:30,11965.17,40.95,TRADE
NSW1,2010/6/29 9:00,11796.15,35.41,TRADE
NSW1,2010/6/29 9:30,11625.52,37.2,TRADE
NSW1,2010/6/29 10:00,11508.56,37.85,TRADE
NSW1,2010/6/29 10:30,11456.49,39.26,TRADE
NSW1,2010/6/29 11:00,11328.15,38.56,TRADE
NSW1,2010/6/29 11:30,11041.67,35.87,TRADE
NSW1,2010/6/29 12:00,10849.42,35.71,TRADE
NSW1,2010/6/29 12:30,10763.45,36.32,TRADE
NSW1,2010/6/29 13:00,10610.71,35.46,TRADE
NSW1,2010/6/29 13:30,10514.97,34.53,TRADE
NSW1,2010/6/29 14:00,10366.95,30.9,TRADE
NSW1,2010/6/29 14:30,10311.11,24.99,TRADE
NSW1,2010/6/29 15:00,10181.33,22.01,TRADE
NSW1,2010/6/29 15:30,10178.94,26.47,TRADE
NSW1,2010/6/29 16:00,10347.42,31.87,TRADE
NSW1,2010/6/29 16:30,10732.19,29.62,TRADE
NSW1,2010/6/29 17:00,11319.06,31.28,TRADE
NSW1,2010/6/29 17:30,12297.37,4986.99,TRADE
NSW1,2010/6/29 18:00,13022.84,235.87,TRADE
NSW1,2010/6/29 18:30,13176.33,124.52,TRADE
NSW1,2010/6/29 19:00,13130.09,124.49,TRADE
NSW1,2010/6/29 19:30,12897.1,98.06,TRADE
NSW1,2010/6/29 20:00,12623.24,80.6,TRADE
NSW1,2010/6/29 20:30,12450.56,45.67,TRADE
NSW1,2010/6/29 21:00,12238.01,42.03,TRADE
NSW1,2010/6/29 21:30,11804.37,35.05,TRADE
NSW1,2010/6/29 22:00,11274.48,32.32,TRADE
NSW1,2010/6/29 22:30,11203.97,49.04,TRADE
NSW1,2010/6/29 23:00,10703.6,40.61,TRADE
NSW1,2010/6/29 23:30,10322.39,36.78,TRADE
NSW1,2010/6/30 0:00,10054.53,34.34,TRADE
NSW1,2010/6/30 0:30,9752.44,30.13,TRADE
NSW1,2010/6/30 1:00,9564.64,27.96,TRADE
NSW1,2010/6/30 1:30,9369.21,33.52,TRADE
NSW1,2010/6/30 2:00,9157.57,30.48,TRADE
NSW1,2010/6/30 2:30,8729.4,27.26,TRADE
NSW1,2010/6/30 3:00,8395.98,23.36,TRADE
NSW1,2010/6/30 3:30,7983.91,22,TRADE
NSW1,2010/6/30 4:00,7847.64,22,TRADE
NSW1,2010/6/30 4:30,7800.2,22,TRADE
NSW1,2010/6/30 5:00,7914.98,22,TRADE
NSW1,2010/6/30 5:30,8323.3,23.43,TRADE
NSW1,2010/6/30 6:00,8832.83,22.63,TRADE
NSW1,2010/6/30 6:30,9850.31,27.89,TRADE
NSW1,2010/6/30 7:00,10802.37,30.86,TRADE
NSW1,2010/6/30 7:30,11406.69,32.09,TRADE
NSW1,2010/6/30 8:00,12053.26,42.57,TRADE
NSW1,2010/6/30 8:30,12211.92,59.66,TRADE
NSW1,2010/6/30 9:00,12051.19,43.09,TRADE
NSW1,2010/6/30 9:30,11944.4,39.81,TRADE
NSW1,2010/6/30 10:00,11733.52,38.37,TRADE
NSW1,2010/6/30 10:30,11538.99,38.18,TRADE
NSW1,2010/6/30 11:00,11309.3,35.96,TRADE
NSW1,2010/6/30 11:30,11066.02,33.56,TRADE
NSW1,2010/6/30 12:00,10884.56,31.46,TRADE
NSW1,2010/6/30 12:30,10688.67,32.44,TRADE
NSW1,2010/6/30 13:00,10550.38,29.42,TRADE
NSW1,2010/6/30 13:30,10437.64,31.33,TRADE
NSW1,2010/6/30 14:00,10381.4,29.76,TRADE
NSW1,2010/6/30 14:30,10279.94,25.92,TRADE
NSW1,2010/6/30 15:00,10183.95,23.62,TRADE
NSW1,2010/6/30 15:30,10108.71,23.58,TRADE
NSW1,2010/6/30 16:00,10341.75,26.73,TRADE
NSW1,2010/6/30 16:30,10739.27,26.37,TRADE
NSW1,2010/6/30 17:00,11287.05,21.6,TRADE
NSW1,2010/6/30 17:30,12146.42,34.79,TRADE
NSW1,2010/6/30 18:00,12889.83,88.34,TRADE
NSW1,2010/6/30 18:30,13037.62,92.22,TRADE
NSW1,2010/6/30 19:00,12919.23,84.24,TRADE
NSW1,2010/6/30 19:30,12646.17,36.9,TRADE
NSW1,2010/6/30 20:00,12418.2,37.5,TRADE
NSW1,2010/6/30 20:30,12188.13,34.71,TRADE
NSW1,2010/6/30 21:00,11994.13,38.09,TRADE
NSW1,2010/6/30 21:30,11690.1,35.56,TRADE
NSW1,2010/6/30 22:00,11176.95,28.96,TRADE
NSW1,2010/6/30 22:30,11008.12,37.96,TRADE
NSW1,2010/6/30 23:00,10556.16,35.32,TRADE
NSW1,2010/6/30 23:30,10240.34,33.43,TRADE
NSW1,2010/7/1 0:00,9986.15,32.71,TRADE
?NSW1,2010/7/1 0:30,9715.81,29.36,TRADE
NSW1,2010/7/1 1:00,9474.64,29.26,TRADE
NSW1,2010/7/1 1:30,9280.54,32.62,TRADE
NSW1,2010/7/1 2:00,9018.07,31.89,TRADE
NSW1,2010/7/1 2:30,8619.61,28.88,TRADE
NSW1,2010/7/1 3:00,8238.74,26.97,TRADE
NSW1,2010/7/1 3:30,7936.1,22.61,TRADE
NSW1,2010/7/1 4:00,7820.35,22.71,TRADE
NSW1,2010/7/1 4:30,7778.78,25.19,TRADE
NSW1,2010/7/1 5:00,7861.94,25.5,TRADE
NSW1,2010/7/1 5:30,8221.73,26.57,TRADE
NSW1,2010/7/1 6:00,8721.36,25.35,TRADE
NSW1,2010/7/1 6:30,9700.62,27.93,TRADE
NSW1,2010/7/1 7:00,10703.13,30.83,TRADE
NSW1,2010/7/1 7:30,11266.85,27.36,TRADE
NSW1,2010/7/1 8:00,11794.57,34.73,TRADE
NSW1,2010/7/1 8:30,11906.17,38.84,TRADE
NSW1,2010/7/1 9:00,11744.35,34.92,TRADE
NSW1,2010/7/1 9:30,11683.55,34.24,TRADE
NSW1,2010/7/1 10:00,11555.09,35.65,TRADE
NSW1,2010/7/1 10:30,11369.63,34.05,TRADE
NSW1,2010/7/1 11:00,11156.53,30.3,TRADE
NSW1,2010/7/1 11:30,10934.76,28.29,TRADE
NSW1,2010/7/1 12:00,10702.92,25.5,TRADE
NSW1,2010/7/1 12:30,10366.46,3.96,TRADE
NSW1,2010/7/1 13:00,10237.27,26.35,TRADE
NSW1,2010/7/1 13:30,10243.33,23.14,TRADE
NSW1,2010/7/1 14:00,10090.36,24.69,TRADE
NSW1,2010/7/1 14:30,10039.39,25.49,TRADE
NSW1,2010/7/1 15:00,10005.23,25.51,TRADE
NSW1,2010/7/1 15:30,10053.51,25.53,TRADE
NSW1,2010/7/1 16:00,10213.43,25.5,TRADE
NSW1,2010/7/1 16:30,10589.68,25.09,TRADE
NSW1,2010/7/1 17:00,11068.36,23.03,TRADE
NSW1,2010/7/1 17:30,11926.78,27.32,TRADE
NSW1,2010/7/1 18:00,12674.07,52.74,TRADE
NSW1,2010/7/1 18:30,12744.95,57.73,TRADE
NSW1,2010/7/1 19:00,12628.59,40.79,TRADE
NSW1,2010/7/1 19:30,12489.25,35.27,TRADE
NSW1,2010/7/1 20:00,12259.09,34.5,TRADE
NSW1,2010/7/1 20:30,12159.9,30.6,TRADE
NSW1,2010/7/1 21:00,11962.89,27.53,TRADE
NSW1,2010/7/1 21:30,11578.45,27.64,TRADE
NSW1,2010/7/1 22:00,11143.4,25.46,TRADE
NSW1,2010/7/1 22:30,10996.75,39,TRADE
NSW1,2010/7/1 23:00,10582.43,30.98,TRADE
NSW1,2010/7/1 23:30,10317.91,29.17,TRADE
NSW1,2010/7/2 0:00,10035.63,26.93,TRADE
NSW1,2010/7/2 0:30,9686.17,24.77,TRADE
NSW1,2010/7/2 1:00,9513.42,26.09,TRADE
NSW1,2010/7/2 1:30,9255.59,29.23,TRADE
NSW1,2010/7/2 2:00,9019.79,29.18,TRADE
NSW1,2010/7/2 2:30,8558,27.51,TRADE
NSW1,2010/7/2 3:00,8197.92,24.87,TRADE
NSW1,2010/7/2 3:30,7906.59,23.12,TRADE
NSW1,2010/7/2 4:00,7791.72,21.8,TRADE
NSW1,2010/7/2 4:30,7696.25,20.82,TRADE
NSW1,2010/7/2 5:00,7778.99,21.68,TRADE
NSW1,2010/7/2 5:30,8091.57,24.31,TRADE
NSW1,2010/7/2 6:00,8613.64,25.38,TRADE
NSW1,2010/7/2 6:30,9527.81,26.46,TRADE
NSW1,2010/7/2 7:00,10462.07,27.78,TRADE
NSW1,2010/7/2 7:30,11035.58,26.38,TRADE
NSW1,2010/7/2 8:00,11643.4,34.15,TRADE
NSW1,2010/7/2 8:30,11893.35,39.04,TRADE
NSW1,2010/7/2 9:00,11837.39,38.47,TRADE
NSW1,2010/7/2 9:30,11852.76,44.52,TRADE
NSW1,2010/7/2 10:00,11818.86,41.04,TRADE
NSW1,2010/7/2 10:30,11786.23,40.65,TRADE
NSW1,2010/7/2 11:00,11704.93,38.3,TRADE
NSW1,2010/7/2 11:30,11511.91,34.82,TRADE
NSW1,2010/7/2 12:00,11409.84,34.76,TRADE
NSW1,2010/7/2 12:30,11276.77,33.27,TRADE
NSW1,2010/7/2 13:00,11208.75,31.57,TRADE
NSW1,2010/7/2 13:30,11184.47,33.79,TRADE
NSW1,2010/7/2 14:00,11141.2,34.66,TRADE
NSW1,2010/7/2 14:30,11090.2,32.37,TRADE
NSW1,2010/7/2 15:00,11098.6,32.21,TRADE
NSW1,2010/7/2 15:30,11124.74,31.69,TRADE
NSW1,2010/7/2 16:00,11360.76,33.34,TRADE
NSW1,2010/7/2 16:30,11640.72,26.84,TRADE
NSW1,2010/7/2 17:00,12022.84,23.26,TRADE
NSW1,2010/7/2 17:30,12536.18,34.56,TRADE
NSW1,2010/7/2 18:00,12908.12,40.33,TRADE
NSW1,2010/7/2 18:30,12798.8,40.1,TRADE
NSW1,2010/7/2 19:00,12589.43,36.76,TRADE
NSW1,2010/7/2 19:30,12293.67,31.68,TRADE
NSW1,2010/7/2 20:00,12038.59,28.2,TRADE
NSW1,2010/7/2 20:30,11832.95,25.25,TRADE
NSW1,2010/7/2 21:00,11594.28,25.78,TRADE
NSW1,2010/7/2 21:30,11234.03,25.5,TRADE
NSW1,2010/7/2 22:00,10899.17,26.85,TRADE
NSW1,2010/7/2 22:30,10953.69,49.08,TRADE
NSW1,2010/7/2 23:00,10634.87,33.06,TRADE
NSW1,2010/7/2 23:30,10416.88,33.73,TRADE
NSW1,2010/7/3 0:00,10193.7,32.61,TRADE
NSW1,2010/7/3 0:30,9932.85,32.27,TRADE
NSW1,2010/7/3 1:00,9652.12,31.92,TRADE
NSW1,2010/7/3 1:30,9380.21,34.97,TRADE
NSW1,2010/7/3 2:00,9020.76,33.51,TRADE
NSW1,2010/7/3 2:30,8544.86,25.97,TRADE
NSW1,2010/7/3 3:00,8129.79,23.71,TRADE
NSW1,2010/7/3 3:30,7814.53,23.63,TRADE
NSW1,2010/7/3 4:00,7617.39,19.79,TRADE
NSW1,2010/7/3 4:30,7457.45,23.63,TRADE
NSW1,2010/7/3 5:00,7431.82,20.38,TRADE
NSW1,2010/7/3 5:30,7580.86,24.95,TRADE
NSW1,2010/7/3 6:00,7728.33,25.02,TRADE
NSW1,2010/7/3 6:30,8050.46,24.91,TRADE
NSW1,2010/7/3 7:00,8455.47,25.42,TRADE
NSW1,2010/7/3 7:30,8961.62,24.99,TRADE
NSW1,2010/7/3 8:00,9666.69,26.66,TRADE
NSW1,2010/7/3 8:30,10259,31.78,TRADE
NSW1,2010/7/3 9:00,10531.86,32.53,TRADE
NSW1,2010/7/3 9:30,10790.81,36.09,TRADE
NSW1,2010/7/3 10:00,10713.77,34.61,TRADE
NSW1,2010/7/3 10:30,10578.7,33.18,TRADE
NSW1,2010/7/3 11:00,10360.89,31.85,TRADE
NSW1,2010/7/3 11:30,10127.84,32.5,TRADE
NSW1,2010/7/3 12:00,9909.28,33.6,TRADE
NSW1,2010/7/3 12:30,9690.56,32.74,TRADE
NSW1,2010/7/3 13:00,9550.72,30.06,TRADE
NSW1,2010/7/3 13:30,9361.75,28.57,TRADE
NSW1,2010/7/3 14:00,9268.41,28.89,TRADE
NSW1,2010/7/3 14:30,9126.96,25.61,TRADE
NSW1,2010/7/3 15:00,9127.57,25.19,TRADE
NSW1,2010/7/3 15:30,9122.97,25.5,TRADE
NSW1,2010/7/3 16:00,9244.56,25.5,TRADE
NSW1,2010/7/3 16:30,9596.84,27.35,TRADE
NSW1,2010/7/3 17:00,10176.71,26.65,TRADE
NSW1,2010/7/3 17:30,10979.74,30.26,TRADE
NSW1,2010/7/3 18:00,11629.84,43.53,TRADE
NSW1,2010/7/3 18:30,11682.35,47.27,TRADE
NSW1,2010/7/3 19:00,11512.71,38.51,TRADE
NSW1,2010/7/3 19:30,11280.22,30.63,TRADE
NSW1,2010/7/3 20:00,11035.16,30.71,TRADE
NSW1,2010/7/3 20:30,10890.49,30.66,TRADE
NSW1,2010/7/3 21:00,10751.19,28.47,TRADE
NSW1,2010/7/3 21:30,10536.44,27.27,TRADE
NSW1,2010/7/3 22:00,10301.79,26.57,TRADE
NSW1,2010/7/3 22:30,10252.46,32.24,TRADE
NSW1,2010/7/3 23:00,10059.65,32.18,TRADE
NSW1,2010/7/3 23:30,9810.06,31.65,TRADE
NSW1,2010/7/4 0:00,9560.92,36.95,TRADE
NSW1,2010/7/4 0:30,9208.79,33.68,TRADE
NSW1,2010/7/4 1:00,8947.49,30.28,TRADE
NSW1,2010/7/4 1:30,8682.96,29.37,TRADE
NSW1,2010/7/4 2:00,8463.12,27.8,TRADE
NSW1,2010/7/4 2:30,7940.8,25.43,TRADE
NSW1,2010/7/4 3:00,7634.49,24.98,TRADE
NSW1,2010/7/4 3:30,7437.43,24.58,TRADE
NSW1,2010/7/4 4:00,7278.91,21.78,TRADE
NSW1,2010/7/4 4:30,7221.43,20.39,TRADE
NSW1,2010/7/4 5:00,7220.69,20.83,TRADE
NSW1,2010/7/4 5:30,7321.31,21.92,TRADE
NSW1,2010/7/4 6:00,7445.05,23.59,TRADE
NSW1,2010/7/4 6:30,7682.67,24.81,TRADE
NSW1,2010/7/4 7:00,7931.11,25.05,TRADE
NSW1,2010/7/4 7:30,8322.29,23.13,TRADE
NSW1,2010/7/4 8:00,8934.75,27.8,TRADE
NSW1,2010/7/4 8:30,9531.01,29.62,TRADE
NSW1,2010/7/4 9:00,9960.64,33.92,TRADE
NSW1,2010/7/4 9:30,10164.52,37.71,TRADE
NSW1,2010/7/4 10:00,10138.61,36.44,TRADE
NSW1,2010/7/4 10:30,10084.05,37.41,TRADE
NSW1,2010/7/4 11:00,9906.78,35.23,TRADE
NSW1,2010/7/4 11:30,9686.44,32.36,TRADE
NSW1,2010/7/4 12:00,9488.37,28.21,TRADE
NSW1,2010/7/4 12:30,9360.49,27.46,TRADE
NSW1,2010/7/4 13:00,9207.58,25.5,TRADE
NSW1,2010/7/4 13:30,9064.35,25.5,TRADE
NSW1,2010/7/4 14:00,8912,25.5,TRADE
NSW1,2010/7/4 14:30,8830.43,25.5,TRADE
NSW1,2010/7/4 15:00,8745.61,25.5,TRADE
NSW1,2010/7/4 15:30,8785.59,25.5,TRADE
NSW1,2010/7/4 16:00,8952.01,25.89,TRADE
NSW1,2010/7/4 16:30,9280.87,26.06,TRADE
NSW1,2010/7/4 17:00,9889.08,26.26,TRADE
NSW1,2010/7/4 17:30,10576.59,30.19,TRADE
NSW1,2010/7/4 18:00,11271.15,53.16,TRADE
NSW1,2010/7/4 18:30,11411.94,68.39,TRADE
NSW1,2010/7/4 19:00,11302.72,50.67,TRADE
NSW1,2010/7/4 19:30,11095.8,36.86,TRADE
NSW1,2010/7/4 20:00,10963.3,36.25,TRADE
NSW1,2010/7/4 20:30,10816.48,33.9,TRADE
NSW1,2010/7/4 21:00,10614.23,30.1,TRADE
NSW1,2010/7/4 21:30,10343.56,29.94,TRADE
NSW1,2010/7/4 22:00,9958.43,26.45,TRADE
NSW1,2010/7/4 22:30,9812.07,27.12,TRADE
NSW1,2010/7/4 23:00,9501.2,26.32,TRADE
NSW1,2010/7/4 23:30,9179.57,25.49,TRADE
NSW1,2010/7/5 0:00,8926.96,25.16,TRADE
NSW1,2010/7/5 0:30,8630.04,25.3,TRADE
NSW1,2010/7/5 1:00,8439.85,24.47,TRADE
NSW1,2010/7/5 1:30,8203.36,25.34,TRADE
NSW1,2010/7/5 2:00,7983.46,23.57,TRADE
NSW1,2010/7/5 2:30,7637.82,23.71,TRADE
NSW1,2010/7/5 3:00,7465.57,23.15,TRADE
NSW1,2010/7/5 3:30,7314.97,22.29,TRADE
NSW1,2010/7/5 4:00,7222.45,19.49,TRADE
NSW1,2010/7/5 4:30,7245.28,19.32,TRADE
NSW1,2010/7/5 5:00,7369.66,20.28,TRADE
NSW1,2010/7/5 5:30,7690.94,24.4,TRADE
NSW1,2010/7/5 6:00,8149.37,25.42,TRADE
NSW1,2010/7/5 6:30,9062.43,26.33,TRADE
NSW1,2010/7/5 7:00,9850.58,25.78,TRADE
NSW1,2010/7/5 7:30,10340.74,25.08,TRADE
NSW1,2010/7/5 8:00,10908.45,25.56,TRADE
NSW1,2010/7/5 8:30,11209.72,28.95,TRADE
NSW1,2010/7/5 9:00,11335.09,31.02,TRADE
NSW1,2010/7/5 9:30,11499.73,35.49,TRADE
NSW1,2010/7/5 10:00,11440.72,32.87,TRADE
NSW1,2010/7/5 10:30,11364.92,31.98,TRADE
NSW1,2010/7/5 11:00,11241.97,32.9,TRADE
NSW1,2010/7/5 11:30,11061.99,28.58,TRADE
NSW1,2010/7/5 12:00,10966.74,26.2,TRADE
NSW1,2010/7/5 12:30,10844.23,28.21,TRADE
NSW1,2010/7/5 13:00,10758.97,25.79,TRADE
NSW1,2010/7/5 13:30,10758.54,28.51,TRADE
NSW1,2010/7/5 14:00,10618.18,26.95,TRADE
NSW1,2010/7/5 14:30,10652.91,26.89,TRADE
NSW1,2010/7/5 15:00,10564.15,25.51,TRADE
NSW1,2010/7/5 15:30,10673.74,25.51,TRADE
NSW1,2010/7/5 16:00,10731.77,25.51,TRADE
NSW1,2010/7/5 16:30,10960.43,25.43,TRADE
NSW1,2010/7/5 17:00,11393,25.18,TRADE
NSW1,2010/7/5 17:30,11994.3,27.21,TRADE
NSW1,2010/7/5 18:00,12386.49,42.16,TRADE
NSW1,2010/7/5 18:30,12345.41,57.3,TRADE
NSW1,2010/7/5 19:00,12191.15,35.98,TRADE
NSW1,2010/7/5 19:30,11918.71,28.34,TRADE
NSW1,2010/7/5 20:00,11680.71,29.48,TRADE
NSW1,2010/7/5 20:30,11377.77,28.36,TRADE
NSW1,2010/7/5 21:00,11204.96,28.33,TRADE
NSW1,2010/7/5 21:30,10904.93,27.53,TRADE
NSW1,2010/7/5 22:00,10500.64,25.51,TRADE
NSW1,2010/7/5 22:30,10392.59,31.52,TRADE
NSW1,2010/7/5 23:00,10078.14,28.16,TRADE
NSW1,2010/7/5 23:30,9812.93,28.06,TRADE
NSW1,2010/7/6 0:00,9535.72,25.42,TRADE
NSW1,2010/7/6 0:30,9260.63,25.09,TRADE
NSW1,2010/7/6 1:00,9067.08,25.5,TRADE
NSW1,2010/7/6 1:30,8828.6,27.19,TRADE
NSW1,2010/7/6 2:00,8587.15,28.27,TRADE
NSW1,2010/7/6 2:30,8211.12,25.49,TRADE
NSW1,2010/7/6 3:00,7871.09,25.01,TRADE
NSW1,2010/7/6 3:30,7580.45,25.13,TRADE
NSW1,2010/7/6 4:00,7446.88,22.99,TRADE
NSW1,2010/7/6 4:30,7398.67,24.03,TRADE
NSW1,2010/7/6 5:00,7442.91,23.96,TRADE
NSW1,2010/7/6 5:30,7792.76,25,TRADE
NSW1,2010/7/6 6:00,8198.64,25.53,TRADE
NSW1,2010/7/6 6:30,8941.16,25.16,TRADE
NSW1,2010/7/6 7:00,9680.34,25.02,TRADE
NSW1,2010/7/6 7:30,10022.6,24.87,TRADE
NSW1,2010/7/6 8:00,10534.19,25.34,TRADE
NSW1,2010/7/6 8:30,10797.62,26.5,TRADE
NSW1,2010/7/6 9:00,10898.27,27.6,TRADE
NSW1,2010/7/6 9:30,11047.72,30.2,TRADE
NSW1,2010/7/6 10:00,11043.91,31.32,TRADE
NSW1,2010/7/6 10:30,10989.38,31.12,TRADE
NSW1,2010/7/6 11:00,10840.94,28.92,TRADE
NSW1,2010/7/6 11:30,10707.48,27.2,TRADE
NSW1,2010/7/6 12:00,10518,26.06,TRADE
NSW1,2010/7/6 12:30,10396.55,25.2,TRADE
NSW1,2010/7/6 13:00,10258.62,25.01,TRADE
NSW1,2010/7/6 13:30,10173.88,25.26,TRADE
NSW1,2010/7/6 14:00,10124.58,25.18,TRADE
NSW1,2010/7/6 14:30,10031.45,25.01,TRADE
NSW1,2010/7/6 15:00,10127.94,25.14,TRADE
NSW1,2010/7/6 15:30,10204.45,25.09,TRADE
NSW1,2010/7/6 16:00,10389.94,25.59,TRADE
NSW1,2010/7/6 16:30,10639.97,25.08,TRADE
NSW1,2010/7/6 17:00,11066.54,24.95,TRADE
NSW1,2010/7/6 17:30,11690.78,25.96,TRADE
NSW1,2010/7/6 18:00,12157.5,30.06,TRADE
NSW1,2010/7/6 18:30,12195.8,29.98,TRADE
NSW1,2010/7/6 19:00,11975.62,27.43,TRADE
NSW1,2010/7/6 19:30,11766.3,26.24,TRADE
NSW1,2010/7/6 20:00,11585.67,29.66,TRADE
NSW1,2010/7/6 20:30,11425.5,30.59,TRADE
NSW1,2010/7/6 21:00,11175,29.94,TRADE
NSW1,2010/7/6 21:30,10842.76,26.21,TRADE
NSW1,2010/7/6 22:00,10421.92,25.51,TRADE
NSW1,2010/7/6 22:30,10395.65,30.45,TRADE
NSW1,2010/7/6 23:00,10021.9,26.95,TRADE
NSW1,2010/7/6 23:30,9785.09,25.5,TRADE
NSW1,2010/7/7 0:00,9495.29,25.01,TRADE
NSW1,2010/7/7 0:30,9310.35,25.01,TRADE
NSW1,2010/7/7 1:00,9104.96,25.01,TRADE
NSW1,2010/7/7 1:30,8914.4,26,TRADE
NSW1,2010/7/7 2:00,8711.79,28.07,TRADE
NSW1,2010/7/7 2:30,8291.1,26.62,TRADE
NSW1,2010/7/7 3:00,8002.41,25.01,TRADE
NSW1,2010/7/7 3:30,7684.71,25.01,TRADE
NSW1,2010/7/7 4:00,7532.8,24.97,TRADE
NSW1,2010/7/7 4:30,7521.58,24.97,TRADE
NSW1,2010/7/7 5:00,7611.02,24.99,TRADE
NSW1,2010/7/7 5:30,7834.24,25.01,TRADE
NSW1,2010/7/7 6:00,8302.19,25.13,TRADE
NSW1,2010/7/7 6:30,9104.45,25.01,TRADE
NSW1,2010/7/7 7:00,9803.35,25.94,TRADE
NSW1,2010/7/7 7:30,10181.64,25.43,TRADE
NSW1,2010/7/7 8:00,10656.53,28.08,TRADE
NSW1,2010/7/7 8:30,10934,36.09,TRADE
NSW1,2010/7/7 9:00,11063.96,38.4,TRADE
NSW1,2010/7/7 9:30,11251.66,46.03,TRADE
NSW1,2010/7/7 10:00,11258.47,40.26,TRADE
NSW1,2010/7/7 10:30,11183.57,36.61,TRADE
NSW1,2010/7/7 11:00,11040.93,33.08,TRADE
NSW1,2010/7/7 11:30,10885.69,30.4,TRADE
NSW1,2010/7/7 12:00,10815.8,30.14,TRADE
NSW1,2010/7/7 12:30,10740.64,31,TRADE
NSW1,2010/7/7 13:00,10603.02,31.18,TRADE
NSW1,2010/7/7 13:30,10570.33,31.12,TRADE
NSW1,2010/7/7 14:00,10449.61,30.22,TRADE
NSW1,2010/7/7 14:30,10376.14,29.27,TRADE
NSW1,2010/7/7 15:00,10316.38,27.59,TRADE
NSW1,2010/7/7 15:30,10310.39,27.68,TRADE
NSW1,2010/7/7 16:00,10396.51,29.87,TRADE
NSW1,2010/7/7 16:30,10527.57,27.58,TRADE
NSW1,2010/7/7 17:00,10895.77,29.39,TRADE
NSW1,2010/7/7 17:30,11561.2,27.11,TRADE
NSW1,2010/7/7 18:00,12136.63,35.48,TRADE
NSW1,2010/7/7 18:30,12168.86,34.31,TRADE
NSW1,2010/7/7 19:00,12009.94,31.08,TRADE
NSW1,2010/7/7 19:30,11792.08,31.27,TRADE
NSW1,2010/7/7 20:00,11642.69,31.41,TRADE
NSW1,2010/7/7 20:30,11476.24,32.3,TRADE
NSW1,2010/7/7 21:00,11250.62,30.39,TRADE
NSW1,2010/7/7 21:30,11069.38,29.06,TRADE
NSW1,2010/7/7 22:00,10712.85,25.76,TRADE
NSW1,2010/7/7 22:30,10635.07,40.27,TRADE
NSW1,2010/7/7 23:00,10276.35,30.03,TRADE
NSW1,2010/7/7 23:30,10047.89,28.89,TRADE
NSW1,2010/7/8 0:00,9828.09,26.1,TRADE
NSW1,2010/7/8 0:30,9558.31,25.01,TRADE
NSW1,2010/7/8 1:00,9298.18,25.01,TRADE
NSW1,2010/7/8 1:30,9123.99,28.52,TRADE
NSW1,2010/7/8 2:00,8847,27.98,TRADE
NSW1,2010/7/8 2:30,8427.71,25.66,TRADE
NSW1,2010/7/8 3:00,8025.51,24.97,TRADE
NSW1,2010/7/8 3:30,7762.5,24.58,TRADE
NSW1,2010/7/8 4:00,7566.25,21.17,TRADE
NSW1,2010/7/8 4:30,7577.15,23.82,TRADE
NSW1,2010/7/8 5:00,7713.64,24.97,TRADE
NSW1,2010/7/8 5:30,8011.61,25.42,TRADE
NSW1,2010/7/8 6:00,8475,25.5,TRADE
NSW1,2010/7/8 6:30,9249.59,26.02,TRADE
NSW1,2010/7/8 7:00,9953.99,25.52,TRADE
NSW1,2010/7/8 7:30,10328.59,25.55,TRADE
NSW1,2010/7/8 8:00,10766.3,28.36,TRADE
NSW1,2010/7/8 8:30,11004.32,31.94,TRADE
NSW1,2010/7/8 9:00,11008.87,32.07,TRADE
NSW1,2010/7/8 9:30,11057.13,32.3,TRADE
NSW1,2010/7/8 10:00,10955.4,33.79,TRADE
NSW1,2010/7/8 10:30,10865.6,31.21,TRADE
NSW1,2010/7/8 11:00,10786.71,30.05,TRADE
NSW1,2010/7/8 11:30,10673.41,28.77,TRADE
NSW1,2010/7/8 12:00,10528.66,27.47,TRADE
NSW1,2010/7/8 12:30,10448.14,26.71,TRADE
NSW1,2010/7/8 13:00,10425.69,28.92,TRADE
NSW1,2010/7/8 13:30,10293.82,27.18,TRADE
NSW1,2010/7/8 14:00,10255.06,25.69,TRADE
NSW1,2010/7/8 14:30,10251.38,25.78,TRADE
NSW1,2010/7/8 15:00,10235.31,25.51,TRADE
NSW1,2010/7/8 15:30,10299.78,25.51,TRADE
NSW1,2010/7/8 16:00,10392.78,25.51,TRADE
NSW1,2010/7/8 16:30,10577.1,25.73,TRADE
NSW1,2010/7/8 17:00,10901.34,25.51,TRADE
NSW1,2010/7/8 17:30,11571.17,23.55,TRADE
NSW1,2010/7/8 18:00,12123.24,30.23,TRADE
NSW1,2010/7/8 18:30,12158.8,29.79,TRADE
NSW1,2010/7/8 19:00,12017.63,27.88,TRADE
NSW1,2010/7/8 19:30,11830.66,29.36,TRADE
NSW1,2010/7/8 20:00,11629.18,32.34,TRADE
NSW1,2010/7/8 20:30,11465.46,33.77,TRADE
NSW1,2010/7/8 21:00,11250.69,33.95,TRADE
NSW1,2010/7/8 21:30,10854.55,29.24,TRADE
NSW1,2010/7/8 22:00,10452.41,25.61,TRADE
NSW1,2010/7/8 22:30,10423.96,33.14,TRADE
NSW1,2010/7/8 23:00,10151.13,30.4,TRADE
NSW1,2010/7/8 23:30,9884.82,28.33,TRADE
NSW1,2010/7/9 0:00,9665.74,26.01,TRADE
NSW1,2010/7/9 0:30,9392.47,25.5,TRADE
NSW1,2010/7/9 1:00,9151.93,25.42,TRADE
NSW1,2010/7/9 1:30,8907.4,26.39,TRADE
NSW1,2010/7/9 2:00,8701.21,25.37,TRADE
NSW1,2010/7/9 2:30,8243.84,25.5,TRADE
NSW1,2010/7/9 3:00,7910.6,24.78,TRADE
NSW1,2010/7/9 3:30,7609.92,20.35,TRADE
NSW1,2010/7/9 4:00,7501.39,16.9,TRADE
NSW1,2010/7/9 4:30,7449.47,15.11,TRADE
NSW1,2010/7/9 5:00,7501.26,17.33,TRADE
NSW1,2010/7/9 5:30,7855.78,25.42,TRADE
NSW1,2010/7/9 6:00,8214.15,25.98,TRADE
NSW1,2010/7/9 6:30,9049.09,26.51,TRADE
NSW1,2010/7/9 7:00,9675.12,25.48,TRADE
NSW1,2010/7/9 7:30,10103.98,25.33,TRADE
NSW1,2010/7/9 8:00,10587.78,25.52,TRADE
NSW1,2010/7/9 8:30,10921.3,26.67,TRADE
NSW1,2010/7/9 9:00,11026.97,28.96,TRADE
NSW1,2010/7/9 9:30,11122.38,30.79,TRADE
NSW1,2010/7/9 10:00,11032.72,30.08,TRADE
NSW1,2010/7/9 10:30,10954.51,27.57,TRADE
NSW1,2010/7/9 11:00,10747.71,26.01,TRADE
NSW1,2010/7/9 11:30,10559.39,25.5,TRADE
NSW1,2010/7/9 12:00,10387.12,25.34,TRADE
NSW1,2010/7/9 12:30,10259.68,25.5,TRADE
NSW1,2010/7/9 13:00,10191.05,25.5,TRADE
NSW1,2010/7/9 13:30,10144.52,25.5,TRADE
NSW1,2010/7/9 14:00,10048.11,25.5,TRADE
NSW1,2010/7/9 14:30,9889.84,25.72,TRADE
NSW1,2010/7/9 15:00,9919.83,25.59,TRADE
NSW1,2010/7/9 15:30,10006.85,25.5,TRADE
NSW1,2010/7/9 16:00,9997.43,25.5,TRADE
NSW1,2010/7/9 16:30,10200.08,25.5,TRADE
NSW1,2010/7/9 17:00,10549.74,25.34,TRADE
NSW1,2010/7/9 17:30,11105.14,26.27,TRADE
NSW1,2010/7/9 18:00,11570.54,28.28,TRADE
NSW1,2010/7/9 18:30,11513.46,27.98,TRADE
NSW1,2010/7/9 19:00,11363.54,27.03,TRADE
NSW1,2010/7/9 19:30,11062.93,25.49,TRADE
NSW1,2010/7/9 20:00,10870.82,25.42,TRADE
NSW1,2010/7/9 20:30,10678.34,25.5,TRADE
NSW1,2010/7/9 21:00,10541.77,25.46,TRADE
NSW1,2010/7/9 21:30,10326.32,25.5,TRADE
NSW1,2010/7/9 22:00,9987.07,25.5,TRADE
NSW1,2010/7/9 22:30,10090.49,31.06,TRADE
NSW1,2010/7/9 23:00,9913.15,25.91,TRADE
NSW1,2010/7/9 23:30,9786.36,26.12,TRADE
NSW1,2010/7/10 0:00,9614.33,25.39,TRADE
NSW1,2010/7/10 0:30,9269.95,25.5,TRADE
NSW1,2010/7/10 1:00,9021.28,25.17,TRADE
NSW1,2010/7/10 1:30,8778.09,25.71,TRADE
NSW1,2010/7/10 2:00,8532.29,23.89,TRADE
NSW1,2010/7/10 2:30,8063.69,24.69,TRADE
NSW1,2010/7/10 3:00,7694.85,21.99,TRADE
NSW1,2010/7/10 3:30,7440.39,17.69,TRADE
NSW1,2010/7/10 4:00,7192.07,13.1,TRADE
NSW1,2010/7/10 4:30,7140.66,13.36,TRADE
NSW1,2010/7/10 5:00,7115.14,13.57,TRADE
NSW1,2010/7/10 5:30,7161.58,15.83,TRADE
NSW1,2010/7/10 6:00,7333.8,19.32,TRADE
NSW1,2010/7/10 6:30,7670.99,20.06,TRADE
NSW1,2010/7/10 7:00,8035.83,20.71,TRADE
NSW1,2010/7/10 7:30,8357.71,22.88,TRADE
NSW1,2010/7/10 8:00,8973.49,24.99,TRADE
NSW1,2010/7/10 8:30,9469.21,25.24,TRADE
NSW1,2010/7/10 9:00,9793.69,25.5,TRADE
NSW1,2010/7/10 9:30,10159.11,25.5,TRADE
NSW1,2010/7/10 10:00,10141.78,25.5,TRADE
NSW1,2010/7/10 10:30,10084.68,25.5,TRADE
NSW1,2010/7/10 11:00,9896.42,25.5,TRADE
NSW1,2010/7/10 11:30,9709.72,25.5,TRADE
NSW1,2010/7/10 12:00,9590.74,26.04,TRADE
NSW1,2010/7/10 12:30,9473.26,25.5,TRADE
NSW1,2010/7/10 13:00,9357.34,25.5,TRADE
NSW1,2010/7/10 13:30,9153.53,25.5,TRADE
NSW1,2010/7/10 14:00,9001.23,25.49,TRADE
NSW1,2010/7/10 14:30,8965.55,25.5,TRADE
NSW1,2010/7/10 15:00,8975.32,25.47,TRADE
NSW1,2010/7/10 15:30,9071.98,25.49,TRADE
NSW1,2010/7/10 16:00,9084.47,25.5,TRADE
NSW1,2010/7/10 16:30,9428.68,25.5,TRADE
NSW1,2010/7/10 17:00,9817.23,25.5,TRADE
NSW1,2010/7/10 17:30,10444.94,26.55,TRADE
NSW1,2010/7/10 18:00,10856.63,29.58,TRADE
NSW1,2010/7/10 18:30,10805.46,29.3,TRADE
NSW1,2010/7/10 19:00,10584.47,27.68,TRADE
NSW1,2010/7/10 19:30,10324.02,25.33,TRADE
NSW1,2010/7/10 20:00,10079.45,25.5,TRADE
NSW1,2010/7/10 20:30,9856.74,25.5,TRADE
NSW1,2010/7/10 21:00,9709.32,25.42,TRADE
NSW1,2010/7/10 21:30,9530.93,25.5,TRADE
NSW1,2010/7/10 22:00,9315.89,25.5,TRADE
NSW1,2010/7/10 22:30,9242.33,25.5,TRADE
NSW1,2010/7/10 23:00,9119.58,25.42,TRADE
NSW1,2010/7/10 23:30,8976.47,25.84,TRADE
NSW1,2010/7/11 0:00,8703.33,25.55,TRADE
NSW1,2010/7/11 0:30,8447.79,24.71,TRADE
NSW1,2010/7/11 1:00,8151.24,21.25,TRADE
NSW1,2010/7/11 1:30,7874.9,21.57,TRADE
NSW1,2010/7/11 2:00,7591.01,18.81,TRADE
NSW1,2010/7/11 2:30,7273.08,18.31,TRADE
NSW1,2010/7/11 3:00,6978.37,14.12,TRADE
NSW1,2010/7/11 3:30,6745.86,14.82,TRADE
NSW1,2010/7/11 4:00,6617.72,12.98,TRADE
NSW1,2010/7/11 4:30,6641.95,12,TRADE
NSW1,2010/7/11 5:00,6652.7,12.46,TRADE
NSW1,2010/7/11 5:30,6757.65,13.87,TRADE
NSW1,2010/7/11 6:00,6879.46,14.38,TRADE
NSW1,2010/7/11 6:30,6967.62,13.29,TRADE
NSW1,2010/7/11 7:00,7216.84,15.07,TRADE
NSW1,2010/7/11 7:30,7418.12,15.25,TRADE
NSW1,2010/7/11 8:00,7855.7,18.35,TRADE
NSW1,2010/7/11 8:30,8367.45,20.96,TRADE
NSW1,2010/7/11 9:00,8685.65,22.16,TRADE
NSW1,2010/7/11 9:30,8966.74,24.29,TRADE
NSW1,2010/7/11 10:00,9114.64,24.98,TRADE
NSW1,2010/7/11 10:30,9235.21,25.23,TRADE
NSW1,2010/7/11 11:00,9197.68,25.08,TRADE
NSW1,2010/7/11 11:30,9155.38,25.08,TRADE
NSW1,2010/7/11 12:00,9069.14,25.08,TRADE
NSW1,2010/7/11 12:30,8989.99,24.99,TRADE
NSW1,2010/7/11 13:00,8897.44,24.42,TRADE
NSW1,2010/7/11 13:30,8849.92,24,TRADE
NSW1,2010/7/11 14:00,8809.56,24.84,TRADE
NSW1,2010/7/11 14:30,8685.63,22.84,TRADE
NSW1,2010/7/11 15:00,8728.55,23.25,TRADE
NSW1,2010/7/11 15:30,8735.68,24.19,TRADE
NSW1,2010/7/11 16:00,8875.87,25.09,TRADE
NSW1,2010/7/11 16:30,9115.84,25.16,TRADE
NSW1,2010/7/11 17:00,9495.47,25.5,TRADE
NSW1,2010/7/11 17:30,9958.61,26.16,TRADE
NSW1,2010/7/11 18:00,10487.46,28.97,TRADE
NSW1,2010/7/11 18:30,10589.15,31.55,TRADE
NSW1,2010/7/11 19:00,10492.1,31.58,TRADE
NSW1,2010/7/11 19:30,10278.27,26.78,TRADE
NSW1,2010/7/11 20:00,10111.59,25.5,TRADE
NSW1,2010/7/11 20:30,9970.8,25.5,TRADE
NSW1,2010/7/11 21:00,9839.24,25.5,TRADE
NSW1,2010/7/11 21:30,9589.66,25.42,TRADE
NSW1,2010/7/11 22:00,9270,25.26,TRADE
NSW1,2010/7/11 22:30,9128.37,25.18,TRADE
NSW1,2010/7/11 23:00,8919.29,24.93,TRADE
NSW1,2010/7/11 23:30,8700.45,24.83,TRADE
NSW1,2010/7/12 0:00,8474.58,23.48,TRADE
NSW1,2010/7/12 0:30,8218.08,20.06,TRADE
NSW1,2010/7/12 1:00,8005.27,19.82,TRADE
NSW1,2010/7/12 1:30,7892.4,21.46,TRADE
NSW1,2010/7/12 2:00,7693.66,19.7,TRADE
NSW1,2010/7/12 2:30,7379.56,18.51,TRADE
NSW1,2010/7/12 3:00,7233.19,17.71,TRADE
NSW1,2010/7/12 3:30,7059.55,13.68,TRADE
NSW1,2010/7/12 4:00,6984.99,14.24,TRADE
NSW1,2010/7/12 4:30,7096.49,17.08,TRADE
NSW1,2010/7/12 5:00,7313.21,20.44,TRADE
NSW1,2010/7/12 5:30,7654.03,22.93,TRADE
NSW1,2010/7/12 6:00,8144.97,24.51,TRADE
NSW1,2010/7/12 6:30,8847.5,24.79,TRADE
NSW1,2010/7/12 7:00,9561.56,25.5,TRADE
NSW1,2010/7/12 7:30,9868.64,25.34,TRADE
NSW1,2010/7/12 8:00,10295.18,25.5,TRADE
NSW1,2010/7/12 8:30,10613.24,25.5,TRADE
NSW1,2010/7/12 9:00,10675.79,25.5,TRADE
NSW1,2010/7/12 9:30,10813.56,25.5,TRADE
NSW1,2010/7/12 10:00,10694.1,25.5,TRADE
NSW1,2010/7/12 10:30,10622.53,25.5,TRADE
NSW1,2010/7/12 11:00,10444.55,25.5,TRADE
NSW1,2010/7/12 11:30,10341.01,25.5,TRADE
NSW1,2010/7/12 12:00,10194.43,25.5,TRADE
NSW1,2010/7/12 12:30,10113.53,25.5,TRADE
NSW1,2010/7/12 13:00,10111.33,25.41,TRADE
NSW1,2010/7/12 13:30,9978.78,25.5,TRADE
NSW1,2010/7/12 14:00,9924.2,25.63,TRADE
NSW1,2010/7/12 14:30,9858.02,25.43,TRADE
NSW1,2010/7/12 15:00,9788.73,25.01,TRADE
NSW1,2010/7/12 15:30,9793.03,25.01,TRADE
NSW1,2010/7/12 16:00,9852.17,25.28,TRADE
NSW1,2010/7/12 16:30,9956.07,25.47,TRADE
NSW1,2010/7/12 17:00,10310.36,25.5,TRADE
NSW1,2010/7/12 17:30,10980.58,25.94,TRADE
NSW1,2010/7/12 18:00,11564.26,26.71,TRADE
NSW1,2010/7/12 18:30,11579.28,27.68,TRADE
NSW1,2010/7/12 19:00,11407.28,26.99,TRADE
NSW1,2010/7/12 19:30,11111.66,25.4,TRADE
NSW1,2010/7/12 20:00,10899.66,25.55,TRADE
NSW1,2010/7/12 20:30,10697.69,25.5,TRADE
NSW1,2010/7/12 21:00,10513.56,25.5,TRADE
NSW1,2010/7/12 21:30,10262.85,25.97,TRADE
NSW1,2010/7/12 22:00,9841.41,25.08,TRADE
NSW1,2010/7/12 22:30,9858.5,25.6,TRADE
NSW1,2010/7/12 23:00,9655.7,25.23,TRADE
NSW1,2010/7/12 23:30,9381.25,24.46,TRADE
NSW1,2010/7/13 0:00,9203.49,22.8,TRADE
NSW1,2010/7/13 0:30,8957.25,20.84,TRADE
NSW1,2010/7/13 1:00,8776.45,19.53,TRADE
NSW1,2010/7/13 1:30,8563.21,22.83,TRADE
NSW1,2010/7/13 2:00,8250.3,17.78,TRADE
NSW1,2010/7/13 2:30,7895.92,16.59,TRADE
NSW1,2010/7/13 3:00,7538.56,12.48,TRADE
NSW1,2010/7/13 3:30,7281,12,TRADE
NSW1,2010/7/13 4:00,7149.57,11.63,TRADE
NSW1,2010/7/13 4:30,7108.64,11.73,TRADE
NSW1,2010/7/13 5:00,7132.81,10.92,TRADE
NSW1,2010/7/13 5:30,7401.13,16.47,TRADE
NSW1,2010/7/13 6:00,7801.85,19.96,TRADE
NSW1,2010/7/13 6:30,8494.17,22.32,TRADE
NSW1,2010/7/13 7:00,9219.8,24.75,TRADE
NSW1,2010/7/13 7:30,9413.47,25,TRADE
NSW1,2010/7/13 8:00,9905.86,25.36,TRADE
NSW1,2010/7/13 8:30,10199.35,25.5,TRADE
NSW1,2010/7/13 9:00,10266.12,25.57,TRADE
NSW1,2010/7/13 9:30,10396.06,25.5,TRADE
NSW1,2010/7/13 10:00,10326.74,25.5,TRADE
NSW1,2010/7/13 10:30,10326.85,25.5,TRADE
NSW1,2010/7/13 11:00,10196.41,25.33,TRADE
NSW1,2010/7/13 11:30,10043.82,25.34,TRADE
NSW1,2010/7/13 12:00,10089.01,25.45,TRADE
NSW1,2010/7/13 12:30,10157.07,25.5,TRADE
NSW1,2010/7/13 13:00,10087.84,25.43,TRADE
NSW1,2010/7/13 13:30,10034.98,25.33,TRADE
NSW1,2010/7/13 14:00,9971.93,25.34,TRADE
NSW1,2010/7/13 14:30,9911.78,25.22,TRADE
NSW1,2010/7/13 15:00,9833.29,25.01,TRADE
NSW1,2010/7/13 15:30,9827.83,24.66,TRADE
NSW1,2010/7/13 16:00,9914.13,25.3,TRADE
NSW1,2010/7/13 16:30,10138.16,25.44,TRADE
NSW1,2010/7/13 17:00,10591.33,25.5,TRADE
NSW1,2010/7/13 17:30,11069.04,25.82,TRADE
NSW1,2010/7/13 18:00,11449.75,26.12,TRADE
NSW1,2010/7/13 18:30,11378.09,25.95,TRADE
NSW1,2010/7/13 19:00,11149.92,25.51,TRADE
NSW1,2010/7/13 19:30,10838.57,25.41,TRADE
NSW1,2010/7/13 20:00,10543.01,25.5,TRADE
NSW1,2010/7/13 20:30,10350.95,25.42,TRADE
NSW1,2010/7/13 21:00,10092,25.01,TRADE
NSW1,2010/7/13 21:30,9796.56,25.01,TRADE
NSW1,2010/7/13 22:00,9436.84,24.84,TRADE
NSW1,2010/7/13 22:30,9498.59,24.99,TRADE
NSW1,2010/7/13 23:00,9189.77,22.63,TRADE
NSW1,2010/7/13 23:30,9043.79,22.62,TRADE
NSW1,2010/7/14 0:00,8897.78,19.75,TRADE
NSW1,2010/7/14 0:30,8625.62,19.35,TRADE
NSW1,2010/7/14 1:00,8443.43,19.01,TRADE
NSW1,2010/7/14 1:30,8256.46,21.6,TRADE
NSW1,2010/7/14 2:00,7977.02,19.48,TRADE
NSW1,2010/7/14 2:30,7639.98,17.44,TRADE
NSW1,2010/7/14 3:00,7286.16,16.7,TRADE
NSW1,2010/7/14 3:30,7098.81,15.12,TRADE
NSW1,2010/7/14 4:00,6902.58,8.22,TRADE
NSW1,2010/7/14 4:30,6855.73,9.03,TRADE
NSW1,2010/7/14 5:00,6913.8,14.68,TRADE
NSW1,2010/7/14 5:30,7159.66,17.23,TRADE
NSW1,2010/7/14 6:00,7534.61,20.17,TRADE
NSW1,2010/7/14 6:30,8220.27,22.05,TRADE
NSW1,2010/7/14 7:00,8813.64,23.44,TRADE
NSW1,2010/7/14 7:30,9188.45,23.54,TRADE
NSW1,2010/7/14 8:00,9669.98,25.49,TRADE
NSW1,2010/7/14 8:30,9972.06,25.5,TRADE
NSW1,2010/7/14 9:00,10073.7,25.5,TRADE
NSW1,2010/7/14 9:30,10160.87,25.5,TRADE
NSW1,2010/7/14 10:00,10061.94,25.5,TRADE
NSW1,2010/7/14 10:30,10005.1,25.5,TRADE
NSW1,2010/7/14 11:00,9948.38,25.5,TRADE
NSW1,2010/7/14 11:30,9808.9,25.5,TRADE
NSW1,2010/7/14 12:00,9652.09,25.49,TRADE
NSW1,2010/7/14 12:30,9547.61,25.47,TRADE
NSW1,2010/7/14 13:00,9399.27,25.1,TRADE
NSW1,2010/7/14 13:30,9358.77,24.85,TRADE
NSW1,2010/7/14 14:00,9385.04,25,TRADE
NSW1,2010/7/14 14:30,9376.81,25,TRADE
NSW1,2010/7/14 15:00,9373.84,25,TRADE
NSW1,2010/7/14 15:30,9362.37,25,TRADE
NSW1,2010/7/14 16:00,9414.36,25.21,TRADE
NSW1,2010/7/14 16:30,9513.67,25.49,TRADE
NSW1,2010/7/14 17:00,9882.29,25.5,TRADE
NSW1,2010/7/14 17:30,10606.83,28.56,TRADE
NSW1,2010/7/14 18:00,11296.05,35.2,TRADE
NSW1,2010/7/14 18:30,11364.2,28.96,TRADE
NSW1,2010/7/14 19:00,11231.05,27,TRADE
NSW1,2010/7/14 19:30,11020.12,25.72,TRADE
NSW1,2010/7/14 20:00,10804.92,25.5,TRADE
NSW1,2010/7/14 20:30,10654.5,25.5,TRADE
NSW1,2010/7/14 21:00,10447,25.5,TRADE
NSW1,2010/7/14 21:30,10233.99,25.42,TRADE
NSW1,2010/7/14 22:00,9829.2,25.32,TRADE
NSW1,2010/7/14 22:30,9819.5,25.99,TRADE
NSW1,2010/7/14 23:00,9541.18,25.33,TRADE
NSW1,2010/7/14 23:30,9342.34,25.25,TRADE
NSW1,2010/7/15 0:00,9154.97,24,TRADE
NSW1,2010/7/15 0:30,8897.03,21.29,TRADE
NSW1,2010/7/15 1:00,8669.76,19.78,TRADE
NSW1,2010/7/15 1:30,8487.45,22.3,TRADE
NSW1,2010/7/15 2:00,8253.13,19.97,TRADE
NSW1,2010/7/15 2:30,7866.11,20.79,TRADE
NSW1,2010/7/15 3:00,7493.54,19.48,TRADE
NSW1,2010/7/15 3:30,7242.05,18.52,TRADE
NSW1,2010/7/15 4:00,7134.09,16.83,TRADE
NSW1,2010/7/15 4:30,7130,16.44,TRADE
NSW1,2010/7/15 5:00,7225.91,18.03,TRADE
NSW1,2010/7/15 5:30,7574.3,19.95,TRADE
NSW1,2010/7/15 6:00,7993.64,22.64,TRADE
NSW1,2010/7/15 6:30,8728.58,25.39,TRADE
NSW1,2010/7/15 7:00,9394.57,25.51,TRADE
NSW1,2010/7/15 7:30,9763.08,25.57,TRADE
NSW1,2010/7/15 8:00,10262.8,26.17,TRADE
NSW1,2010/7/15 8:30,10488.62,26.5,TRADE
NSW1,2010/7/15 9:00,10533.15,26.5,TRADE
NSW1,2010/7/15 9:30,10613.95,26.5,TRADE
NSW1,2010/7/15 10:00,10561.14,26.52,TRADE
NSW1,2010/7/15 10:30,10393.51,25.67,TRADE
NSW1,2010/7/15 11:00,10270.41,25.5,TRADE
NSW1,2010/7/15 11:30,10062.38,25.5,TRADE
NSW1,2010/7/15 12:00,9900.52,25.5,TRADE
NSW1,2010/7/15 12:30,9777.22,25.5,TRADE
NSW1,2010/7/15 13:00,9652.75,25.47,TRADE
NSW1,2010/7/15 13:30,9629.66,25.5,TRADE
NSW1,2010/7/15 14:00,9518.13,25.5,TRADE
NSW1,2010/7/15 14:30,9472.29,25.5,TRADE
NSW1,2010/7/15 15:00,9431.64,25.36,TRADE
NSW1,2010/7/15 15:30,9466.86,25.21,TRADE
NSW1,2010/7/15 16:00,9490.1,25.29,TRADE
NSW1,2010/7/15 16:30,9655.82,25.5,TRADE
NSW1,2010/7/15 17:00,10009.42,25.5,TRADE
NSW1,2010/7/15 17:30,10676.64,26.22,TRADE
NSW1,2010/7/15 18:00,11491.07,32.79,TRADE
NSW1,2010/7/15 18:30,11661.01,38.25,TRADE
NSW1,2010/7/15 19:00,11632.52,38.27,TRADE
NSW1,2010/7/15 19:30,11493.03,29.84,TRADE
NSW1,2010/7/15 20:00,11381.16,28.45,TRADE
NSW1,2010/7/15 20:30,11277.92,28.98,TRADE
NSW1,2010/7/15 21:00,11107.32,27.3,TRADE
NSW1,2010/7/15 21:30,10839.91,26.19,TRADE
NSW1,2010/7/15 22:00,10469.05,25.5,TRADE
NSW1,2010/7/15 22:30,10471.08,28.29,TRADE
NSW1,2010/7/15 23:00,10191.83,26.76,TRADE
NSW1,2010/7/15 23:30,9917.38,26.11,TRADE
NSW1,2010/7/16 0:00,9670.24,25.5,TRADE
NSW1,2010/7/16 0:30,9394.52,25.5,TRADE
NSW1,2010/7/16 1:00,9130,25.17,TRADE
NSW1,2010/7/16 1:30,8935.63,26.25,TRADE
NSW1,2010/7/16 2:00,8710,25.37,TRADE
NSW1,2010/7/16 2:30,8280.51,25.4,TRADE
NSW1,2010/7/16 3:00,7922.97,22.06,TRADE
NSW1,2010/7/16 3:30,7651.61,21.49,TRADE
NSW1,2010/7/16 4:00,7496.75,20,TRADE
NSW1,2010/7/16 4:30,7493.8,19.84,TRADE
NSW1,2010/7/16 5:00,7560.45,20.64,TRADE
NSW1,2010/7/16 5:30,7889.99,25.39,TRADE
NSW1,2010/7/16 6:00,8302.68,25.39,TRADE
NSW1,2010/7/16 6:30,9098.1,25.57,TRADE
NSW1,2010/7/16 7:00,9789.66,25.53,TRADE
NSW1,2010/7/16 7:30,10235.94,25.67,TRADE
NSW1,2010/7/16 8:00,10854.3,27.46,TRADE
NSW1,2010/7/16 8:30,11126.08,28.2,TRADE
NSW1,2010/7/16 9:00,11166.94,28.08,TRADE
NSW1,2010/7/16 9:30,11251,27.49,TRADE
NSW1,2010/7/16 10:00,11040.14,27.49,TRADE
NSW1,2010/7/16 10:30,10863.07,26.77,TRADE
NSW1,2010/7/16 11:00,10699.12,26.17,TRADE
NSW1,2010/7/16 11:30,10470.95,25.39,TRADE
NSW1,2010/7/16 12:00,10252.52,25.41,TRADE
NSW1,2010/7/16 12:30,10116.32,25.49,TRADE
NSW1,2010/7/16 13:00,9951.8,25.47,TRADE
NSW1,2010/7/16 13:30,9806.38,25.5,TRADE
NSW1,2010/7/16 14:00,9704.44,25.5,TRADE
NSW1,2010/7/16 14:30,9589.19,25.19,TRADE
NSW1,2010/7/16 15:00,9572.59,25.27,TRADE
NSW1,2010/7/16 15:30,9511.99,24.37,TRADE
NSW1,2010/7/16 16:00,9623.2,25.25,TRADE
NSW1,2010/7/16 16:30,9800.22,25.5,TRADE
NSW1,2010/7/16 17:00,10140.78,25.67,TRADE
NSW1,2010/7/16 17:30,10864.58,26.5,TRADE
NSW1,2010/7/16 18:00,11416.96,28.66,TRADE
NSW1,2010/7/16 18:30,11537.79,29.25,TRADE
NSW1,2010/7/16 19:00,11449.69,29.76,TRADE
NSW1,2010/7/16 19:30,11278.51,27.95,TRADE
NSW1,2010/7/16 20:00,11024.1,26.5,TRADE
NSW1,2010/7/16 20:30,10998.62,27.43,TRADE
NSW1,2010/7/16 21:00,10864.44,25.96,TRADE
NSW1,2010/7/16 21:30,10627.37,25.5,TRADE
NSW1,2010/7/16 22:00,10290.99,25.42,TRADE
NSW1,2010/7/16 22:30,10460.01,27.34,TRADE
NSW1,2010/7/16 23:00,10186.95,26.36,TRADE
NSW1,2010/7/16 23:30,10010.19,26.16,TRADE
NSW1,2010/7/17 0:00,9740.23,25.64,TRADE
NSW1,2010/7/17 0:30,9491.08,25.5,TRADE
NSW1,2010/7/17 1:00,9224.54,25.39,TRADE
NSW1,2010/7/17 1:30,8975.69,27.17,TRADE
NSW1,2010/7/17 2:00,8633.68,25.01,TRADE
NSW1,2010/7/17 2:30,8232.48,24.74,TRADE
NSW1,2010/7/17 3:00,7855.23,23.23,TRADE
NSW1,2010/7/17 3:30,7525.53,19.93,TRADE
NSW1,2010/7/17 4:00,7414.76,19,TRADE
NSW1,2010/7/17 4:30,7316.77,17.75,TRADE
NSW1,2010/7/17 5:00,7269.97,16.81,TRADE
NSW1,2010/7/17 5:30,7414.02,17,TRADE
NSW1,2010/7/17 6:00,7562.33,20.02,TRADE
NSW1,2010/7/17 6:30,7887.33,21.75,TRADE
NSW1,2010/7/17 7:00,8202.61,25.5,TRADE
NSW1,2010/7/17 7:30,8693.88,25.5,TRADE
NSW1,2010/7/17 8:00,9336.28,25.5,TRADE
NSW1,2010/7/17 8:30,9860.7,26.24,TRADE
NSW1,2010/7/17 9:00,10139.58,27.37,TRADE
NSW1,2010/7/17 9:30,10339.63,28.5,TRADE
NSW1,2010/7/17 10:00,10239.2,28.95,TRADE
NSW1,2010/7/17 10:30,10115.07,27.61,TRADE
NSW1,2010/7/17 11:00,9863.6,26.17,TRADE
NSW1,2010/7/17 11:30,9595.73,25.67,TRADE
NSW1,2010/7/17 12:00,9335.63,25.5,TRADE
NSW1,2010/7/17 12:30,9101.1,25.5,TRADE
NSW1,2010/7/17 13:00,8930.97,25.5,TRADE
NSW1,2010/7/17 13:30,8756.59,23.1,TRADE
NSW1,2010/7/17 14:00,8647.38,21.07,TRADE
NSW1,2010/7/17 14:30,8570.03,21.24,TRADE
NSW1,2010/7/17 15:00,8448.85,20.62,TRADE
NSW1,2010/7/17 15:30,8494.78,21.17,TRADE
NSW1,2010/7/17 16:00,8619.09,21.96,TRADE
NSW1,2010/7/17 16:30,8867.07,22.93,TRADE
NSW1,2010/7/17 17:00,9349.03,25.51,TRADE
NSW1,2010/7/17 17:30,10008.56,26.53,TRADE
NSW1,2010/7/17 18:00,10792.79,30.11,TRADE
NSW1,2010/7/17 18:30,10948.32,30.85,TRADE
NSW1,2010/7/17 19:00,10843.75,29.35,TRADE
NSW1,2010/7/17 19:30,10574.15,27.43,TRADE
NSW1,2010/7/17 20:00,10379.59,27.34,TRADE
NSW1,2010/7/17 20:30,10257.67,26.34,TRADE
NSW1,2010/7/17 21:00,10182.23,25.84,TRADE
NSW1,2010/7/17 21:30,9976.06,25.61,TRADE
NSW1,2010/7/17 22:00,9757.79,25,TRADE
NSW1,2010/7/17 22:30,9750.29,25.55,TRADE
NSW1,2010/7/17 23:00,9550.61,25.52,TRADE
NSW1,2010/7/17 23:30,9410.57,25.39,TRADE
NSW1,2010/7/18 0:00,9060.61,23.94,TRADE
NSW1,2010/7/18 0:30,8752.18,21.81,TRADE
NSW1,2010/7/18 1:00,8472.19,20.53,TRADE
NSW1,2010/7/18 1:30,8168.41,20.63,TRADE
NSW1,2010/7/18 2:00,7905.68,18.93,TRADE
NSW1,2010/7/18 2:30,7585.15,19.11,TRADE
NSW1,2010/7/18 3:00,7296.9,14.91,TRADE
NSW1,2010/7/18 3:30,7059.23,14.27,TRADE
NSW1,2010/7/18 4:00,6956.14,13.2,TRADE
NSW1,2010/7/18 4:30,6908.66,14.05,TRADE
NSW1,2010/7/18 5:00,6887.01,14.09,TRADE
NSW1,2010/7/18 5:30,7032.25,13.84,TRADE
NSW1,2010/7/18 6:00,7164.36,16.3,TRADE
NSW1,2010/7/18 6:30,7367.23,16.38,TRADE
NSW1,2010/7/18 7:00,7610.88,17.01,TRADE
NSW1,2010/7/18 7:30,7936.73,18.75,TRADE
NSW1,2010/7/18 8:00,8483.2,21.36,TRADE
NSW1,2010/7/18 8:30,9051.66,22.47,TRADE
NSW1,2010/7/18 9:00,9375.48,24.27,TRADE
NSW1,2010/7/18 9:30,9606.88,25.4,TRADE
NSW1,2010/7/18 10:00,9708.46,25.5,TRADE
NSW1,2010/7/18 10:30,9635.9,25.5,TRADE
NSW1,2010/7/18 11:00,9446.95,25.5,TRADE
NSW1,2010/7/18 11:30,9202.64,25.5,TRADE
NSW1,2010/7/18 12:00,8954.65,25.36,TRADE
NSW1,2010/7/18 12:30,8825.36,25.41,TRADE
NSW1,2010/7/18 13:00,8649.78,23.07,TRADE
NSW1,2010/7/18 13:30,8480.66,22.75,TRADE
NSW1,2010/7/18 14:00,8379.53,23.71,TRADE
NSW1,2010/7/18 14:30,8294.17,23.56,TRADE
NSW1,2010/7/18 15:00,8308.51,24.11,TRADE
NSW1,2010/7/18 15:30,8288.47,23.18,TRADE
NSW1,2010/7/18 16:00,8492.08,25.31,TRADE
NSW1,2010/7/18 16:30,8732.9,25.5,TRADE
NSW1,2010/7/18 17:00,9230.13,26.17,TRADE
NSW1,2010/7/18 17:30,9808.08,28.02,TRADE
NSW1,2010/7/18 18:00,10647.65,47.75,TRADE
NSW1,2010/7/18 18:30,10978.81,88.34,TRADE
NSW1,2010/7/18 19:00,10924.34,76.14,TRADE
NSW1,2010/7/18 19:30,10718.3,35.11,TRADE
NSW1,2010/7/18 20:00,10620.42,29.34,TRADE
NSW1,2010/7/18 20:30,10536.28,29.12,TRADE
NSW1,2010/7/18 21:00,10385.83,27.59,TRADE
NSW1,2010/7/18 21:30,10149.13,26.04,TRADE
NSW1,2010/7/18 22:00,9784.19,24.96,TRADE
NSW1,2010/7/18 22:30,9590.32,26.11,TRADE
NSW1,2010/7/18 23:00,9274.84,25.26,TRADE
NSW1,2010/7/18 23:30,8951.54,24.21,TRADE
NSW1,2010/7/19 0:00,8673.16,22.85,TRADE
NSW1,2010/7/19 0:30,8332.26,20.1,TRADE
NSW1,2010/7/19 1:00,8160.81,20.25,TRADE
NSW1,2010/7/19 1:30,7967.37,23.15,TRADE
NSW1,2010/7/19 2:00,7794.69,21.84,TRADE
NSW1,2010/7/19 2:30,7500.95,23.14,TRADE
NSW1,2010/7/19 3:00,7231.88,20.59,TRADE
NSW1,2010/7/19 3:30,7096.57,19.74,TRADE
NSW1,2010/7/19 4:00,7066.79,18.08,TRADE
NSW1,2010/7/19 4:30,7115.29,18.9,TRADE
NSW1,2010/7/19 5:00,7189.6,19.42,TRADE
NSW1,2010/7/19 5:30,7585.06,21.6,TRADE
NSW1,2010/7/19 6:00,7980.46,23.62,TRADE
NSW1,2010/7/19 6:30,8910.55,25.66,TRADE
NSW1,2010/7/19 7:00,9734.56,25.69,TRADE
NSW1,2010/7/19 7:30,10253.54,25.85,TRADE
NSW1,2010/7/19 8:00,10733.26,30.56,TRADE
NSW1,2010/7/19 8:30,11043.48,32.43,TRADE
NSW1,2010/7/19 9:00,11060.37,29.79,TRADE
NSW1,2010/7/19 9:30,11201.91,30.06,TRADE
NSW1,2010/7/19 10:00,11090.39,30.27,TRADE
NSW1,2010/7/19 10:30,11050.24,32.06,TRADE
NSW1,2010/7/19 11:00,11004.65,30.31,TRADE
NSW1,2010/7/19 11:30,10869.71,27.75,TRADE
NSW1,2010/7/19 12:00,10727.54,27.27,TRADE
NSW1,2010/7/19 12:30,10575.96,26.47,TRADE
NSW1,2010/7/19 13:00,10509.56,25.58,TRADE
NSW1,2010/7/19 13:30,10382.41,25.85,TRADE
NSW1,2010/7/19 14:00,10337.58,25.82,TRADE
NSW1,2010/7/19 14:30,10229.52,25.5,TRADE
NSW1,2010/7/19 15:00,10310.54,25.5,TRADE
NSW1,2010/7/19 15:30,10368.78,25.5,TRADE
NSW1,2010/7/19 16:00,10534.87,25.86,TRADE
NSW1,2010/7/19 16:30,10929.04,26.17,TRADE
NSW1,2010/7/19 17:00,11284.36,27.78,TRADE
NSW1,2010/7/19 17:30,11807.65,29.08,TRADE
NSW1,2010/7/19 18:00,12415.61,40.53,TRADE
NSW1,2010/7/19 18:30,12507.58,54.37,TRADE
NSW1,2010/7/19 19:00,12337.09,49.31,TRADE
NSW1,2010/7/19 19:30,12104.92,44.27,TRADE
NSW1,2010/7/19 20:00,11831.14,36.49,TRADE
NSW1,2010/7/19 20:30,11602.12,26.8,TRADE
NSW1,2010/7/19 21:00,11325.25,25.41,TRADE
NSW1,2010/7/19 21:30,11007.27,27.9,TRADE
NSW1,2010/7/19 22:00,10546.51,25.56,TRADE
NSW1,2010/7/19 22:30,10488.68,34.75,TRADE
NSW1,2010/7/19 23:00,10132.32,27.18,TRADE
NSW1,2010/7/19 23:30,9846.16,26.16,TRADE
NSW1,2010/7/20 0:00,9635.57,25.34,TRADE
NSW1,2010/7/20 0:30,9376.59,24.79,TRADE
NSW1,2010/7/20 1:00,9129.84,25.33,TRADE
NSW1,2010/7/20 1:30,9029.69,27.44,TRADE
NSW1,2010/7/20 2:00,8740.97,25.24,TRADE
NSW1,2010/7/20 2:30,8335.56,24.92,TRADE
NSW1,2010/7/20 3:00,8008.78,22.24,TRADE
NSW1,2010/7/20 3:30,7743.19,20.17,TRADE
NSW1,2010/7/20 4:00,7649.93,19.34,TRADE
NSW1,2010/7/20 4:30,7562.75,19.74,TRADE
NSW1,2010/7/20 5:00,7655.59,22.4,TRADE
NSW1,2010/7/20 5:30,7890.79,24.98,TRADE
NSW1,2010/7/20 6:00,8392.81,26,TRADE
NSW1,2010/7/20 6:30,9343.43,29.16,TRADE
NSW1,2010/7/20 7:00,10378.02,34.32,TRADE
NSW1,2010/7/20 7:30,10810.81,30.41,TRADE
NSW1,2010/7/20 8:00,11222.23,36.02,TRADE
NSW1,2010/7/20 8:30,11403.34,39.3,TRADE
NSW1,2010/7/20 9:00,11166.06,31.57,TRADE
NSW1,2010/7/20 9:30,11131.68,30.43,TRADE
NSW1,2010/7/20 10:00,10898.19,38.82,TRADE
NSW1,2010/7/20 10:30,10801.35,30.53,TRADE
NSW1,2010/7/20 11:00,10608.08,30.03,TRADE
NSW1,2010/7/20 11:30,10443.48,33.15,TRADE
NSW1,2010/7/20 12:00,10281.81,29.62,TRADE
NSW1,2010/7/20 12:30,10144.2,26.26,TRADE
NSW1,2010/7/20 13:00,10007.68,25.43,TRADE
NSW1,2010/7/20 13:30,9936.5,26.04,TRADE
NSW1,2010/7/20 14:00,9891.34,25.81,TRADE
NSW1,2010/7/20 14:30,9890.4,25.58,TRADE
NSW1,2010/7/20 15:00,9835.2,25.5,TRADE
NSW1,2010/7/20 15:30,9816.99,25.5,TRADE
NSW1,2010/7/20 16:00,9938,25.68,TRADE
NSW1,2010/7/20 16:30,10293.05,25.83,TRADE
NSW1,2010/7/20 17:00,10702.16,28.1,TRADE
NSW1,2010/7/20 17:30,11471.73,34.75,TRADE
NSW1,2010/7/20 18:00,12245.89,69.9,TRADE
NSW1,2010/7/20 18:30,12408.64,65.91,TRADE
NSW1,2010/7/20 19:00,12400.9,38.54,TRADE
NSW1,2010/7/20 19:30,12144.71,30.33,TRADE
NSW1,2010/7/20 20:00,11938.18,29.56,TRADE
NSW1,2010/7/20 20:30,11685.99,32.37,TRADE
NSW1,2010/7/20 21:00,11431.51,33.18,TRADE
NSW1,2010/7/20 21:30,11102.2,30.88,TRADE
NSW1,2010/7/20 22:00,10611.12,26.87,TRADE
NSW1,2010/7/20 22:30,10516.56,36.3,TRADE
NSW1,2010/7/20 23:00,10124.04,27.83,TRADE
NSW1,2010/7/20 23:30,9886.86,26.9,TRADE
NSW1,2010/7/21 0:00,9642.6,25.53,TRADE
NSW1,2010/7/21 0:30,9429.53,25.45,TRADE
NSW1,2010/7/21 1:00,9165.72,25.5,TRADE
NSW1,2010/7/21 1:30,9014.73,32.59,TRADE
NSW1,2010/7/21 2:00,8756.71,26.48,TRADE
NSW1,2010/7/21 2:30,8373.02,25,TRADE
NSW1,2010/7/21 3:00,8000.01,25.14,TRADE
NSW1,2010/7/21 3:30,7694.11,24.95,TRADE
NSW1,2010/7/21 4:00,7547.54,23.57,TRADE
NSW1,2010/7/21 4:30,7523.65,18.8,TRADE
NSW1,2010/7/21 5:00,7643.2,22.13,TRADE
NSW1,2010/7/21 5:30,7977.08,25.41,TRADE
NSW1,2010/7/21 6:00,8491.57,25.75,TRADE
NSW1,2010/7/21 6:30,9415.16,33.36,TRADE
NSW1,2010/7/21 7:00,10386.41,38.47,TRADE
NSW1,2010/7/21 7:30,10875.96,33.9,TRADE
NSW1,2010/7/21 8:00,11412.34,46,TRADE
NSW1,2010/7/21 8:30,11542.81,43.78,TRADE
NSW1,2010/7/21 9:00,11402.91,31.74,TRADE
NSW1,2010/7/21 9:30,11397.91,30.28,TRADE
NSW1,2010/7/21 10:00,11304.45,35.43,TRADE
NSW1,2010/7/21 10:30,11228.85,35.68,TRADE
NSW1,2010/7/21 11:00,11042.08,33.23,TRADE
NSW1,2010/7/21 11:30,10890.68,31.84,TRADE
NSW1,2010/7/21 12:00,10709.61,27.18,TRADE
NSW1,2010/7/21 12:30,10559.13,26,TRADE
NSW1,2010/7/21 13:00,10404.15,25.5,TRADE
NSW1,2010/7/21 13:30,10299.88,26.22,TRADE
NSW1,2010/7/21 14:00,10188.42,25.5,TRADE
NSW1,2010/7/21 14:30,10104.58,25.66,TRADE
NSW1,2010/7/21 15:00,10035.63,25.5,TRADE
NSW1,2010/7/21 15:30,9957.4,25.5,TRADE
NSW1,2010/7/21 16:00,10070.39,25.5,TRADE
NSW1,2010/7/21 16:30,10360.85,25.67,TRADE
NSW1,2010/7/21 17:00,10796.04,26.12,TRADE
NSW1,2010/7/21 17:30,11664.37,35.24,TRADE
NSW1,2010/7/21 18:00,12468.9,47.08,TRADE
NSW1,2010/7/21 18:30,12612.76,39.49,TRADE
NSW1,2010/7/21 19:00,12560.73,37.41,TRADE
NSW1,2010/7/21 19:30,12354.4,30.01,TRADE
NSW1,2010/7/21 20:00,12119.02,27.51,TRADE
NSW1,2010/7/21 20:30,11917.98,40.1,TRADE
NSW1,2010/7/21 21:00,11704,31.24,TRADE
NSW1,2010/7/21 21:30,11400.17,30.27,TRADE
NSW1,2010/7/21 22:00,10942.28,27.14,TRADE
NSW1,2010/7/21 22:30,10792.41,38.61,TRADE
NSW1,2010/7/21 23:00,10386.92,27.36,TRADE
NSW1,2010/7/21 23:30,10085.76,26.37,TRADE
NSW1,2010/7/22 0:00,9832.62,26.24,TRADE
NSW1,2010/7/22 0:30,9541.28,26,TRADE
NSW1,2010/7/22 1:00,9302.5,25.5,TRADE
NSW1,2010/7/22 1:30,9124.15,30.55,TRADE
NSW1,2010/7/22 2:00,8863.89,27.59,TRADE
NSW1,2010/7/22 2:30,8454.12,25.74,TRADE
NSW1,2010/7/22 3:00,8102.48,25.31,TRADE
NSW1,2010/7/22 3:30,7805.22,25.4,TRADE
NSW1,2010/7/22 4:00,7649.66,24.86,TRADE
NSW1,2010/7/22 4:30,7596.14,25,TRADE
NSW1,2010/7/22 5:00,7675.06,25.12,TRADE
NSW1,2010/7/22 5:30,8064.2,25.67,TRADE
NSW1,2010/7/22 6:00,8585.63,26.86,TRADE
NSW1,2010/7/22 6:30,9578.53,38.19,TRADE
NSW1,2010/7/22 7:00,10557.37,38.26,TRADE
NSW1,2010/7/22 7:30,11126.87,35.06,TRADE
NSW1,2010/7/22 8:00,11662.34,63.49,TRADE
NSW1,2010/7/22 8:30,11724.84,46.05,TRADE
NSW1,2010/7/22 9:00,11495.36,34.41,TRADE
NSW1,2010/7/22 9:30,11368.68,32.55,TRADE
NSW1,2010/7/22 10:00,11185.63,33.22,TRADE
NSW1,2010/7/22 10:30,11044.01,33.93,TRADE
NSW1,2010/7/22 11:00,10833.18,31.21,TRADE
NSW1,2010/7/22 11:30,10593.57,33.05,TRADE
NSW1,2010/7/22 12:00,10508.82,31.88,TRADE
NSW1,2010/7/22 12:30,10407.12,31.39,TRADE
NSW1,2010/7/22 13:00,10467.91,30.3,TRADE
NSW1,2010/7/22 13:30,10439.77,30.69,TRADE
NSW1,2010/7/22 14:00,10332.63,30.14,TRADE
NSW1,2010/7/22 14:30,10295.01,29.02,TRADE
NSW1,2010/7/22 15:00,10194.51,27.61,TRADE
NSW1,2010/7/22 15:30,10081.82,27.09,TRADE
NSW1,2010/7/22 16:00,10168.36,27.47,TRADE
NSW1,2010/7/22 16:30,10445.54,26.41,TRADE
NSW1,2010/7/22 17:00,10903.54,27.63,TRADE
NSW1,2010/7/22 17:30,11575.94,35.01,TRADE
NSW1,2010/7/22 18:00,12460.98,73.83,TRADE
NSW1,2010/7/22 18:30,12616.29,46.31,TRADE
NSW1,2010/7/22 19:00,12588,36.9,TRADE
NSW1,2010/7/22 19:30,12440.64,34.15,TRADE
NSW1,2010/7/22 20:00,12197.81,33.01,TRADE
NSW1,2010/7/22 20:30,12043.12,35.07,TRADE
NSW1,2010/7/22 21:00,11758.34,36.66,TRADE
NSW1,2010/7/22 21:30,11413.86,35.7,TRADE
NSW1,2010/7/22 22:00,10892.82,29.27,TRADE
NSW1,2010/7/22 22:30,10805.04,44.99,TRADE
NSW1,2010/7/22 23:00,10406.3,34.26,TRADE
NSW1,2010/7/22 23:30,10040.27,30,TRADE
NSW1,2010/7/23 0:00,9793.47,28.9,TRADE
NSW1,2010/7/23 0:30,9555.47,27.47,TRADE
NSW1,2010/7/23 1:00,9326.08,26.55,TRADE
NSW1,2010/7/23 1:30,9135.64,28.24,TRADE
NSW1,2010/7/23 2:00,8831.21,25.77,TRADE
NSW1,2010/7/23 2:30,8406.62,25.18,TRADE
NSW1,2010/7/23 3:00,7966.62,25.38,TRADE
NSW1,2010/7/23 3:30,7712.94,25.48,TRADE
NSW1,2010/7/23 4:00,7603.54,25.47,TRADE
NSW1,2010/7/23 4:30,7570.48,25.26,TRADE
NSW1,2010/7/23 5:00,7625.3,25.5,TRADE
NSW1,2010/7/23 5:30,7939.96,26.15,TRADE
NSW1,2010/7/23 6:00,8466.52,28.48,TRADE
NSW1,2010/7/23 6:30,9403.97,31.81,TRADE
NSW1,2010/7/23 7:00,10272.39,33.26,TRADE
NSW1,2010/7/23 7:30,10826.97,36.13,TRADE
NSW1,2010/7/23 8:00,11319.83,46.6,TRADE
NSW1,2010/7/23 8:30,11428.24,48.74,TRADE
NSW1,2010/7/23 9:00,11227.89,35.35,TRADE
NSW1,2010/7/23 9:30,11163.89,37.36,TRADE
NSW1,2010/7/23 10:00,10950.6,33.1,TRADE
NSW1,2010/7/23 10:30,10830.68,32.36,TRADE
NSW1,2010/7/23 11:00,10600.84,30.35,TRADE
NSW1,2010/7/23 11:30,10326.53,26.7,TRADE
NSW1,2010/7/23 12:00,10150.72,26.9,TRADE
NSW1,2010/7/23 12:30,10121.79,26.54,TRADE
NSW1,2010/7/23 13:00,10061.4,26.5,TRADE
NSW1,2010/7/23 13:30,9924.25,26.95,TRADE
NSW1,2010/7/23 14:00,9853.96,26.43,TRADE
NSW1,2010/7/23 14:30,9777.4,26.1,TRADE
NSW1,2010/7/23 15:00,9723.29,25.5,TRADE
NSW1,2010/7/23 15:30,9705.36,25.5,TRADE
NSW1,2010/7/23 16:00,9842.04,25.75,TRADE
NSW1,2010/7/23 16:30,10015.64,25.55,TRADE
NSW1,2010/7/23 17:00,10318.71,26.71,TRADE
NSW1,2010/7/23 17:30,10952.26,31.54,TRADE
NSW1,2010/7/23 18:00,11561.82,42.18,TRADE
NSW1,2010/7/23 18:30,11616.84,39.18,TRADE
NSW1,2010/7/23 19:00,11520.7,35.9,TRADE
NSW1,2010/7/23 19:30,11225.82,29.06,TRADE
NSW1,2010/7/23 20:00,11000.65,31.41,TRADE
NSW1,2010/7/23 20:30,10918.99,32.61,TRADE
NSW1,2010/7/23 21:00,10753.01,33.68,TRADE
NSW1,2010/7/23 21:30,10494.2,34.01,TRADE
NSW1,2010/7/23 22:00,10225.51,28.06,TRADE
NSW1,2010/7/23 22:30,10309.27,60.63,TRADE
NSW1,2010/7/23 23:00,10084.94,37.52,TRADE
NSW1,2010/7/23 23:30,9959.7,36.64,TRADE
NSW1,2010/7/24 0:00,9751.13,34.25,TRADE
NSW1,2010/7/24 0:30,9464.01,33.79,TRADE
NSW1,2010/7/24 1:00,9226.93,29.89,TRADE
NSW1,2010/7/24 1:30,8942.56,32.09,TRADE
NSW1,2010/7/24 2:00,8629.73,32.41,TRADE
NSW1,2010/7/24 2:30,8211.72,27.96,TRADE
NSW1,2010/7/24 3:00,7858.46,25.83,TRADE
NSW1,2010/7/24 3:30,7524.37,25.3,TRADE
NSW1,2010/7/24 4:00,7383.92,25.4,TRADE
NSW1,2010/7/24 4:30,7267.99,25.3,TRADE
NSW1,2010/7/24 5:00,7253.32,25.5,TRADE
NSW1,2010/7/24 5:30,7340.04,25.5,TRADE
NSW1,2010/7/24 6:00,7486.44,25.5,TRADE
NSW1,2010/7/24 6:30,7813.69,25.45,TRADE
NSW1,2010/7/24 7:00,8207.39,25.5,TRADE
NSW1,2010/7/24 7:30,8672.68,25.5,TRADE
NSW1,2010/7/24 8:00,9259.92,27.49,TRADE
NSW1,2010/7/24 8:30,9786.78,31.38,TRADE
NSW1,2010/7/24 9:00,10081.65,40.96,TRADE
NSW1,2010/7/24 9:30,10318.2,48.96,TRADE
NSW1,2010/7/24 10:00,10232.28,44.63,TRADE
NSW1,2010/7/24 10:30,10120.5,38.87,TRADE
NSW1,2010/7/24 11:00,9891.73,35.31,TRADE
NSW1,2010/7/24 11:30,9718.09,32.46,TRADE
NSW1,2010/7/24 12:00,9500.41,30.57,TRADE
NSW1,2010/7/24 12:30,9339.18,30.59,TRADE
NSW1,2010/7/24 13:00,9152.95,28.38,TRADE
NSW1,2010/7/24 13:30,9032.36,25.82,TRADE
NSW1,2010/7/24 14:00,8884.89,25.51,TRADE
NSW1,2010/7/24 14:30,8828.5,25.5,TRADE
NSW1,2010/7/24 15:00,8701.08,25.5,TRADE
NSW1,2010/7/24 15:30,8752.16,25.5,TRADE
NSW1,2010/7/24 16:00,8893.37,25.5,TRADE
NSW1,2010/7/24 16:30,9093.32,25.51,TRADE
NSW1,2010/7/24 17:00,9609.6,27.83,TRADE
NSW1,2010/7/24 17:30,10086.16,30.5,TRADE
NSW1,2010/7/24 18:00,10758.36,38.33,TRADE
NSW1,2010/7/24 18:30,10890.82,48.11,TRADE
NSW1,2010/7/24 19:00,10748.53,40.84,TRADE
NSW1,2010/7/24 19:30,10447.12,30.94,TRADE
NSW1,2010/7/24 20:00,10190.17,30.15,TRADE
NSW1,2010/7/24 20:30,10034.27,29.55,TRADE
NSW1,2010/7/24 21:00,9959.02,29.83,TRADE
NSW1,2010/7/24 21:30,9781.06,28.81,TRADE
NSW1,2010/7/24 22:00,9552.56,27.98,TRADE
NSW1,2010/7/24 22:30,9490.63,29.16,TRADE
NSW1,2010/7/24 23:00,9393.03,29.16,TRADE
NSW1,2010/7/24 23:30,9224.01,29.12,TRADE
NSW1,2010/7/25 0:00,8966.1,29.97,TRADE
NSW1,2010/7/25 0:30,8677.16,29.03,TRADE
NSW1,2010/7/25 1:00,8398.23,27.26,TRADE
NSW1,2010/7/25 1:30,8137.96,30.11,TRADE
NSW1,2010/7/25 2:00,7897.98,26.76,TRADE
NSW1,2010/7/25 2:30,7517.18,24.87,TRADE
NSW1,2010/7/25 3:00,7218.24,25.1,TRADE
NSW1,2010/7/25 3:30,7026,25.4,TRADE
NSW1,2010/7/25 4:00,6965.67,24.61,TRADE
NSW1,2010/7/25 4:30,6871.55,23.63,TRADE
NSW1,2010/7/25 5:00,6893.51,23.48,TRADE
NSW1,2010/7/25 5:30,6989.97,24.42,TRADE
NSW1,2010/7/25 6:00,7059.05,24.78,TRADE
NSW1,2010/7/25 6:30,7326.81,24.62,TRADE
NSW1,2010/7/25 7:00,7554.18,24.23,TRADE
NSW1,2010/7/25 7:30,7847.72,24.85,TRADE
NSW1,2010/7/25 8:00,8279.34,25.46,TRADE
NSW1,2010/7/25 8:30,8850.98,25.67,TRADE
NSW1,2010/7/25 9:00,9174.28,25.5,TRADE
NSW1,2010/7/25 9:30,9412.6,25.51,TRADE
NSW1,2010/7/25 10:00,9438.18,25.51,TRADE
NSW1,2010/7/25 10:30,9439.37,25.71,TRADE
NSW1,2010/7/25 11:00,9286.68,25.51,TRADE
NSW1,2010/7/25 11:30,9127.99,25.4,TRADE
NSW1,2010/7/25 12:00,8997,25.5,TRADE
NSW1,2010/7/25 12:30,8919.01,25.4,TRADE
NSW1,2010/7/25 13:00,8799,25.4,TRADE
NSW1,2010/7/25 13:30,8718.2,25.5,TRADE
NSW1,2010/7/25 14:00,8666.34,25.47,TRADE
NSW1,2010/7/25 14:30,8646.5,25.44,TRADE
NSW1,2010/7/25 15:00,8627.01,25.5,TRADE
NSW1,2010/7/25 15:30,8726.99,25.5,TRADE
NSW1,2010/7/25 16:00,8975.71,25.5,TRADE
NSW1,2010/7/25 16:30,9274.29,25.51,TRADE
NSW1,2010/7/25 17:00,9806.12,25.73,TRADE
NSW1,2010/7/25 17:30,10293.24,30.49,TRADE
NSW1,2010/7/25 18:00,11006.3,44.91,TRADE
NSW1,2010/7/25 18:30,11197.84,85.08,TRADE
NSW1,2010/7/25 19:00,11052.82,70.6,TRADE
NSW1,2010/7/25 19:30,10801.95,37.69,TRADE
NSW1,2010/7/25 20:00,10651.94,34.53,TRADE
NSW1,2010/7/25 20:30,10525.25,36.35,TRADE
NSW1,2010/7/25 21:00,10314.13,32.11,TRADE
NSW1,2010/7/25 21:30,10116.82,29.11,TRADE
NSW1,2010/7/25 22:00,9797.61,27.26,TRADE
NSW1,2010/7/25 22:30,9695.57,27.55,TRADE
NSW1,2010/7/25 23:00,9368.19,26.15,TRADE
NSW1,2010/7/25 23:30,9067.15,25.13,TRADE
NSW1,2010/7/26 0:00,8745.36,25.51,TRADE
NSW1,2010/7/26 0:30,8377.68,24.94,TRADE
NSW1,2010/7/26 1:00,8217.54,25.5,TRADE
NSW1,2010/7/26 1:30,7990.86,26.98,TRADE
NSW1,2010/7/26 2:00,7809.59,25.4,TRADE
NSW1,2010/7/26 2:30,7488.16,25.32,TRADE
NSW1,2010/7/26 3:00,7280.14,25.2,TRADE
NSW1,2010/7/26 3:30,7122.32,24.96,TRADE
NSW1,2010/7/26 4:00,7052.49,22.23,TRADE
NSW1,2010/7/26 4:30,7123.3,24.86,TRADE
NSW1,2010/7/26 5:00,7280.91,25.47,TRADE
NSW1,2010/7/26 5:30,7637.21,25.52,TRADE
NSW1,2010/7/26 6:00,8061.28,26.32,TRADE
NSW1,2010/7/26 6:30,9050.6,28.38,TRADE
NSW1,2010/7/26 7:00,9961.92,32.99,TRADE
NSW1,2010/7/26 7:30,10438.25,32.25,TRADE
NSW1,2010/7/26 8:00,10924.1,44.07,TRADE
NSW1,2010/7/26 8:30,11055.35,45.78,TRADE
NSW1,2010/7/26 9:00,10906.5,38.44,TRADE
NSW1,2010/7/26 9:30,10760.66,34.6,TRADE
NSW1,2010/7/26 10:00,10501.2,29.69,TRADE
NSW1,2010/7/26 10:30,10646.47,31.45,TRADE
NSW1,2010/7/26 11:00,10517,34.75,TRADE
NSW1,2010/7/26 11:30,10333.24,32.92,TRADE
NSW1,2010/7/26 12:00,10155.08,30.71,TRADE
NSW1,2010/7/26 12:30,10123.67,30.45,TRADE
NSW1,2010/7/26 13:00,10074.76,28.79,TRADE
NSW1,2010/7/26 13:30,10044.91,26.43,TRADE
NSW1,2010/7/26 14:00,10004.95,26.43,TRADE
NSW1,2010/7/26 14:30,9974.52,26.51,TRADE
NSW1,2010/7/26 15:00,9947.27,26.23,TRADE
NSW1,2010/7/26 15:30,9953.62,26.04,TRADE
NSW1,2010/7/26 16:00,10140.88,26.44,TRADE
NSW1,2010/7/26 16:30,10372.44,27.18,TRADE
NSW1,2010/7/26 17:00,10676.34,28.96,TRADE
NSW1,2010/7/26 17:30,11336.09,35.12,TRADE
NSW1,2010/7/26 18:00,11988.59,67.91,TRADE
NSW1,2010/7/26 18:30,12141.07,108.4,TRADE
NSW1,2010/7/26 19:00,11964.22,87.21,TRADE
NSW1,2010/7/26 19:30,11746.97,49.64,TRADE
NSW1,2010/7/26 20:00,11482.84,42.11,TRADE
NSW1,2010/7/26 20:30,11336.2,34.18,TRADE
NSW1,2010/7/26 21:00,11125.29,29.9,TRADE
NSW1,2010/7/26 21:30,10755.03,27.8,TRADE
NSW1,2010/7/26 22:00,10301.72,25.63,TRADE
NSW1,2010/7/26 22:30,10200.98,33.43,TRADE
NSW1,2010/7/26 23:00,9877.21,26.83,TRADE
NSW1,2010/7/26 23:30,9670.37,27.19,TRADE
NSW1,2010/7/27 0:00,9466.15,26.39,TRADE
NSW1,2010/7/27 0:30,9236.61,26.87,TRADE
NSW1,2010/7/27 1:00,9040.16,25.9,TRADE
NSW1,2010/7/27 1:30,8862.52,35.03,TRADE
NSW1,2010/7/27 2:00,8581.74,30.48,TRADE
NSW1,2010/7/27 2:30,8204.86,27.15,TRADE
NSW1,2010/7/27 3:00,7835.54,25.5,TRADE
NSW1,2010/7/27 3:30,7616.52,25.5,TRADE
NSW1,2010/7/27 4:00,7466.79,25.09,TRADE
NSW1,2010/7/27 4:30,7403.25,22.47,TRADE
NSW1,2010/7/27 5:00,7471.54,23.79,TRADE
NSW1,2010/7/27 5:30,7856.6,25.6,TRADE
NSW1,2010/7/27 6:00,8360.72,28.17,TRADE
NSW1,2010/7/27 6:30,9314.14,27.77,TRADE
NSW1,2010/7/27 7:00,10216.46,31.01,TRADE
NSW1,2010/7/27 7:30,10564.85,27.99,TRADE
NSW1,2010/7/27 8:00,10992.64,34.79,TRADE
NSW1,2010/7/27 8:30,11045.3,33.02,TRADE
NSW1,2010/7/27 9:00,10916.43,29.36,TRADE
NSW1,2010/7/27 9:30,10851.34,29.31,TRADE
NSW1,2010/7/27 10:00,10704.72,27.84,TRADE
NSW1,2010/7/27 10:30,10574.68,27.48,TRADE
NSW1,2010/7/27 11:00,10410.81,26.4,TRADE
NSW1,2010/7/27 11:30,10188.06,25.62,TRADE
NSW1,2010/7/27 12:00,10055.52,25.46,TRADE
NSW1,2010/7/27 12:30,10027.89,25.5,TRADE
NSW1,2010/7/27 13:00,9940.39,25.5,TRADE
NSW1,2010/7/27 13:30,9914.37,25.5,TRADE
NSW1,2010/7/27 14:00,9826.6,25.5,TRADE
NSW1,2010/7/27 14:30,9825.49,25.4,TRADE
NSW1,2010/7/27 15:00,9797.78,25.5,TRADE
NSW1,2010/7/27 15:30,9810.24,25.5,TRADE
NSW1,2010/7/27 16:00,9913.16,25.5,TRADE
NSW1,2010/7/27 16:30,10182.89,25.83,TRADE
NSW1,2010/7/27 17:00,10588.67,25.95,TRADE
NSW1,2010/7/27 17:30,11184.65,27.67,TRADE
NSW1,2010/7/27 18:00,11873.43,34.99,TRADE
NSW1,2010/7/27 18:30,11931.4,43.74,TRADE
NSW1,2010/7/27 19:00,11796.62,35.47,TRADE
NSW1,2010/7/27 19:30,11591.65,28.94,TRADE
NSW1,2010/7/27 20:00,11386.29,29.22,TRADE
NSW1,2010/7/27 20:30,11206.18,28.66,TRADE
NSW1,2010/7/27 21:00,10953.22,27.59,TRADE
NSW1,2010/7/27 21:30,10611.56,26.09,TRADE
NSW1,2010/7/27 22:00,10228.25,25.44,TRADE
NSW1,2010/7/27 22:30,10143.46,32.76,TRADE
NSW1,2010/7/27 23:00,9796.8,25.98,TRADE
NSW1,2010/7/27 23:30,9537.02,26.49,TRADE
NSW1,2010/7/28 0:00,9396.81,26.7,TRADE
NSW1,2010/7/28 0:30,9122.22,26.6,TRADE
NSW1,2010/7/28 1:00,8962.74,25.67,TRADE
NSW1,2010/7/28 1:30,8724.96,31.72,TRADE
NSW1,2010/7/28 2:00,8463.56,29.58,TRADE
NSW1,2010/7/28 2:30,8074.09,26.5,TRADE
NSW1,2010/7/28 3:00,7669.73,24.07,TRADE
NSW1,2010/7/28 3:30,7413.13,21.55,TRADE
NSW1,2010/7/28 4:00,7293.14,19.96,TRADE
NSW1,2010/7/28 4:30,7265.15,19.66,TRADE
NSW1,2010/7/28 5:00,7319.34,20.64,TRADE
NSW1,2010/7/28 5:30,7613.48,24.32,TRADE
NSW1,2010/7/28 6:00,8073.19,25.93,TRADE
NSW1,2010/7/28 6:30,8970.43,26.17,TRADE
NSW1,2010/7/28 7:00,9890.04,30.72,TRADE
NSW1,2010/7/28 7:30,10277.56,25.96,TRADE
NSW1,2010/7/28 8:00,10769.98,29.06,TRADE
NSW1,2010/7/28 8:30,10869.96,31.99,TRADE
NSW1,2010/7/28 9:00,10784.04,29.8,TRADE
NSW1,2010/7/28 9:30,10837.91,28.67,TRADE
NSW1,2010/7/28 10:00,10813.25,28.26,TRADE
NSW1,2010/7/28 10:30,10783.16,28.34,TRADE
NSW1,2010/7/28 11:00,10719,27.72,TRADE
NSW1,2010/7/28 11:30,10654.04,27.54,TRADE
NSW1,2010/7/28 12:00,10605.67,28.09,TRADE
NSW1,2010/7/28 12:30,10577.05,29.37,TRADE
NSW1,2010/7/28 13:00,10536.96,26.81,TRADE
NSW1,2010/7/28 13:30,10534.27,26.92,TRADE
NSW1,2010/7/28 14:00,10505.87,26.02,TRADE
NSW1,2010/7/28 14:30,10506.02,30.37,TRADE
NSW1,2010/7/28 15:00,10464.22,29.34,TRADE
NSW1,2010/7/28 15:30,10484.97,29.07,TRADE
NSW1,2010/7/28 16:00,10692.98,30.62,TRADE
NSW1,2010/7/28 16:30,10990.3,29.48,TRADE
NSW1,2010/7/28 17:00,11325.66,30.24,TRADE
NSW1,2010/7/28 17:30,11716.78,28.94,TRADE
NSW1,2010/7/28 18:00,12155.64,27.6,TRADE
NSW1,2010/7/28 18:30,12075.98,26.36,TRADE
NSW1,2010/7/28 19:00,11897.51,25.99,TRADE
NSW1,2010/7/28 19:30,11652.29,29.24,TRADE
NSW1,2010/7/28 20:00,11374.39,27.22,TRADE
NSW1,2010/7/28 20:30,11185.9,27.5,TRADE
NSW1,2010/7/28 21:00,10933.77,27.48,TRADE
NSW1,2010/7/28 21:30,10548.19,25.5,TRADE
NSW1,2010/7/28 22:00,10076.91,25.5,TRADE
NSW1,2010/7/28 22:30,10015.87,27.75,TRADE
NSW1,2010/7/28 23:00,9683.65,26.19,TRADE
NSW1,2010/7/28 23:30,9405.28,25.5,TRADE
NSW1,2010/7/29 0:00,9257.98,25.68,TRADE
NSW1,2010/7/29 0:30,9075.96,25.63,TRADE
NSW1,2010/7/29 1:00,8841.33,24.89,TRADE
NSW1,2010/7/29 1:30,8651.93,31.76,TRADE
NSW1,2010/7/29 2:00,8386.33,27.53,TRADE
NSW1,2010/7/29 2:30,7954.37,25.32,TRADE
NSW1,2010/7/29 3:00,7593.56,20.93,TRADE
NSW1,2010/7/29 3:30,7337.51,18.51,TRADE
NSW1,2010/7/29 4:00,7182.33,15.84,TRADE
NSW1,2010/7/29 4:30,7144.9,13.18,TRADE
NSW1,2010/7/29 5:00,7204.59,17.21,TRADE
NSW1,2010/7/29 5:30,7503.1,21.15,TRADE
NSW1,2010/7/29 6:00,7899.29,22.15,TRADE
NSW1,2010/7/29 6:30,8768.96,25.05,TRADE
NSW1,2010/7/29 7:00,9612.35,25.65,TRADE
NSW1,2010/7/29 7:30,10000,25.5,TRADE
NSW1,2010/7/29 8:00,10425.96,25.63,TRADE
NSW1,2010/7/29 8:30,10547.15,25.5,TRADE
NSW1,2010/7/29 9:00,10357.17,25.5,TRADE
NSW1,2010/7/29 9:30,10405.96,25.5,TRADE
NSW1,2010/7/29 10:00,10423.26,25.5,TRADE
NSW1,2010/7/29 10:30,10271.8,25.5,TRADE
NSW1,2010/7/29 11:00,10267.54,25.5,TRADE
NSW1,2010/7/29 11:30,10231.17,25.5,TRADE
NSW1,2010/7/29 12:00,10218.28,25.53,TRADE
NSW1,2010/7/29 12:30,10165.43,25.5,TRADE
NSW1,2010/7/29 13:00,10093.47,25.46,TRADE
NSW1,2010/7/29 13:30,10033.54,25.5,TRADE
NSW1,2010/7/29 14:00,9959.72,25.5,TRADE
NSW1,2010/7/29 14:30,9959.05,25.5,TRADE
NSW1,2010/7/29 15:00,9972.28,25.48,TRADE
NSW1,2010/7/29 15:30,10027.22,25.5,TRADE
NSW1,2010/7/29 16:00,10187.84,25.5,TRADE
NSW1,2010/7/29 16:30,10418.84,25.48,TRADE
NSW1,2010/7/29 17:00,10757.05,25.5,TRADE
NSW1,2010/7/29 17:30,11311.87,26.17,TRADE
NSW1,2010/7/29 18:00,11831.58,29.26,TRADE
NSW1,2010/7/29 18:30,11835.47,30.35,TRADE
NSW1,2010/7/29 19:00,11669.81,29.96,TRADE
NSW1,2010/7/29 19:30,11464.32,27.15,TRADE
NSW1,2010/7/29 20:00,11202.76,25.68,TRADE
NSW1,2010/7/29 20:30,11005.19,26.22,TRADE
NSW1,2010/7/29 21:00,10842.31,25.94,TRADE
NSW1,2010/7/29 21:30,10415,25.5,TRADE
NSW1,2010/7/29 22:00,9990.76,25.48,TRADE
NSW1,2010/7/29 22:30,9988.21,43.47,TRADE
NSW1,2010/7/29 23:00,9746.23,29.94,TRADE
NSW1,2010/7/29 23:30,9536.51,26.25,TRADE
NSW1,2010/7/30 0:00,9317.88,26.63,TRADE
NSW1,2010/7/30 0:30,9079.79,25.46,TRADE
NSW1,2010/7/30 1:00,8866.29,25.5,TRADE
NSW1,2010/7/30 1:30,8620.75,26.8,TRADE
NSW1,2010/7/30 2:00,8367.07,24.93,TRADE
NSW1,2010/7/30 2:30,7967.07,22.64,TRADE
NSW1,2010/7/30 3:00,7593.64,19.49,TRADE
NSW1,2010/7/30 3:30,7353.06,19.6,TRADE
NSW1,2010/7/30 4:00,7243.28,21.08,TRADE
NSW1,2010/7/30 4:30,7171.7,21.47,TRADE
NSW1,2010/7/30 5:00,7226.99,20.94,TRADE
NSW1,2010/7/30 5:30,7537.24,23.61,TRADE
NSW1,2010/7/30 6:00,7972.4,24.78,TRADE
NSW1,2010/7/30 6:30,8823.3,26.25,TRADE
NSW1,2010/7/30 7:00,9675.67,26.65,TRADE
NSW1,2010/7/30 7:30,10084.53,25.54,TRADE
NSW1,2010/7/30 8:00,10443.16,27.18,TRADE
NSW1,2010/7/30 8:30,10566.4,28.59,TRADE
NSW1,2010/7/30 9:00,10358.45,27.56,TRADE
NSW1,2010/7/30 9:30,10391.16,27.45,TRADE
NSW1,2010/7/30 10:00,10254,27.66,TRADE
NSW1,2010/7/30 10:30,10148.59,26.6,TRADE
NSW1,2010/7/30 11:00,10076.63,26.94,TRADE
NSW1,2010/7/30 11:30,9877.2,25.42,TRADE
NSW1,2010/7/30 12:00,9851.14,26.25,TRADE
NSW1,2010/7/30 12:30,9733.55,25.5,TRADE
NSW1,2010/7/30 13:00,9637.38,25.5,TRADE
NSW1,2010/7/30 13:30,9596.31,25.5,TRADE
NSW1,2010/7/30 14:00,9562.96,25.98,TRADE
NSW1,2010/7/30 14:30,9528.63,25.95,TRADE
NSW1,2010/7/30 15:00,9438.02,25.5,TRADE
NSW1,2010/7/30 15:30,9321.8,25.42,TRADE
NSW1,2010/7/30 16:00,9421.82,25.5,TRADE
NSW1,2010/7/30 16:30,9570.28,25.5,TRADE
NSW1,2010/7/30 17:00,9865.87,25.5,TRADE
NSW1,2010/7/30 17:30,10324.64,25.6,TRADE
NSW1,2010/7/30 18:00,10719.16,27.42,TRADE
NSW1,2010/7/30 18:30,10557.19,25.66,TRADE
NSW1,2010/7/30 19:00,10427.03,25.46,TRADE
NSW1,2010/7/30 19:30,10121.76,25.09,TRADE
NSW1,2010/7/30 20:00,9930.72,25.46,TRADE
NSW1,2010/7/30 20:30,9664.63,25.36,TRADE
NSW1,2010/7/30 21:00,9609.3,25.5,TRADE
NSW1,2010/7/30 21:30,9418.27,25.43,TRADE
NSW1,2010/7/30 22:00,9127.7,25.13,TRADE
NSW1,2010/7/30 22:30,9298.91,31.45,TRADE
NSW1,2010/7/30 23:00,9157.47,25.38,TRADE
NSW1,2010/7/30 23:30,9167.74,26.25,TRADE
NSW1,2010/7/31 0:00,9024.18,25.71,TRADE
NSW1,2010/7/31 0:30,8750.95,24.52,TRADE
NSW1,2010/7/31 1:00,8523.83,21.67,TRADE
NSW1,2010/7/31 1:30,8272.62,23.24,TRADE
NSW1,2010/7/31 2:00,7974.69,19.89,TRADE
NSW1,2010/7/31 2:30,7590.53,18.89,TRADE
NSW1,2010/7/31 3:00,7254.75,16.65,TRADE
NSW1,2010/7/31 3:30,6952.07,15.99,TRADE
NSW1,2010/7/31 4:00,6889.39,15.29,TRADE
NSW1,2010/7/31 4:30,6790.09,11.99,TRADE
NSW1,2010/7/31 5:00,6813.94,11.64,TRADE
NSW1,2010/7/31 5:30,6918.77,12.53,TRADE
NSW1,2010/7/31 6:00,6995.53,15.04,TRADE
NSW1,2010/7/31 6:30,7364.56,16.93,TRADE
NSW1,2010/7/31 7:00,7576.5,20.35,TRADE
NSW1,2010/7/31 7:30,7932.28,19.84,TRADE
NSW1,2010/7/31 8:00,8341.22,21.69,TRADE
NSW1,2010/7/31 8:30,8856.94,25.06,TRADE
NSW1,2010/7/31 9:00,9213.77,25.39,TRADE
NSW1,2010/7/31 9:30,9556.78,25.5,TRADE
NSW1,2010/7/31 10:00,9519.71,25.5,TRADE
NSW1,2010/7/31 10:30,9565.1,25.46,TRADE
NSW1,2010/7/31 11:00,9437.41,25.45,TRADE
NSW1,2010/7/31 11:30,9196.76,24.99,TRADE
NSW1,2010/7/31 12:00,9051.76,24.79,TRADE
NSW1,2010/7/31 12:30,8898.44,24.52,TRADE
NSW1,2010/7/31 13:00,8773.71,24.35,TRADE
NSW1,2010/7/31 13:30,8659.26,24.59,TRADE
NSW1,2010/7/31 14:00,8518.34,22.64,TRADE
NSW1,2010/7/31 14:30,8432.45,23.05,TRADE
NSW1,2010/7/31 15:00,8398.03,23.46,TRADE
NSW1,2010/7/31 15:30,8418.28,23.09,TRADE
NSW1,2010/7/31 16:00,8399.75,22.23,TRADE
NSW1,2010/7/31 16:30,8534.98,22.92,TRADE
NSW1,2010/7/31 17:00,8733.73,23.08,TRADE
NSW1,2010/7/31 17:30,9084.6,25.05,TRADE
NSW1,2010/7/31 18:00,9818.25,26.2,TRADE
NSW1,2010/7/31 18:30,9962.35,25.5,TRADE
NSW1,2010/7/31 19:00,9866.22,25.46,TRADE
NSW1,2010/7/31 19:30,9592.21,25.24,TRADE
NSW1,2010/7/31 20:00,9395.75,25.09,TRADE
NSW1,2010/7/31 20:30,9254.54,25,TRADE
NSW1,2010/7/31 21:00,9207.13,24.94,TRADE
NSW1,2010/7/31 21:30,9042.12,24.9,TRADE
NSW1,2010/7/31 22:00,8842.56,24.81,TRADE
NSW1,2010/7/31 22:30,8918.05,24.54,TRADE
NSW1,2010/7/31 23:00,8833.88,24.64,TRADE
NSW1,2010/7/31 23:30,8704.36,24.46,TRADE
NSW1,2010/8/1 0:00,8493.71,24.95,TRADE
?NSW1,2010/8/1 0:30,8269.14,25.19,TRADE
NSW1,2010/8/1 1:00,7967.5,22.72,TRADE
NSW1,2010/8/1 1:30,7784.98,24.55,TRADE
NSW1,2010/8/1 2:00,7542.53,21.84,TRADE
NSW1,2010/8/1 2:30,7214.43,18.22,TRADE
NSW1,2010/8/1 3:00,6929.18,16.94,TRADE
NSW1,2010/8/1 3:30,6743.03,13.66,TRADE
NSW1,2010/8/1 4:00,6657.3,16.71,TRADE
NSW1,2010/8/1 4:30,6629.6,14.38,TRADE
NSW1,2010/8/1 5:00,6660.04,11.54,TRADE
NSW1,2010/8/1 5:30,6702.41,11.93,TRADE
NSW1,2010/8/1 6:00,6831.87,14.26,TRADE
NSW1,2010/8/1 6:30,7021.74,15.01,TRADE
NSW1,2010/8/1 7:00,7297.02,17.16,TRADE
NSW1,2010/8/1 7:30,7559.11,14.02,TRADE
NSW1,2010/8/1 8:00,8097.96,22.16,TRADE
NSW1,2010/8/1 8:30,8495.95,24.55,TRADE
NSW1,2010/8/1 9:00,8797.15,24.95,TRADE
NSW1,2010/8/1 9:30,9000.88,25.06,TRADE
NSW1,2010/8/1 10:00,9006.26,25.13,TRADE
NSW1,2010/8/1 10:30,8994.52,24.99,TRADE
NSW1,2010/8/1 11:00,8898.15,24.91,TRADE
NSW1,2010/8/1 11:30,8703.21,24.61,TRADE
NSW1,2010/8/1 12:00,8624.82,24.49,TRADE
NSW1,2010/8/1 12:30,8505.36,24.03,TRADE
NSW1,2010/8/1 13:00,8442.9,24.11,TRADE
NSW1,2010/8/1 13:30,8361.04,23.87,TRADE
NSW1,2010/8/1 14:00,8286.72,23.43,TRADE
NSW1,2010/8/1 14:30,8224.39,23.26,TRADE
NSW1,2010/8/1 15:00,8234.66,23.32,TRADE
NSW1,2010/8/1 15:30,8257.28,23.39,TRADE
NSW1,2010/8/1 16:00,8392.83,23.93,TRADE
NSW1,2010/8/1 16:30,8556.55,24.46,TRADE
NSW1,2010/8/1 17:00,8881.66,24.99,TRADE
NSW1,2010/8/1 17:30,9394.3,27.62,TRADE
NSW1,2010/8/1 18:00,10167.55,30.9,TRADE
NSW1,2010/8/1 18:30,10420.99,40.61,TRADE
NSW1,2010/8/1 19:00,10440.03,41.1,TRADE
NSW1,2010/8/1 19:30,10292.78,28.13,TRADE
NSW1,2010/8/1 20:00,10135.04,28.53,TRADE
NSW1,2010/8/1 20:30,10035.56,28.93,TRADE
NSW1,2010/8/1 21:00,9847.39,28.47,TRADE
NSW1,2010/8/1 21:30,9581.28,26.31,TRADE
NSW1,2010/8/1 22:00,9260.23,25.21,TRADE
NSW1,2010/8/1 22:30,9158.77,25.84,TRADE
NSW1,2010/8/1 23:00,8897.92,25.3,TRADE
NSW1,2010/8/1 23:30,8690.46,24.67,TRADE
NSW1,2010/8/2 0:00,8494.93,24.67,TRADE
NSW1,2010/8/2 0:30,8153.3,24.07,TRADE
NSW1,2010/8/2 1:00,7963.14,23.67,TRADE
NSW1,2010/8/2 1:30,7791,24.87,TRADE
NSW1,2010/8/2 2:00,7630.07,23.99,TRADE
NSW1,2010/8/2 2:30,7303.23,22.55,TRADE
NSW1,2010/8/2 3:00,7092.68,20.6,TRADE
NSW1,2010/8/2 3:30,6942.67,18.96,TRADE
NSW1,2010/8/2 4:00,6903.84,17.75,TRADE
NSW1,2010/8/2 4:30,6910.13,15.84,TRADE
NSW1,2010/8/2 5:00,7077.64,17.23,TRADE
NSW1,2010/8/2 5:30,7438.2,23.07,TRADE
NSW1,2010/8/2 6:00,7910.97,24.85,TRADE
NSW1,2010/8/2 6:30,8858.96,25.29,TRADE
NSW1,2010/8/2 7:00,9737.05,27.59,TRADE
NSW1,2010/8/2 7:30,10317.19,26.98,TRADE
NSW1,2010/8/2 8:00,10836.09,30.49,TRADE
NSW1,2010/8/2 8:30,10977.84,31.42,TRADE
NSW1,2010/8/2 9:00,10750.09,27.66,TRADE
NSW1,2010/8/2 9:30,10810.46,30.25,TRADE
NSW1,2010/8/2 10:00,10888.48,29.48,TRADE
NSW1,2010/8/2 10:30,10884.72,28.65,TRADE
NSW1,2010/8/2 11:00,10890.82,29.41,TRADE
NSW1,2010/8/2 11:30,10690.23,27.84,TRADE
NSW1,2010/8/2 12:00,10555.32,27.08,TRADE
NSW1,2010/8/2 12:30,10434.66,26.62,TRADE
NSW1,2010/8/2 13:00,10340.5,26.44,TRADE
NSW1,2010/8/2 13:30,10238.44,25.76,TRADE
NSW1,2010/8/2 14:00,10117.35,25.46,TRADE
NSW1,2010/8/2 14:30,10065.51,25.42,TRADE
NSW1,2010/8/2 15:00,10052.21,25.53,TRADE
NSW1,2010/8/2 15:30,10043.13,25.54,TRADE
NSW1,2010/8/2 16:00,10196.94,26.16,TRADE
NSW1,2010/8/2 16:30,10496.09,26.2,TRADE
NSW1,2010/8/2 17:00,10920.8,25.75,TRADE
NSW1,2010/8/2 17:30,11536.04,30.17,TRADE
NSW1,2010/8/2 18:00,12356.23,46.91,TRADE
NSW1,2010/8/2 18:30,12508.11,57.83,TRADE
NSW1,2010/8/2 19:00,12354.8,50.37,TRADE
NSW1,2010/8/2 19:30,12096.33,27.36,TRADE
NSW1,2010/8/2 20:00,11853.17,31.7,TRADE
NSW1,2010/8/2 20:30,11608.1,28.51,TRADE
NSW1,2010/8/2 21:00,11420.32,29.12,TRADE
NSW1,2010/8/2 21:30,11017.29,27.61,TRADE
NSW1,2010/8/2 22:00,10522.72,25.37,TRADE
NSW1,2010/8/2 22:30,10447.81,31.99,TRADE
NSW1,2010/8/2 23:00,10027.46,26.7,TRADE
NSW1,2010/8/2 23:30,9749.85,26.17,TRADE
NSW1,2010/8/3 0:00,9463.64,25.62,TRADE
NSW1,2010/8/3 0:30,9181.92,25.59,TRADE
NSW1,2010/8/3 1:00,9022.9,25.5,TRADE
NSW1,2010/8/3 1:30,8834.82,28.84,TRADE
NSW1,2010/8/3 2:00,8581.46,26.96,TRADE
NSW1,2010/8/3 2:30,8153.75,25.35,TRADE
NSW1,2010/8/3 3:00,7784.02,25.42,TRADE
NSW1,2010/8/3 3:30,7594.12,25.42,TRADE
NSW1,2010/8/3 4:00,7421.33,24.22,TRADE
NSW1,2010/8/3 4:30,7413.05,24.53,TRADE
NSW1,2010/8/3 5:00,7456.69,25.03,TRADE
NSW1,2010/8/3 5:30,7797.38,25.46,TRADE
NSW1,2010/8/3 6:00,8235.49,26.7,TRADE
NSW1,2010/8/3 6:30,9131.01,28.3,TRADE
NSW1,2010/8/3 7:00,10018.86,32.02,TRADE
NSW1,2010/8/3 7:30,10513.38,31.33,TRADE
NSW1,2010/8/3 8:00,10992.04,41.84,TRADE
NSW1,2010/8/3 8:30,11035.22,44.44,TRADE
NSW1,2010/8/3 9:00,10908.13,35.25,TRADE
NSW1,2010/8/3 9:30,10919.04,34.08,TRADE
NSW1,2010/8/3 10:00,10830.75,33.15,TRADE
NSW1,2010/8/3 10:30,10787.29,36.1,TRADE
NSW1,2010/8/3 11:00,10642.4,32.88,TRADE
NSW1,2010/8/3 11:30,10530.16,31.86,TRADE
NSW1,2010/8/3 12:00,10388.83,29.9,TRADE
NSW1,2010/8/3 12:30,10332.95,28.65,TRADE
NSW1,2010/8/3 13:00,10221.57,27,TRADE
NSW1,2010/8/3 13:30,10119.53,27.4,TRADE
NSW1,2010/8/3 14:00,10025.42,26.79,TRADE
NSW1,2010/8/3 14:30,9943.68,26.22,TRADE
NSW1,2010/8/3 15:00,9864.87,26.35,TRADE
NSW1,2010/8/3 15:30,9822.14,25.46,TRADE
NSW1,2010/8/3 16:00,9952.7,26.31,TRADE
NSW1,2010/8/3 16:30,10207.41,26.51,TRADE
NSW1,2010/8/3 17:00,10459.57,25.57,TRADE
NSW1,2010/8/3 17:30,10953.33,26.1,TRADE
NSW1,2010/8/3 18:00,11736.83,32.8,TRADE
NSW1,2010/8/3 18:30,11991.47,40.58,TRADE
NSW1,2010/8/3 19:00,11857.42,34.14,TRADE
NSW1,2010/8/3 19:30,11658.43,27.21,TRADE
NSW1,2010/8/3 20:00,11408.17,30.52,TRADE
NSW1,2010/8/3 20:30,11281.36,28.81,TRADE
NSW1,2010/8/3 21:00,11095.59,28.56,TRADE
NSW1,2010/8/3 21:30,10783.93,27.32,TRADE
NSW1,2010/8/3 22:00,10355.88,25.26,TRADE
NSW1,2010/8/3 22:30,10287.61,29.54,TRADE
NSW1,2010/8/3 23:00,9947.92,26.8,TRADE
NSW1,2010/8/3 23:30,9698.23,26.4,TRADE
NSW1,2010/8/4 0:00,9480.74,25.75,TRADE
NSW1,2010/8/4 0:30,9217.83,26.11,TRADE
NSW1,2010/8/4 1:00,8986.55,25.42,TRADE
NSW1,2010/8/4 1:30,8813.53,25.8,TRADE
NSW1,2010/8/4 2:00,8540.52,25.37,TRADE
NSW1,2010/8/4 2:30,8149.63,25.24,TRADE
NSW1,2010/8/4 3:00,7837.14,21.89,TRADE
NSW1,2010/8/4 3:30,7556.47,20.05,TRADE
NSW1,2010/8/4 4:00,7421.34,19.82,TRADE
NSW1,2010/8/4 4:30,7376.69,20.01,TRADE
NSW1,2010/8/4 5:00,7445.98,20.01,TRADE
NSW1,2010/8/4 5:30,7778.3,24.36,TRADE
NSW1,2010/8/4 6:00,8238.91,25.56,TRADE
NSW1,2010/8/4 6:30,9126.79,26.74,TRADE
NSW1,2010/8/4 7:00,10120.71,28.82,TRADE
NSW1,2010/8/4 7:30,10566.09,26.4,TRADE
NSW1,2010/8/4 8:00,10915.07,29.1,TRADE
NSW1,2010/8/4 8:30,10921.29,28.16,TRADE
NSW1,2010/8/4 9:00,10693.19,26.88,TRADE
NSW1,2010/8/4 9:30,10588.07,25.69,TRADE
NSW1,2010/8/4 10:00,10496.68,25.49,TRADE
NSW1,2010/8/4 10:30,10311.13,25.5,TRADE
NSW1,2010/8/4 11:00,10164.84,25.5,TRADE
NSW1,2010/8/4 11:30,9913.15,25.54,TRADE
NSW1,2010/8/4 12:00,9706.13,25.5,TRADE
NSW1,2010/8/4 12:30,9706.54,25.5,TRADE
NSW1,2010/8/4 13:00,9616.91,25.5,TRADE
NSW1,2010/8/4 13:30,9555.77,25.5,TRADE
NSW1,2010/8/4 14:00,9451.01,25.46,TRADE
NSW1,2010/8/4 14:30,9432.22,25.49,TRADE
NSW1,2010/8/4 15:00,9328.56,25.17,TRADE
NSW1,2010/8/4 15:30,9275.75,25.01,TRADE
NSW1,2010/8/4 16:00,9364.59,25.13,TRADE
NSW1,2010/8/4 16:30,9536.08,25.51,TRADE
NSW1,2010/8/4 17:00,9773.34,25.37,TRADE
NSW1,2010/8/4 17:30,10214.82,26.08,TRADE
NSW1,2010/8/4 18:00,11108.96,28.18,TRADE
NSW1,2010/8/4 18:30,11436.13,28.95,TRADE
NSW1,2010/8/4 19:00,11386.55,28.9,TRADE
NSW1,2010/8/4 19:30,11245.47,28.4,TRADE
NSW1,2010/8/4 20:00,11083.46,27.6,TRADE
NSW1,2010/8/4 20:30,10996.31,27.41,TRADE
NSW1,2010/8/4 21:00,10795.94,26.39,TRADE
NSW1,2010/8/4 21:30,10515.3,25.34,TRADE
NSW1,2010/8/4 22:00,10167.66,25.4,TRADE
NSW1,2010/8/4 22:30,10154.21,35.94,TRADE
NSW1,2010/8/4 23:00,9856.06,26.67,TRADE
NSW1,2010/8/4 23:30,9550.21,25.72,TRADE
NSW1,2010/8/5 0:00,9378.06,25.89,TRADE
NSW1,2010/8/5 0:30,9141.41,25.5,TRADE
NSW1,2010/8/5 1:00,8947.06,25.5,TRADE
NSW1,2010/8/5 1:30,8763.38,27.24,TRADE
NSW1,2010/8/5 2:00,8499.08,25.48,TRADE
NSW1,2010/8/5 2:30,8087.16,25.42,TRADE
NSW1,2010/8/5 3:00,7723.82,25,TRADE
NSW1,2010/8/5 3:30,7474.82,23.37,TRADE
NSW1,2010/8/5 4:00,7350.59,22.25,TRADE
NSW1,2010/8/5 4:30,7336.92,19.91,TRADE
NSW1,2010/8/5 5:00,7423.51,20.23,TRADE
NSW1,2010/8/5 5:30,7751.73,24.34,TRADE
NSW1,2010/8/5 6:00,8220.75,25.95,TRADE
NSW1,2010/8/5 6:30,9212.35,27.92,TRADE
NSW1,2010/8/5 7:00,10129.08,28.4,TRADE
NSW1,2010/8/5 7:30,10644.84,27.74,TRADE
NSW1,2010/8/5 8:00,11117.75,38.94,TRADE
NSW1,2010/8/5 8:30,11139.94,45.89,TRADE
NSW1,2010/8/5 9:00,10849,32.61,TRADE
NSW1,2010/8/5 9:30,10737.48,30.6,TRADE
NSW1,2010/8/5 10:00,10562.95,28.14,TRADE
NSW1,2010/8/5 10:30,10362.32,26.86,TRADE
NSW1,2010/8/5 11:00,10216.28,25.72,TRADE
NSW1,2010/8/5 11:30,9942.69,25.45,TRADE
NSW1,2010/8/5 12:00,9766.8,25.5,TRADE
NSW1,2010/8/5 12:30,9763.46,25.5,TRADE
NSW1,2010/8/5 13:00,9727.99,25.5,TRADE
NSW1,2010/8/5 13:30,9614.64,25.56,TRADE
NSW1,2010/8/5 14:00,9658.4,25.52,TRADE
NSW1,2010/8/5 14:30,9655.25,25.5,TRADE
NSW1,2010/8/5 15:00,9557.34,25.5,TRADE
NSW1,2010/8/5 15:30,9523.11,25.5,TRADE
NSW1,2010/8/5 16:00,9612.48,25.5,TRADE
NSW1,2010/8/5 16:30,9811.83,25.46,TRADE
NSW1,2010/8/5 17:00,10145.66,25.51,TRADE
NSW1,2010/8/5 17:30,10647.37,25.84,TRADE
NSW1,2010/8/5 18:00,11503.73,37.79,TRADE
NSW1,2010/8/5 18:30,11838.52,55.16,TRADE
NSW1,2010/8/5 19:00,11874.27,57.93,TRADE
NSW1,2010/8/5 19:30,11779.58,39.68,TRADE
NSW1,2010/8/5 20:00,11538.57,36.57,TRADE
NSW1,2010/8/5 20:30,11442.29,46.31,TRADE
NSW1,2010/8/5 21:00,11297.09,49.75,TRADE
NSW1,2010/8/5 21:30,10922.36,30.41,TRADE
NSW1,2010/8/5 22:00,10507.95,27.13,TRADE
NSW1,2010/8/5 22:30,10475.62,44.84,TRADE
NSW1,2010/8/5 23:00,10139.93,29.29,TRADE
NSW1,2010/8/5 23:30,9855.96,28.87,TRADE
NSW1,2010/8/6 0:00,9586.57,26.03,TRADE
NSW1,2010/8/6 0:30,9317.43,26.54,TRADE
NSW1,2010/8/6 1:00,9103.48,25.54,TRADE
NSW1,2010/8/6 1:30,8926.28,30.5,TRADE
NSW1,2010/8/6 2:00,8664.27,27.1,TRADE
NSW1,2010/8/6 2:30,8291.36,25.26,TRADE
NSW1,2010/8/6 3:00,7925.91,23.58,TRADE
NSW1,2010/8/6 3:30,7674.72,23.18,TRADE
NSW1,2010/8/6 4:00,7490.52,19.93,TRADE
NSW1,2010/8/6 4:30,7476.13,20.01,TRADE
NSW1,2010/8/6 5:00,7513.78,20.53,TRADE
NSW1,2010/8/6 5:30,7837,25.32,TRADE
NSW1,2010/8/6 6:00,8352.05,26.38,TRADE
NSW1,2010/8/6 6:30,9333.62,27.17,TRADE
NSW1,2010/8/6 7:00,10286.37,40.41,TRADE
NSW1,2010/8/6 7:30,10766.58,27.05,TRADE
NSW1,2010/8/6 8:00,11149,26.83,TRADE
NSW1,2010/8/6 8:30,11156.23,31.38,TRADE
NSW1,2010/8/6 9:00,11040.51,46.59,TRADE
NSW1,2010/8/6 9:30,11035.1,44.92,TRADE
NSW1,2010/8/6 10:00,10887.52,32.15,TRADE
NSW1,2010/8/6 10:30,10750.45,31.46,TRADE
NSW1,2010/8/6 11:00,10545.74,29.09,TRADE
NSW1,2010/8/6 11:30,10365.31,27.87,TRADE
NSW1,2010/8/6 12:00,10191.78,26.15,TRADE
NSW1,2010/8/6 12:30,10077.54,25.5,TRADE
NSW1,2010/8/6 13:00,9915.83,25.5,TRADE
NSW1,2010/8/6 13:30,9710.27,25.5,TRADE
NSW1,2010/8/6 14:00,9729.98,25.79,TRADE
NSW1,2010/8/6 14:30,9682.54,25.56,TRADE
NSW1,2010/8/6 15:00,9533.06,25.5,TRADE
NSW1,2010/8/6 15:30,9484.51,25.5,TRADE
NSW1,2010/8/6 16:00,9645.94,25.5,TRADE
NSW1,2010/8/6 16:30,9870.22,25.5,TRADE
NSW1,2010/8/6 17:00,10139.88,25.44,TRADE
NSW1,2010/8/6 17:30,10701.59,42.62,TRADE
NSW1,2010/8/6 18:00,11496.47,97.06,TRADE
NSW1,2010/8/6 18:30,11744.88,84.07,TRADE
NSW1,2010/8/6 19:00,11736.52,67.38,TRADE
NSW1,2010/8/6 19:30,11493.44,38.08,TRADE
NSW1,2010/8/6 20:00,11367.53,46.92,TRADE
NSW1,2010/8/6 20:30,11147.98,37.54,TRADE
NSW1,2010/8/6 21:00,11033.42,34.48,TRADE
NSW1,2010/8/6 21:30,10776.7,30.4,TRADE
NSW1,2010/8/6 22:00,10471.51,28.03,TRADE
NSW1,2010/8/6 22:30,10551.74,72.57,TRADE
NSW1,2010/8/6 23:00,10289,54.15,TRADE
NSW1,2010/8/6 23:30,10044.38,49.34,TRADE
NSW1,2010/8/7 0:00,9802.23,37.04,TRADE
NSW1,2010/8/7 0:30,9516.4,32.44,TRADE
NSW1,2010/8/7 1:00,9264,27.07,TRADE
NSW1,2010/8/7 1:30,9005.99,31.36,TRADE
NSW1,2010/8/7 2:00,8719.88,26.47,TRADE
NSW1,2010/8/7 2:30,8283.56,25.42,TRADE
NSW1,2010/8/7 3:00,7944.48,25.19,TRADE
NSW1,2010/8/7 3:30,7648.99,25.07,TRADE
NSW1,2010/8/7 4:00,7509.88,19.41,TRADE
NSW1,2010/8/7 4:30,7432.29,20.73,TRADE
NSW1,2010/8/7 5:00,7365.05,20.01,TRADE
NSW1,2010/8/7 5:30,7467.93,21.42,TRADE
NSW1,2010/8/7 6:00,7686.47,24.21,TRADE
NSW1,2010/8/7 6:30,8005.01,24.89,TRADE
NSW1,2010/8/7 7:00,8347.19,25.46,TRADE
NSW1,2010/8/7 7:30,8876.63,27.89,TRADE
NSW1,2010/8/7 8:00,9531.31,41.72,TRADE
NSW1,2010/8/7 8:30,10086.64,69.98,TRADE
NSW1,2010/8/7 9:00,10358.86,74.88,TRADE
NSW1,2010/8/7 9:30,10500.66,90.83,TRADE
NSW1,2010/8/7 10:00,10292.78,60.58,TRADE
NSW1,2010/8/7 10:30,10127.83,46,TRADE
NSW1,2010/8/7 11:00,9895.32,44.51,TRADE
NSW1,2010/8/7 11:30,9583.34,25.5,TRADE
NSW1,2010/8/7 12:00,9379.51,25.5,TRADE
NSW1,2010/8/7 12:30,9149.5,25.5,TRADE
NSW1,2010/8/7 13:00,8993.49,25.38,TRADE
NSW1,2010/8/7 13:30,8859.49,25.5,TRADE
NSW1,2010/8/7 14:00,8757.37,25.21,TRADE
NSW1,2010/8/7 14:30,8675.87,25.01,TRADE
NSW1,2010/8/7 15:00,8692.58,25.01,TRADE
NSW1,2010/8/7 15:30,8734.15,25.09,TRADE
NSW1,2010/8/7 16:00,8806.27,25.13,TRADE
NSW1,2010/8/7 16:30,9096.68,25.96,TRADE
NSW1,2010/8/7 17:00,9530.98,31.1,TRADE
NSW1,2010/8/7 17:30,10030.39,46.69,TRADE
NSW1,2010/8/7 18:00,10968.76,81.9,TRADE
NSW1,2010/8/7 18:30,11090.3,90.71,TRADE
NSW1,2010/8/7 19:00,11063.49,56.99,TRADE
NSW1,2010/8/7 19:30,10788.02,38.64,TRADE
NSW1,2010/8/7 20:00,10611.31,40.79,TRADE
NSW1,2010/8/7 20:30,10426.55,43.73,TRADE
NSW1,2010/8/7 21:00,10246.18,39.76,TRADE
NSW1,2010/8/7 21:30,10118.51,43.96,TRADE
NSW1,2010/8/7 22:00,9880.08,34.53,TRADE
NSW1,2010/8/7 22:30,9827.61,45.9,TRADE
NSW1,2010/8/7 23:00,9619.83,31.48,TRADE
NSW1,2010/8/7 23:30,9366.22,29.97,TRADE
NSW1,2010/8/8 0:00,9134.63,27.51,TRADE
NSW1,2010/8/8 0:30,8812.01,28.61,TRADE
NSW1,2010/8/8 1:00,8566.93,26.65,TRADE
NSW1,2010/8/8 1:30,8352.97,27.13,TRADE
NSW1,2010/8/8 2:00,8058.69,25.33,TRADE
NSW1,2010/8/8 2:30,7681.26,22.19,TRADE
NSW1,2010/8/8 3:00,7463.57,20.07,TRADE
NSW1,2010/8/8 3:30,7279.37,20.07,TRADE
NSW1,2010/8/8 4:00,7172,16.25,TRADE
NSW1,2010/8/8 4:30,7100.04,15.98,TRADE
NSW1,2010/8/8 5:00,7158.37,20.01,TRADE
NSW1,2010/8/8 5:30,7205.92,20.01,TRADE
NSW1,2010/8/8 6:00,7410.53,20.22,TRADE
NSW1,2010/8/8 6:30,7651.44,20.23,TRADE
NSW1,2010/8/8 7:00,7914.86,21.65,TRADE
NSW1,2010/8/8 7:30,8302.34,23.49,TRADE
NSW1,2010/8/8 8:00,8855.75,25.67,TRADE
NSW1,2010/8/8 8:30,9374.83,30.72,TRADE
NSW1,2010/8/8 9:00,9707.63,28.97,TRADE
NSW1,2010/8/8 9:30,9829.65,41.65,TRADE
NSW1,2010/8/8 10:00,9809.14,36.13,TRADE
NSW1,2010/8/8 10:30,9684.95,31.6,TRADE
NSW1,2010/8/8 11:00,9474.6,26.75,TRADE
NSW1,2010/8/8 11:30,9148.74,25.29,TRADE
NSW1,2010/8/8 12:00,8982.8,25.49,TRADE
NSW1,2010/8/8 12:30,8841.43,25.4,TRADE
NSW1,2010/8/8 13:00,8687.08,25.21,TRADE
NSW1,2010/8/8 13:30,8487.96,25.05,TRADE
NSW1,2010/8/8 14:00,8424.3,25.01,TRADE
NSW1,2010/8/8 14:30,8342.58,25.01,TRADE
NSW1,2010/8/8 15:00,8334.53,24.82,TRADE
NSW1,2010/8/8 15:30,8391.57,24.82,TRADE
NSW1,2010/8/8 16:00,8541.56,25.01,TRADE
NSW1,2010/8/8 16:30,8788.23,25.3,TRADE
NSW1,2010/8/8 17:00,9182.24,25.5,TRADE
NSW1,2010/8/8 17:30,9792.63,27.86,TRADE
NSW1,2010/8/8 18:00,10814.94,48.85,TRADE
NSW1,2010/8/8 18:30,11285.87,90.15,TRADE
NSW1,2010/8/8 19:00,11268.89,85.29,TRADE
NSW1,2010/8/8 19:30,11060.52,59.3,TRADE
NSW1,2010/8/8 20:00,10880.63,60.3,TRADE
NSW1,2010/8/8 20:30,10772.14,73.66,TRADE
NSW1,2010/8/8 21:00,10582.51,75.56,TRADE
NSW1,2010/8/8 21:30,10261.72,57.37,TRADE
NSW1,2010/8/8 22:00,9795.05,30.68,TRADE
NSW1,2010/8/8 22:30,9588.13,29.37,TRADE
NSW1,2010/8/8 23:00,9275.82,25.7,TRADE
NSW1,2010/8/8 23:30,9018.32,26.88,TRADE
NSW1,2010/8/9 0:00,8758.54,25.41,TRADE
NSW1,2010/8/9 0:30,8522.69,25.52,TRADE
NSW1,2010/8/9 1:00,8305.94,25.29,TRADE
NSW1,2010/8/9 1:30,8174.96,27.95,TRADE
NSW1,2010/8/9 2:00,8027.1,26.51,TRADE
NSW1,2010/8/9 2:30,7711.88,25.5,TRADE
NSW1,2010/8/9 3:00,7478.42,25.04,TRADE
NSW1,2010/8/9 3:30,7350.47,23.32,TRADE
NSW1,2010/8/9 4:00,7265.46,22.69,TRADE
NSW1,2010/8/9 4:30,7308.42,22.59,TRADE
NSW1,2010/8/9 5:00,7448.52,22.98,TRADE
NSW1,2010/8/9 5:30,7791.96,24.99,TRADE
NSW1,2010/8/9 6:00,8293.48,25.25,TRADE
NSW1,2010/8/9 6:30,9305.52,27.76,TRADE
NSW1,2010/8/9 7:00,10273.81,32.43,TRADE
NSW1,2010/8/9 7:30,10768.42,27.64,TRADE
NSW1,2010/8/9 8:00,11294.01,44.78,TRADE
NSW1,2010/8/9 8:30,11270.08,45.7,TRADE
NSW1,2010/8/9 9:00,11120.95,33.63,TRADE
NSW1,2010/8/9 9:30,11036.55,34.9,TRADE
NSW1,2010/8/9 10:00,10848.67,36.1,TRADE
NSW1,2010/8/9 10:30,10713.26,31.08,TRADE
NSW1,2010/8/9 11:00,10499.43,26.85,TRADE
NSW1,2010/8/9 11:30,10275.68,25.49,TRADE
NSW1,2010/8/9 12:00,10102.17,25.27,TRADE
NSW1,2010/8/9 12:30,9965.99,25.75,TRADE
NSW1,2010/8/9 13:00,9855.88,25.26,TRADE
NSW1,2010/8/9 13:30,9748,26.26,TRADE
NSW1,2010/8/9 14:00,9683.23,25.25,TRADE
NSW1,2010/8/9 14:30,9626.08,25.25,TRADE
NSW1,2010/8/9 15:00,9538.38,25.25,TRADE
NSW1,2010/8/9 15:30,9466.58,25.25,TRADE
NSW1,2010/8/9 16:00,9554.73,25.25,TRADE
NSW1,2010/8/9 16:30,9710.78,25.25,TRADE
NSW1,2010/8/9 17:00,9964.95,23.55,TRADE
NSW1,2010/8/9 17:30,10545.43,24.28,TRADE
NSW1,2010/8/9 18:00,11409.44,25.96,TRADE
NSW1,2010/8/9 18:30,11718.84,30.44,TRADE
NSW1,2010/8/9 19:00,11622.39,27.77,TRADE
NSW1,2010/8/9 19:30,11442.74,25.47,TRADE
NSW1,2010/8/9 20:00,11152.65,25.27,TRADE
NSW1,2010/8/9 20:30,11092.65,48.83,TRADE
NSW1,2010/8/9 21:00,10869.79,42.97,TRADE
NSW1,2010/8/9 21:30,10589.79,32.29,TRADE
NSW1,2010/8/9 22:00,10211.96,26.82,TRADE
NSW1,2010/8/9 22:30,10077.38,46.12,TRADE
NSW1,2010/8/9 23:00,9708.28,25.7,TRADE
NSW1,2010/8/9 23:30,9458.29,26.54,TRADE
NSW1,2010/8/10 0:00,9276.01,25.25,TRADE
NSW1,2010/8/10 0:30,8990.58,25.25,TRADE
NSW1,2010/8/10 1:00,8880.7,25.25,TRADE
NSW1,2010/8/10 1:30,8649.95,28.24,TRADE
NSW1,2010/8/10 2:00,8433.24,25.25,TRADE
NSW1,2010/8/10 2:30,8018.28,25.79,TRADE
NSW1,2010/8/10 3:00,7613.52,25.25,TRADE
NSW1,2010/8/10 3:30,7336.34,22.38,TRADE
NSW1,2010/8/10 4:00,7171.88,20.29,TRADE
NSW1,2010/8/10 4:30,7082.91,20.01,TRADE
NSW1,2010/8/10 5:00,7194.66,20.83,TRADE
NSW1,2010/8/10 5:30,7516.59,24.9,TRADE
NSW1,2010/8/10 6:00,8023.37,25.25,TRADE
NSW1,2010/8/10 6:30,8951.26,25.21,TRADE
NSW1,2010/8/10 7:00,9920.34,29.78,TRADE
NSW1,2010/8/10 7:30,10398.03,25.85,TRADE
NSW1,2010/8/10 8:00,10824.23,31.71,TRADE
NSW1,2010/8/10 8:30,10894.78,6266.5,TRADE
NSW1,2010/8/10 9:00,10763.21,5738.78,TRADE
NSW1,2010/8/10 9:30,10848.28,25.19,TRADE
NSW1,2010/8/10 10:00,10956,32.91,TRADE
NSW1,2010/8/10 10:30,10945.37,32.38,TRADE
NSW1,2010/8/10 11:00,10891.22,36.96,TRADE
NSW1,2010/8/10 11:30,10794.03,32.23,TRADE
NSW1,2010/8/10 12:00,10694.27,32.85,TRADE
NSW1,2010/8/10 12:30,10663.71,32.63,TRADE
NSW1,2010/8/10 13:00,10661.5,32.94,TRADE
NSW1,2010/8/10 13:30,10522.88,33,TRADE
NSW1,2010/8/10 14:00,10517.96,32.39,TRADE
NSW1,2010/8/10 14:30,10493.34,29.54,TRADE
NSW1,2010/8/10 15:00,10439.07,26.23,TRADE
NSW1,2010/8/10 15:30,10408.22,25.44,TRADE
NSW1,2010/8/10 16:00,10579.76,26.24,TRADE
NSW1,2010/8/10 16:30,10794.11,25.6,TRADE
NSW1,2010/8/10 17:00,11045.36,25.74,TRADE
NSW1,2010/8/10 17:30,11446.19,28.51,TRADE
NSW1,2010/8/10 18:00,12001.86,41.97,TRADE
NSW1,2010/8/10 18:30,12033.49,43.22,TRADE
NSW1,2010/8/10 19:00,11829.72,41.91,TRADE
NSW1,2010/8/10 19:30,11555.12,28.15,TRADE
NSW1,2010/8/10 20:00,11258.8,25.35,TRADE
NSW1,2010/8/10 20:30,11013.99,28.54,TRADE
NSW1,2010/8/10 21:00,10758.13,27.22,TRADE
NSW1,2010/8/10 21:30,10387.84,26.09,TRADE
NSW1,2010/8/10 22:00,9962.15,25.25,TRADE
NSW1,2010/8/10 22:30,9919.94,27.13,TRADE
NSW1,2010/8/10 23:00,9557.72,25.21,TRADE
NSW1,2010/8/10 23:30,9283.62,25.25,TRADE
NSW1,2010/8/11 0:00,9023.52,25.75,TRADE
NSW1,2010/8/11 0:30,8817.4,26.97,TRADE
NSW1,2010/8/11 1:00,8619.22,25.25,TRADE
NSW1,2010/8/11 1:30,8474.63,30.07,TRADE
NSW1,2010/8/11 2:00,8225.24,25.54,TRADE
NSW1,2010/8/11 2:30,7843.77,25.25,TRADE
NSW1,2010/8/11 3:00,7476.58,23.42,TRADE
NSW1,2010/8/11 3:30,7235.8,20.88,TRADE
NSW1,2010/8/11 4:00,7104.13,20.04,TRADE
NSW1,2010/8/11 4:30,7091.46,22.29,TRADE
NSW1,2010/8/11 5:00,7145,23.31,TRADE
NSW1,2010/8/11 5:30,7442.16,25.11,TRADE
NSW1,2010/8/11 6:00,7800.36,25.75,TRADE
NSW1,2010/8/11 6:30,8686.72,26.49,TRADE
NSW1,2010/8/11 7:00,9597.82,29.93,TRADE
NSW1,2010/8/11 7:30,9982.47,25.92,TRADE
NSW1,2010/8/11 8:00,10448.38,30.23,TRADE
NSW1,2010/8/11 8:30,10530.93,29.48,TRADE
NSW1,2010/8/11 9:00,10437.07,27.27,TRADE
NSW1,2010/8/11 9:30,10456.73,26.08,TRADE
NSW1,2010/8/11 10:00,10476.12,27.6,TRADE
NSW1,2010/8/11 10:30,10430.25,28.35,TRADE
NSW1,2010/8/11 11:00,10272.89,25.85,TRADE
NSW1,2010/8/11 11:30,10054.04,25.5,TRADE
NSW1,2010/8/11 12:00,9993.82,25.5,TRADE
NSW1,2010/8/11 12:30,9960.56,25.61,TRADE
NSW1,2010/8/11 13:00,9778.11,25.5,TRADE
NSW1,2010/8/11 13:30,9693.26,25.5,TRADE
NSW1,2010/8/11 14:00,9624.71,25.44,TRADE
NSW1,2010/8/11 14:30,9650.48,25.5,TRADE
NSW1,2010/8/11 15:00,9527.59,25.5,TRADE
NSW1,2010/8/11 15:30,9498.82,25.5,TRADE
NSW1,2010/8/11 16:00,9596.9,25.5,TRADE
NSW1,2010/8/11 16:30,9768.85,25.5,TRADE
NSW1,2010/8/11 17:00,10091.53,25.53,TRADE
NSW1,2010/8/11 17:30,10623.49,27.31,TRADE
NSW1,2010/8/11 18:00,11407.7,55.55,TRADE
NSW1,2010/8/11 18:30,11699.05,77.98,TRADE
NSW1,2010/8/11 19:00,11628.27,60.42,TRADE
NSW1,2010/8/11 19:30,11392.34,34.77,TRADE
NSW1,2010/8/11 20:00,11189.29,32.65,TRADE
NSW1,2010/8/11 20:30,11015.15,33.58,TRADE
NSW1,2010/8/11 21:00,10807.16,31.75,TRADE
NSW1,2010/8/11 21:30,10570.65,28.41,TRADE
NSW1,2010/8/11 22:00,10176.98,25.46,TRADE
NSW1,2010/8/11 22:30,10061.61,26.75,TRADE
NSW1,2010/8/11 23:00,9741.1,25.42,TRADE
NSW1,2010/8/11 23:30,9509.67,25.68,TRADE
NSW1,2010/8/12 0:00,9223.41,25.38,TRADE
NSW1,2010/8/12 0:30,8905.12,25.48,TRADE
NSW1,2010/8/12 1:00,8739.31,25.33,TRADE
NSW1,2010/8/12 1:30,8564.7,26.06,TRADE
NSW1,2010/8/12 2:00,8395.72,25.41,TRADE
NSW1,2010/8/12 2:30,8011.95,25.75,TRADE
NSW1,2010/8/12 3:00,7711.27,25.1,TRADE
NSW1,2010/8/12 3:30,7480.13,23.29,TRADE
NSW1,2010/8/12 4:00,7344.24,20.02,TRADE
NSW1,2010/8/12 4:30,7318.39,20.16,TRADE
NSW1,2010/8/12 5:00,7362.14,20.01,TRADE
NSW1,2010/8/12 5:30,7652.16,24.22,TRADE
NSW1,2010/8/12 6:00,8055.81,25.22,TRADE
NSW1,2010/8/12 6:30,8982.98,25.34,TRADE
NSW1,2010/8/12 7:00,9872.88,27.31,TRADE
NSW1,2010/8/12 7:30,10255.14,25.96,TRADE
NSW1,2010/8/12 8:00,10651.63,28.11,TRADE
NSW1,2010/8/12 8:30,10703.73,29.59,TRADE
NSW1,2010/8/12 9:00,10474.93,25.48,TRADE
NSW1,2010/8/12 9:30,10435.49,25.5,TRADE
NSW1,2010/8/12 10:00,10398.18,25.85,TRADE
NSW1,2010/8/12 10:30,10382.5,25.76,TRADE
NSW1,2010/8/12 11:00,10298.24,25.52,TRADE
NSW1,2010/8/12 11:30,10030.47,25.52,TRADE
NSW1,2010/8/12 12:00,9972.1,25.46,TRADE
NSW1,2010/8/12 12:30,9952.57,25.86,TRADE
NSW1,2010/8/12 13:00,9850.8,25.5,TRADE
NSW1,2010/8/12 13:30,9805.12,25.98,TRADE
NSW1,2010/8/12 14:00,9785.69,25.5,TRADE
NSW1,2010/8/12 14:30,9774,25.46,TRADE
NSW1,2010/8/12 15:00,9770.96,25.5,TRADE
NSW1,2010/8/12 15:30,9795.94,25.5,TRADE
NSW1,2010/8/12 16:00,10043.07,26.37,TRADE
NSW1,2010/8/12 16:30,10336.79,25.5,TRADE
NSW1,2010/8/12 17:00,10651.58,25.53,TRADE
NSW1,2010/8/12 17:30,11139.94,25.43,TRADE
NSW1,2010/8/12 18:00,11779.26,57.91,TRADE
NSW1,2010/8/12 18:30,12022.09,61.76,TRADE
NSW1,2010/8/12 19:00,11935.14,53.95,TRADE
NSW1,2010/8/12 19:30,11673.22,58.16,TRADE
NSW1,2010/8/12 20:00,11530.01,43.33,TRADE
NSW1,2010/8/12 20:30,11365.02,44.65,TRADE
NSW1,2010/8/12 21:00,11076.1,38.29,TRADE
NSW1,2010/8/12 21:30,10660.26,30.76,TRADE
NSW1,2010/8/12 22:00,10192.48,25.37,TRADE
NSW1,2010/8/12 22:30,10181.63,28.98,TRADE
NSW1,2010/8/12 23:00,9839.2,26.42,TRADE
NSW1,2010/8/12 23:30,9567.36,25.53,TRADE
NSW1,2010/8/13 0:00,9322.81,26.86,TRADE
NSW1,2010/8/13 0:30,9102.86,25.5,TRADE
NSW1,2010/8/13 1:00,8879.75,25.5,TRADE
NSW1,2010/8/13 1:30,8720.47,27.19,TRADE
NSW1,2010/8/13 2:00,8493.81,25.5,TRADE
NSW1,2010/8/13 2:30,8094.05,27.49,TRADE
NSW1,2010/8/13 3:00,7743.18,25.5,TRADE
NSW1,2010/8/13 3:30,7557.17,25.44,TRADE
NSW1,2010/8/13 4:00,7400.69,23.31,TRADE
NSW1,2010/8/13 4:30,7380.12,24.2,TRADE
NSW1,2010/8/13 5:00,7481.71,25.19,TRADE
NSW1,2010/8/13 5:30,7802.17,25.26,TRADE
NSW1,2010/8/13 6:00,8244.77,26.24,TRADE
NSW1,2010/8/13 6:30,9146.13,25.77,TRADE
NSW1,2010/8/13 7:00,10025.89,29.23,TRADE
NSW1,2010/8/13 7:30,10430.73,25.68,TRADE
NSW1,2010/8/13 8:00,10805.45,29.04,TRADE
NSW1,2010/8/13 8:30,10815.18,31.86,TRADE
NSW1,2010/8/13 9:00,10614.64,26.37,TRADE
NSW1,2010/8/13 9:30,10550.67,26.15,TRADE
NSW1,2010/8/13 10:00,10374.68,25.5,TRADE
NSW1,2010/8/13 10:30,10275.93,25.65,TRADE
NSW1,2010/8/13 11:00,10114.86,25.4,TRADE
NSW1,2010/8/13 11:30,9836.49,25.51,TRADE
NSW1,2010/8/13 12:00,9708.36,25.5,TRADE
NSW1,2010/8/13 12:30,9694.25,25.5,TRADE
NSW1,2010/8/13 13:00,9599.29,25.5,TRADE
NSW1,2010/8/13 13:30,9499.46,25.5,TRADE
NSW1,2010/8/13 14:00,9406.83,25.49,TRADE
NSW1,2010/8/13 14:30,9373.4,25.37,TRADE
NSW1,2010/8/13 15:00,9257.07,25.09,TRADE
NSW1,2010/8/13 15:30,9258.18,25.01,TRADE
NSW1,2010/8/13 16:00,9300.73,25.09,TRADE
NSW1,2010/8/13 16:30,9395.56,25.12,TRADE
NSW1,2010/8/13 17:00,9541.75,25.39,TRADE
NSW1,2010/8/13 17:30,9956.3,26.75,TRADE
NSW1,2010/8/13 18:00,10688.34,27.72,TRADE
NSW1,2010/8/13 18:30,10979.31,27.49,TRADE
NSW1,2010/8/13 19:00,10949.35,27.08,TRADE
NSW1,2010/8/13 19:30,10712.27,25.28,TRADE
NSW1,2010/8/13 20:00,10562.65,25.37,TRADE
NSW1,2010/8/13 20:30,10487.12,25.5,TRADE
NSW1,2010/8/13 21:00,10322.66,25.89,TRADE
NSW1,2010/8/13 21:30,10117.23,25.5,TRADE
NSW1,2010/8/13 22:00,9883.74,25.39,TRADE
NSW1,2010/8/13 22:30,10005.82,26.59,TRADE
NSW1,2010/8/13 23:00,9805.19,25.62,TRADE
NSW1,2010/8/13 23:30,9658.01,27.21,TRADE
NSW1,2010/8/14 0:00,9446.04,26.23,TRADE
NSW1,2010/8/14 0:30,9149.81,25.13,TRADE
NSW1,2010/8/14 1:00,8961.1,25.01,TRADE
NSW1,2010/8/14 1:30,8707.69,25.05,TRADE
NSW1,2010/8/14 2:00,8402.79,23.34,TRADE
NSW1,2010/8/14 2:30,7986.48,20.18,TRADE
NSW1,2010/8/14 3:00,7667.4,18.75,TRADE
NSW1,2010/8/14 3:30,7367.94,16.31,TRADE
NSW1,2010/8/14 4:00,7159.66,12.9,TRADE
NSW1,2010/8/14 4:30,7099.18,11.75,TRADE
NSW1,2010/8/14 5:00,7108.16,13.64,TRADE
NSW1,2010/8/14 5:30,7240.51,18.79,TRADE
NSW1,2010/8/14 6:00,7382.92,20.4,TRADE
NSW1,2010/8/14 6:30,7688.8,20.29,TRADE
NSW1,2010/8/14 7:00,8048.06,21.64,TRADE
NSW1,2010/8/14 7:30,8549.8,23.8,TRADE
NSW1,2010/8/14 8:00,9138.47,24.74,TRADE
NSW1,2010/8/14 8:30,9531.7,25.37,TRADE
NSW1,2010/8/14 9:00,9661.21,25.48,TRADE
NSW1,2010/8/14 9:30,9824.29,25.85,TRADE
NSW1,2010/8/14 10:00,9682.08,25.42,TRADE
NSW1,2010/8/14 10:30,9531.35,25.14,TRADE
NSW1,2010/8/14 11:00,9311.34,25.25,TRADE
NSW1,2010/8/14 11:30,9048.55,25.05,TRADE
NSW1,2010/8/14 12:00,8873.26,25.01,TRADE
NSW1,2010/8/14 12:30,8729.07,24.93,TRADE
NSW1,2010/8/14 13:00,8596.9,22.99,TRADE
NSW1,2010/8/14 13:30,8437.2,20.82,TRADE
NSW1,2010/8/14 14:00,8307.78,20.8,TRADE
NSW1,2010/8/14 14:30,8281.39,20.29,TRADE
NSW1,2010/8/14 15:00,8201.18,20.14,TRADE
NSW1,2010/8/14 15:30,8167.59,20.53,TRADE
NSW1,2010/8/14 16:00,8294.56,22.34,TRADE
NSW1,2010/8/14 16:30,8490.06,24.09,TRADE
NSW1,2010/8/14 17:00,8735.36,23.86,TRADE
NSW1,2010/8/14 17:30,9014.33,25.13,TRADE
NSW1,2010/8/14 18:00,9768.6,25.83,TRADE
NSW1,2010/8/14 18:30,10155.38,25.5,TRADE
NSW1,2010/8/14 19:00,10119.26,25.5,TRADE
NSW1,2010/8/14 19:30,9838.28,25.37,TRADE
NSW1,2010/8/14 20:00,9569,25.44,TRADE
NSW1,2010/8/14 20:30,9483.26,25.45,TRADE
NSW1,2010/8/14 21:00,9389.6,25.25,TRADE
NSW1,2010/8/14 21:30,9219.56,25.09,TRADE
NSW1,2010/8/14 22:00,9007.72,25.03,TRADE
NSW1,2010/8/14 22:30,8977.74,24.76,TRADE
NSW1,2010/8/14 23:00,8777.42,23.34,TRADE
NSW1,2010/8/14 23:30,8675.46,23.4,TRADE
NSW1,2010/8/15 0:00,8421.41,22.53,TRADE
NSW1,2010/8/15 0:30,8182.24,20.43,TRADE
NSW1,2010/8/15 1:00,7900.28,19.91,TRADE
NSW1,2010/8/15 1:30,7673.27,20.3,TRADE
NSW1,2010/8/15 2:00,7454.5,16.29,TRADE
NSW1,2010/8/15 2:30,7116.6,13.54,TRADE
NSW1,2010/8/15 3:00,6860.12,12.25,TRADE
NSW1,2010/8/15 3:30,6652.74,14.62,TRADE
NSW1,2010/8/15 4:00,6596.64,11.52,TRADE
NSW1,2010/8/15 4:30,6456.54,11.03,TRADE
NSW1,2010/8/15 5:00,6511.48,9.94,TRADE
NSW1,2010/8/15 5:30,6588.62,11.54,TRADE
NSW1,2010/8/15 6:00,6710.32,12.36,TRADE
NSW1,2010/8/15 6:30,6912.52,12.73,TRADE
NSW1,2010/8/15 7:00,7068.39,15.96,TRADE
NSW1,2010/8/15 7:30,7385.76,18.67,TRADE
NSW1,2010/8/15 8:00,7820.51,20.35,TRADE
NSW1,2010/8/15 8:30,8320.43,21.76,TRADE
NSW1,2010/8/15 9:00,8631.64,23.64,TRADE
NSW1,2010/8/15 9:30,8904.31,24.79,TRADE
NSW1,2010/8/15 10:00,8908.37,24.29,TRADE
NSW1,2010/8/15 10:30,8845.88,24.18,TRADE
NSW1,2010/8/15 11:00,8701.95,23.39,TRADE
NSW1,2010/8/15 11:30,8586.53,23.66,TRADE
NSW1,2010/8/15 12:00,8485.86,23.84,TRADE
NSW1,2010/8/15 12:30,8540.62,24.42,TRADE
NSW1,2010/8/15 13:00,8590.42,24.98,TRADE
NSW1,2010/8/15 13:30,8415.18,24.26,TRADE
NSW1,2010/8/15 14:00,8266.25,23.48,TRADE
NSW1,2010/8/15 14:30,7873.95,20.88,TRADE
NSW1,2010/8/15 15:00,8018.21,22.97,TRADE
NSW1,2010/8/15 15:30,8136.98,23.25,TRADE
NSW1,2010/8/15 16:00,8210.09,23.66,TRADE
NSW1,2010/8/15 16:30,8423.75,24.67,TRADE
NSW1,2010/8/15 17:00,8640.96,24.78,TRADE
NSW1,2010/8/15 17:30,8982.79,25.34,TRADE
NSW1,2010/8/15 18:00,9752.13,27.06,TRADE
NSW1,2010/8/15 18:30,10235.38,27.43,TRADE
NSW1,2010/8/15 19:00,10216.48,28.07,TRADE
NSW1,2010/8/15 19:30,10033.03,25.53,TRADE
NSW1,2010/8/15 20:00,9863.31,26.26,TRADE
NSW1,2010/8/15 20:30,9669.01,26.53,TRADE
NSW1,2010/8/15 21:00,9484.27,26.23,TRADE
NSW1,2010/8/15 21:30,9306.81,25.42,TRADE
NSW1,2010/8/15 22:00,8913.73,25.21,TRADE
NSW1,2010/8/15 22:30,8849.77,25.05,TRADE
NSW1,2010/8/15 23:00,8559.37,24.78,TRADE
NSW1,2010/8/15 23:30,8395.03,24.23,TRADE
NSW1,2010/8/16 0:00,8151.51,23.74,TRADE
NSW1,2010/8/16 0:30,7920.59,21.91,TRADE
NSW1,2010/8/16 1:00,7728.46,20.36,TRADE
NSW1,2010/8/16 1:30,7543.48,22.92,TRADE
NSW1,2010/8/16 2:00,7417.93,20.37,TRADE
NSW1,2010/8/16 2:30,7110.91,19.61,TRADE
NSW1,2010/8/16 3:00,6857.61,15.14,TRADE
NSW1,2010/8/16 3:30,6719.95,14.26,TRADE
NSW1,2010/8/16 4:00,6627.18,12.33,TRADE
NSW1,2010/8/16 4:30,6659.34,14.65,TRADE
NSW1,2010/8/16 5:00,6820.07,17.52,TRADE
NSW1,2010/8/16 5:30,7158.15,20.23,TRADE
NSW1,2010/8/16 6:00,7602.06,21.4,TRADE
NSW1,2010/8/16 6:30,8424.94,24.07,TRADE
NSW1,2010/8/16 7:00,9242.04,25.04,TRADE
NSW1,2010/8/16 7:30,9652.55,25.19,TRADE
NSW1,2010/8/16 8:00,9969.25,25.56,TRADE
NSW1,2010/8/16 8:30,10099.62,25.5,TRADE
NSW1,2010/8/16 9:00,9928.53,25.5,TRADE
NSW1,2010/8/16 9:30,9924.07,25.5,TRADE
NSW1,2010/8/16 10:00,9938.1,25.5,TRADE
NSW1,2010/8/16 10:30,9975.91,25.5,TRADE
NSW1,2010/8/16 11:00,9901.18,25.5,TRADE
NSW1,2010/8/16 11:30,9774.32,25.5,TRADE
NSW1,2010/8/16 12:00,9605.45,25.5,TRADE
NSW1,2010/8/16 12:30,9488.85,25.5,TRADE
NSW1,2010/8/16 13:00,9473.57,25.5,TRADE
NSW1,2010/8/16 13:30,9516.11,25.5,TRADE
NSW1,2010/8/16 14:00,9446.5,25.5,TRADE
NSW1,2010/8/16 14:30,9351.15,25.5,TRADE
NSW1,2010/8/16 15:00,9322.11,25.5,TRADE
NSW1,2010/8/16 15:30,9266.62,25.31,TRADE
NSW1,2010/8/16 16:00,9283.25,25.29,TRADE
NSW1,2010/8/16 16:30,9466.77,25.48,TRADE
NSW1,2010/8/16 17:00,9637.16,25.5,TRADE
NSW1,2010/8/16 17:30,10128.35,26.44,TRADE
NSW1,2010/8/16 18:00,10942.16,27.8,TRADE
NSW1,2010/8/16 18:30,11318.06,39.45,TRADE
NSW1,2010/8/16 19:00,11259.05,47.02,TRADE
NSW1,2010/8/16 19:30,11060.27,28.21,TRADE
NSW1,2010/8/16 20:00,10774.95,26,TRADE
NSW1,2010/8/16 20:30,10580.62,27.16,TRADE
NSW1,2010/8/16 21:00,10436.92,25.46,TRADE
NSW1,2010/8/16 21:30,10029.29,25.44,TRADE
NSW1,2010/8/16 22:00,9679.47,25.36,TRADE
NSW1,2010/8/16 22:30,9666.15,28.01,TRADE
NSW1,2010/8/16 23:00,9123.32,25.39,TRADE
NSW1,2010/8/16 23:30,8985.68,25.53,TRADE
NSW1,2010/8/17 0:00,9087.91,25.57,TRADE
NSW1,2010/8/17 0:30,8903.14,26.54,TRADE
NSW1,2010/8/17 1:00,8667.04,25.5,TRADE
NSW1,2010/8/17 1:30,8565.16,28.62,TRADE
NSW1,2010/8/17 2:00,8257.56,25.44,TRADE
NSW1,2010/8/17 2:30,7907.41,25.42,TRADE
NSW1,2010/8/17 3:00,7584.14,23.78,TRADE
NSW1,2010/8/17 3:30,7377.1,24.25,TRADE
NSW1,2010/8/17 4:00,7238.42,24.37,TRADE
NSW1,2010/8/17 4:30,7207.2,23.11,TRADE
NSW1,2010/8/17 5:00,7329.3,24.22,TRADE
NSW1,2010/8/17 5:30,7791.23,25.22,TRADE
NSW1,2010/8/17 6:00,8243.2,25.59,TRADE
NSW1,2010/8/17 6:30,9197.77,26.21,TRADE
NSW1,2010/8/17 7:00,10054.87,27.12,TRADE
NSW1,2010/8/17 7:30,10502.4,26.36,TRADE
NSW1,2010/8/17 8:00,10815.71,32.65,TRADE
NSW1,2010/8/17 8:30,10736.32,30.36,TRADE
NSW1,2010/8/17 9:00,10535.18,26.72,TRADE
NSW1,2010/8/17 9:30,10499.75,26.36,TRADE
NSW1,2010/8/17 10:00,10361.68,25.5,TRADE
NSW1,2010/8/17 10:30,10257.72,25.51,TRADE
NSW1,2010/8/17 11:00,10093.04,25.5,TRADE
NSW1,2010/8/17 11:30,9910.23,25.5,TRADE
NSW1,2010/8/17 12:00,9773.58,25.5,TRADE
NSW1,2010/8/17 12:30,9667.02,25.5,TRADE
NSW1,2010/8/17 13:00,9545.52,25.5,TRADE
NSW1,2010/8/17 13:30,9474.32,25.52,TRADE
NSW1,2010/8/17 14:00,9419.95,25.5,TRADE
NSW1,2010/8/17 14:30,9342.33,25.48,TRADE
NSW1,2010/8/17 15:00,9280.3,25.5,TRADE
NSW1,2010/8/17 15:30,9191.82,25.42,TRADE
NSW1,2010/8/17 16:00,9198.03,25.42,TRADE
NSW1,2010/8/17 16:30,9426.12,25.5,TRADE
NSW1,2010/8/17 17:00,9812.03,25.64,TRADE
NSW1,2010/8/17 17:30,10392.08,25.83,TRADE
NSW1,2010/8/17 18:00,11258.44,33.33,TRADE
NSW1,2010/8/17 18:30,11661.35,46.26,TRADE
NSW1,2010/8/17 19:00,11679.46,48.81,TRADE
NSW1,2010/8/17 19:30,11502.97,32.81,TRADE
NSW1,2010/8/17 20:00,11318.51,32.32,TRADE
NSW1,2010/8/17 20:30,11197.76,30.84,TRADE
NSW1,2010/8/17 21:00,10944.41,27.9,TRADE
NSW1,2010/8/17 21:30,10653.46,25.54,TRADE
NSW1,2010/8/17 22:00,10242.36,25.27,TRADE
NSW1,2010/8/17 22:30,10152.47,26.65,TRADE
NSW1,2010/8/17 23:00,9784.82,25.28,TRADE
NSW1,2010/8/17 23:30,9489.7,25.66,TRADE
NSW1,2010/8/18 0:00,9341.22,25.48,TRADE
NSW1,2010/8/18 0:30,9119.95,26.26,TRADE
NSW1,2010/8/18 1:00,8893.93,25.31,TRADE
NSW1,2010/8/18 1:30,8720.49,26.41,TRADE
NSW1,2010/8/18 2:00,8498.76,25.22,TRADE
NSW1,2010/8/18 2:30,8085.83,23.3,TRADE
NSW1,2010/8/18 3:00,7799.82,20.35,TRADE
NSW1,2010/8/18 3:30,7528.74,20.41,TRADE
NSW1,2010/8/18 4:00,7333.22,16.13,TRADE
NSW1,2010/8/18 4:30,7298.49,15.92,TRADE
NSW1,2010/8/18 5:00,7455.1,20.24,TRADE
NSW1,2010/8/18 5:30,7744.09,24.01,TRADE
NSW1,2010/8/18 6:00,8217.58,25.99,TRADE
NSW1,2010/8/18 6:30,9193.39,26.13,TRADE
NSW1,2010/8/18 7:00,10122.54,27.45,TRADE
NSW1,2010/8/18 7:30,10585.34,25.91,TRADE
NSW1,2010/8/18 8:00,10998.44,34.46,TRADE
NSW1,2010/8/18 8:30,10967.66,35.11,TRADE
NSW1,2010/8/18 9:00,10710.01,27.35,TRADE
NSW1,2010/8/18 9:30,10585.18,26.49,TRADE
NSW1,2010/8/18 10:00,10446.97,25.89,TRADE
NSW1,2010/8/18 10:30,10245.97,25.5,TRADE
NSW1,2010/8/18 11:00,10098.23,25.42,TRADE
NSW1,2010/8/18 11:30,9881.22,25.46,TRADE
NSW1,2010/8/18 12:00,9731.68,25.5,TRADE
NSW1,2010/8/18 12:30,9652.33,25.49,TRADE
NSW1,2010/8/18 13:00,9571.84,25.42,TRADE
NSW1,2010/8/18 13:30,9599.45,26.5,TRADE
NSW1,2010/8/18 14:00,9657.19,25.5,TRADE
NSW1,2010/8/18 14:30,9622.67,25.5,TRADE
NSW1,2010/8/18 15:00,9566.7,25.5,TRADE
NSW1,2010/8/18 15:30,9480.13,25.5,TRADE
NSW1,2010/8/18 16:00,9542.27,25.5,TRADE
NSW1,2010/8/18 16:30,9657.29,25.5,TRADE
NSW1,2010/8/18 17:00,9895.64,25.52,TRADE
NSW1,2010/8/18 17:30,10382.89,26.24,TRADE
NSW1,2010/8/18 18:00,11002.66,29.38,TRADE
NSW1,2010/8/18 18:30,11122.4,32.16,TRADE
NSW1,2010/8/18 19:00,11006.16,31.45,TRADE
NSW1,2010/8/18 19:30,10735.86,27.2,TRADE
NSW1,2010/8/18 20:00,10474.92,25.5,TRADE
NSW1,2010/8/18 20:30,10266.97,25.47,TRADE
NSW1,2010/8/18 21:00,10054.19,25.5,TRADE
NSW1,2010/8/18 21:30,9706.77,25.4,TRADE
NSW1,2010/8/18 22:00,9313.72,25.05,TRADE
NSW1,2010/8/18 22:30,9339.5,25.42,TRADE
NSW1,2010/8/18 23:00,9070.25,24.92,TRADE
NSW1,2010/8/18 23:30,8911.03,23.66,TRADE
NSW1,2010/8/19 0:00,8674.59,23.42,TRADE
NSW1,2010/8/19 0:30,8453.83,21.32,TRADE
NSW1,2010/8/19 1:00,8284.53,20.26,TRADE
NSW1,2010/8/19 1:30,8143.04,23.93,TRADE
NSW1,2010/8/19 2:00,7890.67,20.48,TRADE
NSW1,2010/8/19 2:30,7468.06,16.51,TRADE
NSW1,2010/8/19 3:00,7110.34,12.42,TRADE
NSW1,2010/8/19 3:30,6846.33,11.61,TRADE
NSW1,2010/8/19 4:00,6696.26,12.45,TRADE
NSW1,2010/8/19 4:30,6698.94,12.24,TRADE
NSW1,2010/8/19 5:00,6764.96,13.31,TRADE
NSW1,2010/8/19 5:30,7077.68,19.24,TRADE
NSW1,2010/8/19 6:00,7537.27,21.38,TRADE
NSW1,2010/8/19 6:30,8318.28,24.66,TRADE
NSW1,2010/8/19 7:00,9017.05,25.05,TRADE
NSW1,2010/8/19 7:30,9284.07,25.07,TRADE
NSW1,2010/8/19 8:00,9556.07,25.5,TRADE
NSW1,2010/8/19 8:30,9573.04,25.5,TRADE
NSW1,2010/8/19 9:00,9455.38,25.4,TRADE
NSW1,2010/8/19 9:30,9505.55,25.46,TRADE
NSW1,2010/8/19 10:00,9464.06,25.49,TRADE
NSW1,2010/8/19 10:30,9464.86,25.32,TRADE
NSW1,2010/8/19 11:00,9429.14,25.22,TRADE
NSW1,2010/8/19 11:30,9263.75,25.08,TRADE
NSW1,2010/8/19 12:00,9191.97,25.16,TRADE
NSW1,2010/8/19 12:30,9200.65,25.21,TRADE
NSW1,2010/8/19 13:00,9231.37,25.22,TRADE
NSW1,2010/8/19 13:30,9195.83,25.25,TRADE
NSW1,2010/8/19 14:00,9125.33,25.18,TRADE
NSW1,2010/8/19 14:30,9109.93,25.25,TRADE
NSW1,2010/8/19 15:00,9081.41,25.23,TRADE
NSW1,2010/8/19 15:30,9043.17,25.07,TRADE
NSW1,2010/8/19 16:00,9053.95,25.17,TRADE
NSW1,2010/8/19 16:30,9122.13,25.15,TRADE
NSW1,2010/8/19 17:00,9231.37,25.08,TRADE
NSW1,2010/8/19 17:30,9452.54,25.31,TRADE
NSW1,2010/8/19 18:00,10057.22,25.94,TRADE
NSW1,2010/8/19 18:30,10337.06,25.5,TRADE
NSW1,2010/8/19 19:00,10214.49,25.46,TRADE
NSW1,2010/8/19 19:30,10030.88,25.47,TRADE
NSW1,2010/8/19 20:00,9791.58,25.49,TRADE
NSW1,2010/8/19 20:30,9677.48,25.5,TRADE
NSW1,2010/8/19 21:00,9462.85,25.48,TRADE
NSW1,2010/8/19 21:30,9209.9,25.21,TRADE
NSW1,2010/8/19 22:00,8886.95,24.94,TRADE
NSW1,2010/8/19 22:30,8986.79,25.01,TRADE
NSW1,2010/8/19 23:00,8740.72,23.42,TRADE
NSW1,2010/8/19 23:30,8644.76,23.25,TRADE
NSW1,2010/8/20 0:00,8603.77,23.36,TRADE
NSW1,2010/8/20 0:30,8359.85,21.61,TRADE
NSW1,2010/8/20 1:00,8227.96,20.34,TRADE
NSW1,2010/8/20 1:30,8023.07,23.18,TRADE
NSW1,2010/8/20 2:00,7767.17,20.67,TRADE
NSW1,2010/8/20 2:30,7360.67,18.04,TRADE
NSW1,2010/8/20 3:00,7041.52,19.15,TRADE
NSW1,2010/8/20 3:30,6820.11,16.8,TRADE
NSW1,2010/8/20 4:00,6708.24,14.93,TRADE
NSW1,2010/8/20 4:30,6675.38,15.49,TRADE
NSW1,2010/8/20 5:00,6797.09,19.34,TRADE
NSW1,2010/8/20 5:30,7123.68,20.95,TRADE
NSW1,2010/8/20 6:00,7518.31,20.6,TRADE
NSW1,2010/8/20 6:30,8343.22,24.38,TRADE
NSW1,2010/8/20 7:00,9115.46,25.13,TRADE
NSW1,2010/8/20 7:30,9427.66,25.14,TRADE
NSW1,2010/8/20 8:00,9757.83,25.5,TRADE
NSW1,2010/8/20 8:30,9772.7,25.39,TRADE
NSW1,2010/8/20 9:00,9637.41,25.26,TRADE
NSW1,2010/8/20 9:30,9670.18,25.5,TRADE
NSW1,2010/8/20 10:00,9642.33,25.57,TRADE
NSW1,2010/8/20 10:30,9615.76,25.47,TRADE
NSW1,2010/8/20 11:00,9585.57,25.49,TRADE
NSW1,2010/8/20 11:30,9446.36,25.49,TRADE
NSW1,2010/8/20 12:00,9370.04,25.43,TRADE
NSW1,2010/8/20 12:30,9168.82,25.22,TRADE
NSW1,2010/8/20 13:00,9106.34,25.2,TRADE
NSW1,2010/8/20 13:30,9103.89,25.23,TRADE
NSW1,2010/8/20 14:00,9006.36,25.05,TRADE
NSW1,2010/8/20 14:30,8990.46,23.48,TRADE
NSW1,2010/8/20 15:00,8922.12,23.07,TRADE
NSW1,2010/8/20 15:30,8870.29,21.98,TRADE
NSW1,2010/8/20 16:00,8957.74,23.26,TRADE
NSW1,2010/8/20 16:30,9053.22,24.39,TRADE
NSW1,2010/8/20 17:00,9217.45,25.35,TRADE
NSW1,2010/8/20 17:30,9568.87,25.49,TRADE
NSW1,2010/8/20 18:00,10204.02,25.9,TRADE
NSW1,2010/8/20 18:30,10509.95,25.5,TRADE
NSW1,2010/8/20 19:00,10426.15,25.5,TRADE
NSW1,2010/8/20 19:30,10218,25.5,TRADE
NSW1,2010/8/20 20:00,10023.69,25.5,TRADE
NSW1,2010/8/20 20:30,9954.7,25.5,TRADE
NSW1,2010/8/20 21:00,9809.37,25.52,TRADE
NSW1,2010/8/20 21:30,9579.07,25.49,TRADE
NSW1,2010/8/20 22:00,9373.82,25.47,TRADE
NSW1,2010/8/20 22:30,9477.58,26.98,TRADE
NSW1,2010/8/20 23:00,9289.96,25.47,TRADE
NSW1,2010/8/20 23:30,9160.4,25.88,TRADE
NSW1,2010/8/21 0:00,9057.33,25.64,TRADE
NSW1,2010/8/21 0:30,8770.29,25.46,TRADE
NSW1,2010/8/21 1:00,8566.68,25.25,TRADE
NSW1,2010/8/21 1:30,8357.92,25.55,TRADE
NSW1,2010/8/21 2:00,8046.79,24.98,TRADE
NSW1,2010/8/21 2:30,7688.16,22.28,TRADE
NSW1,2010/8/21 3:00,7305.07,20.01,TRADE
NSW1,2010/8/21 3:30,7059.12,18.69,TRADE
NSW1,2010/8/21 4:00,6845.48,18.34,TRADE
NSW1,2010/8/21 4:30,6814.19,19.78,TRADE
NSW1,2010/8/21 5:00,6805.73,20,TRADE
NSW1,2010/8/21 5:30,6911.51,20.76,TRADE
NSW1,2010/8/21 6:00,7059.48,20.3,TRADE
NSW1,2010/8/21 6:30,7459.9,20.88,TRADE
NSW1,2010/8/21 7:00,7841.65,23.45,TRADE
NSW1,2010/8/21 7:30,8354.28,25.34,TRADE
NSW1,2010/8/21 8:00,8870.05,25.5,TRADE
NSW1,2010/8/21 8:30,9235.66,25.5,TRADE
NSW1,2010/8/21 9:00,9381.66,26.42,TRADE
NSW1,2010/8/21 9:30,9581.16,27.71,TRADE
NSW1,2010/8/21 10:00,9415.29,25.5,TRADE
NSW1,2010/8/21 10:30,9294.1,25.54,TRADE
NSW1,2010/8/21 11:00,9090.19,25.5,TRADE
NSW1,2010/8/21 11:30,8891.61,25.6,TRADE
NSW1,2010/8/21 12:00,8723.96,25.5,TRADE
NSW1,2010/8/21 12:30,8622.91,25.5,TRADE
NSW1,2010/8/21 13:00,8519.85,25.34,TRADE
NSW1,2010/8/21 13:30,8344.55,25.09,TRADE
NSW1,2010/8/21 14:00,8286.09,25.01,TRADE
NSW1,2010/8/21 14:30,8185.64,24.83,TRADE
NSW1,2010/8/21 15:00,8171.53,24.85,TRADE
NSW1,2010/8/21 15:30,8208.3,24.88,TRADE
NSW1,2010/8/21 16:00,8247.9,24.98,TRADE
NSW1,2010/8/21 16:30,8428.15,24.99,TRADE
NSW1,2010/8/21 17:00,8646.56,25.17,TRADE
NSW1,2010/8/21 17:30,8986.55,25.58,TRADE
NSW1,2010/8/21 18:00,9802.22,26.9,TRADE
NSW1,2010/8/21 18:30,10286.54,27.63,TRADE
NSW1,2010/8/21 19:00,10223.11,27.22,TRADE
NSW1,2010/8/21 19:30,10035.78,26.33,TRADE
NSW1,2010/8/21 20:00,9891.19,25.79,TRADE
NSW1,2010/8/21 20:30,9738.34,25.54,TRADE
NSW1,2010/8/21 21:00,9602.91,26.07,TRADE
NSW1,2010/8/21 21:30,9477.46,25.56,TRADE
NSW1,2010/8/21 22:00,9338.91,25.37,TRADE
NSW1,2010/8/21 22:30,9378.96,27.91,TRADE
NSW1,2010/8/21 23:00,9274.3,26.94,TRADE
NSW1,2010/8/21 23:30,9192.5,26.12,TRADE
NSW1,2010/8/22 0:00,8904.96,25.42,TRADE
NSW1,2010/8/22 0:30,8524.65,25.23,TRADE
NSW1,2010/8/22 1:00,8188.25,25.06,TRADE
NSW1,2010/8/22 1:30,7937.04,25.53,TRADE
NSW1,2010/8/22 2:00,7697.8,24.95,TRADE
NSW1,2010/8/22 2:30,7342.34,21.59,TRADE
NSW1,2010/8/22 3:00,7033.55,20.14,TRADE
NSW1,2010/8/22 3:30,6828.74,17.56,TRADE
NSW1,2010/8/22 4:00,6767.28,16.05,TRADE
NSW1,2010/8/22 4:30,6818.73,18.39,TRADE
NSW1,2010/8/22 5:00,6766.41,19.65,TRADE
NSW1,2010/8/22 5:30,6899.9,20,TRADE
NSW1,2010/8/22 6:00,6998.7,20.17,TRADE
NSW1,2010/8/22 6:30,7223.36,20.17,TRADE
NSW1,2010/8/22 7:00,7502.5,20.04,TRADE
NSW1,2010/8/22 7:30,7868.6,21.65,TRADE
NSW1,2010/8/22 8:00,8381.01,23.99,TRADE
NSW1,2010/8/22 8:30,8824.36,25.13,TRADE
NSW1,2010/8/22 9:00,9057.96,25.42,TRADE
NSW1,2010/8/22 9:30,9241.98,25.55,TRADE
NSW1,2010/8/22 10:00,9185.46,25.5,TRADE
NSW1,2010/8/22 10:30,9134.73,25.5,TRADE
NSW1,2010/8/22 11:00,8915.02,25.2,TRADE
NSW1,2010/8/22 11:30,8742.83,24.58,TRADE
NSW1,2010/8/22 12:00,8522.38,22.15,TRADE
NSW1,2010/8/22 12:30,8481.06,24.54,TRADE
NSW1,2010/8/22 13:00,8339.33,24.84,TRADE
NSW1,2010/8/22 13:30,8235.23,24.97,TRADE
NSW1,2010/8/22 14:00,8075.95,24.71,TRADE
NSW1,2010/8/22 14:30,7999.95,24.53,TRADE
NSW1,2010/8/22 15:00,8061.97,24.5,TRADE
NSW1,2010/8/22 15:30,8125.77,24.97,TRADE
NSW1,2010/8/22 16:00,8359.68,25.09,TRADE
NSW1,2010/8/22 16:30,8567.96,25.15,TRADE
NSW1,2010/8/22 17:00,9016.75,25.49,TRADE
NSW1,2010/8/22 17:30,9420.05,25.54,TRADE
NSW1,2010/8/22 18:00,10227.43,26.43,TRADE
NSW1,2010/8/22 18:30,10581.45,29.96,TRADE
NSW1,2010/8/22 19:00,10533.17,28.75,TRADE
NSW1,2010/8/22 19:30,10373.73,27.68,TRADE
NSW1,2010/8/22 20:00,10200.31,28.59,TRADE
NSW1,2010/8/22 20:30,10072.06,29.71,TRADE
NSW1,2010/8/22 21:00,9836.29,30.94,TRADE
NSW1,2010/8/22 21:30,9568.7,27.8,TRADE
NSW1,2010/8/22 22:00,9215.71,25.5,TRADE
NSW1,2010/8/22 22:30,9044.13,26.88,TRADE
NSW1,2010/8/22 23:00,8768.58,25.42,TRADE
NSW1,2010/8/22 23:30,8552.25,25.38,TRADE
NSW1,2010/8/23 0:00,8328.65,25.47,TRADE
NSW1,2010/8/23 0:30,8060.91,25.2,TRADE
NSW1,2010/8/23 1:00,7863.57,22.41,TRADE
NSW1,2010/8/23 1:30,7674.31,25.3,TRADE
NSW1,2010/8/23 2:00,7540.32,24.53,TRADE
NSW1,2010/8/23 2:30,7230.67,21.64,TRADE
NSW1,2010/8/23 3:00,7008.25,20.47,TRADE
NSW1,2010/8/23 3:30,6910.16,19.32,TRADE
NSW1,2010/8/23 4:00,6813.54,19.04,TRADE
NSW1,2010/8/23 4:30,6848.07,19.9,TRADE
NSW1,2010/8/23 5:00,6939.05,20.4,TRADE
NSW1,2010/8/23 5:30,7304.24,20.22,TRADE
NSW1,2010/8/23 6:00,7763.23,24.31,TRADE
NSW1,2010/8/23 6:30,8673.05,25.46,TRADE
NSW1,2010/8/23 7:00,9489.77,25.91,TRADE
NSW1,2010/8/23 7:30,9958.45,26.72,TRADE
NSW1,2010/8/23 8:00,10449.65,27.42,TRADE
NSW1,2010/8/23 8:30,10652.25,28.68,TRADE
NSW1,2010/8/23 9:00,10552.96,28.3,TRADE
NSW1,2010/8/23 9:30,10705.64,29.11,TRADE
NSW1,2010/8/23 10:00,10652.35,28.43,TRADE
NSW1,2010/8/23 10:30,10653.38,28.44,TRADE
NSW1,2010/8/23 11:00,10441.17,27.28,TRADE
NSW1,2010/8/23 11:30,10363.01,27.02,TRADE
NSW1,2010/8/23 12:00,10312.98,26.63,TRADE
NSW1,2010/8/23 12:30,10300.8,25.73,TRADE
NSW1,2010/8/23 13:00,10298.55,25.59,TRADE
NSW1,2010/8/23 13:30,10240.8,27.68,TRADE
NSW1,2010/8/23 14:00,10234.4,28.06,TRADE
NSW1,2010/8/23 14:30,10109.72,27.84,TRADE
NSW1,2010/8/23 15:00,9970.15,26.47,TRADE
NSW1,2010/8/23 15:30,9956.42,26.04,TRADE
NSW1,2010/8/23 16:00,10098.34,27.79,TRADE
NSW1,2010/8/23 16:30,10168.12,26.64,TRADE
NSW1,2010/8/23 17:00,10440.33,25.5,TRADE
NSW1,2010/8/23 17:30,10923.24,28.8,TRADE
NSW1,2010/8/23 18:00,11614.5,46.91,TRADE
NSW1,2010/8/23 18:30,11866.99,59.96,TRADE
NSW1,2010/8/23 19:00,11732.67,42.43,TRADE
NSW1,2010/8/23 19:30,11421.16,30.01,TRADE
NSW1,2010/8/23 20:00,11113.51,30.21,TRADE
NSW1,2010/8/23 20:30,10945.89,30.15,TRADE
NSW1,2010/8/23 21:00,10631.84,29.34,TRADE
NSW1,2010/8/23 21:30,10289.72,27.38,TRADE
NSW1,2010/8/23 22:00,9811.41,25.3,TRADE
NSW1,2010/8/23 22:30,9782.86,28.28,TRADE
NSW1,2010/8/23 23:00,9414.5,25.43,TRADE
NSW1,2010/8/23 23:30,9197.75,25.5,TRADE
NSW1,2010/8/24 0:00,8969.47,25.44,TRADE
NSW1,2010/8/24 0:30,8752.52,25.5,TRADE
NSW1,2010/8/24 1:00,8541.2,25.38,TRADE
NSW1,2010/8/24 1:30,8406.38,25.58,TRADE
NSW1,2010/8/24 2:00,8142.89,25.19,TRADE
NSW1,2010/8/24 2:30,7758.72,23.74,TRADE
NSW1,2010/8/24 3:00,7412.32,20.67,TRADE
NSW1,2010/8/24 3:30,7162.76,18.85,TRADE
NSW1,2010/8/24 4:00,6992.59,19.38,TRADE
NSW1,2010/8/24 4:30,6945.86,19.97,TRADE
NSW1,2010/8/24 5:00,7098.06,20.5,TRADE
NSW1,2010/8/24 5:30,7424.4,22.84,TRADE
NSW1,2010/8/24 6:00,7840.45,25.4,TRADE
NSW1,2010/8/24 6:30,8713.38,25.37,TRADE
NSW1,2010/8/24 7:00,9586.46,28.39,TRADE
NSW1,2010/8/24 7:30,9929.53,26.8,TRADE
NSW1,2010/8/24 8:00,10201.35,27.01,TRADE
NSW1,2010/8/24 8:30,10222.7,25.87,TRADE
NSW1,2010/8/24 9:00,10008.06,25.46,TRADE
NSW1,2010/8/24 9:30,10038.19,25.46,TRADE
NSW1,2010/8/24 10:00,9980.53,25.34,TRADE
NSW1,2010/8/24 10:30,9835.12,25.5,TRADE
NSW1,2010/8/24 11:00,9722.61,25.5,TRADE
NSW1,2010/8/24 11:30,9570.12,25.95,TRADE
NSW1,2010/8/24 12:00,9449.76,25.5,TRADE
NSW1,2010/8/24 12:30,9430.04,25.5,TRADE
NSW1,2010/8/24 13:00,9372.25,25.46,TRADE
NSW1,2010/8/24 13:30,9309.26,25.5,TRADE
NSW1,2010/8/24 14:00,9283.6,25.5,TRADE
NSW1,2010/8/24 14:30,9228.74,25.5,TRADE
NSW1,2010/8/24 15:00,9107.98,25.5,TRADE
NSW1,2010/8/24 15:30,8971.52,25.5,TRADE
NSW1,2010/8/24 16:00,9155.43,25.62,TRADE
NSW1,2010/8/24 16:30,9338.19,25.45,TRADE
NSW1,2010/8/24 17:00,9657.18,25.6,TRADE
NSW1,2010/8/24 17:30,10176.03,25.66,TRADE
NSW1,2010/8/24 18:00,10899.43,27.46,TRADE
NSW1,2010/8/24 18:30,11188.88,29.42,TRADE
NSW1,2010/8/24 19:00,11158.52,28.19,TRADE
NSW1,2010/8/24 19:30,10914.9,26.08,TRADE
NSW1,2010/8/24 20:00,10711.69,25.5,TRADE
NSW1,2010/8/24 20:30,10522.96,25.5,TRADE
NSW1,2010/8/24 21:00,10259.91,25.27,TRADE
NSW1,2010/8/24 21:30,10038.9,25.5,TRADE
NSW1,2010/8/24 22:00,9605.76,25.22,TRADE
NSW1,2010/8/24 22:30,9611.58,27.29,TRADE
NSW1,2010/8/24 23:00,9282.07,25.47,TRADE
NSW1,2010/8/24 23:30,9079.37,25.3,TRADE
NSW1,2010/8/25 0:00,8943.58,25.17,TRADE
NSW1,2010/8/25 0:30,8677.57,25.01,TRADE
NSW1,2010/8/25 1:00,8524.27,23.75,TRADE
NSW1,2010/8/25 1:30,8348.08,25.01,TRADE
NSW1,2010/8/25 2:00,8155.84,24.62,TRADE
NSW1,2010/8/25 2:30,7713.77,24.26,TRADE
NSW1,2010/8/25 3:00,7424.89,23.06,TRADE
NSW1,2010/8/25 3:30,7129.48,20.34,TRADE
NSW1,2010/8/25 4:00,6955.1,18.17,TRADE
NSW1,2010/8/25 4:30,6954.19,17.38,TRADE
NSW1,2010/8/25 5:00,7018.63,19.5,TRADE
NSW1,2010/8/25 5:30,7332.73,21.67,TRADE
NSW1,2010/8/25 6:00,7795.15,24.79,TRADE
NSW1,2010/8/25 6:30,8770.12,25.13,TRADE
NSW1,2010/8/25 7:00,9545.83,25.8,TRADE
NSW1,2010/8/25 7:30,9870.83,25.47,TRADE
NSW1,2010/8/25 8:00,10124.84,25.5,TRADE
NSW1,2010/8/25 8:30,10085.34,25.47,TRADE
NSW1,2010/8/25 9:00,9944.86,25.5,TRADE
NSW1,2010/8/25 9:30,9929.32,25.5,TRADE
NSW1,2010/8/25 10:00,9852.47,25.49,TRADE
NSW1,2010/8/25 10:30,9784.83,25.76,TRADE
NSW1,2010/8/25 11:00,9679.95,25.5,TRADE
NSW1,2010/8/25 11:30,9554.24,25.5,TRADE
NSW1,2010/8/25 12:00,9472.74,25.5,TRADE
NSW1,2010/8/25 12:30,9417.66,25.5,TRADE
NSW1,2010/8/25 13:00,9343.13,25.5,TRADE
NSW1,2010/8/25 13:30,9290.36,25.5,TRADE
NSW1,2010/8/25 14:00,9256.15,25.5,TRADE
NSW1,2010/8/25 14:30,9241,25.5,TRADE
NSW1,2010/8/25 15:00,9175.3,25.5,TRADE
NSW1,2010/8/25 15:30,9145.42,25.5,TRADE
NSW1,2010/8/25 16:00,9228.82,25.5,TRADE
NSW1,2010/8/25 16:30,9397.45,25.5,TRADE
NSW1,2010/8/25 17:00,9637.52,25.5,TRADE
NSW1,2010/8/25 17:30,10154,26.34,TRADE
NSW1,2010/8/25 18:00,10947.71,41.18,TRADE
NSW1,2010/8/25 18:30,11350.87,54.32,TRADE
NSW1,2010/8/25 19:00,11339.04,39.6,TRADE
NSW1,2010/8/25 19:30,11144.28,30.32,TRADE
NSW1,2010/8/25 20:00,10932.04,28.35,TRADE
NSW1,2010/8/25 20:30,10787.51,27.93,TRADE
NSW1,2010/8/25 21:00,10605.04,27.49,TRADE
NSW1,2010/8/25 21:30,10278.55,25.5,TRADE
NSW1,2010/8/25 22:00,9904.69,25.46,TRADE
NSW1,2010/8/25 22:30,9854.75,31.38,TRADE
NSW1,2010/8/25 23:00,9546.35,25.77,TRADE
NSW1,2010/8/25 23:30,9275.21,25.52,TRADE
NSW1,2010/8/26 0:00,9070.84,25.49,TRADE
NSW1,2010/8/26 0:30,8781.41,25.42,TRADE
NSW1,2010/8/26 1:00,8593.84,25.46,TRADE
NSW1,2010/8/26 1:30,8423.6,25.88,TRADE
NSW1,2010/8/26 2:00,8144.68,25.38,TRADE
NSW1,2010/8/26 2:30,7776.71,25.93,TRADE
NSW1,2010/8/26 3:00,7446.07,25.25,TRADE
NSW1,2010/8/26 3:30,7221.32,22.6,TRADE
NSW1,2010/8/26 4:00,7084.07,21,TRADE
NSW1,2010/8/26 4:30,7067.89,20.46,TRADE
NSW1,2010/8/26 5:00,7152.74,21.8,TRADE
NSW1,2010/8/26 5:30,7447.15,25.13,TRADE
NSW1,2010/8/26 6:00,7897.15,25.61,TRADE
NSW1,2010/8/26 6:30,8821.13,25.42,TRADE
NSW1,2010/8/26 7:00,9602.79,26.42,TRADE
NSW1,2010/8/26 7:30,10003.5,26.08,TRADE
NSW1,2010/8/26 8:00,10320.04,28.54,TRADE
NSW1,2010/8/26 8:30,10403,30.09,TRADE
NSW1,2010/8/26 9:00,10277.51,28.64,TRADE
NSW1,2010/8/26 9:30,10253.53,27.08,TRADE
NSW1,2010/8/26 10:00,10216.42,26.53,TRADE
NSW1,2010/8/26 10:30,10155.8,25.73,TRADE
NSW1,2010/8/26 11:00,10066.21,25.5,TRADE
NSW1,2010/8/26 11:30,9915.2,25.5,TRADE
NSW1,2010/8/26 12:00,9846.57,25.57,TRADE
NSW1,2010/8/26 12:30,9810.03,25.5,TRADE
NSW1,2010/8/26 13:00,9750.79,25.5,TRADE
NSW1,2010/8/26 13:30,9713.67,25.5,TRADE
NSW1,2010/8/26 14:00,9707.37,25.5,TRADE
NSW1,2010/8/26 14:30,9651.91,25.46,TRADE
NSW1,2010/8/26 15:00,9537.11,25.45,TRADE
NSW1,2010/8/26 15:30,9494.57,25.5,TRADE
NSW1,2010/8/26 16:00,9544.04,25.46,TRADE
NSW1,2010/8/26 16:30,9681.63,25.5,TRADE
NSW1,2010/8/26 17:00,9900.38,25.54,TRADE
NSW1,2010/8/26 17:30,10328.38,25.62,TRADE
NSW1,2010/8/26 18:00,11140.15,29.31,TRADE
NSW1,2010/8/26 18:30,11600.83,51.21,TRADE
NSW1,2010/8/26 19:00,11600.76,57.65,TRADE
NSW1,2010/8/26 19:30,11375.77,31.94,TRADE
NSW1,2010/8/26 20:00,11164.02,29.52,TRADE
NSW1,2010/8/26 20:30,11048.12,30.35,TRADE
NSW1,2010/8/26 21:00,10798.08,28.83,TRADE
NSW1,2010/8/26 21:30,10429.34,26.12,TRADE
NSW1,2010/8/26 22:00,9994.31,25.36,TRADE
NSW1,2010/8/26 22:30,9914.35,27.76,TRADE
NSW1,2010/8/26 23:00,9604.48,25.36,TRADE
NSW1,2010/8/26 23:30,9402.67,25.59,TRADE
NSW1,2010/8/27 0:00,9208.58,25.36,TRADE
NSW1,2010/8/27 0:30,8915.04,25.49,TRADE
NSW1,2010/8/27 1:00,8680.64,25.29,TRADE
NSW1,2010/8/27 1:30,8531.83,26.14,TRADE
NSW1,2010/8/27 2:00,8232.37,25.47,TRADE
NSW1,2010/8/27 2:30,7888.06,25.09,TRADE
NSW1,2010/8/27 3:00,7564.3,25.17,TRADE
NSW1,2010/8/27 3:30,7295.39,22.72,TRADE
NSW1,2010/8/27 4:00,7137.1,20,TRADE
NSW1,2010/8/27 4:30,7112.59,20.43,TRADE
NSW1,2010/8/27 5:00,7212.49,21.86,TRADE
NSW1,2010/8/27 5:30,7514.95,25.05,TRADE
NSW1,2010/8/27 6:00,7978.49,25.24,TRADE
NSW1,2010/8/27 6:30,8821.99,25.55,TRADE
NSW1,2010/8/27 7:00,9597.2,25.65,TRADE
NSW1,2010/8/27 7:30,10084.26,25.89,TRADE
NSW1,2010/8/27 8:00,10385.18,28.58,TRADE
NSW1,2010/8/27 8:30,10417.51,29.19,TRADE
NSW1,2010/8/27 9:00,10291.67,28.43,TRADE
NSW1,2010/8/27 9:30,10260.83,28.16,TRADE
NSW1,2010/8/27 10:00,10226.45,28.45,TRADE
NSW1,2010/8/27 10:30,10104.06,27.83,TRADE
NSW1,2010/8/27 11:00,10018.22,26.43,TRADE
NSW1,2010/8/27 11:30,9917.72,26.33,TRADE
NSW1,2010/8/27 12:00,9730.58,25.49,TRADE
NSW1,2010/8/27 12:30,9642.48,25.5,TRADE
NSW1,2010/8/27 13:00,9473.13,25.5,TRADE
NSW1,2010/8/27 13:30,9453.35,25.52,TRADE
NSW1,2010/8/27 14:00,9320.12,25.5,TRADE
NSW1,2010/8/27 14:30,9306.67,25.5,TRADE
NSW1,2010/8/27 15:00,9236.42,25.49,TRADE
NSW1,2010/8/27 15:30,9229.22,25.41,TRADE
NSW1,2010/8/27 16:00,9296.37,25.28,TRADE
NSW1,2010/8/27 16:30,9372.86,25.22,TRADE
NSW1,2010/8/27 17:00,9556,25.38,TRADE
NSW1,2010/8/27 17:30,9894.36,25.96,TRADE
NSW1,2010/8/27 18:00,10512.3,27.52,TRADE
NSW1,2010/8/27 18:30,10884.5,29.01,TRADE
NSW1,2010/8/27 19:00,10806.3,28.89,TRADE
NSW1,2010/8/27 19:30,10615.58,27.3,TRADE
NSW1,2010/8/27 20:00,10447.34,26.01,TRADE
NSW1,2010/8/27 20:30,10387.81,25.95,TRADE
NSW1,2010/8/27 21:00,10270.04,26,TRADE
NSW1,2010/8/27 21:30,9991.3,25.51,TRADE
NSW1,2010/8/27 22:00,9741.66,25.49,TRADE
NSW1,2010/8/27 22:30,9804.15,29.34,TRADE
NSW1,2010/8/27 23:00,9613.84,26.41,TRADE
NSW1,2010/8/27 23:30,9429.41,26.71,TRADE
NSW1,2010/8/28 0:00,9307.94,25.57,TRADE
NSW1,2010/8/28 0:30,9043.38,25.26,TRADE
NSW1,2010/8/28 1:00,8795.49,25.33,TRADE
NSW1,2010/8/28 1:30,8574.27,28.52,TRADE
NSW1,2010/8/28 2:00,8256.33,26.52,TRADE
NSW1,2010/8/28 2:30,7916.14,25.49,TRADE
NSW1,2010/8/28 3:00,7554.2,25.37,TRADE
NSW1,2010/8/28 3:30,7294.32,25.23,TRADE
NSW1,2010/8/28 4:00,7171.14,25.17,TRADE
NSW1,2010/8/28 4:30,7139.61,24.83,TRADE
NSW1,2010/8/28 5:00,7111.33,24.94,TRADE
NSW1,2010/8/28 5:30,7248.15,25.17,TRADE
NSW1,2010/8/28 6:00,7402.27,25.24,TRADE
NSW1,2010/8/28 6:30,7736.68,25.05,TRADE
NSW1,2010/8/28 7:00,8090.96,25.25,TRADE
NSW1,2010/8/28 7:30,8562.55,25.79,TRADE
NSW1,2010/8/28 8:00,9095.2,26.95,TRADE
NSW1,2010/8/28 8:30,9407.54,26.67,TRADE
NSW1,2010/8/28 9:00,9642.47,28.28,TRADE
NSW1,2010/8/28 9:30,9748.46,29,TRADE
NSW1,2010/8/28 10:00,9614.49,27.3,TRADE
NSW1,2010/8/28 10:30,9539.45,26.35,TRADE
NSW1,2010/8/28 11:00,9328.89,25.55,TRADE
NSW1,2010/8/28 11:30,9124.13,25.5,TRADE
NSW1,2010/8/28 12:00,8916.63,25.49,TRADE
NSW1,2010/8/28 12:30,8826.05,25.49,TRADE
NSW1,2010/8/28 13:00,8630.62,25.49,TRADE
NSW1,2010/8/28 13:30,8533.88,25.36,TRADE
NSW1,2010/8/28 14:00,8409.71,25.25,TRADE
NSW1,2010/8/28 14:30,8315.65,25.25,TRADE
NSW1,2010/8/28 15:00,8257.74,25.25,TRADE
NSW1,2010/8/28 15:30,8339.6,25.25,TRADE
NSW1,2010/8/28 16:00,8443.56,25.25,TRADE
NSW1,2010/8/28 16:30,8543.16,25.25,TRADE
NSW1,2010/8/28 17:00,8804.13,25.54,TRADE
NSW1,2010/8/28 17:30,9063.54,25.96,TRADE
NSW1,2010/8/28 18:00,9894.95,29.38,TRADE
NSW1,2010/8/28 18:30,10386.24,45.92,TRADE
NSW1,2010/8/28 19:00,10411.14,58.87,TRADE
NSW1,2010/8/28 19:30,10207.19,40.2,TRADE
NSW1,2010/8/28 20:00,9986.94,32.16,TRADE
NSW1,2010/8/28 20:30,9888.88,30.03,TRADE
NSW1,2010/8/28 21:00,9727.24,28.56,TRADE
NSW1,2010/8/28 21:30,9570.24,28.28,TRADE
NSW1,2010/8/28 22:00,9418.86,29.17,TRADE
NSW1,2010/8/28 22:30,9396.4,28.89,TRADE
NSW1,2010/8/28 23:00,9243.18,28.14,TRADE
NSW1,2010/8/28 23:30,9106.11,28.97,TRADE
NSW1,2010/8/29 0:00,8883.49,27.83,TRADE
NSW1,2010/8/29 0:30,8593.42,26.37,TRADE
NSW1,2010/8/29 1:00,8340.94,25.51,TRADE
NSW1,2010/8/29 1:30,8125.38,26.52,TRADE
NSW1,2010/8/29 2:00,7910.65,25.7,TRADE
NSW1,2010/8/29 2:30,7544.05,25.17,TRADE
NSW1,2010/8/29 3:00,7301.28,25.29,TRADE
NSW1,2010/8/29 3:30,7055.93,25.09,TRADE
NSW1,2010/8/29 4:00,6969.19,24.13,TRADE
NSW1,2010/8/29 4:30,6868.9,22.45,TRADE
NSW1,2010/8/29 5:00,6905.49,23.07,TRADE
NSW1,2010/8/29 5:30,6990.95,23.97,TRADE
NSW1,2010/8/29 6:00,7099.61,25.05,TRADE
NSW1,2010/8/29 6:30,7297.69,24.53,TRADE
NSW1,2010/8/29 7:00,7534.85,25.2,TRADE
NSW1,2010/8/29 7:30,7894.22,25.42,TRADE
NSW1,2010/8/29 8:00,8371.13,25.76,TRADE
NSW1,2010/8/29 8:30,8749.36,25.83,TRADE
NSW1,2010/8/29 9:00,9021.46,26.41,TRADE
NSW1,2010/8/29 9:30,9162.38,27.5,TRADE
NSW1,2010/8/29 10:00,9131.79,27.22,TRADE
NSW1,2010/8/29 10:30,9047.11,26.36,TRADE
NSW1,2010/8/29 11:00,8895.17,25.55,TRADE
NSW1,2010/8/29 11:30,8648.15,25.26,TRADE
NSW1,2010/8/29 12:00,8524.12,25.25,TRADE
NSW1,2010/8/29 12:30,8415.79,25.25,TRADE
NSW1,2010/8/29 13:00,8323.36,25.25,TRADE
NSW1,2010/8/29 13:30,8146.02,24.77,TRADE
NSW1,2010/8/29 14:00,8041.21,24.97,TRADE
NSW1,2010/8/29 14:30,7993.03,23.53,TRADE
NSW1,2010/8/29 15:00,7931.88,22.06,TRADE
NSW1,2010/8/29 15:30,7973.9,23.87,TRADE
NSW1,2010/8/29 16:00,8086.99,24.97,TRADE
NSW1,2010/8/29 16:30,8241.53,24.69,TRADE
NSW1,2010/8/29 17:00,8478.41,25.26,TRADE
NSW1,2010/8/29 17:30,8813.11,25.49,TRADE
NSW1,2010/8/29 18:00,9640.65,28.17,TRADE
NSW1,2010/8/29 18:30,10307.2,32.43,TRADE
NSW1,2010/8/29 19:00,10361.43,36.41,TRADE
NSW1,2010/8/29 19:30,10219.58,31.46,TRADE
NSW1,2010/8/29 20:00,9988.04,29.74,TRADE
NSW1,2010/8/29 20:30,9813.43,28.72,TRADE
NSW1,2010/8/29 21:00,9693.86,28.18,TRADE
NSW1,2010/8/29 21:30,9427.41,27.23,TRADE
NSW1,2010/8/29 22:00,9118.76,25.39,TRADE
NSW1,2010/8/29 22:30,9005.41,25.38,TRADE
NSW1,2010/8/29 23:00,8698.06,25.26,TRADE
NSW1,2010/8/29 23:30,8490.76,25.26,TRADE
NSW1,2010/8/30 0:00,8268.24,25.26,TRADE
NSW1,2010/8/30 0:30,8055.1,25.25,TRADE
NSW1,2010/8/30 1:00,7872.07,25.25,TRADE
NSW1,2010/8/30 1:30,7695.26,25.25,TRADE
NSW1,2010/8/30 2:00,7549.42,25.23,TRADE
NSW1,2010/8/30 2:30,7270.97,25.12,TRADE
NSW1,2010/8/30 3:00,6986.77,22.72,TRADE
NSW1,2010/8/30 3:30,6888.63,21.33,TRADE
NSW1,2010/8/30 4:00,6839.09,20.32,TRADE
NSW1,2010/8/30 4:30,6844.36,20.96,TRADE
NSW1,2010/8/30 5:00,6998.58,23.38,TRADE
NSW1,2010/8/30 5:30,7353.73,25.19,TRADE
NSW1,2010/8/30 6:00,7783.73,25.34,TRADE
NSW1,2010/8/30 6:30,8658.7,25.59,TRADE
NSW1,2010/8/30 7:00,9444.59,27.12,TRADE
NSW1,2010/8/30 7:30,9782.21,26.4,TRADE
NSW1,2010/8/30 8:00,10091.07,27.11,TRADE
NSW1,2010/8/30 8:30,10142.65,27.42,TRADE
NSW1,2010/8/30 9:00,9998.72,25.73,TRADE
NSW1,2010/8/30 9:30,9983.87,25.5,TRADE
NSW1,2010/8/30 10:00,9933.45,25.51,TRADE
NSW1,2010/8/30 10:30,9867.81,25.74,TRADE
NSW1,2010/8/30 11:00,9773.07,25.5,TRADE
NSW1,2010/8/30 11:30,9686.55,25.48,TRADE
NSW1,2010/8/30 12:00,9552.8,25.49,TRADE
NSW1,2010/8/30 12:30,9475.67,25.49,TRADE
NSW1,2010/8/30 13:00,9409.7,25.25,TRADE
NSW1,2010/8/30 13:30,9311.22,25.25,TRADE
NSW1,2010/8/30 14:00,9280.94,25.25,TRADE
NSW1,2010/8/30 14:30,9218.08,25.25,TRADE
NSW1,2010/8/30 15:00,9145.1,25.25,TRADE
NSW1,2010/8/30 15:30,9131.64,25.25,TRADE
NSW1,2010/8/30 16:00,9132.36,25.25,TRADE
NSW1,2010/8/30 16:30,9233.49,25.28,TRADE
NSW1,2010/8/30 17:00,9488.69,25.39,TRADE
NSW1,2010/8/30 17:30,9885.61,25.87,TRADE
NSW1,2010/8/30 18:00,10568.48,28.12,TRADE
NSW1,2010/8/30 18:30,11036.72,29.03,TRADE
NSW1,2010/8/30 19:00,11058.49,28.78,TRADE
NSW1,2010/8/30 19:30,10802.44,26.65,TRADE
NSW1,2010/8/30 20:00,10615.87,25.76,TRADE
NSW1,2010/8/30 20:30,10469.89,25.49,TRADE
NSW1,2010/8/30 21:00,10184.4,25.49,TRADE
NSW1,2010/8/30 21:30,9894.55,25.49,TRADE
NSW1,2010/8/30 22:00,9510.46,25.25,TRADE
NSW1,2010/8/30 22:30,9523,25.67,TRADE
NSW1,2010/8/30 23:00,9243.86,25.35,TRADE
NSW1,2010/8/30 23:30,9092.78,25.3,TRADE
NSW1,2010/8/31 0:00,8921.89,25.17,TRADE
NSW1,2010/8/31 0:30,8712.18,25.17,TRADE
NSW1,2010/8/31 1:00,8535,25.13,TRADE
NSW1,2010/8/31 1:30,8388.63,26.12,TRADE
NSW1,2010/8/31 2:00,8190.03,25.21,TRADE
NSW1,2010/8/31 2:30,7810.61,25.97,TRADE
NSW1,2010/8/31 3:00,7492.78,24.46,TRADE
NSW1,2010/8/31 3:30,7247.15,22.82,TRADE
NSW1,2010/8/31 4:00,7104.66,20.61,TRADE
NSW1,2010/8/31 4:30,7091.63,20.1,TRADE
NSW1,2010/8/31 5:00,7209.38,20.52,TRADE
NSW1,2010/8/31 5:30,7485.51,24.43,TRADE
NSW1,2010/8/31 6:00,7947.07,25.33,TRADE
NSW1,2010/8/31 6:30,8830.39,25.27,TRADE
NSW1,2010/8/31 7:00,9606.76,25.47,TRADE
NSW1,2010/8/31 7:30,9834.21,25.44,TRADE
NSW1,2010/8/31 8:00,10081.35,25.61,TRADE
NSW1,2010/8/31 8:30,10095.98,25.51,TRADE
NSW1,2010/8/31 9:00,9932.72,25.24,TRADE
NSW1,2010/8/31 9:30,9895.66,25.32,TRADE
NSW1,2010/8/31 10:00,9720.94,25.25,TRADE
NSW1,2010/8/31 10:30,9686.57,25.25,TRADE
NSW1,2010/8/31 11:00,9564.32,25.25,TRADE
NSW1,2010/8/31 11:30,9399.49,25.01,TRADE
NSW1,2010/8/31 12:00,9378.97,25.01,TRADE
NSW1,2010/8/31 12:30,9242.17,25.1,TRADE
NSW1,2010/8/31 13:00,9199.62,25.21,TRADE
NSW1,2010/8/31 13:30,9221.84,25.24,TRADE
NSW1,2010/8/31 14:00,9156.62,24.7,TRADE
NSW1,2010/8/31 14:30,9060.73,24.74,TRADE
NSW1,2010/8/31 15:00,8931.54,24.5,TRADE
NSW1,2010/8/31 15:30,9041.65,24.4,TRADE
NSW1,2010/8/31 16:00,9098.6,24.93,TRADE
NSW1,2010/8/31 16:30,9187.78,24.96,TRADE
NSW1,2010/8/31 17:00,9319.95,25.03,TRADE
NSW1,2010/8/31 17:30,9542.42,25.11,TRADE
NSW1,2010/8/31 18:00,10114.34,25.5,TRADE
NSW1,2010/8/31 18:30,10488.34,25.53,TRADE
NSW1,2010/8/31 19:00,10451.12,25.47,TRADE
NSW1,2010/8/31 19:30,10167.84,25.35,TRADE
NSW1,2010/8/31 20:00,9894.51,25.18,TRADE
NSW1,2010/8/31 20:30,9696.68,25.14,TRADE
NSW1,2010/8/31 21:00,9500.61,25.21,TRADE
NSW1,2010/8/31 21:30,9259.9,24.93,TRADE
NSW1,2010/8/31 22:00,9003.4,23,TRADE
NSW1,2010/8/31 22:30,9055.04,25.27,TRADE
NSW1,2010/8/31 23:00,8822.25,25.17,TRADE
NSW1,2010/8/31 23:30,8668.47,25.08,TRADE
NSW1,2010/9/1 0:00,8593.03,24.93,TRADE
?NSW1,2010/9/1 0:30,8384.61,24.34,TRADE
NSW1,2010/9/1 1:00,8255.92,23.72,TRADE
NSW1,2010/9/1 1:30,8122.51,24.99,TRADE
NSW1,2010/9/1 2:00,7811.2,24.51,TRADE
NSW1,2010/9/1 2:30,7512.4,23.51,TRADE
NSW1,2010/9/1 3:00,7172.28,20.47,TRADE
NSW1,2010/9/1 3:30,6917.86,20,TRADE
NSW1,2010/9/1 4:00,6856.29,19.99,TRADE
NSW1,2010/9/1 4:30,6833.53,19.91,TRADE
NSW1,2010/9/1 5:00,6938.73,20.17,TRADE
NSW1,2010/9/1 5:30,7203.78,21.34,TRADE
NSW1,2010/9/1 6:00,7610.46,24.64,TRADE
NSW1,2010/9/1 6:30,8388.8,25.17,TRADE
NSW1,2010/9/1 7:00,9072.01,25.48,TRADE
NSW1,2010/9/1 7:30,9322.17,25.11,TRADE
NSW1,2010/9/1 8:00,9650.3,25.45,TRADE
NSW1,2010/9/1 8:30,9666.76,25.45,TRADE
NSW1,2010/9/1 9:00,9528.26,25.28,TRADE
NSW1,2010/9/1 9:30,9579.53,25.21,TRADE
NSW1,2010/9/1 10:00,9520.48,25.25,TRADE
NSW1,2010/9/1 10:30,9485.91,25.25,TRADE
NSW1,2010/9/1 11:00,9416.77,25.25,TRADE
NSW1,2010/9/1 11:30,9306.84,25.25,TRADE
NSW1,2010/9/1 12:00,9255.63,25.25,TRADE
NSW1,2010/9/1 12:30,9183.14,25.25,TRADE
NSW1,2010/9/1 13:00,9087.77,25.25,TRADE
NSW1,2010/9/1 13:30,9069.27,25.25,TRADE
NSW1,2010/9/1 14:00,9066.91,25.25,TRADE
NSW1,2010/9/1 14:30,9067.14,25.25,TRADE
NSW1,2010/9/1 15:00,9003.96,25.24,TRADE
NSW1,2010/9/1 15:30,8969.88,25.22,TRADE
NSW1,2010/9/1 16:00,8987.75,25.25,TRADE
NSW1,2010/9/1 16:30,9066.3,25.1,TRADE
NSW1,2010/9/1 17:00,9226.24,25.26,TRADE
NSW1,2010/9/1 17:30,9427.24,25.33,TRADE
NSW1,2010/9/1 18:00,9882.24,25.5,TRADE
NSW1,2010/9/1 18:30,10077.42,25.36,TRADE
NSW1,2010/9/1 19:00,9984.85,25.21,TRADE
NSW1,2010/9/1 19:30,9751.46,25.47,TRADE
NSW1,2010/9/1 20:00,9519.42,25.25,TRADE
NSW1,2010/9/1 20:30,9306.18,25.15,TRADE
NSW1,2010/9/1 21:00,9114.05,25.03,TRADE
NSW1,2010/9/1 21:30,8879.11,24.64,TRADE
NSW1,2010/9/1 22:00,8629.77,22.24,TRADE
NSW1,2010/9/1 22:30,8755.4,25.36,TRADE
NSW1,2010/9/1 23:00,8587.24,25.13,TRADE
NSW1,2010/9/1 23:30,8485.54,25.09,TRADE
NSW1,2010/9/2 0:00,8374.44,24.97,TRADE
NSW1,2010/9/2 0:30,8224.66,24.64,TRADE
NSW1,2010/9/2 1:00,8047.25,23.79,TRADE
NSW1,2010/9/2 1:30,7882.89,24.74,TRADE
NSW1,2010/9/2 2:00,7694.17,23.98,TRADE
NSW1,2010/9/2 2:30,7329.08,22.24,TRADE
NSW1,2010/9/2 3:00,7024.73,20.02,TRADE
NSW1,2010/9/2 3:30,6826.42,18.02,TRADE
NSW1,2010/9/2 4:00,6732.84,19.4,TRADE
NSW1,2010/9/2 4:30,6730.4,18.36,TRADE
NSW1,2010/9/2 5:00,6790.64,20.01,TRADE
NSW1,2010/9/2 5:30,7061.66,20.71,TRADE
NSW1,2010/9/2 6:00,7438.53,23.85,TRADE
NSW1,2010/9/2 6:30,8172.74,25.13,TRADE
NSW1,2010/9/2 7:00,8842.18,25.42,TRADE
NSW1,2010/9/2 7:30,9118.61,23.63,TRADE
NSW1,2010/9/2 8:00,9443.45,25.33,TRADE
NSW1,2010/9/2 8:30,9612.19,24.55,TRADE
NSW1,2010/9/2 9:00,9571.42,23.3,TRADE
NSW1,2010/9/2 9:30,9654.52,25.19,TRADE
NSW1,2010/9/2 10:00,9702.35,25.18,TRADE
NSW1,2010/9/2 10:30,9687,25.31,TRADE
NSW1,2010/9/2 11:00,9696.11,25.25,TRADE
NSW1,2010/9/2 11:30,9550.3,25.25,TRADE
NSW1,2010/9/2 12:00,9550.44,25.25,TRADE
NSW1,2010/9/2 12:30,9526.11,25.22,TRADE
NSW1,2010/9/2 13:00,9459.56,25.25,TRADE
NSW1,2010/9/2 13:30,9443.32,25.26,TRADE
NSW1,2010/9/2 14:00,9380.56,25.25,TRADE
NSW1,2010/9/2 14:30,9341.72,25.24,TRADE
NSW1,2010/9/2 15:00,9308.62,25.02,TRADE
NSW1,2010/9/2 15:30,9262.72,25.14,TRADE
NSW1,2010/9/2 16:00,9345.95,25.13,TRADE
NSW1,2010/9/2 16:30,9471.31,25.25,TRADE
NSW1,2010/9/2 17:00,9703.01,25.25,TRADE
NSW1,2010/9/2 17:30,9885.22,25.25,TRADE
NSW1,2010/9/2 18:00,10343.43,25.49,TRADE
NSW1,2010/9/2 18:30,10450.95,25.5,TRADE
NSW1,2010/9/2 19:00,10374.03,25.39,TRADE
NSW1,2010/9/2 19:30,10140.79,25.19,TRADE
NSW1,2010/9/2 20:00,9848.81,25.26,TRADE
NSW1,2010/9/2 20:30,9671.16,25.23,TRADE
NSW1,2010/9/2 21:00,9532.86,25.19,TRADE
NSW1,2010/9/2 21:30,9230.46,23.75,TRADE
NSW1,2010/9/2 22:00,8940.71,20.78,TRADE
NSW1,2010/9/2 22:30,8968.85,25.09,TRADE
NSW1,2010/9/2 23:00,8782.23,25.01,TRADE
NSW1,2010/9/2 23:30,8704.07,25.01,TRADE
NSW1,2010/9/3 0:00,8553.43,24.28,TRADE
NSW1,2010/9/3 0:30,8368.64,22.25,TRADE
NSW1,2010/9/3 1:00,8142.32,21.28,TRADE
NSW1,2010/9/3 1:30,7965.58,22.79,TRADE
NSW1,2010/9/3 2:00,7782.21,19.57,TRADE
NSW1,2010/9/3 2:30,7383.51,19.84,TRADE
NSW1,2010/9/3 3:00,7093.18,14.04,TRADE
NSW1,2010/9/3 3:30,6840.06,10.21,TRADE
NSW1,2010/9/3 4:00,6758.84,13.2,TRADE
NSW1,2010/9/3 4:30,6741.35,17,TRADE
NSW1,2010/9/3 5:00,6792.64,18.55,TRADE
NSW1,2010/9/3 5:30,7083.34,20.18,TRADE
NSW1,2010/9/3 6:00,7461.05,23.7,TRADE
NSW1,2010/9/3 6:30,8218.75,25.12,TRADE
NSW1,2010/9/3 7:00,8877.64,26.08,TRADE
NSW1,2010/9/3 7:30,9158.86,24,TRADE
NSW1,2010/9/3 8:00,9549.83,25.38,TRADE
NSW1,2010/9/3 8:30,9670.19,25.27,TRADE
NSW1,2010/9/3 9:00,9717.22,25.29,TRADE
NSW1,2010/9/3 9:30,9814.01,25.28,TRADE
NSW1,2010/9/3 10:00,9866.35,25.35,TRADE
NSW1,2010/9/3 10:30,9784.49,25.49,TRADE
NSW1,2010/9/3 11:00,9783.53,25.61,TRADE
NSW1,2010/9/3 11:30,9721.92,25.48,TRADE
NSW1,2010/9/3 12:00,9685.19,25.47,TRADE
NSW1,2010/9/3 12:30,9642.16,25.46,TRADE
NSW1,2010/9/3 13:00,9521.29,25.23,TRADE
NSW1,2010/9/3 13:30,9472.14,25.26,TRADE
NSW1,2010/9/3 14:00,9379.74,25.24,TRADE
NSW1,2010/9/3 14:30,9348.21,25.28,TRADE
NSW1,2010/9/3 15:00,9356.51,25.11,TRADE
NSW1,2010/9/3 15:30,9233.61,25.1,TRADE
NSW1,2010/9/3 16:00,9364.71,25.33,TRADE
NSW1,2010/9/3 16:30,9490.38,25.37,TRADE
NSW1,2010/9/3 17:00,9730.09,25.59,TRADE
NSW1,2010/9/3 17:30,9997.83,25.54,TRADE
NSW1,2010/9/3 18:00,10420.11,27.09,TRADE
NSW1,2010/9/3 18:30,10453.49,27.39,TRADE
NSW1,2010/9/3 19:00,10321.01,25.92,TRADE
NSW1,2010/9/3 19:30,10039.25,25.28,TRADE
NSW1,2010/9/3 20:00,9791.44,26.1,TRADE
NSW1,2010/9/3 20:30,9633.75,25.64,TRADE
NSW1,2010/9/3 21:00,9454.48,25.19,TRADE
NSW1,2010/9/3 21:30,9188.74,25.25,TRADE
NSW1,2010/9/3 22:00,8993.02,25.16,TRADE
NSW1,2010/9/3 22:30,9116.18,25.57,TRADE
NSW1,2010/9/3 23:00,8930.89,25.09,TRADE
NSW1,2010/9/3 23:30,8873.66,25.37,TRADE
NSW1,2010/9/4 0:00,8698.58,25.09,TRADE
NSW1,2010/9/4 0:30,8493.01,25.01,TRADE
NSW1,2010/9/4 1:00,8281.31,25.01,TRADE
NSW1,2010/9/4 1:30,8108.12,25.05,TRADE
NSW1,2010/9/4 2:00,7791.38,23.34,TRADE
NSW1,2010/9/4 2:30,7347.82,19.36,TRADE
NSW1,2010/9/4 3:00,7002.87,20,TRADE
NSW1,2010/9/4 3:30,6741.44,18.73,TRADE
NSW1,2010/9/4 4:00,6557.93,17,TRADE
NSW1,2010/9/4 4:30,6445.91,16.63,TRADE
NSW1,2010/9/4 5:00,6469.3,16.46,TRADE
NSW1,2010/9/4 5:30,6540.89,19.54,TRADE
NSW1,2010/9/4 6:00,6610.93,20.17,TRADE
NSW1,2010/9/4 6:30,6929.5,21.06,TRADE
NSW1,2010/9/4 7:00,7151.85,20.17,TRADE
NSW1,2010/9/4 7:30,7526.2,23.25,TRADE
NSW1,2010/9/4 8:00,8035.02,23.78,TRADE
NSW1,2010/9/4 8:30,8434.73,25.04,TRADE
NSW1,2010/9/4 9:00,8845.34,25.31,TRADE
NSW1,2010/9/4 9:30,9213.96,25.46,TRADE
NSW1,2010/9/4 10:00,9302.38,25.31,TRADE
NSW1,2010/9/4 10:30,9385.21,25.34,TRADE
NSW1,2010/9/4 11:00,9201.3,25.3,TRADE
NSW1,2010/9/4 11:30,9110.6,25.3,TRADE
NSW1,2010/9/4 12:00,9022.25,25.3,TRADE
NSW1,2010/9/4 12:30,8970,25.43,TRADE
NSW1,2010/9/4 13:00,8846.15,25.3,TRADE
NSW1,2010/9/4 13:30,8752.32,25.11,TRADE
NSW1,2010/9/4 14:00,8676.56,25.2,TRADE
NSW1,2010/9/4 14:30,8619.38,25.3,TRADE
NSW1,2010/9/4 15:00,8596.67,25.29,TRADE
NSW1,2010/9/4 15:30,8551.31,25.51,TRADE
NSW1,2010/9/4 16:00,8506.35,25.3,TRADE
NSW1,2010/9/4 16:30,8570.22,25.3,TRADE
NSW1,2010/9/4 17:00,8829.56,25.31,TRADE
NSW1,2010/9/4 17:30,8922.49,25.24,TRADE
NSW1,2010/9/4 18:00,9318.54,26.02,TRADE
NSW1,2010/9/4 18:30,9475.45,25.37,TRADE
NSW1,2010/9/4 19:00,9373.64,25.3,TRADE
NSW1,2010/9/4 19:30,9061.07,25.29,TRADE
NSW1,2010/9/4 20:00,8790.23,25.25,TRADE
NSW1,2010/9/4 20:30,8563.54,25.3,TRADE
NSW1,2010/9/4 21:00,8480.08,25.35,TRADE
NSW1,2010/9/4 21:30,8316.64,22.96,TRADE
NSW1,2010/9/4 22:00,8229.2,22.27,TRADE
NSW1,2010/9/4 22:30,8271.69,24.74,TRADE
NSW1,2010/9/4 23:00,8232.34,24.23,TRADE
NSW1,2010/9/4 23:30,8170.26,23.57,TRADE
NSW1,2010/9/5 0:00,7942.29,21.08,TRADE
NSW1,2010/9/5 0:30,7744.73,20.92,TRADE
NSW1,2010/9/5 1:00,7517.92,19.98,TRADE
NSW1,2010/9/5 1:30,7309.87,20.22,TRADE
NSW1,2010/9/5 2:00,7052.26,17.22,TRADE
NSW1,2010/9/5 2:30,6722.19,18.93,TRADE
NSW1,2010/9/5 3:00,6483.94,16.19,TRADE
NSW1,2010/9/5 3:30,6283.7,13.33,TRADE
NSW1,2010/9/5 4:00,6245.46,11.02,TRADE
NSW1,2010/9/5 4:30,6227.96,12,TRADE
NSW1,2010/9/5 5:00,6228.41,12,TRADE
NSW1,2010/9/5 5:30,6249,11.88,TRADE
NSW1,2010/9/5 6:00,6299.32,13.1,TRADE
NSW1,2010/9/5 6:30,6424.45,13.84,TRADE
NSW1,2010/9/5 7:00,6599.74,17.34,TRADE
NSW1,2010/9/5 7:30,6910.76,20.01,TRADE
NSW1,2010/9/5 8:00,7318.64,21.24,TRADE
NSW1,2010/9/5 8:30,7729.46,21.16,TRADE
NSW1,2010/9/5 9:00,7973.96,21.18,TRADE
NSW1,2010/9/5 9:30,8117.44,21.97,TRADE
NSW1,2010/9/5 10:00,8204.89,23.43,TRADE
NSW1,2010/9/5 10:30,8230.62,24.13,TRADE
NSW1,2010/9/5 11:00,8211.65,23.64,TRADE
NSW1,2010/9/5 11:30,8086.91,22.37,TRADE
NSW1,2010/9/5 12:00,8055.94,23.93,TRADE
NSW1,2010/9/5 12:30,7979.77,22.7,TRADE
NSW1,2010/9/5 13:00,7871.41,21.48,TRADE
NSW1,2010/9/5 13:30,7779.13,22.98,TRADE
NSW1,2010/9/5 14:00,7661.43,22.48,TRADE
NSW1,2010/9/5 14:30,7668.25,22.94,TRADE
NSW1,2010/9/5 15:00,7608.05,23.79,TRADE
NSW1,2010/9/5 15:30,7625.35,23.87,TRADE
NSW1,2010/9/5 16:00,7732.46,24.91,TRADE
NSW1,2010/9/5 16:30,7784.92,24.97,TRADE
NSW1,2010/9/5 17:00,7916.31,25.01,TRADE
NSW1,2010/9/5 17:30,8051.8,24.97,TRADE
NSW1,2010/9/5 18:00,8535.9,25.19,TRADE
NSW1,2010/9/5 18:30,8997.89,26.55,TRADE
NSW1,2010/9/5 19:00,9047.43,25.53,TRADE
NSW1,2010/9/5 19:30,8926.86,25.29,TRADE
NSW1,2010/9/5 20:00,8760.34,25.3,TRADE
NSW1,2010/9/5 20:30,8686.41,25.29,TRADE
NSW1,2010/9/5 21:00,8550.4,25.29,TRADE
NSW1,2010/9/5 21:30,8468.29,25.22,TRADE
NSW1,2010/9/5 22:00,8269.98,24.38,TRADE
NSW1,2010/9/5 22:30,8294.31,25.31,TRADE
NSW1,2010/9/5 23:00,8068.55,25.09,TRADE
NSW1,2010/9/5 23:30,7969.37,25.13,TRADE
NSW1,2010/9/6 0:00,7732.87,24.89,TRADE
NSW1,2010/9/6 0:30,7560.55,24.6,TRADE
NSW1,2010/9/6 1:00,7419.75,24.37,TRADE
NSW1,2010/9/6 1:30,7284.79,24.45,TRADE
NSW1,2010/9/6 2:00,7173.14,24.35,TRADE
NSW1,2010/9/6 2:30,6905.68,23.53,TRADE
NSW1,2010/9/6 3:00,6735.7,22.44,TRADE
NSW1,2010/9/6 3:30,6602.32,20.87,TRADE
NSW1,2010/9/6 4:00,6600.32,21.19,TRADE
NSW1,2010/9/6 4:30,6627.96,19.99,TRADE
NSW1,2010/9/6 5:00,6697.05,19.96,TRADE
NSW1,2010/9/6 5:30,6922.39,22.75,TRADE
NSW1,2010/9/6 6:00,7384.03,24.55,TRADE
NSW1,2010/9/6 6:30,8131.1,25.06,TRADE
NSW1,2010/9/6 7:00,8895.78,26.81,TRADE
NSW1,2010/9/6 7:30,9156.34,24.76,TRADE
NSW1,2010/9/6 8:00,9533.2,25.3,TRADE
NSW1,2010/9/6 8:30,9553.81,25.3,TRADE
NSW1,2010/9/6 9:00,9502.81,25.29,TRADE
NSW1,2010/9/6 9:30,9600.1,25.3,TRADE
NSW1,2010/9/6 10:00,9590.63,25.3,TRADE
NSW1,2010/9/6 10:30,9542.37,25.3,TRADE
NSW1,2010/9/6 11:00,9499.01,25.3,TRADE
NSW1,2010/9/6 11:30,9386.9,25.24,TRADE
NSW1,2010/9/6 12:00,9350.31,25.3,TRADE
NSW1,2010/9/6 12:30,9271.73,25.29,TRADE
NSW1,2010/9/6 13:00,9234.17,25.3,TRADE
NSW1,2010/9/6 13:30,9178.62,25.3,TRADE
NSW1,2010/9/6 14:00,9155.76,25.29,TRADE
NSW1,2010/9/6 14:30,9138.91,25.3,TRADE
NSW1,2010/9/6 15:00,9027.7,25.24,TRADE
NSW1,2010/9/6 15:30,9021.78,25.13,TRADE
NSW1,2010/9/6 16:00,9105.61,25.26,TRADE
NSW1,2010/9/6 16:30,9216.63,25.25,TRADE
NSW1,2010/9/6 17:00,9366.73,25.29,TRADE
NSW1,2010/9/6 17:30,9633.3,25.4,TRADE
NSW1,2010/9/6 18:00,10085.93,28.75,TRADE
NSW1,2010/9/6 18:30,10527.06,30.51,TRADE
NSW1,2010/9/6 19:00,10472.32,31.23,TRADE
NSW1,2010/9/6 19:30,10331.94,28.02,TRADE
NSW1,2010/9/6 20:00,10126.83,26.57,TRADE
NSW1,2010/9/6 20:30,9923.17,25.99,TRADE
NSW1,2010/9/6 21:00,9684.87,25.63,TRADE
NSW1,2010/9/6 21:30,9493.1,25.29,TRADE
NSW1,2010/9/6 22:00,9142.92,25.25,TRADE
NSW1,2010/9/6 22:30,9220.28,26.96,TRADE
NSW1,2010/9/6 23:00,9022.5,25.3,TRADE
NSW1,2010/9/6 23:30,8846.57,25.43,TRADE
NSW1,2010/9/7 0:00,8754.85,25.21,TRADE
NSW1,2010/9/7 0:30,8560.28,25.29,TRADE
NSW1,2010/9/7 1:00,8410.99,25.27,TRADE
NSW1,2010/9/7 1:30,8280.89,26.49,TRADE
NSW1,2010/9/7 2:00,8028.14,25.11,TRADE
NSW1,2010/9/7 2:30,7664.25,25.27,TRADE
NSW1,2010/9/7 3:00,7329.16,23.87,TRADE
NSW1,2010/9/7 3:30,7156.25,22.48,TRADE
NSW1,2010/9/7 4:00,6990.33,19.93,TRADE
NSW1,2010/9/7 4:30,6992.93,19.99,TRADE
NSW1,2010/9/7 5:00,7041.03,20.69,TRADE
NSW1,2010/9/7 5:30,7350.86,24.42,TRADE
NSW1,2010/9/7 6:00,7809.18,25.95,TRADE
NSW1,2010/9/7 6:30,8657.21,26.38,TRADE
NSW1,2010/9/7 7:00,9392.88,28.65,TRADE
NSW1,2010/9/7 7:30,9681.27,26.43,TRADE
NSW1,2010/9/7 8:00,10028.35,29.34,TRADE
NSW1,2010/9/7 8:30,10000.62,29.51,TRADE
NSW1,2010/9/7 9:00,9878.21,26.28,TRADE
NSW1,2010/9/7 9:30,9839.3,26.52,TRADE
NSW1,2010/9/7 10:00,9757.7,25.34,TRADE
NSW1,2010/9/7 10:30,9690.35,25.3,TRADE
NSW1,2010/9/7 11:00,9642.28,25.24,TRADE
NSW1,2010/9/7 11:30,9579.2,25.27,TRADE
NSW1,2010/9/7 12:00,9437.47,25.29,TRADE
NSW1,2010/9/7 12:30,9416.06,25.3,TRADE
NSW1,2010/9/7 13:00,9421.86,25.29,TRADE
NSW1,2010/9/7 13:30,9367.81,25.4,TRADE
NSW1,2010/9/7 14:00,9276.32,25.3,TRADE
NSW1,2010/9/7 14:30,9268.79,25.3,TRADE
NSW1,2010/9/7 15:00,9228.93,25.3,TRADE
NSW1,2010/9/7 15:30,9150.77,25.28,TRADE
NSW1,2010/9/7 16:00,9149.04,25.29,TRADE
NSW1,2010/9/7 16:30,9286.7,25.3,TRADE
NSW1,2010/9/7 17:00,9437.65,25.32,TRADE
NSW1,2010/9/7 17:30,9742.66,25.32,TRADE
NSW1,2010/9/7 18:00,10391.55,29.13,TRADE
NSW1,2010/9/7 18:30,10894.33,40.39,TRADE
NSW1,2010/9/7 19:00,10922.04,51.38,TRADE
NSW1,2010/9/7 19:30,10731.01,27.2,TRADE
NSW1,2010/9/7 20:00,10533.31,26.9,TRADE
NSW1,2010/9/7 20:30,10409.23,26.82,TRADE
NSW1,2010/9/7 21:00,10204.67,25.71,TRADE
NSW1,2010/9/7 21:30,9906.75,25.28,TRADE
NSW1,2010/9/7 22:00,9477.64,25.22,TRADE
NSW1,2010/9/7 22:30,9529.19,25.88,TRADE
NSW1,2010/9/7 23:00,9234.62,25.2,TRADE
NSW1,2010/9/7 23:30,9035.27,25.26,TRADE
NSW1,2010/9/8 0:00,8871.62,25.06,TRADE
NSW1,2010/9/8 0:30,8688.06,24.9,TRADE
NSW1,2010/9/8 1:00,8542.71,24.86,TRADE
NSW1,2010/9/8 1:30,8326.37,24.86,TRADE
NSW1,2010/9/8 2:00,8122.21,24.82,TRADE
NSW1,2010/9/8 2:30,7721.65,22.43,TRADE
NSW1,2010/9/8 3:00,7448.33,20.16,TRADE
NSW1,2010/9/8 3:30,7159.21,18.62,TRADE
NSW1,2010/9/8 4:00,6987.66,16.45,TRADE
NSW1,2010/9/8 4:30,6940.85,17.46,TRADE
NSW1,2010/9/8 5:00,7052.92,19.61,TRADE
NSW1,2010/9/8 5:30,7378.54,20.56,TRADE
NSW1,2010/9/8 6:00,7819.95,24.17,TRADE
NSW1,2010/9/8 6:30,8641.87,25.07,TRADE
NSW1,2010/9/8 7:00,9471.63,27.6,TRADE
NSW1,2010/9/8 7:30,9789.75,25.19,TRADE
NSW1,2010/9/8 8:00,10023.94,25.3,TRADE
NSW1,2010/9/8 8:30,10029.11,25.3,TRADE
NSW1,2010/9/8 9:00,9854.99,25.28,TRADE
NSW1,2010/9/8 9:30,9784.24,25.3,TRADE
NSW1,2010/9/8 10:00,9722.94,25.3,TRADE
NSW1,2010/9/8 10:30,9652.42,25.29,TRADE
NSW1,2010/9/8 11:00,9536.51,25.3,TRADE
NSW1,2010/9/8 11:30,9397.91,25.28,TRADE
NSW1,2010/9/8 12:00,9313.9,25.25,TRADE
NSW1,2010/9/8 12:30,9205.68,25.25,TRADE
NSW1,2010/9/8 13:00,9132.8,25.25,TRADE
NSW1,2010/9/8 13:30,9093.17,25.25,TRADE
NSW1,2010/9/8 14:00,9068.33,25.25,TRADE
NSW1,2010/9/8 14:30,9109.46,25.25,TRADE
NSW1,2010/9/8 15:00,9006.07,25.18,TRADE
NSW1,2010/9/8 15:30,8949.23,24.66,TRADE
NSW1,2010/9/8 16:00,8958.43,24.83,TRADE
NSW1,2010/9/8 16:30,9037.87,25.12,TRADE
NSW1,2010/9/8 17:00,9207.34,25.21,TRADE
NSW1,2010/9/8 17:30,9443.2,25.29,TRADE
NSW1,2010/9/8 18:00,9974.3,26.64,TRADE
NSW1,2010/9/8 18:30,10484.67,26.92,TRADE
NSW1,2010/9/8 19:00,10597.7,26.56,TRADE
NSW1,2010/9/8 19:30,10442.32,25.61,TRADE
NSW1,2010/9/8 20:00,10206.17,25.3,TRADE
NSW1,2010/9/8 20:30,10052.63,25.29,TRADE
NSW1,2010/9/8 21:00,9857.63,25.3,TRADE
NSW1,2010/9/8 21:30,9578.35,25.29,TRADE
NSW1,2010/9/8 22:00,9279.28,25.25,TRADE
NSW1,2010/9/8 22:30,9282.74,26,TRADE
NSW1,2010/9/8 23:00,9016.73,25.21,TRADE
NSW1,2010/9/8 23:30,8858.19,25.06,TRADE
NSW1,2010/9/9 0:00,8711.8,24.72,TRADE
NSW1,2010/9/9 0:30,8506.45,23.3,TRADE
NSW1,2010/9/9 1:00,8317.74,21.31,TRADE
NSW1,2010/9/9 1:30,8181.98,24.86,TRADE
NSW1,2010/9/9 2:00,7918.65,23.23,TRADE
NSW1,2010/9/9 2:30,7564,20.66,TRADE
NSW1,2010/9/9 3:00,7226.19,19.61,TRADE
NSW1,2010/9/9 3:30,6984.71,19.46,TRADE
NSW1,2010/9/9 4:00,6866.27,19.7,TRADE
NSW1,2010/9/9 4:30,6848.9,19.02,TRADE
NSW1,2010/9/9 5:00,6899,19.92,TRADE
NSW1,2010/9/9 5:30,7176.44,20.83,TRADE
NSW1,2010/9/9 6:00,7614.73,24.56,TRADE
NSW1,2010/9/9 6:30,8395.19,24.98,TRADE
NSW1,2010/9/9 7:00,9207.44,26.7,TRADE
NSW1,2010/9/9 7:30,9584.72,24.89,TRADE
NSW1,2010/9/9 8:00,9974.91,26.11,TRADE
NSW1,2010/9/9 8:30,10050.25,25.3,TRADE
NSW1,2010/9/9 9:00,9900.61,25.27,TRADE
NSW1,2010/9/9 9:30,9777.97,25.29,TRADE
NSW1,2010/9/9 10:00,9583.57,25.3,TRADE
NSW1,2010/9/9 10:30,9620.4,25.3,TRADE
NSW1,2010/9/9 11:00,9541.46,25.3,TRADE
NSW1,2010/9/9 11:30,9371.18,25.3,TRADE
NSW1,2010/9/9 12:00,9392.47,25.3,TRADE
NSW1,2010/9/9 12:30,9393.51,25.31,TRADE
NSW1,2010/9/9 13:00,9368.22,25.3,TRADE
NSW1,2010/9/9 13:30,9417.34,25.34,TRADE
NSW1,2010/9/9 14:00,9388.1,25.3,TRADE
NSW1,2010/9/9 14:30,9417.06,25.3,TRADE
NSW1,2010/9/9 15:00,9372.45,25.3,TRADE
NSW1,2010/9/9 15:30,9425.55,25.34,TRADE
NSW1,2010/9/9 16:00,9632.07,25.3,TRADE
NSW1,2010/9/9 16:30,9835.37,25.3,TRADE
NSW1,2010/9/9 17:00,10152.43,25.3,TRADE
NSW1,2010/9/9 17:30,10421.24,25.56,TRADE
NSW1,2010/9/9 18:00,10907.73,26.8,TRADE
NSW1,2010/9/9 18:30,11064.42,28.27,TRADE
NSW1,2010/9/9 19:00,11013.29,28.65,TRADE
NSW1,2010/9/9 19:30,10760.21,26.54,TRADE
NSW1,2010/9/9 20:00,10529.19,25.31,TRADE
NSW1,2010/9/9 20:30,10407.99,25.49,TRADE
NSW1,2010/9/9 21:00,10079.68,25.29,TRADE
NSW1,2010/9/9 21:30,9701.3,25.27,TRADE
NSW1,2010/9/9 22:00,9304.89,25.23,TRADE
NSW1,2010/9/9 22:30,9257.81,25.69,TRADE
NSW1,2010/9/9 23:00,9009.24,25.27,TRADE
NSW1,2010/9/9 23:30,8856.69,25.1,TRADE
NSW1,2010/9/10 0:00,8722.59,25.06,TRADE
NSW1,2010/9/10 0:30,8495.46,24.79,TRADE
NSW1,2010/9/10 1:00,8326.82,24.18,TRADE
NSW1,2010/9/10 1:30,8162.71,24.86,TRADE
NSW1,2010/9/10 2:00,7902.1,23.25,TRADE
NSW1,2010/9/10 2:30,7530.38,20.68,TRADE
NSW1,2010/9/10 3:00,7200.19,17.3,TRADE
NSW1,2010/9/10 3:30,6973.7,16.32,TRADE
NSW1,2010/9/10 4:00,6816.13,15.14,TRADE
NSW1,2010/9/10 4:30,6747.75,15.35,TRADE
NSW1,2010/9/10 5:00,6813.46,17.84,TRADE
NSW1,2010/9/10 5:30,7124.75,20.05,TRADE
NSW1,2010/9/10 6:00,7512.68,22.46,TRADE
NSW1,2010/9/10 6:30,8257.65,24.77,TRADE
NSW1,2010/9/10 7:00,8984.4,25.39,TRADE
NSW1,2010/9/10 7:30,9211.04,23.96,TRADE
NSW1,2010/9/10 8:00,9487.21,25.3,TRADE
NSW1,2010/9/10 8:30,9609.95,25.27,TRADE
NSW1,2010/9/10 9:00,9575.09,25.3,TRADE
NSW1,2010/9/10 9:30,9643.46,25.3,TRADE
NSW1,2010/9/10 10:00,9691.85,25.33,TRADE
NSW1,2010/9/10 10:30,9689.12,25.47,TRADE
NSW1,2010/9/10 11:00,9639.35,25.3,TRADE
NSW1,2010/9/10 11:30,9486.38,25.3,TRADE
NSW1,2010/9/10 12:00,9430.06,25.3,TRADE
NSW1,2010/9/10 12:30,9342.27,25.3,TRADE
NSW1,2010/9/10 13:00,9293.86,25.3,TRADE
NSW1,2010/9/10 13:30,9280.36,25.3,TRADE
NSW1,2010/9/10 14:00,9201.32,25.3,TRADE
NSW1,2010/9/10 14:30,9166.13,25.27,TRADE
NSW1,2010/9/10 15:00,9030.24,25.23,TRADE
NSW1,2010/9/10 15:30,8919.38,25.28,TRADE
NSW1,2010/9/10 16:00,9056.89,25.28,TRADE
NSW1,2010/9/10 16:30,9163.1,25.29,TRADE
NSW1,2010/9/10 17:00,9251.87,25.27,TRADE
NSW1,2010/9/10 17:30,9310.7,25.2,TRADE
NSW1,2010/9/10 18:00,9730.36,25.55,TRADE
NSW1,2010/9/10 18:30,10128.41,25.39,TRADE
NSW1,2010/9/10 19:00,10165.82,25.31,TRADE
NSW1,2010/9/10 19:30,9949.96,25.22,TRADE
NSW1,2010/9/10 20:00,9830.47,25.3,TRADE
NSW1,2010/9/10 20:30,9674.05,25.34,TRADE
NSW1,2010/9/10 21:00,9522.26,25.3,TRADE
NSW1,2010/9/10 21:30,9308.8,25.3,TRADE
NSW1,2010/9/10 22:00,9084.95,25.28,TRADE
NSW1,2010/9/10 22:30,9149.12,25.83,TRADE
NSW1,2010/9/10 23:00,8941.59,25.28,TRADE
NSW1,2010/9/10 23:30,8853.34,25.35,TRADE
NSW1,2010/9/11 0:00,8775.75,25.32,TRADE
NSW1,2010/9/11 0:30,8543.88,25.12,TRADE
NSW1,2010/9/11 1:00,8355.43,24.9,TRADE
NSW1,2010/9/11 1:30,8121.31,26,TRADE
NSW1,2010/9/11 2:00,7854.11,24.93,TRADE
NSW1,2010/9/11 2:30,7440.12,24.12,TRADE
NSW1,2010/9/11 3:00,7150.37,20.33,TRADE
NSW1,2010/9/11 3:30,6903.68,20.06,TRADE
NSW1,2010/9/11 4:00,6801.09,17.07,TRADE
NSW1,2010/9/11 4:30,6656.65,17.76,TRADE
NSW1,2010/9/11 5:00,6663.41,19.78,TRADE
NSW1,2010/9/11 5:30,6763.21,20.01,TRADE
NSW1,2010/9/11 6:00,6924.44,20.01,TRADE
NSW1,2010/9/11 6:30,7177.84,20.64,TRADE
NSW1,2010/9/11 7:00,7579.35,21.88,TRADE
NSW1,2010/9/11 7:30,7952.72,24.3,TRADE
NSW1,2010/9/11 8:00,8417.18,25.27,TRADE
NSW1,2010/9/11 8:30,8716.57,25.31,TRADE
NSW1,2010/9/11 9:00,8970.62,25.56,TRADE
NSW1,2010/9/11 9:30,9077.98,25.3,TRADE
NSW1,2010/9/11 10:00,9002.57,25.3,TRADE
NSW1,2010/9/11 10:30,8918.16,25.28,TRADE
NSW1,2010/9/11 11:00,8748.17,25.3,TRADE
NSW1,2010/9/11 11:30,8583.01,25.3,TRADE
NSW1,2010/9/11 12:00,8423.02,25.26,TRADE
NSW1,2010/9/11 12:30,8278.57,24.84,TRADE
NSW1,2010/9/11 13:00,8176.15,23.62,TRADE
NSW1,2010/9/11 13:30,8067.23,23.57,TRADE
NSW1,2010/9/11 14:00,7970.82,22.72,TRADE
NSW1,2010/9/11 14:30,7880.62,22.03,TRADE
NSW1,2010/9/11 15:00,7844.08,22.26,TRADE
NSW1,2010/9/11 15:30,7777.34,22.41,TRADE
NSW1,2010/9/11 16:00,7809.57,22.35,TRADE
NSW1,2010/9/11 16:30,7880.99,22,TRADE
NSW1,2010/9/11 17:00,8031.57,22.87,TRADE
NSW1,2010/9/11 17:30,8162.51,23.89,TRADE
NSW1,2010/9/11 18:00,8675.23,25.71,TRADE
NSW1,2010/9/11 18:30,9312.13,27.64,TRADE
NSW1,2010/9/11 19:00,9414.24,26.81,TRADE
NSW1,2010/9/11 19:30,9235.54,25.29,TRADE
NSW1,2010/9/11 20:00,9062.33,25.37,TRADE
NSW1,2010/9/11 20:30,8905.77,25.22,TRADE
NSW1,2010/9/11 21:00,8787.85,25.25,TRADE
NSW1,2010/9/11 21:30,8739.33,25.3,TRADE
NSW1,2010/9/11 22:00,8633.05,25.31,TRADE
NSW1,2010/9/11 22:30,8680.05,25.29,TRADE
NSW1,2010/9/11 23:00,8574.91,25.26,TRADE
NSW1,2010/9/11 23:30,8464.79,25.56,TRADE
NSW1,2010/9/12 0:00,8282.65,25,TRADE
NSW1,2010/9/12 0:30,7978.41,24.49,TRADE
NSW1,2010/9/12 1:00,7734.47,24.09,TRADE
NSW1,2010/9/12 1:30,7606.68,24.86,TRADE
NSW1,2010/9/12 2:00,7354.35,23.73,TRADE
NSW1,2010/9/12 2:30,7088.53,22.48,TRADE
NSW1,2010/9/12 3:00,6890.4,20.08,TRADE
NSW1,2010/9/12 3:30,6648.59,18.68,TRADE
NSW1,2010/9/12 4:00,6567.67,18.94,TRADE
NSW1,2010/9/12 4:30,6515.01,17.31,TRADE
NSW1,2010/9/12 5:00,6519.31,18.68,TRADE
NSW1,2010/9/12 5:30,6618.75,20.01,TRADE
NSW1,2010/9/12 6:00,6717.42,20,TRADE
NSW1,2010/9/12 6:30,6847.16,20,TRADE
NSW1,2010/9/12 7:00,7042.45,20.3,TRADE
NSW1,2010/9/12 7:30,7362.08,20.33,TRADE
NSW1,2010/9/12 8:00,7760.78,21.23,TRADE
NSW1,2010/9/12 8:30,8145.16,21.8,TRADE
NSW1,2010/9/12 9:00,8330.21,22.52,TRADE
NSW1,2010/9/12 9:30,8485.73,24,TRADE
NSW1,2010/9/12 10:00,8445.2,23.97,TRADE
NSW1,2010/9/12 10:30,8431.24,23.92,TRADE
NSW1,2010/9/12 11:00,8293.14,23.93,TRADE
NSW1,2010/9/12 11:30,8159.51,22.28,TRADE
NSW1,2010/9/12 12:00,8085.72,22.32,TRADE
NSW1,2010/9/12 12:30,8006.54,22.22,TRADE
NSW1,2010/9/12 13:00,7906.08,21.82,TRADE
NSW1,2010/9/12 13:30,7796.94,21.61,TRADE
NSW1,2010/9/12 14:00,7749.52,21.59,TRADE
NSW1,2010/9/12 14:30,7661.13,21.51,TRADE
NSW1,2010/9/12 15:00,7738.36,21.8,TRADE
NSW1,2010/9/12 15:30,7682.51,21.57,TRADE
NSW1,2010/9/12 16:00,7811.23,21.95,TRADE
NSW1,2010/9/12 16:30,7889.27,22.09,TRADE
NSW1,2010/9/12 17:00,8043.44,22.68,TRADE
NSW1,2010/9/12 17:30,8317.49,23.22,TRADE
NSW1,2010/9/12 18:00,8824.41,26.05,TRADE
NSW1,2010/9/12 18:30,9432.61,28.03,TRADE
NSW1,2010/9/12 19:00,9477.37,26.52,TRADE
NSW1,2010/9/12 19:30,9287.3,25.39,TRADE
NSW1,2010/9/12 20:00,9092.02,25.3,TRADE
NSW1,2010/9/12 20:30,8958.62,25.29,TRADE
NSW1,2010/9/12 21:00,8801.86,25.3,TRADE
NSW1,2010/9/12 21:30,8682.16,25.29,TRADE
NSW1,2010/9/12 22:00,8381.57,25.03,TRADE
NSW1,2010/9/12 22:30,8287.52,24.91,TRADE
NSW1,2010/9/12 23:00,8088.28,24.86,TRADE
NSW1,2010/9/12 23:30,7943.77,24.34,TRADE
NSW1,2010/9/13 0:00,7783.81,22.73,TRADE
NSW1,2010/9/13 0:30,7518.27,20.75,TRADE
NSW1,2010/9/13 1:00,7396.59,20.04,TRADE
NSW1,2010/9/13 1:30,7298.41,23.74,TRADE
NSW1,2010/9/13 2:00,7111.49,20.69,TRADE
NSW1,2010/9/13 2:30,6807.35,20.05,TRADE
NSW1,2010/9/13 3:00,6625.06,20.01,TRADE
NSW1,2010/9/13 3:30,6527.86,18.27,TRADE
NSW1,2010/9/13 4:00,6495.21,20,TRADE
NSW1,2010/9/13 4:30,6513.96,19.87,TRADE
NSW1,2010/9/13 5:00,6590.74,20,TRADE
NSW1,2010/9/13 5:30,6878,21.04,TRADE
NSW1,2010/9/13 6:00,7337.03,24.93,TRADE
NSW1,2010/9/13 6:30,7989.67,25,TRADE
NSW1,2010/9/13 7:00,8701.42,26.02,TRADE
NSW1,2010/9/13 7:30,9035.6,24.56,TRADE
NSW1,2010/9/13 8:00,9392.2,25.38,TRADE
NSW1,2010/9/13 8:30,9457.84,25.3,TRADE
NSW1,2010/9/13 9:00,9438.66,25.3,TRADE
NSW1,2010/9/13 9:30,9450.35,25.3,TRADE
NSW1,2010/9/13 10:00,9427.19,25.3,TRADE
NSW1,2010/9/13 10:30,9469.65,25.29,TRADE
NSW1,2010/9/13 11:00,9379.19,25.29,TRADE
NSW1,2010/9/13 11:30,9282.13,25.3,TRADE
NSW1,2010/9/13 12:00,9205.92,25.29,TRADE
NSW1,2010/9/13 12:30,9201.72,25.3,TRADE
NSW1,2010/9/13 13:00,9130.07,25.3,TRADE
NSW1,2010/9/13 13:30,9119.83,25.3,TRADE
NSW1,2010/9/13 14:00,9064.61,25.28,TRADE
NSW1,2010/9/13 14:30,9037.81,25.44,TRADE
NSW1,2010/9/13 15:00,8987.38,25.26,TRADE
NSW1,2010/9/13 15:30,8884.41,25.26,TRADE
NSW1,2010/9/13 16:00,8964.11,25.27,TRADE
NSW1,2010/9/13 16:30,8956.12,25.24,TRADE
NSW1,2010/9/13 17:00,9101.48,25.27,TRADE
NSW1,2010/9/13 17:30,9334.54,25.3,TRADE
NSW1,2010/9/13 18:00,9668.34,26.66,TRADE
NSW1,2010/9/13 18:30,10106.81,28.13,TRADE
NSW1,2010/9/13 19:00,10025.17,26.67,TRADE
NSW1,2010/9/13 19:30,9805.67,25.28,TRADE
NSW1,2010/9/13 20:00,9464.17,25.3,TRADE
NSW1,2010/9/13 20:30,9319.98,25.29,TRADE
NSW1,2010/9/13 21:00,9099.82,25.29,TRADE
NSW1,2010/9/13 21:30,8884.03,25.13,TRADE
NSW1,2010/9/13 22:00,8589.74,23.71,TRADE
NSW1,2010/9/13 22:30,8636.78,25.71,TRADE
NSW1,2010/9/13 23:00,8536.51,25.18,TRADE
NSW1,2010/9/13 23:30,8390.35,25.35,TRADE
NSW1,2010/9/14 0:00,8346.4,25.1,TRADE
NSW1,2010/9/14 0:30,8109.83,24.75,TRADE
NSW1,2010/9/14 1:00,8025,24.68,TRADE
NSW1,2010/9/14 1:30,7832.21,24.86,TRADE
NSW1,2010/9/14 2:00,7647.76,24.7,TRADE
NSW1,2010/9/14 2:30,7330.42,23.44,TRADE
NSW1,2010/9/14 3:00,7028.61,22.21,TRADE
NSW1,2010/9/14 3:30,6808.79,20.13,TRADE
NSW1,2010/9/14 4:00,6732,20.02,TRADE
NSW1,2010/9/14 4:30,6659.08,19.34,TRADE
NSW1,2010/9/14 5:00,6762.85,20.14,TRADE
NSW1,2010/9/14 5:30,7056.22,22.56,TRADE
NSW1,2010/9/14 6:00,7431.11,25.01,TRADE
NSW1,2010/9/14 6:30,8122.1,27.18,TRADE
NSW1,2010/9/14 7:00,8847.01,30.07,TRADE
NSW1,2010/9/14 7:30,9096.54,23.91,TRADE
NSW1,2010/9/14 8:00,9416.54,26.81,TRADE
NSW1,2010/9/14 8:30,9499.87,25.75,TRADE
NSW1,2010/9/14 9:00,9429.84,23.34,TRADE
NSW1,2010/9/14 9:30,9538.05,25.29,TRADE
NSW1,2010/9/14 10:00,9562.63,25.3,TRADE
NSW1,2010/9/14 10:30,9589.97,25.3,TRADE
NSW1,2010/9/14 11:00,9598.17,25.3,TRADE
NSW1,2010/9/14 11:30,9552.23,25.3,TRADE
NSW1,2010/9/14 12:00,9495.41,25.3,TRADE
NSW1,2010/9/14 12:30,9490.35,25.3,TRADE
NSW1,2010/9/14 13:00,9473,25.3,TRADE
NSW1,2010/9/14 13:30,9416.29,25.23,TRADE
NSW1,2010/9/14 14:00,9357.7,25.25,TRADE
NSW1,2010/9/14 14:30,9440.19,25.3,TRADE
NSW1,2010/9/14 15:00,9397.42,25.29,TRADE
NSW1,2010/9/14 15:30,9440.67,25.29,TRADE
NSW1,2010/9/14 16:00,9581.8,25.36,TRADE
NSW1,2010/9/14 16:30,9775.09,25.3,TRADE
NSW1,2010/9/14 17:00,9919.05,25.3,TRADE
NSW1,2010/9/14 17:30,10195.06,25.3,TRADE
NSW1,2010/9/14 18:00,10589.57,25.36,TRADE
NSW1,2010/9/14 18:30,10803.01,25.77,TRADE
NSW1,2010/9/14 19:00,10683.39,25.59,TRADE
NSW1,2010/9/14 19:30,10374.05,25.25,TRADE
NSW1,2010/9/14 20:00,10086.48,25.25,TRADE
NSW1,2010/9/14 20:30,9920.63,25.29,TRADE
NSW1,2010/9/14 21:00,9645.33,25.22,TRADE
NSW1,2010/9/14 21:30,9358.77,25.23,TRADE
NSW1,2010/9/14 22:00,9034.85,22.87,TRADE
NSW1,2010/9/14 22:30,9101.02,25.19,TRADE
NSW1,2010/9/14 23:00,8815.19,24.86,TRADE
NSW1,2010/9/14 23:30,8731.19,23.99,TRADE
NSW1,2010/9/15 0:00,8588.75,22.54,TRADE
NSW1,2010/9/15 0:30,8395.91,21.12,TRADE
NSW1,2010/9/15 1:00,8259.72,20.35,TRADE
NSW1,2010/9/15 1:30,8058.97,23.36,TRADE
NSW1,2010/9/15 2:00,7850.39,21.71,TRADE
NSW1,2010/9/15 2:30,7465.26,19.4,TRADE
NSW1,2010/9/15 3:00,7127.4,14.56,TRADE
NSW1,2010/9/15 3:30,6882.9,14.74,TRADE
NSW1,2010/9/15 4:00,6764.34,13.17,TRADE
NSW1,2010/9/15 4:30,6750.37,12.9,TRADE
NSW1,2010/9/15 5:00,6794.43,16.27,TRADE
NSW1,2010/9/15 5:30,7106.45,20.12,TRADE
NSW1,2010/9/15 6:00,7510.83,21.09,TRADE
NSW1,2010/9/15 6:30,8272.86,24.37,TRADE
NSW1,2010/9/15 7:00,8979.34,25.32,TRADE
NSW1,2010/9/15 7:30,9267.67,24.7,TRADE
NSW1,2010/9/15 8:00,9595.74,25.3,TRADE
NSW1,2010/9/15 8:30,9691.63,25.3,TRADE
NSW1,2010/9/15 9:00,9521.15,25.26,TRADE
NSW1,2010/9/15 9:30,9528.43,25.26,TRADE
NSW1,2010/9/15 10:00,9527.63,25.25,TRADE
NSW1,2010/9/15 10:30,9482.99,25.08,TRADE
NSW1,2010/9/15 11:00,9404.37,24.08,TRADE
NSW1,2010/9/15 11:30,9255.1,22.43,TRADE
NSW1,2010/9/15 12:00,9113.47,22.05,TRADE
NSW1,2010/9/15 12:30,9112.2,22.86,TRADE
NSW1,2010/9/15 13:00,9113.32,24.34,TRADE
NSW1,2010/9/15 13:30,9070.01,22.54,TRADE
NSW1,2010/9/15 14:00,9048.35,22.69,TRADE
NSW1,2010/9/15 14:30,8999.77,22.92,TRADE
NSW1,2010/9/15 15:00,8930.7,22.03,TRADE
NSW1,2010/9/15 15:30,8910.82,20.39,TRADE
NSW1,2010/9/15 16:00,8908.19,20.56,TRADE
NSW1,2010/9/15 16:30,8948.12,21.64,TRADE
NSW1,2010/9/15 17:00,9033.93,22.1,TRADE
NSW1,2010/9/15 17:30,9154,23.44,TRADE
NSW1,2010/9/15 18:00,9543.54,25.23,TRADE
NSW1,2010/9/15 18:30,10005.99,25.4,TRADE
NSW1,2010/9/15 19:00,10075.24,25.3,TRADE
NSW1,2010/9/15 19:30,9894.25,25.3,TRADE
NSW1,2010/9/15 20:00,9681.59,25.3,TRADE
NSW1,2010/9/15 20:30,9562.16,25.29,TRADE
NSW1,2010/9/15 21:00,9375.91,25.25,TRADE
NSW1,2010/9/15 21:30,9126.26,24.15,TRADE
NSW1,2010/9/15 22:00,8855.03,21.75,TRADE
NSW1,2010/9/15 22:30,8945.23,25.45,TRADE
NSW1,2010/9/15 23:00,8731.99,25.26,TRADE
NSW1,2010/9/15 23:30,8578.4,25.17,TRADE
NSW1,2010/9/16 0:00,8431.39,25.02,TRADE
NSW1,2010/9/16 0:30,8243.49,24.65,TRADE
NSW1,2010/9/16 1:00,8060.17,21.4,TRADE
NSW1,2010/9/16 1:30,7873.77,24.3,TRADE
NSW1,2010/9/16 2:00,7634.58,20.19,TRADE
NSW1,2010/9/16 2:30,7299.97,20.01,TRADE
NSW1,2010/9/16 3:00,6995.09,16.14,TRADE
NSW1,2010/9/16 3:30,6743.11,14,TRADE
NSW1,2010/9/16 4:00,6634.61,15.22,TRADE
NSW1,2010/9/16 4:30,6603.81,15.12,TRADE
NSW1,2010/9/16 5:00,6666.09,18.15,TRADE
NSW1,2010/9/16 5:30,6940.1,20.12,TRADE
NSW1,2010/9/16 6:00,7335.01,25.28,TRADE
NSW1,2010/9/16 6:30,8106.33,25.17,TRADE
NSW1,2010/9/16 7:00,8870.3,25.58,TRADE
NSW1,2010/9/16 7:30,9109.07,22.63,TRADE
NSW1,2010/9/16 8:00,9422.28,25.29,TRADE
NSW1,2010/9/16 8:30,9489.48,25.3,TRADE
NSW1,2010/9/16 9:00,9367.55,25.28,TRADE
NSW1,2010/9/16 9:30,9404.21,25.28,TRADE
NSW1,2010/9/16 10:00,9387.06,25.27,TRADE
NSW1,2010/9/16 10:30,9365.14,25.26,TRADE
NSW1,2010/9/16 11:00,9253.09,25.21,TRADE
NSW1,2010/9/16 11:30,9170.34,24.03,TRADE
NSW1,2010/9/16 12:00,9121.92,23.41,TRADE
NSW1,2010/9/16 12:30,9115.93,25.28,TRADE
NSW1,2010/9/16 13:00,8994.71,25.2,TRADE
NSW1,2010/9/16 13:30,8968.98,25.14,TRADE
NSW1,2010/9/16 14:00,8924.36,25.21,TRADE
NSW1,2010/9/16 14:30,8938.11,25.21,TRADE
NSW1,2010/9/16 15:00,8870.29,24.82,TRADE
NSW1,2010/9/16 15:30,8810.47,24.99,TRADE
NSW1,2010/9/16 16:00,8894.56,24.99,TRADE
NSW1,2010/9/16 16:30,8952.68,24.99,TRADE
NSW1,2010/9/16 17:00,9055.71,24.99,TRADE
NSW1,2010/9/16 17:30,9197.84,24.94,TRADE
NSW1,2010/9/16 18:00,9728.71,25.3,TRADE
NSW1,2010/9/16 18:30,10174.79,25.3,TRADE
NSW1,2010/9/16 19:00,10383.77,25.29,TRADE
NSW1,2010/9/16 19:30,10177.97,25.27,TRADE
NSW1,2010/9/16 20:00,10043.45,25.3,TRADE
NSW1,2010/9/16 20:30,9885.32,25.29,TRADE
NSW1,2010/9/16 21:00,9727.89,25.29,TRADE
NSW1,2010/9/16 21:30,9391.11,25.11,TRADE
NSW1,2010/9/16 22:00,9103.54,23.48,TRADE
NSW1,2010/9/16 22:30,9127.37,25.59,TRADE
NSW1,2010/9/16 23:00,8937.61,25.2,TRADE
NSW1,2010/9/16 23:30,8709.85,25.99,TRADE
NSW1,2010/9/17 0:00,8619.05,25.26,TRADE
NSW1,2010/9/17 0:30,8374.43,24.7,TRADE
NSW1,2010/9/17 1:00,8199.1,23.25,TRADE
NSW1,2010/9/17 1:30,8057.55,24.36,TRADE
NSW1,2010/9/17 2:00,7762.67,22.49,TRADE
NSW1,2010/9/17 2:30,7429.16,20.04,TRADE
NSW1,2010/9/17 3:00,7102.44,19.66,TRADE
NSW1,2010/9/17 3:30,6920.19,15.88,TRADE
NSW1,2010/9/17 4:00,6774.29,15.23,TRADE
NSW1,2010/9/17 4:30,6755.39,14.33,TRADE
NSW1,2010/9/17 5:00,6820.47,18.47,TRADE
NSW1,2010/9/17 5:30,7135.18,20.63,TRADE
NSW1,2010/9/17 6:00,7649.4,23.78,TRADE
NSW1,2010/9/17 6:30,8376.07,23.51,TRADE
NSW1,2010/9/17 7:00,9169.65,25.47,TRADE
NSW1,2010/9/17 7:30,9427.15,25.06,TRADE
NSW1,2010/9/17 8:00,9705.99,25.53,TRADE
NSW1,2010/9/17 8:30,9810.35,25.3,TRADE
NSW1,2010/9/17 9:00,9686.37,25.49,TRADE
NSW1,2010/9/17 9:30,9723.39,26.27,TRADE
NSW1,2010/9/17 10:00,9667.25,25.39,TRADE
NSW1,2010/9/17 10:30,9608.19,25.23,TRADE
NSW1,2010/9/17 11:00,9511.79,25.29,TRADE
NSW1,2010/9/17 11:30,9420.15,25.55,TRADE
NSW1,2010/9/17 12:00,9225.54,25.22,TRADE
NSW1,2010/9/17 12:30,9113.5,25.58,TRADE
NSW1,2010/9/17 13:00,9129.85,25.83,TRADE
NSW1,2010/9/17 13:30,9088.97,24.64,TRADE
NSW1,2010/9/17 14:00,8999.04,24.9,TRADE
NSW1,2010/9/17 14:30,8955.82,24.5,TRADE
NSW1,2010/9/17 15:00,8865.67,24.82,TRADE
NSW1,2010/9/17 15:30,8784.64,24.51,TRADE
NSW1,2010/9/17 16:00,8797.52,24.86,TRADE
NSW1,2010/9/17 16:30,8837,24.95,TRADE
NSW1,2010/9/17 17:00,8902.54,24.77,TRADE
NSW1,2010/9/17 17:30,9132.2,25.29,TRADE
NSW1,2010/9/17 18:00,9485.99,25.44,TRADE
NSW1,2010/9/17 18:30,9925.04,25.33,TRADE
NSW1,2010/9/17 19:00,10057.43,25.3,TRADE
NSW1,2010/9/17 19:30,9820.4,25.29,TRADE
NSW1,2010/9/17 20:00,9634.63,25.28,TRADE
NSW1,2010/9/17 20:30,9469.53,25.3,TRADE
NSW1,2010/9/17 21:00,9363.74,25.3,TRADE
NSW1,2010/9/17 21:30,9168.17,25.28,TRADE
NSW1,2010/9/17 22:00,8953.94,25.01,TRADE
NSW1,2010/9/17 22:30,9128.26,26.12,TRADE
NSW1,2010/9/17 23:00,8933.34,25.27,TRADE
NSW1,2010/9/17 23:30,8847.51,25.63,TRADE
NSW1,2010/9/18 0:00,8731.08,25.46,TRADE
NSW1,2010/9/18 0:30,8527.75,25.26,TRADE
NSW1,2010/9/18 1:00,8290.82,24.87,TRADE
NSW1,2010/9/18 1:30,8041.18,25.02,TRADE
NSW1,2010/9/18 2:00,7771.9,24.84,TRADE
NSW1,2010/9/18 2:30,7428.25,23.52,TRADE
NSW1,2010/9/18 3:00,7133,21.59,TRADE
NSW1,2010/9/18 3:30,6878.76,20.01,TRADE
NSW1,2010/9/18 4:00,6666.8,16.49,TRADE
NSW1,2010/9/18 4:30,6588.29,20,TRADE
NSW1,2010/9/18 5:00,6590.56,18.31,TRADE
NSW1,2010/9/18 5:30,6698.96,19.94,TRADE
NSW1,2010/9/18 6:00,6824.93,20.05,TRADE
NSW1,2010/9/18 6:30,7088.81,24.12,TRADE
NSW1,2010/9/18 7:00,7516,24.86,TRADE
NSW1,2010/9/18 7:30,7892.83,25,TRADE
NSW1,2010/9/18 8:00,8299.56,25.26,TRADE
NSW1,2010/9/18 8:30,8606.86,25.3,TRADE
NSW1,2010/9/18 9:00,8909.65,25.31,TRADE
NSW1,2010/9/18 9:30,8987.02,25.3,TRADE
NSW1,2010/9/18 10:00,8919.18,25.3,TRADE
NSW1,2010/9/18 10:30,8864.12,25.3,TRADE
NSW1,2010/9/18 11:00,8705.09,25.3,TRADE
NSW1,2010/9/18 11:30,8476.92,25.27,TRADE
NSW1,2010/9/18 12:00,8383.1,25.25,TRADE
NSW1,2010/9/18 12:30,8247.01,24.9,TRADE
NSW1,2010/9/18 13:00,8136.19,24.86,TRADE
NSW1,2010/9/18 13:30,8010.97,24.81,TRADE
NSW1,2010/9/18 14:00,7969.7,24.86,TRADE
NSW1,2010/9/18 14:30,7889.19,24.84,TRADE
NSW1,2010/9/18 15:00,7785.64,23.19,TRADE
NSW1,2010/9/18 15:30,7854.39,24.01,TRADE
NSW1,2010/9/18 16:00,7827.06,23.99,TRADE
NSW1,2010/9/18 16:30,7894.21,24.75,TRADE
NSW1,2010/9/18 17:00,8042.44,24.86,TRADE
NSW1,2010/9/18 17:30,8097.84,24.76,TRADE
NSW1,2010/9/18 18:00,8591.91,25.52,TRADE
NSW1,2010/9/18 18:30,9196.06,26.62,TRADE
NSW1,2010/9/18 19:00,9191.96,25.59,TRADE
NSW1,2010/9/18 19:30,9010,25.28,TRADE
NSW1,2010/9/18 20:00,8777.26,25.3,TRADE
NSW1,2010/9/18 20:30,8673.57,25.3,TRADE
NSW1,2010/9/18 21:00,8559.15,25.31,TRADE
NSW1,2010/9/18 21:30,8476.57,25.3,TRADE
NSW1,2010/9/18 22:00,8371.79,25.3,TRADE
NSW1,2010/9/18 22:30,8358.38,25.32,TRADE
NSW1,2010/9/18 23:00,8199.17,25.28,TRADE
NSW1,2010/9/18 23:30,8157.22,25.85,TRADE
NSW1,2010/9/19 0:00,7972.15,25.15,TRADE
NSW1,2010/9/19 0:30,7789.88,24.93,TRADE
NSW1,2010/9/19 1:00,7545.92,24.86,TRADE
NSW1,2010/9/19 1:30,7382.06,24.86,TRADE
NSW1,2010/9/19 2:00,7145.75,24.29,TRADE
NSW1,2010/9/19 2:30,6927.71,21.67,TRADE
NSW1,2010/9/19 3:00,6670.24,19.72,TRADE
NSW1,2010/9/19 3:30,6470.54,19.38,TRADE
NSW1,2010/9/19 4:00,6401.78,19.2,TRADE
NSW1,2010/9/19 4:30,6363.06,18.94,TRADE
NSW1,2010/9/19 5:00,6400.33,20.01,TRADE
NSW1,2010/9/19 5:30,6466.16,20,TRADE
NSW1,2010/9/19 6:00,6569.99,20.01,TRADE
NSW1,2010/9/19 6:30,6676.13,17.94,TRADE
NSW1,2010/9/19 7:00,6942.73,20.17,TRADE
NSW1,2010/9/19 7:30,7195.84,21.18,TRADE
NSW1,2010/9/19 8:00,7613.65,21.81,TRADE
NSW1,2010/9/19 8:30,7923.95,22.72,TRADE
NSW1,2010/9/19 9:00,8164.37,24.38,TRADE
NSW1,2010/9/19 9:30,8434.23,25.01,TRADE
NSW1,2010/9/19 10:00,8464.13,25.17,TRADE
NSW1,2010/9/19 10:30,8515.49,25.24,TRADE
NSW1,2010/9/19 11:00,8401.33,25.17,TRADE
NSW1,2010/9/19 11:30,8288.58,24.86,TRADE
NSW1,2010/9/19 12:00,8262.41,24.86,TRADE
NSW1,2010/9/19 12:30,8192.19,24.86,TRADE
NSW1,2010/9/19 13:00,8124.54,24.86,TRADE
NSW1,2010/9/19 13:30,8018.46,23.02,TRADE
NSW1,2010/9/19 14:00,7888.04,21.84,TRADE
NSW1,2010/9/19 14:30,7895.86,21.64,TRADE
NSW1,2010/9/19 15:00,7835.23,21.32,TRADE
NSW1,2010/9/19 15:30,7868.03,20.81,TRADE
NSW1,2010/9/19 16:00,7963.31,21.69,TRADE
NSW1,2010/9/19 16:30,8080.61,22.41,TRADE
NSW1,2010/9/19 17:00,8297.33,24.49,TRADE
NSW1,2010/9/19 17:30,8446.28,24.25,TRADE
NSW1,2010/9/19 18:00,8899.94,25.39,TRADE
NSW1,2010/9/19 18:30,9457.89,25.91,TRADE
NSW1,2010/9/19 19:00,9545.1,25.33,TRADE
NSW1,2010/9/19 19:30,9417.07,25.3,TRADE
NSW1,2010/9/19 20:00,9210.9,25.3,TRADE
NSW1,2010/9/19 20:30,9063.29,25.3,TRADE
NSW1,2010/9/19 21:00,8917.63,25.29,TRADE
NSW1,2010/9/19 21:30,8714.11,25.28,TRADE
NSW1,2010/9/19 22:00,8478.58,25.03,TRADE
NSW1,2010/9/19 22:30,8414.53,25.01,TRADE
NSW1,2010/9/19 23:00,8238.07,23.79,TRADE
NSW1,2010/9/19 23:30,8103.32,23.35,TRADE
NSW1,2010/9/20 0:00,7915.51,21.23,TRADE
NSW1,2010/9/20 0:30,7722.43,20.16,TRADE
NSW1,2010/9/20 1:00,7503.87,20.01,TRADE
NSW1,2010/9/20 1:30,7455.19,22.34,TRADE
NSW1,2010/9/20 2:00,7216.75,19.93,TRADE
NSW1,2010/9/20 2:30,7000.57,19.27,TRADE
NSW1,2010/9/20 3:00,6808.88,18.05,TRADE
NSW1,2010/9/20 3:30,6674.87,17.59,TRADE
NSW1,2010/9/20 4:00,6624.09,17.36,TRADE
NSW1,2010/9/20 4:30,6602.68,15.95,TRADE
NSW1,2010/9/20 5:00,6778.46,19.45,TRADE
NSW1,2010/9/20 5:30,7077.54,20.02,TRADE
NSW1,2010/9/20 6:00,7513.95,23.52,TRADE
NSW1,2010/9/20 6:30,8282.81,25.36,TRADE
NSW1,2010/9/20 7:00,8986.28,25.15,TRADE
NSW1,2010/9/20 7:30,9263.33,24.53,TRADE
NSW1,2010/9/20 8:00,9582.82,25.33,TRADE
NSW1,2010/9/20 8:30,9773.43,25.3,TRADE
NSW1,2010/9/20 9:00,9650.58,25.3,TRADE
NSW1,2010/9/20 9:30,9728.25,25.3,TRADE
NSW1,2010/9/20 10:00,9757.3,25.34,TRADE
NSW1,2010/9/20 10:30,9757.01,25.3,TRADE
NSW1,2010/9/20 11:00,9718.72,25.3,TRADE
NSW1,2010/9/20 11:30,9615.58,25.23,TRADE
NSW1,2010/9/20 12:00,9554.72,25.3,TRADE
NSW1,2010/9/20 12:30,9467.05,25.49,TRADE
NSW1,2010/9/20 13:00,9450.64,25.58,TRADE
NSW1,2010/9/20 13:30,9404.51,25.3,TRADE
NSW1,2010/9/20 14:00,9349.42,25.3,TRADE
NSW1,2010/9/20 14:30,9266.45,25.3,TRADE
NSW1,2010/9/20 15:00,9234.27,25.3,TRADE
NSW1,2010/9/20 15:30,9097.07,25.19,TRADE
NSW1,2010/9/20 16:00,9125.46,25.19,TRADE
NSW1,2010/9/20 16:30,9134.25,24.72,TRADE
NSW1,2010/9/20 17:00,9234.04,25.07,TRADE
NSW1,2010/9/20 17:30,9408.24,25.3,TRADE
NSW1,2010/9/20 18:00,9835.63,25.57,TRADE
NSW1,2010/9/20 18:30,10298.15,25.34,TRADE
NSW1,2010/9/20 19:00,10301.94,25.3,TRADE
NSW1,2010/9/20 19:30,10097.74,25.29,TRADE
NSW1,2010/9/20 20:00,9875.86,25.29,TRADE
NSW1,2010/9/20 20:30,9683.98,25.3,TRADE
NSW1,2010/9/20 21:00,9440.44,25.29,TRADE
NSW1,2010/9/20 21:30,9153.65,25.21,TRADE
NSW1,2010/9/20 22:00,8893.29,24.67,TRADE
NSW1,2010/9/20 22:30,9006.32,25.36,TRADE
NSW1,2010/9/20 23:00,8793.38,25.28,TRADE
NSW1,2010/9/20 23:30,8669.56,25.32,TRADE
NSW1,2010/9/21 0:00,8570.89,25.11,TRADE
NSW1,2010/9/21 0:30,8351.38,24.86,TRADE
NSW1,2010/9/21 1:00,8183.49,24.45,TRADE
NSW1,2010/9/21 1:30,8018.9,24.86,TRADE
NSW1,2010/9/21 2:00,7792.61,24.37,TRADE
NSW1,2010/9/21 2:30,7442.58,20.81,TRADE
NSW1,2010/9/21 3:00,7172.64,20,TRADE
NSW1,2010/9/21 3:30,6971.05,20,TRADE
NSW1,2010/9/21 4:00,6773.68,19.57,TRADE
NSW1,2010/9/21 4:30,6742.39,20,TRADE
NSW1,2010/9/21 5:00,6837.78,20.12,TRADE
NSW1,2010/9/21 5:30,7130.53,21.11,TRADE
NSW1,2010/9/21 6:00,7517.71,24.9,TRADE
NSW1,2010/9/21 6:30,8277.67,25.29,TRADE
NSW1,2010/9/21 7:00,9015.16,25.39,TRADE
NSW1,2010/9/21 7:30,9200.84,25.04,TRADE
NSW1,2010/9/21 8:00,9494.25,25.3,TRADE
NSW1,2010/9/21 8:30,9520.9,25.3,TRADE
NSW1,2010/9/21 9:00,9454.43,25.3,TRADE
NSW1,2010/9/21 9:30,9523.45,25.3,TRADE
NSW1,2010/9/21 10:00,9513.56,25.3,TRADE
NSW1,2010/9/21 10:30,9490.75,25.29,TRADE
NSW1,2010/9/21 11:00,9484.15,25.3,TRADE
NSW1,2010/9/21 11:30,9385.26,25.3,TRADE
NSW1,2010/9/21 12:00,9318.38,25.3,TRADE
NSW1,2010/9/21 12:30,9287.61,25.3,TRADE
NSW1,2010/9/21 13:00,9222.12,25.32,TRADE
NSW1,2010/9/21 13:30,9187.45,25.3,TRADE
NSW1,2010/9/21 14:00,9211.94,25.3,TRADE
NSW1,2010/9/21 14:30,9211.6,25.3,TRADE
NSW1,2010/9/21 15:00,9129.31,25.29,TRADE
NSW1,2010/9/21 15:30,9051.24,25.3,TRADE
NSW1,2010/9/21 16:00,9067.77,25.3,TRADE
NSW1,2010/9/21 16:30,9089.47,25.3,TRADE
NSW1,2010/9/21 17:00,9239.52,25.3,TRADE
NSW1,2010/9/21 17:30,9407.54,25.3,TRADE
NSW1,2010/9/21 18:00,9729.24,25.4,TRADE
NSW1,2010/9/21 18:30,10028.83,25.96,TRADE
NSW1,2010/9/21 19:00,10013.17,26.81,TRADE
NSW1,2010/9/21 19:30,9779.53,25.4,TRADE
NSW1,2010/9/21 20:00,9532.44,25.3,TRADE
NSW1,2010/9/21 20:30,9374.42,25.29,TRADE
NSW1,2010/9/21 21:00,9097.51,25.27,TRADE
NSW1,2010/9/21 21:30,8912.95,25.29,TRADE
NSW1,2010/9/21 22:00,8626.11,25.23,TRADE
NSW1,2010/9/21 22:30,8741.68,25.67,TRADE
NSW1,2010/9/21 23:00,8585.54,25.23,TRADE
NSW1,2010/9/21 23:30,8485.27,25.16,TRADE
NSW1,2010/9/22 0:00,8326.91,24.88,TRADE
NSW1,2010/9/22 0:30,8158.47,24.35,TRADE
NSW1,2010/9/22 1:00,8037.66,22.68,TRADE
NSW1,2010/9/22 1:30,7839.81,24.86,TRADE
NSW1,2010/9/22 2:00,7649.31,23.17,TRADE
NSW1,2010/9/22 2:30,7304.36,20.32,TRADE
NSW1,2010/9/22 3:00,6957.33,18.81,TRADE
NSW1,2010/9/22 3:30,6730.16,14.7,TRADE
NSW1,2010/9/22 4:00,6616.5,9.24,TRADE
NSW1,2010/9/22 4:30,6611.59,13.06,TRADE
NSW1,2010/9/22 5:00,6702.86,16.5,TRADE
NSW1,2010/9/22 5:30,6981.93,20.14,TRADE
NSW1,2010/9/22 6:00,7348.64,23.02,TRADE
NSW1,2010/9/22 6:30,8103.41,25.15,TRADE
NSW1,2010/9/22 7:00,8813.86,25.98,TRADE
NSW1,2010/9/22 7:30,9050.71,23.97,TRADE
NSW1,2010/9/22 8:00,9300.03,25.3,TRADE
NSW1,2010/9/22 8:30,9397.21,25.3,TRADE
NSW1,2010/9/22 9:00,9315.63,25.3,TRADE
NSW1,2010/9/22 9:30,9426.69,25.3,TRADE
NSW1,2010/9/22 10:00,9484.73,25.3,TRADE
NSW1,2010/9/22 10:30,9469.81,25.3,TRADE
NSW1,2010/9/22 11:00,9471.79,25.3,TRADE
NSW1,2010/9/22 11:30,9337.74,25.29,TRADE
NSW1,2010/9/22 12:00,9284.68,25.24,TRADE
NSW1,2010/9/22 12:30,9181.81,25.24,TRADE
NSW1,2010/9/22 13:00,9125.97,25.25,TRADE
NSW1,2010/9/22 13:30,9121.69,25.26,TRADE
NSW1,2010/9/22 14:00,9113.42,25.27,TRADE
NSW1,2010/9/22 14:30,9079.96,25.14,TRADE
NSW1,2010/9/22 15:00,8957.32,24.83,TRADE
NSW1,2010/9/22 15:30,8887.53,24.93,TRADE
NSW1,2010/9/22 16:00,8921.56,25.16,TRADE
NSW1,2010/9/22 16:30,8959.39,25.24,TRADE
NSW1,2010/9/22 17:00,9012.09,25.25,TRADE
NSW1,2010/9/22 17:30,9120.29,24.67,TRADE
NSW1,2010/9/22 18:00,9441.86,24.63,TRADE
NSW1,2010/9/22 18:30,9802.64,25.66,TRADE
NSW1,2010/9/22 19:00,9885.72,25.67,TRADE
NSW1,2010/9/22 19:30,9636.01,25.25,TRADE
NSW1,2010/9/22 20:00,9353.45,25.04,TRADE
NSW1,2010/9/22 20:30,9133.94,24.93,TRADE
NSW1,2010/9/22 21:00,8958.55,25.06,TRADE
NSW1,2010/9/22 21:30,8822.48,25.21,TRADE
NSW1,2010/9/22 22:00,8585.3,23.44,TRADE
NSW1,2010/9/22 22:30,8694.77,25.26,TRADE
NSW1,2010/9/22 23:00,8464.55,25.06,TRADE
NSW1,2010/9/22 23:30,8428.1,25.06,TRADE
NSW1,2010/9/23 0:00,8303.22,24.85,TRADE
NSW1,2010/9/23 0:30,8146.68,22.6,TRADE
NSW1,2010/9/23 1:00,7948.6,20.11,TRADE
NSW1,2010/9/23 1:30,7802.6,24.5,TRADE
NSW1,2010/9/23 2:00,7578.83,21.99,TRADE
NSW1,2010/9/23 2:30,7220.16,20.02,TRADE
NSW1,2010/9/23 3:00,6911.5,19.74,TRADE
NSW1,2010/9/23 3:30,6746.19,19.54,TRADE
NSW1,2010/9/23 4:00,6634.23,18.75,TRADE
NSW1,2010/9/23 4:30,6599.16,17.3,TRADE
NSW1,2010/9/23 5:00,6687.3,19.31,TRADE
NSW1,2010/9/23 5:30,6928.7,20.04,TRADE
NSW1,2010/9/23 6:00,7299.63,21.53,TRADE
NSW1,2010/9/23 6:30,7995.89,25.15,TRADE
NSW1,2010/9/23 7:00,8630.49,25.29,TRADE
NSW1,2010/9/23 7:30,8900.66,23.91,TRADE
NSW1,2010/9/23 8:00,9271.41,25.3,TRADE
NSW1,2010/9/23 8:30,9372.81,25.3,TRADE
NSW1,2010/9/23 9:00,9325.8,25.3,TRADE
NSW1,2010/9/23 9:30,9398.81,25.3,TRADE
NSW1,2010/9/23 10:00,9425.44,25.3,TRADE
NSW1,2010/9/23 10:30,9421.35,25.3,TRADE
NSW1,2010/9/23 11:00,9387.42,25.3,TRADE
NSW1,2010/9/23 11:30,9343.55,25.3,TRADE
NSW1,2010/9/23 12:00,9303.48,25.29,TRADE
NSW1,2010/9/23 12:30,9252.44,25.28,TRADE
NSW1,2010/9/23 13:00,9194.18,25.29,TRADE
NSW1,2010/9/23 13:30,9188.68,25.24,TRADE
NSW1,2010/9/23 14:00,9140.09,25.14,TRADE
NSW1,2010/9/23 14:30,9107.5,25.2,TRADE
NSW1,2010/9/23 15:00,9055.79,25.25,TRADE
NSW1,2010/9/23 15:30,8974.97,25.25,TRADE
NSW1,2010/9/23 16:00,9009.06,25.2,TRADE
NSW1,2010/9/23 16:30,9059.87,25.23,TRADE
NSW1,2010/9/23 17:00,9152.96,25.17,TRADE
NSW1,2010/9/23 17:30,9314,25.21,TRADE
NSW1,2010/9/23 18:00,9694.55,25.97,TRADE
NSW1,2010/9/23 18:30,10029.69,25.66,TRADE
NSW1,2010/9/23 19:00,10092.58,25.3,TRADE
NSW1,2010/9/23 19:30,9854.09,25.26,TRADE
NSW1,2010/9/23 20:00,9652.07,25.29,TRADE
NSW1,2010/9/23 20:30,9489.65,25.3,TRADE
NSW1,2010/9/23 21:00,9314.68,25.3,TRADE
NSW1,2010/9/23 21:30,9015.13,25.25,TRADE
NSW1,2010/9/23 22:00,8678.92,25.02,TRADE
NSW1,2010/9/23 22:30,8803.5,25.45,TRADE
NSW1,2010/9/23 23:00,8606.17,25.26,TRADE
NSW1,2010/9/23 23:30,8558.83,25.14,TRADE
NSW1,2010/9/24 0:00,8411.87,25.07,TRADE
NSW1,2010/9/24 0:30,8209.31,25.2,TRADE
NSW1,2010/9/24 1:00,8076.04,24.77,TRADE
NSW1,2010/9/24 1:30,7861.97,25.3,TRADE
NSW1,2010/9/24 2:00,7608.58,24.24,TRADE
NSW1,2010/9/24 2:30,7279.65,22.04,TRADE
NSW1,2010/9/24 3:00,6996.16,20.16,TRADE
NSW1,2010/9/24 3:30,6789.78,19.39,TRADE
NSW1,2010/9/24 4:00,6655.59,17.96,TRADE
NSW1,2010/9/24 4:30,6639.86,17.16,TRADE
NSW1,2010/9/24 5:00,6711.07,19.77,TRADE
NSW1,2010/9/24 5:30,7001.69,20.2,TRADE
NSW1,2010/9/24 6:00,7348.61,23.59,TRADE
NSW1,2010/9/24 6:30,7992.2,25.15,TRADE
NSW1,2010/9/24 7:00,8640.67,25.3,TRADE
NSW1,2010/9/24 7:30,8824.34,24.3,TRADE
NSW1,2010/9/24 8:00,9096.76,25.3,TRADE
NSW1,2010/9/24 8:30,9285.33,25.3,TRADE
NSW1,2010/9/24 9:00,9297.4,25.3,TRADE
NSW1,2010/9/24 9:30,9390.16,25.3,TRADE
NSW1,2010/9/24 10:00,9412.7,25.3,TRADE
NSW1,2010/9/24 10:30,9453.68,25.29,TRADE
NSW1,2010/9/24 11:00,9419.06,25.29,TRADE
NSW1,2010/9/24 11:30,9352.88,25.3,TRADE
NSW1,2010/9/24 12:00,9230.37,25.24,TRADE
NSW1,2010/9/24 12:30,9284.77,25.29,TRADE
NSW1,2010/9/24 13:00,9206.59,25.28,TRADE
NSW1,2010/9/24 13:30,9193.47,25.68,TRADE
NSW1,2010/9/24 14:00,9156.04,25.36,TRADE
NSW1,2010/9/24 14:30,9143.27,25.3,TRADE
NSW1,2010/9/24 15:00,9083.34,25.3,TRADE
NSW1,2010/9/24 15:30,9007.27,25.29,TRADE
NSW1,2010/9/24 16:00,8939.29,25.24,TRADE
NSW1,2010/9/24 16:30,8847.53,25.25,TRADE
NSW1,2010/9/24 17:00,8984.63,25.27,TRADE
NSW1,2010/9/24 17:30,8954.38,25.25,TRADE
NSW1,2010/9/24 18:00,9090.75,25.27,TRADE
NSW1,2010/9/24 18:30,9323.48,25.32,TRADE
NSW1,2010/9/24 19:00,9372.03,25.3,TRADE
NSW1,2010/9/24 19:30,9187.49,25.3,TRADE
NSW1,2010/9/24 20:00,8980.09,25.29,TRADE
NSW1,2010/9/24 20:30,8789.93,25.51,TRADE
NSW1,2010/9/24 21:00,8635.92,25.27,TRADE
NSW1,2010/9/24 21:30,8483.16,25.18,TRADE
NSW1,2010/9/24 22:00,8303.44,24.03,TRADE
NSW1,2010/9/24 22:30,8446.6,25.28,TRADE
NSW1,2010/9/24 23:00,8359.18,25.23,TRADE
NSW1,2010/9/24 23:30,8322.04,25.21,TRADE
NSW1,2010/9/25 0:00,8271.71,25.19,TRADE
NSW1,2010/9/25 0:30,8087.65,23.74,TRADE
NSW1,2010/9/25 1:00,7921.04,22.55,TRADE
NSW1,2010/9/25 1:30,7641.45,24.67,TRADE
NSW1,2010/9/25 2:00,7382.95,23.41,TRADE
NSW1,2010/9/25 2:30,7035,21.08,TRADE
NSW1,2010/9/25 3:00,6727.43,19.06,TRADE
NSW1,2010/9/25 3:30,6558.27,18.52,TRADE
NSW1,2010/9/25 4:00,6384.85,18.51,TRADE
NSW1,2010/9/25 4:30,6295.35,19.44,TRADE
NSW1,2010/9/25 5:00,6339.1,19.93,TRADE
NSW1,2010/9/25 5:30,6424.35,20.01,TRADE
NSW1,2010/9/25 6:00,6463.39,21.67,TRADE
NSW1,2010/9/25 6:30,6712.46,23.49,TRADE
NSW1,2010/9/25 7:00,7017.16,22.82,TRADE
NSW1,2010/9/25 7:30,7312.88,21.76,TRADE
NSW1,2010/9/25 8:00,7696.3,24.39,TRADE
NSW1,2010/9/25 8:30,8071.73,25.53,TRADE
NSW1,2010/9/25 9:00,8313.58,26.22,TRADE
NSW1,2010/9/25 9:30,8568.19,25.35,TRADE
NSW1,2010/9/25 10:00,8556.49,25.3,TRADE
NSW1,2010/9/25 10:30,8541.61,25.3,TRADE
NSW1,2010/9/25 11:00,8453.74,25.3,TRADE
NSW1,2010/9/25 11:30,8388.83,25.3,TRADE
NSW1,2010/9/25 12:00,8362.54,25.3,TRADE
NSW1,2010/9/25 12:30,8296.72,25.3,TRADE
NSW1,2010/9/25 13:00,8226.86,31,TRADE
NSW1,2010/9/25 13:30,8137.64,26.92,TRADE
NSW1,2010/9/25 14:00,8083.76,25.3,TRADE
NSW1,2010/9/25 14:30,7999.36,25.28,TRADE
NSW1,2010/9/25 15:00,7937.94,25.3,TRADE
NSW1,2010/9/25 15:30,7916.51,25.23,TRADE
NSW1,2010/9/25 16:00,7865.31,25.11,TRADE
NSW1,2010/9/25 16:30,7868.79,25.08,TRADE
NSW1,2010/9/25 17:00,7934.41,25.21,TRADE
NSW1,2010/9/25 17:30,7918.26,24.65,TRADE
NSW1,2010/9/25 18:00,8215.27,25.55,TRADE
NSW1,2010/9/25 18:30,8615.12,26.19,TRADE
NSW1,2010/9/25 19:00,8667.04,25.3,TRADE
NSW1,2010/9/25 19:30,8523.67,25.28,TRADE
NSW1,2010/9/25 20:00,8321.35,25.28,TRADE
NSW1,2010/9/25 20:30,8198.31,25.26,TRADE
NSW1,2010/9/25 21:00,8143.05,25.11,TRADE
NSW1,2010/9/25 21:30,7993.95,24.93,TRADE
NSW1,2010/9/25 22:00,7873.62,23.94,TRADE
NSW1,2010/9/25 22:30,7913.89,24.64,TRADE
NSW1,2010/9/25 23:00,7830.61,24.02,TRADE
NSW1,2010/9/25 23:30,7807.77,24.02,TRADE
NSW1,2010/9/26 0:00,7656.28,22.92,TRADE
NSW1,2010/9/26 0:30,7480.49,21.03,TRADE
NSW1,2010/9/26 1:00,7252.43,20.01,TRADE
NSW1,2010/9/26 1:30,7116.53,21.18,TRADE
NSW1,2010/9/26 2:00,6889.23,18.81,TRADE
NSW1,2010/9/26 2:30,6586.8,17.92,TRADE
NSW1,2010/9/26 3:00,6356.25,14.78,TRADE
NSW1,2010/9/26 3:30,6242.58,13.73,TRADE
NSW1,2010/9/26 4:00,6232.49,13.47,TRADE
NSW1,2010/9/26 4:30,6181.11,12.72,TRADE
NSW1,2010/9/26 5:00,6198.11,13.54,TRADE
NSW1,2010/9/26 5:30,6241.85,16.69,TRADE
NSW1,2010/9/26 6:00,6262.22,15.49,TRADE
NSW1,2010/9/26 6:30,6408.66,15.06,TRADE
NSW1,2010/9/26 7:00,6615.22,17.24,TRADE
NSW1,2010/9/26 7:30,6846.07,20.07,TRADE
NSW1,2010/9/26 8:00,7217.58,20.41,TRADE
NSW1,2010/9/26 8:30,7545.39,23.08,TRADE
NSW1,2010/9/26 9:00,7808.6,23.72,TRADE
NSW1,2010/9/26 9:30,7998.33,23.95,TRADE
NSW1,2010/9/26 10:00,8036.99,24.81,TRADE
NSW1,2010/9/26 10:30,8132.27,25.27,TRADE
NSW1,2010/9/26 11:00,8051.54,25.11,TRADE
NSW1,2010/9/26 11:30,7998.84,24.67,TRADE
NSW1,2010/9/26 12:00,7984.59,25.08,TRADE
NSW1,2010/9/26 12:30,7895.44,25.21,TRADE
NSW1,2010/9/26 13:00,7759.11,25.19,TRADE
NSW1,2010/9/26 13:30,7699.37,25.25,TRADE
NSW1,2010/9/26 14:00,7639.23,25.25,TRADE
NSW1,2010/9/26 14:30,7555.77,25.12,TRADE
NSW1,2010/9/26 15:00,7498.93,25.19,TRADE
NSW1,2010/9/26 15:30,7578.34,25.19,TRADE
NSW1,2010/9/26 16:00,7571.77,24.93,TRADE
NSW1,2010/9/26 16:30,7614.8,22.82,TRADE
NSW1,2010/9/26 17:00,7665.41,24.23,TRADE
NSW1,2010/9/26 17:30,7752.04,24.19,TRADE
NSW1,2010/9/26 18:00,8036.95,25.63,TRADE
NSW1,2010/9/26 18:30,8575.85,26.51,TRADE
NSW1,2010/9/26 19:00,8722.85,25.58,TRADE
NSW1,2010/9/26 19:30,8582.02,25.3,TRADE
NSW1,2010/9/26 20:00,8347.38,25.3,TRADE
NSW1,2010/9/26 20:30,8189.92,25.3,TRADE
NSW1,2010/9/26 21:00,8098.97,25.29,TRADE
NSW1,2010/9/26 21:30,7913.86,25.14,TRADE
NSW1,2010/9/26 22:00,7729.47,25.08,TRADE
NSW1,2010/9/26 22:30,7718.38,25.27,TRADE
NSW1,2010/9/26 23:00,7595.3,24.74,TRADE
NSW1,2010/9/26 23:30,7541.29,23.45,TRADE
NSW1,2010/9/27 0:00,7350.95,21.51,TRADE
NSW1,2010/9/27 0:30,7148.54,20.25,TRADE
NSW1,2010/9/27 1:00,7014.77,19.94,TRADE
NSW1,2010/9/27 1:30,6934.89,21.86,TRADE
NSW1,2010/9/27 2:00,6773.04,18.49,TRADE
NSW1,2010/9/27 2:30,6509.37,12.35,TRADE
NSW1,2010/9/27 3:00,6320.25,4.52,TRADE
NSW1,2010/9/27 3:30,6208.16,-0.05,TRADE
NSW1,2010/9/27 4:00,6174.67,-0.05,TRADE
NSW1,2010/9/27 4:30,6198.92,3.46,TRADE
NSW1,2010/9/27 5:00,6252.2,12.12,TRADE
NSW1,2010/9/27 5:30,6545.42,18.19,TRADE
NSW1,2010/9/27 6:00,6790.08,21.15,TRADE
NSW1,2010/9/27 6:30,7359.62,24.86,TRADE
NSW1,2010/9/27 7:00,7841.57,24.86,TRADE
NSW1,2010/9/27 7:30,8061.94,22.71,TRADE
NSW1,2010/9/27 8:00,8416.46,25.27,TRADE
NSW1,2010/9/27 8:30,8654.6,25.31,TRADE
NSW1,2010/9/27 9:00,8831.75,25.3,TRADE
NSW1,2010/9/27 9:30,9039.58,25.3,TRADE
NSW1,2010/9/27 10:00,9192.72,25.33,TRADE
NSW1,2010/9/27 10:30,9249.56,25.43,TRADE
NSW1,2010/9/27 11:00,9280.94,25.39,TRADE
NSW1,2010/9/27 11:30,9217.73,25.3,TRADE
NSW1,2010/9/27 12:00,9178.07,25.32,TRADE
NSW1,2010/9/27 12:30,9203.46,25.33,TRADE
NSW1,2010/9/27 13:00,9217.86,25.3,TRADE
NSW1,2010/9/27 13:30,9171.19,25.3,TRADE
NSW1,2010/9/27 14:00,9114.91,25.3,TRADE
NSW1,2010/9/27 14:30,9119.19,25.33,TRADE
NSW1,2010/9/27 15:00,9078.61,25.3,TRADE
NSW1,2010/9/27 15:30,9024.38,25.3,TRADE
NSW1,2010/9/27 16:00,8973.45,25.3,TRADE
NSW1,2010/9/27 16:30,8993,25.37,TRADE
NSW1,2010/9/27 17:00,9074.17,25.3,TRADE
NSW1,2010/9/27 17:30,9108.05,25.3,TRADE
NSW1,2010/9/27 18:00,9278.34,25.3,TRADE
NSW1,2010/9/27 18:30,9506.07,25.42,TRADE
NSW1,2010/9/27 19:00,9538.07,25.29,TRADE
NSW1,2010/9/27 19:30,9281.97,25.29,TRADE
NSW1,2010/9/27 20:00,9069.06,25.31,TRADE
NSW1,2010/9/27 20:30,8814.08,25.27,TRADE
NSW1,2010/9/27 21:00,8605.93,25.26,TRADE
NSW1,2010/9/27 21:30,8402.35,25.13,TRADE
NSW1,2010/9/27 22:00,8231.21,23.23,TRADE
NSW1,2010/9/27 22:30,8338.26,31.92,TRADE
NSW1,2010/9/27 23:00,8216.86,25.61,TRADE
NSW1,2010/9/27 23:30,8128.69,26.73,TRADE
NSW1,2010/9/28 0:00,7993.15,25.28,TRADE
NSW1,2010/9/28 0:30,7828.42,24.71,TRADE
NSW1,2010/9/28 1:00,7638.81,25.25,TRADE
NSW1,2010/9/28 1:30,7458.98,25.53,TRADE
NSW1,2010/9/28 2:00,7239.53,25.26,TRADE
NSW1,2010/9/28 2:30,6905.84,21.74,TRADE
NSW1,2010/9/28 3:00,6627.05,20.01,TRADE
NSW1,2010/9/28 3:30,6457.53,18.95,TRADE
NSW1,2010/9/28 4:00,6304.12,20.01,TRADE
NSW1,2010/9/28 4:30,6381.86,19.96,TRADE
NSW1,2010/9/28 5:00,6464.8,19.38,TRADE
NSW1,2010/9/28 5:30,6640.27,23.06,TRADE
NSW1,2010/9/28 6:00,6918.69,23.48,TRADE
NSW1,2010/9/28 6:30,7540.8,25.02,TRADE
NSW1,2010/9/28 7:00,8010.64,25.28,TRADE
NSW1,2010/9/28 7:30,8212.03,23.29,TRADE
NSW1,2010/9/28 8:00,8486.27,25.29,TRADE
NSW1,2010/9/28 8:30,8761.55,25.49,TRADE
NSW1,2010/9/28 9:00,8888.69,25.32,TRADE
NSW1,2010/9/28 9:30,9024.01,25.63,TRADE
NSW1,2010/9/28 10:00,9044.35,25.78,TRADE
NSW1,2010/9/28 10:30,9153.52,25.29,TRADE
NSW1,2010/9/28 11:00,9185.86,25.29,TRADE
NSW1,2010/9/28 11:30,9143.38,25.29,TRADE
NSW1,2010/9/28 12:00,9171.39,25.47,TRADE
NSW1,2010/9/28 12:30,9151.36,25.28,TRADE
NSW1,2010/9/28 13:00,9073.15,25.3,TRADE
NSW1,2010/9/28 13:30,9085.29,25.3,TRADE
NSW1,2010/9/28 14:00,9073.93,25.33,TRADE
NSW1,2010/9/28 14:30,9033.28,25.14,TRADE
NSW1,2010/9/28 15:00,8897.28,25.3,TRADE
NSW1,2010/9/28 15:30,8940.97,25.33,TRADE
NSW1,2010/9/28 16:00,8946.03,25.3,TRADE
NSW1,2010/9/28 16:30,8904.55,25.28,TRADE
NSW1,2010/9/28 17:00,8963.44,25.29,TRADE
NSW1,2010/9/28 17:30,9029.04,25.33,TRADE
NSW1,2010/9/28 18:00,9239.32,25.56,TRADE
NSW1,2010/9/28 18:30,9473.56,25.82,TRADE
NSW1,2010/9/28 19:00,9532.75,30.95,TRADE
NSW1,2010/9/28 19:30,9281.83,28.7,TRADE
NSW1,2010/9/28 20:00,9078.64,26.83,TRADE
NSW1,2010/9/28 20:30,8892.9,25.97,TRADE
NSW1,2010/9/28 21:00,8670.42,25.3,TRADE
NSW1,2010/9/28 21:30,8507.44,25,TRADE
NSW1,2010/9/28 22:00,8283.54,24.59,TRADE
NSW1,2010/9/28 22:30,8366.51,41.66,TRADE
NSW1,2010/9/28 23:00,8191.24,28.74,TRADE
NSW1,2010/9/28 23:30,8107.74,27.26,TRADE
NSW1,2010/9/29 0:00,8058.69,25.54,TRADE
NSW1,2010/9/29 0:30,7828.9,25.11,TRADE
NSW1,2010/9/29 1:00,7686.66,25.3,TRADE
NSW1,2010/9/29 1:30,7505.92,25.41,TRADE
NSW1,2010/9/29 2:00,7329.54,24.86,TRADE
NSW1,2010/9/29 2:30,6990.88,23.45,TRADE
NSW1,2010/9/29 3:00,6728.57,20.33,TRADE
NSW1,2010/9/29 3:30,6610.09,20.01,TRADE
NSW1,2010/9/29 4:00,6469.26,19.77,TRADE
NSW1,2010/9/29 4:30,6476.49,20.34,TRADE
NSW1,2010/9/29 5:00,6555.26,20.56,TRADE
NSW1,2010/9/29 5:30,6827.43,23.94,TRADE
NSW1,2010/9/29 6:00,7106.51,26.58,TRADE
NSW1,2010/9/29 6:30,7728.51,26.31,TRADE
NSW1,2010/9/29 7:00,8266.27,29.76,TRADE
NSW1,2010/9/29 7:30,8436.24,24.99,TRADE
NSW1,2010/9/29 8:00,8759.64,27.44,TRADE
NSW1,2010/9/29 8:30,8991.37,28.23,TRADE
NSW1,2010/9/29 9:00,9061.31,30.59,TRADE
NSW1,2010/9/29 9:30,9258.04,34.35,TRADE
NSW1,2010/9/29 10:00,9293.81,33.08,TRADE
NSW1,2010/9/29 10:30,9334.41,33.3,TRADE
NSW1,2010/9/29 11:00,9318.28,34.71,TRADE
NSW1,2010/9/29 11:30,9209.26,32.65,TRADE
NSW1,2010/9/29 12:00,9170.35,31.78,TRADE
NSW1,2010/9/29 12:30,9102.38,33.28,TRADE
NSW1,2010/9/29 13:00,9029.94,32.1,TRADE
NSW1,2010/9/29 13:30,8983.32,30.79,TRADE
NSW1,2010/9/29 14:00,8957.14,32.83,TRADE
NSW1,2010/9/29 14:30,8969.99,31.34,TRADE
NSW1,2010/9/29 15:00,8901.43,27.08,TRADE
NSW1,2010/9/29 15:30,8859.43,25.93,TRADE
NSW1,2010/9/29 16:00,8880.68,26.73,TRADE
NSW1,2010/9/29 16:30,8896.87,25.51,TRADE
NSW1,2010/9/29 17:00,9024.29,25.12,TRADE
NSW1,2010/9/29 17:30,9226.13,25.43,TRADE
NSW1,2010/9/29 18:00,9560.1,28.48,TRADE
NSW1,2010/9/29 18:30,9906.14,33.98,TRADE
NSW1,2010/9/29 19:00,10000.17,48.82,TRADE
NSW1,2010/9/29 19:30,9803.67,50.02,TRADE
NSW1,2010/9/29 20:00,9597.47,31.06,TRADE
NSW1,2010/9/29 20:30,9393.67,28.76,TRADE
NSW1,2010/9/29 21:00,9276.13,25.47,TRADE
NSW1,2010/9/29 21:30,9055.83,25.35,TRADE
NSW1,2010/9/29 22:00,8784.85,24.81,TRADE
NSW1,2010/9/29 22:30,8851.28,42.85,TRADE
NSW1,2010/9/29 23:00,8637,36.38,TRADE
NSW1,2010/9/29 23:30,8539.64,39.12,TRADE
NSW1,2010/9/30 0:00,8447.26,30.92,TRADE
NSW1,2010/9/30 0:30,8264.96,28.76,TRADE
NSW1,2010/9/30 1:00,8084.55,26.22,TRADE
NSW1,2010/9/30 1:30,7898.8,27.54,TRADE
NSW1,2010/9/30 2:00,7655.42,24.88,TRADE
NSW1,2010/9/30 2:30,7257.07,23.93,TRADE
NSW1,2010/9/30 3:00,6979.92,23.36,TRADE
NSW1,2010/9/30 3:30,6800.66,20.87,TRADE
NSW1,2010/9/30 4:00,6703.37,20.2,TRADE
NSW1,2010/9/30 4:30,6733.91,22.01,TRADE
NSW1,2010/9/30 5:00,6858.03,23.1,TRADE
NSW1,2010/9/30 5:30,7140.95,25.3,TRADE
NSW1,2010/9/30 6:00,7431.16,26.59,TRADE
NSW1,2010/9/30 6:30,8135.1,26.89,TRADE
NSW1,2010/9/30 7:00,8707.66,36.43,TRADE
NSW1,2010/9/30 7:30,8905.7,24.99,TRADE
NSW1,2010/9/30 8:00,9178.7,30.31,TRADE
NSW1,2010/9/30 8:30,9400.37,33.05,TRADE
NSW1,2010/9/30 9:00,9396.52,30.17,TRADE
NSW1,2010/9/30 9:30,9468.6,31.25,TRADE
NSW1,2010/9/30 10:00,9430.93,30.9,TRADE
NSW1,2010/9/30 10:30,9389.94,30.22,TRADE
NSW1,2010/9/30 11:00,9322.17,29.04,TRADE
NSW1,2010/9/30 11:30,9292.63,25.98,TRADE
NSW1,2010/9/30 12:00,9183.68,25.31,TRADE
NSW1,2010/9/30 12:30,9111.89,25.59,TRADE
NSW1,2010/9/30 13:00,9080.45,25.3,TRADE
NSW1,2010/9/30 13:30,9038.12,25.3,TRADE
NSW1,2010/9/30 14:00,8977.78,25.45,TRADE
NSW1,2010/9/30 14:30,8953.55,25.32,TRADE
NSW1,2010/9/30 15:00,8913.59,25.3,TRADE
NSW1,2010/9/30 15:30,8866.39,25.3,TRADE
NSW1,2010/9/30 16:00,8835.6,25.3,TRADE
NSW1,2010/9/30 16:30,8874.95,25.3,TRADE
NSW1,2010/9/30 17:00,8953.37,25.3,TRADE
NSW1,2010/9/30 17:30,9062.9,25.3,TRADE
NSW1,2010/9/30 18:00,9485.13,25.43,TRADE
NSW1,2010/9/30 18:30,9961.12,28.53,TRADE
NSW1,2010/9/30 19:00,10167.92,31.09,TRADE
NSW1,2010/9/30 19:30,10001.81,30.55,TRADE
NSW1,2010/9/30 20:00,9815.78,31.9,TRADE
NSW1,2010/9/30 20:30,9680.41,30.7,TRADE
NSW1,2010/9/30 21:00,9492.6,25.91,TRADE
NSW1,2010/9/30 21:30,9136.91,25.35,TRADE
NSW1,2010/9/30 22:00,8825.37,25.3,TRADE
NSW1,2010/9/30 22:30,8915.97,40.82,TRADE
NSW1,2010/9/30 23:00,8763.46,28.82,TRADE
NSW1,2010/9/30 23:30,8684.8,28.81,TRADE
NSW1,2010/10/1 0:00,8561.04,24.15,TRADE
?NSW1,2010/10/1 0:30,8410.05,24.2,TRADE
NSW1,2010/10/1 1:00,8227.09,24.98,TRADE
NSW1,2010/10/1 1:30,8054.28,26.42,TRADE
NSW1,2010/10/1 2:00,7795.1,23.35,TRADE
NSW1,2010/10/1 2:30,7443.23,20.24,TRADE
NSW1,2010/10/1 3:00,7114.43,20,TRADE
NSW1,2010/10/1 3:30,6879.8,18.56,TRADE
NSW1,2010/10/1 4:00,6775.77,15.61,TRADE
NSW1,2010/10/1 4:30,6727.05,19.29,TRADE
NSW1,2010/10/1 5:00,6803.49,20.07,TRADE
NSW1,2010/10/1 5:30,7070.35,20.28,TRADE
NSW1,2010/10/1 6:00,7354.51,22.85,TRADE
NSW1,2010/10/1 6:30,8021.58,25.23,TRADE
NSW1,2010/10/1 7:00,8570.43,25.45,TRADE
NSW1,2010/10/1 7:30,8852.44,24.97,TRADE
NSW1,2010/10/1 8:00,9232.9,25.79,TRADE
NSW1,2010/10/1 8:30,9477.57,25.85,TRADE
NSW1,2010/10/1 9:00,9569.76,25.81,TRADE
NSW1,2010/10/1 9:30,9643.86,26.16,TRADE
NSW1,2010/10/1 10:00,9652.45,26.07,TRADE
NSW1,2010/10/1 10:30,9622.96,25.73,TRADE
NSW1,2010/10/1 11:00,9552.47,25.31,TRADE
NSW1,2010/10/1 11:30,9467.76,25.3,TRADE
NSW1,2010/10/1 12:00,9410.07,25.3,TRADE
NSW1,2010/10/1 12:30,9324.98,25.31,TRADE
NSW1,2010/10/1 13:00,9215.23,25.3,TRADE
NSW1,2010/10/1 13:30,9144.25,25.3,TRADE
NSW1,2010/10/1 14:00,8983.11,25.24,TRADE
NSW1,2010/10/1 14:30,8876.09,25.3,TRADE
NSW1,2010/10/1 15:00,8884.53,25.3,TRADE
NSW1,2010/10/1 15:30,8905.38,25.3,TRADE
NSW1,2010/10/1 16:00,8883.24,25.3,TRADE
NSW1,2010/10/1 16:30,8938.37,25.3,TRADE
NSW1,2010/10/1 17:00,8978.51,25.3,TRADE
NSW1,2010/10/1 17:30,9082.96,25.3,TRADE
NSW1,2010/10/1 18:00,9341.43,25.32,TRADE
NSW1,2010/10/1 18:30,9629.39,25.38,TRADE
NSW1,2010/10/1 19:00,9699.14,25.72,TRADE
NSW1,2010/10/1 19:30,9477.28,25.35,TRADE
NSW1,2010/10/1 20:00,9226.74,25.27,TRADE
NSW1,2010/10/1 20:30,9075.87,25.57,TRADE
NSW1,2010/10/1 21:00,8947.25,25.05,TRADE
NSW1,2010/10/1 21:30,8722.85,23.98,TRADE
NSW1,2010/10/1 22:00,8489.29,23.64,TRADE
NSW1,2010/10/1 22:30,8660.21,26.62,TRADE
NSW1,2010/10/1 23:00,8525.41,25.31,TRADE
NSW1,2010/10/1 23:30,8514.17,26.02,TRADE
NSW1,2010/10/2 0:00,8392.24,25.22,TRADE
NSW1,2010/10/2 0:30,8166.85,24.43,TRADE
NSW1,2010/10/2 1:00,7951.22,24.52,TRADE
NSW1,2010/10/2 1:30,7764.61,23.83,TRADE
NSW1,2010/10/2 2:00,7431.67,20.75,TRADE
NSW1,2010/10/2 2:30,7040.12,20,TRADE
NSW1,2010/10/2 3:00,6742.33,18.78,TRADE
NSW1,2010/10/2 3:30,6530.14,17.88,TRADE
NSW1,2010/10/2 4:00,6412.64,17.27,TRADE
NSW1,2010/10/2 4:30,6332.6,16.6,TRADE
NSW1,2010/10/2 5:00,6331,17.25,TRADE
NSW1,2010/10/2 5:30,6394.86,18.69,TRADE
NSW1,2010/10/2 6:00,6497.86,20,TRADE
NSW1,2010/10/2 6:30,6719.13,19.94,TRADE
NSW1,2010/10/2 7:00,6948.74,20.66,TRADE
NSW1,2010/10/2 7:30,7248.09,22.03,TRADE
NSW1,2010/10/2 8:00,7660.54,24.53,TRADE
NSW1,2010/10/2 8:30,8059.58,24.83,TRADE
NSW1,2010/10/2 9:00,8335.67,25.25,TRADE
NSW1,2010/10/2 9:30,8565.82,25.3,TRADE
NSW1,2010/10/2 10:00,8586.66,25.3,TRADE
NSW1,2010/10/2 10:30,8657.25,25.3,TRADE
NSW1,2010/10/2 11:00,8604.9,25.3,TRADE
NSW1,2010/10/2 11:30,8511.47,25.3,TRADE
NSW1,2010/10/2 12:00,8391.35,25.2,TRADE
NSW1,2010/10/2 12:30,8337.99,24.5,TRADE
NSW1,2010/10/2 13:00,8249.93,24.14,TRADE
NSW1,2010/10/2 13:30,8149.25,23.2,TRADE
NSW1,2010/10/2 14:00,8070.66,22.8,TRADE
NSW1,2010/10/2 14:30,7994.63,21.95,TRADE
NSW1,2010/10/2 15:00,7947.52,21.28,TRADE
NSW1,2010/10/2 15:30,7997.36,21.97,TRADE
NSW1,2010/10/2 16:00,8055.33,22.61,TRADE
NSW1,2010/10/2 16:30,8111.01,22.82,TRADE
NSW1,2010/10/2 17:00,8252.67,23.46,TRADE
NSW1,2010/10/2 17:30,8322.76,24.15,TRADE
NSW1,2010/10/2 18:00,8678.75,25.37,TRADE
NSW1,2010/10/2 18:30,8982.51,25.34,TRADE
NSW1,2010/10/2 19:00,8978.36,25.3,TRADE
NSW1,2010/10/2 19:30,8782.28,25.3,TRADE
NSW1,2010/10/2 20:00,8543.39,25.26,TRADE
NSW1,2010/10/2 20:30,8406.2,25.3,TRADE
NSW1,2010/10/2 21:00,8257.66,25.31,TRADE
NSW1,2010/10/2 21:30,8096.38,25.04,TRADE
NSW1,2010/10/2 22:00,7962.37,22.45,TRADE
NSW1,2010/10/2 22:30,7925.26,25.08,TRADE
NSW1,2010/10/2 23:00,7799.62,22.33,TRADE
NSW1,2010/10/2 23:30,7750.23,23.15,TRADE
NSW1,2010/10/3 0:00,7536.94,21.62,TRADE
NSW1,2010/10/3 0:30,7358.22,20.08,TRADE
NSW1,2010/10/3 1:00,7128.41,19.87,TRADE
NSW1,2010/10/3 1:30,6955.08,19.6,TRADE
NSW1,2010/10/3 2:00,6763.93,18.22,TRADE
NSW1,2010/10/3 2:30,6433.7,16.18,TRADE
NSW1,2010/10/3 3:00,6258.72,13.89,TRADE
NSW1,2010/10/3 3:30,6104.79,13.09,TRADE
NSW1,2010/10/3 4:00,6047.08,12.34,TRADE
NSW1,2010/10/3 4:30,6087.23,14.89,TRADE
NSW1,2010/10/3 5:00,6089.92,14.52,TRADE
NSW1,2010/10/3 5:30,6189.82,14.75,TRADE
NSW1,2010/10/3 6:00,6288.51,15.97,TRADE
NSW1,2010/10/3 6:30,6487.6,17.61,TRADE
NSW1,2010/10/3 7:00,6769.15,20.96,TRADE
NSW1,2010/10/3 7:30,7115.27,20.68,TRADE
NSW1,2010/10/3 8:00,7529.44,21.66,TRADE
NSW1,2010/10/3 8:30,7845.52,22.23,TRADE
NSW1,2010/10/3 9:00,8108.35,23.02,TRADE
NSW1,2010/10/3 9:30,8304.46,24.91,TRADE
NSW1,2010/10/3 10:00,8383.37,25.27,TRADE
NSW1,2010/10/3 10:30,8376.46,24.95,TRADE
NSW1,2010/10/3 11:00,8293.57,24.1,TRADE
NSW1,2010/10/3 11:30,8218.7,22.79,TRADE
NSW1,2010/10/3 12:00,8102.2,22.73,TRADE
NSW1,2010/10/3 12:30,8072.82,23.71,TRADE
NSW1,2010/10/3 13:00,7912.55,21.09,TRADE
NSW1,2010/10/3 13:30,7848.28,20.88,TRADE
NSW1,2010/10/3 14:00,7760.3,20.34,TRADE
NSW1,2010/10/3 14:30,7760.69,20.82,TRADE
NSW1,2010/10/3 15:00,7776.85,20.38,TRADE
NSW1,2010/10/3 15:30,7801.26,20.7,TRADE
NSW1,2010/10/3 16:00,7845.22,20.76,TRADE
NSW1,2010/10/3 16:30,7812.53,21.38,TRADE
NSW1,2010/10/3 17:00,7836.91,22.83,TRADE
NSW1,2010/10/3 17:30,7966.5,23.54,TRADE
NSW1,2010/10/3 18:00,8113.15,24.72,TRADE
NSW1,2010/10/3 18:30,8270.12,25.83,TRADE
NSW1,2010/10/3 19:00,8426.31,25.72,TRADE
NSW1,2010/10/3 19:30,8277.07,25.17,TRADE
NSW1,2010/10/3 20:00,8138.53,25.3,TRADE
NSW1,2010/10/3 20:30,8013.18,25.31,TRADE
NSW1,2010/10/3 21:00,7926.72,25.3,TRADE
NSW1,2010/10/3 21:30,7781.8,24.33,TRADE
NSW1,2010/10/3 22:00,7627.58,21.43,TRADE
NSW1,2010/10/3 22:30,7594.38,22.78,TRADE
NSW1,2010/10/3 23:00,7369.25,20.67,TRADE
NSW1,2010/10/3 23:30,7182.11,20.01,TRADE
NSW1,2010/10/4 0:00,6955.33,19.9,TRADE
NSW1,2010/10/4 0:30,6817.08,19.57,TRADE
NSW1,2010/10/4 1:00,6669.92,17.75,TRADE
NSW1,2010/10/4 1:30,6444.9,15.96,TRADE
NSW1,2010/10/4 2:00,6200.34,13.74,TRADE
NSW1,2010/10/4 2:30,6058.92,12.63,TRADE
NSW1,2010/10/4 3:00,5961.98,11.58,TRADE
NSW1,2010/10/4 3:30,5896.46,11.6,TRADE
NSW1,2010/10/4 4:00,5882.83,11.22,TRADE
NSW1,2010/10/4 4:30,5910.41,13.67,TRADE
NSW1,2010/10/4 5:00,6018.99,17.84,TRADE
NSW1,2010/10/4 5:30,6230.28,19.63,TRADE
NSW1,2010/10/4 6:00,6332.83,20.01,TRADE
NSW1,2010/10/4 6:30,6498.62,21.14,TRADE
NSW1,2010/10/4 7:00,6765.08,24.4,TRADE
NSW1,2010/10/4 7:30,7101.32,22.63,TRADE
NSW1,2010/10/4 8:00,7403.19,23.33,TRADE
NSW1,2010/10/4 8:30,7748.67,25.09,TRADE
NSW1,2010/10/4 9:00,8035.29,24.97,TRADE
NSW1,2010/10/4 9:30,8277.79,25.3,TRADE
NSW1,2010/10/4 10:00,8267.47,25.3,TRADE
NSW1,2010/10/4 10:30,8260.47,25.43,TRADE
NSW1,2010/10/4 11:00,8241,25.3,TRADE
NSW1,2010/10/4 11:30,8209.1,25.3,TRADE
NSW1,2010/10/4 12:00,8155.23,25.23,TRADE
NSW1,2010/10/4 12:30,8073.01,25.22,TRADE
NSW1,2010/10/4 13:00,7950.67,25.29,TRADE
NSW1,2010/10/4 13:30,7895.37,25.34,TRADE
NSW1,2010/10/4 14:00,7838.16,25.3,TRADE
NSW1,2010/10/4 14:30,7851.07,25.3,TRADE
NSW1,2010/10/4 15:00,7866.17,25.3,TRADE
NSW1,2010/10/4 15:30,7917.5,25.3,TRADE
NSW1,2010/10/4 16:00,7968.62,25.3,TRADE
NSW1,2010/10/4 16:30,8030.7,25.3,TRADE
NSW1,2010/10/4 17:00,8213.69,25.28,TRADE
NSW1,2010/10/4 17:30,8312.23,25.3,TRADE
NSW1,2010/10/4 18:00,8432.97,25.32,TRADE
NSW1,2010/10/4 18:30,8641.88,25.3,TRADE
NSW1,2010/10/4 19:00,8660.63,25.29,TRADE
NSW1,2010/10/4 19:30,8489.33,25.19,TRADE
NSW1,2010/10/4 20:00,8325.18,25.3,TRADE
NSW1,2010/10/4 20:30,8169.09,25.28,TRADE
NSW1,2010/10/4 21:00,7963.7,24.86,TRADE
NSW1,2010/10/4 21:30,7938.96,24.11,TRADE
NSW1,2010/10/4 22:00,7898.21,21.5,TRADE
NSW1,2010/10/4 22:30,7912.8,22.49,TRADE
NSW1,2010/10/4 23:00,7814.68,20.84,TRADE
NSW1,2010/10/4 23:30,7709.08,20.6,TRADE
NSW1,2010/10/5 0:00,7635.29,20.36,TRADE
NSW1,2010/10/5 0:30,7520.7,20.01,TRADE
NSW1,2010/10/5 1:00,7346.59,19.8,TRADE
NSW1,2010/10/5 1:30,7051.5,20,TRADE
NSW1,2010/10/5 2:00,6753.93,20.01,TRADE
NSW1,2010/10/5 2:30,6495.67,16.67,TRADE
NSW1,2010/10/5 3:00,6391.1,17.12,TRADE
NSW1,2010/10/5 3:30,6319.86,15.23,TRADE
NSW1,2010/10/5 4:00,6346.62,15.71,TRADE
NSW1,2010/10/5 4:30,6546.95,18.46,TRADE
NSW1,2010/10/5 5:00,6826.08,20.92,TRADE
NSW1,2010/10/5 5:30,7380.92,21.14,TRADE
NSW1,2010/10/5 6:00,7771.2,23.56,TRADE
NSW1,2010/10/5 6:30,8137.36,25.28,TRADE
NSW1,2010/10/5 7:00,8558,25.47,TRADE
NSW1,2010/10/5 7:30,8792.71,21.94,TRADE
NSW1,2010/10/5 8:00,9003.34,25.28,TRADE
NSW1,2010/10/5 8:30,9233.32,25.33,TRADE
NSW1,2010/10/5 9:00,9341.23,25.26,TRADE
NSW1,2010/10/5 9:30,9437.05,25.3,TRADE
NSW1,2010/10/5 10:00,9373.65,25.3,TRADE
NSW1,2010/10/5 10:30,9382.98,25.3,TRADE
NSW1,2010/10/5 11:00,9391.45,25.3,TRADE
NSW1,2010/10/5 11:30,9359.84,25.3,TRADE
NSW1,2010/10/5 12:00,9365.81,25.3,TRADE
NSW1,2010/10/5 12:30,9368.55,25.3,TRADE
NSW1,2010/10/5 13:00,9356.19,25.3,TRADE
NSW1,2010/10/5 13:30,9330.57,25.3,TRADE
NSW1,2010/10/5 14:00,9277,25.21,TRADE
NSW1,2010/10/5 14:30,9265.12,25.3,TRADE
NSW1,2010/10/5 15:00,9235.37,25.3,TRADE
NSW1,2010/10/5 15:30,9188.07,25.3,TRADE
NSW1,2010/10/5 16:00,9215.36,25.3,TRADE
NSW1,2010/10/5 16:30,9177.48,25.29,TRADE
NSW1,2010/10/5 17:00,9128.55,25.3,TRADE
NSW1,2010/10/5 17:30,8971.24,25.29,TRADE
NSW1,2010/10/5 18:00,9022.26,25.29,TRADE
NSW1,2010/10/5 18:30,9049.06,25.3,TRADE
NSW1,2010/10/5 19:00,9041.09,25.31,TRADE
NSW1,2010/10/5 19:30,8901.03,25.12,TRADE
NSW1,2010/10/5 20:00,8717.62,25.24,TRADE
NSW1,2010/10/5 20:30,8531.36,25.11,TRADE
NSW1,2010/10/5 21:00,8339.68,24.07,TRADE
NSW1,2010/10/5 21:30,8348,23.24,TRADE
NSW1,2010/10/5 22:00,8239.9,21.03,TRADE
NSW1,2010/10/5 22:30,8211.02,25,TRADE
NSW1,2010/10/5 23:00,8083.17,23.48,TRADE
NSW1,2010/10/5 23:30,7941.78,22.26,TRADE
NSW1,2010/10/6 0:00,7823.24,21.15,TRADE
NSW1,2010/10/6 0:30,7665.38,20.31,TRADE
NSW1,2010/10/6 1:00,7480.68,20.32,TRADE
NSW1,2010/10/6 1:30,7124.18,20.43,TRADE
NSW1,2010/10/6 2:00,6827.49,19.87,TRADE
NSW1,2010/10/6 2:30,6612.72,19.67,TRADE
NSW1,2010/10/6 3:00,6463.9,17.38,TRADE
NSW1,2010/10/6 3:30,6419.3,15.6,TRADE
NSW1,2010/10/6 4:00,6426.98,16.6,TRADE
NSW1,2010/10/6 4:30,6666.23,20.01,TRADE
NSW1,2010/10/6 5:00,6928.63,20.34,TRADE
NSW1,2010/10/6 5:30,7422.49,24.44,TRADE
NSW1,2010/10/6 6:00,7827.86,25.28,TRADE
NSW1,2010/10/6 6:30,8197.29,24.83,TRADE
NSW1,2010/10/6 7:00,8619.12,25.3,TRADE
NSW1,2010/10/6 7:30,8824.94,23,TRADE
NSW1,2010/10/6 8:00,9017.68,25.3,TRADE
NSW1,2010/10/6 8:30,9276.86,25.3,TRADE
NSW1,2010/10/6 9:00,9401.26,25.3,TRADE
NSW1,2010/10/6 9:30,9463.74,25.29,TRADE
NSW1,2010/10/6 10:00,9497.1,25.3,TRADE
NSW1,2010/10/6 10:30,9451.52,25.3,TRADE
NSW1,2010/10/6 11:00,9363.43,25.3,TRADE
NSW1,2010/10/6 11:30,9261.71,25.27,TRADE
NSW1,2010/10/6 12:00,9357.36,25.3,TRADE
NSW1,2010/10/6 12:30,9373.92,25.3,TRADE
NSW1,2010/10/6 13:00,9240.41,25.3,TRADE
NSW1,2010/10/6 13:30,9266.25,25.36,TRADE
NSW1,2010/10/6 14:00,9250.96,25.34,TRADE
NSW1,2010/10/6 14:30,9198.98,25.34,TRADE
NSW1,2010/10/6 15:00,9156.15,25.47,TRADE
NSW1,2010/10/6 15:30,9111.33,24.16,TRADE
NSW1,2010/10/6 16:00,9164.97,25.31,TRADE
NSW1,2010/10/6 16:30,9131.82,25.01,TRADE
NSW1,2010/10/6 17:00,9143.01,25.22,TRADE
NSW1,2010/10/6 17:30,8976.52,22.98,TRADE
NSW1,2010/10/6 18:00,8981.67,24.01,TRADE
NSW1,2010/10/6 18:30,9072.41,25.16,TRADE
NSW1,2010/10/6 19:00,9093.3,25.98,TRADE
NSW1,2010/10/6 19:30,8916.33,24.94,TRADE
NSW1,2010/10/6 20:00,8781.99,24.74,TRADE
NSW1,2010/10/6 20:30,8578.48,23.93,TRADE
NSW1,2010/10/6 21:00,8296.49,20.01,TRADE
NSW1,2010/10/6 21:30,8322.99,20.31,TRADE
NSW1,2010/10/6 22:00,8195.77,19.72,TRADE
NSW1,2010/10/6 22:30,8158.51,24.33,TRADE
NSW1,2010/10/6 23:00,8056.66,22.01,TRADE
NSW1,2010/10/6 23:30,7865.37,20.93,TRADE
NSW1,2010/10/7 0:00,7765.34,20.51,TRADE
NSW1,2010/10/7 0:30,7604.94,19.86,TRADE
NSW1,2010/10/7 1:00,7323.63,19.99,TRADE
NSW1,2010/10/7 1:30,7022.85,19.84,TRADE
NSW1,2010/10/7 2:00,6703.3,16.04,TRADE
NSW1,2010/10/7 2:30,6470.19,13.82,TRADE
NSW1,2010/10/7 3:00,6373.17,13.48,TRADE
NSW1,2010/10/7 3:30,6294.89,12.69,TRADE
NSW1,2010/10/7 4:00,6335.47,12.96,TRADE
NSW1,2010/10/7 4:30,6554.38,18.36,TRADE
NSW1,2010/10/7 5:00,6836.72,20.14,TRADE
NSW1,2010/10/7 5:30,7395.08,22.97,TRADE
NSW1,2010/10/7 6:00,7799.04,25.32,TRADE
NSW1,2010/10/7 6:30,8224.54,25.2,TRADE
NSW1,2010/10/7 7:00,8618.56,25.37,TRADE
NSW1,2010/10/7 7:30,8810.66,22.17,TRADE
NSW1,2010/10/7 8:00,8974.75,24.93,TRADE
NSW1,2010/10/7 8:30,9219.01,25.51,TRADE
NSW1,2010/10/7 9:00,9269.75,25.3,TRADE
NSW1,2010/10/7 9:30,9326.27,25.3,TRADE
NSW1,2010/10/7 10:00,9344.73,25.3,TRADE
NSW1,2010/10/7 10:30,9350.47,25.3,TRADE
NSW1,2010/10/7 11:00,9335.59,25.12,TRADE
NSW1,2010/10/7 11:30,9272.66,25.3,TRADE
NSW1,2010/10/7 12:00,9241.06,25.3,TRADE
NSW1,2010/10/7 12:30,9177.6,25.3,TRADE
NSW1,2010/10/7 13:00,9115.31,25.3,TRADE
NSW1,2010/10/7 13:30,9078.62,25.3,TRADE
NSW1,2010/10/7 14:00,9031.36,25.3,TRADE
NSW1,2010/10/7 14:30,8940.6,25.3,TRADE
NSW1,2010/10/7 15:00,8919.47,25.3,TRADE
NSW1,2010/10/7 15:30,8870.71,25.36,TRADE
NSW1,2010/10/7 16:00,8969,25.3,TRADE
NSW1,2010/10/7 16:30,9021.47,25.31,TRADE
NSW1,2010/10/7 17:00,9109.78,25.3,TRADE
NSW1,2010/10/7 17:30,9132.73,25.3,TRADE
NSW1,2010/10/7 18:00,9240.01,25.31,TRADE
NSW1,2010/10/7 18:30,9350.7,25.3,TRADE
NSW1,2010/10/7 19:00,9295.02,25.31,TRADE
NSW1,2010/10/7 19:30,9166.05,25.28,TRADE
NSW1,2010/10/7 20:00,9025.26,25.3,TRADE
NSW1,2010/10/7 20:30,8755.9,25.3,TRADE
NSW1,2010/10/7 21:00,8464.03,25.16,TRADE
NSW1,2010/10/7 21:30,8495.39,24.86,TRADE
NSW1,2010/10/7 22:00,8340.28,21.34,TRADE
NSW1,2010/10/7 22:30,8293.79,25.52,TRADE
NSW1,2010/10/7 23:00,8187.85,25.45,TRADE
NSW1,2010/10/7 23:30,8049.98,25.34,TRADE
NSW1,2010/10/8 0:00,7928.36,24.9,TRADE
NSW1,2010/10/8 0:30,7733.28,22.38,TRADE
NSW1,2010/10/8 1:00,7537.99,22.06,TRADE
NSW1,2010/10/8 1:30,7250.58,21.89,TRADE
NSW1,2010/10/8 2:00,6954.98,20,TRADE
NSW1,2010/10/8 2:30,6737.48,19.86,TRADE
NSW1,2010/10/8 3:00,6612.15,19.13,TRADE
NSW1,2010/10/8 3:30,6566.17,19.99,TRADE
NSW1,2010/10/8 4:00,6616.21,20,TRADE
NSW1,2010/10/8 4:30,6837.36,20.1,TRADE
NSW1,2010/10/8 5:00,7103.22,22.06,TRADE
NSW1,2010/10/8 5:30,7654.24,24.59,TRADE
NSW1,2010/10/8 6:00,8037.66,25.67,TRADE
NSW1,2010/10/8 6:30,8416.42,25.22,TRADE
NSW1,2010/10/8 7:00,8792.78,25.3,TRADE
NSW1,2010/10/8 7:30,9054.13,22.1,TRADE
NSW1,2010/10/8 8:00,9184.29,24.82,TRADE
NSW1,2010/10/8 8:30,9388.92,25.3,TRADE
NSW1,2010/10/8 9:00,9420.86,25.3,TRADE
NSW1,2010/10/8 9:30,9455.31,25.3,TRADE
NSW1,2010/10/8 10:00,9407.96,25.3,TRADE
NSW1,2010/10/8 10:30,9361.53,25.3,TRADE
NSW1,2010/10/8 11:00,9315.95,25.3,TRADE
NSW1,2010/10/8 11:30,9269.45,25.3,TRADE
NSW1,2010/10/8 12:00,9238.03,25.3,TRADE
NSW1,2010/10/8 12:30,9162.69,25.3,TRADE
NSW1,2010/10/8 13:00,9119.5,25.28,TRADE
NSW1,2010/10/8 13:30,9067.47,25.3,TRADE
NSW1,2010/10/8 14:00,9023.1,25.3,TRADE
NSW1,2010/10/8 14:30,9011.46,25.3,TRADE
NSW1,2010/10/8 15:00,8999.66,25.28,TRADE
NSW1,2010/10/8 15:30,8925.83,25.29,TRADE
NSW1,2010/10/8 16:00,8963.85,25.3,TRADE
NSW1,2010/10/8 16:30,8991.62,25.3,TRADE
NSW1,2010/10/8 17:00,8896.09,25.23,TRADE
NSW1,2010/10/8 17:30,8736.76,24.02,TRADE
NSW1,2010/10/8 18:00,8728.5,21.96,TRADE
NSW1,2010/10/8 18:30,8831.77,22.73,TRADE
NSW1,2010/10/8 19:00,8860.3,24.91,TRADE
NSW1,2010/10/8 19:30,8744.75,24.39,TRADE
NSW1,2010/10/8 20:00,8672.33,24.45,TRADE
NSW1,2010/10/8 20:30,8463.13,23.48,TRADE
NSW1,2010/10/8 21:00,8226.62,20.74,TRADE
NSW1,2010/10/8 21:30,8331.89,21.85,TRADE
NSW1,2010/10/8 22:00,8290.68,21.17,TRADE
NSW1,2010/10/8 22:30,8354.89,25.71,TRADE
NSW1,2010/10/8 23:00,8270.03,25.17,TRADE
NSW1,2010/10/8 23:30,8057.46,25.11,TRADE
NSW1,2010/10/9 0:00,7953.27,24.64,TRADE
NSW1,2010/10/9 0:30,7715.2,23.06,TRADE
NSW1,2010/10/9 1:00,7514.05,21.34,TRADE
NSW1,2010/10/9 1:30,7196.63,22.41,TRADE
NSW1,2010/10/9 2:00,6831.66,19.96,TRADE
NSW1,2010/10/9 2:30,6582.78,19.79,TRADE
NSW1,2010/10/9 3:00,6426.48,19.3,TRADE
NSW1,2010/10/9 3:30,6383.73,19.84,TRADE
NSW1,2010/10/9 4:00,6354.45,19.34,TRADE
NSW1,2010/10/9 4:30,6404.77,19.7,TRADE
NSW1,2010/10/9 5:00,6474.07,19.94,TRADE
NSW1,2010/10/9 5:30,6717.71,20.05,TRADE
NSW1,2010/10/9 6:00,6829.26,20.03,TRADE
NSW1,2010/10/9 6:30,7146.75,21.62,TRADE
NSW1,2010/10/9 7:00,7557.64,24.01,TRADE
NSW1,2010/10/9 7:30,7952.82,24.53,TRADE
NSW1,2010/10/9 8:00,8281.89,25.31,TRADE
NSW1,2010/10/9 8:30,8631.08,25.46,TRADE
NSW1,2010/10/9 9:00,8651.01,25.29,TRADE
NSW1,2010/10/9 9:30,8709.7,25.3,TRADE
NSW1,2010/10/9 10:00,8706.88,25.3,TRADE
NSW1,2010/10/9 10:30,8660.24,25.3,TRADE
NSW1,2010/10/9 11:00,8595,25.3,TRADE
NSW1,2010/10/9 11:30,8513.01,25.3,TRADE
NSW1,2010/10/9 12:00,8426.49,25.3,TRADE
NSW1,2010/10/9 12:30,8340.43,25.3,TRADE
NSW1,2010/10/9 13:00,8266.13,25.3,TRADE
NSW1,2010/10/9 13:30,8142.49,25.28,TRADE
NSW1,2010/10/9 14:00,8091.48,25.16,TRADE
NSW1,2010/10/9 14:30,8067.42,24.1,TRADE
NSW1,2010/10/9 15:00,8074.78,24.13,TRADE
NSW1,2010/10/9 15:30,8133.26,24.41,TRADE
NSW1,2010/10/9 16:00,8170.54,25.21,TRADE
NSW1,2010/10/9 16:30,8173.27,25.3,TRADE
NSW1,2010/10/9 17:00,8223.83,25.3,TRADE
NSW1,2010/10/9 17:30,8294.76,25.29,TRADE
NSW1,2010/10/9 18:00,8398.22,25.3,TRADE
NSW1,2010/10/9 18:30,8547.93,25.59,TRADE
NSW1,2010/10/9 19:00,8586.87,25.28,TRADE
NSW1,2010/10/9 19:30,8361.06,25.26,TRADE
NSW1,2010/10/9 20:00,8129.5,25.26,TRADE
NSW1,2010/10/9 20:30,8035.73,25.27,TRADE
NSW1,2010/10/9 21:00,7937.77,24.99,TRADE
NSW1,2010/10/9 21:30,7954.39,24.39,TRADE
NSW1,2010/10/9 22:00,7903.97,23.37,TRADE
NSW1,2010/10/9 22:30,7871.91,23.49,TRADE
NSW1,2010/10/9 23:00,7668.88,21.86,TRADE
NSW1,2010/10/9 23:30,7457.28,21.38,TRADE
NSW1,2010/10/10 0:00,7246.59,20.22,TRADE
NSW1,2010/10/10 0:30,7086.32,20.05,TRADE
NSW1,2010/10/10 1:00,6927.21,19.81,TRADE
NSW1,2010/10/10 1:30,6680.02,19.98,TRADE
NSW1,2010/10/10 2:00,6410.12,19.52,TRADE
NSW1,2010/10/10 2:30,6259.73,16.83,TRADE
NSW1,2010/10/10 3:00,6196.25,18.24,TRADE
NSW1,2010/10/10 3:30,6105.02,17.06,TRADE
NSW1,2010/10/10 4:00,6169.81,17.07,TRADE
NSW1,2010/10/10 4:30,6182.88,16.57,TRADE
NSW1,2010/10/10 5:00,6192.21,17.55,TRADE
NSW1,2010/10/10 5:30,6366.65,19.67,TRADE
NSW1,2010/10/10 6:00,6437.21,18.52,TRADE
NSW1,2010/10/10 6:30,6654.73,19.7,TRADE
NSW1,2010/10/10 7:00,6973.8,20.15,TRADE
NSW1,2010/10/10 7:30,7390.37,20.6,TRADE
NSW1,2010/10/10 8:00,7686.09,21.39,TRADE
NSW1,2010/10/10 8:30,7946,23.8,TRADE
NSW1,2010/10/10 9:00,8072.85,23.86,TRADE
NSW1,2010/10/10 9:30,8279.53,25.22,TRADE
NSW1,2010/10/10 10:00,8222.16,25.08,TRADE
NSW1,2010/10/10 10:30,8252.07,25.1,TRADE
NSW1,2010/10/10 11:00,8220.97,24.79,TRADE
NSW1,2010/10/10 11:30,8138.15,22.99,TRADE
NSW1,2010/10/10 12:00,8017.17,21.33,TRADE
NSW1,2010/10/10 12:30,7967.65,21.5,TRADE
NSW1,2010/10/10 13:00,7841.03,21.12,TRADE
NSW1,2010/10/10 13:30,7778.81,21.86,TRADE
NSW1,2010/10/10 14:00,7687.93,21.54,TRADE
NSW1,2010/10/10 14:30,7671.3,21.31,TRADE
NSW1,2010/10/10 15:00,7691.28,20.88,TRADE
NSW1,2010/10/10 15:30,7757.77,20.78,TRADE
NSW1,2010/10/10 16:00,7813.48,21.51,TRADE
NSW1,2010/10/10 16:30,7756.74,21.66,TRADE
NSW1,2010/10/10 17:00,8022.91,24.29,TRADE
NSW1,2010/10/10 17:30,8252.6,25.29,TRADE
NSW1,2010/10/10 18:00,8411.43,25.34,TRADE
NSW1,2010/10/10 18:30,8610.76,25.34,TRADE
NSW1,2010/10/10 19:00,8645.01,25.3,TRADE
NSW1,2010/10/10 19:30,8502.18,25.3,TRADE
NSW1,2010/10/10 20:00,8380.87,25.32,TRADE
NSW1,2010/10/10 20:30,8210.52,25.28,TRADE
NSW1,2010/10/10 21:00,7995.92,24.84,TRADE
NSW1,2010/10/10 21:30,7833.51,22.83,TRADE
NSW1,2010/10/10 22:00,7702.09,20.77,TRADE
NSW1,2010/10/10 22:30,7615.04,21.48,TRADE
NSW1,2010/10/10 23:00,7473.16,22.34,TRADE
NSW1,2010/10/10 23:30,7239.51,22.2,TRADE
NSW1,2010/10/11 0:00,7132.45,20.49,TRADE
NSW1,2010/10/11 0:30,6985.63,20.01,TRADE
NSW1,2010/10/11 1:00,6826.08,19.44,TRADE
NSW1,2010/10/11 1:30,6622.9,19.92,TRADE
NSW1,2010/10/11 2:00,6480.72,19.95,TRADE
NSW1,2010/10/11 2:30,6320.16,18.98,TRADE
NSW1,2010/10/11 3:00,6206.53,17.43,TRADE
NSW1,2010/10/11 3:30,6176.72,18.28,TRADE
NSW1,2010/10/11 4:00,6300.06,18.81,TRADE
NSW1,2010/10/11 4:30,6569.14,19.78,TRADE
NSW1,2010/10/11 5:00,6877.75,20.74,TRADE
NSW1,2010/10/11 5:30,7505.24,24.15,TRADE
NSW1,2010/10/11 6:00,8054.04,25.29,TRADE
NSW1,2010/10/11 6:30,8494.87,25.47,TRADE
NSW1,2010/10/11 7:00,8986.02,25.81,TRADE
NSW1,2010/10/11 7:30,9115.66,23.18,TRADE
NSW1,2010/10/11 8:00,9167.67,25.25,TRADE
NSW1,2010/10/11 8:30,9395.62,25.84,TRADE
NSW1,2010/10/11 9:00,9492.6,25.35,TRADE
NSW1,2010/10/11 9:30,9572.73,25.3,TRADE
NSW1,2010/10/11 10:00,9506.56,25.3,TRADE
NSW1,2010/10/11 10:30,9532.89,25.3,TRADE
NSW1,2010/10/11 11:00,9505.29,25.23,TRADE
NSW1,2010/10/11 11:30,9427.86,24.95,TRADE
NSW1,2010/10/11 12:00,9309.81,25.29,TRADE
NSW1,2010/10/11 12:30,9358.46,25.3,TRADE
NSW1,2010/10/11 13:00,9279.37,25.3,TRADE
NSW1,2010/10/11 13:30,9215.98,25.3,TRADE
NSW1,2010/10/11 14:00,9216.73,25.3,TRADE
NSW1,2010/10/11 14:30,9075.95,25.3,TRADE
NSW1,2010/10/11 15:00,9098.66,25.33,TRADE
NSW1,2010/10/11 15:30,9037.25,25.29,TRADE
NSW1,2010/10/11 16:00,9102.74,25.3,TRADE
NSW1,2010/10/11 16:30,9114.18,25.31,TRADE
NSW1,2010/10/11 17:00,9200.01,25.3,TRADE
NSW1,2010/10/11 17:30,9133.97,25.29,TRADE
NSW1,2010/10/11 18:00,9126.71,25.3,TRADE
NSW1,2010/10/11 18:30,9277.16,25.32,TRADE
NSW1,2010/10/11 19:00,9366.42,25.3,TRADE
NSW1,2010/10/11 19:30,9202.76,25.11,TRADE
NSW1,2010/10/11 20:00,8999.25,25.27,TRADE
NSW1,2010/10/11 20:30,8728.73,24.46,TRADE
NSW1,2010/10/11 21:00,8465.15,21.76,TRADE
NSW1,2010/10/11 21:30,8440.04,22.96,TRADE
NSW1,2010/10/11 22:00,8311.72,21.14,TRADE
NSW1,2010/10/11 22:30,8239.56,21.86,TRADE
NSW1,2010/10/11 23:00,8191.58,23.92,TRADE
NSW1,2010/10/11 23:30,8046.43,23.01,TRADE
NSW1,2010/10/12 0:00,7910.21,20.4,TRADE
NSW1,2010/10/12 0:30,7752.02,19.94,TRADE
NSW1,2010/10/12 1:00,7583.82,19.94,TRADE
NSW1,2010/10/12 1:30,7209.53,19.65,TRADE
NSW1,2010/10/12 2:00,6932.96,18.63,TRADE
NSW1,2010/10/12 2:30,6716.88,16.08,TRADE
NSW1,2010/10/12 3:00,6558.93,15.08,TRADE
NSW1,2010/10/12 3:30,6564.75,14.64,TRADE
NSW1,2010/10/12 4:00,6587.04,15.74,TRADE
NSW1,2010/10/12 4:30,6818.12,18.51,TRADE
NSW1,2010/10/12 5:00,7147.3,21.85,TRADE
NSW1,2010/10/12 5:30,7746.48,24.86,TRADE
NSW1,2010/10/12 6:00,8381.4,25.23,TRADE
NSW1,2010/10/12 6:30,8804.23,27.54,TRADE
NSW1,2010/10/12 7:00,9241.92,26.22,TRADE
NSW1,2010/10/12 7:30,9333.96,22.57,TRADE
NSW1,2010/10/12 8:00,9377.91,25.3,TRADE
NSW1,2010/10/12 8:30,9436.22,25.23,TRADE
NSW1,2010/10/12 9:00,9493.68,25.3,TRADE
NSW1,2010/10/12 9:30,9513.18,25.34,TRADE
NSW1,2010/10/12 10:00,9506.95,25.39,TRADE
NSW1,2010/10/12 10:30,9483.09,25.28,TRADE
NSW1,2010/10/12 11:00,9417.95,25.2,TRADE
NSW1,2010/10/12 11:30,9428.23,25.15,TRADE
NSW1,2010/10/12 12:00,9359.88,25.29,TRADE
NSW1,2010/10/12 12:30,9376.58,25.27,TRADE
NSW1,2010/10/12 13:00,9368.75,25.29,TRADE
NSW1,2010/10/12 13:30,9335.15,25.5,TRADE
NSW1,2010/10/12 14:00,9299.95,25.27,TRADE
NSW1,2010/10/12 14:30,9286.59,24.86,TRADE
NSW1,2010/10/12 15:00,9278.82,25.5,TRADE
NSW1,2010/10/12 15:30,9257.16,25.3,TRADE
NSW1,2010/10/12 16:00,9294.36,25.15,TRADE
NSW1,2010/10/12 16:30,9286.62,25.06,TRADE
NSW1,2010/10/12 17:00,9277.96,25.26,TRADE
NSW1,2010/10/12 17:30,9162.41,23.6,TRADE
NSW1,2010/10/12 18:00,9181.25,24.33,TRADE
NSW1,2010/10/12 18:30,9225.08,24.82,TRADE
NSW1,2010/10/12 19:00,9296.24,25.62,TRADE
NSW1,2010/10/12 19:30,9153.46,25.14,TRADE
NSW1,2010/10/12 20:00,8972.64,25.03,TRADE
NSW1,2010/10/12 20:30,8760.34,24.45,TRADE
NSW1,2010/10/12 21:00,8508.27,22.36,TRADE
NSW1,2010/10/12 21:30,8518.58,22.41,TRADE
NSW1,2010/10/12 22:00,8378.52,22.44,TRADE
NSW1,2010/10/12 22:30,8292.3,23.52,TRADE
NSW1,2010/10/12 23:00,8194.4,22.99,TRADE
NSW1,2010/10/12 23:30,8025.21,22.15,TRADE
NSW1,2010/10/13 0:00,7917.9,20.67,TRADE
NSW1,2010/10/13 0:30,7767.81,19.92,TRADE
NSW1,2010/10/13 1:00,7529.1,20.11,TRADE
NSW1,2010/10/13 1:30,7288.45,20.05,TRADE
NSW1,2010/10/13 2:00,6914.64,19.13,TRADE
NSW1,2010/10/13 2:30,6668.41,18.43,TRADE
NSW1,2010/10/13 3:00,6523.4,15.23,TRADE
NSW1,2010/10/13 3:30,6411.34,14.25,TRADE
NSW1,2010/10/13 4:00,6521.26,16.13,TRADE
NSW1,2010/10/13 4:30,6754.2,19.72,TRADE
NSW1,2010/10/13 5:00,7139.83,20.69,TRADE
NSW1,2010/10/13 5:30,7794.54,24.25,TRADE
NSW1,2010/10/13 6:00,8318.69,25.22,TRADE
NSW1,2010/10/13 6:30,8722.4,26.47,TRADE
NSW1,2010/10/13 7:00,9089.21,25.29,TRADE
NSW1,2010/10/13 7:30,9228.34,22.98,TRADE
NSW1,2010/10/13 8:00,9243.27,24.83,TRADE
NSW1,2010/10/13 8:30,9367.94,25.3,TRADE
NSW1,2010/10/13 9:00,9427.41,25.3,TRADE
NSW1,2010/10/13 9:30,9497.65,25.29,TRADE
NSW1,2010/10/13 10:00,9453.42,25.12,TRADE
NSW1,2010/10/13 10:30,9359.85,24.49,TRADE
NSW1,2010/10/13 11:00,9361.21,25.25,TRADE
NSW1,2010/10/13 11:30,9385.56,25.17,TRADE
NSW1,2010/10/13 12:00,9366.1,25.02,TRADE
NSW1,2010/10/13 12:30,9375.09,25.02,TRADE
NSW1,2010/10/13 13:00,9372.35,24.95,TRADE
NSW1,2010/10/13 13:30,9399.82,25.26,TRADE
NSW1,2010/10/13 14:00,9337.25,25.27,TRADE
NSW1,2010/10/13 14:30,9285.95,25.25,TRADE
NSW1,2010/10/13 15:00,9347.58,25.29,TRADE
NSW1,2010/10/13 15:30,9337.23,25.24,TRADE
NSW1,2010/10/13 16:00,9432.52,25.29,TRADE
NSW1,2010/10/13 16:30,9442.81,25.3,TRADE
NSW1,2010/10/13 17:00,9464.87,25.3,TRADE
NSW1,2010/10/13 17:30,9340.25,25.21,TRADE
NSW1,2010/10/13 18:00,9363.03,25.26,TRADE
NSW1,2010/10/13 18:30,9391.28,25.29,TRADE
NSW1,2010/10/13 19:00,9309.51,25.3,TRADE
NSW1,2010/10/13 19:30,9045.45,25.29,TRADE
NSW1,2010/10/13 20:00,8842.23,25.28,TRADE
NSW1,2010/10/13 20:30,8574.71,24.31,TRADE
NSW1,2010/10/13 21:00,8298.29,23.48,TRADE
NSW1,2010/10/13 21:30,8290.58,24.59,TRADE
NSW1,2010/10/13 22:00,8182.86,23.23,TRADE
NSW1,2010/10/13 22:30,8139.36,24.14,TRADE
NSW1,2010/10/13 23:00,8031.92,21.91,TRADE
NSW1,2010/10/13 23:30,7867.83,22.69,TRADE
NSW1,2010/10/14 0:00,7735.95,20.61,TRADE
NSW1,2010/10/14 0:30,7559.17,19.96,TRADE
NSW1,2010/10/14 1:00,7342.3,20.04,TRADE
NSW1,2010/10/14 1:30,7029.43,20.05,TRADE
NSW1,2010/10/14 2:00,6730.74,19.25,TRADE
NSW1,2010/10/14 2:30,6513.31,14.96,TRADE
NSW1,2010/10/14 3:00,6363.71,14.24,TRADE
NSW1,2010/10/14 3:30,6328.14,14.24,TRADE
NSW1,2010/10/14 4:00,6422.98,15.31,TRADE
NSW1,2010/10/14 4:30,6639.69,19.44,TRADE
NSW1,2010/10/14 5:00,7015.89,20.15,TRADE
NSW1,2010/10/14 5:30,7644.41,23.23,TRADE
NSW1,2010/10/14 6:00,8216.28,25.14,TRADE
NSW1,2010/10/14 6:30,8611.49,25.25,TRADE
NSW1,2010/10/14 7:00,9025.25,26.12,TRADE
NSW1,2010/10/14 7:30,9072.34,23.82,TRADE
NSW1,2010/10/14 8:00,9102.75,25.15,TRADE
NSW1,2010/10/14 8:30,9303.98,25.28,TRADE
NSW1,2010/10/14 9:00,9525.7,25.3,TRADE
NSW1,2010/10/14 9:30,9619.37,25.3,TRADE
NSW1,2010/10/14 10:00,9693.22,25.63,TRADE
NSW1,2010/10/14 10:30,9661.89,25.31,TRADE
NSW1,2010/10/14 11:00,9651.98,25.3,TRADE
NSW1,2010/10/14 11:30,9662.18,25.3,TRADE
NSW1,2010/10/14 12:00,9635.16,24.82,TRADE
NSW1,2010/10/14 12:30,9625.11,25.24,TRADE
NSW1,2010/10/14 13:00,9591.57,25.28,TRADE
NSW1,2010/10/14 13:30,9637.65,25.3,TRADE
NSW1,2010/10/14 14:00,9615.53,25.3,TRADE
NSW1,2010/10/14 14:30,9593.54,24.91,TRADE
NSW1,2010/10/14 15:00,9593.44,25.19,TRADE
NSW1,2010/10/14 15:30,9653.38,25.3,TRADE
NSW1,2010/10/14 16:00,9686.25,25.08,TRADE
NSW1,2010/10/14 16:30,9625.17,24.96,TRADE
NSW1,2010/10/14 17:00,9591.69,25.15,TRADE
NSW1,2010/10/14 17:30,9382.91,22.36,TRADE
NSW1,2010/10/14 18:00,9345.47,25.17,TRADE
NSW1,2010/10/14 18:30,9437.1,24.02,TRADE
NSW1,2010/10/14 19:00,9553.94,25.21,TRADE
NSW1,2010/10/14 19:30,9391.53,25.14,TRADE
NSW1,2010/10/14 20:00,9193.98,25.19,TRADE
NSW1,2010/10/14 20:30,8924.92,25.2,TRADE
NSW1,2010/10/14 21:00,8518.44,24.96,TRADE
NSW1,2010/10/14 21:30,8443.69,24,TRADE
NSW1,2010/10/14 22:00,8350.32,22.34,TRADE
NSW1,2010/10/14 22:30,8278.1,23.28,TRADE
NSW1,2010/10/14 23:00,8144.32,21.54,TRADE
NSW1,2010/10/14 23:30,8015.2,21.45,TRADE
NSW1,2010/10/15 0:00,7839.82,20.14,TRADE
NSW1,2010/10/15 0:30,7645.17,20,TRADE
NSW1,2010/10/15 1:00,7392.64,19.73,TRADE
NSW1,2010/10/15 1:30,7106.28,19.78,TRADE
NSW1,2010/10/15 2:00,6761.24,18.36,TRADE
NSW1,2010/10/15 2:30,6558.91,17.12,TRADE
NSW1,2010/10/15 3:00,6462.99,16.07,TRADE
NSW1,2010/10/15 3:30,6426.62,14.84,TRADE
NSW1,2010/10/15 4:00,6454.59,15.15,TRADE
NSW1,2010/10/15 4:30,6696.39,19.08,TRADE
NSW1,2010/10/15 5:00,6943.33,20.19,TRADE
NSW1,2010/10/15 5:30,7511.12,23.37,TRADE
NSW1,2010/10/15 6:00,8123.01,25.06,TRADE
NSW1,2010/10/15 6:30,8592.94,24.75,TRADE
NSW1,2010/10/15 7:00,9009.18,25.21,TRADE
NSW1,2010/10/15 7:30,9250.76,24.99,TRADE
NSW1,2010/10/15 8:00,9350.07,23.3,TRADE
NSW1,2010/10/15 8:30,9535,23.95,TRADE
NSW1,2010/10/15 9:00,9586.7,23.66,TRADE
NSW1,2010/10/15 9:30,9707.25,25.21,TRADE
NSW1,2010/10/15 10:00,9707.93,24.33,TRADE
NSW1,2010/10/15 10:30,9659.43,24.31,TRADE
NSW1,2010/10/15 11:00,9658.76,25.15,TRADE
NSW1,2010/10/15 11:30,9649.44,25.29,TRADE
NSW1,2010/10/15 12:00,9476.62,25.26,TRADE
NSW1,2010/10/15 12:30,9492.73,25.2,TRADE
NSW1,2010/10/15 13:00,9470.41,25.02,TRADE
NSW1,2010/10/15 13:30,9376.22,24.96,TRADE
NSW1,2010/10/15 14:00,9351.92,24.79,TRADE
NSW1,2010/10/15 14:30,9246.12,25.1,TRADE
NSW1,2010/10/15 15:00,9242.58,25.12,TRADE
NSW1,2010/10/15 15:30,9210.81,26.06,TRADE
NSW1,2010/10/15 16:00,9269.65,25.77,TRADE
NSW1,2010/10/15 16:30,9175.42,25.3,TRADE
NSW1,2010/10/15 17:00,9126.59,24.16,TRADE
NSW1,2010/10/15 17:30,8920.43,21.47,TRADE
NSW1,2010/10/15 18:00,8923.61,24.04,TRADE
NSW1,2010/10/15 18:30,8956.86,24.34,TRADE
NSW1,2010/10/15 19:00,8938.38,24.08,TRADE
NSW1,2010/10/15 19:30,8831.74,23.24,TRADE
NSW1,2010/10/15 20:00,8652.73,22.04,TRADE
NSW1,2010/10/15 20:30,8431.73,22.09,TRADE
NSW1,2010/10/15 21:00,8227.36,20.16,TRADE
NSW1,2010/10/15 21:30,8234.36,20.01,TRADE
NSW1,2010/10/15 22:00,8135.21,20.07,TRADE
NSW1,2010/10/15 22:30,8179.84,21.21,TRADE
NSW1,2010/10/15 23:00,8058.83,20.01,TRADE
NSW1,2010/10/15 23:30,7867.98,20.09,TRADE
NSW1,2010/10/16 0:00,7788.27,19.45,TRADE
NSW1,2010/10/16 0:30,7682.91,20.6,TRADE
NSW1,2010/10/16 1:00,7423.42,18.8,TRADE
NSW1,2010/10/16 1:30,7034.08,20,TRADE
NSW1,2010/10/16 2:00,6747.18,19.39,TRADE
NSW1,2010/10/16 2:30,6484.88,18.44,TRADE
NSW1,2010/10/16 3:00,6395.66,15.51,TRADE
NSW1,2010/10/16 3:30,6315.31,13.94,TRADE
NSW1,2010/10/16 4:00,6377.5,14.88,TRADE
NSW1,2010/10/16 4:30,6414.69,15,TRADE
NSW1,2010/10/16 5:00,6507.01,18.18,TRADE
NSW1,2010/10/16 5:30,6601.83,19.05,TRADE
NSW1,2010/10/16 6:00,6841.32,19.66,TRADE
NSW1,2010/10/16 6:30,7199.29,17.83,TRADE
NSW1,2010/10/16 7:00,7735.24,21.01,TRADE
NSW1,2010/10/16 7:30,8090.51,20.89,TRADE
NSW1,2010/10/16 8:00,8479.32,24.06,TRADE
NSW1,2010/10/16 8:30,8817.83,22.85,TRADE
NSW1,2010/10/16 9:00,8836.48,22.79,TRADE
NSW1,2010/10/16 9:30,8917.54,23.04,TRADE
NSW1,2010/10/16 10:00,8820.68,21.54,TRADE
NSW1,2010/10/16 10:30,8692.35,21.96,TRADE
NSW1,2010/10/16 11:00,8639.06,22.9,TRADE
NSW1,2010/10/16 11:30,8558.57,21.39,TRADE
NSW1,2010/10/16 12:00,8444.57,20.26,TRADE
NSW1,2010/10/16 12:30,8301.3,21.52,TRADE
NSW1,2010/10/16 13:00,8152.59,23.22,TRADE
NSW1,2010/10/16 13:30,8044.29,22.04,TRADE
NSW1,2010/10/16 14:00,7951.12,20.8,TRADE
NSW1,2010/10/16 14:30,7925.62,20.24,TRADE
NSW1,2010/10/16 15:00,7921.11,20.59,TRADE
NSW1,2010/10/16 15:30,7963.31,20.74,TRADE
NSW1,2010/10/16 16:00,7969.61,20.64,TRADE
NSW1,2010/10/16 16:30,7978.78,20.85,TRADE
NSW1,2010/10/16 17:00,8214.26,22.06,TRADE
NSW1,2010/10/16 17:30,8325.41,20.16,TRADE
NSW1,2010/10/16 18:00,8436.16,21.74,TRADE
NSW1,2010/10/16 18:30,8654.98,22.57,TRADE
NSW1,2010/10/16 19:00,8790.38,23.8,TRADE
NSW1,2010/10/16 19:30,8706.09,23.76,TRADE
NSW1,2010/10/16 20:00,8554.26,25.24,TRADE
NSW1,2010/10/16 20:30,8484.69,25.11,TRADE
NSW1,2010/10/16 21:00,8301.42,24.56,TRADE
NSW1,2010/10/16 21:30,8214.45,24.57,TRADE
NSW1,2010/10/16 22:00,8099.26,22.85,TRADE
NSW1,2010/10/16 22:30,8020.23,23.08,TRADE
NSW1,2010/10/16 23:00,7802.74,21.1,TRADE
NSW1,2010/10/16 23:30,7681.42,20.29,TRADE
NSW1,2010/10/17 0:00,7491.81,20.11,TRADE
NSW1,2010/10/17 0:30,7347.03,20.38,TRADE
NSW1,2010/10/17 1:00,7165.94,20.07,TRADE
NSW1,2010/10/17 1:30,6893.26,21.08,TRADE
NSW1,2010/10/17 2:00,6641.56,19.92,TRADE
NSW1,2010/10/17 2:30,6496.39,19.72,TRADE
NSW1,2010/10/17 3:00,6342.54,19.74,TRADE
NSW1,2010/10/17 3:30,6279.51,18.65,TRADE
NSW1,2010/10/17 4:00,6207.89,18.43,TRADE
NSW1,2010/10/17 4:30,6291.92,18.53,TRADE
NSW1,2010/10/17 5:00,6349.57,19.23,TRADE
NSW1,2010/10/17 5:30,6449.05,19.67,TRADE
NSW1,2010/10/17 6:00,6611.98,19.86,TRADE
NSW1,2010/10/17 6:30,6911.99,19.96,TRADE
NSW1,2010/10/17 7:00,7290.87,20.01,TRADE
NSW1,2010/10/17 7:30,7711.21,20.15,TRADE
NSW1,2010/10/17 8:00,7932.37,19.98,TRADE
NSW1,2010/10/17 8:30,8119.29,20.69,TRADE
NSW1,2010/10/17 9:00,8239.39,22.45,TRADE
NSW1,2010/10/17 9:30,8307.4,23.73,TRADE
NSW1,2010/10/17 10:00,8210.87,21.6,TRADE
NSW1,2010/10/17 10:30,8157.44,21.96,TRADE
NSW1,2010/10/17 11:00,8047.03,21.17,TRADE
NSW1,2010/10/17 11:30,8012.97,21.44,TRADE
NSW1,2010/10/17 12:00,7932.01,21.19,TRADE
NSW1,2010/10/17 12:30,7860.57,20.75,TRADE
NSW1,2010/10/17 13:00,7709.92,19.98,TRADE
NSW1,2010/10/17 13:30,7709.08,20.01,TRADE
NSW1,2010/10/17 14:00,7620.99,20.04,TRADE
NSW1,2010/10/17 14:30,7644.88,20.01,TRADE
NSW1,2010/10/17 15:00,7653.14,20.24,TRADE
NSW1,2010/10/17 15:30,7683.09,20.24,TRADE
NSW1,2010/10/17 16:00,7680.73,20.04,TRADE
NSW1,2010/10/17 16:30,7732.89,20.6,TRADE
NSW1,2010/10/17 17:00,7885.97,22.27,TRADE
NSW1,2010/10/17 17:30,8044.56,22.51,TRADE
NSW1,2010/10/17 18:00,8145.45,23.95,TRADE
NSW1,2010/10/17 18:30,8370.33,23.79,TRADE
NSW1,2010/10/17 19:00,8643.61,25.48,TRADE
NSW1,2010/10/17 19:30,8566.66,25.29,TRADE
NSW1,2010/10/17 20:00,8486.98,25.2,TRADE
NSW1,2010/10/17 20:30,8316.96,24.74,TRADE
NSW1,2010/10/17 21:00,8083.28,24.04,TRADE
NSW1,2010/10/17 21:30,7949.16,24.21,TRADE
NSW1,2010/10/17 22:00,7788.09,21.53,TRADE
NSW1,2010/10/17 22:30,7736.27,21.33,TRADE
NSW1,2010/10/17 23:00,7569.7,20.26,TRADE
NSW1,2010/10/17 23:30,7401.29,20.54,TRADE
NSW1,2010/10/18 0:00,7224.02,20.13,TRADE
NSW1,2010/10/18 0:30,7128.74,20.22,TRADE
NSW1,2010/10/18 1:00,7010.53,20.16,TRADE
NSW1,2010/10/18 1:30,6848.37,21.57,TRADE
NSW1,2010/10/18 2:00,6710.02,20.19,TRADE
NSW1,2010/10/18 2:30,6518.15,19.92,TRADE
NSW1,2010/10/18 3:00,6432.75,19.53,TRADE
NSW1,2010/10/18 3:30,6435.43,19.92,TRADE
NSW1,2010/10/18 4:00,6508.06,20,TRADE
NSW1,2010/10/18 4:30,6714.9,19.99,TRADE
NSW1,2010/10/18 5:00,7091.88,23.87,TRADE
NSW1,2010/10/18 5:30,7697.72,25.45,TRADE
NSW1,2010/10/18 6:00,8348.47,26.69,TRADE
NSW1,2010/10/18 6:30,8799.77,27,TRADE
NSW1,2010/10/18 7:00,9193.33,28.78,TRADE
NSW1,2010/10/18 7:30,9225.34,23.14,TRADE
NSW1,2010/10/18 8:00,9210.63,25.23,TRADE
NSW1,2010/10/18 8:30,9312.96,25.46,TRADE
NSW1,2010/10/18 9:00,9257.01,25.32,TRADE
NSW1,2010/10/18 9:30,9305.83,25.32,TRADE
NSW1,2010/10/18 10:00,9242.84,25.36,TRADE
NSW1,2010/10/18 10:30,9173.66,25.32,TRADE
NSW1,2010/10/18 11:00,9111.75,25.25,TRADE
NSW1,2010/10/18 11:30,9082.52,25.29,TRADE
NSW1,2010/10/18 12:00,9044.49,25.26,TRADE
NSW1,2010/10/18 12:30,9102.91,25.44,TRADE
NSW1,2010/10/18 13:00,9074.24,25.33,TRADE
NSW1,2010/10/18 13:30,9098.39,25.37,TRADE
NSW1,2010/10/18 14:00,9037.52,25.32,TRADE
NSW1,2010/10/18 14:30,8934.54,25.24,TRADE
NSW1,2010/10/18 15:00,9025.65,25.32,TRADE
NSW1,2010/10/18 15:30,8999.21,25.31,TRADE
NSW1,2010/10/18 16:00,8980.85,25.32,TRADE
NSW1,2010/10/18 16:30,8963.49,25.32,TRADE
NSW1,2010/10/18 17:00,8970.78,25.31,TRADE
NSW1,2010/10/18 17:30,8893.36,24.19,TRADE
NSW1,2010/10/18 18:00,8891.76,24.8,TRADE
NSW1,2010/10/18 18:30,8945.43,25.23,TRADE
NSW1,2010/10/18 19:00,9128.56,25.26,TRADE
NSW1,2010/10/18 19:30,9022.16,25.13,TRADE
NSW1,2010/10/18 20:00,8960.58,25.24,TRADE
NSW1,2010/10/18 20:30,8695.45,24.45,TRADE
NSW1,2010/10/18 21:00,8386.97,22.52,TRADE
NSW1,2010/10/18 21:30,8370.55,21.25,TRADE
NSW1,2010/10/18 22:00,8266.22,20.35,TRADE
NSW1,2010/10/18 22:30,8224.45,23.46,TRADE
NSW1,2010/10/18 23:00,8197.19,24.12,TRADE
NSW1,2010/10/18 23:30,7987.08,23.35,TRADE
NSW1,2010/10/19 0:00,7933.46,23.79,TRADE
NSW1,2010/10/19 0:30,7825.82,22.16,TRADE
NSW1,2010/10/19 1:00,7583.45,20.63,TRADE
NSW1,2010/10/19 1:30,7326.77,23.84,TRADE
NSW1,2010/10/19 2:00,7018.52,20.11,TRADE
NSW1,2010/10/19 2:30,6809.05,22.22,TRADE
NSW1,2010/10/19 3:00,6701.94,20.49,TRADE
NSW1,2010/10/19 3:30,6661.5,22.95,TRADE
NSW1,2010/10/19 4:00,6711.96,23.22,TRADE
NSW1,2010/10/19 4:30,6983.87,25.81,TRADE
NSW1,2010/10/19 5:00,7266.88,27.45,TRADE
NSW1,2010/10/19 5:30,7915.17,25.69,TRADE
NSW1,2010/10/19 6:00,8598.45,30.8,TRADE
NSW1,2010/10/19 6:30,9039.83,51.85,TRADE
NSW1,2010/10/19 7:00,9438.36,63.53,TRADE
NSW1,2010/10/19 7:30,9468.53,25.03,TRADE
NSW1,2010/10/19 8:00,9416.91,25.31,TRADE
NSW1,2010/10/19 8:30,9543.21,25.32,TRADE
NSW1,2010/10/19 9:00,9590.02,25.32,TRADE
NSW1,2010/10/19 9:30,9507.37,25.25,TRADE
NSW1,2010/10/19 10:00,9392.85,25.31,TRADE
NSW1,2010/10/19 10:30,9292.62,25.75,TRADE
NSW1,2010/10/19 11:00,9282.63,25.81,TRADE
NSW1,2010/10/19 11:30,9339.61,25.32,TRADE
NSW1,2010/10/19 12:00,9328.23,25.46,TRADE
NSW1,2010/10/19 12:30,9347.05,25.32,TRADE
NSW1,2010/10/19 13:00,9261.13,25.23,TRADE
NSW1,2010/10/19 13:30,9222.79,25.3,TRADE
NSW1,2010/10/19 14:00,9118.89,25.31,TRADE
NSW1,2010/10/19 14:30,9039.28,25.01,TRADE
NSW1,2010/10/19 15:00,9085.52,25.32,TRADE
NSW1,2010/10/19 15:30,9127.52,25.32,TRADE
NSW1,2010/10/19 16:00,9216.07,25.32,TRADE
NSW1,2010/10/19 16:30,9186.97,25.72,TRADE
NSW1,2010/10/19 17:00,9381.32,25.66,TRADE
NSW1,2010/10/19 17:30,9347.89,25.32,TRADE
NSW1,2010/10/19 18:00,9424.31,25.32,TRADE
NSW1,2010/10/19 18:30,9450.29,25.31,TRADE
NSW1,2010/10/19 19:00,9485.4,25.33,TRADE
NSW1,2010/10/19 19:30,9348.67,25.32,TRADE
NSW1,2010/10/19 20:00,9095.99,24.78,TRADE
NSW1,2010/10/19 20:30,8811.4,24.3,TRADE
NSW1,2010/10/19 21:00,8595.28,23.39,TRADE
NSW1,2010/10/19 21:30,8496.68,23.29,TRADE
NSW1,2010/10/19 22:00,8322.37,21.22,TRADE
NSW1,2010/10/19 22:30,8285.2,25.05,TRADE
NSW1,2010/10/19 23:00,8160.74,26.15,TRADE
NSW1,2010/10/19 23:30,8046.67,25.68,TRADE
NSW1,2010/10/20 0:00,7937.21,25.75,TRADE
NSW1,2010/10/20 0:30,7839.35,23.65,TRADE
NSW1,2010/10/20 1:00,7582.7,20.98,TRADE
NSW1,2010/10/20 1:30,7304.79,23.86,TRADE
NSW1,2010/10/20 2:00,6993.07,19.93,TRADE
NSW1,2010/10/20 2:30,6726.85,17.3,TRADE
NSW1,2010/10/20 3:00,6599.8,17.13,TRADE
NSW1,2010/10/20 3:30,6521.89,14.65,TRADE
NSW1,2010/10/20 4:00,6591.94,15.95,TRADE
NSW1,2010/10/20 4:30,6821.31,23.36,TRADE
NSW1,2010/10/20 5:00,7163.11,26.13,TRADE
NSW1,2010/10/20 5:30,7767.38,24.1,TRADE
NSW1,2010/10/20 6:00,8362.58,25.8,TRADE
NSW1,2010/10/20 6:30,8747.45,25.86,TRADE
NSW1,2010/10/20 7:00,9123.63,25.5,TRADE
NSW1,2010/10/20 7:30,9126.76,21.11,TRADE
NSW1,2010/10/20 8:00,9098.37,25.23,TRADE
NSW1,2010/10/20 8:30,9157.63,25.48,TRADE
NSW1,2010/10/20 9:00,9203.61,25.49,TRADE
NSW1,2010/10/20 9:30,9245.88,25.49,TRADE
NSW1,2010/10/20 10:00,9257.11,25.32,TRADE
NSW1,2010/10/20 10:30,9224.37,25.49,TRADE
NSW1,2010/10/20 11:00,9196.98,25.48,TRADE
NSW1,2010/10/20 11:30,9093.7,24.66,TRADE
NSW1,2010/10/20 12:00,9078.08,24.67,TRADE
NSW1,2010/10/20 12:30,9084.13,23.53,TRADE
NSW1,2010/10/20 13:00,9065.71,24.51,TRADE
NSW1,2010/10/20 13:30,9033.09,23.55,TRADE
NSW1,2010/10/20 14:00,8996.39,22.79,TRADE
NSW1,2010/10/20 14:30,8962.13,25.87,TRADE
NSW1,2010/10/20 15:00,8955.54,25.48,TRADE
NSW1,2010/10/20 15:30,8986.81,25.41,TRADE
NSW1,2010/10/20 16:00,9006.79,25.49,TRADE
NSW1,2010/10/20 16:30,8957.29,25.2,TRADE
NSW1,2010/10/20 17:00,8935.86,25.17,TRADE
NSW1,2010/10/20 17:30,8800.26,23.46,TRADE
NSW1,2010/10/20 18:00,8816.62,23.64,TRADE
NSW1,2010/10/20 18:30,8880.41,21.52,TRADE
NSW1,2010/10/20 19:00,9023.79,24.91,TRADE
NSW1,2010/10/20 19:30,8897.49,24.63,TRADE
NSW1,2010/10/20 20:00,8701.1,23.05,TRADE
NSW1,2010/10/20 20:30,8511.54,21.87,TRADE
NSW1,2010/10/20 21:00,8278.52,20.82,TRADE
NSW1,2010/10/20 21:30,8262.7,24.73,TRADE
NSW1,2010/10/20 22:00,8152.54,23.51,TRADE
NSW1,2010/10/20 22:30,8135.58,25.53,TRADE
NSW1,2010/10/20 23:00,8045.47,25.44,TRADE
NSW1,2010/10/20 23:30,7873.2,25.23,TRADE
NSW1,2010/10/21 0:00,7780.36,25.96,TRADE
NSW1,2010/10/21 0:30,7643.53,23.23,TRADE
NSW1,2010/10/21 1:00,7476.79,23.37,TRADE
NSW1,2010/10/21 1:30,7190.2,23.74,TRADE
NSW1,2010/10/21 2:00,6894.8,20.44,TRADE
NSW1,2010/10/21 2:30,6654.57,19.95,TRADE
NSW1,2010/10/21 3:00,6510.84,19.33,TRADE
NSW1,2010/10/21 3:30,6491.81,18.16,TRADE
NSW1,2010/10/21 4:00,6545.28,18.28,TRADE
NSW1,2010/10/21 4:30,6767.6,22.73,TRADE
NSW1,2010/10/21 5:00,7103.58,24.36,TRADE
NSW1,2010/10/21 5:30,7703.8,25.08,TRADE
NSW1,2010/10/21 6:00,8294.53,25.44,TRADE
NSW1,2010/10/21 6:30,8653.07,25.32,TRADE
NSW1,2010/10/21 7:00,8975.62,25.2,TRADE
NSW1,2010/10/21 7:30,8954.1,22.17,TRADE
NSW1,2010/10/21 8:00,9005.91,23.43,TRADE
NSW1,2010/10/21 8:30,9123.49,25.17,TRADE
NSW1,2010/10/21 9:00,9212.37,25.48,TRADE
NSW1,2010/10/21 9:30,9253.98,25.5,TRADE
NSW1,2010/10/21 10:00,9199.36,25.48,TRADE
NSW1,2010/10/21 10:30,9308.17,25.5,TRADE
NSW1,2010/10/21 11:00,9258.84,24.89,TRADE
NSW1,2010/10/21 11:30,9253.06,24.17,TRADE
NSW1,2010/10/21 12:00,9236.06,24.48,TRADE
NSW1,2010/10/21 12:30,9243.63,24.78,TRADE
NSW1,2010/10/21 13:00,9253.89,25.2,TRADE
NSW1,2010/10/21 13:30,9272.84,24.95,TRADE
NSW1,2010/10/21 14:00,9226.2,24.48,TRADE
NSW1,2010/10/21 14:30,9180.94,24.3,TRADE
NSW1,2010/10/21 15:00,9192.78,24.19,TRADE
NSW1,2010/10/21 15:30,9219.17,24.44,TRADE
NSW1,2010/10/21 16:00,9171.12,24.89,TRADE
NSW1,2010/10/21 16:30,9208.3,25.26,TRADE
NSW1,2010/10/21 17:00,9203.63,25.48,TRADE
NSW1,2010/10/21 17:30,8923.89,24.65,TRADE
NSW1,2010/10/21 18:00,9075.84,25.49,TRADE
NSW1,2010/10/21 18:30,9132.08,25.5,TRADE
NSW1,2010/10/21 19:00,9233.79,25.51,TRADE
NSW1,2010/10/21 19:30,9186.57,25.48,TRADE
NSW1,2010/10/21 20:00,8976.9,25.46,TRADE
NSW1,2010/10/21 20:30,8648.61,24.7,TRADE
NSW1,2010/10/21 21:00,8349.23,23.21,TRADE
NSW1,2010/10/21 21:30,8324.76,22.96,TRADE
NSW1,2010/10/21 22:00,8191.22,22.39,TRADE
NSW1,2010/10/21 22:30,8185.92,26,TRADE
NSW1,2010/10/21 23:00,8066.97,26.13,TRADE
NSW1,2010/10/21 23:30,7858.38,24.27,TRADE
NSW1,2010/10/22 0:00,7759.62,22.59,TRADE
NSW1,2010/10/22 0:30,7622.94,21.9,TRADE
NSW1,2010/10/22 1:00,7431.87,21.84,TRADE
NSW1,2010/10/22 1:30,7143.73,24.08,TRADE
NSW1,2010/10/22 2:00,6879.43,24.52,TRADE
NSW1,2010/10/22 2:30,6615.98,21.68,TRADE
NSW1,2010/10/22 3:00,6551.09,21.25,TRADE
NSW1,2010/10/22 3:30,6497.19,21.57,TRADE
NSW1,2010/10/22 4:00,6525.76,21.38,TRADE
NSW1,2010/10/22 4:30,6774.65,25.29,TRADE
NSW1,2010/10/22 5:00,7068.33,24.92,TRADE
NSW1,2010/10/22 5:30,7629.32,24.14,TRADE
NSW1,2010/10/22 6:00,8190.97,23.52,TRADE
NSW1,2010/10/22 6:30,8571.32,24.86,TRADE
NSW1,2010/10/22 7:00,8918.41,25.16,TRADE
NSW1,2010/10/22 7:30,9043.99,21.82,TRADE
NSW1,2010/10/22 8:00,9105.99,22.92,TRADE
NSW1,2010/10/22 8:30,9277.15,24.79,TRADE
NSW1,2010/10/22 9:00,9384.42,25.17,TRADE
NSW1,2010/10/22 9:30,9467.29,25.91,TRADE
NSW1,2010/10/22 10:00,9460.37,25.64,TRADE
NSW1,2010/10/22 10:30,9457.66,25.79,TRADE
NSW1,2010/10/22 11:00,9408.07,26.55,TRADE
NSW1,2010/10/22 11:30,9412,25.93,TRADE
NSW1,2010/10/22 12:00,9427.3,25.31,TRADE
NSW1,2010/10/22 12:30,9356.58,25.5,TRADE
NSW1,2010/10/22 13:00,9255.34,26.59,TRADE
NSW1,2010/10/22 13:30,9314.17,27.78,TRADE
NSW1,2010/10/22 14:00,9236.45,25.49,TRADE
NSW1,2010/10/22 14:30,9269.43,21.44,TRADE
NSW1,2010/10/22 15:00,9181.8,23.13,TRADE
NSW1,2010/10/22 15:30,9194.21,23.83,TRADE
NSW1,2010/10/22 16:00,9160.08,24.19,TRADE
NSW1,2010/10/22 16:30,9097.51,24.77,TRADE
NSW1,2010/10/22 17:00,8991.62,23.61,TRADE
NSW1,2010/10/22 17:30,8743.57,22.24,TRADE
NSW1,2010/10/22 18:00,8694.34,22.03,TRADE
NSW1,2010/10/22 18:30,8665.17,21.99,TRADE
NSW1,2010/10/22 19:00,8797.73,22.69,TRADE
NSW1,2010/10/22 19:30,8762.91,22.55,TRADE
NSW1,2010/10/22 20:00,8641.75,22.06,TRADE
NSW1,2010/10/22 20:30,8406.5,20.93,TRADE
NSW1,2010/10/22 21:00,8196.76,20.45,TRADE
NSW1,2010/10/22 21:30,8215.87,19.89,TRADE
NSW1,2010/10/22 22:00,8149.57,19.4,TRADE
NSW1,2010/10/22 22:30,8195.01,23.94,TRADE
NSW1,2010/10/22 23:00,8047,21.15,TRADE
NSW1,2010/10/22 23:30,7815.84,24.73,TRADE
NSW1,2010/10/23 0:00,7739.04,25.05,TRADE
NSW1,2010/10/23 0:30,7586.6,24.41,TRADE
NSW1,2010/10/23 1:00,7318.97,22.62,TRADE
NSW1,2010/10/23 1:30,7008.22,21.68,TRADE
NSW1,2010/10/23 2:00,6691.92,20.99,TRADE
NSW1,2010/10/23 2:30,6526.06,23.23,TRADE
NSW1,2010/10/23 3:00,6348.11,19.1,TRADE
NSW1,2010/10/23 3:30,6322.06,20.76,TRADE
NSW1,2010/10/23 4:00,6295.86,19.94,TRADE
NSW1,2010/10/23 4:30,6366.61,20.07,TRADE
NSW1,2010/10/23 5:00,6520.78,21.35,TRADE
NSW1,2010/10/23 5:30,6632.95,19.92,TRADE
NSW1,2010/10/23 6:00,6902.89,21.5,TRADE
NSW1,2010/10/23 6:30,7234.83,24.87,TRADE
NSW1,2010/10/23 7:00,7613.96,24.49,TRADE
NSW1,2010/10/23 7:30,7994.34,25.56,TRADE
NSW1,2010/10/23 8:00,8270.13,25.52,TRADE
NSW1,2010/10/23 8:30,8540.38,25.26,TRADE
NSW1,2010/10/23 9:00,8523.95,25.21,TRADE
NSW1,2010/10/23 9:30,8639.07,25.45,TRADE
NSW1,2010/10/23 10:00,8593.8,25.49,TRADE
NSW1,2010/10/23 10:30,8529.15,25.41,TRADE
NSW1,2010/10/23 11:00,8517.13,25.47,TRADE
NSW1,2010/10/23 11:30,8487.76,25.42,TRADE
NSW1,2010/10/23 12:00,8481.81,25.45,TRADE
NSW1,2010/10/23 12:30,8402.47,24.93,TRADE
NSW1,2010/10/23 13:00,8318.46,24.57,TRADE
NSW1,2010/10/23 13:30,8270.46,24.25,TRADE
NSW1,2010/10/23 14:00,8151.75,22.8,TRADE
NSW1,2010/10/23 14:30,8162.02,22.88,TRADE
NSW1,2010/10/23 15:00,8142.22,22.67,TRADE
NSW1,2010/10/23 15:30,8151.53,23.89,TRADE
NSW1,2010/10/23 16:00,8111.25,23.02,TRADE
NSW1,2010/10/23 16:30,8150.2,23.26,TRADE
NSW1,2010/10/23 17:00,8222.67,24.83,TRADE
NSW1,2010/10/23 17:30,8277.56,25.05,TRADE
NSW1,2010/10/23 18:00,8283.82,25.25,TRADE
NSW1,2010/10/23 18:30,8295.12,24.06,TRADE
NSW1,2010/10/23 19:00,8352.08,25,TRADE
NSW1,2010/10/23 19:30,8266.63,24.95,TRADE
NSW1,2010/10/23 20:00,8149,24.79,TRADE
NSW1,2010/10/23 20:30,7969.28,24.23,TRADE
NSW1,2010/10/23 21:00,7836.64,24.37,TRADE
NSW1,2010/10/23 21:30,7778.94,24.29,TRADE
NSW1,2010/10/23 22:00,7725.68,24.02,TRADE
NSW1,2010/10/23 22:30,7662.99,25.03,TRADE
NSW1,2010/10/23 23:00,7457.57,23.2,TRADE
NSW1,2010/10/23 23:30,7286.22,23.41,TRADE
NSW1,2010/10/24 0:00,7193.51,24.87,TRADE
NSW1,2010/10/24 0:30,7066.18,23.1,TRADE
NSW1,2010/10/24 1:00,6934.34,22.27,TRADE
NSW1,2010/10/24 1:30,6694.28,21.94,TRADE
NSW1,2010/10/24 2:00,6466.92,22.16,TRADE
NSW1,2010/10/24 2:30,6281.31,21.15,TRADE
NSW1,2010/10/24 3:00,6224.47,20.78,TRADE
NSW1,2010/10/24 3:30,6135.43,19.57,TRADE
NSW1,2010/10/24 4:00,6172.67,20.08,TRADE
NSW1,2010/10/24 4:30,6195.75,19.9,TRADE
NSW1,2010/10/24 5:00,6198.02,20.68,TRADE
NSW1,2010/10/24 5:30,6331.87,19.96,TRADE
NSW1,2010/10/24 6:00,6416.49,20.75,TRADE
NSW1,2010/10/24 6:30,6705.46,24.4,TRADE
NSW1,2010/10/24 7:00,7038.1,22.96,TRADE
NSW1,2010/10/24 7:30,7475.38,23.11,TRADE
NSW1,2010/10/24 8:00,7776.66,24.39,TRADE
NSW1,2010/10/24 8:30,7791.04,22.26,TRADE
NSW1,2010/10/24 9:00,8154.53,25.3,TRADE
NSW1,2010/10/24 9:30,8341.57,25.48,TRADE
NSW1,2010/10/24 10:00,8454.86,25.5,TRADE
NSW1,2010/10/24 10:30,8478.45,25.46,TRADE
NSW1,2010/10/24 11:00,8460.46,25.41,TRADE
NSW1,2010/10/24 11:30,8459.11,25.49,TRADE
NSW1,2010/10/24 12:00,8381.82,25.45,TRADE
NSW1,2010/10/24 12:30,8360.69,25.4,TRADE
NSW1,2010/10/24 13:00,8272.15,25.22,TRADE
NSW1,2010/10/24 13:30,8203.08,25.19,TRADE
NSW1,2010/10/24 14:00,8097.42,25.19,TRADE
NSW1,2010/10/24 14:30,8171.39,25.25,TRADE
NSW1,2010/10/24 15:00,8215.85,25.19,TRADE
NSW1,2010/10/24 15:30,8273.97,25.4,TRADE
NSW1,2010/10/24 16:00,8398.09,25.49,TRADE
NSW1,2010/10/24 16:30,8431.46,25.5,TRADE
NSW1,2010/10/24 17:00,8621.66,25.56,TRADE
NSW1,2010/10/24 17:30,8767.79,25.5,TRADE
NSW1,2010/10/24 18:00,8782.62,25.57,TRADE
NSW1,2010/10/24 18:30,8801.2,26.33,TRADE
NSW1,2010/10/24 19:00,8860.55,25.6,TRADE
NSW1,2010/10/24 19:30,8751.64,25.49,TRADE
NSW1,2010/10/24 20:00,8584.24,25.74,TRADE
NSW1,2010/10/24 20:30,8350.33,25.4,TRADE
NSW1,2010/10/24 21:00,8142.25,24.62,TRADE
NSW1,2010/10/24 21:30,7939.34,24.57,TRADE
NSW1,2010/10/24 22:00,7796.78,23.28,TRADE
NSW1,2010/10/24 22:30,7761.99,23.82,TRADE
NSW1,2010/10/24 23:00,7548.4,22.41,TRADE
NSW1,2010/10/24 23:30,7370.23,22.43,TRADE
NSW1,2010/10/25 0:00,7172.76,24.16,TRADE
NSW1,2010/10/25 0:30,7112.11,22.13,TRADE
NSW1,2010/10/25 1:00,6960.59,20.67,TRADE
NSW1,2010/10/25 1:30,6756.33,20.08,TRADE
NSW1,2010/10/25 2:00,6579.34,20.36,TRADE
NSW1,2010/10/25 2:30,6414.82,19.25,TRADE
NSW1,2010/10/25 3:00,6353.79,19.39,TRADE
NSW1,2010/10/25 3:30,6317.72,18.4,TRADE
NSW1,2010/10/25 4:00,6405.23,19.87,TRADE
NSW1,2010/10/25 4:30,6656.67,25.33,TRADE
NSW1,2010/10/25 5:00,7015.21,25.38,TRADE
NSW1,2010/10/25 5:30,7683.43,34.82,TRADE
NSW1,2010/10/25 6:00,8304.25,27.59,TRADE
NSW1,2010/10/25 6:30,8791.16,39.59,TRADE
NSW1,2010/10/25 7:00,9233.75,39.5,TRADE
NSW1,2010/10/25 7:30,9335.24,21.35,TRADE
NSW1,2010/10/25 8:00,9293.64,22.59,TRADE
NSW1,2010/10/25 8:30,9413.18,25.15,TRADE
NSW1,2010/10/25 9:00,9531.98,25.49,TRADE
NSW1,2010/10/25 9:30,9529.96,25.3,TRADE
NSW1,2010/10/25 10:00,9518.36,25.49,TRADE
NSW1,2010/10/25 10:30,9452.23,25.27,TRADE
NSW1,2010/10/25 11:00,9401.86,25.04,TRADE
NSW1,2010/10/25 11:30,9358.77,24.66,TRADE
NSW1,2010/10/25 12:00,9254.81,24.45,TRADE
NSW1,2010/10/25 12:30,9274.67,24.78,TRADE
NSW1,2010/10/25 13:00,9237.6,24.65,TRADE
NSW1,2010/10/25 13:30,9163,24.68,TRADE
NSW1,2010/10/25 14:00,9102.06,24.37,TRADE
NSW1,2010/10/25 14:30,9103.32,25.25,TRADE
NSW1,2010/10/25 15:00,9063.79,24.67,TRADE
NSW1,2010/10/25 15:30,9156.12,25.18,TRADE
NSW1,2010/10/25 16:00,9159.19,24.87,TRADE
NSW1,2010/10/25 16:30,9177.7,24.73,TRADE
NSW1,2010/10/25 17:00,9156.26,24.24,TRADE
NSW1,2010/10/25 17:30,9015.35,24.44,TRADE
NSW1,2010/10/25 18:00,9021.76,23.75,TRADE
NSW1,2010/10/25 18:30,9029.27,24.04,TRADE
NSW1,2010/10/25 19:00,9154.75,25.33,TRADE
NSW1,2010/10/25 19:30,9147.38,25.09,TRADE
NSW1,2010/10/25 20:00,8936.28,24.27,TRADE
NSW1,2010/10/25 20:30,8727.72,22.86,TRADE
NSW1,2010/10/25 21:00,8414.66,21.68,TRADE
NSW1,2010/10/25 21:30,8375.59,21.23,TRADE
NSW1,2010/10/25 22:00,8224.47,20.47,TRADE
NSW1,2010/10/25 22:30,8196.1,25.84,TRADE
NSW1,2010/10/25 23:00,8112.92,24.46,TRADE
NSW1,2010/10/25 23:30,7970.26,24.8,TRADE
NSW1,2010/10/26 0:00,7808.86,24.36,TRADE
NSW1,2010/10/26 0:30,7699.61,22.68,TRADE
NSW1,2010/10/26 1:00,7505.98,21.97,TRADE
NSW1,2010/10/26 1:30,7169.09,20.89,TRADE
NSW1,2010/10/26 2:00,6913.66,19.73,TRADE
NSW1,2010/10/26 2:30,6665.47,19.48,TRADE
NSW1,2010/10/26 3:00,6565.56,17.34,TRADE
NSW1,2010/10/26 3:30,6518.59,14.85,TRADE
NSW1,2010/10/26 4:00,6566.55,15.49,TRADE
NSW1,2010/10/26 4:30,6822.11,19.44,TRADE
NSW1,2010/10/26 5:00,7192.28,19.58,TRADE
NSW1,2010/10/26 5:30,7739.61,24.61,TRADE
NSW1,2010/10/26 6:00,8368.81,25.47,TRADE
NSW1,2010/10/26 6:30,8704.75,25.17,TRADE
NSW1,2010/10/26 7:00,9054.64,25.5,TRADE
NSW1,2010/10/26 7:30,9062.89,16.83,TRADE
NSW1,2010/10/26 8:00,9139.31,21.35,TRADE
NSW1,2010/10/26 8:30,9257.09,22.71,TRADE
NSW1,2010/10/26 9:00,9289.41,22.94,TRADE
NSW1,2010/10/26 9:30,9331.8,23.3,TRADE
NSW1,2010/10/26 10:00,9288.08,22.65,TRADE
NSW1,2010/10/26 10:30,9292.14,24.45,TRADE
NSW1,2010/10/26 11:00,9277.14,23.74,TRADE
NSW1,2010/10/26 11:30,9219.67,22.06,TRADE
NSW1,2010/10/26 12:00,9209.53,23.29,TRADE
NSW1,2010/10/26 12:30,9210.34,23.08,TRADE
NSW1,2010/10/26 13:00,9207.62,23.41,TRADE
NSW1,2010/10/26 13:30,9209.5,25.31,TRADE
NSW1,2010/10/26 14:00,9196.3,25.33,TRADE
NSW1,2010/10/26 14:30,9053.35,25.13,TRADE
NSW1,2010/10/26 15:00,9138.65,25.23,TRADE
NSW1,2010/10/26 15:30,9235.29,24.16,TRADE
NSW1,2010/10/26 16:00,9287.31,24.62,TRADE
NSW1,2010/10/26 16:30,9209.7,24.87,TRADE
NSW1,2010/10/26 17:00,9192.45,24.33,TRADE
NSW1,2010/10/26 17:30,8971.57,21.93,TRADE
NSW1,2010/10/26 18:00,8923.51,21.94,TRADE
NSW1,2010/10/26 18:30,8866.62,22.75,TRADE
NSW1,2010/10/26 19:00,9005.89,25.1,TRADE
NSW1,2010/10/26 19:30,8962.86,24.56,TRADE
NSW1,2010/10/26 20:00,8773.22,23.28,TRADE
NSW1,2010/10/26 20:30,8508,21.45,TRADE
NSW1,2010/10/26 21:00,8281.52,20.37,TRADE
NSW1,2010/10/26 21:30,8306.68,20.63,TRADE
NSW1,2010/10/26 22:00,8108.34,19.88,TRADE
NSW1,2010/10/26 22:30,8163.34,24.3,TRADE
NSW1,2010/10/26 23:00,8030.07,23.48,TRADE
NSW1,2010/10/26 23:30,7924.6,23.9,TRADE
NSW1,2010/10/27 0:00,7836.53,22.78,TRADE
NSW1,2010/10/27 0:30,7732.64,21.41,TRADE
NSW1,2010/10/27 1:00,7489.5,19.98,TRADE
NSW1,2010/10/27 1:30,7180.08,19.54,TRADE
NSW1,2010/10/27 2:00,6900.89,19.26,TRADE
NSW1,2010/10/27 2:30,6639.85,18.96,TRADE
NSW1,2010/10/27 3:00,6551.66,18.08,TRADE
NSW1,2010/10/27 3:30,6512.94,15.88,TRADE
NSW1,2010/10/27 4:00,6545.67,17.72,TRADE
NSW1,2010/10/27 4:30,6807.37,16.18,TRADE
NSW1,2010/10/27 5:00,7108.42,23.58,TRADE
NSW1,2010/10/27 5:30,7662.46,25.33,TRADE
NSW1,2010/10/27 6:00,8299.9,22.57,TRADE
NSW1,2010/10/27 6:30,8637.28,21.84,TRADE
NSW1,2010/10/27 7:00,9000.9,25.03,TRADE
NSW1,2010/10/27 7:30,9085.06,18.73,TRADE
NSW1,2010/10/27 8:00,9130.31,20.93,TRADE
NSW1,2010/10/27 8:30,9281.61,21.43,TRADE
NSW1,2010/10/27 9:00,9394.19,21.2,TRADE
NSW1,2010/10/27 9:30,9387.83,20.76,TRADE
NSW1,2010/10/27 10:00,9419.44,20.59,TRADE
NSW1,2010/10/27 10:30,9415.16,20.48,TRADE
NSW1,2010/10/27 11:00,9334.64,20.93,TRADE
NSW1,2010/10/27 11:30,9307.35,20.83,TRADE
NSW1,2010/10/27 12:00,9319.83,20.86,TRADE
NSW1,2010/10/27 12:30,9315.84,20.94,TRADE
NSW1,2010/10/27 13:00,9251.55,20.35,TRADE
NSW1,2010/10/27 13:30,9257.06,20.64,TRADE
NSW1,2010/10/27 14:00,9235.99,21.62,TRADE
NSW1,2010/10/27 14:30,9166.29,22.08,TRADE
NSW1,2010/10/27 15:00,9181.11,22.23,TRADE
NSW1,2010/10/27 15:30,9196.65,22.1,TRADE
NSW1,2010/10/27 16:00,9191.21,22.18,TRADE
NSW1,2010/10/27 16:30,9137.57,22.84,TRADE
NSW1,2010/10/27 17:00,9113.41,22.52,TRADE
NSW1,2010/10/27 17:30,8945.31,22.53,TRADE
NSW1,2010/10/27 18:00,8975.87,21.82,TRADE
NSW1,2010/10/27 18:30,9001.28,22.21,TRADE
NSW1,2010/10/27 19:00,9027.44,25.04,TRADE
NSW1,2010/10/27 19:30,8890.44,23.19,TRADE
NSW1,2010/10/27 20:00,8704.03,21.46,TRADE
NSW1,2010/10/27 20:30,8479.06,21.22,TRADE
NSW1,2010/10/27 21:00,8236.8,20.22,TRADE
NSW1,2010/10/27 21:30,8233.21,20.28,TRADE
NSW1,2010/10/27 22:00,8087.61,19.48,TRADE
NSW1,2010/10/27 22:30,8080.26,21.53,TRADE
NSW1,2010/10/27 23:00,7947.58,21.87,TRADE
NSW1,2010/10/27 23:30,7788.78,21.59,TRADE
NSW1,2010/10/28 0:00,7652.26,20.46,TRADE
NSW1,2010/10/28 0:30,7551.05,20.17,TRADE
NSW1,2010/10/28 1:00,7400.73,20.03,TRADE
NSW1,2010/10/28 1:30,7071.39,19.02,TRADE
NSW1,2010/10/28 2:00,6792.11,18.9,TRADE
NSW1,2010/10/28 2:30,6560.46,17.02,TRADE
NSW1,2010/10/28 3:00,6441.18,14.33,TRADE
NSW1,2010/10/28 3:30,6389.91,14.83,TRADE
NSW1,2010/10/28 4:00,6421.83,13.55,TRADE
NSW1,2010/10/28 4:30,6693.89,18.4,TRADE
NSW1,2010/10/28 5:00,7051.62,22.3,TRADE
NSW1,2010/10/28 5:30,7640.98,25.04,TRADE
NSW1,2010/10/28 6:00,8248.21,25.65,TRADE
NSW1,2010/10/28 6:30,8640.7,24.02,TRADE
NSW1,2010/10/28 7:00,9018.46,25.49,TRADE
NSW1,2010/10/28 7:30,9088.12,20.82,TRADE
NSW1,2010/10/28 8:00,9102.74,22.15,TRADE
NSW1,2010/10/28 8:30,9234.48,22.28,TRADE
NSW1,2010/10/28 9:00,9299.67,21.46,TRADE
NSW1,2010/10/28 9:30,9328.05,23,TRADE
NSW1,2010/10/28 10:00,9380.73,22.8,TRADE
NSW1,2010/10/28 10:30,9335.86,21.8,TRADE
NSW1,2010/10/28 11:00,9259.42,21.78,TRADE
NSW1,2010/10/28 11:30,9166.12,21.34,TRADE
NSW1,2010/10/28 12:00,9190.52,20.81,TRADE
NSW1,2010/10/28 12:30,9200.81,20.9,TRADE
NSW1,2010/10/28 13:00,9177.05,21.28,TRADE
NSW1,2010/10/28 13:30,9178.26,21.11,TRADE
NSW1,2010/10/28 14:00,9177.92,20.85,TRADE
NSW1,2010/10/28 14:30,9094.09,18.97,TRADE
NSW1,2010/10/28 15:00,9104.65,19.94,TRADE
NSW1,2010/10/28 15:30,9108.85,19.6,TRADE
NSW1,2010/10/28 16:00,9097.9,20.03,TRADE
NSW1,2010/10/28 16:30,9095.65,22.44,TRADE
NSW1,2010/10/28 17:00,9120.25,22.32,TRADE
NSW1,2010/10/28 17:30,8935.7,20.71,TRADE
NSW1,2010/10/28 18:00,8973.74,20.74,TRADE
NSW1,2010/10/28 18:30,8942.37,20.66,TRADE
NSW1,2010/10/28 19:00,9081.81,22.35,TRADE
NSW1,2010/10/28 19:30,8996.93,21.62,TRADE
NSW1,2010/10/28 20:00,8828.53,20.91,TRADE
NSW1,2010/10/28 20:30,8553.36,20.04,TRADE
NSW1,2010/10/28 21:00,8240.49,18.45,TRADE
NSW1,2010/10/28 21:30,8267.2,18.36,TRADE
NSW1,2010/10/28 22:00,8097.77,16.74,TRADE
NSW1,2010/10/28 22:30,8055.2,18.28,TRADE
NSW1,2010/10/28 23:00,7960.2,18.77,TRADE
NSW1,2010/10/28 23:30,7811.9,19.92,TRADE
NSW1,2010/10/29 0:00,7703.95,19.19,TRADE
NSW1,2010/10/29 0:30,7596.77,18.93,TRADE
NSW1,2010/10/29 1:00,7345.21,18.28,TRADE
NSW1,2010/10/29 1:30,7062.57,17.81,TRADE
NSW1,2010/10/29 2:00,6747.12,17.9,TRADE
NSW1,2010/10/29 2:30,6574.1,15.96,TRADE
NSW1,2010/10/29 3:00,6429.21,12.82,TRADE
NSW1,2010/10/29 3:30,6407.86,12.82,TRADE
NSW1,2010/10/29 4:00,6444.73,13.94,TRADE
NSW1,2010/10/29 4:30,6677.46,17.69,TRADE
NSW1,2010/10/29 5:00,7008.77,21.18,TRADE
NSW1,2010/10/29 5:30,7577.58,24.9,TRADE
NSW1,2010/10/29 6:00,8201.42,23.69,TRADE
NSW1,2010/10/29 6:30,8547.16,22.1,TRADE
NSW1,2010/10/29 7:00,8959.01,23.49,TRADE
NSW1,2010/10/29 7:30,9105.92,19.67,TRADE
NSW1,2010/10/29 8:00,9178.82,20.12,TRADE
NSW1,2010/10/29 8:30,9270.69,20.6,TRADE
NSW1,2010/10/29 9:00,9280.9,20.63,TRADE
NSW1,2010/10/29 9:30,9389.8,21.55,TRADE
NSW1,2010/10/29 10:00,9482.31,21.54,TRADE
NSW1,2010/10/29 10:30,9449.31,20.76,TRADE
NSW1,2010/10/29 11:00,9158.72,20.08,TRADE
NSW1,2010/10/29 11:30,9013.9,20.13,TRADE
NSW1,2010/10/29 12:00,9050.05,20.51,TRADE
NSW1,2010/10/29 12:30,8979.09,20,TRADE
NSW1,2010/10/29 13:00,8973.12,20.09,TRADE
NSW1,2010/10/29 13:30,8989.07,20.75,TRADE
NSW1,2010/10/29 14:00,9190.32,21.9,TRADE
NSW1,2010/10/29 14:30,9199.36,21.88,TRADE
NSW1,2010/10/29 15:00,9199.53,22.09,TRADE
NSW1,2010/10/29 15:30,9193.13,21.52,TRADE
NSW1,2010/10/29 16:00,9190.46,22,TRADE
NSW1,2010/10/29 16:30,9136.85,21.51,TRADE
NSW1,2010/10/29 17:00,9039.26,20.92,TRADE
NSW1,2010/10/29 17:30,8757.03,19.42,TRADE
NSW1,2010/10/29 18:00,8705.63,19.63,TRADE
NSW1,2010/10/29 18:30,8732.48,19.65,TRADE
NSW1,2010/10/29 19:00,8809.2,20.34,TRADE
NSW1,2010/10/29 19:30,8812.21,19.92,TRADE
NSW1,2010/10/29 20:00,8668.18,19.86,TRADE
NSW1,2010/10/29 20:30,8455.68,19.49,TRADE
NSW1,2010/10/29 21:00,8258.69,19.62,TRADE
NSW1,2010/10/29 21:30,8283.1,19.66,TRADE
NSW1,2010/10/29 22:00,8202.66,18.82,TRADE
NSW1,2010/10/29 22:30,8238.25,22.22,TRADE
NSW1,2010/10/29 23:00,8163.89,20.71,TRADE
NSW1,2010/10/29 23:30,7959.38,20.95,TRADE
NSW1,2010/10/30 0:00,7791.28,19.88,TRADE
NSW1,2010/10/30 0:30,7664.45,19.27,TRADE
NSW1,2010/10/30 1:00,7390.92,18.93,TRADE
NSW1,2010/10/30 1:30,7141.12,19.02,TRADE
NSW1,2010/10/30 2:00,6789.22,18.78,TRADE
NSW1,2010/10/30 2:30,6580.52,20.14,TRADE
NSW1,2010/10/30 3:00,6421.86,18.15,TRADE
NSW1,2010/10/30 3:30,6385.74,18.62,TRADE
NSW1,2010/10/30 4:00,6410.79,18.59,TRADE
NSW1,2010/10/30 4:30,6427.49,20.08,TRADE
NSW1,2010/10/30 5:00,6571.61,20.31,TRADE
NSW1,2010/10/30 5:30,6692.44,23.29,TRADE
NSW1,2010/10/30 6:00,6930.92,20.16,TRADE
NSW1,2010/10/30 6:30,7314.25,21.95,TRADE
NSW1,2010/10/30 7:00,7687.24,20.62,TRADE
NSW1,2010/10/30 7:30,8083.21,20.73,TRADE
NSW1,2010/10/30 8:00,8412.95,20.12,TRADE
NSW1,2010/10/30 8:30,8714.98,21.61,TRADE
NSW1,2010/10/30 9:00,8721.67,22.31,TRADE
NSW1,2010/10/30 9:30,8820.41,22.59,TRADE
NSW1,2010/10/30 10:00,8704.56,21.97,TRADE
NSW1,2010/10/30 10:30,8620.46,21.96,TRADE
NSW1,2010/10/30 11:00,8621,22.15,TRADE
NSW1,2010/10/30 11:30,8488.12,20.58,TRADE
NSW1,2010/10/30 12:00,8457.06,20.2,TRADE
NSW1,2010/10/30 12:30,8447.95,20.22,TRADE
NSW1,2010/10/30 13:00,8343.46,19.22,TRADE
NSW1,2010/10/30 13:30,8300.68,19.52,TRADE
NSW1,2010/10/30 14:00,8292.53,19.83,TRADE
NSW1,2010/10/30 14:30,8288.54,19.74,TRADE
NSW1,2010/10/30 15:00,8330.33,19.67,TRADE
NSW1,2010/10/30 15:30,8336.23,19.43,TRADE
NSW1,2010/10/30 16:00,8400.06,20.48,TRADE
NSW1,2010/10/30 16:30,8282.07,19.9,TRADE
NSW1,2010/10/30 17:00,8313.37,20.45,TRADE
NSW1,2010/10/30 17:30,8254.32,19.7,TRADE
NSW1,2010/10/30 18:00,8247.9,19.62,TRADE
NSW1,2010/10/30 18:30,8289.01,20.59,TRADE
NSW1,2010/10/30 19:00,8363.42,22.06,TRADE
NSW1,2010/10/30 19:30,8279.11,21.71,TRADE
NSW1,2010/10/30 20:00,8081.98,20.39,TRADE
NSW1,2010/10/30 20:30,7977.03,20.39,TRADE
NSW1,2010/10/30 21:00,7815.12,19.38,TRADE
NSW1,2010/10/30 21:30,7789.98,18.93,TRADE
NSW1,2010/10/30 22:00,7716.34,18.72,TRADE
NSW1,2010/10/30 22:30,7662,19.42,TRADE
NSW1,2010/10/30 23:00,7452.34,19.15,TRADE
NSW1,2010/10/30 23:30,7256.24,20.96,TRADE
NSW1,2010/10/31 0:00,7064.28,21.68,TRADE
NSW1,2010/10/31 0:30,6892.88,17.72,TRADE
NSW1,2010/10/31 1:00,6752.93,12.81,TRADE
NSW1,2010/10/31 1:30,6513.51,12.33,TRADE
NSW1,2010/10/31 2:00,6306.42,10.73,TRADE
NSW1,2010/10/31 2:30,6127.8,7.98,TRADE
NSW1,2010/10/31 3:00,6068.16,2.96,TRADE
NSW1,2010/10/31 3:30,6067.78,3.34,TRADE
NSW1,2010/10/31 4:00,6050.65,0,TRADE
NSW1,2010/10/31 4:30,6091.35,1.78,TRADE
NSW1,2010/10/31 5:00,6123.92,8.92,TRADE
NSW1,2010/10/31 5:30,6183.92,5.55,TRADE
NSW1,2010/10/31 6:00,6355.69,13.4,TRADE
NSW1,2010/10/31 6:30,6530.32,14.93,TRADE
NSW1,2010/10/31 7:00,6894.72,18.04,TRADE
NSW1,2010/10/31 7:30,7279.37,19.73,TRADE
NSW1,2010/10/31 8:00,7616.4,19.79,TRADE
NSW1,2010/10/31 8:30,7896.84,19.94,TRADE
NSW1,2010/10/31 9:00,8151.57,20.64,TRADE
NSW1,2010/10/31 9:30,8262.28,20.84,TRADE
NSW1,2010/10/31 10:00,8307.69,21.22,TRADE
NSW1,2010/10/31 10:30,8294.19,20.77,TRADE
NSW1,2010/10/31 11:00,8272.02,20.41,TRADE
NSW1,2010/10/31 11:30,8255.42,20.2,TRADE
NSW1,2010/10/31 12:00,8177.33,20.01,TRADE
NSW1,2010/10/31 12:30,8112.95,19.53,TRADE
NSW1,2010/10/31 13:00,8070.74,19.1,TRADE
NSW1,2010/10/31 13:30,8032,19.44,TRADE
NSW1,2010/10/31 14:00,8051.82,19.22,TRADE
NSW1,2010/10/31 14:30,8005.55,19.4,TRADE
NSW1,2010/10/31 15:00,8113.98,19.88,TRADE
NSW1,2010/10/31 15:30,8112.64,19.81,TRADE
NSW1,2010/10/31 16:00,8149.29,19.59,TRADE
NSW1,2010/10/31 16:30,8081.7,19.85,TRADE
NSW1,2010/10/31 17:00,8223.9,20.69,TRADE
NSW1,2010/10/31 17:30,8301.46,20.66,TRADE
NSW1,2010/10/31 18:00,8336.49,20.59,TRADE
NSW1,2010/10/31 18:30,8310.48,20.98,TRADE
NSW1,2010/10/31 19:00,8502.65,23.45,TRADE
NSW1,2010/10/31 19:30,8539.54,25.19,TRADE
NSW1,2010/10/31 20:00,8472.54,25.11,TRADE
NSW1,2010/10/31 20:30,8294.78,23.9,TRADE
NSW1,2010/10/31 21:00,8002.86,22.65,TRADE
NSW1,2010/10/31 21:30,7929.79,21.72,TRADE
NSW1,2010/10/31 22:00,7771.69,19.43,TRADE
NSW1,2010/10/31 22:30,7686.54,19.6,TRADE
NSW1,2010/10/31 23:00,7432.4,19.01,TRADE
NSW1,2010/10/31 23:30,7233.48,19.52,TRADE
NSW1,2010/11/1 0:00,7116.07,20.96,TRADE
?NSW1,2010/11/1 0:30,7023.8,17.94,TRADE
NSW1,2010/11/1 1:00,6878.48,20.04,TRADE
NSW1,2010/11/1 1:30,6652.92,20.5,TRADE
NSW1,2010/11/1 2:00,6415,14.75,TRADE
NSW1,2010/11/1 2:30,6368.08,19.05,TRADE
NSW1,2010/11/1 3:00,6281.87,16.92,TRADE
NSW1,2010/11/1 3:30,6273.58,16.38,TRADE
NSW1,2010/11/1 4:00,6400.9,19.17,TRADE
NSW1,2010/11/1 4:30,6604.8,20.86,TRADE
NSW1,2010/11/1 5:00,6979.43,20.83,TRADE
NSW1,2010/11/1 5:30,7526.51,23.24,TRADE
NSW1,2010/11/1 6:00,8151.64,22.33,TRADE
NSW1,2010/11/1 6:30,8499.45,24.37,TRADE
NSW1,2010/11/1 7:00,8918.12,25.36,TRADE
NSW1,2010/11/1 7:30,9095.97,20.79,TRADE
NSW1,2010/11/1 8:00,9194.49,20.31,TRADE
NSW1,2010/11/1 8:30,9387.34,21.75,TRADE
NSW1,2010/11/1 9:00,9475.39,22.22,TRADE
NSW1,2010/11/1 9:30,9516.34,21.96,TRADE
NSW1,2010/11/1 10:00,9545.68,21.26,TRADE
NSW1,2010/11/1 10:30,9459.76,20.45,TRADE
NSW1,2010/11/1 11:00,9463.35,20.64,TRADE
NSW1,2010/11/1 11:30,9361.44,20.46,TRADE
NSW1,2010/11/1 12:00,9208.69,20.37,TRADE
NSW1,2010/11/1 12:30,9274.05,23.03,TRADE
NSW1,2010/11/1 13:00,9329.02,23.91,TRADE
NSW1,2010/11/1 13:30,9247.31,19.45,TRADE
NSW1,2010/11/1 14:00,9170.94,20.07,TRADE
NSW1,2010/11/1 14:30,9109.72,20.67,TRADE
NSW1,2010/11/1 15:00,9198.29,20.57,TRADE
NSW1,2010/11/1 15:30,9277.3,20.5,TRADE
NSW1,2010/11/1 16:00,9393.95,21.77,TRADE
NSW1,2010/11/1 16:30,9493.5,22.14,TRADE
NSW1,2010/11/1 17:00,9559.92,22.36,TRADE
NSW1,2010/11/1 17:30,9475.2,21.24,TRADE
NSW1,2010/11/1 18:00,9414.3,20.9,TRADE
NSW1,2010/11/1 18:30,9300.03,20.6,TRADE
NSW1,2010/11/1 19:00,9211.07,21.92,TRADE
NSW1,2010/11/1 19:30,9013.36,20.73,TRADE
NSW1,2010/11/1 20:00,8816.43,19.96,TRADE
NSW1,2010/11/1 20:30,8466.38,19.62,TRADE
NSW1,2010/11/1 21:00,8234.49,19.3,TRADE
NSW1,2010/11/1 21:30,8274.47,19.5,TRADE
NSW1,2010/11/1 22:00,8122.91,18.74,TRADE
NSW1,2010/11/1 22:30,8122.73,22.38,TRADE
NSW1,2010/11/1 23:00,8020.09,19.79,TRADE
NSW1,2010/11/1 23:30,7916.48,20.16,TRADE
NSW1,2010/11/2 0:00,7787.33,19.55,TRADE
NSW1,2010/11/2 0:30,7593.86,20.45,TRADE
NSW1,2010/11/2 1:00,7399.73,24.39,TRADE
NSW1,2010/11/2 1:30,7109.7,24.27,TRADE
NSW1,2010/11/2 2:00,6826.91,20.06,TRADE
NSW1,2010/11/2 2:30,6577.29,14.8,TRADE
NSW1,2010/11/2 3:00,6475.83,13.9,TRADE
NSW1,2010/11/2 3:30,6423.01,13.65,TRADE
NSW1,2010/11/2 4:00,6474.8,15.15,TRADE
NSW1,2010/11/2 4:30,6733.86,17.29,TRADE
NSW1,2010/11/2 5:00,7086.07,20.24,TRADE
NSW1,2010/11/2 5:30,7710.36,23.53,TRADE
NSW1,2010/11/2 6:00,8349.96,21.62,TRADE
NSW1,2010/11/2 6:30,8713.41,22.95,TRADE
NSW1,2010/11/2 7:00,9119.37,25.11,TRADE
NSW1,2010/11/2 7:30,9168.66,20.68,TRADE
NSW1,2010/11/2 8:00,9214.4,22.14,TRADE
NSW1,2010/11/2 8:30,9277.09,25.94,TRADE
NSW1,2010/11/2 9:00,9361.04,25.5,TRADE
NSW1,2010/11/2 9:30,9432.07,25.42,TRADE
NSW1,2010/11/2 10:00,9375.67,25.84,TRADE
NSW1,2010/11/2 10:30,9279.19,26.49,TRADE
NSW1,2010/11/2 11:00,9240.09,25.31,TRADE
NSW1,2010/11/2 11:30,9139.6,25.28,TRADE
NSW1,2010/11/2 12:00,8996.41,25.25,TRADE
NSW1,2010/11/2 12:30,8900.53,25.37,TRADE
NSW1,2010/11/2 13:00,8875.11,25.19,TRADE
NSW1,2010/11/2 13:30,8845.58,25.39,TRADE
NSW1,2010/11/2 14:00,8739.38,25.25,TRADE
NSW1,2010/11/2 14:30,8579.21,24.76,TRADE
NSW1,2010/11/2 15:00,8756.12,25.36,TRADE
NSW1,2010/11/2 15:30,8792.16,25.37,TRADE
NSW1,2010/11/2 16:00,8834.68,25.4,TRADE
NSW1,2010/11/2 16:30,8877.52,25.41,TRADE
NSW1,2010/11/2 17:00,8914.19,25.38,TRADE
NSW1,2010/11/2 17:30,8791.11,24.39,TRADE
NSW1,2010/11/2 18:00,8800.2,25.16,TRADE
NSW1,2010/11/2 18:30,8800.43,24.59,TRADE
NSW1,2010/11/2 19:00,8920.21,25.47,TRADE
NSW1,2010/11/2 19:30,8928.24,25.32,TRADE
NSW1,2010/11/2 20:00,8762.43,24.99,TRADE
NSW1,2010/11/2 20:30,8483.47,24.67,TRADE
NSW1,2010/11/2 21:00,8235.88,22.8,TRADE
NSW1,2010/11/2 21:30,8208.41,21.99,TRADE
NSW1,2010/11/2 22:00,8077.99,21.34,TRADE
NSW1,2010/11/2 22:30,8102.67,24.85,TRADE
NSW1,2010/11/2 23:00,7976.04,24.69,TRADE
NSW1,2010/11/2 23:30,7890.84,24.67,TRADE
NSW1,2010/11/3 0:00,7800.91,24.93,TRADE
NSW1,2010/11/3 0:30,7652.09,23.26,TRADE
NSW1,2010/11/3 1:00,7447.8,24.79,TRADE
NSW1,2010/11/3 1:30,7132.81,25.08,TRADE
NSW1,2010/11/3 2:00,6823.17,24.24,TRADE
NSW1,2010/11/3 2:30,6602.27,19.59,TRADE
NSW1,2010/11/3 3:00,6473.91,19.17,TRADE
NSW1,2010/11/3 3:30,6469.58,19.49,TRADE
NSW1,2010/11/3 4:00,6520.02,19.7,TRADE
NSW1,2010/11/3 4:30,6760.63,23.2,TRADE
NSW1,2010/11/3 5:00,7021.78,24.64,TRADE
NSW1,2010/11/3 5:30,7619.97,25.44,TRADE
NSW1,2010/11/3 6:00,8258.32,25.5,TRADE
NSW1,2010/11/3 6:30,8576.42,24.49,TRADE
NSW1,2010/11/3 7:00,8927.13,26.75,TRADE
NSW1,2010/11/3 7:30,8900.83,19.71,TRADE
NSW1,2010/11/3 8:00,8944.78,21.95,TRADE
NSW1,2010/11/3 8:30,9023.74,24.55,TRADE
NSW1,2010/11/3 9:00,9079.68,24.37,TRADE
NSW1,2010/11/3 9:30,9071.5,23.33,TRADE
NSW1,2010/11/3 10:00,9088.94,22.9,TRADE
NSW1,2010/11/3 10:30,9031.33,22.82,TRADE
NSW1,2010/11/3 11:00,9016.86,22.65,TRADE
NSW1,2010/11/3 11:30,8990.47,21.88,TRADE
NSW1,2010/11/3 12:00,8886.54,21.73,TRADE
NSW1,2010/11/3 12:30,8876.13,23.18,TRADE
NSW1,2010/11/3 13:00,8941.5,23.67,TRADE
NSW1,2010/11/3 13:30,8969.8,23.97,TRADE
NSW1,2010/11/3 14:00,8976.31,24.16,TRADE
NSW1,2010/11/3 14:30,8890.72,23.41,TRADE
NSW1,2010/11/3 15:00,8876.5,23.61,TRADE
NSW1,2010/11/3 15:30,8913.71,23.52,TRADE
NSW1,2010/11/3 16:00,8932.18,24.28,TRADE
NSW1,2010/11/3 16:30,8900.63,24,TRADE
NSW1,2010/11/3 17:00,8896.22,24.06,TRADE
NSW1,2010/11/3 17:30,8800.94,22.22,TRADE
NSW1,2010/11/3 18:00,8852.9,22.88,TRADE
NSW1,2010/11/3 18:30,8879.51,22.33,TRADE
NSW1,2010/11/3 19:00,8987.12,24.96,TRADE
NSW1,2010/11/3 19:30,8912.6,24.78,TRADE
NSW1,2010/11/3 20:00,8762.61,23.41,TRADE
NSW1,2010/11/3 20:30,8563.04,21.83,TRADE
NSW1,2010/11/3 21:00,8305.8,20.34,TRADE
NSW1,2010/11/3 21:30,8285.14,20.08,TRADE
NSW1,2010/11/3 22:00,8133.25,19.99,TRADE
NSW1,2010/11/3 22:30,8132.35,22.25,TRADE
NSW1,2010/11/3 23:00,8046.54,21.72,TRADE
NSW1,2010/11/3 23:30,7913.71,22.62,TRADE
NSW1,2010/11/4 0:00,7794.35,24.34,TRADE
NSW1,2010/11/4 0:30,7619.99,22.8,TRADE
NSW1,2010/11/4 1:00,7393.5,24.39,TRADE
NSW1,2010/11/4 1:30,7118.02,25.06,TRADE
NSW1,2010/11/4 2:00,6854.24,23.4,TRADE
NSW1,2010/11/4 2:30,6601.34,20.15,TRADE
NSW1,2010/11/4 3:00,6439.86,19.01,TRADE
NSW1,2010/11/4 3:30,6418.14,19.28,TRADE
NSW1,2010/11/4 4:00,6463.53,18.44,TRADE
NSW1,2010/11/4 4:30,6652.2,20.06,TRADE
NSW1,2010/11/4 5:00,7018.87,22.48,TRADE
NSW1,2010/11/4 5:30,7580.98,24.78,TRADE
NSW1,2010/11/4 6:00,8157.48,21.72,TRADE
NSW1,2010/11/4 6:30,8561.8,24.29,TRADE
NSW1,2010/11/4 7:00,8963.39,25.46,TRADE
NSW1,2010/11/4 7:30,9061.61,23.73,TRADE
NSW1,2010/11/4 8:00,9060.38,25.33,TRADE
NSW1,2010/11/4 8:30,9172.83,25.82,TRADE
NSW1,2010/11/4 9:00,9215.6,25.42,TRADE
NSW1,2010/11/4 9:30,9270.65,24.26,TRADE
NSW1,2010/11/4 10:00,9277.25,23.73,TRADE
NSW1,2010/11/4 10:30,9203.45,22.05,TRADE
NSW1,2010/11/4 11:00,9169.63,23.03,TRADE
NSW1,2010/11/4 11:30,9037.94,21.84,TRADE
NSW1,2010/11/4 12:00,8984.15,21.53,TRADE
NSW1,2010/11/4 12:30,9000.73,22.57,TRADE
NSW1,2010/11/4 13:00,8961.98,22.07,TRADE
NSW1,2010/11/4 13:30,8923.96,22.83,TRADE
NSW1,2010/11/4 14:00,8905.88,22.64,TRADE
NSW1,2010/11/4 14:30,8850.3,21.82,TRADE
NSW1,2010/11/4 15:00,8804.39,21.07,TRADE
NSW1,2010/11/4 15:30,8854.27,21.83,TRADE
NSW1,2010/11/4 16:00,8888.38,22.28,TRADE
NSW1,2010/11/4 16:30,8958.44,22.13,TRADE
NSW1,2010/11/4 17:00,9081.59,24.11,TRADE
NSW1,2010/11/4 17:30,9094.09,22.42,TRADE
NSW1,2010/11/4 18:00,9144.86,22.66,TRADE
NSW1,2010/11/4 18:30,9103.71,22.48,TRADE
NSW1,2010/11/4 19:00,9221.38,25.33,TRADE
NSW1,2010/11/4 19:30,9166.39,25.19,TRADE
NSW1,2010/11/4 20:00,9009.13,23.87,TRADE
NSW1,2010/11/4 20:30,8721.97,21.94,TRADE
NSW1,2010/11/4 21:00,8408.84,20.92,TRADE
NSW1,2010/11/4 21:30,8432.61,21.46,TRADE
NSW1,2010/11/4 22:00,8169.45,19.19,TRADE
NSW1,2010/11/4 22:30,8135.81,23.53,TRADE
NSW1,2010/11/4 23:00,7918.63,22.49,TRADE
NSW1,2010/11/4 23:30,7594.1,21.8,TRADE
NSW1,2010/11/5 0:00,7736.13,22.69,TRADE
NSW1,2010/11/5 0:30,7577.32,21.3,TRADE
NSW1,2010/11/5 1:00,7393.62,24.68,TRADE
NSW1,2010/11/5 1:30,7107.97,24.73,TRADE
NSW1,2010/11/5 2:00,6789.57,23.35,TRADE
NSW1,2010/11/5 2:30,6625.85,22.42,TRADE
NSW1,2010/11/5 3:00,6471.4,19.96,TRADE
NSW1,2010/11/5 3:30,6422.96,19.6,TRADE
NSW1,2010/11/5 4:00,6501.78,20.49,TRADE
NSW1,2010/11/5 4:30,6739.84,23.01,TRADE
NSW1,2010/11/5 5:00,7022.35,21.18,TRADE
NSW1,2010/11/5 5:30,7582.47,24.67,TRADE
NSW1,2010/11/5 6:00,8248.62,25.41,TRADE
NSW1,2010/11/5 6:30,8708.18,25.66,TRADE
NSW1,2010/11/5 7:00,9094.42,25.53,TRADE
NSW1,2010/11/5 7:30,9203.91,24.95,TRADE
NSW1,2010/11/5 8:00,9177.71,25.5,TRADE
NSW1,2010/11/5 8:30,9252.87,25.5,TRADE
NSW1,2010/11/5 9:00,9298.39,25.45,TRADE
NSW1,2010/11/5 9:30,9303.26,25.49,TRADE
NSW1,2010/11/5 10:00,9250.76,25.29,TRADE
NSW1,2010/11/5 10:30,9159.35,25.25,TRADE
NSW1,2010/11/5 11:00,9102.34,25.33,TRADE
NSW1,2010/11/5 11:30,9083.93,25.33,TRADE
NSW1,2010/11/5 12:00,8993.81,25.25,TRADE
NSW1,2010/11/5 12:30,8969.66,25.18,TRADE
NSW1,2010/11/5 13:00,8898.95,25.25,TRADE
NSW1,2010/11/5 13:30,8889.24,25.29,TRADE
NSW1,2010/11/5 14:00,8861.15,24.92,TRADE
NSW1,2010/11/5 14:30,8723.84,23.86,TRADE
NSW1,2010/11/5 15:00,8745.68,23.14,TRADE
NSW1,2010/11/5 15:30,8774.23,22.32,TRADE
NSW1,2010/11/5 16:00,8820.02,22.79,TRADE
NSW1,2010/11/5 16:30,8841.96,23.09,TRADE
NSW1,2010/11/5 17:00,8923.19,23.82,TRADE
NSW1,2010/11/5 17:30,8796.82,21.4,TRADE
NSW1,2010/11/5 18:00,8807.22,22.36,TRADE
NSW1,2010/11/5 18:30,8911.2,23.2,TRADE
NSW1,2010/11/5 19:00,8975.34,23.98,TRADE
NSW1,2010/11/5 19:30,8947.25,23.63,TRADE
NSW1,2010/11/5 20:00,8794.62,23.82,TRADE
NSW1,2010/11/5 20:30,8560.32,21.89,TRADE
NSW1,2010/11/5 21:00,8330.88,21.14,TRADE
NSW1,2010/11/5 21:30,8399.84,21.48,TRADE
NSW1,2010/11/5 22:00,8279.34,20.83,TRADE
NSW1,2010/11/5 22:30,8315.62,24.41,TRADE
NSW1,2010/11/5 23:00,8180.02,23.65,TRADE
NSW1,2010/11/5 23:30,7991.13,23.71,TRADE
NSW1,2010/11/6 0:00,7783.96,23.11,TRADE
NSW1,2010/11/6 0:30,7646.12,22.22,TRADE
NSW1,2010/11/6 1:00,7390.75,22.22,TRADE
NSW1,2010/11/6 1:30,7107.84,20.85,TRADE
NSW1,2010/11/6 2:00,6812.95,19.09,TRADE
NSW1,2010/11/6 2:30,6513.24,19.78,TRADE
NSW1,2010/11/6 3:00,6400.92,18.47,TRADE
NSW1,2010/11/6 3:30,6286.04,18.91,TRADE
NSW1,2010/11/6 4:00,6291.83,17.54,TRADE
NSW1,2010/11/6 4:30,6359.52,19.63,TRADE
NSW1,2010/11/6 5:00,6462.75,19.73,TRADE
NSW1,2010/11/6 5:30,6623.78,19.57,TRADE
NSW1,2010/11/6 6:00,6791.3,20.27,TRADE
NSW1,2010/11/6 6:30,7223.99,21.52,TRADE
NSW1,2010/11/6 7:00,7579.43,23.4,TRADE
NSW1,2010/11/6 7:30,8107.61,24.3,TRADE
NSW1,2010/11/6 8:00,8427.65,25.22,TRADE
NSW1,2010/11/6 8:30,8666.25,25.5,TRADE
NSW1,2010/11/6 9:00,8734.14,25.49,TRADE
NSW1,2010/11/6 9:30,8842.97,25.5,TRADE
NSW1,2010/11/6 10:00,8752.87,25.5,TRADE
NSW1,2010/11/6 10:30,8667.34,25.49,TRADE
NSW1,2010/11/6 11:00,8589.88,25.41,TRADE
NSW1,2010/11/6 11:30,8456.93,25.39,TRADE
NSW1,2010/11/6 12:00,8350.84,25.29,TRADE
NSW1,2010/11/6 12:30,8243.41,25.23,TRADE
NSW1,2010/11/6 13:00,8158.73,24.99,TRADE
NSW1,2010/11/6 13:30,8080.14,24.17,TRADE
NSW1,2010/11/6 14:00,8056.93,24.64,TRADE
NSW1,2010/11/6 14:30,7956.93,24.25,TRADE
NSW1,2010/11/6 15:00,7928.44,24.29,TRADE
NSW1,2010/11/6 15:30,7942.94,24.39,TRADE
NSW1,2010/11/6 16:00,7999.56,24.59,TRADE
NSW1,2010/11/6 16:30,7959.4,25.06,TRADE
NSW1,2010/11/6 17:00,8069.97,25.4,TRADE
NSW1,2010/11/6 17:30,8160.03,25.29,TRADE
NSW1,2010/11/6 18:00,8158.53,25.06,TRADE
NSW1,2010/11/6 18:30,8243.42,24.96,TRADE
NSW1,2010/11/6 19:00,8312.03,25.49,TRADE
NSW1,2010/11/6 19:30,8283.33,25.44,TRADE
NSW1,2010/11/6 20:00,8215.54,25.44,TRADE
NSW1,2010/11/6 20:30,8032.39,25.27,TRADE
NSW1,2010/11/6 21:00,7839.28,23.52,TRADE
NSW1,2010/11/6 21:30,7837.97,23.68,TRADE
NSW1,2010/11/6 22:00,7724.35,22.22,TRADE
NSW1,2010/11/6 22:30,7727.79,23.91,TRADE
NSW1,2010/11/6 23:00,7555.09,22.48,TRADE
NSW1,2010/11/6 23:30,7364.88,23,TRADE
NSW1,2010/11/7 0:00,7210.23,22.84,TRADE
NSW1,2010/11/7 0:30,7097.46,24.29,TRADE
NSW1,2010/11/7 1:00,6944.89,22.91,TRADE
NSW1,2010/11/7 1:30,6689.52,21.68,TRADE
NSW1,2010/11/7 2:00,6461.3,20.1,TRADE
NSW1,2010/11/7 2:30,6304.55,19.97,TRADE
NSW1,2010/11/7 3:00,6147.68,17.48,TRADE
NSW1,2010/11/7 3:30,6083.15,17.81,TRADE
NSW1,2010/11/7 4:00,6079.75,15.79,TRADE
NSW1,2010/11/7 4:30,6130.11,19.65,TRADE
NSW1,2010/11/7 5:00,6181.53,19.5,TRADE
NSW1,2010/11/7 5:30,6282.79,19.05,TRADE
NSW1,2010/11/7 6:00,6417.29,19.67,TRADE
NSW1,2010/11/7 6:30,6721.75,20.19,TRADE
NSW1,2010/11/7 7:00,7098.29,20.98,TRADE
NSW1,2010/11/7 7:30,7448.86,21.5,TRADE
NSW1,2010/11/7 8:00,7730.09,22.4,TRADE
NSW1,2010/11/7 8:30,7954.27,24.23,TRADE
NSW1,2010/11/7 9:00,8085.83,24.05,TRADE
NSW1,2010/11/7 9:30,8160.05,23.79,TRADE
NSW1,2010/11/7 10:00,8142.03,22.65,TRADE
NSW1,2010/11/7 10:30,8101.08,22.81,TRADE
NSW1,2010/11/7 11:00,8067.25,22.76,TRADE
NSW1,2010/11/7 11:30,8042.15,22.94,TRADE
NSW1,2010/11/7 12:00,7916.85,22.28,TRADE
NSW1,2010/11/7 12:30,7821.24,22.06,TRADE
NSW1,2010/11/7 13:00,7774.89,21.9,TRADE
NSW1,2010/11/7 13:30,7739.43,22.33,TRADE
NSW1,2010/11/7 14:00,7718.78,22.13,TRADE
NSW1,2010/11/7 14:30,7731.77,21.48,TRADE
NSW1,2010/11/7 15:00,7801.17,21.89,TRADE
NSW1,2010/11/7 15:30,7820.4,22.31,TRADE
NSW1,2010/11/7 16:00,7845.88,21.83,TRADE
NSW1,2010/11/7 16:30,7784.93,21.39,TRADE
NSW1,2010/11/7 17:00,7870.86,22.37,TRADE
NSW1,2010/11/7 17:30,8036.68,23.43,TRADE
NSW1,2010/11/7 18:00,8078.03,24.59,TRADE
NSW1,2010/11/7 18:30,8102.46,23.66,TRADE
NSW1,2010/11/7 19:00,8319.75,25.33,TRADE
NSW1,2010/11/7 19:30,8390.47,25.15,TRADE
NSW1,2010/11/7 20:00,8282.81,25.22,TRADE
NSW1,2010/11/7 20:30,8066.75,24.78,TRADE
NSW1,2010/11/7 21:00,7817.01,22.79,TRADE
NSW1,2010/11/7 21:30,7686.87,22.62,TRADE
NSW1,2010/11/7 22:00,7563.9,20.75,TRADE
NSW1,2010/11/7 22:30,7463.13,21.18,TRADE
NSW1,2010/11/7 23:00,7330.59,20.44,TRADE
NSW1,2010/11/7 23:30,7149.39,21.82,TRADE
NSW1,2010/11/8 0:00,7052.95,20.87,TRADE
NSW1,2010/11/8 0:30,6913.58,19.16,TRADE
NSW1,2010/11/8 1:00,6788.68,21.8,TRADE
NSW1,2010/11/8 1:30,6582.76,22.14,TRADE
NSW1,2010/11/8 2:00,6380.3,19.58,TRADE
NSW1,2010/11/8 2:30,6278.06,19.53,TRADE
NSW1,2010/11/8 3:00,6210,19.45,TRADE
NSW1,2010/11/8 3:30,6213.21,19.66,TRADE
NSW1,2010/11/8 4:00,6308.23,18.66,TRADE
NSW1,2010/11/8 4:30,6558.55,19.92,TRADE
NSW1,2010/11/8 5:00,6804.68,22.96,TRADE
NSW1,2010/11/8 5:30,7373.36,20.78,TRADE
NSW1,2010/11/8 6:00,7933.19,23.67,TRADE
NSW1,2010/11/8 6:30,8325.09,24.7,TRADE
NSW1,2010/11/8 7:00,8710.21,25.5,TRADE
NSW1,2010/11/8 7:30,8857.23,23.04,TRADE
NSW1,2010/11/8 8:00,8961.99,25.13,TRADE
NSW1,2010/11/8 8:30,9108.83,25.37,TRADE
NSW1,2010/11/8 9:00,9261.3,25.44,TRADE
NSW1,2010/11/8 9:30,9353.06,27.22,TRADE
NSW1,2010/11/8 10:00,9408.75,25.99,TRADE
NSW1,2010/11/8 10:30,9508.32,27.24,TRADE
NSW1,2010/11/8 11:00,9465.06,25.5,TRADE
NSW1,2010/11/8 11:30,9483.42,25.5,TRADE
NSW1,2010/11/8 12:00,9562.94,25.5,TRADE
NSW1,2010/11/8 12:30,9636.7,25.5,TRADE
NSW1,2010/11/8 13:00,9689.51,25.5,TRADE
NSW1,2010/11/8 13:30,9700.59,25.78,TRADE
NSW1,2010/11/8 14:00,9606.92,25.49,TRADE
NSW1,2010/11/8 14:30,9506.39,25.18,TRADE
NSW1,2010/11/8 15:00,9530.9,25.49,TRADE
NSW1,2010/11/8 15:30,9514.38,25.07,TRADE
NSW1,2010/11/8 16:00,9566.46,25.36,TRADE
NSW1,2010/11/8 16:30,9545.11,25.25,TRADE
NSW1,2010/11/8 17:00,9542.9,25.19,TRADE
NSW1,2010/11/8 17:30,9336.34,23.18,TRADE
NSW1,2010/11/8 18:00,9261.45,22.32,TRADE
NSW1,2010/11/8 18:30,9131.76,22.48,TRADE
NSW1,2010/11/8 19:00,9111.05,22.35,TRADE
NSW1,2010/11/8 19:30,9036.12,22.04,TRADE
NSW1,2010/11/8 20:00,8789.58,21.64,TRADE
NSW1,2010/11/8 20:30,8461.44,20.56,TRADE
NSW1,2010/11/8 21:00,8225.61,20.11,TRADE
NSW1,2010/11/8 21:30,8269.06,20.45,TRADE
NSW1,2010/11/8 22:00,8125.07,20.53,TRADE
NSW1,2010/11/8 22:30,8080.44,23.71,TRADE
NSW1,2010/11/8 23:00,8016.67,23.54,TRADE
NSW1,2010/11/8 23:30,7851.65,23.35,TRADE
NSW1,2010/11/9 0:00,7741.46,22.82,TRADE
NSW1,2010/11/9 0:30,7570.01,23.68,TRADE
NSW1,2010/11/9 1:00,7364.12,24.73,TRADE
NSW1,2010/11/9 1:30,7062.73,25.12,TRADE
NSW1,2010/11/9 2:00,6788.14,23.53,TRADE
NSW1,2010/11/9 2:30,6590.26,21.26,TRADE
NSW1,2010/11/9 3:00,6421.95,19.67,TRADE
NSW1,2010/11/9 3:30,6451.21,19.91,TRADE
NSW1,2010/11/9 4:00,6529.16,20.79,TRADE
NSW1,2010/11/9 4:30,6723,21.35,TRADE
NSW1,2010/11/9 5:00,7021.55,23.51,TRADE
NSW1,2010/11/9 5:30,7576.4,25.45,TRADE
NSW1,2010/11/9 6:00,8177.75,25.49,TRADE
NSW1,2010/11/9 6:30,8528.2,24.76,TRADE
NSW1,2010/11/9 7:00,8921.17,25.5,TRADE
NSW1,2010/11/9 7:30,9042.19,20.07,TRADE
NSW1,2010/11/9 8:00,9068.29,24.59,TRADE
NSW1,2010/11/9 8:30,9229.25,25.49,TRADE
NSW1,2010/11/9 9:00,9253.9,25.45,TRADE
NSW1,2010/11/9 9:30,9361.49,24.33,TRADE
NSW1,2010/11/9 10:00,9513.9,25.39,TRADE
NSW1,2010/11/9 10:30,9505.38,25.13,TRADE
NSW1,2010/11/9 11:00,9510.79,25.26,TRADE
NSW1,2010/11/9 11:30,9535.21,25.16,TRADE
NSW1,2010/11/9 12:00,9481.19,25.14,TRADE
NSW1,2010/11/9 12:30,9493.68,25.31,TRADE
NSW1,2010/11/9 13:00,9509.17,25.41,TRADE
NSW1,2010/11/9 13:30,9515.82,25.48,TRADE
NSW1,2010/11/9 14:00,9464.08,25.41,TRADE
NSW1,2010/11/9 14:30,9398.22,25.04,TRADE
NSW1,2010/11/9 15:00,9449.79,25.49,TRADE
NSW1,2010/11/9 15:30,9458.99,25.37,TRADE
NSW1,2010/11/9 16:00,9470.84,25.45,TRADE
NSW1,2010/11/9 16:30,9404.97,25.37,TRADE
NSW1,2010/11/9 17:00,9359.33,25.53,TRADE
NSW1,2010/11/9 17:30,9152.89,24.73,TRADE
NSW1,2010/11/9 18:00,9075.33,25.15,TRADE
NSW1,2010/11/9 18:30,8992.47,24.68,TRADE
NSW1,2010/11/9 19:00,9094.21,25.3,TRADE
NSW1,2010/11/9 19:30,9039.11,25.39,TRADE
NSW1,2010/11/9 20:00,8859.52,25.21,TRADE
NSW1,2010/11/9 20:30,8604.99,24.48,TRADE
NSW1,2010/11/9 21:00,8335.43,21.96,TRADE
NSW1,2010/11/9 21:30,8402.32,20.66,TRADE
NSW1,2010/11/9 22:00,8211.05,20.31,TRADE
NSW1,2010/11/9 22:30,8204.3,26.27,TRADE
NSW1,2010/11/9 23:00,8064.03,23.58,TRADE
NSW1,2010/11/9 23:30,7894.22,22.96,TRADE
NSW1,2010/11/10 0:00,7748.37,22.96,TRADE
NSW1,2010/11/10 0:30,7573.66,23.41,TRADE
NSW1,2010/11/10 1:00,7383.62,24.31,TRADE
NSW1,2010/11/10 1:30,7042.95,23.57,TRADE
NSW1,2010/11/10 2:00,6767.02,22.16,TRADE
NSW1,2010/11/10 2:30,6509.36,20.06,TRADE
NSW1,2010/11/10 3:00,6430.11,19.49,TRADE
NSW1,2010/11/10 3:30,6457.07,19.57,TRADE
NSW1,2010/11/10 4:00,6513.97,19.98,TRADE
NSW1,2010/11/10 4:30,6736.5,21.8,TRADE
NSW1,2010/11/10 5:00,7048.62,24.43,TRADE
NSW1,2010/11/10 5:30,7602.52,25.29,TRADE
NSW1,2010/11/10 6:00,8206.26,25.45,TRADE
NSW1,2010/11/10 6:30,8577.22,24.39,TRADE
NSW1,2010/11/10 7:00,8985.49,25.18,TRADE
NSW1,2010/11/10 7:30,9114.03,22.96,TRADE
NSW1,2010/11/10 8:00,9255.94,25.08,TRADE
NSW1,2010/11/10 8:30,9426.91,25.4,TRADE
NSW1,2010/11/10 9:00,9629.97,25.45,TRADE
NSW1,2010/11/10 9:30,9699.19,25.38,TRADE
NSW1,2010/11/10 10:00,9778.92,25.5,TRADE
NSW1,2010/11/10 10:30,9806.81,25.49,TRADE
NSW1,2010/11/10 11:00,9869.94,25.68,TRADE
NSW1,2010/11/10 11:30,9910.41,26.77,TRADE
NSW1,2010/11/10 12:00,9837.32,25.72,TRADE
NSW1,2010/11/10 12:30,9893.42,25.45,TRADE
NSW1,2010/11/10 13:00,9941.2,25.38,TRADE
NSW1,2010/11/10 13:30,9935.04,25.39,TRADE
NSW1,2010/11/10 14:00,9980.1,26.33,TRADE
NSW1,2010/11/10 14:30,9879.3,25.21,TRADE
NSW1,2010/11/10 15:00,9802.65,25.41,TRADE
NSW1,2010/11/10 15:30,9747.06,25.35,TRADE
NSW1,2010/11/10 16:00,9683.05,25.31,TRADE
NSW1,2010/11/10 16:30,9641.94,25.37,TRADE
NSW1,2010/11/10 17:00,9506.19,25.13,TRADE
NSW1,2010/11/10 17:30,9268.42,23.52,TRADE
NSW1,2010/11/10 18:00,9136.95,22.58,TRADE
NSW1,2010/11/10 18:30,9081.97,23.89,TRADE
NSW1,2010/11/10 19:00,9124.28,24.52,TRADE
NSW1,2010/11/10 19:30,9082.93,23.93,TRADE
NSW1,2010/11/10 20:00,8915,23.43,TRADE
NSW1,2010/11/10 20:30,8674.95,22.32,TRADE
NSW1,2010/11/10 21:00,8355.58,20.4,TRADE
NSW1,2010/11/10 21:30,8350.25,20.54,TRADE
NSW1,2010/11/10 22:00,8141.54,20.03,TRADE
NSW1,2010/11/10 22:30,8128.71,22.91,TRADE
NSW1,2010/11/10 23:00,7972.76,22.52,TRADE
NSW1,2010/11/10 23:30,7770.94,21.35,TRADE
NSW1,2010/11/11 0:00,7638.05,21.15,TRADE
NSW1,2010/11/11 0:30,7438.05,19.97,TRADE
NSW1,2010/11/11 1:00,7219.88,22.03,TRADE
NSW1,2010/11/11 1:30,6911.07,23.85,TRADE
NSW1,2010/11/11 2:00,6666.2,20.45,TRADE
NSW1,2010/11/11 2:30,6461.83,17.98,TRADE
NSW1,2010/11/11 3:00,6321.83,17.35,TRADE
NSW1,2010/11/11 3:30,6317.28,18.5,TRADE
NSW1,2010/11/11 4:00,6428.32,19.33,TRADE
NSW1,2010/11/11 4:30,6678.88,24.02,TRADE
NSW1,2010/11/11 5:00,6943.38,23.68,TRADE
NSW1,2010/11/11 5:30,7506.59,24.96,TRADE
NSW1,2010/11/11 6:00,8149.42,25.84,TRADE
NSW1,2010/11/11 6:30,8530.7,24.86,TRADE
NSW1,2010/11/11 7:00,8958.9,25.77,TRADE
NSW1,2010/11/11 7:30,9117.32,20,TRADE
NSW1,2010/11/11 8:00,9249.84,24.49,TRADE
NSW1,2010/11/11 8:30,9445.8,25.47,TRADE
NSW1,2010/11/11 9:00,9580.73,25.33,TRADE
NSW1,2010/11/11 9:30,9696.47,25.48,TRADE
NSW1,2010/11/11 10:00,9750.69,25.48,TRADE
NSW1,2010/11/11 10:30,9734.42,25.2,TRADE
NSW1,2010/11/11 11:00,9819.99,25.41,TRADE
NSW1,2010/11/11 11:30,9826.34,25.36,TRADE
NSW1,2010/11/11 12:00,9806.51,32.16,TRADE
NSW1,2010/11/11 12:30,9857.84,31.71,TRADE
NSW1,2010/11/11 13:00,9908.87,26.39,TRADE
NSW1,2010/11/11 13:30,9951.12,25.5,TRADE
NSW1,2010/11/11 14:00,9958.57,25.66,TRADE
NSW1,2010/11/11 14:30,9934.31,25.31,TRADE
NSW1,2010/11/11 15:00,9964.38,25.42,TRADE
NSW1,2010/11/11 15:30,9993.91,25.35,TRADE
NSW1,2010/11/11 16:00,10086.74,25.66,TRADE
NSW1,2010/11/11 16:30,9993.04,25.46,TRADE
NSW1,2010/11/11 17:00,9930.43,25.5,TRADE
NSW1,2010/11/11 17:30,9730.85,25.18,TRADE
NSW1,2010/11/11 18:00,9608.01,25.45,TRADE
NSW1,2010/11/11 18:30,9453.28,25.25,TRADE
NSW1,2010/11/11 19:00,9485.58,25.45,TRADE
NSW1,2010/11/11 19:30,9539.68,25.37,TRADE
NSW1,2010/11/11 20:00,9319.36,25.01,TRADE
NSW1,2010/11/11 20:30,8939.93,24.56,TRADE
NSW1,2010/11/11 21:00,8585.36,21.56,TRADE
NSW1,2010/11/11 21:30,8572.34,20.75,TRADE
NSW1,2010/11/11 22:00,8350.77,20.21,TRADE
NSW1,2010/11/11 22:30,8246.42,25.17,TRADE
NSW1,2010/11/11 23:00,8061.17,22.05,TRADE
NSW1,2010/11/11 23:30,7887.11,21.86,TRADE
NSW1,2010/11/12 0:00,7724.93,20.75,TRADE
NSW1,2010/11/12 0:30,7485.33,19.95,TRADE
NSW1,2010/11/12 1:00,7288.53,21.43,TRADE
NSW1,2010/11/12 1:30,6988.08,22.02,TRADE
NSW1,2010/11/12 2:00,6724.32,19.42,TRADE
NSW1,2010/11/12 2:30,6523.23,19.56,TRADE
NSW1,2010/11/12 3:00,6449.62,18.86,TRADE
NSW1,2010/11/12 3:30,6402.58,19.25,TRADE
NSW1,2010/11/12 4:00,6498.16,19.67,TRADE
NSW1,2010/11/12 4:30,6740.33,20.61,TRADE
NSW1,2010/11/12 5:00,6972.29,22.66,TRADE
NSW1,2010/11/12 5:30,7532.78,25.33,TRADE
NSW1,2010/11/12 6:00,8143.91,25.36,TRADE
NSW1,2010/11/12 6:30,8580.94,24.31,TRADE
NSW1,2010/11/12 7:00,8959.73,25.45,TRADE
NSW1,2010/11/12 7:30,9216.86,20.49,TRADE
NSW1,2010/11/12 8:00,9474.94,23.6,TRADE
NSW1,2010/11/12 8:30,9796.94,25.27,TRADE
NSW1,2010/11/12 9:00,9957.8,25.43,TRADE
NSW1,2010/11/12 9:30,10210.2,25.5,TRADE
NSW1,2010/11/12 10:00,10305.84,25.49,TRADE
NSW1,2010/11/12 10:30,10375.3,25.81,TRADE
NSW1,2010/11/12 11:00,10440.91,27.11,TRADE
NSW1,2010/11/12 11:30,10477.22,25.01,TRADE
NSW1,2010/11/12 12:00,10472.37,25.63,TRADE
NSW1,2010/11/12 12:30,10576.37,25.45,TRADE
NSW1,2010/11/12 13:00,10631.98,29.81,TRADE
NSW1,2010/11/12 13:30,10662.35,29.41,TRADE
NSW1,2010/11/12 14:00,10662.1,28.66,TRADE
NSW1,2010/11/12 14:30,10655.53,26.85,TRADE
NSW1,2010/11/12 15:00,10680.79,25.5,TRADE
NSW1,2010/11/12 15:30,10688.15,25.45,TRADE
NSW1,2010/11/12 16:00,10641.21,25.5,TRADE
NSW1,2010/11/12 16:30,10520.32,25.45,TRADE
NSW1,2010/11/12 17:00,10295.75,25.45,TRADE
NSW1,2010/11/12 17:30,9871.51,26.39,TRADE
NSW1,2010/11/12 18:00,9630.7,23.65,TRADE
NSW1,2010/11/12 18:30,9400.94,21.73,TRADE
NSW1,2010/11/12 19:00,9290.17,22.05,TRADE
NSW1,2010/11/12 19:30,9382.35,22.15,TRADE
NSW1,2010/11/12 20:00,9164.09,21.55,TRADE
NSW1,2010/11/12 20:30,8914.11,22.44,TRADE
NSW1,2010/11/12 21:00,8639.1,20.18,TRADE
NSW1,2010/11/12 21:30,8694.1,20.46,TRADE
NSW1,2010/11/12 22:00,8474.51,20.13,TRADE
NSW1,2010/11/12 22:30,8440.21,24.19,TRADE
NSW1,2010/11/12 23:00,8274.64,21.61,TRADE
NSW1,2010/11/12 23:30,8008.94,23.65,TRADE
NSW1,2010/11/13 0:00,7791.72,22.45,TRADE
NSW1,2010/11/13 0:30,7599.79,21.87,TRADE
NSW1,2010/11/13 1:00,7335.43,23,TRADE
NSW1,2010/11/13 1:30,6974.33,24.49,TRADE
NSW1,2010/11/13 2:00,6750.34,18.54,TRADE
NSW1,2010/11/13 2:30,6552.65,21.61,TRADE
NSW1,2010/11/13 3:00,6456.53,20.23,TRADE
NSW1,2010/11/13 3:30,6399.15,19.83,TRADE
NSW1,2010/11/13 4:00,6403.65,19.81,TRADE
NSW1,2010/11/13 4:30,6477.61,20.9,TRADE
NSW1,2010/11/13 5:00,6516.86,20.48,TRADE
NSW1,2010/11/13 5:30,6689.41,21.49,TRADE
NSW1,2010/11/13 6:00,7004.54,21.13,TRADE
NSW1,2010/11/13 6:30,7329.24,15.42,TRADE
NSW1,2010/11/13 7:00,7710.77,22.34,TRADE
NSW1,2010/11/13 7:30,8212.53,22.19,TRADE
NSW1,2010/11/13 8:00,8532.27,23.04,TRADE
NSW1,2010/11/13 8:30,8920.78,23.79,TRADE
NSW1,2010/11/13 9:00,9063.29,24.83,TRADE
NSW1,2010/11/13 9:30,9269.28,25.05,TRADE
NSW1,2010/11/13 10:00,9291.95,23.87,TRADE
NSW1,2010/11/13 10:30,9335.5,23.17,TRADE
NSW1,2010/11/13 11:00,9431.41,23.46,TRADE
NSW1,2010/11/13 11:30,9512.85,24.87,TRADE
NSW1,2010/11/13 12:00,9554.45,25.33,TRADE
NSW1,2010/11/13 12:30,9678.17,25.33,TRADE
NSW1,2010/11/13 13:00,9672.74,25.4,TRADE
NSW1,2010/11/13 13:30,9656.15,25.41,TRADE
NSW1,2010/11/13 14:00,9602.31,25.36,TRADE
NSW1,2010/11/13 14:30,9545.2,25.27,TRADE
NSW1,2010/11/13 15:00,9561.83,25.29,TRADE
NSW1,2010/11/13 15:30,9549.93,25.35,TRADE
NSW1,2010/11/13 16:00,9597.34,25.44,TRADE
NSW1,2010/11/13 16:30,9431.27,25.25,TRADE
NSW1,2010/11/13 17:00,9313.16,25.18,TRADE
NSW1,2010/11/13 17:30,9262.74,23.96,TRADE
NSW1,2010/11/13 18:00,9238.52,22.84,TRADE
NSW1,2010/11/13 18:30,9103.25,22.31,TRADE
NSW1,2010/11/13 19:00,9125.77,24.14,TRADE
NSW1,2010/11/13 19:30,9100.48,24.55,TRADE
NSW1,2010/11/13 20:00,8967.81,24.38,TRADE
NSW1,2010/11/13 20:30,8803.87,24.82,TRADE
NSW1,2010/11/13 21:00,8527.43,22.8,TRADE
NSW1,2010/11/13 21:30,8486.77,23.01,TRADE
NSW1,2010/11/13 22:00,8335.69,21.31,TRADE
NSW1,2010/11/13 22:30,8163.02,23.86,TRADE
NSW1,2010/11/13 23:00,7931.6,22.6,TRADE
NSW1,2010/11/13 23:30,7669.42,22.58,TRADE
NSW1,2010/11/14 0:00,7456.31,21.66,TRADE
NSW1,2010/11/14 0:30,7242.75,20.35,TRADE
NSW1,2010/11/14 1:00,7037.92,21.17,TRADE
NSW1,2010/11/14 1:30,6746.96,20.78,TRADE
NSW1,2010/11/14 2:00,6533.8,16.62,TRADE
NSW1,2010/11/14 2:30,6406.54,21.56,TRADE
NSW1,2010/11/14 3:00,6318,19.67,TRADE
NSW1,2010/11/14 3:30,6287.17,19.27,TRADE
NSW1,2010/11/14 4:00,6257.72,19.23,TRADE
NSW1,2010/11/14 4:30,6325.66,20.27,TRADE
NSW1,2010/11/14 5:00,6353.46,18.85,TRADE
NSW1,2010/11/14 5:30,6358.96,15.47,TRADE
NSW1,2010/11/14 6:00,6572.41,19.13,TRADE
NSW1,2010/11/14 6:30,6790.08,18.84,TRADE
NSW1,2010/11/14 7:00,7232.65,21.38,TRADE
NSW1,2010/11/14 7:30,7614.35,21.84,TRADE
NSW1,2010/11/14 8:00,8022.6,21.65,TRADE
NSW1,2010/11/14 8:30,8372.98,23.44,TRADE
NSW1,2010/11/14 9:00,8614.88,25.15,TRADE
NSW1,2010/11/14 9:30,8848.65,25.49,TRADE
NSW1,2010/11/14 10:00,8986.17,25.49,TRADE
NSW1,2010/11/14 10:30,9146.39,25.49,TRADE
NSW1,2010/11/14 11:00,9130.96,25.49,TRADE
NSW1,2010/11/14 11:30,9268.2,25.49,TRADE
NSW1,2010/11/14 12:00,9431.47,25.25,TRADE
NSW1,2010/11/14 12:30,9442.76,25.45,TRADE
NSW1,2010/11/14 13:00,9475.23,25.49,TRADE
NSW1,2010/11/14 13:30,9471.7,25.49,TRADE
NSW1,2010/11/14 14:00,9447.39,25.49,TRADE
NSW1,2010/11/14 14:30,9531.49,25.49,TRADE
NSW1,2010/11/14 15:00,9481.04,25.65,TRADE
NSW1,2010/11/14 15:30,9509.25,25.49,TRADE
NSW1,2010/11/14 16:00,9505.98,25.49,TRADE
NSW1,2010/11/14 16:30,9490.18,25.28,TRADE
NSW1,2010/11/14 17:00,9556.68,25.46,TRADE
NSW1,2010/11/14 17:30,9581.36,25.41,TRADE
NSW1,2010/11/14 18:00,9479.4,25.25,TRADE
NSW1,2010/11/14 18:30,9367.15,25.29,TRADE
NSW1,2010/11/14 19:00,9488.12,25.49,TRADE
NSW1,2010/11/14 19:30,9413.52,25.43,TRADE
NSW1,2010/11/14 20:00,9326.18,25.3,TRADE
NSW1,2010/11/14 20:30,8973.37,25.26,TRADE
NSW1,2010/11/14 21:00,8699.58,23.11,TRADE
NSW1,2010/11/14 21:30,8518.79,22.87,TRADE
NSW1,2010/11/14 22:00,8317.63,21.91,TRADE
NSW1,2010/11/14 22:30,8076.06,22.51,TRADE
NSW1,2010/11/14 23:00,7858.04,20.71,TRADE
NSW1,2010/11/14 23:30,7617.99,20.49,TRADE
NSW1,2010/11/15 0:00,7460.58,19.8,TRADE
NSW1,2010/11/15 0:30,7334.52,19.68,TRADE
NSW1,2010/11/15 1:00,7177.9,21.39,TRADE
NSW1,2010/11/15 1:30,6947.64,23.3,TRADE
NSW1,2010/11/15 2:00,6744.41,20.5,TRADE
NSW1,2010/11/15 2:30,6612.02,19.06,TRADE
NSW1,2010/11/15 3:00,6543.37,19.5,TRADE
NSW1,2010/11/15 3:30,6565.4,18.96,TRADE
NSW1,2010/11/15 4:00,6683.25,19.67,TRADE
NSW1,2010/11/15 4:30,6911.06,22.21,TRADE
NSW1,2010/11/15 5:00,7176.56,24.39,TRADE
NSW1,2010/11/15 5:30,7806.27,25.05,TRADE
NSW1,2010/11/15 6:00,8440.45,25.18,TRADE
NSW1,2010/11/15 6:30,8912.95,24.25,TRADE
NSW1,2010/11/15 7:00,9383.02,29.66,TRADE
NSW1,2010/11/15 7:30,9654.74,23.54,TRADE
NSW1,2010/11/15 8:00,9845.59,24.88,TRADE
NSW1,2010/11/15 8:30,10121.21,25.45,TRADE
NSW1,2010/11/15 9:00,10217.02,25.32,TRADE
NSW1,2010/11/15 9:30,10276.75,25.32,TRADE
NSW1,2010/11/15 10:00,10320.01,25.32,TRADE
NSW1,2010/11/15 10:30,10232.52,25.12,TRADE
NSW1,2010/11/15 11:00,10216.03,25.32,TRADE
NSW1,2010/11/15 11:30,10144.16,25.32,TRADE
NSW1,2010/11/15 12:00,10040.41,25.32,TRADE
NSW1,2010/11/15 12:30,9967.81,25.24,TRADE
NSW1,2010/11/15 13:00,9893.65,25.21,TRADE
NSW1,2010/11/15 13:30,9832.82,25.27,TRADE
NSW1,2010/11/15 14:00,9707.55,25.27,TRADE
NSW1,2010/11/15 14:30,9660.67,25.25,TRADE
NSW1,2010/11/15 15:00,9653.82,25.16,TRADE
NSW1,2010/11/15 15:30,9642.63,25.25,TRADE
NSW1,2010/11/15 16:00,9630.57,25.25,TRADE
NSW1,2010/11/15 16:30,9610.8,25.28,TRADE
NSW1,2010/11/15 17:00,9578.88,25.27,TRADE
NSW1,2010/11/15 17:30,9358.84,24.43,TRADE
NSW1,2010/11/15 18:00,9290.53,22.55,TRADE
NSW1,2010/11/15 18:30,9127.97,21.79,TRADE
NSW1,2010/11/15 19:00,9039.23,21.83,TRADE
NSW1,2010/11/15 19:30,8929.98,21.6,TRADE
NSW1,2010/11/15 20:00,8781.26,21.06,TRADE
NSW1,2010/11/15 20:30,8498.88,20.19,TRADE
NSW1,2010/11/15 21:00,8232.08,20.04,TRADE
NSW1,2010/11/15 21:30,8312.75,23.17,TRADE
NSW1,2010/11/15 22:00,8155.37,22.67,TRADE
NSW1,2010/11/15 22:30,8119.86,22.92,TRADE
NSW1,2010/11/15 23:00,7986.55,21.74,TRADE
NSW1,2010/11/15 23:30,7821.07,21.29,TRADE
NSW1,2010/11/16 0:00,7708.68,21.75,TRADE
NSW1,2010/11/16 0:30,7527.51,20.55,TRADE
NSW1,2010/11/16 1:00,7306.69,22.76,TRADE
NSW1,2010/11/16 1:30,6990.22,22.89,TRADE
NSW1,2010/11/16 2:00,6768,21.37,TRADE
NSW1,2010/11/16 2:30,6559,19.5,TRADE
NSW1,2010/11/16 3:00,6503.16,17.99,TRADE
NSW1,2010/11/16 3:30,6480.26,18.43,TRADE
NSW1,2010/11/16 4:00,6554.18,19.32,TRADE
NSW1,2010/11/16 4:30,6768.72,23.13,TRADE
NSW1,2010/11/16 5:00,7077.56,25.06,TRADE
NSW1,2010/11/16 5:30,7660.86,25.05,TRADE
NSW1,2010/11/16 6:00,8264.09,25.27,TRADE
NSW1,2010/11/16 6:30,8626.99,23.13,TRADE
NSW1,2010/11/16 7:00,9040.59,25.32,TRADE
NSW1,2010/11/16 7:30,9184.93,21.46,TRADE
NSW1,2010/11/16 8:00,9258.07,22.52,TRADE
NSW1,2010/11/16 8:30,9387.32,23.91,TRADE
NSW1,2010/11/16 9:00,9511.59,24.9,TRADE
NSW1,2010/11/16 9:30,9540.72,25.27,TRADE
NSW1,2010/11/16 10:00,9588.79,25.26,TRADE
NSW1,2010/11/16 10:30,9561.83,25.06,TRADE
NSW1,2010/11/16 11:00,9591.13,25.26,TRADE
NSW1,2010/11/16 11:30,9599.31,27.19,TRADE
NSW1,2010/11/16 12:00,9470.09,25.28,TRADE
NSW1,2010/11/16 12:30,9444.6,25.31,TRADE
NSW1,2010/11/16 13:00,9450.71,25.29,TRADE
NSW1,2010/11/16 13:30,9424.83,25.32,TRADE
NSW1,2010/11/16 14:00,9382.22,25.23,TRADE
NSW1,2010/11/16 14:30,9340.26,25.29,TRADE
NSW1,2010/11/16 15:00,9384.17,25.3,TRADE
NSW1,2010/11/16 15:30,9408.63,25.3,TRADE
NSW1,2010/11/16 16:00,9372.24,25.22,TRADE
NSW1,2010/11/16 16:30,9337.76,25.26,TRADE
NSW1,2010/11/16 17:00,9204.1,25.19,TRADE
NSW1,2010/11/16 17:30,8972.15,21.05,TRADE
NSW1,2010/11/16 18:00,8929.03,21.13,TRADE
NSW1,2010/11/16 18:30,8849.23,21.15,TRADE
NSW1,2010/11/16 19:00,8933.42,21.73,TRADE
NSW1,2010/11/16 19:30,8893.06,22.15,TRADE
NSW1,2010/11/16 20:00,8719.42,22.01,TRADE
NSW1,2010/11/16 20:30,8479.88,20.91,TRADE
NSW1,2010/11/16 21:00,8258.34,23.02,TRADE
NSW1,2010/11/16 21:30,8283.05,22.71,TRADE
NSW1,2010/11/16 22:00,8109.64,21.93,TRADE
NSW1,2010/11/16 22:30,8051.67,23.34,TRADE
NSW1,2010/11/16 23:00,7932.74,22.1,TRADE
NSW1,2010/11/16 23:30,7741.5,22.32,TRADE
NSW1,2010/11/17 0:00,7603.93,22.07,TRADE
NSW1,2010/11/17 0:30,7468.9,20.72,TRADE
NSW1,2010/11/17 1:00,7289.73,22.75,TRADE
NSW1,2010/11/17 1:30,6983.7,23.22,TRADE
NSW1,2010/11/17 2:00,6667.55,20.05,TRADE
NSW1,2010/11/17 2:30,6502.12,18.59,TRADE
NSW1,2010/11/17 3:00,6378.29,18.13,TRADE
NSW1,2010/11/17 3:30,6380.11,16.79,TRADE
NSW1,2010/11/17 4:00,6448.56,20.01,TRADE
NSW1,2010/11/17 4:30,6675.21,22.18,TRADE
NSW1,2010/11/17 5:00,7013.28,24.85,TRADE
NSW1,2010/11/17 5:30,7532.75,24.49,TRADE
NSW1,2010/11/17 6:00,8141.17,24.7,TRADE
NSW1,2010/11/17 6:30,8539.9,22.7,TRADE
NSW1,2010/11/17 7:00,8894.2,25.68,TRADE
NSW1,2010/11/17 7:30,9037.88,20.56,TRADE
NSW1,2010/11/17 8:00,9120.55,23.25,TRADE
NSW1,2010/11/17 8:30,9300.2,23.99,TRADE
NSW1,2010/11/17 9:00,9375.28,23.59,TRADE
NSW1,2010/11/17 9:30,9422.63,24.31,TRADE
NSW1,2010/11/17 10:00,9441.06,24.51,TRADE
NSW1,2010/11/17 10:30,9351.32,23.65,TRADE
NSW1,2010/11/17 11:00,9345.88,23.68,TRADE
NSW1,2010/11/17 11:30,9311.86,22.44,TRADE
NSW1,2010/11/17 12:00,9301.65,24.18,TRADE
NSW1,2010/11/17 12:30,9295.46,24.14,TRADE
NSW1,2010/11/17 13:00,9269.99,24.69,TRADE
NSW1,2010/11/17 13:30,9274.73,24.92,TRADE
NSW1,2010/11/17 14:00,9223.54,23.86,TRADE
NSW1,2010/11/17 14:30,9130.51,23.53,TRADE
NSW1,2010/11/17 15:00,9173.34,23.02,TRADE
NSW1,2010/11/17 15:30,9166.33,22.96,TRADE
NSW1,2010/11/17 16:00,9166.41,22.41,TRADE
NSW1,2010/11/17 16:30,9127.66,22.25,TRADE
NSW1,2010/11/17 17:00,9044.67,21.14,TRADE
NSW1,2010/11/17 17:30,8847.65,20.2,TRADE
NSW1,2010/11/17 18:00,8753.07,20.93,TRADE
NSW1,2010/11/17 18:30,8623.65,20.37,TRADE
NSW1,2010/11/17 19:00,8641.43,20.89,TRADE
NSW1,2010/11/17 19:30,8774.09,20.82,TRADE
NSW1,2010/11/17 20:00,8655.62,20.29,TRADE
NSW1,2010/11/17 20:30,8439.75,19.9,TRADE
NSW1,2010/11/17 21:00,8138.96,19.75,TRADE
NSW1,2010/11/17 21:30,8163.59,19.89,TRADE
NSW1,2010/11/17 22:00,8054.27,18.61,TRADE
NSW1,2010/11/17 22:30,8056.49,25.7,TRADE
NSW1,2010/11/17 23:00,7923.2,21.83,TRADE
NSW1,2010/11/17 23:30,7779.45,22.74,TRADE
NSW1,2010/11/18 0:00,7629.44,22.09,TRADE
NSW1,2010/11/18 0:30,7469.99,20.11,TRADE
NSW1,2010/11/18 1:00,7258.56,22.43,TRADE
NSW1,2010/11/18 1:30,6930.45,23.06,TRADE
NSW1,2010/11/18 2:00,6643.85,13.11,TRADE
NSW1,2010/11/18 2:30,6426.34,13.94,TRADE
NSW1,2010/11/18 3:00,6301.63,13.53,TRADE
NSW1,2010/11/18 3:30,6319.42,19.12,TRADE
NSW1,2010/11/18 4:00,6419.19,21.27,TRADE
NSW1,2010/11/18 4:30,6581.05,19.17,TRADE
NSW1,2010/11/18 5:00,6855.75,24.93,TRADE
NSW1,2010/11/18 5:30,7405.47,24.25,TRADE
NSW1,2010/11/18 6:00,8022.98,24.3,TRADE
NSW1,2010/11/18 6:30,8422.08,21.86,TRADE
NSW1,2010/11/18 7:00,8797.02,25.15,TRADE
NSW1,2010/11/18 7:30,8975.3,20.52,TRADE
NSW1,2010/11/18 8:00,9118.51,22.37,TRADE
NSW1,2010/11/18 8:30,9279.37,23.66,TRADE
NSW1,2010/11/18 9:00,9440.6,24.69,TRADE
NSW1,2010/11/18 9:30,9481.97,24.18,TRADE
NSW1,2010/11/18 10:00,9498.42,24.81,TRADE
NSW1,2010/11/18 10:30,9491.5,24.84,TRADE
NSW1,2010/11/18 11:00,9509.79,25.23,TRADE
NSW1,2010/11/18 11:30,9509.65,25.15,TRADE
NSW1,2010/11/18 12:00,9439.25,24.64,TRADE
NSW1,2010/11/18 12:30,9447.78,24.33,TRADE
NSW1,2010/11/18 13:00,9447.85,24.75,TRADE
NSW1,2010/11/18 13:30,9458.72,24.64,TRADE
NSW1,2010/11/18 14:00,9429.68,24.4,TRADE
NSW1,2010/11/18 14:30,9329.62,22.58,TRADE
NSW1,2010/11/18 15:00,9348.72,22.41,TRADE
NSW1,2010/11/18 15:30,9357.87,24,TRADE
NSW1,2010/11/18 16:00,9366.62,24.62,TRADE
NSW1,2010/11/18 16:30,9260.38,23.7,TRADE
NSW1,2010/11/18 17:00,9249.96,23.9,TRADE
NSW1,2010/11/18 17:30,9049.47,22.13,TRADE
NSW1,2010/11/18 18:00,8957.75,20.37,TRADE
NSW1,2010/11/18 18:30,8838.47,22.4,TRADE
NSW1,2010/11/18 19:00,8979.01,22.85,TRADE
NSW1,2010/11/18 19:30,9104.31,23.28,TRADE
NSW1,2010/11/18 20:00,8951.77,23.68,TRADE
NSW1,2010/11/18 20:30,8571.5,21.11,TRADE
NSW1,2010/11/18 21:00,8284.71,19.99,TRADE
NSW1,2010/11/18 21:30,8310.21,19.92,TRADE
NSW1,2010/11/18 22:00,8121.45,19.43,TRADE
NSW1,2010/11/18 22:30,8075.46,22.79,TRADE
NSW1,2010/11/18 23:00,7890.48,21.22,TRADE
NSW1,2010/11/18 23:30,7709.45,20.79,TRADE
NSW1,2010/11/19 0:00,7540.35,20.69,TRADE
NSW1,2010/11/19 0:30,7358.8,19.84,TRADE
NSW1,2010/11/19 1:00,7176.6,21.38,TRADE
NSW1,2010/11/19 1:30,6890.91,23.93,TRADE
NSW1,2010/11/19 2:00,6623.68,16.64,TRADE
NSW1,2010/11/19 2:30,6442.35,18.21,TRADE
NSW1,2010/11/19 3:00,6355.86,18.24,TRADE
NSW1,2010/11/19 3:30,6334.19,17.6,TRADE
NSW1,2010/11/19 4:00,6432.11,19.06,TRADE
NSW1,2010/11/19 4:30,6616.44,19.56,TRADE
NSW1,2010/11/19 5:00,6924.92,21.85,TRADE
NSW1,2010/11/19 5:30,7509.92,22.96,TRADE
NSW1,2010/11/19 6:00,8086.14,23.15,TRADE
NSW1,2010/11/19 6:30,8486.14,23.08,TRADE
NSW1,2010/11/19 7:00,8901.87,25.35,TRADE
NSW1,2010/11/19 7:30,9028.32,20.81,TRADE
NSW1,2010/11/19 8:00,9097.9,21.52,TRADE
NSW1,2010/11/19 8:30,9257.81,23.42,TRADE
NSW1,2010/11/19 9:00,9311.52,23.6,TRADE
NSW1,2010/11/19 9:30,9341.68,23.68,TRADE
NSW1,2010/11/19 10:00,9330.75,23.76,TRADE
NSW1,2010/11/19 10:30,9252.11,23.47,TRADE
NSW1,2010/11/19 11:00,9174.87,22.96,TRADE
NSW1,2010/11/19 11:30,9296.21,24.01,TRADE
NSW1,2010/11/19 12:00,9184.21,23.13,TRADE
NSW1,2010/11/19 12:30,9127.45,22.96,TRADE
NSW1,2010/11/19 13:00,9104.33,23.06,TRADE
NSW1,2010/11/19 13:30,9037.21,22.95,TRADE
NSW1,2010/11/19 14:00,8908.58,22.89,TRADE
NSW1,2010/11/19 14:30,8776.77,22.94,TRADE
NSW1,2010/11/19 15:00,8776.51,22.63,TRADE
NSW1,2010/11/19 15:30,8841.54,22.82,TRADE
NSW1,2010/11/19 16:00,8851.47,23.69,TRADE
NSW1,2010/11/19 16:30,8798.11,23.76,TRADE
NSW1,2010/11/19 17:00,8733.41,23.05,TRADE
NSW1,2010/11/19 17:30,8542.93,22.43,TRADE
NSW1,2010/11/19 18:00,8544.56,22.1,TRADE
NSW1,2010/11/19 18:30,8468.44,20.84,TRADE
NSW1,2010/11/19 19:00,8507.41,22.2,TRADE
NSW1,2010/11/19 19:30,8575.36,22.55,TRADE
NSW1,2010/11/19 20:00,8434.61,22.19,TRADE
NSW1,2010/11/19 20:30,8201.8,22.21,TRADE
NSW1,2010/11/19 21:00,7990.06,20.25,TRADE
NSW1,2010/11/19 21:30,8040.75,20.77,TRADE
NSW1,2010/11/19 22:00,7989.99,20.67,TRADE
NSW1,2010/11/19 22:30,8099.74,22.65,TRADE
NSW1,2010/11/19 23:00,8030.74,22.51,TRADE
NSW1,2010/11/19 23:30,7861.39,23.22,TRADE
NSW1,2010/11/20 0:00,7698.96,22.96,TRADE
NSW1,2010/11/20 0:30,7498.86,22.39,TRADE
NSW1,2010/11/20 1:00,7281.45,22.82,TRADE
NSW1,2010/11/20 1:30,6936.39,22.93,TRADE
NSW1,2010/11/20 2:00,6676.8,21.88,TRADE
NSW1,2010/11/20 2:30,6396.83,19.7,TRADE
NSW1,2010/11/20 3:00,6314.37,19.76,TRADE
NSW1,2010/11/20 3:30,6267.42,19.83,TRADE
NSW1,2010/11/20 4:00,6277.04,20.56,TRADE
NSW1,2010/11/20 4:30,6376.66,21.14,TRADE
NSW1,2010/11/20 5:00,6391.01,24.37,TRADE
NSW1,2010/11/20 5:30,6606.38,25.22,TRADE
NSW1,2010/11/20 6:00,6879.9,22.69,TRADE
NSW1,2010/11/20 6:30,7200.98,24.48,TRADE
NSW1,2010/11/20 7:00,7572.37,25.32,TRADE
NSW1,2010/11/20 7:30,7989.62,23.47,TRADE
NSW1,2010/11/20 8:00,8264.51,25.2,TRADE
NSW1,2010/11/20 8:30,8421.6,23.85,TRADE
NSW1,2010/11/20 9:00,8495.47,24.46,TRADE
NSW1,2010/11/20 9:30,8544.23,24.57,TRADE
NSW1,2010/11/20 10:00,8481.18,24.05,TRADE
NSW1,2010/11/20 10:30,8466.99,23.27,TRADE
NSW1,2010/11/20 11:00,8380.54,22.94,TRADE
NSW1,2010/11/20 11:30,8307.48,22.92,TRADE
NSW1,2010/11/20 12:00,8208.27,22.88,TRADE
NSW1,2010/11/20 12:30,8103.64,22.77,TRADE
NSW1,2010/11/20 13:00,8019.13,22.24,TRADE
NSW1,2010/11/20 13:30,8052.48,23.14,TRADE
NSW1,2010/11/20 14:00,7998.17,25.25,TRADE
NSW1,2010/11/20 14:30,7995.55,25.25,TRADE
NSW1,2010/11/20 15:00,7981.04,25.25,TRADE
NSW1,2010/11/20 15:30,8033.03,25.25,TRADE
NSW1,2010/11/20 16:00,8018.03,25.25,TRADE
NSW1,2010/11/20 16:30,7973.22,25.25,TRADE
NSW1,2010/11/20 17:00,7977.28,25.25,TRADE
NSW1,2010/11/20 17:30,7982.32,22.81,TRADE
NSW1,2010/11/20 18:00,7905.84,22.33,TRADE
NSW1,2010/11/20 18:30,7847.67,19.61,TRADE
NSW1,2010/11/20 19:00,7901.97,20.45,TRADE
NSW1,2010/11/20 19:30,7984.08,20.75,TRADE
NSW1,2010/11/20 20:00,7928.23,20.81,TRADE
NSW1,2010/11/20 20:30,7755.08,19.98,TRADE
NSW1,2010/11/20 21:00,7653.65,19.67,TRADE
NSW1,2010/11/20 21:30,7576.1,18.55,TRADE
NSW1,2010/11/20 22:00,7483.01,17.44,TRADE
NSW1,2010/11/20 22:30,7566.4,20.67,TRADE
NSW1,2010/11/20 23:00,7456.93,19.58,TRADE
NSW1,2010/11/20 23:30,7278.91,19.76,TRADE
NSW1,2010/11/21 0:00,7090.83,19.98,TRADE
NSW1,2010/11/21 0:30,6986.06,16.87,TRADE
NSW1,2010/11/21 1:00,6760.39,16.43,TRADE
NSW1,2010/11/21 1:30,6527.12,17.21,TRADE
NSW1,2010/11/21 2:00,6294.61,12.31,TRADE
NSW1,2010/11/21 2:30,6139.96,10.86,TRADE
NSW1,2010/11/21 3:00,6051.96,10.77,TRADE
NSW1,2010/11/21 3:30,6005.29,10.41,TRADE
NSW1,2010/11/21 4:00,5980.31,10.3,TRADE
NSW1,2010/11/21 4:30,6036,10.7,TRADE
NSW1,2010/11/21 5:00,6021.97,10.69,TRADE
NSW1,2010/11/21 5:30,6129.97,11.56,TRADE
NSW1,2010/11/21 6:00,6259.3,12,TRADE
NSW1,2010/11/21 6:30,6515.63,16.28,TRADE
NSW1,2010/11/21 7:00,6865.08,20.99,TRADE
NSW1,2010/11/21 7:30,7278.56,21.9,TRADE
NSW1,2010/11/21 8:00,7571.23,21.09,TRADE
NSW1,2010/11/21 8:30,7880.97,22.5,TRADE
NSW1,2010/11/21 9:00,8005.78,22.95,TRADE
NSW1,2010/11/21 9:30,8125.06,22.96,TRADE
NSW1,2010/11/21 10:00,8128.52,23.42,TRADE
NSW1,2010/11/21 10:30,8082.69,22.66,TRADE
NSW1,2010/11/21 11:00,8052.26,22.35,TRADE
NSW1,2010/11/21 11:30,8077.55,22.78,TRADE
NSW1,2010/11/21 12:00,8058.23,22.76,TRADE
NSW1,2010/11/21 12:30,7995.52,21.83,TRADE
NSW1,2010/11/21 13:00,7957.18,21.81,TRADE
NSW1,2010/11/21 13:30,7926.25,22.32,TRADE
NSW1,2010/11/21 14:00,7888.81,22.27,TRADE
NSW1,2010/11/21 14:30,7942.18,22.54,TRADE
NSW1,2010/11/21 15:00,7995.95,22.73,TRADE
NSW1,2010/11/21 15:30,8030.31,22.69,TRADE
NSW1,2010/11/21 16:00,8015.66,21.6,TRADE
NSW1,2010/11/21 16:30,7924.17,21.86,TRADE
NSW1,2010/11/21 17:00,8007.57,22.53,TRADE
NSW1,2010/11/21 17:30,8083.29,22.41,TRADE
NSW1,2010/11/21 18:00,8066.84,21.94,TRADE
NSW1,2010/11/21 18:30,8028.86,22.08,TRADE
NSW1,2010/11/21 19:00,8022.77,22.21,TRADE
NSW1,2010/11/21 19:30,8140.54,22.36,TRADE
NSW1,2010/11/21 20:00,8081.94,22.15,TRADE
NSW1,2010/11/21 20:30,7891.74,22.22,TRADE
NSW1,2010/11/21 21:00,7735.92,21.94,TRADE
NSW1,2010/11/21 21:30,7670.76,21.77,TRADE
NSW1,2010/11/21 22:00,7536.78,20.91,TRADE
NSW1,2010/11/21 22:30,7442.11,20.31,TRADE
NSW1,2010/11/21 23:00,7272.63,19.98,TRADE
NSW1,2010/11/21 23:30,7106.86,19.76,TRADE
NSW1,2010/11/22 0:00,6965.14,19.95,TRADE
NSW1,2010/11/22 0:30,6852.4,18.14,TRADE
NSW1,2010/11/22 1:00,6719.32,18.25,TRADE
NSW1,2010/11/22 1:30,6534.4,19.74,TRADE
NSW1,2010/11/22 2:00,6381.95,20.37,TRADE
NSW1,2010/11/22 2:30,6278.91,19.19,TRADE
NSW1,2010/11/22 3:00,6218.12,19.45,TRADE
NSW1,2010/11/22 3:30,6246.06,19.13,TRADE
NSW1,2010/11/22 4:00,6341.62,20.42,TRADE
NSW1,2010/11/22 4:30,6626.39,23.03,TRADE
NSW1,2010/11/22 5:00,6874.83,23.89,TRADE
NSW1,2010/11/22 5:30,7428.62,20.85,TRADE
NSW1,2010/11/22 6:00,7990.92,23.12,TRADE
NSW1,2010/11/22 6:30,8429.33,23.51,TRADE
NSW1,2010/11/22 7:00,8758.04,24.89,TRADE
NSW1,2010/11/22 7:30,9021.75,21.77,TRADE
NSW1,2010/11/22 8:00,9174.34,24.26,TRADE
NSW1,2010/11/22 8:30,9379.13,25.22,TRADE
NSW1,2010/11/22 9:00,9501.78,25.27,TRADE
NSW1,2010/11/22 9:30,9662.41,25.29,TRADE
NSW1,2010/11/22 10:00,9684.4,25.28,TRADE
NSW1,2010/11/22 10:30,9700.28,25.3,TRADE
NSW1,2010/11/22 11:00,9750.52,25.3,TRADE
NSW1,2010/11/22 11:30,9687.44,25.16,TRADE
NSW1,2010/11/22 12:00,9643.01,25.28,TRADE
NSW1,2010/11/22 12:30,9673.54,25.3,TRADE
NSW1,2010/11/22 13:00,9754.38,25.3,TRADE
NSW1,2010/11/22 13:30,9766.75,25.35,TRADE
NSW1,2010/11/22 14:00,9736.53,25.3,TRADE
NSW1,2010/11/22 14:30,9736.18,25.57,TRADE
NSW1,2010/11/22 15:00,9713.49,25.8,TRADE
NSW1,2010/11/22 15:30,9726.78,25.3,TRADE
NSW1,2010/11/22 16:00,9691.35,25.31,TRADE
NSW1,2010/11/22 16:30,9706.76,25.34,TRADE
NSW1,2010/11/22 17:00,9565.39,25.27,TRADE
NSW1,2010/11/22 17:30,9381.76,25.1,TRADE
NSW1,2010/11/22 18:00,9175.94,25.06,TRADE
NSW1,2010/11/22 18:30,8997.81,22.61,TRADE
NSW1,2010/11/22 19:00,8910.26,23.16,TRADE
NSW1,2010/11/22 19:30,8961.54,23.63,TRADE
NSW1,2010/11/22 20:00,8881.13,23.21,TRADE
NSW1,2010/11/22 20:30,8608.68,20.89,TRADE
NSW1,2010/11/22 21:00,8331.93,20.51,TRADE
NSW1,2010/11/22 21:30,8326.58,22.71,TRADE
NSW1,2010/11/22 22:00,8210.31,22.84,TRADE
NSW1,2010/11/22 22:30,8095.65,24.71,TRADE
NSW1,2010/11/22 23:00,7990.08,23.35,TRADE
NSW1,2010/11/22 23:30,7809.96,21.95,TRADE
NSW1,2010/11/23 0:00,7676.74,21.42,TRADE
NSW1,2010/11/23 0:30,7488.34,19.97,TRADE
NSW1,2010/11/23 1:00,7284.98,20.06,TRADE
NSW1,2010/11/23 1:30,6955.98,20.72,TRADE
NSW1,2010/11/23 2:00,6695.74,19.42,TRADE
NSW1,2010/11/23 2:30,6565.37,16.44,TRADE
NSW1,2010/11/23 3:00,6467.37,15.82,TRADE
NSW1,2010/11/23 3:30,6419.44,15.96,TRADE
NSW1,2010/11/23 4:00,6535.9,20.73,TRADE
NSW1,2010/11/23 4:30,6693.26,23.46,TRADE
NSW1,2010/11/23 5:00,6915.04,24.74,TRADE
NSW1,2010/11/23 5:30,7480.59,23.36,TRADE
NSW1,2010/11/23 6:00,8073.68,25.2,TRADE
NSW1,2010/11/23 6:30,8496.22,24.8,TRADE
NSW1,2010/11/23 7:00,8859.66,25.22,TRADE
NSW1,2010/11/23 7:30,9040.25,22.87,TRADE
NSW1,2010/11/23 8:00,9218.58,24.74,TRADE
NSW1,2010/11/23 8:30,9422.82,25.26,TRADE
NSW1,2010/11/23 9:00,9549.47,25.29,TRADE
NSW1,2010/11/23 9:30,9631.52,25.34,TRADE
NSW1,2010/11/23 10:00,9691.09,25.27,TRADE
NSW1,2010/11/23 10:30,9694.25,25.17,TRADE
NSW1,2010/11/23 11:00,9714.88,25.3,TRADE
NSW1,2010/11/23 11:30,9721.51,25.14,TRADE
NSW1,2010/11/23 12:00,9793.06,25.28,TRADE
NSW1,2010/11/23 12:30,9760.63,25.18,TRADE
NSW1,2010/11/23 13:00,9741.99,25.3,TRADE
NSW1,2010/11/23 13:30,9808.03,27.9,TRADE
NSW1,2010/11/23 14:00,9826.22,25.57,TRADE
NSW1,2010/11/23 14:30,9778.31,25.3,TRADE
NSW1,2010/11/23 15:00,9820.92,25.32,TRADE
NSW1,2010/11/23 15:30,9880.44,30.42,TRADE
NSW1,2010/11/23 16:00,9872.48,26.18,TRADE
NSW1,2010/11/23 16:30,9783.38,25.24,TRADE
NSW1,2010/11/23 17:00,9720.19,24.07,TRADE
NSW1,2010/11/23 17:30,9433.17,25.13,TRADE
NSW1,2010/11/23 18:00,9303.74,25.23,TRADE
NSW1,2010/11/23 18:30,9061.45,25.2,TRADE
NSW1,2010/11/23 19:00,9019.82,25.26,TRADE
NSW1,2010/11/23 19:30,9066.22,25.22,TRADE
NSW1,2010/11/23 20:00,8970.96,25.29,TRADE
NSW1,2010/11/23 20:30,8717.53,25.15,TRADE
NSW1,2010/11/23 21:00,8420.32,23.53,TRADE
NSW1,2010/11/23 21:30,8422.73,24.46,TRADE
NSW1,2010/11/23 22:00,8254.52,23.17,TRADE
NSW1,2010/11/23 22:30,8194.7,27.22,TRADE
NSW1,2010/11/23 23:00,8091.06,25.34,TRADE
NSW1,2010/11/23 23:30,7880.16,25.16,TRADE
NSW1,2010/11/24 0:00,7719.93,25.21,TRADE
NSW1,2010/11/24 0:30,7555.17,24.48,TRADE
NSW1,2010/11/24 1:00,7363.01,24.09,TRADE
NSW1,2010/11/24 1:30,7047.69,24.02,TRADE
NSW1,2010/11/24 2:00,6746.96,20.53,TRADE
NSW1,2010/11/24 2:30,6545.98,20.21,TRADE
NSW1,2010/11/24 3:00,6463.73,19.86,TRADE
NSW1,2010/11/24 3:30,6456.23,21.24,TRADE
NSW1,2010/11/24 4:00,6490.03,20.9,TRADE
NSW1,2010/11/24 4:30,6737.62,22.46,TRADE
NSW1,2010/11/24 5:00,6967.2,23.97,TRADE
NSW1,2010/11/24 5:30,7567.01,22.9,TRADE
NSW1,2010/11/24 6:00,8137.38,23.93,TRADE
NSW1,2010/11/24 6:30,8556.23,24.4,TRADE
NSW1,2010/11/24 7:00,8966.92,25.54,TRADE
NSW1,2010/11/24 7:30,9197.37,22.71,TRADE
NSW1,2010/11/24 8:00,9357.05,25.22,TRADE
NSW1,2010/11/24 8:30,9614.87,25.3,TRADE
NSW1,2010/11/24 9:00,9787.37,24.34,TRADE
NSW1,2010/11/24 9:30,9877.89,25.31,TRADE
NSW1,2010/11/24 10:00,9929.24,25.33,TRADE
NSW1,2010/11/24 10:30,9991.64,25.31,TRADE
NSW1,2010/11/24 11:00,10069.66,24.99,TRADE
NSW1,2010/11/24 11:30,10115.05,25.26,TRADE
NSW1,2010/11/24 12:00,10063.61,25.29,TRADE
NSW1,2010/11/24 12:30,10120.29,25.3,TRADE
NSW1,2010/11/24 13:00,10125.07,25.29,TRADE
NSW1,2010/11/24 13:30,10195.46,25.35,TRADE
NSW1,2010/11/24 14:00,10183.76,25.59,TRADE
NSW1,2010/11/24 14:30,10173.81,25.54,TRADE
NSW1,2010/11/24 15:00,10198.73,25.62,TRADE
NSW1,2010/11/24 15:30,10228.02,25.78,TRADE
NSW1,2010/11/24 16:00,10180.88,25.31,TRADE
NSW1,2010/11/24 16:30,10039.71,25.28,TRADE
NSW1,2010/11/24 17:00,9911.18,25.3,TRADE
NSW1,2010/11/24 17:30,9599.43,24.35,TRADE
NSW1,2010/11/24 18:00,9435.21,25.25,TRADE
NSW1,2010/11/24 18:30,9241.65,22.8,TRADE
NSW1,2010/11/24 19:00,9194.97,25.28,TRADE
NSW1,2010/11/24 19:30,9289.21,25.3,TRADE
NSW1,2010/11/24 20:00,9153.82,25.23,TRADE
NSW1,2010/11/24 20:30,8898.44,25.21,TRADE
NSW1,2010/11/24 21:00,8589.48,24.52,TRADE
NSW1,2010/11/24 21:30,8558.74,24.05,TRADE
NSW1,2010/11/24 22:00,8384.7,23.34,TRADE
NSW1,2010/11/24 22:30,8342.53,25.66,TRADE
NSW1,2010/11/24 23:00,8145.04,24.78,TRADE
NSW1,2010/11/24 23:30,7909.66,25.05,TRADE
NSW1,2010/11/25 0:00,7755.32,23.58,TRADE
NSW1,2010/11/25 0:30,7558.41,21.75,TRADE
NSW1,2010/11/25 1:00,7321.07,21.81,TRADE
NSW1,2010/11/25 1:30,7041.48,23.43,TRADE
NSW1,2010/11/25 2:00,6771.25,21.55,TRADE
NSW1,2010/11/25 2:30,6577.29,20.37,TRADE
NSW1,2010/11/25 3:00,6498.16,19.95,TRADE
NSW1,2010/11/25 3:30,6477.33,19.8,TRADE
NSW1,2010/11/25 4:00,6538.42,20.11,TRADE
NSW1,2010/11/25 4:30,6811.02,22.78,TRADE
NSW1,2010/11/25 5:00,7053.07,23.8,TRADE
NSW1,2010/11/25 5:30,7632.94,25.58,TRADE
NSW1,2010/11/25 6:00,8254.66,24.54,TRADE
NSW1,2010/11/25 6:30,8625.28,25.8,TRADE
NSW1,2010/11/25 7:00,9109.19,28.84,TRADE
NSW1,2010/11/25 7:30,9351.73,22.88,TRADE
NSW1,2010/11/25 8:00,9524.71,25.3,TRADE
NSW1,2010/11/25 8:30,9745.98,25.6,TRADE
NSW1,2010/11/25 9:00,9846.09,25.36,TRADE
NSW1,2010/11/25 9:30,10021.9,26.02,TRADE
NSW1,2010/11/25 10:00,10148.47,27.12,TRADE
NSW1,2010/11/25 10:30,10267.65,25.58,TRADE
NSW1,2010/11/25 11:00,10362.41,25.71,TRADE
NSW1,2010/11/25 11:30,10388.59,25.93,TRADE
NSW1,2010/11/25 12:00,10414.24,25.31,TRADE
NSW1,2010/11/25 12:30,10403.69,26.05,TRADE
NSW1,2010/11/25 13:00,10440.24,26.36,TRADE
NSW1,2010/11/25 13:30,10620.56,32.63,TRADE
NSW1,2010/11/25 14:00,10650.94,32.69,TRADE
NSW1,2010/11/25 14:30,10643.29,28.49,TRADE
NSW1,2010/11/25 15:00,10694.56,26.41,TRADE
NSW1,2010/11/25 15:30,10692.94,26.96,TRADE
NSW1,2010/11/25 16:00,10689.43,26.48,TRADE
NSW1,2010/11/25 16:30,10530.78,25.43,TRADE
NSW1,2010/11/25 17:00,10424.86,25.68,TRADE
NSW1,2010/11/25 17:30,10160.29,25.31,TRADE
NSW1,2010/11/25 18:00,9981.71,25.3,TRADE
NSW1,2010/11/25 18:30,9721.96,25.31,TRADE
NSW1,2010/11/25 19:00,9657.44,25.39,TRADE
NSW1,2010/11/25 19:30,9734.3,25.44,TRADE
NSW1,2010/11/25 20:00,9537.98,25.57,TRADE
NSW1,2010/11/25 20:30,9168.17,25.25,TRADE
NSW1,2010/11/25 21:00,8777.41,25.01,TRADE
NSW1,2010/11/25 21:30,8706.14,25.13,TRADE
NSW1,2010/11/25 22:00,8499.08,22.42,TRADE
NSW1,2010/11/25 22:30,8415.3,27.86,TRADE
NSW1,2010/11/25 23:00,8180.84,25.21,TRADE
NSW1,2010/11/25 23:30,7949.34,25.26,TRADE
NSW1,2010/11/26 0:00,7775.08,24.09,TRADE
NSW1,2010/11/26 0:30,7581.4,21.85,TRADE
NSW1,2010/11/26 1:00,7360.68,22.04,TRADE
NSW1,2010/11/26 1:30,7064.31,23.03,TRADE
NSW1,2010/11/26 2:00,6799.95,21.44,TRADE
NSW1,2010/11/26 2:30,6646.55,20.52,TRADE
NSW1,2010/11/26 3:00,6552.58,19.95,TRADE
NSW1,2010/11/26 3:30,6554.46,20.56,TRADE
NSW1,2010/11/26 4:00,6598.42,21.27,TRADE
NSW1,2010/11/26 4:30,6851.71,22.94,TRADE
NSW1,2010/11/26 5:00,7080.41,24.67,TRADE
NSW1,2010/11/26 5:30,7667.22,25.34,TRADE
NSW1,2010/11/26 6:00,8248.85,24.86,TRADE
NSW1,2010/11/26 6:30,8675.16,26.86,TRADE
NSW1,2010/11/26 7:00,9128.69,30.15,TRADE
NSW1,2010/11/26 7:30,9476.48,22.19,TRADE
NSW1,2010/11/26 8:00,9639.17,25.29,TRADE
NSW1,2010/11/26 8:30,9914.24,25.42,TRADE
NSW1,2010/11/26 9:00,10135.8,26,TRADE
NSW1,2010/11/26 9:30,10269.76,28.23,TRADE
NSW1,2010/11/26 10:00,10321.19,25.24,TRADE
NSW1,2010/11/26 10:30,10324.75,26.37,TRADE
NSW1,2010/11/26 11:00,10320.05,31.47,TRADE
NSW1,2010/11/26 11:30,10381.99,32.24,TRADE
NSW1,2010/11/26 12:00,10424.77,33.24,TRADE
NSW1,2010/11/26 12:30,10451.54,34.56,TRADE
NSW1,2010/11/26 13:00,10421.55,34.48,TRADE
NSW1,2010/11/26 13:30,10450.3,34.84,TRADE
NSW1,2010/11/26 14:00,10426.76,33.8,TRADE
NSW1,2010/11/26 14:30,10277.76,28.79,TRADE
NSW1,2010/11/26 15:00,10291.07,32.26,TRADE
NSW1,2010/11/26 15:30,10285.62,33.24,TRADE
NSW1,2010/11/26 16:00,10232.31,32.51,TRADE
NSW1,2010/11/26 16:30,10072.12,25.32,TRADE
NSW1,2010/11/26 17:00,9832.09,25.29,TRADE
NSW1,2010/11/26 17:30,9540,25.28,TRADE
NSW1,2010/11/26 18:00,9281.73,25.29,TRADE
NSW1,2010/11/26 18:30,9077.4,25.26,TRADE
NSW1,2010/11/26 19:00,9018.19,25.31,TRADE
NSW1,2010/11/26 19:30,9105.48,25.22,TRADE
NSW1,2010/11/26 20:00,9010.16,25.27,TRADE
NSW1,2010/11/26 20:30,8792.14,25.18,TRADE
NSW1,2010/11/26 21:00,8556.31,24.38,TRADE
NSW1,2010/11/26 21:30,8555.48,24.18,TRADE
NSW1,2010/11/26 22:00,8381.8,22.35,TRADE
NSW1,2010/11/26 22:30,8409.98,32.37,TRADE
NSW1,2010/11/26 23:00,8243.95,25.14,TRADE
NSW1,2010/11/26 23:30,8007.6,25.27,TRADE
NSW1,2010/11/27 0:00,7775.14,25.14,TRADE
NSW1,2010/11/27 0:30,7621.58,25.05,TRADE
NSW1,2010/11/27 1:00,7352.58,23.92,TRADE
NSW1,2010/11/27 1:30,7055.24,24.33,TRADE
NSW1,2010/11/27 2:00,6785.56,23.49,TRADE
NSW1,2010/11/27 2:30,6631.69,21.94,TRADE
NSW1,2010/11/27 3:00,6515.74,20.63,TRADE
NSW1,2010/11/27 3:30,6447.65,20.21,TRADE
NSW1,2010/11/27 4:00,6450.86,19.77,TRADE
NSW1,2010/11/27 4:30,6504.6,21.55,TRADE
NSW1,2010/11/27 5:00,6583.8,25.24,TRADE
NSW1,2010/11/27 5:30,6820.93,35.36,TRADE
NSW1,2010/11/27 6:00,7074.62,25.3,TRADE
NSW1,2010/11/27 6:30,7480.55,25.95,TRADE
NSW1,2010/11/27 7:00,7848.92,25.41,TRADE
NSW1,2010/11/27 7:30,8329.09,25.51,TRADE
NSW1,2010/11/27 8:00,8608.05,25.06,TRADE
NSW1,2010/11/27 8:30,8961.58,24.56,TRADE
NSW1,2010/11/27 9:00,9017.24,25.25,TRADE
NSW1,2010/11/27 9:30,9193.34,24.6,TRADE
NSW1,2010/11/27 10:00,9212.99,25.18,TRADE
NSW1,2010/11/27 10:30,9222.8,24.57,TRADE
NSW1,2010/11/27 11:00,9235.72,25.14,TRADE
NSW1,2010/11/27 11:30,9268.29,25.19,TRADE
NSW1,2010/11/27 12:00,9166.05,25,TRADE
NSW1,2010/11/27 12:30,9208.1,25.31,TRADE
NSW1,2010/11/27 13:00,9229.47,25.31,TRADE
NSW1,2010/11/27 13:30,9191.43,25.45,TRADE
NSW1,2010/11/27 14:00,9211.02,25.66,TRADE
NSW1,2010/11/27 14:30,9105.96,25.3,TRADE
NSW1,2010/11/27 15:00,9056.33,25.31,TRADE
NSW1,2010/11/27 15:30,9102.75,27.32,TRADE
NSW1,2010/11/27 16:00,9107.86,25.31,TRADE
NSW1,2010/11/27 16:30,8917,25.31,TRADE
NSW1,2010/11/27 17:00,8822.83,25.28,TRADE
NSW1,2010/11/27 17:30,8712.19,25.3,TRADE
NSW1,2010/11/27 18:00,8554.41,25.3,TRADE
NSW1,2010/11/27 18:30,8419.46,25.16,TRADE
NSW1,2010/11/27 19:00,8377.18,24.74,TRADE
NSW1,2010/11/27 19:30,8537.98,25.26,TRADE
NSW1,2010/11/27 20:00,8434.52,25.27,TRADE
NSW1,2010/11/27 20:30,8251.53,24.68,TRADE
NSW1,2010/11/27 21:00,8073.58,24.48,TRADE
NSW1,2010/11/27 21:30,8015.31,23.62,TRADE
NSW1,2010/11/27 22:00,7965.3,22.31,TRADE
NSW1,2010/11/27 22:30,7921.39,22.07,TRADE
NSW1,2010/11/27 23:00,7696.89,20.83,TRADE
NSW1,2010/11/27 23:30,7437.95,22.12,TRADE
NSW1,2010/11/28 0:00,7239.79,18.89,TRADE
NSW1,2010/11/28 0:30,7042.03,20.44,TRADE
NSW1,2010/11/28 1:00,6899.01,21.01,TRADE
NSW1,2010/11/28 1:30,6665.75,22.79,TRADE
NSW1,2010/11/28 2:00,6421.44,18.31,TRADE
NSW1,2010/11/28 2:30,6247.71,14.93,TRADE
NSW1,2010/11/28 3:00,6241.86,15.16,TRADE
NSW1,2010/11/28 3:30,6191.66,13.71,TRADE
NSW1,2010/11/28 4:00,6158.63,13.35,TRADE
NSW1,2010/11/28 4:30,6208.94,15.11,TRADE
NSW1,2010/11/28 5:00,6166.45,14.17,TRADE
NSW1,2010/11/28 5:30,6243.24,14.59,TRADE
NSW1,2010/11/28 6:00,6440.46,15.8,TRADE
NSW1,2010/11/28 6:30,6751.08,18.08,TRADE
NSW1,2010/11/28 7:00,7064.03,22.4,TRADE
NSW1,2010/11/28 7:30,7437.11,24.24,TRADE
NSW1,2010/11/28 8:00,7727.5,21.64,TRADE
NSW1,2010/11/28 8:30,7984.53,20.72,TRADE
NSW1,2010/11/28 9:00,8152.66,21.31,TRADE
NSW1,2010/11/28 9:30,8279.98,22.34,TRADE
NSW1,2010/11/28 10:00,8321.88,23.74,TRADE
NSW1,2010/11/28 10:30,8311.75,22.86,TRADE
NSW1,2010/11/28 11:00,8375.56,23.77,TRADE
NSW1,2010/11/28 11:30,8283.17,21.44,TRADE
NSW1,2010/11/28 12:00,8275.1,21.33,TRADE
NSW1,2010/11/28 12:30,8161.08,20.47,TRADE
NSW1,2010/11/28 13:00,8094.9,20.9,TRADE
NSW1,2010/11/28 13:30,8105.09,21.09,TRADE
NSW1,2010/11/28 14:00,8096.23,21.35,TRADE
NSW1,2010/11/28 14:30,8120.49,21.39,TRADE
NSW1,2010/11/28 15:00,8081.84,20.5,TRADE
NSW1,2010/11/28 15:30,8109.79,21.24,TRADE
NSW1,2010/11/28 16:00,8197.5,21.7,TRADE
NSW1,2010/11/28 16:30,8205.53,22.06,TRADE
NSW1,2010/11/28 17:00,8266.91,23.49,TRADE
NSW1,2010/11/28 17:30,8327.65,22.48,TRADE
NSW1,2010/11/28 18:00,8263.45,22.61,TRADE
NSW1,2010/11/28 18:30,8156.93,22.42,TRADE
NSW1,2010/11/28 19:00,8184.06,22.64,TRADE
NSW1,2010/11/28 19:30,8324.47,23.01,TRADE
NSW1,2010/11/28 20:00,8254.33,24.12,TRADE
NSW1,2010/11/28 20:30,8071.07,23.84,TRADE
NSW1,2010/11/28 21:00,7900.53,23.04,TRADE
NSW1,2010/11/28 21:30,7789.66,22.35,TRADE
NSW1,2010/11/28 22:00,7572.89,20.65,TRADE
NSW1,2010/11/28 22:30,7470.29,19.95,TRADE
NSW1,2010/11/28 23:00,7255.79,19.01,TRADE
NSW1,2010/11/28 23:30,7066.29,19.93,TRADE
NSW1,2010/11/29 0:00,6992.16,19.71,TRADE
NSW1,2010/11/29 0:30,6843.24,18.09,TRADE
NSW1,2010/11/29 1:00,6716.09,18.64,TRADE
NSW1,2010/11/29 1:30,6553.76,20.66,TRADE
NSW1,2010/11/29 2:00,6352.7,17.63,TRADE
NSW1,2010/11/29 2:30,6281.24,17.62,TRADE
NSW1,2010/11/29 3:00,6249.09,15.07,TRADE
NSW1,2010/11/29 3:30,6297.8,17.01,TRADE
NSW1,2010/11/29 4:00,6281.89,16.89,TRADE
NSW1,2010/11/29 4:30,6527.21,20.98,TRADE
NSW1,2010/11/29 5:00,6776.26,23.01,TRADE
NSW1,2010/11/29 5:30,7331.34,25.28,TRADE
NSW1,2010/11/29 6:00,7877.59,20.85,TRADE
NSW1,2010/11/29 6:30,8387.56,24.96,TRADE
NSW1,2010/11/29 7:00,8791.79,25.54,TRADE
NSW1,2010/11/29 7:30,9068.34,22.33,TRADE
NSW1,2010/11/29 8:00,9195.86,24.96,TRADE
NSW1,2010/11/29 8:30,9357.81,25.25,TRADE
NSW1,2010/11/29 9:00,9482.36,25.14,TRADE
NSW1,2010/11/29 9:30,9557.18,25.08,TRADE
NSW1,2010/11/29 10:00,9506.76,25.27,TRADE
NSW1,2010/11/29 10:30,9494.25,24.97,TRADE
NSW1,2010/11/29 11:00,9547.87,25.28,TRADE
NSW1,2010/11/29 11:30,9446.35,25.27,TRADE
NSW1,2010/11/29 12:00,9366.44,25.28,TRADE
NSW1,2010/11/29 12:30,9367.7,25.39,TRADE
NSW1,2010/11/29 13:00,9388.01,25.3,TRADE
NSW1,2010/11/29 13:30,9300.02,26.36,TRADE
NSW1,2010/11/29 14:00,9268.14,25.29,TRADE
NSW1,2010/11/29 14:30,9263.74,25.34,TRADE
NSW1,2010/11/29 15:00,9228.2,25.3,TRADE
NSW1,2010/11/29 15:30,9271.1,25.32,TRADE
NSW1,2010/11/29 16:00,9342.75,25.35,TRADE
NSW1,2010/11/29 16:30,9400.46,25.36,TRADE
NSW1,2010/11/29 17:00,9359.57,25.21,TRADE
NSW1,2010/11/29 17:30,9250.46,25.29,TRADE
NSW1,2010/11/29 18:00,9093.62,25.22,TRADE
NSW1,2010/11/29 18:30,8921.77,22.92,TRADE
NSW1,2010/11/29 19:00,8819.34,24.98,TRADE
NSW1,2010/11/29 19:30,8845.23,24.73,TRADE
NSW1,2010/11/29 20:00,8627.71,22.94,TRADE
NSW1,2010/11/29 20:30,8368.82,21.53,TRADE
NSW1,2010/11/29 21:00,8059.55,19.97,TRADE
NSW1,2010/11/29 21:30,8030.84,19.8,TRADE
NSW1,2010/11/29 22:00,7823.82,17.28,TRADE
NSW1,2010/11/29 22:30,7809.72,21.8,TRADE
NSW1,2010/11/29 23:00,7743.59,20.15,TRADE
NSW1,2010/11/29 23:30,7599.99,20.52,TRADE
NSW1,2010/11/30 0:00,7486.74,20.31,TRADE
NSW1,2010/11/30 0:30,7365.91,20.39,TRADE
NSW1,2010/11/30 1:00,7196.1,20.59,TRADE
NSW1,2010/11/30 1:30,6904.89,20.81,TRADE
NSW1,2010/11/30 2:00,6589.38,15.88,TRADE
NSW1,2010/11/30 2:30,6427.24,15.31,TRADE
NSW1,2010/11/30 3:00,6344.64,14.33,TRADE
NSW1,2010/11/30 3:30,6309.51,14.91,TRADE
NSW1,2010/11/30 4:00,6446.28,20.83,TRADE
NSW1,2010/11/30 4:30,6672.93,21.81,TRADE
NSW1,2010/11/30 5:00,6930.36,21.97,TRADE
NSW1,2010/11/30 5:30,7518.19,24.49,TRADE
NSW1,2010/11/30 6:00,8137.44,25.1,TRADE
NSW1,2010/11/30 6:30,8502.02,22.77,TRADE
NSW1,2010/11/30 7:00,8907.83,25.32,TRADE
NSW1,2010/11/30 7:30,9053.67,24.54,TRADE
NSW1,2010/11/30 8:00,9127.21,25.28,TRADE
NSW1,2010/11/30 8:30,9290.15,24.75,TRADE
NSW1,2010/11/30 9:00,9398.54,25.24,TRADE
NSW1,2010/11/30 9:30,9471.39,24.11,TRADE
NSW1,2010/11/30 10:00,9518.63,25.26,TRADE
NSW1,2010/11/30 10:30,9512.94,25.2,TRADE
NSW1,2010/11/30 11:00,9475.56,25.27,TRADE
NSW1,2010/11/30 11:30,9524.75,25.28,TRADE
NSW1,2010/11/30 12:00,9459.6,25.21,TRADE
NSW1,2010/11/30 12:30,9450.12,25.22,TRADE
NSW1,2010/11/30 13:00,9433.43,25.13,TRADE
NSW1,2010/11/30 13:30,9424.38,25.21,TRADE
NSW1,2010/11/30 14:00,9422.29,25.26,TRADE
NSW1,2010/11/30 14:30,9362.09,25.02,TRADE
NSW1,2010/11/30 15:00,9414.97,25.15,TRADE
NSW1,2010/11/30 15:30,9402.16,25.28,TRADE
NSW1,2010/11/30 16:00,9475.24,25.31,TRADE
NSW1,2010/11/30 16:30,9436.82,25.3,TRADE
NSW1,2010/11/30 17:00,9434.39,25.36,TRADE
NSW1,2010/11/30 17:30,9152.26,25.31,TRADE
NSW1,2010/11/30 18:00,9108.13,25.3,TRADE
NSW1,2010/11/30 18:30,8907.29,24.39,TRADE
NSW1,2010/11/30 19:00,8900.34,25.28,TRADE
NSW1,2010/11/30 19:30,8932.27,25.31,TRADE
NSW1,2010/11/30 20:00,8759.71,25.2,TRADE
NSW1,2010/11/30 20:30,8487,23.95,TRADE
NSW1,2010/11/30 21:00,8211.04,20.78,TRADE
NSW1,2010/11/30 21:30,8264.15,21.04,TRADE
NSW1,2010/11/30 22:00,8009.86,19.79,TRADE
NSW1,2010/11/30 22:30,8072.83,21.57,TRADE
NSW1,2010/11/30 23:00,7969.69,20.93,TRADE
NSW1,2010/11/30 23:30,7781.7,20.92,TRADE
NSW1,2010/12/1 0:00,7605.3,20.51,TRADE
?NSW1,2010/12/1 0:30,7397.18,19.99,TRADE
NSW1,2010/12/1 1:00,7257.96,20.64,TRADE
NSW1,2010/12/1 1:30,6914.44,19.99,TRADE
NSW1,2010/12/1 2:00,6744.45,19.15,TRADE
NSW1,2010/12/1 2:30,6496.76,19.66,TRADE
NSW1,2010/12/1 3:00,6380.44,18.81,TRADE
NSW1,2010/12/1 3:30,6360.47,19.44,TRADE
NSW1,2010/12/1 4:00,6453.71,19.88,TRADE
NSW1,2010/12/1 4:30,6685.78,20.11,TRADE
NSW1,2010/12/1 5:00,7018.36,24.72,TRADE
NSW1,2010/12/1 5:30,7567.88,24.63,TRADE
NSW1,2010/12/1 6:00,8120.03,23.89,TRADE
NSW1,2010/12/1 6:30,8611.67,25.28,TRADE
NSW1,2010/12/1 7:00,9087.19,25.88,TRADE
NSW1,2010/12/1 7:30,9205.01,23.53,TRADE
NSW1,2010/12/1 8:00,9250.63,25.56,TRADE
NSW1,2010/12/1 8:30,9467.37,25.66,TRADE
NSW1,2010/12/1 9:00,9595.48,25.62,TRADE
NSW1,2010/12/1 9:30,9662.11,23.9,TRADE
NSW1,2010/12/1 10:00,9677.35,25.33,TRADE
NSW1,2010/12/1 10:30,9693.99,25.49,TRADE
NSW1,2010/12/1 11:00,9674,25.31,TRADE
NSW1,2010/12/1 11:30,9520.06,26.51,TRADE
NSW1,2010/12/1 12:00,9399.9,24.56,TRADE
NSW1,2010/12/1 12:30,9341.91,25.29,TRADE
NSW1,2010/12/1 13:00,9321.29,25.13,TRADE
NSW1,2010/12/1 13:30,9342.38,25.31,TRADE
NSW1,2010/12/1 14:00,9334.95,23.77,TRADE
NSW1,2010/12/1 14:30,9327.12,24.52,TRADE
NSW1,2010/12/1 15:00,9333.91,24.85,TRADE
NSW1,2010/12/1 15:30,9328.46,25.39,TRADE
NSW1,2010/12/1 16:00,9356.4,25.31,TRADE
NSW1,2010/12/1 16:30,9377.76,25.36,TRADE
NSW1,2010/12/1 17:00,9356.08,25.31,TRADE
NSW1,2010/12/1 17:30,9142.33,25.3,TRADE
NSW1,2010/12/1 18:00,9026.38,25.28,TRADE
NSW1,2010/12/1 18:30,8924.31,25.26,TRADE
NSW1,2010/12/1 19:00,8864.62,25.31,TRADE
NSW1,2010/12/1 19:30,8800.34,25,TRADE
NSW1,2010/12/1 20:00,8667.82,25.28,TRADE
NSW1,2010/12/1 20:30,8485.33,24.84,TRADE
NSW1,2010/12/1 21:00,8184.69,23.03,TRADE
NSW1,2010/12/1 21:30,8174.3,22.13,TRADE
NSW1,2010/12/1 22:00,8055.39,22.02,TRADE
NSW1,2010/12/1 22:30,8067.28,23.71,TRADE
NSW1,2010/12/1 23:00,7956.62,22.66,TRADE
NSW1,2010/12/1 23:30,7782.86,23.36,TRADE
NSW1,2010/12/2 0:00,7656.58,22.44,TRADE
NSW1,2010/12/2 0:30,7479.25,21.23,TRADE
NSW1,2010/12/2 1:00,7253.48,21.03,TRADE
NSW1,2010/12/2 1:30,6997.73,24.37,TRADE
NSW1,2010/12/2 2:00,6697.31,24.33,TRADE
NSW1,2010/12/2 2:30,6495.14,21.37,TRADE
NSW1,2010/12/2 3:00,6385.37,19.88,TRADE
NSW1,2010/12/2 3:30,6388.82,19.48,TRADE
NSW1,2010/12/2 4:00,6469.15,19.96,TRADE
NSW1,2010/12/2 4:30,6701.75,21.84,TRADE
NSW1,2010/12/2 5:00,6914.02,23.62,TRADE
NSW1,2010/12/2 5:30,7488.23,24.62,TRADE
NSW1,2010/12/2 6:00,8049.46,23.16,TRADE
NSW1,2010/12/2 6:30,8442.19,25.55,TRADE
NSW1,2010/12/2 7:00,8901.89,26.47,TRADE
NSW1,2010/12/2 7:30,9133.85,22.7,TRADE
NSW1,2010/12/2 8:00,9224,24.82,TRADE
NSW1,2010/12/2 8:30,9456.13,25.32,TRADE
NSW1,2010/12/2 9:00,9599.82,25.32,TRADE
NSW1,2010/12/2 9:30,9696.93,25.32,TRADE
NSW1,2010/12/2 10:00,9716.15,25.32,TRADE
NSW1,2010/12/2 10:30,9683.64,25.32,TRADE
NSW1,2010/12/2 11:00,9701.91,25.32,TRADE
NSW1,2010/12/2 11:30,9698.27,25.35,TRADE
NSW1,2010/12/2 12:00,9640.22,25.31,TRADE
NSW1,2010/12/2 12:30,9691.94,25.32,TRADE
NSW1,2010/12/2 13:00,9685.57,25.35,TRADE
NSW1,2010/12/2 13:30,9730.46,24.99,TRADE
NSW1,2010/12/2 14:00,9666.57,24.38,TRADE
NSW1,2010/12/2 14:30,9489.31,22.94,TRADE
NSW1,2010/12/2 15:00,9536.09,25.27,TRADE
NSW1,2010/12/2 15:30,9513.78,25.2,TRADE
NSW1,2010/12/2 16:00,9505.3,25.26,TRADE
NSW1,2010/12/2 16:30,9472.51,25.3,TRADE
NSW1,2010/12/2 17:00,9471.54,25.29,TRADE
NSW1,2010/12/2 17:30,9214.27,24.1,TRADE
NSW1,2010/12/2 18:00,9103.36,25.27,TRADE
NSW1,2010/12/2 18:30,8967.74,25.25,TRADE
NSW1,2010/12/2 19:00,8939.74,25.25,TRADE
NSW1,2010/12/2 19:30,9037.84,25.2,TRADE
NSW1,2010/12/2 20:00,8926.12,26.74,TRADE
NSW1,2010/12/2 20:30,8672.38,25.07,TRADE
NSW1,2010/12/2 21:00,8349.17,23.71,TRADE
NSW1,2010/12/2 21:30,8373.84,23.47,TRADE
NSW1,2010/12/2 22:00,8233.03,21.51,TRADE
NSW1,2010/12/2 22:30,8222.77,28.97,TRADE
NSW1,2010/12/2 23:00,8067.77,24.81,TRADE
NSW1,2010/12/2 23:30,7873.98,26.55,TRADE
NSW1,2010/12/3 0:00,7699.36,24.15,TRADE
NSW1,2010/12/3 0:30,7537.08,24.46,TRADE
NSW1,2010/12/3 1:00,7392.4,21.9,TRADE
NSW1,2010/12/3 1:30,7066.04,24.2,TRADE
NSW1,2010/12/3 2:00,6756.79,23.22,TRADE
NSW1,2010/12/3 2:30,6593.92,19.87,TRADE
NSW1,2010/12/3 3:00,6474.21,20.6,TRADE
NSW1,2010/12/3 3:30,6476.41,20.2,TRADE
NSW1,2010/12/3 4:00,6564.8,21.25,TRADE
NSW1,2010/12/3 4:30,6786.13,23.25,TRADE
NSW1,2010/12/3 5:00,7053.51,23.94,TRADE
NSW1,2010/12/3 5:30,7583.67,25.09,TRADE
NSW1,2010/12/3 6:00,8147.22,23.91,TRADE
NSW1,2010/12/3 6:30,8321.58,23.55,TRADE
NSW1,2010/12/3 7:00,8765.5,25.32,TRADE
NSW1,2010/12/3 7:30,9016.14,21.87,TRADE
NSW1,2010/12/3 8:00,9362.55,24.29,TRADE
NSW1,2010/12/3 8:30,9787.3,26.01,TRADE
NSW1,2010/12/3 9:00,9932.43,25.29,TRADE
NSW1,2010/12/3 9:30,10048.65,25.46,TRADE
NSW1,2010/12/3 10:00,10067.54,25.22,TRADE
NSW1,2010/12/3 10:30,10063.7,25.32,TRADE
NSW1,2010/12/3 11:00,10123.17,27.28,TRADE
NSW1,2010/12/3 11:30,10090.39,25.41,TRADE
NSW1,2010/12/3 12:00,10065.33,25.32,TRADE
NSW1,2010/12/3 12:30,10045.28,25.03,TRADE
NSW1,2010/12/3 13:00,10056.09,25.32,TRADE
NSW1,2010/12/3 13:30,10027.39,25.31,TRADE
NSW1,2010/12/3 14:00,10000.66,25.32,TRADE
NSW1,2010/12/3 14:30,9980.53,25.15,TRADE
NSW1,2010/12/3 15:00,9951.47,25.31,TRADE
NSW1,2010/12/3 15:30,9906.39,25.31,TRADE
NSW1,2010/12/3 16:00,9815.59,25.25,TRADE
NSW1,2010/12/3 16:30,9628.56,25.1,TRADE
NSW1,2010/12/3 17:00,9459.65,23.95,TRADE
NSW1,2010/12/3 17:30,9173.19,22.23,TRADE
NSW1,2010/12/3 18:00,8980.21,21.22,TRADE
NSW1,2010/12/3 18:30,8857.04,22.25,TRADE
NSW1,2010/12/3 19:00,8848.53,21.83,TRADE
NSW1,2010/12/3 19:30,8871.45,22.04,TRADE
NSW1,2010/12/3 20:00,8792.61,24.79,TRADE
NSW1,2010/12/3 20:30,8551.15,23.38,TRADE
NSW1,2010/12/3 21:00,8375.27,21.47,TRADE
NSW1,2010/12/3 21:30,8451.91,20.91,TRADE
NSW1,2010/12/3 22:00,8385.28,20.98,TRADE
NSW1,2010/12/3 22:30,8377.46,22.23,TRADE
NSW1,2010/12/3 23:00,8299.01,21.29,TRADE
NSW1,2010/12/3 23:30,8014.12,21.35,TRADE
NSW1,2010/12/4 0:00,7855.8,21.31,TRADE
NSW1,2010/12/4 0:30,7695.78,19.95,TRADE
NSW1,2010/12/4 1:00,7386.18,19.37,TRADE
NSW1,2010/12/4 1:30,7085.98,19.79,TRADE
NSW1,2010/12/4 2:00,6814.34,19.96,TRADE
NSW1,2010/12/4 2:30,6615.06,19.45,TRADE
NSW1,2010/12/4 3:00,6463.05,16.87,TRADE
NSW1,2010/12/4 3:30,6418.7,19.35,TRADE
NSW1,2010/12/4 4:00,6422.93,19.32,TRADE
NSW1,2010/12/4 4:30,6515.57,19.65,TRADE
NSW1,2010/12/4 5:00,6520.47,19.82,TRADE
NSW1,2010/12/4 5:30,6708.32,22.33,TRADE
NSW1,2010/12/4 6:00,7025.89,21.11,TRADE
NSW1,2010/12/4 6:30,7360.76,21.78,TRADE
NSW1,2010/12/4 7:00,7733.97,23.21,TRADE
NSW1,2010/12/4 7:30,8128.16,24,TRADE
NSW1,2010/12/4 8:00,8451.18,24.64,TRADE
NSW1,2010/12/4 8:30,8810.48,26.73,TRADE
NSW1,2010/12/4 9:00,8874.04,25.31,TRADE
NSW1,2010/12/4 9:30,8992.48,25.32,TRADE
NSW1,2010/12/4 10:00,8987.8,24.84,TRADE
NSW1,2010/12/4 10:30,8916.44,25.44,TRADE
NSW1,2010/12/4 11:00,8932.77,25.48,TRADE
NSW1,2010/12/4 11:30,8875.14,25.3,TRADE
NSW1,2010/12/4 12:00,8795.33,25.72,TRADE
NSW1,2010/12/4 12:30,8741.9,25.05,TRADE
NSW1,2010/12/4 13:00,8755.06,24.91,TRADE
NSW1,2010/12/4 13:30,8739.13,24.67,TRADE
NSW1,2010/12/4 14:00,8734.63,25.31,TRADE
NSW1,2010/12/4 14:30,8716.26,26.19,TRADE
NSW1,2010/12/4 15:00,8664.24,25.3,TRADE
NSW1,2010/12/4 15:30,8683.48,25.25,TRADE
NSW1,2010/12/4 16:00,8658.94,26.41,TRADE
NSW1,2010/12/4 16:30,8507.08,25.31,TRADE
NSW1,2010/12/4 17:00,8543.99,25.35,TRADE
NSW1,2010/12/4 17:30,8514.78,25.05,TRADE
NSW1,2010/12/4 18:00,8485.41,25.3,TRADE
NSW1,2010/12/4 18:30,8352.18,24.68,TRADE
NSW1,2010/12/4 19:00,8330.75,25.3,TRADE
NSW1,2010/12/4 19:30,8346.79,24.75,TRADE
NSW1,2010/12/4 20:00,8305.49,25.27,TRADE
NSW1,2010/12/4 20:30,8117.21,25.33,TRADE
NSW1,2010/12/4 21:00,7998.15,24.88,TRADE
NSW1,2010/12/4 21:30,7955.43,23.83,TRADE
NSW1,2010/12/4 22:00,7823.99,21.86,TRADE
NSW1,2010/12/4 22:30,7858.36,26.29,TRADE
NSW1,2010/12/4 23:00,7662.11,24.79,TRADE
NSW1,2010/12/4 23:30,7422.66,25.01,TRADE
NSW1,2010/12/5 0:00,7214.25,22.82,TRADE
NSW1,2010/12/5 0:30,7077.09,21.09,TRADE
NSW1,2010/12/5 1:00,6917.48,20.63,TRADE
NSW1,2010/12/5 1:30,6689.79,21.35,TRADE
NSW1,2010/12/5 2:00,6477.29,19.35,TRADE
NSW1,2010/12/5 2:30,6276.32,18.12,TRADE
NSW1,2010/12/5 3:00,6197.87,16.83,TRADE
NSW1,2010/12/5 3:30,6187.15,17.17,TRADE
NSW1,2010/12/5 4:00,6118.35,15.61,TRADE
NSW1,2010/12/5 4:30,6181.4,15.14,TRADE
NSW1,2010/12/5 5:00,6171.95,15.2,TRADE
NSW1,2010/12/5 5:30,6235.12,16.34,TRADE
NSW1,2010/12/5 6:00,6437.94,16.07,TRADE
NSW1,2010/12/5 6:30,6705.62,18.99,TRADE
NSW1,2010/12/5 7:00,7056.8,20.52,TRADE
NSW1,2010/12/5 7:30,7474.55,21.67,TRADE
NSW1,2010/12/5 8:00,7829.64,21.26,TRADE
NSW1,2010/12/5 8:30,8123.71,21.34,TRADE
NSW1,2010/12/5 9:00,8328.35,22.78,TRADE
NSW1,2010/12/5 9:30,8516.35,22.03,TRADE
NSW1,2010/12/5 10:00,8567.91,22.33,TRADE
NSW1,2010/12/5 10:30,8617.11,24.48,TRADE
NSW1,2010/12/5 11:00,8614.07,25.1,TRADE
NSW1,2010/12/5 11:30,8563.02,24.73,TRADE
NSW1,2010/12/5 12:00,8574.88,25.27,TRADE
NSW1,2010/12/5 12:30,8522.64,25.02,TRADE
NSW1,2010/12/5 13:00,8432.17,25.25,TRADE
NSW1,2010/12/5 13:30,8448.92,25.25,TRADE
NSW1,2010/12/5 14:00,8383.17,25.25,TRADE
NSW1,2010/12/5 14:30,8395.01,25.28,TRADE
NSW1,2010/12/5 15:00,8431.68,25.3,TRADE
NSW1,2010/12/5 15:30,8447.05,25.01,TRADE
NSW1,2010/12/5 16:00,8493.35,23.9,TRADE
NSW1,2010/12/5 16:30,8393.05,23.28,TRADE
NSW1,2010/12/5 17:00,8468.13,25.07,TRADE
NSW1,2010/12/5 17:30,8468.94,23.71,TRADE
NSW1,2010/12/5 18:00,8448.69,22.73,TRADE
NSW1,2010/12/5 18:30,8355.89,22.24,TRADE
NSW1,2010/12/5 19:00,8419.57,22.75,TRADE
NSW1,2010/12/5 19:30,8511.51,24.01,TRADE
NSW1,2010/12/5 20:00,8562.32,24.06,TRADE
NSW1,2010/12/5 20:30,8415.76,22.67,TRADE
NSW1,2010/12/5 21:00,8136.01,20.97,TRADE
NSW1,2010/12/5 21:30,8077.22,20.96,TRADE
NSW1,2010/12/5 22:00,7828.02,20.07,TRADE
NSW1,2010/12/5 22:30,7755.79,21.26,TRADE
NSW1,2010/12/5 23:00,7510.79,19.95,TRADE
NSW1,2010/12/5 23:30,7312.72,20.53,TRADE
NSW1,2010/12/6 0:00,7163.05,20.31,TRADE
NSW1,2010/12/6 0:30,7026.16,20.12,TRADE
NSW1,2010/12/6 1:00,6907.79,19.3,TRADE
NSW1,2010/12/6 1:30,6608.58,19.95,TRADE
NSW1,2010/12/6 2:00,6414.14,18.95,TRADE
NSW1,2010/12/6 2:30,6387.98,19.7,TRADE
NSW1,2010/12/6 3:00,6332.67,18.53,TRADE
NSW1,2010/12/6 3:30,6344.56,18.85,TRADE
NSW1,2010/12/6 4:00,6390.92,19.34,TRADE
NSW1,2010/12/6 4:30,6646.32,20.87,TRADE
NSW1,2010/12/6 5:00,6932.74,22.51,TRADE
NSW1,2010/12/6 5:30,7525.56,25.28,TRADE
NSW1,2010/12/6 6:00,8191.29,25.31,TRADE
NSW1,2010/12/6 6:30,8655,21.55,TRADE
NSW1,2010/12/6 7:00,9120.43,25.21,TRADE
NSW1,2010/12/6 7:30,9367.3,24.81,TRADE
NSW1,2010/12/6 8:00,9579.16,25.17,TRADE
NSW1,2010/12/6 8:30,9913.47,26,TRADE
NSW1,2010/12/6 9:00,10099.72,25.48,TRADE
NSW1,2010/12/6 9:30,10200.93,25.78,TRADE
NSW1,2010/12/6 10:00,10286.04,27.45,TRADE
NSW1,2010/12/6 10:30,10252.95,25.71,TRADE
NSW1,2010/12/6 11:00,10332.86,27.27,TRADE
NSW1,2010/12/6 11:30,10340.67,28.11,TRADE
NSW1,2010/12/6 12:00,10322.2,27.9,TRADE
NSW1,2010/12/6 12:30,10308.35,27.41,TRADE
NSW1,2010/12/6 13:00,10352.2,27.9,TRADE
NSW1,2010/12/6 13:30,10331.84,30.12,TRADE
NSW1,2010/12/6 14:00,10309.15,26.89,TRADE
NSW1,2010/12/6 14:30,10244.07,25.71,TRADE
NSW1,2010/12/6 15:00,10274.3,25.31,TRADE
NSW1,2010/12/6 15:30,10298.24,25.58,TRADE
NSW1,2010/12/6 16:00,10257.93,25.61,TRADE
NSW1,2010/12/6 16:30,10166.79,25.3,TRADE
NSW1,2010/12/6 17:00,9939.89,25.29,TRADE
NSW1,2010/12/6 17:30,9578.21,24.83,TRADE
NSW1,2010/12/6 18:00,9406.9,25.26,TRADE
NSW1,2010/12/6 18:30,9190.17,25.28,TRADE
NSW1,2010/12/6 19:00,9094.8,25.1,TRADE
NSW1,2010/12/6 19:30,9258.12,25.15,TRADE
NSW1,2010/12/6 20:00,9218.7,25.29,TRADE
NSW1,2010/12/6 20:30,9014.7,24.91,TRADE
NSW1,2010/12/6 21:00,8716.05,23.23,TRADE
NSW1,2010/12/6 21:30,8661.35,22.13,TRADE
NSW1,2010/12/6 22:00,8453.62,20.41,TRADE
NSW1,2010/12/6 22:30,8341.08,24.16,TRADE
NSW1,2010/12/6 23:00,8195.69,23.62,TRADE
NSW1,2010/12/6 23:30,7920.77,23.22,TRADE
NSW1,2010/12/7 0:00,7766.2,22.71,TRADE
NSW1,2010/12/7 0:30,7617.96,21.89,TRADE
NSW1,2010/12/7 1:00,7374.47,20,TRADE
NSW1,2010/12/7 1:30,7021.17,21.64,TRADE
NSW1,2010/12/7 2:00,6807.34,20.92,TRADE
NSW1,2010/12/7 2:30,6672.05,18.88,TRADE
NSW1,2010/12/7 3:00,6590.83,21.02,TRADE
NSW1,2010/12/7 3:30,6575.89,20.11,TRADE
NSW1,2010/12/7 4:00,6639.22,19.12,TRADE
NSW1,2010/12/7 4:30,6807.09,22.32,TRADE
NSW1,2010/12/7 5:00,7069.38,24.45,TRADE
NSW1,2010/12/7 5:30,7606.75,25.3,TRADE
NSW1,2010/12/7 6:00,8210.51,25.3,TRADE
NSW1,2010/12/7 6:30,8694.29,23.31,TRADE
NSW1,2010/12/7 7:00,9132.02,25.21,TRADE
NSW1,2010/12/7 7:30,9381.14,23.31,TRADE
NSW1,2010/12/7 8:00,9588.18,25.02,TRADE
NSW1,2010/12/7 8:30,9836.12,25.25,TRADE
NSW1,2010/12/7 9:00,9983.45,25.29,TRADE
NSW1,2010/12/7 9:30,10149.58,25.3,TRADE
NSW1,2010/12/7 10:00,10162.29,25.82,TRADE
NSW1,2010/12/7 10:30,10159.52,27.17,TRADE
NSW1,2010/12/7 11:00,10194.68,25.31,TRADE
NSW1,2010/12/7 11:30,10203.19,25.3,TRADE
NSW1,2010/12/7 12:00,10242.13,25.3,TRADE
NSW1,2010/12/7 12:30,10289.77,25.33,TRADE
NSW1,2010/12/7 13:00,10324.48,25.3,TRADE
NSW1,2010/12/7 13:30,10372.78,25.31,TRADE
NSW1,2010/12/7 14:00,10388.92,25.3,TRADE
NSW1,2010/12/7 14:30,10338.68,25.27,TRADE
NSW1,2010/12/7 15:00,10375.31,25.31,TRADE
NSW1,2010/12/7 15:30,10367.85,25.31,TRADE
NSW1,2010/12/7 16:00,10403.75,25.3,TRADE
NSW1,2010/12/7 16:30,10288.48,25.3,TRADE
NSW1,2010/12/7 17:00,10120.55,25.31,TRADE
NSW1,2010/12/7 17:30,9782.41,25.31,TRADE
NSW1,2010/12/7 18:00,9533.65,25.12,TRADE
NSW1,2010/12/7 18:30,9305.94,25.32,TRADE
NSW1,2010/12/7 19:00,9190.81,25.29,TRADE
NSW1,2010/12/7 19:30,9279.69,25.31,TRADE
NSW1,2010/12/7 20:00,9226.3,25.31,TRADE
NSW1,2010/12/7 20:30,9068.28,24.95,TRADE
NSW1,2010/12/7 21:00,8717.32,22.13,TRADE
NSW1,2010/12/7 21:30,8689.82,22.17,TRADE
NSW1,2010/12/7 22:00,8425.41,21.02,TRADE
NSW1,2010/12/7 22:30,8369.89,22.96,TRADE
NSW1,2010/12/7 23:00,8204.88,22.96,TRADE
NSW1,2010/12/7 23:30,7994.47,22.96,TRADE
NSW1,2010/12/8 0:00,7808.65,22.47,TRADE
NSW1,2010/12/8 0:30,7601.44,21.29,TRADE
NSW1,2010/12/8 1:00,7381.64,19.93,TRADE
NSW1,2010/12/8 1:30,7094.18,20.77,TRADE
NSW1,2010/12/8 2:00,6793.53,14.13,TRADE
NSW1,2010/12/8 2:30,6584.69,13.81,TRADE
NSW1,2010/12/8 3:00,6484.64,5.97,TRADE
NSW1,2010/12/8 3:30,6456.63,2.59,TRADE
NSW1,2010/12/8 4:00,6540.66,14.96,TRADE
NSW1,2010/12/8 4:30,6784.86,18.12,TRADE
NSW1,2010/12/8 5:00,7082.17,21.91,TRADE
NSW1,2010/12/8 5:30,7678.85,25.27,TRADE
NSW1,2010/12/8 6:00,8235.04,24.09,TRADE
NSW1,2010/12/8 6:30,8735.18,20.7,TRADE
NSW1,2010/12/8 7:00,9205.43,24.27,TRADE
NSW1,2010/12/8 7:30,9483.84,24.08,TRADE
NSW1,2010/12/8 8:00,9691.33,25.13,TRADE
NSW1,2010/12/8 8:30,10008.14,24.95,TRADE
NSW1,2010/12/8 9:00,10180.54,25.07,TRADE
NSW1,2010/12/8 9:30,10334.9,25.26,TRADE
NSW1,2010/12/8 10:00,10428.26,25.29,TRADE
NSW1,2010/12/8 10:30,10492.29,25.83,TRADE
NSW1,2010/12/8 11:00,10588.92,25.32,TRADE
NSW1,2010/12/8 11:30,10632.96,25.3,TRADE
NSW1,2010/12/8 12:00,10612.06,25.29,TRADE
NSW1,2010/12/8 12:30,10675.83,25.31,TRADE
NSW1,2010/12/8 13:00,10736.76,25.3,TRADE
NSW1,2010/12/8 13:30,10790.53,25.39,TRADE
NSW1,2010/12/8 14:00,10839.44,25.32,TRADE
NSW1,2010/12/8 14:30,10848.92,26.68,TRADE
NSW1,2010/12/8 15:00,10931.83,25.31,TRADE
NSW1,2010/12/8 15:30,11031.76,25.32,TRADE
NSW1,2010/12/8 16:00,11047.46,25.32,TRADE
NSW1,2010/12/8 16:30,10932.42,25.32,TRADE
NSW1,2010/12/8 17:00,10775.83,25.27,TRADE
NSW1,2010/12/8 17:30,10378.18,25.26,TRADE
NSW1,2010/12/8 18:00,10139.37,23.18,TRADE
NSW1,2010/12/8 18:30,9882.06,22.26,TRADE
NSW1,2010/12/8 19:00,9718.94,22.7,TRADE
NSW1,2010/12/8 19:30,9758.42,25.19,TRADE
NSW1,2010/12/8 20:00,9728.4,25.24,TRADE
NSW1,2010/12/8 20:30,9455.02,23.87,TRADE
NSW1,2010/12/8 21:00,9113.64,22.78,TRADE
NSW1,2010/12/8 21:30,9034.31,23.25,TRADE
NSW1,2010/12/8 22:00,8736.05,21.78,TRADE
NSW1,2010/12/8 22:30,8580.3,25.62,TRADE
NSW1,2010/12/8 23:00,8316.19,24.47,TRADE
NSW1,2010/12/8 23:30,8048.46,24.35,TRADE
NSW1,2010/12/9 0:00,7851.48,23.37,TRADE
NSW1,2010/12/9 0:30,7690.51,22.31,TRADE
NSW1,2010/12/9 1:00,7506.92,20.67,TRADE
NSW1,2010/12/9 1:30,7194.91,22.49,TRADE
NSW1,2010/12/9 2:00,6880.82,19.62,TRADE
NSW1,2010/12/9 2:30,6697.45,19.75,TRADE
NSW1,2010/12/9 3:00,6590.59,19.52,TRADE
NSW1,2010/12/9 3:30,6611.04,19.11,TRADE
NSW1,2010/12/9 4:00,6667.32,19.84,TRADE
NSW1,2010/12/9 4:30,6994.37,22.69,TRADE
NSW1,2010/12/9 5:00,7313.09,23.61,TRADE
NSW1,2010/12/9 5:30,7882.93,24.52,TRADE
NSW1,2010/12/9 6:00,8454.02,25.31,TRADE
NSW1,2010/12/9 6:30,8989.95,21.8,TRADE
NSW1,2010/12/9 7:00,9480.06,24.48,TRADE
NSW1,2010/12/9 7:30,9754.4,25.31,TRADE
NSW1,2010/12/9 8:00,9945.64,25.3,TRADE
NSW1,2010/12/9 8:30,10205.44,25.31,TRADE
NSW1,2010/12/9 9:00,10561.68,25.31,TRADE
NSW1,2010/12/9 9:30,10735.26,25.32,TRADE
NSW1,2010/12/9 10:00,10858.15,25.31,TRADE
NSW1,2010/12/9 10:30,10972.1,25.83,TRADE
NSW1,2010/12/9 11:00,11077.14,26.17,TRADE
NSW1,2010/12/9 11:30,11138.77,26.87,TRADE
NSW1,2010/12/9 12:00,11105.14,27.09,TRADE
NSW1,2010/12/9 12:30,11229.09,31.11,TRADE
NSW1,2010/12/9 13:00,11354.06,31.09,TRADE
NSW1,2010/12/9 13:30,11342.74,31.43,TRADE
NSW1,2010/12/9 14:00,11301.26,30.95,TRADE
NSW1,2010/12/9 14:30,11240.85,27.35,TRADE
NSW1,2010/12/9 15:00,11358.58,31,TRADE
NSW1,2010/12/9 15:30,11354.11,39.27,TRADE
NSW1,2010/12/9 16:00,11337.73,25.29,TRADE
NSW1,2010/12/9 16:30,11077,25.29,TRADE
NSW1,2010/12/9 17:00,10948.37,25.3,TRADE
NSW1,2010/12/9 17:30,10644.45,25.07,TRADE
NSW1,2010/12/9 18:00,10397.09,25.13,TRADE
NSW1,2010/12/9 18:30,10175.02,23.6,TRADE
NSW1,2010/12/9 19:00,10005.1,25.01,TRADE
NSW1,2010/12/9 19:30,10062.6,25.27,TRADE
NSW1,2010/12/9 20:00,9950.54,25.1,TRADE
NSW1,2010/12/9 20:30,9583.81,24.62,TRADE
NSW1,2010/12/9 21:00,9215.56,22.57,TRADE
NSW1,2010/12/9 21:30,9072.67,22.23,TRADE
NSW1,2010/12/9 22:00,8819.12,20.7,TRADE
NSW1,2010/12/9 22:30,8642.37,23.15,TRADE
NSW1,2010/12/9 23:00,8404.12,21.43,TRADE
NSW1,2010/12/9 23:30,8150.69,21.66,TRADE
NSW1,2010/12/10 0:00,7885.41,20.59,TRADE
NSW1,2010/12/10 0:30,7664.28,19.37,TRADE
NSW1,2010/12/10 1:00,7440.68,17.46,TRADE
NSW1,2010/12/10 1:30,7107.98,19.65,TRADE
NSW1,2010/12/10 2:00,6876.49,17.5,TRADE
NSW1,2010/12/10 2:30,6682.53,13.64,TRADE
NSW1,2010/12/10 3:00,6607.52,14.66,TRADE
NSW1,2010/12/10 3:30,6631.62,14.31,TRADE
NSW1,2010/12/10 4:00,6694.8,15.21,TRADE
NSW1,2010/12/10 4:30,6931.47,19.24,TRADE
NSW1,2010/12/10 5:00,7230.92,21.53,TRADE
NSW1,2010/12/10 5:30,7782.65,24.06,TRADE
NSW1,2010/12/10 6:00,8384.73,23.73,TRADE
NSW1,2010/12/10 6:30,8785.7,22.78,TRADE
NSW1,2010/12/10 7:00,9295.35,25.28,TRADE
NSW1,2010/12/10 7:30,9540.97,24.81,TRADE
NSW1,2010/12/10 8:00,9715.03,25.2,TRADE
NSW1,2010/12/10 8:30,9909.28,25.3,TRADE
NSW1,2010/12/10 9:00,10038.93,25.3,TRADE
NSW1,2010/12/10 9:30,10118.85,24.89,TRADE
NSW1,2010/12/10 10:00,9867.44,25.15,TRADE
NSW1,2010/12/10 10:30,9968.02,25.31,TRADE
NSW1,2010/12/10 11:00,10288.14,27.37,TRADE
NSW1,2010/12/10 11:30,10332.53,25.31,TRADE
NSW1,2010/12/10 12:00,10314.62,25.31,TRADE
NSW1,2010/12/10 12:30,10365.4,25.31,TRADE
NSW1,2010/12/10 13:00,10391.8,25.83,TRADE
NSW1,2010/12/10 13:30,10378.99,28.12,TRADE
NSW1,2010/12/10 14:00,10404.25,27.27,TRADE
NSW1,2010/12/10 14:30,10357.03,24.74,TRADE
NSW1,2010/12/10 15:00,10454.88,25.32,TRADE
NSW1,2010/12/10 15:30,10463.79,25.32,TRADE
NSW1,2010/12/10 16:00,10407.06,25.31,TRADE
NSW1,2010/12/10 16:30,10267.94,25.29,TRADE
NSW1,2010/12/10 17:00,10102.7,26.59,TRADE
NSW1,2010/12/10 17:30,9729.57,25.19,TRADE
NSW1,2010/12/10 18:00,9550.78,24.94,TRADE
NSW1,2010/12/10 18:30,9345.59,24.46,TRADE
NSW1,2010/12/10 19:00,9231.96,24.81,TRADE
NSW1,2010/12/10 19:30,9241.71,24.95,TRADE
NSW1,2010/12/10 20:00,9302.13,24.77,TRADE
NSW1,2010/12/10 20:30,9111.91,22.65,TRADE
NSW1,2010/12/10 21:00,8834.14,22.26,TRADE
NSW1,2010/12/10 21:30,8776.39,22.28,TRADE
NSW1,2010/12/10 22:00,8604.26,21.23,TRADE
NSW1,2010/12/10 22:30,8438,22.63,TRADE
NSW1,2010/12/10 23:00,8267.3,21.54,TRADE
NSW1,2010/12/10 23:30,7948.22,21.75,TRADE
NSW1,2010/12/11 0:00,7708.56,20.62,TRADE
NSW1,2010/12/11 0:30,7473.72,19.91,TRADE
NSW1,2010/12/11 1:00,7213.36,18.92,TRADE
NSW1,2010/12/11 1:30,6893.25,19.91,TRADE
NSW1,2010/12/11 2:00,6629.62,14.98,TRADE
NSW1,2010/12/11 2:30,6442.55,13.58,TRADE
NSW1,2010/12/11 3:00,6346.8,14.36,TRADE
NSW1,2010/12/11 3:30,6324.64,16.23,TRADE
NSW1,2010/12/11 4:00,6325.32,10.25,TRADE
NSW1,2010/12/11 4:30,6422.41,15.04,TRADE
NSW1,2010/12/11 5:00,6432.17,20.88,TRADE
NSW1,2010/12/11 5:30,6642,26.89,TRADE
NSW1,2010/12/11 6:00,6960.28,24.73,TRADE
NSW1,2010/12/11 6:30,7320.87,18.58,TRADE
NSW1,2010/12/11 7:00,7700.4,23.45,TRADE
NSW1,2010/12/11 7:30,8026.47,21.62,TRADE
NSW1,2010/12/11 8:00,8340.17,23.55,TRADE
NSW1,2010/12/11 8:30,8599.07,24.67,TRADE
NSW1,2010/12/11 9:00,8607.47,24.74,TRADE
NSW1,2010/12/11 9:30,8766.32,25.27,TRADE
NSW1,2010/12/11 10:00,8726.94,25.21,TRADE
NSW1,2010/12/11 10:30,8725.8,24.69,TRADE
NSW1,2010/12/11 11:00,8739.91,25.05,TRADE
NSW1,2010/12/11 11:30,8730.05,25.14,TRADE
NSW1,2010/12/11 12:00,8676.62,25.08,TRADE
NSW1,2010/12/11 12:30,8706.94,25.26,TRADE
NSW1,2010/12/11 13:00,8673.62,25.08,TRADE
NSW1,2010/12/11 13:30,8689.01,25.21,TRADE
NSW1,2010/12/11 14:00,8722.71,25.26,TRADE
NSW1,2010/12/11 14:30,8758.53,25.26,TRADE
NSW1,2010/12/11 15:00,8800.54,25.23,TRADE
NSW1,2010/12/11 15:30,8825.8,67.89,TRADE
NSW1,2010/12/11 16:00,8841.9,25.29,TRADE
NSW1,2010/12/11 16:30,8718.52,25.29,TRADE
NSW1,2010/12/11 17:00,8692.14,25.13,TRADE
NSW1,2010/12/11 17:30,8643.35,24.44,TRADE
NSW1,2010/12/11 18:00,8510.24,22.35,TRADE
NSW1,2010/12/11 18:30,8348.76,22.19,TRADE
NSW1,2010/12/11 19:00,8257.95,22.06,TRADE
NSW1,2010/12/11 19:30,8244.88,21.21,TRADE
NSW1,2010/12/11 20:00,8309.18,21.71,TRADE
NSW1,2010/12/11 20:30,8222.97,21.29,TRADE
NSW1,2010/12/11 21:00,8068.83,20.19,TRADE
NSW1,2010/12/11 21:30,7946.74,19.93,TRADE
NSW1,2010/12/11 22:00,7815.45,19.75,TRADE
NSW1,2010/12/11 22:30,7753.92,21.1,TRADE
NSW1,2010/12/11 23:00,7586.01,20.51,TRADE
NSW1,2010/12/11 23:30,7321.49,20.12,TRADE
NSW1,2010/12/12 0:00,7107.15,17.9,TRADE
NSW1,2010/12/12 0:30,6905.44,14.72,TRADE
NSW1,2010/12/12 1:00,6685.05,15.58,TRADE
NSW1,2010/12/12 1:30,6420.49,18.73,TRADE
NSW1,2010/12/12 2:00,6235.78,16.6,TRADE
NSW1,2010/12/12 2:30,6065.24,11.93,TRADE
NSW1,2010/12/12 3:00,5992.03,10.77,TRADE
NSW1,2010/12/12 3:30,5974.2,11.99,TRADE
NSW1,2010/12/12 4:00,5968.51,12.62,TRADE
NSW1,2010/12/12 4:30,6016.01,8.79,TRADE
NSW1,2010/12/12 5:00,6005.39,3.22,TRADE
NSW1,2010/12/12 5:30,6104.04,11.21,TRADE
NSW1,2010/12/12 6:00,6310.36,13.19,TRADE
NSW1,2010/12/12 6:30,6617.23,15.13,TRADE
NSW1,2010/12/12 7:00,6986.72,19.35,TRADE
NSW1,2010/12/12 7:30,7313.32,18.76,TRADE
NSW1,2010/12/12 8:00,7618.65,20.22,TRADE
NSW1,2010/12/12 8:30,7902.21,21.24,TRADE
NSW1,2010/12/12 9:00,8118.4,21.04,TRADE
NSW1,2010/12/12 9:30,8240.1,21.24,TRADE
NSW1,2010/12/12 10:00,8269.32,21.69,TRADE
NSW1,2010/12/12 10:30,8339.51,21.87,TRADE
NSW1,2010/12/12 11:00,8393.03,22.15,TRADE
NSW1,2010/12/12 11:30,8496.69,22.68,TRADE
NSW1,2010/12/12 12:00,8481.54,22.22,TRADE
NSW1,2010/12/12 12:30,8521.15,22.59,TRADE
NSW1,2010/12/12 13:00,8493.49,22.89,TRADE
NSW1,2010/12/12 13:30,8519.37,23.16,TRADE
NSW1,2010/12/12 14:00,8552.41,22.11,TRADE
NSW1,2010/12/12 14:30,8632.61,22.22,TRADE
NSW1,2010/12/12 15:00,8756.16,22.26,TRADE
NSW1,2010/12/12 15:30,8774.66,22.27,TRADE
NSW1,2010/12/12 16:00,8778.73,24.19,TRADE
NSW1,2010/12/12 16:30,8775.16,24.57,TRADE
NSW1,2010/12/12 17:00,8886.59,25.24,TRADE
NSW1,2010/12/12 17:30,8863.23,24.75,TRADE
NSW1,2010/12/12 18:00,8849.15,25.04,TRADE
NSW1,2010/12/12 18:30,8777.13,24.11,TRADE
NSW1,2010/12/12 19:00,8628.47,24.02,TRADE
NSW1,2010/12/12 19:30,8714.02,24.95,TRADE
NSW1,2010/12/12 20:00,8820.83,25.22,TRADE
NSW1,2010/12/12 20:30,8704.29,24.85,TRADE
NSW1,2010/12/12 21:00,8432.96,23.63,TRADE
NSW1,2010/12/12 21:30,8294.08,22.68,TRADE
NSW1,2010/12/12 22:00,8008.26,21.07,TRADE
NSW1,2010/12/12 22:30,7824.74,20.87,TRADE
NSW1,2010/12/12 23:00,7572.87,20.14,TRADE
NSW1,2010/12/12 23:30,7315.62,20,TRADE
NSW1,2010/12/13 0:00,7169.06,19.89,TRADE
NSW1,2010/12/13 0:30,7028.37,19.47,TRADE
NSW1,2010/12/13 1:00,6882.56,18.47,TRADE
NSW1,2010/12/13 1:30,6675.72,19.57,TRADE
NSW1,2010/12/13 2:00,6509.74,18.64,TRADE
NSW1,2010/12/13 2:30,6433.63,18.86,TRADE
NSW1,2010/12/13 3:00,6337.44,17.72,TRADE
NSW1,2010/12/13 3:30,6391.6,18.59,TRADE
NSW1,2010/12/13 4:00,6430.49,19.25,TRADE
NSW1,2010/12/13 4:30,6699.06,20.66,TRADE
NSW1,2010/12/13 5:00,6909.91,21.47,TRADE
NSW1,2010/12/13 5:30,7506.36,24.82,TRADE
NSW1,2010/12/13 6:00,8082.77,25.23,TRADE
NSW1,2010/12/13 6:30,8525.79,25.28,TRADE
NSW1,2010/12/13 7:00,9019.16,25.17,TRADE
NSW1,2010/12/13 7:30,9284.05,24.89,TRADE
NSW1,2010/12/13 8:00,9491.5,25.03,TRADE
NSW1,2010/12/13 8:30,9730.94,25.84,TRADE
NSW1,2010/12/13 9:00,9878.81,26.23,TRADE
NSW1,2010/12/13 9:30,9983.39,25.85,TRADE
NSW1,2010/12/13 10:00,10091.39,26.25,TRADE
NSW1,2010/12/13 10:30,10110.35,25.31,TRADE
NSW1,2010/12/13 11:00,10147.24,27.5,TRADE
NSW1,2010/12/13 11:30,10175.82,26.33,TRADE
NSW1,2010/12/13 12:00,10173.61,25.31,TRADE
NSW1,2010/12/13 12:30,10206.99,26.35,TRADE
NSW1,2010/12/13 13:00,10277.8,27.05,TRADE
NSW1,2010/12/13 13:30,10316.92,25.32,TRADE
NSW1,2010/12/13 14:00,10343.71,25.32,TRADE
NSW1,2010/12/13 14:30,10320.83,25.32,TRADE
NSW1,2010/12/13 15:00,10394.41,25.35,TRADE
NSW1,2010/12/13 15:30,10425.31,25.32,TRADE
NSW1,2010/12/13 16:00,10389.64,25.3,TRADE
NSW1,2010/12/13 16:30,10280.01,25.05,TRADE
NSW1,2010/12/13 17:00,10109.29,25.29,TRADE
NSW1,2010/12/13 17:30,9720.02,25.09,TRADE
NSW1,2010/12/13 18:00,9469.66,25.19,TRADE
NSW1,2010/12/13 18:30,9099.85,24.17,TRADE
NSW1,2010/12/13 19:00,8935.96,25.13,TRADE
NSW1,2010/12/13 19:30,8966.7,24.81,TRADE
NSW1,2010/12/13 20:00,9020.98,25.33,TRADE
NSW1,2010/12/13 20:30,8850.09,25.23,TRADE
NSW1,2010/12/13 21:00,8575.67,24.91,TRADE
NSW1,2010/12/13 21:30,8547.27,23.11,TRADE
NSW1,2010/12/13 22:00,8319.89,22.18,TRADE
NSW1,2010/12/13 22:30,8234.43,25.07,TRADE
NSW1,2010/12/13 23:00,8131.17,24.44,TRADE
NSW1,2010/12/13 23:30,7867.71,24.7,TRADE
NSW1,2010/12/14 0:00,7684.82,23.77,TRADE
NSW1,2010/12/14 0:30,7537.42,22.31,TRADE
NSW1,2010/12/14 1:00,7316.1,21.07,TRADE
NSW1,2010/12/14 1:30,7013.65,21.84,TRADE
NSW1,2010/12/14 2:00,6763.3,21.37,TRADE
NSW1,2010/12/14 2:30,6589.67,21.12,TRADE
NSW1,2010/12/14 3:00,6487.09,20.38,TRADE
NSW1,2010/12/14 3:30,6487.01,20.56,TRADE
NSW1,2010/12/14 4:00,6541.71,21.12,TRADE
NSW1,2010/12/14 4:30,6794.49,22.09,TRADE
NSW1,2010/12/14 5:00,7014.06,22.68,TRADE
NSW1,2010/12/14 5:30,7609.12,25.18,TRADE
NSW1,2010/12/14 6:00,8141.29,25.31,TRADE
NSW1,2010/12/14 6:30,8557.78,24.72,TRADE
NSW1,2010/12/14 7:00,8999.34,25.31,TRADE
NSW1,2010/12/14 7:30,9282.04,24.27,TRADE
NSW1,2010/12/14 8:00,9467.68,25.3,TRADE
NSW1,2010/12/14 8:30,9750.84,25.32,TRADE
NSW1,2010/12/14 9:00,9921.29,25.44,TRADE
NSW1,2010/12/14 9:30,10009.28,25.4,TRADE
NSW1,2010/12/14 10:00,10074.03,26.2,TRADE
NSW1,2010/12/14 10:30,10158.35,26.07,TRADE
NSW1,2010/12/14 11:00,9896.09,25.34,TRADE
NSW1,2010/12/14 11:30,10200.14,26.4,TRADE
NSW1,2010/12/14 12:00,10183.76,24.79,TRADE
NSW1,2010/12/14 12:30,10236.08,25.35,TRADE
NSW1,2010/12/14 13:00,10258.76,25.32,TRADE
NSW1,2010/12/14 13:30,10266.99,25.29,TRADE
NSW1,2010/12/14 14:00,10249.21,25.31,TRADE
NSW1,2010/12/14 14:30,10174.53,25.31,TRADE
NSW1,2010/12/14 15:00,10249.86,25.31,TRADE
NSW1,2010/12/14 15:30,10231.3,25.31,TRADE
NSW1,2010/12/14 16:00,10183.54,25.31,TRADE
NSW1,2010/12/14 16:30,10057.13,25.3,TRADE
NSW1,2010/12/14 17:00,9916.61,25.31,TRADE
NSW1,2010/12/14 17:30,9594.68,25.16,TRADE
NSW1,2010/12/14 18:00,9385.62,25.15,TRADE
NSW1,2010/12/14 18:30,9083.01,25.08,TRADE
NSW1,2010/12/14 19:00,8929.99,24.43,TRADE
NSW1,2010/12/14 19:30,9013.56,24.56,TRADE
NSW1,2010/12/14 20:00,9099.69,25.27,TRADE
NSW1,2010/12/14 20:30,8854.17,24.25,TRADE
NSW1,2010/12/14 21:00,8592.21,23.08,TRADE
NSW1,2010/12/14 21:30,8556.45,23.04,TRADE
NSW1,2010/12/14 22:00,8328.67,22.12,TRADE
NSW1,2010/12/14 22:30,8277.81,27.06,TRADE
NSW1,2010/12/14 23:00,8125.42,24.86,TRADE
NSW1,2010/12/14 23:30,7850.9,23.69,TRADE
NSW1,2010/12/15 0:00,7648.91,22.5,TRADE
NSW1,2010/12/15 0:30,7522.9,21.55,TRADE
NSW1,2010/12/15 1:00,7250.11,19.96,TRADE
NSW1,2010/12/15 1:30,6983.95,21.03,TRADE
NSW1,2010/12/15 2:00,6678.93,18.41,TRADE
NSW1,2010/12/15 2:30,6527.84,19.81,TRADE
NSW1,2010/12/15 3:00,6451.08,20.33,TRADE
NSW1,2010/12/15 3:30,6482.67,20.45,TRADE
NSW1,2010/12/15 4:00,6550.38,21.12,TRADE
NSW1,2010/12/15 4:30,6803.68,22.5,TRADE
NSW1,2010/12/15 5:00,7060.84,22.84,TRADE
NSW1,2010/12/15 5:30,7542.92,24.81,TRADE
NSW1,2010/12/15 6:00,8107.22,24.9,TRADE
NSW1,2010/12/15 6:30,8552.34,24.33,TRADE
NSW1,2010/12/15 7:00,9047.38,25.56,TRADE
NSW1,2010/12/15 7:30,9338.84,23.08,TRADE
NSW1,2010/12/15 8:00,9642.49,25.3,TRADE
NSW1,2010/12/15 8:30,9921.24,24.76,TRADE
NSW1,2010/12/15 9:00,10063.48,25.31,TRADE
NSW1,2010/12/15 9:30,10150.74,25.31,TRADE
NSW1,2010/12/15 10:00,10260.44,25.36,TRADE
NSW1,2010/12/15 10:30,10337.52,25.69,TRADE
NSW1,2010/12/15 11:00,10443.14,25.49,TRADE
NSW1,2010/12/15 11:30,10495.48,25.31,TRADE
NSW1,2010/12/15 12:00,10503.94,25.31,TRADE
NSW1,2010/12/15 12:30,10600.22,25.91,TRADE
NSW1,2010/12/15 13:00,10749.57,26.51,TRADE
NSW1,2010/12/15 13:30,10866.81,27.46,TRADE
NSW1,2010/12/15 14:00,10904.73,26.33,TRADE
NSW1,2010/12/15 14:30,10891.05,25.5,TRADE
NSW1,2010/12/15 15:00,10960.73,26.59,TRADE
NSW1,2010/12/15 15:30,10920.08,25.34,TRADE
NSW1,2010/12/15 16:00,10923.9,25.32,TRADE
NSW1,2010/12/15 16:30,10803.46,25.31,TRADE
NSW1,2010/12/15 17:00,10693.98,25.31,TRADE
NSW1,2010/12/15 17:30,10359.21,25.31,TRADE
NSW1,2010/12/15 18:00,10131.65,25.29,TRADE
NSW1,2010/12/15 18:30,9854.9,25.29,TRADE
NSW1,2010/12/15 19:00,9647.02,25.3,TRADE
NSW1,2010/12/15 19:30,9634.84,25.31,TRADE
NSW1,2010/12/15 20:00,9688.24,26.62,TRADE
NSW1,2010/12/15 20:30,9447.12,25.27,TRADE
NSW1,2010/12/15 21:00,9113.39,25.25,TRADE
NSW1,2010/12/15 21:30,9038.3,25.28,TRADE
NSW1,2010/12/15 22:00,8744.73,24.32,TRADE
NSW1,2010/12/15 22:30,8602.71,25.2,TRADE
NSW1,2010/12/15 23:00,8377.93,24.84,TRADE
NSW1,2010/12/15 23:30,8126.06,25.09,TRADE
NSW1,2010/12/16 0:00,7883.01,24.03,TRADE
NSW1,2010/12/16 0:30,7697.8,22.35,TRADE
NSW1,2010/12/16 1:00,7454.8,20.83,TRADE
NSW1,2010/12/16 1:30,7124.84,21.21,TRADE
NSW1,2010/12/16 2:00,6924.24,19.03,TRADE
NSW1,2010/12/16 2:30,6775.86,19.35,TRADE
NSW1,2010/12/16 3:00,6658.5,19.61,TRADE
NSW1,2010/12/16 3:30,6700.81,19.53,TRADE
NSW1,2010/12/16 4:00,6729.53,20,TRADE
NSW1,2010/12/16 4:30,6968.24,20.82,TRADE
NSW1,2010/12/16 5:00,7165.2,21.75,TRADE
NSW1,2010/12/16 5:30,7764.98,24.59,TRADE
NSW1,2010/12/16 6:00,8301.17,25,TRADE
NSW1,2010/12/16 6:30,8652.23,24.66,TRADE
NSW1,2010/12/16 7:00,9112,25.34,TRADE
NSW1,2010/12/16 7:30,9473.62,24.79,TRADE
NSW1,2010/12/16 8:00,9749.28,25.34,TRADE
NSW1,2010/12/16 8:30,10047.51,25.53,TRADE
NSW1,2010/12/16 9:00,10199.95,25.4,TRADE
NSW1,2010/12/16 9:30,10421.91,25.44,TRADE
NSW1,2010/12/16 10:00,10504.25,25.6,TRADE
NSW1,2010/12/16 10:30,10467.54,25.35,TRADE
NSW1,2010/12/16 11:00,10474.48,24.96,TRADE
NSW1,2010/12/16 11:30,10425.8,25.31,TRADE
NSW1,2010/12/16 12:00,10434.05,25.32,TRADE
NSW1,2010/12/16 12:30,10387.62,25.32,TRADE
NSW1,2010/12/16 13:00,10255.64,25.31,TRADE
NSW1,2010/12/16 13:30,10079.61,25.28,TRADE
NSW1,2010/12/16 14:00,10005.6,25.18,TRADE
NSW1,2010/12/16 14:30,9878.18,24.7,TRADE
NSW1,2010/12/16 15:00,9705.36,25.24,TRADE
NSW1,2010/12/16 15:30,9582.39,25.31,TRADE
NSW1,2010/12/16 16:00,9615.68,25.3,TRADE
NSW1,2010/12/16 16:30,9572.51,24.7,TRADE
NSW1,2010/12/16 17:00,9594.13,25.31,TRADE
NSW1,2010/12/16 17:30,9403.11,25.31,TRADE
NSW1,2010/12/16 18:00,9213.98,24.85,TRADE
NSW1,2010/12/16 18:30,8993.86,25.32,TRADE
NSW1,2010/12/16 19:00,8949.15,25.31,TRADE
NSW1,2010/12/16 19:30,8978.68,25.31,TRADE
NSW1,2010/12/16 20:00,8994.21,25.31,TRADE
NSW1,2010/12/16 20:30,8781.87,25.22,TRADE
NSW1,2010/12/16 21:00,8530.68,23.93,TRADE
NSW1,2010/12/16 21:30,8483.23,23.41,TRADE
NSW1,2010/12/16 22:00,8245.1,22.04,TRADE
NSW1,2010/12/16 22:30,8215.07,24.09,TRADE
NSW1,2010/12/16 23:00,8083.06,23.7,TRADE
NSW1,2010/12/16 23:30,7847.47,23.2,TRADE
NSW1,2010/12/17 0:00,7655.29,22.13,TRADE
NSW1,2010/12/17 0:30,7456.22,22.03,TRADE
NSW1,2010/12/17 1:00,7226.49,21.46,TRADE
NSW1,2010/12/17 1:30,6964.52,24.15,TRADE
NSW1,2010/12/17 2:00,6727.05,22.41,TRADE
NSW1,2010/12/17 2:30,6546.17,19.06,TRADE
NSW1,2010/12/17 3:00,6485.81,18.97,TRADE
NSW1,2010/12/17 3:30,6449.02,18.82,TRADE
NSW1,2010/12/17 4:00,6545.72,19.64,TRADE
NSW1,2010/12/17 4:30,6793.83,22.07,TRADE
NSW1,2010/12/17 5:00,7014.99,23.4,TRADE
NSW1,2010/12/17 5:30,7557.14,25.26,TRADE
NSW1,2010/12/17 6:00,8063.95,24.89,TRADE
NSW1,2010/12/17 6:30,8404.65,23.98,TRADE
NSW1,2010/12/17 7:00,8775.34,24.78,TRADE
NSW1,2010/12/17 7:30,9023.61,24.96,TRADE
NSW1,2010/12/17 8:00,9192.9,25.31,TRADE
NSW1,2010/12/17 8:30,9427.04,25.32,TRADE
NSW1,2010/12/17 9:00,9507.14,25.31,TRADE
NSW1,2010/12/17 9:30,9528.89,25.11,TRADE
NSW1,2010/12/17 10:00,9494.33,25.31,TRADE
NSW1,2010/12/17 10:30,9470.4,25.25,TRADE
NSW1,2010/12/17 11:00,9437.37,25.32,TRADE
NSW1,2010/12/17 11:30,9383.72,25.31,TRADE
NSW1,2010/12/17 12:00,9375.24,25.18,TRADE
NSW1,2010/12/17 12:30,9385.37,25.31,TRADE
NSW1,2010/12/17 13:00,9357.67,25.31,TRADE
NSW1,2010/12/17 13:30,9340.12,25.31,TRADE
NSW1,2010/12/17 14:00,9305.39,23.97,TRADE
NSW1,2010/12/17 14:30,9321.9,25.31,TRADE
NSW1,2010/12/17 15:00,9260.88,23.84,TRADE
NSW1,2010/12/17 15:30,9277.83,24.77,TRADE
NSW1,2010/12/17 16:00,9270.07,25.3,TRADE
NSW1,2010/12/17 16:30,9165.36,24.57,TRADE
NSW1,2010/12/17 17:00,9076.46,24.11,TRADE
NSW1,2010/12/17 17:30,8773.58,22.84,TRADE
NSW1,2010/12/17 18:00,8617.1,22.57,TRADE
NSW1,2010/12/17 18:30,8501.93,22.62,TRADE
NSW1,2010/12/17 19:00,8360.43,24.49,TRADE
NSW1,2010/12/17 19:30,8420.27,23.81,TRADE
NSW1,2010/12/17 20:00,8542.9,25.35,TRADE
NSW1,2010/12/17 20:30,8353.83,23.94,TRADE
NSW1,2010/12/17 21:00,8175.34,22.19,TRADE
NSW1,2010/12/17 21:30,8191.65,22.43,TRADE
NSW1,2010/12/17 22:00,8097.69,22.03,TRADE
NSW1,2010/12/17 22:30,8080.61,23.73,TRADE
NSW1,2010/12/17 23:00,7946.84,23.26,TRADE
NSW1,2010/12/17 23:30,7741.89,23.65,TRADE
NSW1,2010/12/18 0:00,7536.2,21.8,TRADE
NSW1,2010/12/18 0:30,7320.33,21.32,TRADE
NSW1,2010/12/18 1:00,7097.55,20.15,TRADE
NSW1,2010/12/18 1:30,6795.59,19.68,TRADE
NSW1,2010/12/18 2:00,6507.03,15.5,TRADE
NSW1,2010/12/18 2:30,6277.95,15.16,TRADE
NSW1,2010/12/18 3:00,6164.62,12.95,TRADE
NSW1,2010/12/18 3:30,6115.29,13.49,TRADE
NSW1,2010/12/18 4:00,6125.64,12.79,TRADE
NSW1,2010/12/18 4:30,6234.22,14.91,TRADE
NSW1,2010/12/18 5:00,6269.43,15.81,TRADE
NSW1,2010/12/18 5:30,6477.05,19.24,TRADE
NSW1,2010/12/18 6:00,6708.51,17.89,TRADE
NSW1,2010/12/18 6:30,7009.05,20.93,TRADE
NSW1,2010/12/18 7:00,7362.78,22.31,TRADE
NSW1,2010/12/18 7:30,7761.16,22.84,TRADE
NSW1,2010/12/18 8:00,8027.79,24.55,TRADE
NSW1,2010/12/18 8:30,8333.36,25.31,TRADE
NSW1,2010/12/18 9:00,8363.98,25.31,TRADE
NSW1,2010/12/18 9:30,8438.6,25.17,TRADE
NSW1,2010/12/18 10:00,8425.72,25.16,TRADE
NSW1,2010/12/18 10:30,8417.9,24.96,TRADE
NSW1,2010/12/18 11:00,8372.52,24.89,TRADE
NSW1,2010/12/18 11:30,8343.37,25.3,TRADE
NSW1,2010/12/18 12:00,8242.85,25.23,TRADE
NSW1,2010/12/18 12:30,8191.22,25.3,TRADE
NSW1,2010/12/18 13:00,8085.53,25.29,TRADE
NSW1,2010/12/18 13:30,8095.87,25.29,TRADE
NSW1,2010/12/18 14:00,8022.95,23.33,TRADE
NSW1,2010/12/18 14:30,8001.18,24.01,TRADE
NSW1,2010/12/18 15:00,7968.75,22.61,TRADE
NSW1,2010/12/18 15:30,7915.96,22.31,TRADE
NSW1,2010/12/18 16:00,7924.51,22.22,TRADE
NSW1,2010/12/18 16:30,7878.38,22.22,TRADE
NSW1,2010/12/18 17:00,7902.41,22.22,TRADE
NSW1,2010/12/18 17:30,7880.48,22.15,TRADE
NSW1,2010/12/18 18:00,7825.89,22.15,TRADE
NSW1,2010/12/18 18:30,7750.67,22.09,TRADE
NSW1,2010/12/18 19:00,7784.41,22.2,TRADE
NSW1,2010/12/18 19:30,7887.17,22.13,TRADE
NSW1,2010/12/18 20:00,8004.28,22.22,TRADE
NSW1,2010/12/18 20:30,7936.47,21.76,TRADE
NSW1,2010/12/18 21:00,7801.48,20.58,TRADE
NSW1,2010/12/18 21:30,7805.52,21.73,TRADE
NSW1,2010/12/18 22:00,7691.82,20.71,TRADE
NSW1,2010/12/18 22:30,7689.13,21.9,TRADE
NSW1,2010/12/18 23:00,7490.91,21.1,TRADE
NSW1,2010/12/18 23:30,7292.07,20.85,TRADE
NSW1,2010/12/19 0:00,7130.5,20.03,TRADE
NSW1,2010/12/19 0:30,6951.93,18.65,TRADE
NSW1,2010/12/19 1:00,6746.36,15.36,TRADE
NSW1,2010/12/19 1:30,6528.59,18.96,TRADE
NSW1,2010/12/19 2:00,6302.6,14.03,TRADE
NSW1,2010/12/19 2:30,6177.52,15.51,TRADE
NSW1,2010/12/19 3:00,6064.28,13.75,TRADE
NSW1,2010/12/19 3:30,6026.09,13.16,TRADE
NSW1,2010/12/19 4:00,6010.92,13.12,TRADE
NSW1,2010/12/19 4:30,6063.54,11.77,TRADE
NSW1,2010/12/19 5:00,6058.15,13.74,TRADE
NSW1,2010/12/19 5:30,6191.25,16.06,TRADE
NSW1,2010/12/19 6:00,6330.44,12.29,TRADE
NSW1,2010/12/19 6:30,6530.91,11.9,TRADE
NSW1,2010/12/19 7:00,6852.75,20.25,TRADE
NSW1,2010/12/19 7:30,7206.15,20.28,TRADE
NSW1,2010/12/19 8:00,7530.46,21.04,TRADE
NSW1,2010/12/19 8:30,7775.96,21.2,TRADE
NSW1,2010/12/19 9:00,7896.32,21.39,TRADE
NSW1,2010/12/19 9:30,8000.61,22.02,TRADE
NSW1,2010/12/19 10:00,8002.48,20.53,TRADE
NSW1,2010/12/19 10:30,7995.14,20.85,TRADE
NSW1,2010/12/19 11:00,7956.5,20.64,TRADE
NSW1,2010/12/19 11:30,7913.89,20.58,TRADE
NSW1,2010/12/19 12:00,7899.66,20.54,TRADE
NSW1,2010/12/19 12:30,7816.56,20.71,TRADE
NSW1,2010/12/19 13:00,7779.56,20.68,TRADE
NSW1,2010/12/19 13:30,7732.75,20.22,TRADE
NSW1,2010/12/19 14:00,7691.95,20.19,TRADE
NSW1,2010/12/19 14:30,7724.62,20.28,TRADE
NSW1,2010/12/19 15:00,7773.62,20.51,TRADE
NSW1,2010/12/19 15:30,7829.24,21.11,TRADE
NSW1,2010/12/19 16:00,7901.53,21.89,TRADE
NSW1,2010/12/19 16:30,7896.73,22.09,TRADE
NSW1,2010/12/19 17:00,8015.38,22.22,TRADE
NSW1,2010/12/19 17:30,8035.49,22.18,TRADE
NSW1,2010/12/19 18:00,7899.25,20.94,TRADE
NSW1,2010/12/19 18:30,7871.62,20.72,TRADE
NSW1,2010/12/19 19:00,7761.86,20.54,TRADE
NSW1,2010/12/19 19:30,7908.83,21.3,TRADE
NSW1,2010/12/19 20:00,8011.32,22,TRADE
NSW1,2010/12/19 20:30,7835.43,21.01,TRADE
NSW1,2010/12/19 21:00,7662.94,20.14,TRADE
NSW1,2010/12/19 21:30,7541.46,19.87,TRADE
NSW1,2010/12/19 22:00,7401.58,18.81,TRADE
NSW1,2010/12/19 22:30,7343.73,16.63,TRADE
NSW1,2010/12/19 23:00,7096.93,14.58,TRADE
NSW1,2010/12/19 23:30,6912.6,17.18,TRADE
NSW1,2010/12/20 0:00,6763.37,16.82,TRADE
NSW1,2010/12/20 0:30,6647.43,12.75,TRADE
NSW1,2010/12/20 1:00,6516.18,12.4,TRADE
NSW1,2010/12/20 1:30,6299.17,14.35,TRADE
NSW1,2010/12/20 2:00,6128.59,13.03,TRADE
NSW1,2010/12/20 2:30,6028.35,11.89,TRADE
NSW1,2010/12/20 3:00,5958.3,7.54,TRADE
NSW1,2010/12/20 3:30,6002.35,3.35,TRADE
NSW1,2010/12/20 4:00,6074.42,11.83,TRADE
NSW1,2010/12/20 4:30,6288.89,17.22,TRADE
NSW1,2010/12/20 5:00,6474.6,19.93,TRADE
NSW1,2010/12/20 5:30,7037.19,21.51,TRADE
NSW1,2010/12/20 6:00,7472.81,20.25,TRADE
NSW1,2010/12/20 6:30,7831.14,22.95,TRADE
NSW1,2010/12/20 7:00,8273.23,22.89,TRADE
NSW1,2010/12/20 7:30,8483.84,18.85,TRADE
NSW1,2010/12/20 8:00,8642.09,22.29,TRADE
NSW1,2010/12/20 8:30,8832.59,22.33,TRADE
NSW1,2010/12/20 9:00,8886.34,22.47,TRADE
NSW1,2010/12/20 9:30,8953.04,23.45,TRADE
NSW1,2010/12/20 10:00,8895.42,22.33,TRADE
NSW1,2010/12/20 10:30,8814.05,22.22,TRADE
NSW1,2010/12/20 11:00,8859.51,22.24,TRADE
NSW1,2010/12/20 11:30,8790.49,22.22,TRADE
NSW1,2010/12/20 12:00,8710.35,22.21,TRADE
NSW1,2010/12/20 12:30,8742.52,22.22,TRADE
NSW1,2010/12/20 13:00,8710.06,22.22,TRADE
NSW1,2010/12/20 13:30,8741.63,22.22,TRADE
NSW1,2010/12/20 14:00,8719.3,22.23,TRADE
NSW1,2010/12/20 14:30,8696.34,22.22,TRADE
NSW1,2010/12/20 15:00,8682.23,22.22,TRADE
NSW1,2010/12/20 15:30,8627.67,22.26,TRADE
NSW1,2010/12/20 16:00,8681.53,22.25,TRADE
NSW1,2010/12/20 16:30,8636.14,22.22,TRADE
NSW1,2010/12/20 17:00,8621.97,22.31,TRADE
NSW1,2010/12/20 17:30,8563.8,21.68,TRADE
NSW1,2010/12/20 18:00,8468.08,20.57,TRADE
NSW1,2010/12/20 18:30,8342.91,20.24,TRADE
NSW1,2010/12/20 19:00,8272.79,21.12,TRADE
NSW1,2010/12/20 19:30,8341.97,22.82,TRADE
NSW1,2010/12/20 20:00,8454.18,22.31,TRADE
NSW1,2010/12/20 20:30,8254.6,21.98,TRADE
NSW1,2010/12/20 21:00,8063.37,21.18,TRADE
NSW1,2010/12/20 21:30,8074.3,20.19,TRADE
NSW1,2010/12/20 22:00,7929.98,19.14,TRADE
NSW1,2010/12/20 22:30,7933.95,22.33,TRADE
NSW1,2010/12/20 23:00,7815.05,22.83,TRADE
NSW1,2010/12/20 23:30,7651.3,23,TRADE
NSW1,2010/12/21 0:00,7476.88,22.07,TRADE
NSW1,2010/12/21 0:30,7309.12,20.25,TRADE
NSW1,2010/12/21 1:00,7082.17,16.64,TRADE
NSW1,2010/12/21 1:30,6784.33,19.93,TRADE
NSW1,2010/12/21 2:00,6514.87,13.5,TRADE
NSW1,2010/12/21 2:30,6316.38,11.72,TRADE
NSW1,2010/12/21 3:00,6238.25,12.78,TRADE
NSW1,2010/12/21 3:30,6218.39,11.16,TRADE
NSW1,2010/12/21 4:00,6258.9,15.4,TRADE
NSW1,2010/12/21 4:30,6383.17,17.29,TRADE
NSW1,2010/12/21 5:00,6629.18,20.28,TRADE
NSW1,2010/12/21 5:30,7124.8,23.43,TRADE
NSW1,2010/12/21 6:00,7504.72,20.51,TRADE
NSW1,2010/12/21 6:30,7818.03,23.21,TRADE
NSW1,2010/12/21 7:00,8214.79,23.79,TRADE
NSW1,2010/12/21 7:30,8477.55,21.86,TRADE
NSW1,2010/12/21 8:00,8635.2,22.5,TRADE
NSW1,2010/12/21 8:30,8830.08,22.26,TRADE
NSW1,2010/12/21 9:00,8908.15,23.56,TRADE
NSW1,2010/12/21 9:30,8996.45,24.32,TRADE
NSW1,2010/12/21 10:00,9057.71,24.81,TRADE
NSW1,2010/12/21 10:30,9028.99,22.5,TRADE
NSW1,2010/12/21 11:00,9049.88,22.32,TRADE
NSW1,2010/12/21 11:30,9104,22.09,TRADE
NSW1,2010/12/21 12:00,9067.62,22.18,TRADE
NSW1,2010/12/21 12:30,9056.06,22.78,TRADE
NSW1,2010/12/21 13:00,9096.56,22.8,TRADE
NSW1,2010/12/21 13:30,9131.08,23.19,TRADE
NSW1,2010/12/21 14:00,9125.28,22.99,TRADE
NSW1,2010/12/21 14:30,9155.2,23.88,TRADE
NSW1,2010/12/21 15:00,9186.66,23.97,TRADE
NSW1,2010/12/21 15:30,9213.57,25.29,TRADE
NSW1,2010/12/21 16:00,9207.27,24.29,TRADE
NSW1,2010/12/21 16:30,9130.7,22.88,TRADE
NSW1,2010/12/21 17:00,9113.25,23.37,TRADE
NSW1,2010/12/21 17:30,8971.86,22.62,TRADE
NSW1,2010/12/21 18:00,8859.95,22.15,TRADE
NSW1,2010/12/21 18:30,8645.03,20.6,TRADE
NSW1,2010/12/21 19:00,8493.78,20.07,TRADE
NSW1,2010/12/21 19:30,8560.92,22.44,TRADE
NSW1,2010/12/21 20:00,8717.56,22.78,TRADE
NSW1,2010/12/21 20:30,8570.14,22.19,TRADE
NSW1,2010/12/21 21:00,8364.08,21.61,TRADE
NSW1,2010/12/21 21:30,8358.88,20.92,TRADE
NSW1,2010/12/21 22:00,8173.38,19.96,TRADE
NSW1,2010/12/21 22:30,8141.36,21.83,TRADE
NSW1,2010/12/21 23:00,8005.51,22.02,TRADE
NSW1,2010/12/21 23:30,7765.34,21.56,TRADE
NSW1,2010/12/22 0:00,7584.75,20.43,TRADE
NSW1,2010/12/22 0:30,7457.56,20.02,TRADE
NSW1,2010/12/22 1:00,7221.1,19.8,TRADE
NSW1,2010/12/22 1:30,6899.07,19.75,TRADE
NSW1,2010/12/22 2:00,6653.66,19.15,TRADE
NSW1,2010/12/22 2:30,6491.51,18.95,TRADE
NSW1,2010/12/22 3:00,6390.42,17.8,TRADE
NSW1,2010/12/22 3:30,6265.81,14.92,TRADE
NSW1,2010/12/22 4:00,6305.73,15.96,TRADE
NSW1,2010/12/22 4:30,6503.58,18.48,TRADE
NSW1,2010/12/22 5:00,6721.31,19.92,TRADE
NSW1,2010/12/22 5:30,7234.97,22.45,TRADE
NSW1,2010/12/22 6:00,7667.08,20.96,TRADE
NSW1,2010/12/22 6:30,8028.34,22.77,TRADE
NSW1,2010/12/22 7:00,8418.28,22.87,TRADE
NSW1,2010/12/22 7:30,8672.72,22.22,TRADE
NSW1,2010/12/22 8:00,8820.19,25.14,TRADE
NSW1,2010/12/22 8:30,9140.89,23.75,TRADE
NSW1,2010/12/22 9:00,9252.4,24.86,TRADE
NSW1,2010/12/22 9:30,9326.41,25.3,TRADE
NSW1,2010/12/22 10:00,9419.97,25.3,TRADE
NSW1,2010/12/22 10:30,9429.88,25.05,TRADE
NSW1,2010/12/22 11:00,9361.47,24.64,TRADE
NSW1,2010/12/22 11:30,9440.05,25.06,TRADE
NSW1,2010/12/22 12:00,9401.53,25.3,TRADE
NSW1,2010/12/22 12:30,9411.83,25.3,TRADE
NSW1,2010/12/22 13:00,9418.36,25.3,TRADE
NSW1,2010/12/22 13:30,9409.65,23.98,TRADE
NSW1,2010/12/22 14:00,9408.5,24.47,TRADE
NSW1,2010/12/22 14:30,9417.36,25.31,TRADE
NSW1,2010/12/22 15:00,9400.7,25.3,TRADE
NSW1,2010/12/22 15:30,9420.58,25.05,TRADE
NSW1,2010/12/22 16:00,9425.64,24.46,TRADE
NSW1,2010/12/22 16:30,9387.78,22.98,TRADE
NSW1,2010/12/22 17:00,9350.03,22.59,TRADE
NSW1,2010/12/22 17:30,9078.05,22.18,TRADE
NSW1,2010/12/22 18:00,8964.67,22.18,TRADE
NSW1,2010/12/22 18:30,8727.84,22.16,TRADE
NSW1,2010/12/22 19:00,8600.81,22.27,TRADE
NSW1,2010/12/22 19:30,8647.73,22.15,TRADE
NSW1,2010/12/22 20:00,8821.2,22.55,TRADE
NSW1,2010/12/22 20:30,8662.82,21.82,TRADE
NSW1,2010/12/22 21:00,8437.69,20.39,TRADE
NSW1,2010/12/22 21:30,8452.03,20.3,TRADE
NSW1,2010/12/22 22:00,8257.88,19.31,TRADE
NSW1,2010/12/22 22:30,8219.9,21.23,TRADE
NSW1,2010/12/22 23:00,8071.55,21.04,TRADE
NSW1,2010/12/22 23:30,7892.44,20.62,TRADE
NSW1,2010/12/23 0:00,7706.32,19.97,TRADE
NSW1,2010/12/23 0:30,7531.92,18.99,TRADE
NSW1,2010/12/23 1:00,7285.75,17.81,TRADE
NSW1,2010/12/23 1:30,6988.65,19.67,TRADE
NSW1,2010/12/23 2:00,6711.59,15.69,TRADE
NSW1,2010/12/23 2:30,6540.52,17.04,TRADE
NSW1,2010/12/23 3:00,6226.4,12.27,TRADE
NSW1,2010/12/23 3:30,6106.01,11.81,TRADE
NSW1,2010/12/23 4:00,6174.38,12,TRADE
NSW1,2010/12/23 4:30,6659.3,18.75,TRADE
NSW1,2010/12/23 5:00,6850.84,19.73,TRADE
NSW1,2010/12/23 5:30,7237.6,19.96,TRADE
NSW1,2010/12/23 6:00,7625.57,20.1,TRADE
NSW1,2010/12/23 6:30,7951.15,20.94,TRADE
NSW1,2010/12/23 7:00,8322.68,21.2,TRADE
NSW1,2010/12/23 7:30,8375.77,20.49,TRADE
NSW1,2010/12/23 8:00,8535.33,22.52,TRADE
NSW1,2010/12/23 8:30,9052.81,22.6,TRADE
NSW1,2010/12/23 9:00,9284.71,22.28,TRADE
NSW1,2010/12/23 9:30,9382.74,22.97,TRADE
NSW1,2010/12/23 10:00,9414.29,21.6,TRADE
NSW1,2010/12/23 10:30,9395.24,22.01,TRADE
NSW1,2010/12/23 11:00,9446.03,21.88,TRADE
NSW1,2010/12/23 11:30,9492.09,20.38,TRADE
NSW1,2010/12/23 12:00,9417.24,21.24,TRADE
NSW1,2010/12/23 12:30,9462.73,20.75,TRADE
NSW1,2010/12/23 13:00,9571,22.46,TRADE
NSW1,2010/12/23 13:30,9678.82,23.7,TRADE
NSW1,2010/12/23 14:00,9752.48,23.88,TRADE
NSW1,2010/12/23 14:30,9795.83,24.11,TRADE
NSW1,2010/12/23 15:00,9902.1,25.3,TRADE
NSW1,2010/12/23 15:30,9983.67,25.31,TRADE
NSW1,2010/12/23 16:00,10022.04,25.31,TRADE
NSW1,2010/12/23 16:30,9852.85,25.09,TRADE
NSW1,2010/12/23 17:00,9692.01,24.2,TRADE
NSW1,2010/12/23 17:30,9377.38,22.64,TRADE
NSW1,2010/12/23 18:00,9160.68,21.34,TRADE
NSW1,2010/12/23 18:30,8884.48,20.24,TRADE
NSW1,2010/12/23 19:00,8762.61,21.05,TRADE
NSW1,2010/12/23 19:30,8779.73,21.92,TRADE
NSW1,2010/12/23 20:00,8803.41,23.99,TRADE
NSW1,2010/12/23 20:30,8581.93,23.37,TRADE
NSW1,2010/12/23 21:00,8344.19,19.91,TRADE
NSW1,2010/12/23 21:30,8337.73,20.2,TRADE
NSW1,2010/12/23 22:00,8159.43,19.81,TRADE
NSW1,2010/12/23 22:30,8183.59,22.42,TRADE
NSW1,2010/12/23 23:00,7990.73,18.61,TRADE
NSW1,2010/12/23 23:30,7710.7,18.77,TRADE
NSW1,2010/12/24 0:00,7536.48,19.87,TRADE
NSW1,2010/12/24 0:30,7323.85,17.05,TRADE
NSW1,2010/12/24 1:00,7106.37,16.53,TRADE
NSW1,2010/12/24 1:30,6790.73,15.95,TRADE
NSW1,2010/12/24 2:00,6491.88,10.02,TRADE
NSW1,2010/12/24 2:30,6345.46,13.47,TRADE
NSW1,2010/12/24 3:00,6261.84,11.63,TRADE
NSW1,2010/12/24 3:30,6231.54,11.07,TRADE
NSW1,2010/12/24 4:00,6266.55,11.89,TRADE
NSW1,2010/12/24 4:30,6393.26,12.09,TRADE
NSW1,2010/12/24 5:00,6521.25,14.49,TRADE
NSW1,2010/12/24 5:30,6874.84,20.07,TRADE
NSW1,2010/12/24 6:00,7223.34,19.97,TRADE
NSW1,2010/12/24 6:30,7522.5,20.63,TRADE
NSW1,2010/12/24 7:00,7857.72,20.89,TRADE
NSW1,2010/12/24 7:30,8182.68,22.44,TRADE
NSW1,2010/12/24 8:00,8310.38,20.79,TRADE
NSW1,2010/12/24 8:30,8552.06,23.82,TRADE
NSW1,2010/12/24 9:00,8786.4,22.67,TRADE
NSW1,2010/12/24 9:30,8836.05,24.66,TRADE
NSW1,2010/12/24 10:00,8844.94,25.28,TRADE
NSW1,2010/12/24 10:30,8801.08,25.26,TRADE
NSW1,2010/12/24 11:00,8824.74,25.3,TRADE
NSW1,2010/12/24 11:30,8776.08,24.52,TRADE
NSW1,2010/12/24 12:00,8698.47,25.06,TRADE
NSW1,2010/12/24 12:30,8637.95,23.49,TRADE
NSW1,2010/12/24 13:00,8581.53,22.81,TRADE
NSW1,2010/12/24 13:30,8582.74,23.23,TRADE
NSW1,2010/12/24 14:00,8570.41,23,TRADE
NSW1,2010/12/24 14:30,8496.21,22.27,TRADE
NSW1,2010/12/24 15:00,8497.69,22.15,TRADE
NSW1,2010/12/24 15:30,8494.3,21.46,TRADE
NSW1,2010/12/24 16:00,8505.5,22.28,TRADE
NSW1,2010/12/24 16:30,8449.48,24.91,TRADE
NSW1,2010/12/24 17:00,8363.05,23.72,TRADE
NSW1,2010/12/24 17:30,8065.73,20.38,TRADE
NSW1,2010/12/24 18:00,7875.63,19.35,TRADE
NSW1,2010/12/24 18:30,7727.85,19.79,TRADE
NSW1,2010/12/24 19:00,7589.99,19.79,TRADE
NSW1,2010/12/24 19:30,7659.52,19.87,TRADE
NSW1,2010/12/24 20:00,7815.56,23.1,TRADE
NSW1,2010/12/24 20:30,7755.39,20.91,TRADE
NSW1,2010/12/24 21:00,7651.77,20.36,TRADE
NSW1,2010/12/24 21:30,7825.6,20.84,TRADE
NSW1,2010/12/24 22:00,7777.42,19.83,TRADE
NSW1,2010/12/24 22:30,7850.93,28.34,TRADE
NSW1,2010/12/24 23:00,7730.97,24.58,TRADE
NSW1,2010/12/24 23:30,7538.29,24.27,TRADE
NSW1,2010/12/25 0:00,7358.22,22.18,TRADE
NSW1,2010/12/25 0:30,7141.33,19.35,TRADE
NSW1,2010/12/25 1:00,6870.62,20.11,TRADE
NSW1,2010/12/25 1:30,6557.8,19.87,TRADE
NSW1,2010/12/25 2:00,6237.94,18.43,TRADE
NSW1,2010/12/25 2:30,6024.32,19.45,TRADE
NSW1,2010/12/25 3:00,5871.85,16.39,TRADE
NSW1,2010/12/25 3:30,5786.53,9.61,TRADE
NSW1,2010/12/25 4:00,5751.73,7.03,TRADE
NSW1,2010/12/25 4:30,5788.46,9.89,TRADE
NSW1,2010/12/25 5:00,5770.23,6.66,TRADE
NSW1,2010/12/25 5:30,5889.09,10.18,TRADE
NSW1,2010/12/25 6:00,6084.96,9.68,TRADE
NSW1,2010/12/25 6:30,6314.61,15.01,TRADE
NSW1,2010/12/25 7:00,6624.32,17.24,TRADE
NSW1,2010/12/25 7:30,6938.78,19.55,TRADE
NSW1,2010/12/25 8:00,7171.48,20.02,TRADE
NSW1,2010/12/25 8:30,7448.74,20.47,TRADE
NSW1,2010/12/25 9:00,7513.82,20.11,TRADE
NSW1,2010/12/25 9:30,7649.32,19.83,TRADE
NSW1,2010/12/25 10:00,7660.83,19.85,TRADE
NSW1,2010/12/25 10:30,7652.79,19.91,TRADE
NSW1,2010/12/25 11:00,7645.16,19.86,TRADE
NSW1,2010/12/25 11:30,7621.71,19.75,TRADE
NSW1,2010/12/25 12:00,7562.61,19.8,TRADE
NSW1,2010/12/25 12:30,7466.48,19.68,TRADE
NSW1,2010/12/25 13:00,7416.44,19.7,TRADE
NSW1,2010/12/25 13:30,7399.97,19.7,TRADE
NSW1,2010/12/25 14:00,7439.94,19.8,TRADE
NSW1,2010/12/25 14:30,7491.72,19.8,TRADE
NSW1,2010/12/25 15:00,7582.03,19.8,TRADE
NSW1,2010/12/25 15:30,7679.56,19.83,TRADE
NSW1,2010/12/25 16:00,7730.97,19.87,TRADE
NSW1,2010/12/25 16:30,7748.53,19.87,TRADE
NSW1,2010/12/25 17:00,7792.88,19.9,TRADE
NSW1,2010/12/25 17:30,7769.18,19.8,TRADE
NSW1,2010/12/25 18:00,7686.79,19.87,TRADE
NSW1,2010/12/25 18:30,7690.13,19.83,TRADE
NSW1,2010/12/25 19:00,7643.39,19.8,TRADE
NSW1,2010/12/25 19:30,7691.86,19.28,TRADE
NSW1,2010/12/25 20:00,7913.18,19.97,TRADE
NSW1,2010/12/25 20:30,7913.93,20,TRADE
NSW1,2010/12/25 21:00,7830.92,20.51,TRADE
NSW1,2010/12/25 21:30,7818.18,19.8,TRADE
NSW1,2010/12/25 22:00,7704.04,18.54,TRADE
NSW1,2010/12/25 22:30,7600.41,21.61,TRADE
NSW1,2010/12/25 23:00,7330.45,19.59,TRADE
NSW1,2010/12/25 23:30,7084.12,19.08,TRADE
NSW1,2010/12/26 0:00,6889.6,17.46,TRADE
NSW1,2010/12/26 0:30,6738.69,14.24,TRADE
NSW1,2010/12/26 1:00,6527.42,14.21,TRADE
NSW1,2010/12/26 1:30,6273.82,14.07,TRADE
NSW1,2010/12/26 2:00,6089.68,11.76,TRADE
NSW1,2010/12/26 2:30,5960.58,12.09,TRADE
NSW1,2010/12/26 3:00,5856.78,11.5,TRADE
NSW1,2010/12/26 3:30,5835.59,11.2,TRADE
NSW1,2010/12/26 4:00,5840.12,11.11,TRADE
NSW1,2010/12/26 4:30,5880.34,11.21,TRADE
NSW1,2010/12/26 5:00,5887.42,11.29,TRADE
NSW1,2010/12/26 5:30,5914.26,12.33,TRADE
NSW1,2010/12/26 6:00,6009.45,12.32,TRADE
NSW1,2010/12/26 6:30,6283.77,13.82,TRADE
NSW1,2010/12/26 7:00,6521.74,17.09,TRADE
NSW1,2010/12/26 7:30,6802.18,18.1,TRADE
NSW1,2010/12/26 8:00,7082.23,18.94,TRADE
NSW1,2010/12/26 8:30,7389.64,19.99,TRADE
NSW1,2010/12/26 9:00,7530.16,19.99,TRADE
NSW1,2010/12/26 9:30,7657.37,20,TRADE
NSW1,2010/12/26 10:00,7683.65,20,TRADE
NSW1,2010/12/26 10:30,7672.93,20,TRADE
NSW1,2010/12/26 11:00,7608.41,20,TRADE
NSW1,2010/12/26 11:30,7638.66,20,TRADE
NSW1,2010/12/26 12:00,7649.64,20.03,TRADE
NSW1,2010/12/26 12:30,7578.5,19.8,TRADE
NSW1,2010/12/26 13:00,7546.46,19.82,TRADE
NSW1,2010/12/26 13:30,7561.52,19.89,TRADE
NSW1,2010/12/26 14:00,7648.72,23.19,TRADE
NSW1,2010/12/26 14:30,7789.5,24.89,TRADE
NSW1,2010/12/26 15:00,7900.1,24.14,TRADE
NSW1,2010/12/26 15:30,7949.53,23.27,TRADE
NSW1,2010/12/26 16:00,8028.38,24.89,TRADE
NSW1,2010/12/26 16:30,8018.38,24.95,TRADE
NSW1,2010/12/26 17:00,8090.36,25.29,TRADE
NSW1,2010/12/26 17:30,8042.96,24.83,TRADE
NSW1,2010/12/26 18:00,8075.99,25.23,TRADE
NSW1,2010/12/26 18:30,7997.56,24.17,TRADE
NSW1,2010/12/26 19:00,7960.86,25.15,TRADE
NSW1,2010/12/26 19:30,7920.99,23.5,TRADE
NSW1,2010/12/26 20:00,7809.85,23.05,TRADE
NSW1,2010/12/26 20:30,7669.21,21.32,TRADE
NSW1,2010/12/26 21:00,7457.21,19.73,TRADE
NSW1,2010/12/26 21:30,7371.42,19.68,TRADE
NSW1,2010/12/26 22:00,7301.89,18.48,TRADE
NSW1,2010/12/26 22:30,7288.96,20.37,TRADE
NSW1,2010/12/26 23:00,7122.84,19.59,TRADE
NSW1,2010/12/26 23:30,6899.06,18.75,TRADE
NSW1,2010/12/27 0:00,6749.25,16.83,TRADE
NSW1,2010/12/27 0:30,6603.01,15.34,TRADE
NSW1,2010/12/27 1:00,6480.46,15.01,TRADE
NSW1,2010/12/27 1:30,6248.12,12.67,TRADE
NSW1,2010/12/27 2:00,6069.5,11.35,TRADE
NSW1,2010/12/27 2:30,5934.84,11.01,TRADE
NSW1,2010/12/27 3:00,5882.1,9.49,TRADE
NSW1,2010/12/27 3:30,5866.82,10.17,TRADE
NSW1,2010/12/27 4:00,5855.07,6.08,TRADE
NSW1,2010/12/27 4:30,5927.77,10.37,TRADE
NSW1,2010/12/27 5:00,5962.73,11.71,TRADE
NSW1,2010/12/27 5:30,6096.7,16.9,TRADE
NSW1,2010/12/27 6:00,6253.63,12.92,TRADE
NSW1,2010/12/27 6:30,6417.44,16.4,TRADE
NSW1,2010/12/27 7:00,6701.19,17,TRADE
NSW1,2010/12/27 7:30,7017.26,19.27,TRADE
NSW1,2010/12/27 8:00,7311.35,20.13,TRADE
NSW1,2010/12/27 8:30,7569.39,21.14,TRADE
NSW1,2010/12/27 9:00,7754.21,21.25,TRADE
NSW1,2010/12/27 9:30,7900.33,23.19,TRADE
NSW1,2010/12/27 10:00,7907.87,24.03,TRADE
NSW1,2010/12/27 10:30,7846,24.8,TRADE
NSW1,2010/12/27 11:00,7829.56,25.28,TRADE
NSW1,2010/12/27 11:30,7804.67,23.32,TRADE
NSW1,2010/12/27 12:00,7741.29,24.25,TRADE
NSW1,2010/12/27 12:30,7668.17,23.37,TRADE
NSW1,2010/12/27 13:00,7590.26,23.12,TRADE
NSW1,2010/12/27 13:30,7534.48,24.65,TRADE
NSW1,2010/12/27 14:00,7509.82,24.29,TRADE
NSW1,2010/12/27 14:30,7436.34,23.51,TRADE
NSW1,2010/12/27 15:00,7416.59,23.35,TRADE
NSW1,2010/12/27 15:30,7392.23,23.09,TRADE
NSW1,2010/12/27 16:00,7449.39,23.58,TRADE
NSW1,2010/12/27 16:30,7494.35,23.7,TRADE
NSW1,2010/12/27 17:00,7652.02,24.64,TRADE
NSW1,2010/12/27 17:30,7580.76,22.83,TRADE
NSW1,2010/12/27 18:00,7564.26,22.92,TRADE
NSW1,2010/12/27 18:30,7527.94,22.38,TRADE
NSW1,2010/12/27 19:00,7448.47,22.74,TRADE
NSW1,2010/12/27 19:30,7465.46,22.69,TRADE
NSW1,2010/12/27 20:00,7488.76,22.61,TRADE
NSW1,2010/12/27 20:30,7396.71,22.2,TRADE
NSW1,2010/12/27 21:00,7278.71,20.76,TRADE
NSW1,2010/12/27 21:30,7350.37,20.61,TRADE
NSW1,2010/12/27 22:00,7314.45,19.58,TRADE
NSW1,2010/12/27 22:30,7349.17,19.55,TRADE
NSW1,2010/12/27 23:00,7238.12,19.01,TRADE
NSW1,2010/12/27 23:30,7098.43,19.99,TRADE
NSW1,2010/12/28 0:00,7011,19.74,TRADE
NSW1,2010/12/28 0:30,6872.28,19.32,TRADE
NSW1,2010/12/28 1:00,6677.98,19.63,TRADE
NSW1,2010/12/28 1:30,6424.16,19.63,TRADE
NSW1,2010/12/28 2:00,6154.94,17.09,TRADE
NSW1,2010/12/28 2:30,5916.06,16.79,TRADE
NSW1,2010/12/28 3:00,5807.98,15.58,TRADE
NSW1,2010/12/28 3:30,5752.8,14.35,TRADE
NSW1,2010/12/28 4:00,5739.23,12.62,TRADE
NSW1,2010/12/28 4:30,5791.86,15.13,TRADE
NSW1,2010/12/28 5:00,5824.88,13.79,TRADE
NSW1,2010/12/28 5:30,5954.07,12.29,TRADE
NSW1,2010/12/28 6:00,6095.31,11.9,TRADE
NSW1,2010/12/28 6:30,6233.37,15.8,TRADE
NSW1,2010/12/28 7:00,6496.88,18.48,TRADE
NSW1,2010/12/28 7:30,6817.71,19.68,TRADE
NSW1,2010/12/28 8:00,7075.38,19.9,TRADE
NSW1,2010/12/28 8:30,7336.18,20.9,TRADE
NSW1,2010/12/28 9:00,7497.28,21.29,TRADE
NSW1,2010/12/28 9:30,7660.14,23.36,TRADE
NSW1,2010/12/28 10:00,7671.25,22.56,TRADE
NSW1,2010/12/28 10:30,7654.08,22.8,TRADE
NSW1,2010/12/28 11:00,7637.34,22.7,TRADE
NSW1,2010/12/28 11:30,7642.43,22.21,TRADE
NSW1,2010/12/28 12:00,7609.5,22.7,TRADE
NSW1,2010/12/28 12:30,7566.53,21.86,TRADE
NSW1,2010/12/28 13:00,7550,39.23,TRADE
NSW1,2010/12/28 13:30,7507.3,25.24,TRADE
NSW1,2010/12/28 14:00,7489.64,25.19,TRADE
NSW1,2010/12/28 14:30,7497.5,25.3,TRADE
NSW1,2010/12/28 15:00,7494.87,25.3,TRADE
NSW1,2010/12/28 15:30,7465.48,25.22,TRADE
NSW1,2010/12/28 16:00,7528.88,25.3,TRADE
NSW1,2010/12/28 16:30,7572.91,25.12,TRADE
NSW1,2010/12/28 17:00,7692.02,25.31,TRADE
NSW1,2010/12/28 17:30,7677.02,25.17,TRADE
NSW1,2010/12/28 18:00,7660.48,25.24,TRADE
NSW1,2010/12/28 18:30,7547.3,24.2,TRADE
NSW1,2010/12/28 19:00,7516.93,23.67,TRADE
NSW1,2010/12/28 19:30,7528.04,21.93,TRADE
NSW1,2010/12/28 20:00,7566.97,23.27,TRADE
NSW1,2010/12/28 20:30,7521.69,22.43,TRADE
NSW1,2010/12/28 21:00,7386.43,20.18,TRADE
NSW1,2010/12/28 21:30,7430.09,20.04,TRADE
NSW1,2010/12/28 22:00,7363.26,20.16,TRADE
NSW1,2010/12/28 22:30,7424.34,22.94,TRADE
NSW1,2010/12/28 23:00,7319.52,22.75,TRADE
NSW1,2010/12/28 23:30,7218.79,21.08,TRADE
NSW1,2010/12/29 0:00,7089.71,19.98,TRADE
NSW1,2010/12/29 0:30,6951.23,20.02,TRADE
NSW1,2010/12/29 1:00,6785.66,19.09,TRADE
NSW1,2010/12/29 1:30,6503.35,19.2,TRADE
NSW1,2010/12/29 2:00,6239.24,16.58,TRADE
NSW1,2010/12/29 2:30,6053.69,16.87,TRADE
NSW1,2010/12/29 3:00,5943.77,15.51,TRADE
NSW1,2010/12/29 3:30,5913.12,14.67,TRADE
NSW1,2010/12/29 4:00,5933.59,14.66,TRADE
NSW1,2010/12/29 4:30,6052.69,16.14,TRADE
NSW1,2010/12/29 5:00,6148.39,17.59,TRADE
NSW1,2010/12/29 5:30,6382.22,18.1,TRADE
NSW1,2010/12/29 6:00,6625.29,17.51,TRADE
NSW1,2010/12/29 6:30,6892.15,20.57,TRADE
NSW1,2010/12/29 7:00,7229.43,21.34,TRADE
NSW1,2010/12/29 7:30,7578.59,20.92,TRADE
NSW1,2010/12/29 8:00,7890.6,24.2,TRADE
NSW1,2010/12/29 8:30,8237.79,24.58,TRADE
NSW1,2010/12/29 9:00,8397.46,25.31,TRADE
NSW1,2010/12/29 9:30,8481.42,25.31,TRADE
NSW1,2010/12/29 10:00,8482.94,25.31,TRADE
NSW1,2010/12/29 10:30,8505.05,25.31,TRADE
NSW1,2010/12/29 11:00,8533.51,25.23,TRADE
NSW1,2010/12/29 11:30,8550.9,25.27,TRADE
NSW1,2010/12/29 12:00,8569.37,25.3,TRADE
NSW1,2010/12/29 12:30,8612.92,25.16,TRADE
NSW1,2010/12/29 13:00,8636.83,25.23,TRADE
NSW1,2010/12/29 13:30,8627.98,25.31,TRADE
NSW1,2010/12/29 14:00,8670.67,25.31,TRADE
NSW1,2010/12/29 14:30,8762.38,25.31,TRADE
NSW1,2010/12/29 15:00,8845.01,25.31,TRADE
NSW1,2010/12/29 15:30,8624.53,24.17,TRADE
NSW1,2010/12/29 16:00,8690.72,25.3,TRADE
NSW1,2010/12/29 16:30,8831.45,36.16,TRADE
NSW1,2010/12/29 17:00,9056.48,25.7,TRADE
NSW1,2010/12/29 17:30,8833.86,25.17,TRADE
NSW1,2010/12/29 18:00,8720.14,25.31,TRADE
NSW1,2010/12/29 18:30,8523.91,25.31,TRADE
NSW1,2010/12/29 19:00,8393.19,25.31,TRADE
NSW1,2010/12/29 19:30,8365.29,24.94,TRADE
NSW1,2010/12/29 20:00,8449.5,25.32,TRADE
NSW1,2010/12/29 20:30,8286.6,25.17,TRADE
NSW1,2010/12/29 21:00,8034.34,22.05,TRADE
NSW1,2010/12/29 21:30,8079.88,25.17,TRADE
NSW1,2010/12/29 22:00,7910.98,22.4,TRADE
NSW1,2010/12/29 22:30,7913.39,26.07,TRADE
NSW1,2010/12/29 23:00,7783.12,26.81,TRADE
NSW1,2010/12/29 23:30,7584.31,24.7,TRADE
NSW1,2010/12/30 0:00,7419.3,22.96,TRADE
NSW1,2010/12/30 0:30,7227.76,22.86,TRADE
NSW1,2010/12/30 1:00,7017.83,21.09,TRADE
NSW1,2010/12/30 1:30,6765.24,19.68,TRADE
NSW1,2010/12/30 2:00,6476.46,17.92,TRADE
NSW1,2010/12/30 2:30,6277.7,16.9,TRADE
NSW1,2010/12/30 3:00,6137.21,16.45,TRADE
NSW1,2010/12/30 3:30,6132.15,17.15,TRADE
NSW1,2010/12/30 4:00,6138.78,17.95,TRADE
NSW1,2010/12/30 4:30,6263.38,18.11,TRADE
NSW1,2010/12/30 5:00,6288.74,17.26,TRADE
NSW1,2010/12/30 5:30,6556.77,19.59,TRADE
NSW1,2010/12/30 6:00,6771.33,20.34,TRADE
NSW1,2010/12/30 6:30,7099.24,21.73,TRADE
NSW1,2010/12/30 7:00,7470.71,22.36,TRADE
NSW1,2010/12/30 7:30,7824.65,24.45,TRADE
NSW1,2010/12/30 8:00,8197.2,25.31,TRADE
NSW1,2010/12/30 8:30,8559.68,25.18,TRADE
NSW1,2010/12/30 9:00,8755.74,25.31,TRADE
NSW1,2010/12/30 9:30,8926.82,25.31,TRADE
NSW1,2010/12/30 10:00,9068.72,25.31,TRADE
NSW1,2010/12/30 10:30,9109.51,25.31,TRADE
NSW1,2010/12/30 11:00,9209.37,25.31,TRADE
NSW1,2010/12/30 11:30,9297.59,25.31,TRADE
NSW1,2010/12/30 12:00,9366.93,26.15,TRADE
NSW1,2010/12/30 12:30,9471.33,25.01,TRADE
NSW1,2010/12/30 13:00,9513.32,25.59,TRADE
NSW1,2010/12/30 13:30,9540.8,29.02,TRADE
NSW1,2010/12/30 14:00,9611,29.69,TRADE
NSW1,2010/12/30 14:30,9666.86,38.94,TRADE
NSW1,2010/12/30 15:00,9696.81,40.8,TRADE
NSW1,2010/12/30 15:30,9737.89,39.44,TRADE
NSW1,2010/12/30 16:00,9802.9,29.88,TRADE
NSW1,2010/12/30 16:30,9795.62,29.39,TRADE
NSW1,2010/12/30 17:00,9799.58,29.78,TRADE
NSW1,2010/12/30 17:30,9648.43,26.19,TRADE
NSW1,2010/12/30 18:00,9543.53,26.16,TRADE
NSW1,2010/12/30 18:30,9278.75,25.31,TRADE
NSW1,2010/12/30 19:00,9147.95,25.31,TRADE
NSW1,2010/12/30 19:30,9120.15,25.46,TRADE
NSW1,2010/12/30 20:00,9165.36,29.1,TRADE
NSW1,2010/12/30 20:30,8973.22,25.78,TRADE
NSW1,2010/12/30 21:00,8629.31,25.27,TRADE
NSW1,2010/12/30 21:30,8619.51,25.31,TRADE
NSW1,2010/12/30 22:00,8397.69,23.59,TRADE
NSW1,2010/12/30 22:30,8324.83,27.39,TRADE
NSW1,2010/12/30 23:00,8094.35,24.29,TRADE
NSW1,2010/12/30 23:30,7859.68,24.01,TRADE
NSW1,2010/12/31 0:00,7628.57,22.53,TRADE
NSW1,2010/12/31 0:30,7384.33,20.7,TRADE
NSW1,2010/12/31 1:00,7161.66,18.76,TRADE
NSW1,2010/12/31 1:30,6842.79,19.94,TRADE
NSW1,2010/12/31 2:00,6594.82,19.85,TRADE
NSW1,2010/12/31 2:30,6407.01,19.16,TRADE
NSW1,2010/12/31 3:00,6317.23,18.17,TRADE
NSW1,2010/12/31 3:30,6287.11,17.74,TRADE
NSW1,2010/12/31 4:00,6295.38,17,TRADE
NSW1,2010/12/31 4:30,6388.81,17,TRADE
NSW1,2010/12/31 5:00,6471.39,17.25,TRADE
NSW1,2010/12/31 5:30,6735.13,20.58,TRADE
NSW1,2010/12/31 6:00,6966.03,19.93,TRADE
NSW1,2010/12/31 6:30,7290.56,21.63,TRADE
NSW1,2010/12/31 7:00,7657.11,23.25,TRADE
NSW1,2010/12/31 7:30,8071.32,24.77,TRADE
NSW1,2010/12/31 8:00,8310.48,25.31,TRADE
NSW1,2010/12/31 8:30,8776.38,25.82,TRADE
NSW1,2010/12/31 9:00,9111.1,25.64,TRADE
NSW1,2010/12/31 9:30,9348.81,25.15,TRADE
NSW1,2010/12/31 10:00,9540.17,25.32,TRADE
NSW1,2010/12/31 10:30,9718.88,28.91,TRADE
NSW1,2010/12/31 11:00,9865.34,28.84,TRADE
NSW1,2010/12/31 11:30,9982.93,29.95,TRADE
NSW1,2010/12/31 12:00,10115.58,31.25,TRADE
NSW1,2010/12/31 12:30,10258.53,32.96,TRADE
NSW1,2010/12/31 13:00,10355.9,38.61,TRADE
NSW1,2010/12/31 13:30,10480.01,32.41,TRADE
NSW1,2010/12/31 14:00,10570.29,31.25,TRADE
NSW1,2010/12/31 14:30,10656.38,39.9,TRADE
NSW1,2010/12/31 15:00,10719.21,47.15,TRADE
NSW1,2010/12/31 15:30,10809.53,50.44,TRADE
NSW1,2010/12/31 16:00,10863.9,56.48,TRADE
NSW1,2010/12/31 16:30,10751.29,61.17,TRADE
NSW1,2010/12/31 17:00,10599.93,50.44,TRADE
NSW1,2010/12/31 17:30,10123.17,31.41,TRADE
NSW1,2010/12/31 18:00,9765.85,27.76,TRADE
NSW1,2010/12/31 18:30,9412.64,24.91,TRADE
NSW1,2010/12/31 19:00,9046,24.25,TRADE
NSW1,2010/12/31 19:30,8831.98,25.31,TRADE
NSW1,2010/12/31 20:00,8824.88,27.16,TRADE
NSW1,2010/12/31 20:30,8580.86,26.29,TRADE
NSW1,2010/12/31 21:00,8419.29,26.49,TRADE
NSW1,2010/12/31 21:30,8557.6,25.68,TRADE
NSW1,2010/12/31 22:00,8449.54,23.86,TRADE
NSW1,2010/12/31 22:30,8508.16,26.49,TRADE
NSW1,2010/12/31 23:00,8413.14,25.18,TRADE
NSW1,2010/12/31 23:30,8173.79,26.19,TRADE
NSW1,2011/1/1 0:00,8063.36,24.62,TRADE
?NSW1,2011/1/1 0:30,7844.62,25,TRADE
NSW1,2011/1/1 1:00,7545.29,24.43,TRADE
NSW1,2011/1/1 1:30,7206.58,25.02,TRADE
NSW1,2011/1/1 2:00,6824.75,22.82,TRADE
NSW1,2011/1/1 2:30,6568.15,21.19,TRADE
NSW1,2011/1/1 3:00,6435.1,22.28,TRADE
NSW1,2011/1/1 3:30,6288.31,19.64,TRADE
NSW1,2011/1/1 4:00,6227.71,19.83,TRADE
NSW1,2011/1/1 4:30,6229.65,19.8,TRADE
NSW1,2011/1/1 5:00,6149.11,18.85,TRADE
NSW1,2011/1/1 5:30,6161.9,19.49,TRADE
NSW1,2011/1/1 6:00,6228.32,18.68,TRADE
NSW1,2011/1/1 6:30,6397.96,20.03,TRADE
NSW1,2011/1/1 7:00,6658.93,21.92,TRADE
NSW1,2011/1/1 7:30,7065.25,21.48,TRADE
NSW1,2011/1/1 8:00,7418.77,20.88,TRADE
NSW1,2011/1/1 8:30,7790.48,24.87,TRADE
NSW1,2011/1/1 9:00,8072.07,25.24,TRADE
NSW1,2011/1/1 9:30,8459.32,25.31,TRADE
NSW1,2011/1/1 10:00,8726.87,25.32,TRADE
NSW1,2011/1/1 10:30,9027.54,25.31,TRADE
NSW1,2011/1/1 11:00,9280.72,25.54,TRADE
NSW1,2011/1/1 11:30,9434.15,27.86,TRADE
NSW1,2011/1/1 12:00,9560.59,24.49,TRADE
NSW1,2011/1/1 12:30,9710.49,25.31,TRADE
NSW1,2011/1/1 13:00,9793.79,25.26,TRADE
NSW1,2011/1/1 13:30,9870.56,25.31,TRADE
NSW1,2011/1/1 14:00,9934.23,25.31,TRADE
NSW1,2011/1/1 14:30,10032.39,26.35,TRADE
NSW1,2011/1/1 15:00,10099.57,27.52,TRADE
NSW1,2011/1/1 15:30,10150.9,28.89,TRADE
NSW1,2011/1/1 16:00,10203.4,29.66,TRADE
NSW1,2011/1/1 16:30,10178.79,30.51,TRADE
NSW1,2011/1/1 17:00,10148.61,32.48,TRADE
NSW1,2011/1/1 17:30,10044.81,26.29,TRADE
NSW1,2011/1/1 18:00,9872.53,31.84,TRADE
NSW1,2011/1/1 18:30,9634.45,27.83,TRADE
NSW1,2011/1/1 19:00,9430.4,26.42,TRADE
NSW1,2011/1/1 19:30,9289.07,26.45,TRADE
NSW1,2011/1/1 20:00,9308.65,31.22,TRADE
NSW1,2011/1/1 20:30,9161.67,29.15,TRADE
NSW1,2011/1/1 21:00,8901.69,27.55,TRADE
NSW1,2011/1/1 21:30,8774.66,25.71,TRADE
NSW1,2011/1/1 22:00,8505.94,25.06,TRADE
NSW1,2011/1/1 22:30,8293.96,28.16,TRADE
NSW1,2011/1/1 23:00,7939.15,25.28,TRADE
NSW1,2011/1/1 23:30,7577.36,25.24,TRADE
NSW1,2011/1/2 0:00,7359.74,24.03,TRADE
NSW1,2011/1/2 0:30,7173.35,22.28,TRADE
NSW1,2011/1/2 1:00,6982.31,21.24,TRADE
NSW1,2011/1/2 1:30,6713.56,20.09,TRADE
NSW1,2011/1/2 2:00,6494.65,19.76,TRADE
NSW1,2011/1/2 2:30,6373.95,20.04,TRADE
NSW1,2011/1/2 3:00,6317.53,20.09,TRADE
NSW1,2011/1/2 3:30,6253.98,18.99,TRADE
NSW1,2011/1/2 4:00,6235.21,19.19,TRADE
NSW1,2011/1/2 4:30,6263.07,19.83,TRADE
NSW1,2011/1/2 5:00,6269.48,18.47,TRADE
NSW1,2011/1/2 5:30,6273.01,16.86,TRADE
NSW1,2011/1/2 6:00,6383.85,17.71,TRADE
NSW1,2011/1/2 6:30,6590.29,20.11,TRADE
NSW1,2011/1/2 7:00,6888.33,21.75,TRADE
NSW1,2011/1/2 7:30,7257.76,21.85,TRADE
NSW1,2011/1/2 8:00,7578.04,23.85,TRADE
NSW1,2011/1/2 8:30,7973.21,25.31,TRADE
NSW1,2011/1/2 9:00,8300.82,25.31,TRADE
NSW1,2011/1/2 9:30,8562.46,25.49,TRADE
NSW1,2011/1/2 10:00,8752.92,26.09,TRADE
NSW1,2011/1/2 10:30,8820.22,26.69,TRADE
NSW1,2011/1/2 11:00,8951.82,28.19,TRADE
NSW1,2011/1/2 11:30,9037.71,28.29,TRADE
NSW1,2011/1/2 12:00,9122.64,28.79,TRADE
NSW1,2011/1/2 12:30,9194.33,27.88,TRADE
NSW1,2011/1/2 13:00,9262.8,29.22,TRADE
NSW1,2011/1/2 13:30,9290.25,29.83,TRADE
NSW1,2011/1/2 14:00,9333.58,30.68,TRADE
NSW1,2011/1/2 14:30,9333.43,30.58,TRADE
NSW1,2011/1/2 15:00,9319.81,30.87,TRADE
NSW1,2011/1/2 15:30,9145.23,29.4,TRADE
NSW1,2011/1/2 16:00,8926.01,26.53,TRADE
NSW1,2011/1/2 16:30,8621.39,25.31,TRADE
NSW1,2011/1/2 17:00,8592.51,25.55,TRADE
NSW1,2011/1/2 17:30,8560.48,25.4,TRADE
NSW1,2011/1/2 18:00,8487.25,26.06,TRADE
NSW1,2011/1/2 18:30,8391.56,25.84,TRADE
NSW1,2011/1/2 19:00,8240.25,25.31,TRADE
NSW1,2011/1/2 19:30,8174.44,25.31,TRADE
NSW1,2011/1/2 20:00,8171.09,25.34,TRADE
NSW1,2011/1/2 20:30,8036.67,25.31,TRADE
NSW1,2011/1/2 21:00,7803.17,25.33,TRADE
NSW1,2011/1/2 21:30,7771.93,25.31,TRADE
NSW1,2011/1/2 22:00,7644.18,25.26,TRADE
NSW1,2011/1/2 22:30,7561.02,26.18,TRADE
NSW1,2011/1/2 23:00,7322.45,23.68,TRADE
NSW1,2011/1/2 23:30,7102.34,23.78,TRADE
NSW1,2011/1/3 0:00,6926.34,21.66,TRADE
NSW1,2011/1/3 0:30,6766.68,20.98,TRADE
NSW1,2011/1/3 1:00,6593.39,19.68,TRADE
NSW1,2011/1/3 1:30,6335.19,20.47,TRADE
NSW1,2011/1/3 2:00,6179.02,19.39,TRADE
NSW1,2011/1/3 2:30,6088.13,19.96,TRADE
NSW1,2011/1/3 3:00,5981.62,19.04,TRADE
NSW1,2011/1/3 3:30,5946.86,18.87,TRADE
NSW1,2011/1/3 4:00,5967.27,19.23,TRADE
NSW1,2011/1/3 4:30,6055.66,19.17,TRADE
NSW1,2011/1/3 5:00,6095.49,18.76,TRADE
NSW1,2011/1/3 5:30,6233.94,19.44,TRADE
NSW1,2011/1/3 6:00,6360.62,19.83,TRADE
NSW1,2011/1/3 6:30,6538.62,19.87,TRADE
NSW1,2011/1/3 7:00,6770.83,20.13,TRADE
NSW1,2011/1/3 7:30,7037.7,20.35,TRADE
NSW1,2011/1/3 8:00,7330.88,22.63,TRADE
NSW1,2011/1/3 8:30,7616.74,24.94,TRADE
NSW1,2011/1/3 9:00,7858.26,25.31,TRADE
NSW1,2011/1/3 9:30,8058.66,25.31,TRADE
NSW1,2011/1/3 10:00,8142.31,25.31,TRADE
NSW1,2011/1/3 10:30,8131.72,25.31,TRADE
NSW1,2011/1/3 11:00,8138.32,25.31,TRADE
NSW1,2011/1/3 11:30,8158.42,25.31,TRADE
NSW1,2011/1/3 12:00,8158.55,25.31,TRADE
NSW1,2011/1/3 12:30,8165.2,25.31,TRADE
NSW1,2011/1/3 13:00,8120.8,25.62,TRADE
NSW1,2011/1/3 13:30,8097.51,26.05,TRADE
NSW1,2011/1/3 14:00,8121.71,25.68,TRADE
NSW1,2011/1/3 14:30,7938.65,25.26,TRADE
NSW1,2011/1/3 15:00,7926.29,25.31,TRADE
NSW1,2011/1/3 15:30,8022.17,25.31,TRADE
NSW1,2011/1/3 16:00,8075.77,25.59,TRADE
NSW1,2011/1/3 16:30,8169.41,26.08,TRADE
NSW1,2011/1/3 17:00,8270.9,27.88,TRADE
NSW1,2011/1/3 17:30,8211.88,25.98,TRADE
NSW1,2011/1/3 18:00,8122.2,25.31,TRADE
NSW1,2011/1/3 18:30,7947.68,25.31,TRADE
NSW1,2011/1/3 19:00,7848.01,25.2,TRADE
NSW1,2011/1/3 19:30,7850.59,25.31,TRADE
NSW1,2011/1/3 20:00,7896.55,25.64,TRADE
NSW1,2011/1/3 20:30,7755.64,25.17,TRADE
NSW1,2011/1/3 21:00,7547.97,25.28,TRADE
NSW1,2011/1/3 21:30,7583.83,25.31,TRADE
NSW1,2011/1/3 22:00,7519.72,22.84,TRADE
NSW1,2011/1/3 22:30,7504.88,23.67,TRADE
NSW1,2011/1/3 23:00,7358.4,22.92,TRADE
NSW1,2011/1/3 23:30,7231.94,24.3,TRADE
NSW1,2011/1/4 0:00,7125.42,22.74,TRADE
NSW1,2011/1/4 0:30,6940.37,21.77,TRADE
NSW1,2011/1/4 1:00,6766.64,20.63,TRADE
NSW1,2011/1/4 1:30,6509.08,22.15,TRADE
NSW1,2011/1/4 2:00,6260.85,20.59,TRADE
NSW1,2011/1/4 2:30,6132.25,20.25,TRADE
NSW1,2011/1/4 3:00,6050.45,19.43,TRADE
NSW1,2011/1/4 3:30,6049.57,19.8,TRADE
NSW1,2011/1/4 4:00,6076.51,19.83,TRADE
NSW1,2011/1/4 4:30,6256.39,19.97,TRADE
NSW1,2011/1/4 5:00,6444.11,21.52,TRADE
NSW1,2011/1/4 5:30,6744.01,20.9,TRADE
NSW1,2011/1/4 6:00,7074.78,22.74,TRADE
NSW1,2011/1/4 6:30,7447.8,24.41,TRADE
NSW1,2011/1/4 7:00,7855.96,25.38,TRADE
NSW1,2011/1/4 7:30,8111.36,25.24,TRADE
NSW1,2011/1/4 8:00,8400.25,26.06,TRADE
NSW1,2011/1/4 8:30,8710.13,29.47,TRADE
NSW1,2011/1/4 9:00,8877.45,31.3,TRADE
NSW1,2011/1/4 9:30,8987.96,31.35,TRADE
NSW1,2011/1/4 10:00,9026.94,32.4,TRADE
NSW1,2011/1/4 10:30,9045.33,32.57,TRADE
NSW1,2011/1/4 11:00,9090.95,34.4,TRADE
NSW1,2011/1/4 11:30,9088,37.4,TRADE
NSW1,2011/1/4 12:00,9024.69,37.25,TRADE
NSW1,2011/1/4 12:30,9046.14,32.74,TRADE
NSW1,2011/1/4 13:00,9035.28,31.43,TRADE
NSW1,2011/1/4 13:30,8994.53,29.31,TRADE
NSW1,2011/1/4 14:00,8959.6,31.94,TRADE
NSW1,2011/1/4 14:30,8957.96,32.42,TRADE
NSW1,2011/1/4 15:00,8944.3,32.25,TRADE
NSW1,2011/1/4 15:30,8986.38,32.72,TRADE
NSW1,2011/1/4 16:00,9002.44,33.12,TRADE
NSW1,2011/1/4 16:30,8997.68,31.58,TRADE
NSW1,2011/1/4 17:00,8965.36,31.49,TRADE
NSW1,2011/1/4 17:30,8740.28,31.93,TRADE
NSW1,2011/1/4 18:00,8660.46,30.47,TRADE
NSW1,2011/1/4 18:30,8478.89,25.65,TRADE
NSW1,2011/1/4 19:00,8280.21,24.97,TRADE
NSW1,2011/1/4 19:30,8065.42,25.47,TRADE
NSW1,2011/1/4 20:00,8200.02,28.91,TRADE
NSW1,2011/1/4 20:30,8268.51,28.73,TRADE
NSW1,2011/1/4 21:00,8015.11,25.05,TRADE
NSW1,2011/1/4 21:30,8060.82,24.94,TRADE
NSW1,2011/1/4 22:00,7881.42,21.78,TRADE
NSW1,2011/1/4 22:30,7899.3,23.85,TRADE
NSW1,2011/1/4 23:00,7844.89,24.22,TRADE
NSW1,2011/1/4 23:30,7635.05,25.12,TRADE
NSW1,2011/1/5 0:00,7549.45,25.74,TRADE
NSW1,2011/1/5 0:30,7364.41,24.28,TRADE
NSW1,2011/1/5 1:00,7161.12,21.99,TRADE
NSW1,2011/1/5 1:30,6818,21.35,TRADE
NSW1,2011/1/5 2:00,6546.25,17.61,TRADE
NSW1,2011/1/5 2:30,6355.81,18.93,TRADE
NSW1,2011/1/5 3:00,6268.3,20.3,TRADE
NSW1,2011/1/5 3:30,6227.91,19.96,TRADE
NSW1,2011/1/5 4:00,6278.44,19.79,TRADE
NSW1,2011/1/5 4:30,6434.57,19.54,TRADE
NSW1,2011/1/5 5:00,6531.02,20.03,TRADE
NSW1,2011/1/5 5:30,6857.26,20.99,TRADE
NSW1,2011/1/5 6:00,7242.43,24.07,TRADE
NSW1,2011/1/5 6:30,7595.25,25.2,TRADE
NSW1,2011/1/5 7:00,8003.86,25.31,TRADE
NSW1,2011/1/5 7:30,8271.57,25.17,TRADE
NSW1,2011/1/5 8:00,8533,25.9,TRADE
NSW1,2011/1/5 8:30,8797.35,29.04,TRADE
NSW1,2011/1/5 9:00,9008.13,30.42,TRADE
NSW1,2011/1/5 9:30,9102.98,30.17,TRADE
NSW1,2011/1/5 10:00,9096.46,29.24,TRADE
NSW1,2011/1/5 10:30,9120.61,30.2,TRADE
NSW1,2011/1/5 11:00,9195.38,31.49,TRADE
NSW1,2011/1/5 11:30,9214.39,31.81,TRADE
NSW1,2011/1/5 12:00,9206.08,30.94,TRADE
NSW1,2011/1/5 12:30,9229.04,29.52,TRADE
NSW1,2011/1/5 13:00,9235.19,29.14,TRADE
NSW1,2011/1/5 13:30,9270.47,29.6,TRADE
NSW1,2011/1/5 14:00,9292.19,29.92,TRADE
NSW1,2011/1/5 14:30,9307.06,29.81,TRADE
NSW1,2011/1/5 15:00,9216.18,28.88,TRADE
NSW1,2011/1/5 15:30,9129.23,28.11,TRADE
NSW1,2011/1/5 16:00,9124.08,28.59,TRADE
NSW1,2011/1/5 16:30,9056.88,28.76,TRADE
NSW1,2011/1/5 17:00,8935.29,27.75,TRADE
NSW1,2011/1/5 17:30,8708.84,25.55,TRADE
NSW1,2011/1/5 18:00,8626.85,25.31,TRADE
NSW1,2011/1/5 18:30,8415.06,25.1,TRADE
NSW1,2011/1/5 19:00,8291.85,25.31,TRADE
NSW1,2011/1/5 19:30,8299.81,25.31,TRADE
NSW1,2011/1/5 20:00,8275.06,25.31,TRADE
NSW1,2011/1/5 20:30,8128.4,25.23,TRADE
NSW1,2011/1/5 21:00,7934.06,24.28,TRADE
NSW1,2011/1/5 21:30,7995.68,24.21,TRADE
NSW1,2011/1/5 22:00,7888.17,21.8,TRADE
NSW1,2011/1/5 22:30,7868.34,24.62,TRADE
NSW1,2011/1/5 23:00,7741.98,25.01,TRADE
NSW1,2011/1/5 23:30,7533.61,25.24,TRADE
NSW1,2011/1/6 0:00,7403.19,24.91,TRADE
NSW1,2011/1/6 0:30,7213.77,23.85,TRADE
NSW1,2011/1/6 1:00,7009.4,21.52,TRADE
NSW1,2011/1/6 1:30,6738.78,21.25,TRADE
NSW1,2011/1/6 2:00,6484.92,19.58,TRADE
NSW1,2011/1/6 2:30,6327.98,19.31,TRADE
NSW1,2011/1/6 3:00,6231.62,19.64,TRADE
NSW1,2011/1/6 3:30,6236.99,19.91,TRADE
NSW1,2011/1/6 4:00,6257.38,19.79,TRADE
NSW1,2011/1/6 4:30,6372.43,20.02,TRADE
NSW1,2011/1/6 5:00,6528.28,19.93,TRADE
NSW1,2011/1/6 5:30,6839.82,19.99,TRADE
NSW1,2011/1/6 6:00,7196.02,23.63,TRADE
NSW1,2011/1/6 6:30,7599.13,25.31,TRADE
NSW1,2011/1/6 7:00,8024.8,25.82,TRADE
NSW1,2011/1/6 7:30,8340.74,25.32,TRADE
NSW1,2011/1/6 8:00,8661.29,28.12,TRADE
NSW1,2011/1/6 8:30,8990.19,29.66,TRADE
NSW1,2011/1/6 9:00,9150.85,30.01,TRADE
NSW1,2011/1/6 9:30,9264.56,30.9,TRADE
NSW1,2011/1/6 10:00,9288.87,30.4,TRADE
NSW1,2011/1/6 10:30,9307.35,31.59,TRADE
NSW1,2011/1/6 11:00,9323.15,33.42,TRADE
NSW1,2011/1/6 11:30,9298.06,33.46,TRADE
NSW1,2011/1/6 12:00,9288.16,33.83,TRADE
NSW1,2011/1/6 12:30,9309.24,38.4,TRADE
NSW1,2011/1/6 13:00,9311.65,35.29,TRADE
NSW1,2011/1/6 13:30,9300.71,30.19,TRADE
NSW1,2011/1/6 14:00,9313.68,30.38,TRADE
NSW1,2011/1/6 14:30,9360.93,31.78,TRADE
NSW1,2011/1/6 15:00,9355.32,30.13,TRADE
NSW1,2011/1/6 15:30,9402.51,38.98,TRADE
NSW1,2011/1/6 16:00,9437.19,46.8,TRADE
NSW1,2011/1/6 16:30,9401.53,42.35,TRADE
NSW1,2011/1/6 17:00,9395.83,36.9,TRADE
NSW1,2011/1/6 17:30,9209.59,34.82,TRADE
NSW1,2011/1/6 18:00,9105.4,33.05,TRADE
NSW1,2011/1/6 18:30,8900.18,31,TRADE
NSW1,2011/1/6 19:00,8778.21,33.3,TRADE
NSW1,2011/1/6 19:30,8793.44,33.91,TRADE
NSW1,2011/1/6 20:00,8863.66,37.01,TRADE
NSW1,2011/1/6 20:30,8637.87,35.61,TRADE
NSW1,2011/1/6 21:00,8357.25,28.1,TRADE
NSW1,2011/1/6 21:30,8427.93,27.74,TRADE
NSW1,2011/1/6 22:00,8249.34,26.45,TRADE
NSW1,2011/1/6 22:30,8221.53,35.28,TRADE
NSW1,2011/1/6 23:00,8068.31,30.95,TRADE
NSW1,2011/1/6 23:30,7879.39,27.78,TRADE
NSW1,2011/1/7 0:00,7723.79,26.01,TRADE
NSW1,2011/1/7 0:30,7508.01,24.36,TRADE
NSW1,2011/1/7 1:00,7281.87,23.21,TRADE
NSW1,2011/1/7 1:30,6937.35,21.47,TRADE
NSW1,2011/1/7 2:00,6640.87,19.06,TRADE
NSW1,2011/1/7 2:30,6491.84,18.44,TRADE
NSW1,2011/1/7 3:00,6412.99,17.62,TRADE
NSW1,2011/1/7 3:30,6374.52,18.34,TRADE
NSW1,2011/1/7 4:00,6393.12,19.71,TRADE
NSW1,2011/1/7 4:30,6506.16,19.97,TRADE
NSW1,2011/1/7 5:00,6713.55,20.73,TRADE
NSW1,2011/1/7 5:30,7011.94,21.4,TRADE
NSW1,2011/1/7 6:00,7407.72,24.59,TRADE
NSW1,2011/1/7 6:30,7798.59,26.41,TRADE
NSW1,2011/1/7 7:00,8241.44,27.36,TRADE
NSW1,2011/1/7 7:30,8623.12,25.79,TRADE
NSW1,2011/1/7 8:00,8865.49,29.23,TRADE
NSW1,2011/1/7 8:30,9161.67,32.51,TRADE
NSW1,2011/1/7 9:00,9333.54,39.45,TRADE
NSW1,2011/1/7 9:30,9431.91,40.59,TRADE
NSW1,2011/1/7 10:00,9526.94,39.7,TRADE
NSW1,2011/1/7 10:30,9547.81,34.35,TRADE
NSW1,2011/1/7 11:00,9640.14,36.05,TRADE
NSW1,2011/1/7 11:30,9688.73,38.95,TRADE
NSW1,2011/1/7 12:00,9641.51,38.99,TRADE
NSW1,2011/1/7 12:30,9645.03,42.58,TRADE
NSW1,2011/1/7 13:00,9629.78,42.81,TRADE
NSW1,2011/1/7 13:30,9682.49,45.69,TRADE
NSW1,2011/1/7 14:00,9676.59,49.87,TRADE
NSW1,2011/1/7 14:30,9696.2,35.1,TRADE
NSW1,2011/1/7 15:00,9727.93,46.16,TRADE
NSW1,2011/1/7 15:30,9724.47,45.27,TRADE
NSW1,2011/1/7 16:00,9702.31,43.76,TRADE
NSW1,2011/1/7 16:30,9598.8,37.64,TRADE
NSW1,2011/1/7 17:00,9382.25,37.05,TRADE
NSW1,2011/1/7 17:30,9049,29.32,TRADE
NSW1,2011/1/7 18:00,8936.77,30.6,TRADE
NSW1,2011/1/7 18:30,8846.2,33.25,TRADE
NSW1,2011/1/7 19:00,8687.87,30.76,TRADE
NSW1,2011/1/7 19:30,8728.45,29.87,TRADE
NSW1,2011/1/7 20:00,8739.48,31.63,TRADE
NSW1,2011/1/7 20:30,8601.12,31.44,TRADE
NSW1,2011/1/7 21:00,8421.22,30.19,TRADE
NSW1,2011/1/7 21:30,8499.91,29.32,TRADE
NSW1,2011/1/7 22:00,8385.93,27.88,TRADE
NSW1,2011/1/7 22:30,8343.66,30.88,TRADE
NSW1,2011/1/7 23:00,8225.95,28.66,TRADE
NSW1,2011/1/7 23:30,7976.07,28.87,TRADE
NSW1,2011/1/8 0:00,7849.66,27.28,TRADE
NSW1,2011/1/8 0:30,7582.41,25.29,TRADE
NSW1,2011/1/8 1:00,7345.14,24.78,TRADE
NSW1,2011/1/8 1:30,7000.48,24.51,TRADE
NSW1,2011/1/8 2:00,6700.55,23.72,TRADE
NSW1,2011/1/8 2:30,6535.41,22.38,TRADE
NSW1,2011/1/8 3:00,6431.64,21.34,TRADE
NSW1,2011/1/8 3:30,6386.17,22.48,TRADE
NSW1,2011/1/8 4:00,6349.49,22.57,TRADE
NSW1,2011/1/8 4:30,6404.04,21.83,TRADE
NSW1,2011/1/8 5:00,6431,22.24,TRADE
NSW1,2011/1/8 5:30,6517.4,22.89,TRADE
NSW1,2011/1/8 6:00,6743.41,24.54,TRADE
NSW1,2011/1/8 6:30,7064.37,26.03,TRADE
NSW1,2011/1/8 7:00,7495.37,27.52,TRADE
NSW1,2011/1/8 7:30,7914.32,26.91,TRADE
NSW1,2011/1/8 8:00,8281.9,26.74,TRADE
NSW1,2011/1/8 8:30,8640.06,30.99,TRADE
NSW1,2011/1/8 9:00,8777.4,31.1,TRADE
NSW1,2011/1/8 9:30,8886.89,34.97,TRADE
NSW1,2011/1/8 10:00,8917.89,39.08,TRADE
NSW1,2011/1/8 10:30,8931.93,50.63,TRADE
NSW1,2011/1/8 11:00,8948.42,40.24,TRADE
NSW1,2011/1/8 11:30,8948.19,38.78,TRADE
NSW1,2011/1/8 12:00,8953.93,38,TRADE
NSW1,2011/1/8 12:30,8892.91,35.8,TRADE
NSW1,2011/1/8 13:00,8974.18,37.48,TRADE
NSW1,2011/1/8 13:30,9077.11,37.24,TRADE
NSW1,2011/1/8 14:00,9042.61,37.54,TRADE
NSW1,2011/1/8 14:30,9120.04,36.99,TRADE
NSW1,2011/1/8 15:00,9224.3,36.96,TRADE
NSW1,2011/1/8 15:30,9208.15,34.78,TRADE
NSW1,2011/1/8 16:00,9218.04,33.01,TRADE
NSW1,2011/1/8 16:30,9129.05,33.01,TRADE
NSW1,2011/1/8 17:00,9145.01,33.58,TRADE
NSW1,2011/1/8 17:30,9030.38,30.08,TRADE
NSW1,2011/1/8 18:00,8939.46,27.18,TRADE
NSW1,2011/1/8 18:30,8741.03,26.42,TRADE
NSW1,2011/1/8 19:00,8676.22,28.36,TRADE
NSW1,2011/1/8 19:30,8683.12,28.64,TRADE
NSW1,2011/1/8 20:00,8749.64,30.02,TRADE
NSW1,2011/1/8 20:30,8652.17,27.96,TRADE
NSW1,2011/1/8 21:00,8521.69,25.83,TRADE
NSW1,2011/1/8 21:30,8464.86,26.41,TRADE
NSW1,2011/1/8 22:00,8389.06,26.34,TRADE
NSW1,2011/1/8 22:30,8223.25,26.17,TRADE
NSW1,2011/1/8 23:00,7983.92,25.2,TRADE
NSW1,2011/1/8 23:30,7698.09,25.25,TRADE
NSW1,2011/1/9 0:00,7513.65,25.19,TRADE
NSW1,2011/1/9 0:30,7286.58,24.55,TRADE
NSW1,2011/1/9 1:00,7011.89,22.76,TRADE
NSW1,2011/1/9 1:30,6731.3,22.18,TRADE
NSW1,2011/1/9 2:00,6569.59,21.67,TRADE
NSW1,2011/1/9 2:30,6405.35,19.71,TRADE
NSW1,2011/1/9 3:00,6344.25,20.03,TRADE
NSW1,2011/1/9 3:30,6310.84,20.43,TRADE
NSW1,2011/1/9 4:00,6310.45,20.57,TRADE
NSW1,2011/1/9 4:30,6324.71,19.66,TRADE
NSW1,2011/1/9 5:00,6343.12,19.51,TRADE
NSW1,2011/1/9 5:30,6387.47,19.56,TRADE
NSW1,2011/1/9 6:00,6497.97,19.78,TRADE
NSW1,2011/1/9 6:30,6737.42,22.08,TRADE
NSW1,2011/1/9 7:00,7053.11,24.87,TRADE
NSW1,2011/1/9 7:30,7401.17,25.2,TRADE
NSW1,2011/1/9 8:00,7816.35,25.31,TRADE
NSW1,2011/1/9 8:30,8140.69,25.56,TRADE
NSW1,2011/1/9 9:00,8383.28,25.92,TRADE
NSW1,2011/1/9 9:30,8602.11,27.72,TRADE
NSW1,2011/1/9 10:00,8651.45,29.13,TRADE
NSW1,2011/1/9 10:30,8715.23,32.12,TRADE
NSW1,2011/1/9 11:00,8838.27,40.46,TRADE
NSW1,2011/1/9 11:30,8881.94,33.67,TRADE
NSW1,2011/1/9 12:00,8809.44,33.82,TRADE
NSW1,2011/1/9 12:30,8850.6,39.19,TRADE
NSW1,2011/1/9 13:00,8889.22,34.29,TRADE
NSW1,2011/1/9 13:30,8884.94,31.23,TRADE
NSW1,2011/1/9 14:00,8883.72,32.97,TRADE
NSW1,2011/1/9 14:30,8926.55,35.27,TRADE
NSW1,2011/1/9 15:00,8942.15,38.4,TRADE
NSW1,2011/1/9 15:30,8948.38,39.41,TRADE
NSW1,2011/1/9 16:00,8957.12,35.39,TRADE
NSW1,2011/1/9 16:30,8865.93,29.61,TRADE
NSW1,2011/1/9 17:00,8961.12,30.2,TRADE
NSW1,2011/1/9 17:30,8912.41,30.31,TRADE
NSW1,2011/1/9 18:00,8897.71,31.56,TRADE
NSW1,2011/1/9 18:30,8771.79,29.35,TRADE
NSW1,2011/1/9 19:00,8665.18,28.96,TRADE
NSW1,2011/1/9 19:30,8734.67,32.72,TRADE
NSW1,2011/1/9 20:00,8808.2,34.7,TRADE
NSW1,2011/1/9 20:30,8667.66,30.47,TRADE
NSW1,2011/1/9 21:00,8484.98,28.12,TRADE
NSW1,2011/1/9 21:30,8315.38,26.76,TRADE
NSW1,2011/1/9 22:00,8074.17,24.96,TRADE
NSW1,2011/1/9 22:30,7881.53,24.84,TRADE
NSW1,2011/1/9 23:00,7578.76,25.29,TRADE
NSW1,2011/1/9 23:30,7348.31,25.29,TRADE
NSW1,2011/1/10 0:00,7195.52,24.79,TRADE
NSW1,2011/1/10 0:30,7043.51,23.58,TRADE
NSW1,2011/1/10 1:00,6828.86,21.85,TRADE
NSW1,2011/1/10 1:30,6604.38,21.71,TRADE
NSW1,2011/1/10 2:00,6417.39,20.42,TRADE
NSW1,2011/1/10 2:30,6343.17,19.83,TRADE
NSW1,2011/1/10 3:00,6325.48,20.54,TRADE
NSW1,2011/1/10 3:30,6350.58,22.36,TRADE
NSW1,2011/1/10 4:00,6437.52,23.34,TRADE
NSW1,2011/1/10 4:30,6649.17,24.43,TRADE
NSW1,2011/1/10 5:00,6875.36,25.33,TRADE
NSW1,2011/1/10 5:30,7355.16,25.52,TRADE
NSW1,2011/1/10 6:00,7838.76,25.93,TRADE
NSW1,2011/1/10 6:30,8331.05,34.41,TRADE
NSW1,2011/1/10 7:00,8796.81,56.1,TRADE
NSW1,2011/1/10 7:30,9136.37,36.87,TRADE
NSW1,2011/1/10 8:00,9456.38,49.8,TRADE
NSW1,2011/1/10 8:30,9793.76,56.06,TRADE
NSW1,2011/1/10 9:00,9994.21,44.51,TRADE
NSW1,2011/1/10 9:30,10154.51,60.12,TRADE
NSW1,2011/1/10 10:00,10226.73,67.34,TRADE
NSW1,2011/1/10 10:30,10313.72,82.98,TRADE
NSW1,2011/1/10 11:00,10300.18,58.28,TRADE
NSW1,2011/1/10 11:30,10326.02,77.67,TRADE
NSW1,2011/1/10 12:00,10159.12,59.83,TRADE
NSW1,2011/1/10 12:30,10177.03,63.34,TRADE
NSW1,2011/1/10 13:00,10225.71,55.86,TRADE
NSW1,2011/1/10 13:30,10188.9,52.39,TRADE
NSW1,2011/1/10 14:00,10130.58,53.13,TRADE
NSW1,2011/1/10 14:30,10070.7,65.99,TRADE
NSW1,2011/1/10 15:00,10074.18,64.81,TRADE
NSW1,2011/1/10 15:30,10050.96,74.55,TRADE
NSW1,2011/1/10 16:00,10036.15,72.85,TRADE
NSW1,2011/1/10 16:30,10013.82,70.53,TRADE
NSW1,2011/1/10 17:00,9819.23,59.42,TRADE
NSW1,2011/1/10 17:30,9596.47,71.2,TRADE
NSW1,2011/1/10 18:00,9406.3,65.72,TRADE
NSW1,2011/1/10 18:30,9224.78,39.37,TRADE
NSW1,2011/1/10 19:00,9045.42,45.46,TRADE
NSW1,2011/1/10 19:30,9075.8,61.59,TRADE
NSW1,2011/1/10 20:00,9054.75,46.25,TRADE
NSW1,2011/1/10 20:30,8894.35,41.47,TRADE
NSW1,2011/1/10 21:00,8623.27,34.85,TRADE
NSW1,2011/1/10 21:30,8662.98,34.7,TRADE
NSW1,2011/1/10 22:00,8476.38,29.24,TRADE
NSW1,2011/1/10 22:30,8358.72,34.18,TRADE
NSW1,2011/1/10 23:00,8224.51,38.63,TRADE
NSW1,2011/1/10 23:30,7967.71,30.69,TRADE
NSW1,2011/1/11 0:00,7846.64,30.18,TRADE
NSW1,2011/1/11 0:30,7613.42,26.31,TRADE
NSW1,2011/1/11 1:00,7444.21,24.88,TRADE
NSW1,2011/1/11 1:30,7138.89,25.05,TRADE
NSW1,2011/1/11 2:00,6872.38,24.54,TRADE
NSW1,2011/1/11 2:30,6662.27,24.02,TRADE
NSW1,2011/1/11 3:00,6540.89,24.89,TRADE
NSW1,2011/1/11 3:30,6552.57,24.81,TRADE
NSW1,2011/1/11 4:00,6614.78,25.31,TRADE
NSW1,2011/1/11 4:30,6856.03,25.34,TRADE
NSW1,2011/1/11 5:00,7098.11,25.36,TRADE
NSW1,2011/1/11 5:30,7568.54,27.19,TRADE
NSW1,2011/1/11 6:00,8008.75,32,TRADE
NSW1,2011/1/11 6:30,8433.6,42.85,TRADE
NSW1,2011/1/11 7:00,8912.68,59.31,TRADE
NSW1,2011/1/11 7:30,9307.43,33.99,TRADE
NSW1,2011/1/11 8:00,9558.83,37.74,TRADE
NSW1,2011/1/11 8:30,9841.29,77.54,TRADE
NSW1,2011/1/11 9:00,9948.96,81.34,TRADE
NSW1,2011/1/11 9:30,10041.39,74.89,TRADE
NSW1,2011/1/11 10:00,10139.4,71.87,TRADE
NSW1,2011/1/11 10:30,10176.59,65.65,TRADE
NSW1,2011/1/11 11:00,10142.13,53.67,TRADE
NSW1,2011/1/11 11:30,10163.16,43.6,TRADE
NSW1,2011/1/11 12:00,10083.67,47.26,TRADE
NSW1,2011/1/11 12:30,10079.86,39.56,TRADE
NSW1,2011/1/11 13:00,10011.23,36.2,TRADE
NSW1,2011/1/11 13:30,10012.64,55.03,TRADE
NSW1,2011/1/11 14:00,9999.4,41.94,TRADE
NSW1,2011/1/11 14:30,9929.58,40.33,TRADE
NSW1,2011/1/11 15:00,9920.99,38.97,TRADE
NSW1,2011/1/11 15:30,9813.84,38.11,TRADE
NSW1,2011/1/11 16:00,9750.05,37.21,TRADE
NSW1,2011/1/11 16:30,9702.81,31.72,TRADE
NSW1,2011/1/11 17:00,9628.3,39.48,TRADE
NSW1,2011/1/11 17:30,9362.75,32.68,TRADE
NSW1,2011/1/11 18:00,9252.13,28.88,TRADE
NSW1,2011/1/11 18:30,9114.09,29.32,TRADE
NSW1,2011/1/11 19:00,9060.22,29.8,TRADE
NSW1,2011/1/11 19:30,9078.37,31.27,TRADE
NSW1,2011/1/11 20:00,9069.65,31.75,TRADE
NSW1,2011/1/11 20:30,8874.17,31.42,TRADE
NSW1,2011/1/11 21:00,8631.93,28.26,TRADE
NSW1,2011/1/11 21:30,8646.81,26.75,TRADE
NSW1,2011/1/11 22:00,8476.27,24.45,TRADE
NSW1,2011/1/11 22:30,8423.19,27.52,TRADE
NSW1,2011/1/11 23:00,8225.35,26.47,TRADE
NSW1,2011/1/11 23:30,8029.9,29.03,TRADE
NSW1,2011/1/12 0:00,7851.76,27.12,TRADE
NSW1,2011/1/12 0:30,7661.7,25.56,TRADE
NSW1,2011/1/12 1:00,7423.18,25.37,TRADE
NSW1,2011/1/12 1:30,7083.5,24.92,TRADE
NSW1,2011/1/12 2:00,6811.03,23.73,TRADE
NSW1,2011/1/12 2:30,6634.72,23.37,TRADE
NSW1,2011/1/12 3:00,6551.07,24.47,TRADE
NSW1,2011/1/12 3:30,6570.04,25.18,TRADE
NSW1,2011/1/12 4:00,6655.63,25.39,TRADE
NSW1,2011/1/12 4:30,6840.17,25.31,TRADE
NSW1,2011/1/12 5:00,7055.91,25.31,TRADE
NSW1,2011/1/12 5:30,7549.14,25.56,TRADE
NSW1,2011/1/12 6:00,8053.23,26.7,TRADE
NSW1,2011/1/12 6:30,8505.42,28.74,TRADE
NSW1,2011/1/12 7:00,9009.58,35.03,TRADE
NSW1,2011/1/12 7:30,9360.67,31.91,TRADE
NSW1,2011/1/12 8:00,9695.69,40.36,TRADE
NSW1,2011/1/12 8:30,10032.66,48.56,TRADE
NSW1,2011/1/12 9:00,10237.47,44.05,TRADE
NSW1,2011/1/12 9:30,10391.89,48.24,TRADE
NSW1,2011/1/12 10:00,10427.31,52.66,TRADE
NSW1,2011/1/12 10:30,10502.64,62.14,TRADE
NSW1,2011/1/12 11:00,10587.41,43.72,TRADE
NSW1,2011/1/12 11:30,10651.03,40.08,TRADE
NSW1,2011/1/12 12:00,10742.91,40.44,TRADE
NSW1,2011/1/12 12:30,10800.87,39.05,TRADE
NSW1,2011/1/12 13:00,10811.16,42.01,TRADE
NSW1,2011/1/12 13:30,10835.58,47.21,TRADE
NSW1,2011/1/12 14:00,10831.56,42.41,TRADE
NSW1,2011/1/12 14:30,10861.03,46.88,TRADE
NSW1,2011/1/12 15:00,10473.77,37.22,TRADE
NSW1,2011/1/12 15:30,10532.21,34.12,TRADE
NSW1,2011/1/12 16:00,10700.09,53.63,TRADE
NSW1,2011/1/12 16:30,10759.46,35.6,TRADE
NSW1,2011/1/12 17:00,10623.24,39.32,TRADE
NSW1,2011/1/12 17:30,10217.06,33.45,TRADE
NSW1,2011/1/12 18:00,10013.15,31,TRADE
NSW1,2011/1/12 18:30,9748.01,29.95,TRADE
NSW1,2011/1/12 19:00,9572.42,31.22,TRADE
NSW1,2011/1/12 19:30,9501.01,31.67,TRADE
NSW1,2011/1/12 20:00,9579.78,35.63,TRADE
NSW1,2011/1/12 20:30,9409.36,32.34,TRADE
NSW1,2011/1/12 21:00,9101.65,29.74,TRADE
NSW1,2011/1/12 21:30,9137.23,30.83,TRADE
NSW1,2011/1/12 22:00,8905.94,28.12,TRADE
NSW1,2011/1/12 22:30,8829.63,31.47,TRADE
NSW1,2011/1/12 23:00,8603.09,31.18,TRADE
NSW1,2011/1/12 23:30,8320.04,30.19,TRADE
NSW1,2011/1/13 0:00,8081.29,28.59,TRADE
NSW1,2011/1/13 0:30,7879.38,26.44,TRADE
NSW1,2011/1/13 1:00,7670.17,26.11,TRADE
NSW1,2011/1/13 1:30,7375.85,25.71,TRADE
NSW1,2011/1/13 2:00,7108.03,24.58,TRADE
NSW1,2011/1/13 2:30,6864.66,24.37,TRADE
NSW1,2011/1/13 3:00,6786.09,25.31,TRADE
NSW1,2011/1/13 3:30,6832.11,25.98,TRADE
NSW1,2011/1/13 4:00,6889.08,25.37,TRADE
NSW1,2011/1/13 4:30,7081.44,25.31,TRADE
NSW1,2011/1/13 5:00,7347.77,25.31,TRADE
NSW1,2011/1/13 5:30,7742.82,25.93,TRADE
NSW1,2011/1/13 6:00,8201.66,29.84,TRADE
NSW1,2011/1/13 6:30,8729.25,32.77,TRADE
NSW1,2011/1/13 7:00,9207,36.93,TRADE
NSW1,2011/1/13 7:30,9639.82,32.42,TRADE
NSW1,2011/1/13 8:00,9948.51,37.6,TRADE
NSW1,2011/1/13 8:30,10251.45,41.72,TRADE
NSW1,2011/1/13 9:00,10430.18,56.48,TRADE
NSW1,2011/1/13 9:30,10575.98,49.2,TRADE
NSW1,2011/1/13 10:00,10578.79,41.52,TRADE
NSW1,2011/1/13 10:30,10637.25,41.46,TRADE
NSW1,2011/1/13 11:00,10707.26,43.21,TRADE
NSW1,2011/1/13 11:30,10704.86,39.81,TRADE
NSW1,2011/1/13 12:00,10737.85,40.2,TRADE
NSW1,2011/1/13 12:30,10785.96,37.91,TRADE
NSW1,2011/1/13 13:00,10766.24,39.24,TRADE
NSW1,2011/1/13 13:30,10754.8,41.57,TRADE
NSW1,2011/1/13 14:00,10687.7,40.01,TRADE
NSW1,2011/1/13 14:30,10631.83,36.28,TRADE
NSW1,2011/1/13 15:00,10583.76,34.56,TRADE
NSW1,2011/1/13 15:30,10562.42,36.27,TRADE
NSW1,2011/1/13 16:00,10522.82,32,TRADE
NSW1,2011/1/13 16:30,10434.56,32.43,TRADE
NSW1,2011/1/13 17:00,10357.73,36.63,TRADE
NSW1,2011/1/13 17:30,10157.34,33.78,TRADE
NSW1,2011/1/13 18:00,9940.01,32.2,TRADE
NSW1,2011/1/13 18:30,9700.85,31.7,TRADE
NSW1,2011/1/13 19:00,9546.22,32.16,TRADE
NSW1,2011/1/13 19:30,9527.67,36.62,TRADE
NSW1,2011/1/13 20:00,9593.4,41.57,TRADE
NSW1,2011/1/13 20:30,9277.76,35.77,TRADE
NSW1,2011/1/13 21:00,9047.53,33.02,TRADE
NSW1,2011/1/13 21:30,9015.28,32.12,TRADE
NSW1,2011/1/13 22:00,8756.22,28.62,TRADE
NSW1,2011/1/13 22:30,8676.94,30.58,TRADE
NSW1,2011/1/13 23:00,8232.16,29,TRADE
NSW1,2011/1/13 23:30,7926.6,28.63,TRADE
NSW1,2011/1/14 0:00,7724.83,26.82,TRADE
NSW1,2011/1/14 0:30,7812.59,26.95,TRADE
NSW1,2011/1/14 1:00,7545.31,25.25,TRADE
NSW1,2011/1/14 1:30,7222.9,24.8,TRADE
NSW1,2011/1/14 2:00,6948.87,24.92,TRADE
NSW1,2011/1/14 2:30,6745.32,23.47,TRADE
NSW1,2011/1/14 3:00,6663.97,22.68,TRADE
NSW1,2011/1/14 3:30,6650.61,24.31,TRADE
NSW1,2011/1/14 4:00,6745.94,25.02,TRADE
NSW1,2011/1/14 4:30,6955.24,25.03,TRADE
NSW1,2011/1/14 5:00,7202.92,25.31,TRADE
NSW1,2011/1/14 5:30,7648.04,25.86,TRADE
NSW1,2011/1/14 6:00,8125.89,27.6,TRADE
NSW1,2011/1/14 6:30,8549.91,30.25,TRADE
NSW1,2011/1/14 7:00,9103.47,33.47,TRADE
NSW1,2011/1/14 7:30,9521.05,30.61,TRADE
NSW1,2011/1/14 8:00,9827.03,34.01,TRADE
NSW1,2011/1/14 8:30,10129.7,34.76,TRADE
NSW1,2011/1/14 9:00,10334.67,36.44,TRADE
NSW1,2011/1/14 9:30,10528.94,38.63,TRADE
NSW1,2011/1/14 10:00,10554.73,34.6,TRADE
NSW1,2011/1/14 10:30,10618.15,36.8,TRADE
NSW1,2011/1/14 11:00,10656.82,37.31,TRADE
NSW1,2011/1/14 11:30,10642.09,33.64,TRADE
NSW1,2011/1/14 12:00,10734.19,33.14,TRADE
NSW1,2011/1/14 12:30,10832.12,33.4,TRADE
NSW1,2011/1/14 13:00,10882.17,34.29,TRADE
NSW1,2011/1/14 13:30,10894.29,33.62,TRADE
NSW1,2011/1/14 14:00,10927.69,38.05,TRADE
NSW1,2011/1/14 14:30,10902.64,37.65,TRADE
NSW1,2011/1/14 15:00,10886.28,35.38,TRADE
NSW1,2011/1/14 15:30,10916.26,35.53,TRADE
NSW1,2011/1/14 16:00,10927.92,39.16,TRADE
NSW1,2011/1/14 16:30,10740.17,33.33,TRADE
NSW1,2011/1/14 17:00,10419.29,32.62,TRADE
NSW1,2011/1/14 17:30,10026.31,30.25,TRADE
NSW1,2011/1/14 18:00,9817.06,29.99,TRADE
NSW1,2011/1/14 18:30,9516.03,30,TRADE
NSW1,2011/1/14 19:00,9270.52,30.81,TRADE
NSW1,2011/1/14 19:30,9259.13,31.5,TRADE
NSW1,2011/1/14 20:00,9297.74,31.71,TRADE
NSW1,2011/1/14 20:30,9159.51,31.1,TRADE
NSW1,2011/1/14 21:00,8910.38,28.59,TRADE
NSW1,2011/1/14 21:30,8913.11,30.15,TRADE
NSW1,2011/1/14 22:00,8798.07,27.33,TRADE
NSW1,2011/1/14 22:30,8735.03,32.48,TRADE
NSW1,2011/1/14 23:00,8555.38,29.81,TRADE
NSW1,2011/1/14 23:30,8308.31,29.14,TRADE
NSW1,2011/1/15 0:00,8047.18,28.4,TRADE
NSW1,2011/1/15 0:30,7782.75,26.44,TRADE
NSW1,2011/1/15 1:00,7523.07,24.71,TRADE
NSW1,2011/1/15 1:30,7241.26,24.53,TRADE
NSW1,2011/1/15 2:00,6994.06,23.53,TRADE
NSW1,2011/1/15 2:30,6790.92,22.08,TRADE
NSW1,2011/1/15 3:00,6623.53,22.48,TRADE
NSW1,2011/1/15 3:30,6569.31,23.05,TRADE
NSW1,2011/1/15 4:00,6638.63,22.26,TRADE
NSW1,2011/1/15 4:30,6694.6,23.23,TRADE
NSW1,2011/1/15 5:00,6799.42,23.98,TRADE
NSW1,2011/1/15 5:30,6867.62,21.18,TRADE
NSW1,2011/1/15 6:00,7087.11,24.93,TRADE
NSW1,2011/1/15 6:30,7427.12,25.37,TRADE
NSW1,2011/1/15 7:00,7782.89,25.34,TRADE
NSW1,2011/1/15 7:30,8165.33,24.68,TRADE
NSW1,2011/1/15 8:00,8544.19,27.25,TRADE
NSW1,2011/1/15 8:30,8958.85,30.43,TRADE
NSW1,2011/1/15 9:00,9104.47,30.93,TRADE
NSW1,2011/1/15 9:30,9241.31,31.69,TRADE
NSW1,2011/1/15 10:00,9285.5,32.02,TRADE
NSW1,2011/1/15 10:30,9282.91,30.84,TRADE
NSW1,2011/1/15 11:00,9322.63,31.71,TRADE
NSW1,2011/1/15 11:30,9293.2,30.9,TRADE
NSW1,2011/1/15 12:00,9337.81,32,TRADE
NSW1,2011/1/15 12:30,9465.1,32.34,TRADE
NSW1,2011/1/15 13:00,9481.4,33.32,TRADE
NSW1,2011/1/15 13:30,9552.75,33,TRADE
NSW1,2011/1/15 14:00,9620.27,33,TRADE
NSW1,2011/1/15 14:30,9776,34.49,TRADE
NSW1,2011/1/15 15:00,9874.56,38.72,TRADE
NSW1,2011/1/15 15:30,9949.04,39.31,TRADE
NSW1,2011/1/15 16:00,10061.82,44,TRADE
NSW1,2011/1/15 16:30,10043.48,43.01,TRADE
NSW1,2011/1/15 17:00,9991.43,39.08,TRADE
NSW1,2011/1/15 17:30,9887.19,35.22,TRADE
NSW1,2011/1/15 18:00,9751.35,36.91,TRADE
NSW1,2011/1/15 18:30,9584.68,33.18,TRADE
NSW1,2011/1/15 19:00,9513.33,33.41,TRADE
NSW1,2011/1/15 19:30,9444.51,37.69,TRADE
NSW1,2011/1/15 20:00,9436.74,34.5,TRADE
NSW1,2011/1/15 20:30,9312.08,33.16,TRADE
NSW1,2011/1/15 21:00,9071.68,32.2,TRADE
NSW1,2011/1/15 21:30,8936.84,31.96,TRADE
NSW1,2011/1/15 22:00,8690.01,28.01,TRADE
NSW1,2011/1/15 22:30,8510.7,27.3,TRADE
NSW1,2011/1/15 23:00,8208.85,28.61,TRADE
NSW1,2011/1/15 23:30,7937.57,28.31,TRADE
NSW1,2011/1/16 0:00,7646.75,26.38,TRADE
NSW1,2011/1/16 0:30,7475.46,25.39,TRADE
NSW1,2011/1/16 1:00,7251.97,24.97,TRADE
NSW1,2011/1/16 1:30,7003.47,24.39,TRADE
NSW1,2011/1/16 2:00,6782.52,22.47,TRADE
NSW1,2011/1/16 2:30,6599.22,19.9,TRADE
NSW1,2011/1/16 3:00,6546.68,19.85,TRADE
NSW1,2011/1/16 3:30,6469.82,19.8,TRADE
NSW1,2011/1/16 4:00,6462.14,19.99,TRADE
NSW1,2011/1/16 4:30,6476.25,18.75,TRADE
NSW1,2011/1/16 5:00,6575.87,19.56,TRADE
NSW1,2011/1/16 5:30,6588.71,18.77,TRADE
NSW1,2011/1/16 6:00,6662.43,19.49,TRADE
NSW1,2011/1/16 6:30,6834.66,20.25,TRADE
NSW1,2011/1/16 7:00,7137.34,21.1,TRADE
NSW1,2011/1/16 7:30,7553.27,19.42,TRADE
NSW1,2011/1/16 8:00,7899.88,23.02,TRADE
NSW1,2011/1/16 8:30,8253.55,25.28,TRADE
NSW1,2011/1/16 9:00,8553.92,25.36,TRADE
NSW1,2011/1/16 9:30,8787.48,25.31,TRADE
NSW1,2011/1/16 10:00,8979.46,25.31,TRADE
NSW1,2011/1/16 10:30,9004.61,25.21,TRADE
NSW1,2011/1/16 11:00,9051.86,25.36,TRADE
NSW1,2011/1/16 11:30,9169.01,28.95,TRADE
NSW1,2011/1/16 12:00,9432.38,30.48,TRADE
NSW1,2011/1/16 12:30,9508.79,31.5,TRADE
NSW1,2011/1/16 13:00,9588.18,30.78,TRADE
NSW1,2011/1/16 13:30,9589.25,30.31,TRADE
NSW1,2011/1/16 14:00,9858.14,32.5,TRADE
NSW1,2011/1/16 14:30,9988.28,34.59,TRADE
NSW1,2011/1/16 15:00,10142.63,37.3,TRADE
NSW1,2011/1/16 15:30,10195.25,38.12,TRADE
NSW1,2011/1/16 16:00,10209.78,39.4,TRADE
NSW1,2011/1/16 16:30,10178.92,38.21,TRADE
NSW1,2011/1/16 17:00,10200.1,37.55,TRADE
NSW1,2011/1/16 17:30,10223.97,35.58,TRADE
NSW1,2011/1/16 18:00,10160.54,33.06,TRADE
NSW1,2011/1/16 18:30,9965.77,31.74,TRADE
NSW1,2011/1/16 19:00,9790.11,31.23,TRADE
NSW1,2011/1/16 19:30,9683.14,30.88,TRADE
NSW1,2011/1/16 20:00,9732.62,33.18,TRADE
NSW1,2011/1/16 20:30,9577.42,30.12,TRADE
NSW1,2011/1/16 21:00,9266.27,27.07,TRADE
NSW1,2011/1/16 21:30,9055.41,25.24,TRADE
NSW1,2011/1/16 22:00,8707.1,24.38,TRADE
NSW1,2011/1/16 22:30,8461.61,26.17,TRADE
NSW1,2011/1/16 23:00,8060.08,21.6,TRADE
NSW1,2011/1/16 23:30,7784.92,21.56,TRADE
NSW1,2011/1/17 0:00,7580.09,23.25,TRADE
NSW1,2011/1/17 0:30,7419.04,22.06,TRADE
NSW1,2011/1/17 1:00,7188.37,21.44,TRADE
NSW1,2011/1/17 1:30,6897.37,19.52,TRADE
NSW1,2011/1/17 2:00,6720.03,20.25,TRADE
NSW1,2011/1/17 2:30,6584.93,18.24,TRADE
NSW1,2011/1/17 3:00,6506.29,19.3,TRADE
NSW1,2011/1/17 3:30,6560.63,20.33,TRADE
NSW1,2011/1/17 4:00,6601.93,16.32,TRADE
NSW1,2011/1/17 4:30,6844.92,23.65,TRADE
NSW1,2011/1/17 5:00,7140.49,23.94,TRADE
NSW1,2011/1/17 5:30,7612.42,25.83,TRADE
NSW1,2011/1/17 6:00,8079.91,23.22,TRADE
NSW1,2011/1/17 6:30,8572,24.93,TRADE
NSW1,2011/1/17 7:00,9138.28,27.39,TRADE
NSW1,2011/1/17 7:30,9544.61,25.66,TRADE
NSW1,2011/1/17 8:00,10015.27,27.86,TRADE
NSW1,2011/1/17 8:30,10355.73,29.56,TRADE
NSW1,2011/1/17 9:00,10582.07,29.93,TRADE
NSW1,2011/1/17 9:30,10824.21,30.93,TRADE
NSW1,2011/1/17 10:00,11061.37,30.8,TRADE
NSW1,2011/1/17 10:30,11272.09,31.32,TRADE
NSW1,2011/1/17 11:00,11432.89,31.86,TRADE
NSW1,2011/1/17 11:30,11544.93,32.23,TRADE
NSW1,2011/1/17 12:00,11614.76,33.19,TRADE
NSW1,2011/1/17 12:30,11729.11,36.47,TRADE
NSW1,2011/1/17 13:00,11776.12,35.9,TRADE
NSW1,2011/1/17 13:30,11802.28,35.15,TRADE
NSW1,2011/1/17 14:00,11776.85,46.02,TRADE
NSW1,2011/1/17 14:30,11658.95,47.06,TRADE
NSW1,2011/1/17 15:00,11645.85,50.87,TRADE
NSW1,2011/1/17 15:30,11547.48,39.48,TRADE
NSW1,2011/1/17 16:00,11495.22,52.73,TRADE
NSW1,2011/1/17 16:30,11343.8,35.24,TRADE
NSW1,2011/1/17 17:00,11072.01,27.6,TRADE
NSW1,2011/1/17 17:30,10706.7,25.03,TRADE
NSW1,2011/1/17 18:00,10416.32,25.1,TRADE
NSW1,2011/1/17 18:30,10051.29,26.05,TRADE
NSW1,2011/1/17 19:00,9764.31,25.31,TRADE
NSW1,2011/1/17 19:30,9621.05,25.31,TRADE
NSW1,2011/1/17 20:00,9519.04,25.31,TRADE
NSW1,2011/1/17 20:30,9303.53,25.16,TRADE
NSW1,2011/1/17 21:00,8975.36,25.1,TRADE
NSW1,2011/1/17 21:30,8880.29,26.69,TRADE
NSW1,2011/1/17 22:00,8579.68,21.85,TRADE
NSW1,2011/1/17 22:30,8443.55,21.15,TRADE
NSW1,2011/1/17 23:00,8291.87,21.89,TRADE
NSW1,2011/1/17 23:30,8065.11,22.5,TRADE
NSW1,2011/1/18 0:00,7907.81,22.14,TRADE
NSW1,2011/1/18 0:30,7728.89,20.87,TRADE
NSW1,2011/1/18 1:00,7532.21,19.87,TRADE
NSW1,2011/1/18 1:30,7218.95,19.25,TRADE
NSW1,2011/1/18 2:00,7003.85,17.58,TRADE
NSW1,2011/1/18 2:30,6843.4,18.32,TRADE
NSW1,2011/1/18 3:00,6748.63,18.12,TRADE
NSW1,2011/1/18 3:30,6739.19,19.02,TRADE
NSW1,2011/1/18 4:00,6803.49,19.95,TRADE
NSW1,2011/1/18 4:30,6968,19.87,TRADE
NSW1,2011/1/18 5:00,7145.26,20.72,TRADE
NSW1,2011/1/18 5:30,7567.15,21.41,TRADE
NSW1,2011/1/18 6:00,8014.45,24.41,TRADE
NSW1,2011/1/18 6:30,8400.47,27.57,TRADE
NSW1,2011/1/18 7:00,8903.66,26.78,TRADE
NSW1,2011/1/18 7:30,9311.9,25.41,TRADE
NSW1,2011/1/18 8:00,9562.17,26.27,TRADE
NSW1,2011/1/18 8:30,9824.69,29.24,TRADE
NSW1,2011/1/18 9:00,9942.46,26.27,TRADE
NSW1,2011/1/18 9:30,10055.59,28.83,TRADE
NSW1,2011/1/18 10:00,10157.56,30.83,TRADE
NSW1,2011/1/18 10:30,10179.47,30.44,TRADE
NSW1,2011/1/18 11:00,10197.86,29.17,TRADE
NSW1,2011/1/18 11:30,10198.02,30.92,TRADE
NSW1,2011/1/18 12:00,10127.26,31.62,TRADE
NSW1,2011/1/18 12:30,10274,32,TRADE
NSW1,2011/1/18 13:00,10356.82,31.94,TRADE
NSW1,2011/1/18 13:30,10394.77,30.79,TRADE
NSW1,2011/1/18 14:00,10329.29,31,TRADE
NSW1,2011/1/18 14:30,10315.37,30.84,TRADE
NSW1,2011/1/18 15:00,10295.66,30.5,TRADE
NSW1,2011/1/18 15:30,10268.01,30.29,TRADE
NSW1,2011/1/18 16:00,10209.5,30.01,TRADE
NSW1,2011/1/18 16:30,9997.33,26.28,TRADE
NSW1,2011/1/18 17:00,9890.49,27.16,TRADE
NSW1,2011/1/18 17:30,9534.06,25.4,TRADE
NSW1,2011/1/18 18:00,9374.16,25.31,TRADE
NSW1,2011/1/18 18:30,9175.06,25.26,TRADE
NSW1,2011/1/18 19:00,9033.47,25.31,TRADE
NSW1,2011/1/18 19:30,9026.81,25.31,TRADE
NSW1,2011/1/18 20:00,8971.07,25.31,TRADE
NSW1,2011/1/18 20:30,8815.21,25.71,TRADE
NSW1,2011/1/18 21:00,8528.82,24.23,TRADE
NSW1,2011/1/18 21:30,8546.3,22.47,TRADE
NSW1,2011/1/18 22:00,8328.74,20.32,TRADE
NSW1,2011/1/18 22:30,8307.85,24.89,TRADE
NSW1,2011/1/18 23:00,8132.38,21.67,TRADE
NSW1,2011/1/18 23:30,7922.27,20.34,TRADE
NSW1,2011/1/19 0:00,7738.67,21.65,TRADE
NSW1,2011/1/19 0:30,7610.59,20.16,TRADE
NSW1,2011/1/19 1:00,7367.37,19.59,TRADE
NSW1,2011/1/19 1:30,7110.35,20.19,TRADE
NSW1,2011/1/19 2:00,6858.99,17.55,TRADE
NSW1,2011/1/19 2:30,6655.99,17.02,TRADE
NSW1,2011/1/19 3:00,6579.5,17.28,TRADE
NSW1,2011/1/19 3:30,6621.66,17,TRADE
NSW1,2011/1/19 4:00,6685.79,17.2,TRADE
NSW1,2011/1/19 4:30,6869.91,18.1,TRADE
NSW1,2011/1/19 5:00,7117.31,20.15,TRADE
NSW1,2011/1/19 5:30,7607.07,21.84,TRADE
NSW1,2011/1/19 6:00,7996.02,22.93,TRADE
NSW1,2011/1/19 6:30,8470.7,25.77,TRADE
NSW1,2011/1/19 7:00,8935.42,25.34,TRADE
NSW1,2011/1/19 7:30,9275.6,25.24,TRADE
NSW1,2011/1/19 8:00,9546.5,25.31,TRADE
NSW1,2011/1/19 8:30,9804.1,25.32,TRADE
NSW1,2011/1/19 9:00,9901.31,25.31,TRADE
NSW1,2011/1/19 9:30,10017.65,28.02,TRADE
NSW1,2011/1/19 10:00,10050.5,28.57,TRADE
NSW1,2011/1/19 10:30,10080.24,26.35,TRADE
NSW1,2011/1/19 11:00,10127.48,26.14,TRADE
NSW1,2011/1/19 11:30,10130.47,26.53,TRADE
NSW1,2011/1/19 12:00,10140.48,26.7,TRADE
NSW1,2011/1/19 12:30,10210.25,29.16,TRADE
NSW1,2011/1/19 13:00,10298.57,28.89,TRADE
NSW1,2011/1/19 13:30,10345.64,28.66,TRADE
NSW1,2011/1/19 14:00,10348.9,28.56,TRADE
NSW1,2011/1/19 14:30,10378.39,28.1,TRADE
NSW1,2011/1/19 15:00,10345.48,26.3,TRADE
NSW1,2011/1/19 15:30,10397.84,25.5,TRADE
NSW1,2011/1/19 16:00,10437.28,26.56,TRADE
NSW1,2011/1/19 16:30,10261.49,27.42,TRADE
NSW1,2011/1/19 17:00,10107.35,25.9,TRADE
NSW1,2011/1/19 17:30,9742.08,25.36,TRADE
NSW1,2011/1/19 18:00,9572.05,25.24,TRADE
NSW1,2011/1/19 18:30,9254.48,25.24,TRADE
NSW1,2011/1/19 19:00,9109.91,25.31,TRADE
NSW1,2011/1/19 19:30,9015.78,25.31,TRADE
NSW1,2011/1/19 20:00,9043.26,25.52,TRADE
NSW1,2011/1/19 20:30,8944.91,25.27,TRADE
NSW1,2011/1/19 21:00,8659.63,24.53,TRADE
NSW1,2011/1/19 21:30,8659.47,24.52,TRADE
NSW1,2011/1/19 22:00,8479.74,20.96,TRADE
NSW1,2011/1/19 22:30,8399.17,24.37,TRADE
NSW1,2011/1/19 23:00,8248.67,22.83,TRADE
NSW1,2011/1/19 23:30,8004.18,20.81,TRADE
NSW1,2011/1/20 0:00,7818.91,21.09,TRADE
NSW1,2011/1/20 0:30,7624.17,20.46,TRADE
NSW1,2011/1/20 1:00,7388.93,18.9,TRADE
NSW1,2011/1/20 1:30,7048.58,19.04,TRADE
NSW1,2011/1/20 2:00,6833.34,18.3,TRADE
NSW1,2011/1/20 2:30,6685.34,17.22,TRADE
NSW1,2011/1/20 3:00,6640.24,17,TRADE
NSW1,2011/1/20 3:30,6633.15,16.67,TRADE
NSW1,2011/1/20 4:00,6637.59,16.94,TRADE
NSW1,2011/1/20 4:30,6834.64,17.27,TRADE
NSW1,2011/1/20 5:00,7105.94,18.87,TRADE
NSW1,2011/1/20 5:30,7493.07,19.9,TRADE
NSW1,2011/1/20 6:00,7972.15,22.41,TRADE
NSW1,2011/1/20 6:30,8471.21,26.42,TRADE
NSW1,2011/1/20 7:00,8965.11,26.37,TRADE
NSW1,2011/1/20 7:30,9338.33,25.87,TRADE
NSW1,2011/1/20 8:00,9638.78,25.39,TRADE
NSW1,2011/1/20 8:30,9958.19,25.31,TRADE
NSW1,2011/1/20 9:00,10125.94,28.62,TRADE
NSW1,2011/1/20 9:30,10239.39,27.38,TRADE
NSW1,2011/1/20 10:00,10334.6,25.43,TRADE
NSW1,2011/1/20 10:30,10338.16,25.31,TRADE
NSW1,2011/1/20 11:00,10333.86,27.28,TRADE
NSW1,2011/1/20 11:30,10476.23,27.76,TRADE
NSW1,2011/1/20 12:00,10558.16,27.99,TRADE
NSW1,2011/1/20 12:30,10596.65,32.05,TRADE
NSW1,2011/1/20 13:00,10622.03,32.87,TRADE
NSW1,2011/1/20 13:30,10659.31,35.19,TRADE
NSW1,2011/1/20 14:00,10679.46,35.43,TRADE
NSW1,2011/1/20 14:30,10670.9,32.5,TRADE
NSW1,2011/1/20 15:00,10688.48,44.71,TRADE
NSW1,2011/1/20 15:30,10728.55,34.46,TRADE
NSW1,2011/1/20 16:00,10747.09,31.54,TRADE
NSW1,2011/1/20 16:30,10610.88,29.03,TRADE
NSW1,2011/1/20 17:00,10583.94,29.64,TRADE
NSW1,2011/1/20 17:30,10312.74,30.12,TRADE
NSW1,2011/1/20 18:00,10115.06,29.1,TRADE
NSW1,2011/1/20 18:30,9859.63,26.05,TRADE
NSW1,2011/1/20 19:00,9656.62,25.33,TRADE
NSW1,2011/1/20 19:30,9544.59,25.31,TRADE
NSW1,2011/1/20 20:00,9642.56,26.75,TRADE
NSW1,2011/1/20 20:30,9371.13,27.57,TRADE
NSW1,2011/1/20 21:00,9044.93,26.56,TRADE
NSW1,2011/1/20 21:30,9007.91,25.34,TRADE
NSW1,2011/1/20 22:00,8721.79,24.21,TRADE
NSW1,2011/1/20 22:30,8663.74,24.69,TRADE
NSW1,2011/1/20 23:00,8366.89,23.9,TRADE
NSW1,2011/1/20 23:30,8178.22,23.28,TRADE
NSW1,2011/1/21 0:00,7975.58,22.11,TRADE
NSW1,2011/1/21 0:30,7783,20.6,TRADE
NSW1,2011/1/21 1:00,7517.37,19.34,TRADE
NSW1,2011/1/21 1:30,7220.77,19.7,TRADE
NSW1,2011/1/21 2:00,6973.54,19.23,TRADE
NSW1,2011/1/21 2:30,6766.55,19,TRADE
NSW1,2011/1/21 3:00,6695.03,19.44,TRADE
NSW1,2011/1/21 3:30,6680.61,19.22,TRADE
NSW1,2011/1/21 4:00,6758.25,19.82,TRADE
NSW1,2011/1/21 4:30,6983.55,19.69,TRADE
NSW1,2011/1/21 5:00,7211.39,21.01,TRADE
NSW1,2011/1/21 5:30,7642.16,22.31,TRADE
NSW1,2011/1/21 6:00,8034.37,24.2,TRADE
NSW1,2011/1/21 6:30,8615.24,27.34,TRADE
NSW1,2011/1/21 7:00,9160.86,29.71,TRADE
NSW1,2011/1/21 7:30,9539.42,26.76,TRADE
NSW1,2011/1/21 8:00,9907.82,28.06,TRADE
NSW1,2011/1/21 8:30,10211.47,30.54,TRADE
NSW1,2011/1/21 9:00,10406.8,30.97,TRADE
NSW1,2011/1/21 9:30,10554.51,31.95,TRADE
NSW1,2011/1/21 10:00,10636.68,31.76,TRADE
NSW1,2011/1/21 10:30,10710.47,32.55,TRADE
NSW1,2011/1/21 11:00,10746,32.31,TRADE
NSW1,2011/1/21 11:30,10757.48,32.4,TRADE
NSW1,2011/1/21 12:00,10939.77,33.9,TRADE
NSW1,2011/1/21 12:30,11035.67,34.61,TRADE
NSW1,2011/1/21 13:00,11148.07,35.52,TRADE
NSW1,2011/1/21 13:30,11223.65,34.22,TRADE
NSW1,2011/1/21 14:00,11294.36,36.48,TRADE
NSW1,2011/1/21 14:30,11338.48,33.01,TRADE
NSW1,2011/1/21 15:00,11330.53,33.95,TRADE
NSW1,2011/1/21 15:30,11380.89,32.4,TRADE
NSW1,2011/1/21 16:00,11412.13,31.5,TRADE
NSW1,2011/1/21 16:30,11221.74,30.71,TRADE
NSW1,2011/1/21 17:00,10962.74,29.11,TRADE
NSW1,2011/1/21 17:30,10533.68,26.47,TRADE
NSW1,2011/1/21 18:00,10261.62,25.93,TRADE
NSW1,2011/1/21 18:30,9991.87,25.45,TRADE
NSW1,2011/1/21 19:00,9735.37,25.25,TRADE
NSW1,2011/1/21 19:30,9685.82,25.31,TRADE
NSW1,2011/1/21 20:00,9690.24,25.43,TRADE
NSW1,2011/1/21 20:30,9455.75,25.24,TRADE
NSW1,2011/1/21 21:00,9074.43,24.85,TRADE
NSW1,2011/1/21 21:30,9056.07,25.03,TRADE
NSW1,2011/1/21 22:00,8781.58,23.92,TRADE
NSW1,2011/1/21 22:30,8724.33,25.69,TRADE
NSW1,2011/1/21 23:00,8466.75,28.14,TRADE
NSW1,2011/1/21 23:30,8162.99,24.82,TRADE
NSW1,2011/1/22 0:00,7943.73,23.58,TRADE
NSW1,2011/1/22 0:30,7758.61,20.87,TRADE
NSW1,2011/1/22 1:00,7534.56,21.02,TRADE
NSW1,2011/1/22 1:30,7224.58,20.33,TRADE
NSW1,2011/1/22 2:00,6948.64,17.95,TRADE
NSW1,2011/1/22 2:30,6785.4,19.83,TRADE
NSW1,2011/1/22 3:00,6669.05,19.03,TRADE
NSW1,2011/1/22 3:30,6614.87,20.45,TRADE
NSW1,2011/1/22 4:00,6582.53,19.98,TRADE
NSW1,2011/1/22 4:30,6673.38,19.73,TRADE
NSW1,2011/1/22 5:00,6778.41,23.42,TRADE
NSW1,2011/1/22 5:30,6931.8,23.5,TRADE
NSW1,2011/1/22 6:00,7071.52,22.66,TRADE
NSW1,2011/1/22 6:30,7374.26,22.89,TRADE
NSW1,2011/1/22 7:00,7714.55,22.95,TRADE
NSW1,2011/1/22 7:30,8194.07,25.27,TRADE
NSW1,2011/1/22 8:00,8601.91,25.35,TRADE
NSW1,2011/1/22 8:30,9023.41,25.41,TRADE
NSW1,2011/1/22 9:00,9197.79,25.34,TRADE
NSW1,2011/1/22 9:30,9376.73,26.8,TRADE
NSW1,2011/1/22 10:00,9451.91,30.2,TRADE
NSW1,2011/1/22 10:30,9568.38,30.19,TRADE
NSW1,2011/1/22 11:00,9617.46,31.24,TRADE
NSW1,2011/1/22 11:30,9691.22,33.28,TRADE
NSW1,2011/1/22 12:00,9763.9,34.75,TRADE
NSW1,2011/1/22 12:30,9847.75,38.33,TRADE
NSW1,2011/1/22 13:00,9839.42,36.76,TRADE
NSW1,2011/1/22 13:30,9874.33,40.35,TRADE
NSW1,2011/1/22 14:00,9915.96,45.88,TRADE
NSW1,2011/1/22 14:30,9947.44,38.94,TRADE
NSW1,2011/1/22 15:00,9928.35,34.95,TRADE
NSW1,2011/1/22 15:30,9821.82,32.82,TRADE
NSW1,2011/1/22 16:00,9816.43,32.29,TRADE
NSW1,2011/1/22 16:30,9723.92,31.5,TRADE
NSW1,2011/1/22 17:00,9646.46,31.55,TRADE
NSW1,2011/1/22 17:30,9525.99,29.32,TRADE
NSW1,2011/1/22 18:00,9377.1,26.41,TRADE
NSW1,2011/1/22 18:30,9175.13,25.37,TRADE
NSW1,2011/1/22 19:00,9031.16,25.31,TRADE
NSW1,2011/1/22 19:30,9059.51,25.31,TRADE
NSW1,2011/1/22 20:00,9028.97,25.18,TRADE
NSW1,2011/1/22 20:30,8882.43,25.25,TRADE
NSW1,2011/1/22 21:00,8643.34,25.24,TRADE
NSW1,2011/1/22 21:30,8621.45,25.35,TRADE
NSW1,2011/1/22 22:00,8394.62,24.22,TRADE
NSW1,2011/1/22 22:30,8327.01,28.03,TRADE
NSW1,2011/1/22 23:00,8058.75,24.54,TRADE
NSW1,2011/1/22 23:30,7776.01,24.47,TRADE
NSW1,2011/1/23 0:00,7610.85,25.91,TRADE
NSW1,2011/1/23 0:30,7419.51,24.72,TRADE
NSW1,2011/1/23 1:00,7159.77,23.06,TRADE
NSW1,2011/1/23 1:30,6983.11,22.92,TRADE
NSW1,2011/1/23 2:00,6738.8,21.92,TRADE
NSW1,2011/1/23 2:30,6606.3,22.96,TRADE
NSW1,2011/1/23 3:00,6495.7,22.5,TRADE
NSW1,2011/1/23 3:30,6441.21,21.8,TRADE
NSW1,2011/1/23 4:00,6417.9,21.8,TRADE
NSW1,2011/1/23 4:30,6484.44,22.27,TRADE
NSW1,2011/1/23 5:00,6517.38,21.23,TRADE
NSW1,2011/1/23 5:30,6507.24,19.84,TRADE
NSW1,2011/1/23 6:00,6517,19.68,TRADE
NSW1,2011/1/23 6:30,6754.85,20.13,TRADE
NSW1,2011/1/23 7:00,7048.79,21.45,TRADE
NSW1,2011/1/23 7:30,7319.45,21.21,TRADE
NSW1,2011/1/23 8:00,7674.18,24.01,TRADE
NSW1,2011/1/23 8:30,8041.51,24.4,TRADE
NSW1,2011/1/23 9:00,8314.25,25.31,TRADE
NSW1,2011/1/23 9:30,8610.55,25.46,TRADE
NSW1,2011/1/23 10:00,8781.05,25.31,TRADE
NSW1,2011/1/23 10:30,8832.94,25.31,TRADE
NSW1,2011/1/23 11:00,8981.13,25.31,TRADE
NSW1,2011/1/23 11:30,9103.31,25.31,TRADE
NSW1,2011/1/23 12:00,9221.19,27.58,TRADE
NSW1,2011/1/23 12:30,9354.6,30.83,TRADE
NSW1,2011/1/23 13:00,9372.9,29.81,TRADE
NSW1,2011/1/23 13:30,9387.2,30.1,TRADE
NSW1,2011/1/23 14:00,9441.86,31.76,TRADE
NSW1,2011/1/23 14:30,9558.43,32.38,TRADE
NSW1,2011/1/23 15:00,9648.81,33,TRADE
NSW1,2011/1/23 15:30,9626.38,31.82,TRADE
NSW1,2011/1/23 16:00,9626.74,32.83,TRADE
NSW1,2011/1/23 16:30,9516.02,31.83,TRADE
NSW1,2011/1/23 17:00,9525.36,31.92,TRADE
NSW1,2011/1/23 17:30,9525.75,32.57,TRADE
NSW1,2011/1/23 18:00,9453.1,31.12,TRADE
NSW1,2011/1/23 18:30,9266.84,28.1,TRADE
NSW1,2011/1/23 19:00,9139.99,25.53,TRADE
NSW1,2011/1/23 19:30,9153.18,26.02,TRADE
NSW1,2011/1/23 20:00,9178.11,26.71,TRADE
NSW1,2011/1/23 20:30,9070.83,28.09,TRADE
NSW1,2011/1/23 21:00,8797.48,25.55,TRADE
NSW1,2011/1/23 21:30,8655.33,25.6,TRADE
NSW1,2011/1/23 22:00,8290.81,23.34,TRADE
NSW1,2011/1/23 22:30,8153.35,24.26,TRADE
NSW1,2011/1/23 23:00,7816.67,24.9,TRADE
NSW1,2011/1/23 23:30,7636,25.31,TRADE
NSW1,2011/1/24 0:00,7494.88,26.29,TRADE
NSW1,2011/1/24 0:30,7347.46,23.58,TRADE
NSW1,2011/1/24 1:00,7170.11,20.8,TRADE
NSW1,2011/1/24 1:30,6906.06,21.32,TRADE
NSW1,2011/1/24 2:00,6758.29,22.09,TRADE
NSW1,2011/1/24 2:30,6651.27,20.95,TRADE
NSW1,2011/1/24 3:00,6568.2,23.72,TRADE
NSW1,2011/1/24 3:30,6604.61,22.59,TRADE
NSW1,2011/1/24 4:00,6634.53,22.26,TRADE
NSW1,2011/1/24 4:30,6814.62,23.58,TRADE
NSW1,2011/1/24 5:00,7117.21,25.2,TRADE
NSW1,2011/1/24 5:30,7600.44,25.21,TRADE
NSW1,2011/1/24 6:00,8074.78,26.22,TRADE
NSW1,2011/1/24 6:30,8604.27,29.97,TRADE
NSW1,2011/1/24 7:00,9157.82,32.82,TRADE
NSW1,2011/1/24 7:30,9563.54,31.26,TRADE
NSW1,2011/1/24 8:00,9984.72,33.06,TRADE
NSW1,2011/1/24 8:30,10294.61,32.67,TRADE
NSW1,2011/1/24 9:00,10536.85,33.57,TRADE
NSW1,2011/1/24 9:30,10679.92,31.61,TRADE
NSW1,2011/1/24 10:00,10801.57,32.19,TRADE
NSW1,2011/1/24 10:30,10898.9,32.36,TRADE
NSW1,2011/1/24 11:00,11086.52,32.94,TRADE
NSW1,2011/1/24 11:30,11290.65,34.12,TRADE
NSW1,2011/1/24 12:00,11437.5,34.15,TRADE
NSW1,2011/1/24 12:30,11618.77,37.31,TRADE
NSW1,2011/1/24 13:00,11658.3,66.29,TRADE
NSW1,2011/1/24 13:30,11656.46,109.92,TRADE
NSW1,2011/1/24 14:00,11685.52,64.88,TRADE
NSW1,2011/1/24 14:30,11665.46,36.04,TRADE
NSW1,2011/1/24 15:00,11665.35,38.64,TRADE
NSW1,2011/1/24 15:30,11642.38,35.88,TRADE
NSW1,2011/1/24 16:00,11664.12,34.19,TRADE
NSW1,2011/1/24 16:30,11563.46,36.28,TRADE
NSW1,2011/1/24 17:00,11523.85,36.12,TRADE
NSW1,2011/1/24 17:30,11346.03,32.59,TRADE
NSW1,2011/1/24 18:00,11270.75,32.21,TRADE
NSW1,2011/1/24 18:30,11030.81,31.27,TRADE
NSW1,2011/1/24 19:00,10854.99,31.86,TRADE
NSW1,2011/1/24 19:30,10765.54,33.2,TRADE
NSW1,2011/1/24 20:00,10662.41,34.84,TRADE
NSW1,2011/1/24 20:30,10285.49,34.57,TRADE
NSW1,2011/1/24 21:00,9787.87,30.12,TRADE
NSW1,2011/1/24 21:30,9541.29,28.21,TRADE
NSW1,2011/1/24 22:00,9193.13,24.74,TRADE
NSW1,2011/1/24 22:30,8952.56,31.76,TRADE
NSW1,2011/1/24 23:00,8694.21,31.19,TRADE
NSW1,2011/1/24 23:30,8378.99,29.79,TRADE
NSW1,2011/1/25 0:00,8158.25,28.57,TRADE
NSW1,2011/1/25 0:30,7961.49,24.77,TRADE
NSW1,2011/1/25 1:00,7672.46,24.63,TRADE
NSW1,2011/1/25 1:30,7382.03,23.87,TRADE
NSW1,2011/1/25 2:00,7164.18,23.94,TRADE
NSW1,2011/1/25 2:30,6988.3,24.97,TRADE
NSW1,2011/1/25 3:00,6908.18,24,TRADE
NSW1,2011/1/25 3:30,6893.19,23.19,TRADE
NSW1,2011/1/25 4:00,6981.12,24.3,TRADE
NSW1,2011/1/25 4:30,7258.8,25.24,TRADE
NSW1,2011/1/25 5:00,7497.29,25.41,TRADE
NSW1,2011/1/25 5:30,7955.77,25.31,TRADE
NSW1,2011/1/25 6:00,8377.77,25.83,TRADE
NSW1,2011/1/25 6:30,8885.06,29.83,TRADE
NSW1,2011/1/25 7:00,9386.48,33.04,TRADE
NSW1,2011/1/25 7:30,9726.94,29.25,TRADE
NSW1,2011/1/25 8:00,10122.55,31.33,TRADE
NSW1,2011/1/25 8:30,10446.47,35.65,TRADE
NSW1,2011/1/25 9:00,10687.69,39.86,TRADE
NSW1,2011/1/25 9:30,10857.54,40.2,TRADE
NSW1,2011/1/25 10:00,10910.39,36.6,TRADE
NSW1,2011/1/25 10:30,11060.16,38.12,TRADE
NSW1,2011/1/25 11:00,11168,44.71,TRADE
NSW1,2011/1/25 11:30,11337.23,52.77,TRADE
NSW1,2011/1/25 12:00,11461.44,44.61,TRADE
NSW1,2011/1/25 12:30,11719.17,74.95,TRADE
NSW1,2011/1/25 13:00,11842.02,90.49,TRADE
NSW1,2011/1/25 13:30,12090.36,99.6,TRADE
NSW1,2011/1/25 14:00,12216.3,109.17,TRADE
NSW1,2011/1/25 14:30,12364.89,146.93,TRADE
NSW1,2011/1/25 15:00,12483.05,187.9,TRADE
NSW1,2011/1/25 15:30,12532.07,184.84,TRADE
NSW1,2011/1/25 16:00,12596.04,205.91,TRADE
NSW1,2011/1/25 16:30,12520.37,177.11,TRADE
NSW1,2011/1/25 17:00,12286.79,107.22,TRADE
NSW1,2011/1/25 17:30,11888.28,95.86,TRADE
NSW1,2011/1/25 18:00,11611.71,67.48,TRADE
NSW1,2011/1/25 18:30,11310.99,55.69,TRADE
NSW1,2011/1/25 19:00,11033.69,48.73,TRADE
NSW1,2011/1/25 19:30,10861.4,53.73,TRADE
NSW1,2011/1/25 20:00,10830.74,53.49,TRADE
NSW1,2011/1/25 20:30,10619.87,47.32,TRADE
NSW1,2011/1/25 21:00,10257.45,38.43,TRADE
NSW1,2011/1/25 21:30,10110.91,38.7,TRADE
NSW1,2011/1/25 22:00,9702.82,31.14,TRADE
NSW1,2011/1/25 22:30,9499.56,43.85,TRADE
NSW1,2011/1/25 23:00,9143.65,37.28,TRADE
NSW1,2011/1/25 23:30,8795.38,29.21,TRADE
NSW1,2011/1/26 0:00,8557.16,27.58,TRADE
NSW1,2011/1/26 0:30,8269.68,24.27,TRADE
NSW1,2011/1/26 1:00,7949.77,24.53,TRADE
NSW1,2011/1/26 1:30,7621.59,25.36,TRADE
NSW1,2011/1/26 2:00,7304,25.23,TRADE
NSW1,2011/1/26 2:30,7119.51,25.26,TRADE
NSW1,2011/1/26 3:00,6987.52,25.84,TRADE
NSW1,2011/1/26 3:30,6937.55,30.81,TRADE
NSW1,2011/1/26 4:00,6893.76,25.24,TRADE
NSW1,2011/1/26 4:30,6950.48,25.31,TRADE
NSW1,2011/1/26 5:00,6993.13,25.31,TRADE
NSW1,2011/1/26 5:30,7117.66,25.17,TRADE
NSW1,2011/1/26 6:00,7256.25,25.31,TRADE
NSW1,2011/1/26 6:30,7504.61,25.31,TRADE
NSW1,2011/1/26 7:00,7848.89,25.57,TRADE
NSW1,2011/1/26 7:30,8245.9,26.47,TRADE
NSW1,2011/1/26 8:00,8715.06,25.69,TRADE
NSW1,2011/1/26 8:30,9201.95,29.81,TRADE
NSW1,2011/1/26 9:00,9567.84,35.98,TRADE
NSW1,2011/1/26 9:30,10047.48,46.13,TRADE
NSW1,2011/1/26 10:00,10417.98,50.04,TRADE
NSW1,2011/1/26 10:30,10684.72,79.98,TRADE
NSW1,2011/1/26 11:00,10859.19,100.05,TRADE
NSW1,2011/1/26 11:30,10899.9,100.89,TRADE
NSW1,2011/1/26 12:00,10937.98,100.89,TRADE
NSW1,2011/1/26 12:30,10956.56,100.18,TRADE
NSW1,2011/1/26 13:00,10879.37,82.1,TRADE
NSW1,2011/1/26 13:30,10972.68,84.94,TRADE
NSW1,2011/1/26 14:00,11115.53,88.16,TRADE
NSW1,2011/1/26 14:30,11318.78,99.6,TRADE
NSW1,2011/1/26 15:00,11522.69,117.5,TRADE
NSW1,2011/1/26 15:30,11580.97,155.49,TRADE
NSW1,2011/1/26 16:00,11721.29,195.7,TRADE
NSW1,2011/1/26 16:30,11799.41,284.09,TRADE
NSW1,2011/1/26 17:00,11907.13,241.72,TRADE
NSW1,2011/1/26 17:30,11861.94,176.98,TRADE
NSW1,2011/1/26 18:00,11730.55,197.29,TRADE
NSW1,2011/1/26 18:30,11465.62,109.93,TRADE
NSW1,2011/1/26 19:00,11126.6,115.25,TRADE
NSW1,2011/1/26 19:30,11165.1,220.76,TRADE
NSW1,2011/1/26 20:00,11121.69,284.09,TRADE
NSW1,2011/1/26 20:30,10776.87,177.87,TRADE
NSW1,2011/1/26 21:00,10362.23,59.71,TRADE
NSW1,2011/1/26 21:30,10015.49,50.75,TRADE
NSW1,2011/1/26 22:00,9573.71,35.5,TRADE
NSW1,2011/1/26 22:30,9233.02,35.62,TRADE
NSW1,2011/1/26 23:00,8954.63,33.37,TRADE
NSW1,2011/1/26 23:30,8623.76,33.35,TRADE
NSW1,2011/1/27 0:00,8357.38,29.18,TRADE
NSW1,2011/1/27 0:30,8143.92,27.94,TRADE
NSW1,2011/1/27 1:00,7848.57,22.72,TRADE
NSW1,2011/1/27 1:30,7529.68,23.94,TRADE
NSW1,2011/1/27 2:00,7311.7,23.14,TRADE
NSW1,2011/1/27 2:30,7159.53,21.54,TRADE
NSW1,2011/1/27 3:00,7070.69,20.65,TRADE
NSW1,2011/1/27 3:30,7060.96,23.48,TRADE
NSW1,2011/1/27 4:00,7127.41,25.31,TRADE
NSW1,2011/1/27 4:30,7348.66,25.31,TRADE
NSW1,2011/1/27 5:00,7613.7,26.05,TRADE
NSW1,2011/1/27 5:30,8171.58,30.58,TRADE
NSW1,2011/1/27 6:00,8620.46,34.58,TRADE
NSW1,2011/1/27 6:30,9071.82,40.91,TRADE
NSW1,2011/1/27 7:00,9581.75,57.02,TRADE
NSW1,2011/1/27 7:30,10036.16,40.65,TRADE
NSW1,2011/1/27 8:00,10390.63,51.11,TRADE
NSW1,2011/1/27 8:30,10749.62,76.19,TRADE
NSW1,2011/1/27 9:00,11004.17,82.02,TRADE
NSW1,2011/1/27 9:30,11253.14,93.43,TRADE
NSW1,2011/1/27 10:00,11512.38,98.79,TRADE
NSW1,2011/1/27 10:30,11726.81,102.97,TRADE
NSW1,2011/1/27 11:00,12001.64,129.77,TRADE
NSW1,2011/1/27 11:30,12096.68,127.55,TRADE
NSW1,2011/1/27 12:00,12200.11,214.44,TRADE
NSW1,2011/1/27 12:30,12322.34,211.72,TRADE
NSW1,2011/1/27 13:00,12469.95,2609.75,TRADE
NSW1,2011/1/27 13:30,12481.65,3955.63,TRADE
NSW1,2011/1/27 14:00,12520.76,71.15,TRADE
NSW1,2011/1/27 14:30,12633.95,81.79,TRADE
NSW1,2011/1/27 15:00,12663.69,53.84,TRADE
NSW1,2011/1/27 15:30,12690.57,80.32,TRADE
NSW1,2011/1/27 16:00,12668.04,83.79,TRADE
NSW1,2011/1/27 16:30,12537.87,133.08,TRADE
NSW1,2011/1/27 17:00,12630.45,153.66,TRADE
NSW1,2011/1/27 17:30,12188.59,48.99,TRADE
NSW1,2011/1/27 18:00,11900,42.72,TRADE
NSW1,2011/1/27 18:30,11495.19,47.98,TRADE
NSW1,2011/1/27 19:00,11230.07,68.02,TRADE
NSW1,2011/1/27 19:30,11041.77,56.74,TRADE
NSW1,2011/1/27 20:00,10953.66,58.68,TRADE
NSW1,2011/1/27 20:30,10483.34,39.94,TRADE
NSW1,2011/1/27 21:00,10086.63,32.64,TRADE
NSW1,2011/1/27 21:30,9939.01,28.9,TRADE
NSW1,2011/1/27 22:00,9574.55,29.71,TRADE
NSW1,2011/1/27 22:30,9287.74,31.87,TRADE
NSW1,2011/1/27 23:00,8955.7,27.31,TRADE
NSW1,2011/1/27 23:30,8606.89,25.63,TRADE
NSW1,2011/1/28 0:00,8376.8,25.51,TRADE
NSW1,2011/1/28 0:30,8143.9,24.83,TRADE
NSW1,2011/1/28 1:00,7868.99,24.73,TRADE
NSW1,2011/1/28 1:30,7512.34,23.35,TRADE
NSW1,2011/1/28 2:00,7308,22.39,TRADE
NSW1,2011/1/28 2:30,7157.81,20.68,TRADE
NSW1,2011/1/28 3:00,7045.75,20.09,TRADE
NSW1,2011/1/28 3:30,7034.38,20.21,TRADE
NSW1,2011/1/28 4:00,7044.09,20.91,TRADE
NSW1,2011/1/28 4:30,7203.65,20.71,TRADE
NSW1,2011/1/28 5:00,7424.96,21.01,TRADE
NSW1,2011/1/28 5:30,7936.16,24.74,TRADE
NSW1,2011/1/28 6:00,8365.4,25.58,TRADE
NSW1,2011/1/28 6:30,8885.37,35.23,TRADE
NSW1,2011/1/28 7:00,9344.02,35.17,TRADE
NSW1,2011/1/28 7:30,9692.07,31.85,TRADE
NSW1,2011/1/28 8:00,10032.99,34.4,TRADE
NSW1,2011/1/28 8:30,10227.55,33.1,TRADE
NSW1,2011/1/28 9:00,10372.75,35.21,TRADE
NSW1,2011/1/28 9:30,10405.2,50.97,TRADE
NSW1,2011/1/28 10:00,10481.79,53.9,TRADE
NSW1,2011/1/28 10:30,10492,52.54,TRADE
NSW1,2011/1/28 11:00,10530.45,51.33,TRADE
NSW1,2011/1/28 11:30,10509.02,49.95,TRADE
NSW1,2011/1/28 12:00,10488.22,40.55,TRADE
NSW1,2011/1/28 12:30,10473.53,44.83,TRADE
NSW1,2011/1/28 13:00,10509.29,41.43,TRADE
NSW1,2011/1/28 13:30,10493.96,38.99,TRADE
NSW1,2011/1/28 14:00,10498.23,38.45,TRADE
NSW1,2011/1/28 14:30,10481.83,36.79,TRADE
NSW1,2011/1/28 15:00,10486.35,33.98,TRADE
NSW1,2011/1/28 15:30,10416.27,32.93,TRADE
NSW1,2011/1/28 16:00,10343.57,32.33,TRADE
NSW1,2011/1/28 16:30,10114.78,30.88,TRADE
NSW1,2011/1/28 17:00,9840.65,29.07,TRADE
NSW1,2011/1/28 17:30,9559.88,26.37,TRADE
NSW1,2011/1/28 18:00,9366.42,25.9,TRADE
NSW1,2011/1/28 18:30,9099.3,25.53,TRADE
NSW1,2011/1/28 19:00,9035.61,25.98,TRADE
NSW1,2011/1/28 19:30,8975.04,25.6,TRADE
NSW1,2011/1/28 20:00,8991.74,25.65,TRADE
NSW1,2011/1/28 20:30,8785.93,25.24,TRADE
NSW1,2011/1/28 21:00,8573.17,25.12,TRADE
NSW1,2011/1/28 21:30,8592.22,25.42,TRADE
NSW1,2011/1/28 22:00,8415.27,23.98,TRADE
NSW1,2011/1/28 22:30,8377.44,30.29,TRADE
NSW1,2011/1/28 23:00,8252.62,28.16,TRADE
NSW1,2011/1/28 23:30,8009.96,29.15,TRADE
NSW1,2011/1/29 0:00,7822.77,25.2,TRADE
NSW1,2011/1/29 0:30,7617,23.52,TRADE
NSW1,2011/1/29 1:00,7321.64,23.37,TRADE
NSW1,2011/1/29 1:30,7033.24,24.09,TRADE
NSW1,2011/1/29 2:00,6797.44,24.29,TRADE
NSW1,2011/1/29 2:30,6596.4,21.21,TRADE
NSW1,2011/1/29 3:00,6458.28,19.68,TRADE
NSW1,2011/1/29 3:30,6450.28,19.85,TRADE
NSW1,2011/1/29 4:00,6425.92,20.02,TRADE
NSW1,2011/1/29 4:30,6472.34,18.2,TRADE
NSW1,2011/1/29 5:00,6526.68,18.11,TRADE
NSW1,2011/1/29 5:30,6694.89,19.27,TRADE
NSW1,2011/1/29 6:00,6853.31,19.71,TRADE
NSW1,2011/1/29 6:30,7113.46,21.1,TRADE
NSW1,2011/1/29 7:00,7498.3,23.31,TRADE
NSW1,2011/1/29 7:30,7926.55,25.17,TRADE
NSW1,2011/1/29 8:00,8263.17,25.85,TRADE
NSW1,2011/1/29 8:30,8663.9,26.95,TRADE
NSW1,2011/1/29 9:00,8848.01,29.8,TRADE
NSW1,2011/1/29 9:30,8953.14,30.77,TRADE
NSW1,2011/1/29 10:00,8971.88,31.42,TRADE
NSW1,2011/1/29 10:30,8953.95,29.95,TRADE
NSW1,2011/1/29 11:00,8979.5,31.12,TRADE
NSW1,2011/1/29 11:30,8955.74,31.32,TRADE
NSW1,2011/1/29 12:00,8946.52,31.29,TRADE
NSW1,2011/1/29 12:30,8895.44,34.44,TRADE
NSW1,2011/1/29 13:00,8903.15,37.44,TRADE
NSW1,2011/1/29 13:30,8850.28,37.45,TRADE
NSW1,2011/1/29 14:00,8856.99,37.26,TRADE
NSW1,2011/1/29 14:30,8882.32,36.81,TRADE
NSW1,2011/1/29 15:00,8888.12,33.94,TRADE
NSW1,2011/1/29 15:30,8998.31,33.24,TRADE
NSW1,2011/1/29 16:00,9071.43,35.77,TRADE
NSW1,2011/1/29 16:30,9035.82,34.35,TRADE
NSW1,2011/1/29 17:00,9021.7,32.98,TRADE
NSW1,2011/1/29 17:30,8961.02,31.99,TRADE
NSW1,2011/1/29 18:00,8910.07,30.02,TRADE
NSW1,2011/1/29 18:30,8747.99,28.62,TRADE
NSW1,2011/1/29 19:00,8696.71,30.22,TRADE
NSW1,2011/1/29 19:30,8621.18,29.57,TRADE
NSW1,2011/1/29 20:00,8698.01,29.79,TRADE
NSW1,2011/1/29 20:30,8546.87,29.07,TRADE
NSW1,2011/1/29 21:00,8328.08,26.12,TRADE
NSW1,2011/1/29 21:30,8268.87,25.34,TRADE
NSW1,2011/1/29 22:00,8088.87,23.1,TRADE
NSW1,2011/1/29 22:30,8034.06,29.63,TRADE
NSW1,2011/1/29 23:00,7788.66,27.41,TRADE
NSW1,2011/1/29 23:30,7542.9,27.63,TRADE
NSW1,2011/1/30 0:00,7439.17,24.45,TRADE
NSW1,2011/1/30 0:30,7198.8,22.77,TRADE
NSW1,2011/1/30 1:00,7024.97,18.92,TRADE
NSW1,2011/1/30 1:30,6743.08,19.95,TRADE
NSW1,2011/1/30 2:00,6497.65,15.34,TRADE
NSW1,2011/1/30 2:30,6342.79,14.42,TRADE
NSW1,2011/1/30 3:00,6318.1,16.84,TRADE
NSW1,2011/1/30 3:30,6280.46,15.79,TRADE
NSW1,2011/1/30 4:00,6280.7,17.51,TRADE
NSW1,2011/1/30 4:30,6326.53,20.99,TRADE
NSW1,2011/1/30 5:00,6386.26,19.26,TRADE
NSW1,2011/1/30 5:30,6376.68,17.58,TRADE
NSW1,2011/1/30 6:00,6480.82,18.22,TRADE
NSW1,2011/1/30 6:30,6669.94,16.75,TRADE
NSW1,2011/1/30 7:00,7015.5,20.01,TRADE
NSW1,2011/1/30 7:30,7334.98,23.45,TRADE
NSW1,2011/1/30 8:00,7693.01,23.84,TRADE
NSW1,2011/1/30 8:30,7941.58,24.05,TRADE
NSW1,2011/1/30 9:00,8234.42,25.28,TRADE
NSW1,2011/1/30 9:30,8478.28,25.65,TRADE
NSW1,2011/1/30 10:00,8661.71,25.33,TRADE
NSW1,2011/1/30 10:30,8781.5,27.14,TRADE
NSW1,2011/1/30 11:00,8887.32,28.54,TRADE
NSW1,2011/1/30 11:30,9033.63,29.15,TRADE
NSW1,2011/1/30 12:00,9154.25,28.94,TRADE
NSW1,2011/1/30 12:30,9311.38,29.72,TRADE
NSW1,2011/1/30 13:00,9428.2,31.17,TRADE
NSW1,2011/1/30 13:30,9623.46,31.94,TRADE
NSW1,2011/1/30 14:00,9869.11,35.95,TRADE
NSW1,2011/1/30 14:30,10088.08,48.74,TRADE
NSW1,2011/1/30 15:00,10230.81,50.24,TRADE
NSW1,2011/1/30 15:30,10368.95,66.69,TRADE
NSW1,2011/1/30 16:00,10578.6,89.13,TRADE
NSW1,2011/1/30 16:30,10596.52,88.26,TRADE
NSW1,2011/1/30 17:00,10673.74,89.14,TRADE
NSW1,2011/1/30 17:30,10772.16,90.27,TRADE
NSW1,2011/1/30 18:00,10675.14,89.51,TRADE
NSW1,2011/1/30 18:30,10550.92,70.53,TRADE
NSW1,2011/1/30 19:00,10277.69,49.4,TRADE
NSW1,2011/1/30 19:30,10268.87,68.35,TRADE
NSW1,2011/1/30 20:00,10299.29,59.19,TRADE
NSW1,2011/1/30 20:30,9928.42,37.55,TRADE
NSW1,2011/1/30 21:00,9632.53,34.51,TRADE
NSW1,2011/1/30 21:30,9348.42,32.05,TRADE
NSW1,2011/1/30 22:00,8993.86,29.24,TRADE
NSW1,2011/1/30 22:30,8690.44,35.83,TRADE
NSW1,2011/1/30 23:00,8316.75,30.66,TRADE
NSW1,2011/1/30 23:30,8045.3,28.73,TRADE
NSW1,2011/1/31 0:00,7826.17,26.05,TRADE
NSW1,2011/1/31 0:30,7618.24,25.26,TRADE
NSW1,2011/1/31 1:00,7426.29,22.74,TRADE
NSW1,2011/1/31 1:30,7196.79,21.59,TRADE
NSW1,2011/1/31 2:00,6982.01,20.41,TRADE
NSW1,2011/1/31 2:30,6872.54,20.12,TRADE
NSW1,2011/1/31 3:00,6803.21,16.12,TRADE
NSW1,2011/1/31 3:30,6796.82,19.95,TRADE
NSW1,2011/1/31 4:00,6898.11,19.83,TRADE
NSW1,2011/1/31 4:30,7049.58,19.35,TRADE
NSW1,2011/1/31 5:00,7412.6,21.71,TRADE
NSW1,2011/1/31 5:30,7964.53,23.93,TRADE
NSW1,2011/1/31 6:00,8542.81,28.91,TRADE
NSW1,2011/1/31 6:30,9087.11,38.64,TRADE
NSW1,2011/1/31 7:00,9628.55,43.28,TRADE
NSW1,2011/1/31 7:30,10044.87,32.68,TRADE
NSW1,2011/1/31 8:00,10428.99,40,TRADE
NSW1,2011/1/31 8:30,10825.63,55.84,TRADE
NSW1,2011/1/31 9:00,11172.3,62.19,TRADE
NSW1,2011/1/31 9:30,11452.51,97.53,TRADE
NSW1,2011/1/31 10:00,11756.78,112.26,TRADE
NSW1,2011/1/31 10:30,12028.06,126.09,TRADE
NSW1,2011/1/31 11:00,12327.21,150.63,TRADE
NSW1,2011/1/31 11:30,12586.66,170.18,TRADE
NSW1,2011/1/31 12:00,12815.65,246.36,TRADE
NSW1,2011/1/31 12:30,13075.18,295.24,TRADE
NSW1,2011/1/31 13:00,13243.46,295.28,TRADE
NSW1,2011/1/31 13:30,13377.58,295.28,TRADE
NSW1,2011/1/31 14:00,13536.45,292.46,TRADE
NSW1,2011/1/31 14:30,13613.36,292.52,TRADE
NSW1,2011/1/31 15:00,13712.78,267.96,TRADE
NSW1,2011/1/31 15:30,13774.69,2201.22,TRADE
NSW1,2011/1/31 16:00,13786.2,6019.97,TRADE
NSW1,2011/1/31 16:30,13717.44,4422.05,TRADE
NSW1,2011/1/31 17:00,13740.7,247.81,TRADE
NSW1,2011/1/31 17:30,13372.58,225.7,TRADE
NSW1,2011/1/31 18:00,13181.92,294.55,TRADE
NSW1,2011/1/31 18:30,12726.7,161.67,TRADE
NSW1,2011/1/31 19:00,12431.99,115.47,TRADE
NSW1,2011/1/31 19:30,12192.21,101.04,TRADE
NSW1,2011/1/31 20:00,12096.41,100.68,TRADE
NSW1,2011/1/31 20:30,11657.51,87.99,TRADE
NSW1,2011/1/31 21:00,11080.46,59.93,TRADE
NSW1,2011/1/31 21:30,10773.13,57.66,TRADE
NSW1,2011/1/31 22:00,10198.74,37.49,TRADE
NSW1,2011/1/31 22:30,9844.68,70.66,TRADE
NSW1,2011/1/31 23:00,9445.48,53.29,TRADE
NSW1,2011/1/31 23:30,9029.73,54.16,TRADE
NSW1,2011/2/1 0:00,8810.84,42.91,TRADE
?NSW1,2011/1/1 0:30,7844.62,25,TRADE
NSW1,2011/1/1 1:00,7545.29,24.43,TRADE
NSW1,2011/1/1 1:30,7206.58,25.02,TRADE
NSW1,2011/1/1 2:00,6824.75,22.82,TRADE
NSW1,2011/1/1 2:30,6568.15,21.19,TRADE
NSW1,2011/1/1 3:00,6435.1,22.28,TRADE
NSW1,2011/1/1 3:30,6288.31,19.64,TRADE
NSW1,2011/1/1 4:00,6227.71,19.83,TRADE
NSW1,2011/1/1 4:30,6229.65,19.8,TRADE
NSW1,2011/1/1 5:00,6149.11,18.85,TRADE
NSW1,2011/1/1 5:30,6161.9,19.49,TRADE
NSW1,2011/1/1 6:00,6228.32,18.68,TRADE
NSW1,2011/1/1 6:30,6397.96,20.03,TRADE
NSW1,2011/1/1 7:00,6658.93,21.92,TRADE
NSW1,2011/1/1 7:30,7065.25,21.48,TRADE
NSW1,2011/1/1 8:00,7418.77,20.88,TRADE
NSW1,2011/1/1 8:30,7790.48,24.87,TRADE
NSW1,2011/1/1 9:00,8072.07,25.24,TRADE
NSW1,2011/1/1 9:30,8459.32,25.31,TRADE
NSW1,2011/1/1 10:00,8726.87,25.32,TRADE
NSW1,2011/1/1 10:30,9027.54,25.31,TRADE
NSW1,2011/1/1 11:00,9280.72,25.54,TRADE
NSW1,2011/1/1 11:30,9434.15,27.86,TRADE
NSW1,2011/1/1 12:00,9560.59,24.49,TRADE
NSW1,2011/1/1 12:30,9710.49,25.31,TRADE
NSW1,2011/1/1 13:00,9793.79,25.26,TRADE
NSW1,2011/1/1 13:30,9870.56,25.31,TRADE
NSW1,2011/1/1 14:00,9934.23,25.31,TRADE
NSW1,2011/1/1 14:30,10032.39,26.35,TRADE
NSW1,2011/1/1 15:00,10099.57,27.52,TRADE
NSW1,2011/1/1 15:30,10150.9,28.89,TRADE
NSW1,2011/1/1 16:00,10203.4,29.66,TRADE
NSW1,2011/1/1 16:30,10178.79,30.51,TRADE
NSW1,2011/1/1 17:00,10148.61,32.48,TRADE
NSW1,2011/1/1 17:30,10044.81,26.29,TRADE
NSW1,2011/1/1 18:00,9872.53,31.84,TRADE
NSW1,2011/1/1 18:30,9634.45,27.83,TRADE
NSW1,2011/1/1 19:00,9430.4,26.42,TRADE
NSW1,2011/1/1 19:30,9289.07,26.45,TRADE
NSW1,2011/1/1 20:00,9308.65,31.22,TRADE
NSW1,2011/1/1 20:30,9161.67,29.15,TRADE
NSW1,2011/1/1 21:00,8901.69,27.55,TRADE
NSW1,2011/1/1 21:30,8774.66,25.71,TRADE
NSW1,2011/1/1 22:00,8505.94,25.06,TRADE
NSW1,2011/1/1 22:30,8293.96,28.16,TRADE
NSW1,2011/1/1 23:00,7939.15,25.28,TRADE
NSW1,2011/1/1 23:30,7577.36,25.24,TRADE
NSW1,2011/1/2 0:00,7359.74,24.03,TRADE
NSW1,2011/1/2 0:30,7173.35,22.28,TRADE
NSW1,2011/1/2 1:00,6982.31,21.24,TRADE
NSW1,2011/1/2 1:30,6713.56,20.09,TRADE
NSW1,2011/1/2 2:00,6494.65,19.76,TRADE
NSW1,2011/1/2 2:30,6373.95,20.04,TRADE
NSW1,2011/1/2 3:00,6317.53,20.09,TRADE
NSW1,2011/1/2 3:30,6253.98,18.99,TRADE
NSW1,2011/1/2 4:00,6235.21,19.19,TRADE
NSW1,2011/1/2 4:30,6263.07,19.83,TRADE
NSW1,2011/1/2 5:00,6269.48,18.47,TRADE
NSW1,2011/1/2 5:30,6273.01,16.86,TRADE
NSW1,2011/1/2 6:00,6383.85,17.71,TRADE
NSW1,2011/1/2 6:30,6590.29,20.11,TRADE
NSW1,2011/1/2 7:00,6888.33,21.75,TRADE
NSW1,2011/1/2 7:30,7257.76,21.85,TRADE
NSW1,2011/1/2 8:00,7578.04,23.85,TRADE
NSW1,2011/1/2 8:30,7973.21,25.31,TRADE
NSW1,2011/1/2 9:00,8300.82,25.31,TRADE
NSW1,2011/1/2 9:30,8562.46,25.49,TRADE
NSW1,2011/1/2 10:00,8752.92,26.09,TRADE
NSW1,2011/1/2 10:30,8820.22,26.69,TRADE
NSW1,2011/1/2 11:00,8951.82,28.19,TRADE
NSW1,2011/1/2 11:30,9037.71,28.29,TRADE
NSW1,2011/1/2 12:00,9122.64,28.79,TRADE
NSW1,2011/1/2 12:30,9194.33,27.88,TRADE
NSW1,2011/1/2 13:00,9262.8,29.22,TRADE
NSW1,2011/1/2 13:30,9290.25,29.83,TRADE
NSW1,2011/1/2 14:00,9333.58,30.68,TRADE
NSW1,2011/1/2 14:30,9333.43,30.58,TRADE
NSW1,2011/1/2 15:00,9319.81,30.87,TRADE
NSW1,2011/1/2 15:30,9145.23,29.4,TRADE
NSW1,2011/1/2 16:00,8926.01,26.53,TRADE
NSW1,2011/1/2 16:30,8621.39,25.31,TRADE
NSW1,2011/1/2 17:00,8592.51,25.55,TRADE
NSW1,2011/1/2 17:30,8560.48,25.4,TRADE
NSW1,2011/1/2 18:00,8487.25,26.06,TRADE
NSW1,2011/1/2 18:30,8391.56,25.84,TRADE
NSW1,2011/1/2 19:00,8240.25,25.31,TRADE
NSW1,2011/1/2 19:30,8174.44,25.31,TRADE
NSW1,2011/1/2 20:00,8171.09,25.34,TRADE
NSW1,2011/1/2 20:30,8036.67,25.31,TRADE
NSW1,2011/1/2 21:00,7803.17,25.33,TRADE
NSW1,2011/1/2 21:30,7771.93,25.31,TRADE
NSW1,2011/1/2 22:00,7644.18,25.26,TRADE
NSW1,2011/1/2 22:30,7561.02,26.18,TRADE
NSW1,2011/1/2 23:00,7322.45,23.68,TRADE
NSW1,2011/1/2 23:30,7102.34,23.78,TRADE
NSW1,2011/1/3 0:00,6926.34,21.66,TRADE
NSW1,2011/1/3 0:30,6766.68,20.98,TRADE
NSW1,2011/1/3 1:00,6593.39,19.68,TRADE
NSW1,2011/1/3 1:30,6335.19,20.47,TRADE
NSW1,2011/1/3 2:00,6179.02,19.39,TRADE
NSW1,2011/1/3 2:30,6088.13,19.96,TRADE
NSW1,2011/1/3 3:00,5981.62,19.04,TRADE
NSW1,2011/1/3 3:30,5946.86,18.87,TRADE
NSW1,2011/1/3 4:00,5967.27,19.23,TRADE
NSW1,2011/1/3 4:30,6055.66,19.17,TRADE
NSW1,2011/1/3 5:00,6095.49,18.76,TRADE
NSW1,2011/1/3 5:30,6233.94,19.44,TRADE
NSW1,2011/1/3 6:00,6360.62,19.83,TRADE
NSW1,2011/1/3 6:30,6538.62,19.87,TRADE
NSW1,2011/1/3 7:00,6770.83,20.13,TRADE
NSW1,2011/1/3 7:30,7037.7,20.35,TRADE
NSW1,2011/1/3 8:00,7330.88,22.63,TRADE
NSW1,2011/1/3 8:30,7616.74,24.94,TRADE
NSW1,2011/1/3 9:00,7858.26,25.31,TRADE
NSW1,2011/1/3 9:30,8058.66,25.31,TRADE
NSW1,2011/1/3 10:00,8142.31,25.31,TRADE
NSW1,2011/1/3 10:30,8131.72,25.31,TRADE
NSW1,2011/1/3 11:00,8138.32,25.31,TRADE
NSW1,2011/1/3 11:30,8158.42,25.31,TRADE
NSW1,2011/1/3 12:00,8158.55,25.31,TRADE
NSW1,2011/1/3 12:30,8165.2,25.31,TRADE
NSW1,2011/1/3 13:00,8120.8,25.62,TRADE
NSW1,2011/1/3 13:30,8097.51,26.05,TRADE
NSW1,2011/1/3 14:00,8121.71,25.68,TRADE
NSW1,2011/1/3 14:30,7938.65,25.26,TRADE
NSW1,2011/1/3 15:00,7926.29,25.31,TRADE
NSW1,2011/1/3 15:30,8022.17,25.31,TRADE
NSW1,2011/1/3 16:00,8075.77,25.59,TRADE
NSW1,2011/1/3 16:30,8169.41,26.08,TRADE
NSW1,2011/1/3 17:00,8270.9,27.88,TRADE
NSW1,2011/1/3 17:30,8211.88,25.98,TRADE
NSW1,2011/1/3 18:00,8122.2,25.31,TRADE
NSW1,2011/1/3 18:30,7947.68,25.31,TRADE
NSW1,2011/1/3 19:00,7848.01,25.2,TRADE
NSW1,2011/1/3 19:30,7850.59,25.31,TRADE
NSW1,2011/1/3 20:00,7896.55,25.64,TRADE
NSW1,2011/1/3 20:30,7755.64,25.17,TRADE
NSW1,2011/1/3 21:00,7547.97,25.28,TRADE
NSW1,2011/1/3 21:30,7583.83,25.31,TRADE
NSW1,2011/1/3 22:00,7519.72,22.84,TRADE
NSW1,2011/1/3 22:30,7504.88,23.67,TRADE
NSW1,2011/1/3 23:00,7358.4,22.92,TRADE
NSW1,2011/1/3 23:30,7231.94,24.3,TRADE
NSW1,2011/1/4 0:00,7125.42,22.74,TRADE
NSW1,2011/1/4 0:30,6940.37,21.77,TRADE
NSW1,2011/1/4 1:00,6766.64,20.63,TRADE
NSW1,2011/1/4 1:30,6509.08,22.15,TRADE
NSW1,2011/1/4 2:00,6260.85,20.59,TRADE
NSW1,2011/1/4 2:30,6132.25,20.25,TRADE
NSW1,2011/1/4 3:00,6050.45,19.43,TRADE
NSW1,2011/1/4 3:30,6049.57,19.8,TRADE
NSW1,2011/1/4 4:00,6076.51,19.83,TRADE
NSW1,2011/1/4 4:30,6256.39,19.97,TRADE
NSW1,2011/1/4 5:00,6444.11,21.52,TRADE
NSW1,2011/1/4 5:30,6744.01,20.9,TRADE
NSW1,2011/1/4 6:00,7074.78,22.74,TRADE
NSW1,2011/1/4 6:30,7447.8,24.41,TRADE
NSW1,2011/1/4 7:00,7855.96,25.38,TRADE
NSW1,2011/1/4 7:30,8111.36,25.24,TRADE
NSW1,2011/1/4 8:00,8400.25,26.06,TRADE
NSW1,2011/1/4 8:30,8710.13,29.47,TRADE
NSW1,2011/1/4 9:00,8877.45,31.3,TRADE
NSW1,2011/1/4 9:30,8987.96,31.35,TRADE
NSW1,2011/1/4 10:00,9026.94,32.4,TRADE
NSW1,2011/1/4 10:30,9045.33,32.57,TRADE
NSW1,2011/1/4 11:00,9090.95,34.4,TRADE
NSW1,2011/1/4 11:30,9088,37.4,TRADE
NSW1,2011/1/4 12:00,9024.69,37.25,TRADE
NSW1,2011/1/4 12:30,9046.14,32.74,TRADE
NSW1,2011/1/4 13:00,9035.28,31.43,TRADE
NSW1,2011/1/4 13:30,8994.53,29.31,TRADE
NSW1,2011/1/4 14:00,8959.6,31.94,TRADE
NSW1,2011/1/4 14:30,8957.96,32.42,TRADE
NSW1,2011/1/4 15:00,8944.3,32.25,TRADE
NSW1,2011/1/4 15:30,8986.38,32.72,TRADE
NSW1,2011/1/4 16:00,9002.44,33.12,TRADE
NSW1,2011/1/4 16:30,8997.68,31.58,TRADE
NSW1,2011/1/4 17:00,8965.36,31.49,TRADE
NSW1,2011/1/4 17:30,8740.28,31.93,TRADE
NSW1,2011/1/4 18:00,8660.46,30.47,TRADE
NSW1,2011/1/4 18:30,8478.89,25.65,TRADE
NSW1,2011/1/4 19:00,8280.21,24.97,TRADE
NSW1,2011/1/4 19:30,8065.42,25.47,TRADE
NSW1,2011/1/4 20:00,8200.02,28.91,TRADE
NSW1,2011/1/4 20:30,8268.51,28.73,TRADE
NSW1,2011/1/4 21:00,8015.11,25.05,TRADE
NSW1,2011/1/4 21:30,8060.82,24.94,TRADE
NSW1,2011/1/4 22:00,7881.42,21.78,TRADE
NSW1,2011/1/4 22:30,7899.3,23.85,TRADE
NSW1,2011/1/4 23:00,7844.89,24.22,TRADE
NSW1,2011/1/4 23:30,7635.05,25.12,TRADE
NSW1,2011/1/5 0:00,7549.45,25.74,TRADE
NSW1,2011/1/5 0:30,7364.41,24.28,TRADE
NSW1,2011/1/5 1:00,7161.12,21.99,TRADE
NSW1,2011/1/5 1:30,6818,21.35,TRADE
NSW1,2011/1/5 2:00,6546.25,17.61,TRADE
NSW1,2011/1/5 2:30,6355.81,18.93,TRADE
NSW1,2011/1/5 3:00,6268.3,20.3,TRADE
NSW1,2011/1/5 3:30,6227.91,19.96,TRADE
NSW1,2011/1/5 4:00,6278.44,19.79,TRADE
NSW1,2011/1/5 4:30,6434.57,19.54,TRADE
NSW1,2011/1/5 5:00,6531.02,20.03,TRADE
NSW1,2011/1/5 5:30,6857.26,20.99,TRADE
NSW1,2011/1/5 6:00,7242.43,24.07,TRADE
NSW1,2011/1/5 6:30,7595.25,25.2,TRADE
NSW1,2011/1/5 7:00,8003.86,25.31,TRADE
NSW1,2011/1/5 7:30,8271.57,25.17,TRADE
NSW1,2011/1/5 8:00,8533,25.9,TRADE
NSW1,2011/1/5 8:30,8797.35,29.04,TRADE
NSW1,2011/1/5 9:00,9008.13,30.42,TRADE
NSW1,2011/1/5 9:30,9102.98,30.17,TRADE
NSW1,2011/1/5 10:00,9096.46,29.24,TRADE
NSW1,2011/1/5 10:30,9120.61,30.2,TRADE
NSW1,2011/1/5 11:00,9195.38,31.49,TRADE
NSW1,2011/1/5 11:30,9214.39,31.81,TRADE
NSW1,2011/1/5 12:00,9206.08,30.94,TRADE
NSW1,2011/1/5 12:30,9229.04,29.52,TRADE
NSW1,2011/1/5 13:00,9235.19,29.14,TRADE
NSW1,2011/1/5 13:30,9270.47,29.6,TRADE
NSW1,2011/1/5 14:00,9292.19,29.92,TRADE
NSW1,2011/1/5 14:30,9307.06,29.81,TRADE
NSW1,2011/1/5 15:00,9216.18,28.88,TRADE
NSW1,2011/1/5 15:30,9129.23,28.11,TRADE
NSW1,2011/1/5 16:00,9124.08,28.59,TRADE
NSW1,2011/1/5 16:30,9056.88,28.76,TRADE
NSW1,2011/1/5 17:00,8935.29,27.75,TRADE
NSW1,2011/1/5 17:30,8708.84,25.55,TRADE
NSW1,2011/1/5 18:00,8626.85,25.31,TRADE
NSW1,2011/1/5 18:30,8415.06,25.1,TRADE
NSW1,2011/1/5 19:00,8291.85,25.31,TRADE
NSW1,2011/1/5 19:30,8299.81,25.31,TRADE
NSW1,2011/1/5 20:00,8275.06,25.31,TRADE
NSW1,2011/1/5 20:30,8128.4,25.23,TRADE
NSW1,2011/1/5 21:00,7934.06,24.28,TRADE
NSW1,2011/1/5 21:30,7995.68,24.21,TRADE
NSW1,2011/1/5 22:00,7888.17,21.8,TRADE
NSW1,2011/1/5 22:30,7868.34,24.62,TRADE
NSW1,2011/1/5 23:00,7741.98,25.01,TRADE
NSW1,2011/1/5 23:30,7533.61,25.24,TRADE
NSW1,2011/1/6 0:00,7403.19,24.91,TRADE
NSW1,2011/1/6 0:30,7213.77,23.85,TRADE
NSW1,2011/1/6 1:00,7009.4,21.52,TRADE
NSW1,2011/1/6 1:30,6738.78,21.25,TRADE
NSW1,2011/1/6 2:00,6484.92,19.58,TRADE
NSW1,2011/1/6 2:30,6327.98,19.31,TRADE
NSW1,2011/1/6 3:00,6231.62,19.64,TRADE
NSW1,2011/1/6 3:30,6236.99,19.91,TRADE
NSW1,2011/1/6 4:00,6257.38,19.79,TRADE
NSW1,2011/1/6 4:30,6372.43,20.02,TRADE
NSW1,2011/1/6 5:00,6528.28,19.93,TRADE
NSW1,2011/1/6 5:30,6839.82,19.99,TRADE
NSW1,2011/1/6 6:00,7196.02,23.63,TRADE
NSW1,2011/1/6 6:30,7599.13,25.31,TRADE
NSW1,2011/1/6 7:00,8024.8,25.82,TRADE
NSW1,2011/1/6 7:30,8340.74,25.32,TRADE
NSW1,2011/1/6 8:00,8661.29,28.12,TRADE
NSW1,2011/1/6 8:30,8990.19,29.66,TRADE
NSW1,2011/1/6 9:00,9150.85,30.01,TRADE
NSW1,2011/1/6 9:30,9264.56,30.9,TRADE
NSW1,2011/1/6 10:00,9288.87,30.4,TRADE
NSW1,2011/1/6 10:30,9307.35,31.59,TRADE
NSW1,2011/1/6 11:00,9323.15,33.42,TRADE
NSW1,2011/1/6 11:30,9298.06,33.46,TRADE
NSW1,2011/1/6 12:00,9288.16,33.83,TRADE
NSW1,2011/1/6 12:30,9309.24,38.4,TRADE
NSW1,2011/1/6 13:00,9311.65,35.29,TRADE
NSW1,2011/1/6 13:30,9300.71,30.19,TRADE
NSW1,2011/1/6 14:00,9313.68,30.38,TRADE
NSW1,2011/1/6 14:30,9360.93,31.78,TRADE
NSW1,2011/1/6 15:00,9355.32,30.13,TRADE
NSW1,2011/1/6 15:30,9402.51,38.98,TRADE
NSW1,2011/1/6 16:00,9437.19,46.8,TRADE
NSW1,2011/1/6 16:30,9401.53,42.35,TRADE
NSW1,2011/1/6 17:00,9395.83,36.9,TRADE
NSW1,2011/1/6 17:30,9209.59,34.82,TRADE
NSW1,2011/1/6 18:00,9105.4,33.05,TRADE
NSW1,2011/1/6 18:30,8900.18,31,TRADE
NSW1,2011/1/6 19:00,8778.21,33.3,TRADE
NSW1,2011/1/6 19:30,8793.44,33.91,TRADE
NSW1,2011/1/6 20:00,8863.66,37.01,TRADE
NSW1,2011/1/6 20:30,8637.87,35.61,TRADE
NSW1,2011/1/6 21:00,8357.25,28.1,TRADE
NSW1,2011/1/6 21:30,8427.93,27.74,TRADE
NSW1,2011/1/6 22:00,8249.34,26.45,TRADE
NSW1,2011/1/6 22:30,8221.53,35.28,TRADE
NSW1,2011/1/6 23:00,8068.31,30.95,TRADE
NSW1,2011/1/6 23:30,7879.39,27.78,TRADE
NSW1,2011/1/7 0:00,7723.79,26.01,TRADE
NSW1,2011/1/7 0:30,7508.01,24.36,TRADE
NSW1,2011/1/7 1:00,7281.87,23.21,TRADE
NSW1,2011/1/7 1:30,6937.35,21.47,TRADE
NSW1,2011/1/7 2:00,6640.87,19.06,TRADE
NSW1,2011/1/7 2:30,6491.84,18.44,TRADE
NSW1,2011/1/7 3:00,6412.99,17.62,TRADE
NSW1,2011/1/7 3:30,6374.52,18.34,TRADE
NSW1,2011/1/7 4:00,6393.12,19.71,TRADE
NSW1,2011/1/7 4:30,6506.16,19.97,TRADE
NSW1,2011/1/7 5:00,6713.55,20.73,TRADE
NSW1,2011/1/7 5:30,7011.94,21.4,TRADE
NSW1,2011/1/7 6:00,7407.72,24.59,TRADE
NSW1,2011/1/7 6:30,7798.59,26.41,TRADE
NSW1,2011/1/7 7:00,8241.44,27.36,TRADE
NSW1,2011/1/7 7:30,8623.12,25.79,TRADE
NSW1,2011/1/7 8:00,8865.49,29.23,TRADE
NSW1,2011/1/7 8:30,9161.67,32.51,TRADE
NSW1,2011/1/7 9:00,9333.54,39.45,TRADE
NSW1,2011/1/7 9:30,9431.91,40.59,TRADE
NSW1,2011/1/7 10:00,9526.94,39.7,TRADE
NSW1,2011/1/7 10:30,9547.81,34.35,TRADE
NSW1,2011/1/7 11:00,9640.14,36.05,TRADE
NSW1,2011/1/7 11:30,9688.73,38.95,TRADE
NSW1,2011/1/7 12:00,9641.51,38.99,TRADE
NSW1,2011/1/7 12:30,9645.03,42.58,TRADE
NSW1,2011/1/7 13:00,9629.78,42.81,TRADE
NSW1,2011/1/7 13:30,9682.49,45.69,TRADE
NSW1,2011/1/7 14:00,9676.59,49.87,TRADE
NSW1,2011/1/7 14:30,9696.2,35.1,TRADE
NSW1,2011/1/7 15:00,9727.93,46.16,TRADE
NSW1,2011/1/7 15:30,9724.47,45.27,TRADE
NSW1,2011/1/7 16:00,9702.31,43.76,TRADE
NSW1,2011/1/7 16:30,9598.8,37.64,TRADE
NSW1,2011/1/7 17:00,9382.25,37.05,TRADE
NSW1,2011/1/7 17:30,9049,29.32,TRADE
NSW1,2011/1/7 18:00,8936.77,30.6,TRADE
NSW1,2011/1/7 18:30,8846.2,33.25,TRADE
NSW1,2011/1/7 19:00,8687.87,30.76,TRADE
NSW1,2011/1/7 19:30,8728.45,29.87,TRADE
NSW1,2011/1/7 20:00,8739.48,31.63,TRADE
NSW1,2011/1/7 20:30,8601.12,31.44,TRADE
NSW1,2011/1/7 21:00,8421.22,30.19,TRADE
NSW1,2011/1/7 21:30,8499.91,29.32,TRADE
NSW1,2011/1/7 22:00,8385.93,27.88,TRADE
NSW1,2011/1/7 22:30,8343.66,30.88,TRADE
NSW1,2011/1/7 23:00,8225.95,28.66,TRADE
NSW1,2011/1/7 23:30,7976.07,28.87,TRADE
NSW1,2011/1/8 0:00,7849.66,27.28,TRADE
NSW1,2011/1/8 0:30,7582.41,25.29,TRADE
NSW1,2011/1/8 1:00,7345.14,24.78,TRADE
NSW1,2011/1/8 1:30,7000.48,24.51,TRADE
NSW1,2011/1/8 2:00,6700.55,23.72,TRADE
NSW1,2011/1/8 2:30,6535.41,22.38,TRADE
NSW1,2011/1/8 3:00,6431.64,21.34,TRADE
NSW1,2011/1/8 3:30,6386.17,22.48,TRADE
NSW1,2011/1/8 4:00,6349.49,22.57,TRADE
NSW1,2011/1/8 4:30,6404.04,21.83,TRADE
NSW1,2011/1/8 5:00,6431,22.24,TRADE
NSW1,2011/1/8 5:30,6517.4,22.89,TRADE
NSW1,2011/1/8 6:00,6743.41,24.54,TRADE
NSW1,2011/1/8 6:30,7064.37,26.03,TRADE
NSW1,2011/1/8 7:00,7495.37,27.52,TRADE
NSW1,2011/1/8 7:30,7914.32,26.91,TRADE
NSW1,2011/1/8 8:00,8281.9,26.74,TRADE
NSW1,2011/1/8 8:30,8640.06,30.99,TRADE
NSW1,2011/1/8 9:00,8777.4,31.1,TRADE
NSW1,2011/1/8 9:30,8886.89,34.97,TRADE
NSW1,2011/1/8 10:00,8917.89,39.08,TRADE
NSW1,2011/1/8 10:30,8931.93,50.63,TRADE
NSW1,2011/1/8 11:00,8948.42,40.24,TRADE
NSW1,2011/1/8 11:30,8948.19,38.78,TRADE
NSW1,2011/1/8 12:00,8953.93,38,TRADE
NSW1,2011/1/8 12:30,8892.91,35.8,TRADE
NSW1,2011/1/8 13:00,8974.18,37.48,TRADE
NSW1,2011/1/8 13:30,9077.11,37.24,TRADE
NSW1,2011/1/8 14:00,9042.61,37.54,TRADE
NSW1,2011/1/8 14:30,9120.04,36.99,TRADE
NSW1,2011/1/8 15:00,9224.3,36.96,TRADE
NSW1,2011/1/8 15:30,9208.15,34.78,TRADE
NSW1,2011/1/8 16:00,9218.04,33.01,TRADE
NSW1,2011/1/8 16:30,9129.05,33.01,TRADE
NSW1,2011/1/8 17:00,9145.01,33.58,TRADE
NSW1,2011/1/8 17:30,9030.38,30.08,TRADE
NSW1,2011/1/8 18:00,8939.46,27.18,TRADE
NSW1,2011/1/8 18:30,8741.03,26.42,TRADE
NSW1,2011/1/8 19:00,8676.22,28.36,TRADE
NSW1,2011/1/8 19:30,8683.12,28.64,TRADE
NSW1,2011/1/8 20:00,8749.64,30.02,TRADE
NSW1,2011/1/8 20:30,8652.17,27.96,TRADE
NSW1,2011/1/8 21:00,8521.69,25.83,TRADE
NSW1,2011/1/8 21:30,8464.86,26.41,TRADE
NSW1,2011/1/8 22:00,8389.06,26.34,TRADE
NSW1,2011/1/8 22:30,8223.25,26.17,TRADE
NSW1,2011/1/8 23:00,7983.92,25.2,TRADE
NSW1,2011/1/8 23:30,7698.09,25.25,TRADE
NSW1,2011/1/9 0:00,7513.65,25.19,TRADE
NSW1,2011/1/9 0:30,7286.58,24.55,TRADE
NSW1,2011/1/9 1:00,7011.89,22.76,TRADE
NSW1,2011/1/9 1:30,6731.3,22.18,TRADE
NSW1,2011/1/9 2:00,6569.59,21.67,TRADE
NSW1,2011/1/9 2:30,6405.35,19.71,TRADE
NSW1,2011/1/9 3:00,6344.25,20.03,TRADE
NSW1,2011/1/9 3:30,6310.84,20.43,TRADE
NSW1,2011/1/9 4:00,6310.45,20.57,TRADE
NSW1,2011/1/9 4:30,6324.71,19.66,TRADE
NSW1,2011/1/9 5:00,6343.12,19.51,TRADE
NSW1,2011/1/9 5:30,6387.47,19.56,TRADE
NSW1,2011/1/9 6:00,6497.97,19.78,TRADE
NSW1,2011/1/9 6:30,6737.42,22.08,TRADE
NSW1,2011/1/9 7:00,7053.11,24.87,TRADE
NSW1,2011/1/9 7:30,7401.17,25.2,TRADE
NSW1,2011/1/9 8:00,7816.35,25.31,TRADE
NSW1,2011/1/9 8:30,8140.69,25.56,TRADE
NSW1,2011/1/9 9:00,8383.28,25.92,TRADE
NSW1,2011/1/9 9:30,8602.11,27.72,TRADE
NSW1,2011/1/9 10:00,8651.45,29.13,TRADE
NSW1,2011/1/9 10:30,8715.23,32.12,TRADE
NSW1,2011/1/9 11:00,8838.27,40.46,TRADE
NSW1,2011/1/9 11:30,8881.94,33.67,TRADE
NSW1,2011/1/9 12:00,8809.44,33.82,TRADE
NSW1,2011/1/9 12:30,8850.6,39.19,TRADE
NSW1,2011/1/9 13:00,8889.22,34.29,TRADE
NSW1,2011/1/9 13:30,8884.94,31.23,TRADE
NSW1,2011/1/9 14:00,8883.72,32.97,TRADE
NSW1,2011/1/9 14:30,8926.55,35.27,TRADE
NSW1,2011/1/9 15:00,8942.15,38.4,TRADE
NSW1,2011/1/9 15:30,8948.38,39.41,TRADE
NSW1,2011/1/9 16:00,8957.12,35.39,TRADE
NSW1,2011/1/9 16:30,8865.93,29.61,TRADE
NSW1,2011/1/9 17:00,8961.12,30.2,TRADE
NSW1,2011/1/9 17:30,8912.41,30.31,TRADE
NSW1,2011/1/9 18:00,8897.71,31.56,TRADE
NSW1,2011/1/9 18:30,8771.79,29.35,TRADE
NSW1,2011/1/9 19:00,8665.18,28.96,TRADE
NSW1,2011/1/9 19:30,8734.67,32.72,TRADE
NSW1,2011/1/9 20:00,8808.2,34.7,TRADE
NSW1,2011/1/9 20:30,8667.66,30.47,TRADE
NSW1,2011/1/9 21:00,8484.98,28.12,TRADE
NSW1,2011/1/9 21:30,8315.38,26.76,TRADE
NSW1,2011/1/9 22:00,8074.17,24.96,TRADE
NSW1,2011/1/9 22:30,7881.53,24.84,TRADE
NSW1,2011/1/9 23:00,7578.76,25.29,TRADE
NSW1,2011/1/9 23:30,7348.31,25.29,TRADE
NSW1,2011/1/10 0:00,7195.52,24.79,TRADE
NSW1,2011/1/10 0:30,7043.51,23.58,TRADE
NSW1,2011/1/10 1:00,6828.86,21.85,TRADE
NSW1,2011/1/10 1:30,6604.38,21.71,TRADE
NSW1,2011/1/10 2:00,6417.39,20.42,TRADE
NSW1,2011/1/10 2:30,6343.17,19.83,TRADE
NSW1,2011/1/10 3:00,6325.48,20.54,TRADE
NSW1,2011/1/10 3:30,6350.58,22.36,TRADE
NSW1,2011/1/10 4:00,6437.52,23.34,TRADE
NSW1,2011/1/10 4:30,6649.17,24.43,TRADE
NSW1,2011/1/10 5:00,6875.36,25.33,TRADE
NSW1,2011/1/10 5:30,7355.16,25.52,TRADE
NSW1,2011/1/10 6:00,7838.76,25.93,TRADE
NSW1,2011/1/10 6:30,8331.05,34.41,TRADE
NSW1,2011/1/10 7:00,8796.81,56.1,TRADE
NSW1,2011/1/10 7:30,9136.37,36.87,TRADE
NSW1,2011/1/10 8:00,9456.38,49.8,TRADE
NSW1,2011/1/10 8:30,9793.76,56.06,TRADE
NSW1,2011/1/10 9:00,9994.21,44.51,TRADE
NSW1,2011/1/10 9:30,10154.51,60.12,TRADE
NSW1,2011/1/10 10:00,10226.73,67.34,TRADE
NSW1,2011/1/10 10:30,10313.72,82.98,TRADE
NSW1,2011/1/10 11:00,10300.18,58.28,TRADE
NSW1,2011/1/10 11:30,10326.02,77.67,TRADE
NSW1,2011/1/10 12:00,10159.12,59.83,TRADE
NSW1,2011/1/10 12:30,10177.03,63.34,TRADE
NSW1,2011/1/10 13:00,10225.71,55.86,TRADE
NSW1,2011/1/10 13:30,10188.9,52.39,TRADE
NSW1,2011/1/10 14:00,10130.58,53.13,TRADE
NSW1,2011/1/10 14:30,10070.7,65.99,TRADE
NSW1,2011/1/10 15:00,10074.18,64.81,TRADE
NSW1,2011/1/10 15:30,10050.96,74.55,TRADE
NSW1,2011/1/10 16:00,10036.15,72.85,TRADE
NSW1,2011/1/10 16:30,10013.82,70.53,TRADE
NSW1,2011/1/10 17:00,9819.23,59.42,TRADE
NSW1,2011/1/10 17:30,9596.47,71.2,TRADE
NSW1,2011/1/10 18:00,9406.3,65.72,TRADE
NSW1,2011/1/10 18:30,9224.78,39.37,TRADE
NSW1,2011/1/10 19:00,9045.42,45.46,TRADE
NSW1,2011/1/10 19:30,9075.8,61.59,TRADE
NSW1,2011/1/10 20:00,9054.75,46.25,TRADE
NSW1,2011/1/10 20:30,8894.35,41.47,TRADE
NSW1,2011/1/10 21:00,8623.27,34.85,TRADE
NSW1,2011/1/10 21:30,8662.98,34.7,TRADE
NSW1,2011/1/10 22:00,8476.38,29.24,TRADE
NSW1,2011/1/10 22:30,8358.72,34.18,TRADE
NSW1,2011/1/10 23:00,8224.51,38.63,TRADE
NSW1,2011/1/10 23:30,7967.71,30.69,TRADE
NSW1,2011/1/11 0:00,7846.64,30.18,TRADE
NSW1,2011/1/11 0:30,7613.42,26.31,TRADE
NSW1,2011/1/11 1:00,7444.21,24.88,TRADE
NSW1,2011/1/11 1:30,7138.89,25.05,TRADE
NSW1,2011/1/11 2:00,6872.38,24.54,TRADE
NSW1,2011/1/11 2:30,6662.27,24.02,TRADE
NSW1,2011/1/11 3:00,6540.89,24.89,TRADE
NSW1,2011/1/11 3:30,6552.57,24.81,TRADE
NSW1,2011/1/11 4:00,6614.78,25.31,TRADE
NSW1,2011/1/11 4:30,6856.03,25.34,TRADE
NSW1,2011/1/11 5:00,7098.11,25.36,TRADE
NSW1,2011/1/11 5:30,7568.54,27.19,TRADE
NSW1,2011/1/11 6:00,8008.75,32,TRADE
NSW1,2011/1/11 6:30,8433.6,42.85,TRADE
NSW1,2011/1/11 7:00,8912.68,59.31,TRADE
NSW1,2011/1/11 7:30,9307.43,33.99,TRADE
NSW1,2011/1/11 8:00,9558.83,37.74,TRADE
NSW1,2011/1/11 8:30,9841.29,77.54,TRADE
NSW1,2011/1/11 9:00,9948.96,81.34,TRADE
NSW1,2011/1/11 9:30,10041.39,74.89,TRADE
NSW1,2011/1/11 10:00,10139.4,71.87,TRADE
NSW1,2011/1/11 10:30,10176.59,65.65,TRADE
NSW1,2011/1/11 11:00,10142.13,53.67,TRADE
NSW1,2011/1/11 11:30,10163.16,43.6,TRADE
NSW1,2011/1/11 12:00,10083.67,47.26,TRADE
NSW1,2011/1/11 12:30,10079.86,39.56,TRADE
NSW1,2011/1/11 13:00,10011.23,36.2,TRADE
NSW1,2011/1/11 13:30,10012.64,55.03,TRADE
NSW1,2011/1/11 14:00,9999.4,41.94,TRADE
NSW1,2011/1/11 14:30,9929.58,40.33,TRADE
NSW1,2011/1/11 15:00,9920.99,38.97,TRADE
NSW1,2011/1/11 15:30,9813.84,38.11,TRADE
NSW1,2011/1/11 16:00,9750.05,37.21,TRADE
NSW1,2011/1/11 16:30,9702.81,31.72,TRADE
NSW1,2011/1/11 17:00,9628.3,39.48,TRADE
NSW1,2011/1/11 17:30,9362.75,32.68,TRADE
NSW1,2011/1/11 18:00,9252.13,28.88,TRADE
NSW1,2011/1/11 18:30,9114.09,29.32,TRADE
NSW1,2011/1/11 19:00,9060.22,29.8,TRADE
NSW1,2011/1/11 19:30,9078.37,31.27,TRADE
NSW1,2011/1/11 20:00,9069.65,31.75,TRADE
NSW1,2011/1/11 20:30,8874.17,31.42,TRADE
NSW1,2011/1/11 21:00,8631.93,28.26,TRADE
NSW1,2011/1/11 21:30,8646.81,26.75,TRADE
NSW1,2011/1/11 22:00,8476.27,24.45,TRADE
NSW1,2011/1/11 22:30,8423.19,27.52,TRADE
NSW1,2011/1/11 23:00,8225.35,26.47,TRADE
NSW1,2011/1/11 23:30,8029.9,29.03,TRADE
NSW1,2011/1/12 0:00,7851.76,27.12,TRADE
NSW1,2011/1/12 0:30,7661.7,25.56,TRADE
NSW1,2011/1/12 1:00,7423.18,25.37,TRADE
NSW1,2011/1/12 1:30,7083.5,24.92,TRADE
NSW1,2011/1/12 2:00,6811.03,23.73,TRADE
NSW1,2011/1/12 2:30,6634.72,23.37,TRADE
NSW1,2011/1/12 3:00,6551.07,24.47,TRADE
NSW1,2011/1/12 3:30,6570.04,25.18,TRADE
NSW1,2011/1/12 4:00,6655.63,25.39,TRADE
NSW1,2011/1/12 4:30,6840.17,25.31,TRADE
NSW1,2011/1/12 5:00,7055.91,25.31,TRADE
NSW1,2011/1/12 5:30,7549.14,25.56,TRADE
NSW1,2011/1/12 6:00,8053.23,26.7,TRADE
NSW1,2011/1/12 6:30,8505.42,28.74,TRADE
NSW1,2011/1/12 7:00,9009.58,35.03,TRADE
NSW1,2011/1/12 7:30,9360.67,31.91,TRADE
NSW1,2011/1/12 8:00,9695.69,40.36,TRADE
NSW1,2011/1/12 8:30,10032.66,48.56,TRADE
NSW1,2011/1/12 9:00,10237.47,44.05,TRADE
NSW1,2011/1/12 9:30,10391.89,48.24,TRADE
NSW1,2011/1/12 10:00,10427.31,52.66,TRADE
NSW1,2011/1/12 10:30,10502.64,62.14,TRADE
NSW1,2011/1/12 11:00,10587.41,43.72,TRADE
NSW1,2011/1/12 11:30,10651.03,40.08,TRADE
NSW1,2011/1/12 12:00,10742.91,40.44,TRADE
NSW1,2011/1/12 12:30,10800.87,39.05,TRADE
NSW1,2011/1/12 13:00,10811.16,42.01,TRADE
NSW1,2011/1/12 13:30,10835.58,47.21,TRADE
NSW1,2011/1/12 14:00,10831.56,42.41,TRADE
NSW1,2011/1/12 14:30,10861.03,46.88,TRADE
NSW1,2011/1/12 15:00,10473.77,37.22,TRADE
NSW1,2011/1/12 15:30,10532.21,34.12,TRADE
NSW1,2011/1/12 16:00,10700.09,53.63,TRADE
NSW1,2011/1/12 16:30,10759.46,35.6,TRADE
NSW1,2011/1/12 17:00,10623.24,39.32,TRADE
NSW1,2011/1/12 17:30,10217.06,33.45,TRADE
NSW1,2011/1/12 18:00,10013.15,31,TRADE
NSW1,2011/1/12 18:30,9748.01,29.95,TRADE
NSW1,2011/1/12 19:00,9572.42,31.22,TRADE
NSW1,2011/1/12 19:30,9501.01,31.67,TRADE
NSW1,2011/1/12 20:00,9579.78,35.63,TRADE
NSW1,2011/1/12 20:30,9409.36,32.34,TRADE
NSW1,2011/1/12 21:00,9101.65,29.74,TRADE
NSW1,2011/1/12 21:30,9137.23,30.83,TRADE
NSW1,2011/1/12 22:00,8905.94,28.12,TRADE
NSW1,2011/1/12 22:30,8829.63,31.47,TRADE
NSW1,2011/1/12 23:00,8603.09,31.18,TRADE
NSW1,2011/1/12 23:30,8320.04,30.19,TRADE
NSW1,2011/1/13 0:00,8081.29,28.59,TRADE
NSW1,2011/1/13 0:30,7879.38,26.44,TRADE
NSW1,2011/1/13 1:00,7670.17,26.11,TRADE
NSW1,2011/1/13 1:30,7375.85,25.71,TRADE
NSW1,2011/1/13 2:00,7108.03,24.58,TRADE
NSW1,2011/1/13 2:30,6864.66,24.37,TRADE
NSW1,2011/1/13 3:00,6786.09,25.31,TRADE
NSW1,2011/1/13 3:30,6832.11,25.98,TRADE
NSW1,2011/1/13 4:00,6889.08,25.37,TRADE
NSW1,2011/1/13 4:30,7081.44,25.31,TRADE
NSW1,2011/1/13 5:00,7347.77,25.31,TRADE
NSW1,2011/1/13 5:30,7742.82,25.93,TRADE
NSW1,2011/1/13 6:00,8201.66,29.84,TRADE
NSW1,2011/1/13 6:30,8729.25,32.77,TRADE
NSW1,2011/1/13 7:00,9207,36.93,TRADE
NSW1,2011/1/13 7:30,9639.82,32.42,TRADE
NSW1,2011/1/13 8:00,9948.51,37.6,TRADE
NSW1,2011/1/13 8:30,10251.45,41.72,TRADE
NSW1,2011/1/13 9:00,10430.18,56.48,TRADE
NSW1,2011/1/13 9:30,10575.98,49.2,TRADE
NSW1,2011/1/13 10:00,10578.79,41.52,TRADE
NSW1,2011/1/13 10:30,10637.25,41.46,TRADE
NSW1,2011/1/13 11:00,10707.26,43.21,TRADE
NSW1,2011/1/13 11:30,10704.86,39.81,TRADE
NSW1,2011/1/13 12:00,10737.85,40.2,TRADE
NSW1,2011/1/13 12:30,10785.96,37.91,TRADE
NSW1,2011/1/13 13:00,10766.24,39.24,TRADE
NSW1,2011/1/13 13:30,10754.8,41.57,TRADE
NSW1,2011/1/13 14:00,10687.7,40.01,TRADE
NSW1,2011/1/13 14:30,10631.83,36.28,TRADE
NSW1,2011/1/13 15:00,10583.76,34.56,TRADE
NSW1,2011/1/13 15:30,10562.42,36.27,TRADE
NSW1,2011/1/13 16:00,10522.82,32,TRADE
NSW1,2011/1/13 16:30,10434.56,32.43,TRADE
NSW1,2011/1/13 17:00,10357.73,36.63,TRADE
NSW1,2011/1/13 17:30,10157.34,33.78,TRADE
NSW1,2011/1/13 18:00,9940.01,32.2,TRADE
NSW1,2011/1/13 18:30,9700.85,31.7,TRADE
NSW1,2011/1/13 19:00,9546.22,32.16,TRADE
NSW1,2011/1/13 19:30,9527.67,36.62,TRADE
NSW1,2011/1/13 20:00,9593.4,41.57,TRADE
NSW1,2011/1/13 20:30,9277.76,35.77,TRADE
NSW1,2011/1/13 21:00,9047.53,33.02,TRADE
NSW1,2011/1/13 21:30,9015.28,32.12,TRADE
NSW1,2011/1/13 22:00,8756.22,28.62,TRADE
NSW1,2011/1/13 22:30,8676.94,30.58,TRADE
NSW1,2011/1/13 23:00,8232.16,29,TRADE
NSW1,2011/1/13 23:30,7926.6,28.63,TRADE
NSW1,2011/1/14 0:00,7724.83,26.82,TRADE
NSW1,2011/1/14 0:30,7812.59,26.95,TRADE
NSW1,2011/1/14 1:00,7545.31,25.25,TRADE
NSW1,2011/1/14 1:30,7222.9,24.8,TRADE
NSW1,2011/1/14 2:00,6948.87,24.92,TRADE
NSW1,2011/1/14 2:30,6745.32,23.47,TRADE
NSW1,2011/1/14 3:00,6663.97,22.68,TRADE
NSW1,2011/1/14 3:30,6650.61,24.31,TRADE
NSW1,2011/1/14 4:00,6745.94,25.02,TRADE
NSW1,2011/1/14 4:30,6955.24,25.03,TRADE
NSW1,2011/1/14 5:00,7202.92,25.31,TRADE
NSW1,2011/1/14 5:30,7648.04,25.86,TRADE
NSW1,2011/1/14 6:00,8125.89,27.6,TRADE
NSW1,2011/1/14 6:30,8549.91,30.25,TRADE
NSW1,2011/1/14 7:00,9103.47,33.47,TRADE
NSW1,2011/1/14 7:30,9521.05,30.61,TRADE
NSW1,2011/1/14 8:00,9827.03,34.01,TRADE
NSW1,2011/1/14 8:30,10129.7,34.76,TRADE
NSW1,2011/1/14 9:00,10334.67,36.44,TRADE
NSW1,2011/1/14 9:30,10528.94,38.63,TRADE
NSW1,2011/1/14 10:00,10554.73,34.6,TRADE
NSW1,2011/1/14 10:30,10618.15,36.8,TRADE
NSW1,2011/1/14 11:00,10656.82,37.31,TRADE
NSW1,2011/1/14 11:30,10642.09,33.64,TRADE
NSW1,2011/1/14 12:00,10734.19,33.14,TRADE
NSW1,2011/1/14 12:30,10832.12,33.4,TRADE
NSW1,2011/1/14 13:00,10882.17,34.29,TRADE
NSW1,2011/1/14 13:30,10894.29,33.62,TRADE
NSW1,2011/1/14 14:00,10927.69,38.05,TRADE
NSW1,2011/1/14 14:30,10902.64,37.65,TRADE
NSW1,2011/1/14 15:00,10886.28,35.38,TRADE
NSW1,2011/1/14 15:30,10916.26,35.53,TRADE
NSW1,2011/1/14 16:00,10927.92,39.16,TRADE
NSW1,2011/1/14 16:30,10740.17,33.33,TRADE
NSW1,2011/1/14 17:00,10419.29,32.62,TRADE
NSW1,2011/1/14 17:30,10026.31,30.25,TRADE
NSW1,2011/1/14 18:00,9817.06,29.99,TRADE
NSW1,2011/1/14 18:30,9516.03,30,TRADE
NSW1,2011/1/14 19:00,9270.52,30.81,TRADE
NSW1,2011/1/14 19:30,9259.13,31.5,TRADE
NSW1,2011/1/14 20:00,9297.74,31.71,TRADE
NSW1,2011/1/14 20:30,9159.51,31.1,TRADE
NSW1,2011/1/14 21:00,8910.38,28.59,TRADE
NSW1,2011/1/14 21:30,8913.11,30.15,TRADE
NSW1,2011/1/14 22:00,8798.07,27.33,TRADE
NSW1,2011/1/14 22:30,8735.03,32.48,TRADE
NSW1,2011/1/14 23:00,8555.38,29.81,TRADE
NSW1,2011/1/14 23:30,8308.31,29.14,TRADE
NSW1,2011/1/15 0:00,8047.18,28.4,TRADE
NSW1,2011/1/15 0:30,7782.75,26.44,TRADE
NSW1,2011/1/15 1:00,7523.07,24.71,TRADE
NSW1,2011/1/15 1:30,7241.26,24.53,TRADE
NSW1,2011/1/15 2:00,6994.06,23.53,TRADE
NSW1,2011/1/15 2:30,6790.92,22.08,TRADE
NSW1,2011/1/15 3:00,6623.53,22.48,TRADE
NSW1,2011/1/15 3:30,6569.31,23.05,TRADE
NSW1,2011/1/15 4:00,6638.63,22.26,TRADE
NSW1,2011/1/15 4:30,6694.6,23.23,TRADE
NSW1,2011/1/15 5:00,6799.42,23.98,TRADE
NSW1,2011/1/15 5:30,6867.62,21.18,TRADE
NSW1,2011/1/15 6:00,7087.11,24.93,TRADE
NSW1,2011/1/15 6:30,7427.12,25.37,TRADE
NSW1,2011/1/15 7:00,7782.89,25.34,TRADE
NSW1,2011/1/15 7:30,8165.33,24.68,TRADE
NSW1,2011/1/15 8:00,8544.19,27.25,TRADE
NSW1,2011/1/15 8:30,8958.85,30.43,TRADE
NSW1,2011/1/15 9:00,9104.47,30.93,TRADE
NSW1,2011/1/15 9:30,9241.31,31.69,TRADE
NSW1,2011/1/15 10:00,9285.5,32.02,TRADE
NSW1,2011/1/15 10:30,9282.91,30.84,TRADE
NSW1,2011/1/15 11:00,9322.63,31.71,TRADE
NSW1,2011/1/15 11:30,9293.2,30.9,TRADE
NSW1,2011/1/15 12:00,9337.81,32,TRADE
NSW1,2011/1/15 12:30,9465.1,32.34,TRADE
NSW1,2011/1/15 13:00,9481.4,33.32,TRADE
NSW1,2011/1/15 13:30,9552.75,33,TRADE
NSW1,2011/1/15 14:00,9620.27,33,TRADE
NSW1,2011/1/15 14:30,9776,34.49,TRADE
NSW1,2011/1/15 15:00,9874.56,38.72,TRADE
NSW1,2011/1/15 15:30,9949.04,39.31,TRADE
NSW1,2011/1/15 16:00,10061.82,44,TRADE
NSW1,2011/1/15 16:30,10043.48,43.01,TRADE
NSW1,2011/1/15 17:00,9991.43,39.08,TRADE
NSW1,2011/1/15 17:30,9887.19,35.22,TRADE
NSW1,2011/1/15 18:00,9751.35,36.91,TRADE
NSW1,2011/1/15 18:30,9584.68,33.18,TRADE
NSW1,2011/1/15 19:00,9513.33,33.41,TRADE
NSW1,2011/1/15 19:30,9444.51,37.69,TRADE
NSW1,2011/1/15 20:00,9436.74,34.5,TRADE
NSW1,2011/1/15 20:30,9312.08,33.16,TRADE
NSW1,2011/1/15 21:00,9071.68,32.2,TRADE
NSW1,2011/1/15 21:30,8936.84,31.96,TRADE
NSW1,2011/1/15 22:00,8690.01,28.01,TRADE
NSW1,2011/1/15 22:30,8510.7,27.3,TRADE
NSW1,2011/1/15 23:00,8208.85,28.61,TRADE
NSW1,2011/1/15 23:30,7937.57,28.31,TRADE
NSW1,2011/1/16 0:00,7646.75,26.38,TRADE
NSW1,2011/1/16 0:30,7475.46,25.39,TRADE
NSW1,2011/1/16 1:00,7251.97,24.97,TRADE
NSW1,2011/1/16 1:30,7003.47,24.39,TRADE
NSW1,2011/1/16 2:00,6782.52,22.47,TRADE
NSW1,2011/1/16 2:30,6599.22,19.9,TRADE
NSW1,2011/1/16 3:00,6546.68,19.85,TRADE
NSW1,2011/1/16 3:30,6469.82,19.8,TRADE
NSW1,2011/1/16 4:00,6462.14,19.99,TRADE
NSW1,2011/1/16 4:30,6476.25,18.75,TRADE
NSW1,2011/1/16 5:00,6575.87,19.56,TRADE
NSW1,2011/1/16 5:30,6588.71,18.77,TRADE
NSW1,2011/1/16 6:00,6662.43,19.49,TRADE
NSW1,2011/1/16 6:30,6834.66,20.25,TRADE
NSW1,2011/1/16 7:00,7137.34,21.1,TRADE
NSW1,2011/1/16 7:30,7553.27,19.42,TRADE
NSW1,2011/1/16 8:00,7899.88,23.02,TRADE
NSW1,2011/1/16 8:30,8253.55,25.28,TRADE
NSW1,2011/1/16 9:00,8553.92,25.36,TRADE
NSW1,2011/1/16 9:30,8787.48,25.31,TRADE
NSW1,2011/1/16 10:00,8979.46,25.31,TRADE
NSW1,2011/1/16 10:30,9004.61,25.21,TRADE
NSW1,2011/1/16 11:00,9051.86,25.36,TRADE
NSW1,2011/1/16 11:30,9169.01,28.95,TRADE
NSW1,2011/1/16 12:00,9432.38,30.48,TRADE
NSW1,2011/1/16 12:30,9508.79,31.5,TRADE
NSW1,2011/1/16 13:00,9588.18,30.78,TRADE
NSW1,2011/1/16 13:30,9589.25,30.31,TRADE
NSW1,2011/1/16 14:00,9858.14,32.5,TRADE
NSW1,2011/1/16 14:30,9988.28,34.59,TRADE
NSW1,2011/1/16 15:00,10142.63,37.3,TRADE
NSW1,2011/1/16 15:30,10195.25,38.12,TRADE
NSW1,2011/1/16 16:00,10209.78,39.4,TRADE
NSW1,2011/1/16 16:30,10178.92,38.21,TRADE
NSW1,2011/1/16 17:00,10200.1,37.55,TRADE
NSW1,2011/1/16 17:30,10223.97,35.58,TRADE
NSW1,2011/1/16 18:00,10160.54,33.06,TRADE
NSW1,2011/1/16 18:30,9965.77,31.74,TRADE
NSW1,2011/1/16 19:00,9790.11,31.23,TRADE
NSW1,2011/1/16 19:30,9683.14,30.88,TRADE
NSW1,2011/1/16 20:00,9732.62,33.18,TRADE
NSW1,2011/1/16 20:30,9577.42,30.12,TRADE
NSW1,2011/1/16 21:00,9266.27,27.07,TRADE
NSW1,2011/1/16 21:30,9055.41,25.24,TRADE
NSW1,2011/1/16 22:00,8707.1,24.38,TRADE
NSW1,2011/1/16 22:30,8461.61,26.17,TRADE
NSW1,2011/1/16 23:00,8060.08,21.6,TRADE
NSW1,2011/1/16 23:30,7784.92,21.56,TRADE
NSW1,2011/1/17 0:00,7580.09,23.25,TRADE
NSW1,2011/1/17 0:30,7419.04,22.06,TRADE
NSW1,2011/1/17 1:00,7188.37,21.44,TRADE
NSW1,2011/1/17 1:30,6897.37,19.52,TRADE
NSW1,2011/1/17 2:00,6720.03,20.25,TRADE
NSW1,2011/1/17 2:30,6584.93,18.24,TRADE
NSW1,2011/1/17 3:00,6506.29,19.3,TRADE
NSW1,2011/1/17 3:30,6560.63,20.33,TRADE
NSW1,2011/1/17 4:00,6601.93,16.32,TRADE
NSW1,2011/1/17 4:30,6844.92,23.65,TRADE
NSW1,2011/1/17 5:00,7140.49,23.94,TRADE
NSW1,2011/1/17 5:30,7612.42,25.83,TRADE
NSW1,2011/1/17 6:00,8079.91,23.22,TRADE
NSW1,2011/1/17 6:30,8572,24.93,TRADE
NSW1,2011/1/17 7:00,9138.28,27.39,TRADE
NSW1,2011/1/17 7:30,9544.61,25.66,TRADE
NSW1,2011/1/17 8:00,10015.27,27.86,TRADE
NSW1,2011/1/17 8:30,10355.73,29.56,TRADE
NSW1,2011/1/17 9:00,10582.07,29.93,TRADE
NSW1,2011/1/17 9:30,10824.21,30.93,TRADE
NSW1,2011/1/17 10:00,11061.37,30.8,TRADE
NSW1,2011/1/17 10:30,11272.09,31.32,TRADE
NSW1,2011/1/17 11:00,11432.89,31.86,TRADE
NSW1,2011/1/17 11:30,11544.93,32.23,TRADE
NSW1,2011/1/17 12:00,11614.76,33.19,TRADE
NSW1,2011/1/17 12:30,11729.11,36.47,TRADE
NSW1,2011/1/17 13:00,11776.12,35.9,TRADE
NSW1,2011/1/17 13:30,11802.28,35.15,TRADE
NSW1,2011/1/17 14:00,11776.85,46.02,TRADE
NSW1,2011/1/17 14:30,11658.95,47.06,TRADE
NSW1,2011/1/17 15:00,11645.85,50.87,TRADE
NSW1,2011/1/17 15:30,11547.48,39.48,TRADE
NSW1,2011/1/17 16:00,11495.22,52.73,TRADE
NSW1,2011/1/17 16:30,11343.8,35.24,TRADE
NSW1,2011/1/17 17:00,11072.01,27.6,TRADE
NSW1,2011/1/17 17:30,10706.7,25.03,TRADE
NSW1,2011/1/17 18:00,10416.32,25.1,TRADE
NSW1,2011/1/17 18:30,10051.29,26.05,TRADE
NSW1,2011/1/17 19:00,9764.31,25.31,TRADE
NSW1,2011/1/17 19:30,9621.05,25.31,TRADE
NSW1,2011/1/17 20:00,9519.04,25.31,TRADE
NSW1,2011/1/17 20:30,9303.53,25.16,TRADE
NSW1,2011/1/17 21:00,8975.36,25.1,TRADE
NSW1,2011/1/17 21:30,8880.29,26.69,TRADE
NSW1,2011/1/17 22:00,8579.68,21.85,TRADE
NSW1,2011/1/17 22:30,8443.55,21.15,TRADE
NSW1,2011/1/17 23:00,8291.87,21.89,TRADE
NSW1,2011/1/17 23:30,8065.11,22.5,TRADE
NSW1,2011/1/18 0:00,7907.81,22.14,TRADE
NSW1,2011/1/18 0:30,7728.89,20.87,TRADE
NSW1,2011/1/18 1:00,7532.21,19.87,TRADE
NSW1,2011/1/18 1:30,7218.95,19.25,TRADE
NSW1,2011/1/18 2:00,7003.85,17.58,TRADE
NSW1,2011/1/18 2:30,6843.4,18.32,TRADE
NSW1,2011/1/18 3:00,6748.63,18.12,TRADE
NSW1,2011/1/18 3:30,6739.19,19.02,TRADE
NSW1,2011/1/18 4:00,6803.49,19.95,TRADE
NSW1,2011/1/18 4:30,6968,19.87,TRADE
NSW1,2011/1/18 5:00,7145.26,20.72,TRADE
NSW1,2011/1/18 5:30,7567.15,21.41,TRADE
NSW1,2011/1/18 6:00,8014.45,24.41,TRADE
NSW1,2011/1/18 6:30,8400.47,27.57,TRADE
NSW1,2011/1/18 7:00,8903.66,26.78,TRADE
NSW1,2011/1/18 7:30,9311.9,25.41,TRADE
NSW1,2011/1/18 8:00,9562.17,26.27,TRADE
NSW1,2011/1/18 8:30,9824.69,29.24,TRADE
NSW1,2011/1/18 9:00,9942.46,26.27,TRADE
NSW1,2011/1/18 9:30,10055.59,28.83,TRADE
NSW1,2011/1/18 10:00,10157.56,30.83,TRADE
NSW1,2011/1/18 10:30,10179.47,30.44,TRADE
NSW1,2011/1/18 11:00,10197.86,29.17,TRADE
NSW1,2011/1/18 11:30,10198.02,30.92,TRADE
NSW1,2011/1/18 12:00,10127.26,31.62,TRADE
NSW1,2011/1/18 12:30,10274,32,TRADE
NSW1,2011/1/18 13:00,10356.82,31.94,TRADE
NSW1,2011/1/18 13:30,10394.77,30.79,TRADE
NSW1,2011/1/18 14:00,10329.29,31,TRADE
NSW1,2011/1/18 14:30,10315.37,30.84,TRADE
NSW1,2011/1/18 15:00,10295.66,30.5,TRADE
NSW1,2011/1/18 15:30,10268.01,30.29,TRADE
NSW1,2011/1/18 16:00,10209.5,30.01,TRADE
NSW1,2011/1/18 16:30,9997.33,26.28,TRADE
NSW1,2011/1/18 17:00,9890.49,27.16,TRADE
NSW1,2011/1/18 17:30,9534.06,25.4,TRADE
NSW1,2011/1/18 18:00,9374.16,25.31,TRADE
NSW1,2011/1/18 18:30,9175.06,25.26,TRADE
NSW1,2011/1/18 19:00,9033.47,25.31,TRADE
NSW1,2011/1/18 19:30,9026.81,25.31,TRADE
NSW1,2011/1/18 20:00,8971.07,25.31,TRADE
NSW1,2011/1/18 20:30,8815.21,25.71,TRADE
NSW1,2011/1/18 21:00,8528.82,24.23,TRADE
NSW1,2011/1/18 21:30,8546.3,22.47,TRADE
NSW1,2011/1/18 22:00,8328.74,20.32,TRADE
NSW1,2011/1/18 22:30,8307.85,24.89,TRADE
NSW1,2011/1/18 23:00,8132.38,21.67,TRADE
NSW1,2011/1/18 23:30,7922.27,20.34,TRADE
NSW1,2011/1/19 0:00,7738.67,21.65,TRADE
NSW1,2011/1/19 0:30,7610.59,20.16,TRADE
NSW1,2011/1/19 1:00,7367.37,19.59,TRADE
NSW1,2011/1/19 1:30,7110.35,20.19,TRADE
NSW1,2011/1/19 2:00,6858.99,17.55,TRADE
NSW1,2011/1/19 2:30,6655.99,17.02,TRADE
NSW1,2011/1/19 3:00,6579.5,17.28,TRADE
NSW1,2011/1/19 3:30,6621.66,17,TRADE
NSW1,2011/1/19 4:00,6685.79,17.2,TRADE
NSW1,2011/1/19 4:30,6869.91,18.1,TRADE
NSW1,2011/1/19 5:00,7117.31,20.15,TRADE
NSW1,2011/1/19 5:30,7607.07,21.84,TRADE
NSW1,2011/1/19 6:00,7996.02,22.93,TRADE
NSW1,2011/1/19 6:30,8470.7,25.77,TRADE
NSW1,2011/1/19 7:00,8935.42,25.34,TRADE
NSW1,2011/1/19 7:30,9275.6,25.24,TRADE
NSW1,2011/1/19 8:00,9546.5,25.31,TRADE
NSW1,2011/1/19 8:30,9804.1,25.32,TRADE
NSW1,2011/1/19 9:00,9901.31,25.31,TRADE
NSW1,2011/1/19 9:30,10017.65,28.02,TRADE
NSW1,2011/1/19 10:00,10050.5,28.57,TRADE
NSW1,2011/1/19 10:30,10080.24,26.35,TRADE
NSW1,2011/1/19 11:00,10127.48,26.14,TRADE
NSW1,2011/1/19 11:30,10130.47,26.53,TRADE
NSW1,2011/1/19 12:00,10140.48,26.7,TRADE
NSW1,2011/1/19 12:30,10210.25,29.16,TRADE
NSW1,2011/1/19 13:00,10298.57,28.89,TRADE
NSW1,2011/1/19 13:30,10345.64,28.66,TRADE
NSW1,2011/1/19 14:00,10348.9,28.56,TRADE
NSW1,2011/1/19 14:30,10378.39,28.1,TRADE
NSW1,2011/1/19 15:00,10345.48,26.3,TRADE
NSW1,2011/1/19 15:30,10397.84,25.5,TRADE
NSW1,2011/1/19 16:00,10437.28,26.56,TRADE
NSW1,2011/1/19 16:30,10261.49,27.42,TRADE
NSW1,2011/1/19 17:00,10107.35,25.9,TRADE
NSW1,2011/1/19 17:30,9742.08,25.36,TRADE
NSW1,2011/1/19 18:00,9572.05,25.24,TRADE
NSW1,2011/1/19 18:30,9254.48,25.24,TRADE
NSW1,2011/1/19 19:00,9109.91,25.31,TRADE
NSW1,2011/1/19 19:30,9015.78,25.31,TRADE
NSW1,2011/1/19 20:00,9043.26,25.52,TRADE
NSW1,2011/1/19 20:30,8944.91,25.27,TRADE
NSW1,2011/1/19 21:00,8659.63,24.53,TRADE
NSW1,2011/1/19 21:30,8659.47,24.52,TRADE
NSW1,2011/1/19 22:00,8479.74,20.96,TRADE
NSW1,2011/1/19 22:30,8399.17,24.37,TRADE
NSW1,2011/1/19 23:00,8248.67,22.83,TRADE
NSW1,2011/1/19 23:30,8004.18,20.81,TRADE
NSW1,2011/1/20 0:00,7818.91,21.09,TRADE
NSW1,2011/1/20 0:30,7624.17,20.46,TRADE
NSW1,2011/1/20 1:00,7388.93,18.9,TRADE
NSW1,2011/1/20 1:30,7048.58,19.04,TRADE
NSW1,2011/1/20 2:00,6833.34,18.3,TRADE
NSW1,2011/1/20 2:30,6685.34,17.22,TRADE
NSW1,2011/1/20 3:00,6640.24,17,TRADE
NSW1,2011/1/20 3:30,6633.15,16.67,TRADE
NSW1,2011/1/20 4:00,6637.59,16.94,TRADE
NSW1,2011/1/20 4:30,6834.64,17.27,TRADE
NSW1,2011/1/20 5:00,7105.94,18.87,TRADE
NSW1,2011/1/20 5:30,7493.07,19.9,TRADE
NSW1,2011/1/20 6:00,7972.15,22.41,TRADE
NSW1,2011/1/20 6:30,8471.21,26.42,TRADE
NSW1,2011/1/20 7:00,8965.11,26.37,TRADE
NSW1,2011/1/20 7:30,9338.33,25.87,TRADE
NSW1,2011/1/20 8:00,9638.78,25.39,TRADE
NSW1,2011/1/20 8:30,9958.19,25.31,TRADE
NSW1,2011/1/20 9:00,10125.94,28.62,TRADE
NSW1,2011/1/20 9:30,10239.39,27.38,TRADE
NSW1,2011/1/20 10:00,10334.6,25.43,TRADE
NSW1,2011/1/20 10:30,10338.16,25.31,TRADE
NSW1,2011/1/20 11:00,10333.86,27.28,TRADE
NSW1,2011/1/20 11:30,10476.23,27.76,TRADE
NSW1,2011/1/20 12:00,10558.16,27.99,TRADE
NSW1,2011/1/20 12:30,10596.65,32.05,TRADE
NSW1,2011/1/20 13:00,10622.03,32.87,TRADE
NSW1,2011/1/20 13:30,10659.31,35.19,TRADE
NSW1,2011/1/20 14:00,10679.46,35.43,TRADE
NSW1,2011/1/20 14:30,10670.9,32.5,TRADE
NSW1,2011/1/20 15:00,10688.48,44.71,TRADE
NSW1,2011/1/20 15:30,10728.55,34.46,TRADE
NSW1,2011/1/20 16:00,10747.09,31.54,TRADE
NSW1,2011/1/20 16:30,10610.88,29.03,TRADE
NSW1,2011/1/20 17:00,10583.94,29.64,TRADE
NSW1,2011/1/20 17:30,10312.74,30.12,TRADE
NSW1,2011/1/20 18:00,10115.06,29.1,TRADE
NSW1,2011/1/20 18:30,9859.63,26.05,TRADE
NSW1,2011/1/20 19:00,9656.62,25.33,TRADE
NSW1,2011/1/20 19:30,9544.59,25.31,TRADE
NSW1,2011/1/20 20:00,9642.56,26.75,TRADE
NSW1,2011/1/20 20:30,9371.13,27.57,TRADE
NSW1,2011/1/20 21:00,9044.93,26.56,TRADE
NSW1,2011/1/20 21:30,9007.91,25.34,TRADE
NSW1,2011/1/20 22:00,8721.79,24.21,TRADE
NSW1,2011/1/20 22:30,8663.74,24.69,TRADE
NSW1,2011/1/20 23:00,8366.89,23.9,TRADE
NSW1,2011/1/20 23:30,8178.22,23.28,TRADE
NSW1,2011/1/21 0:00,7975.58,22.11,TRADE
NSW1,2011/1/21 0:30,7783,20.6,TRADE
NSW1,2011/1/21 1:00,7517.37,19.34,TRADE
NSW1,2011/1/21 1:30,7220.77,19.7,TRADE
NSW1,2011/1/21 2:00,6973.54,19.23,TRADE
NSW1,2011/1/21 2:30,6766.55,19,TRADE
NSW1,2011/1/21 3:00,6695.03,19.44,TRADE
NSW1,2011/1/21 3:30,6680.61,19.22,TRADE
NSW1,2011/1/21 4:00,6758.25,19.82,TRADE
NSW1,2011/1/21 4:30,6983.55,19.69,TRADE
NSW1,2011/1/21 5:00,7211.39,21.01,TRADE
NSW1,2011/1/21 5:30,7642.16,22.31,TRADE
NSW1,2011/1/21 6:00,8034.37,24.2,TRADE
NSW1,2011/1/21 6:30,8615.24,27.34,TRADE
NSW1,2011/1/21 7:00,9160.86,29.71,TRADE
NSW1,2011/1/21 7:30,9539.42,26.76,TRADE
NSW1,2011/1/21 8:00,9907.82,28.06,TRADE
NSW1,2011/1/21 8:30,10211.47,30.54,TRADE
NSW1,2011/1/21 9:00,10406.8,30.97,TRADE
NSW1,2011/1/21 9:30,10554.51,31.95,TRADE
NSW1,2011/1/21 10:00,10636.68,31.76,TRADE
NSW1,2011/1/21 10:30,10710.47,32.55,TRADE
NSW1,2011/1/21 11:00,10746,32.31,TRADE
NSW1,2011/1/21 11:30,10757.48,32.4,TRADE
NSW1,2011/1/21 12:00,10939.77,33.9,TRADE
NSW1,2011/1/21 12:30,11035.67,34.61,TRADE
NSW1,2011/1/21 13:00,11148.07,35.52,TRADE
NSW1,2011/1/21 13:30,11223.65,34.22,TRADE
NSW1,2011/1/21 14:00,11294.36,36.48,TRADE
NSW1,2011/1/21 14:30,11338.48,33.01,TRADE
NSW1,2011/1/21 15:00,11330.53,33.95,TRADE
NSW1,2011/1/21 15:30,11380.89,32.4,TRADE
NSW1,2011/1/21 16:00,11412.13,31.5,TRADE
NSW1,2011/1/21 16:30,11221.74,30.71,TRADE
NSW1,2011/1/21 17:00,10962.74,29.11,TRADE
NSW1,2011/1/21 17:30,10533.68,26.47,TRADE
NSW1,2011/1/21 18:00,10261.62,25.93,TRADE
NSW1,2011/1/21 18:30,9991.87,25.45,TRADE
NSW1,2011/1/21 19:00,9735.37,25.25,TRADE
NSW1,2011/1/21 19:30,9685.82,25.31,TRADE
NSW1,2011/1/21 20:00,9690.24,25.43,TRADE
NSW1,2011/1/21 20:30,9455.75,25.24,TRADE
NSW1,2011/1/21 21:00,9074.43,24.85,TRADE
NSW1,2011/1/21 21:30,9056.07,25.03,TRADE
NSW1,2011/1/21 22:00,8781.58,23.92,TRADE
NSW1,2011/1/21 22:30,8724.33,25.69,TRADE
NSW1,2011/1/21 23:00,8466.75,28.14,TRADE
NSW1,2011/1/21 23:30,8162.99,24.82,TRADE
NSW1,2011/1/22 0:00,7943.73,23.58,TRADE
NSW1,2011/1/22 0:30,7758.61,20.87,TRADE
NSW1,2011/1/22 1:00,7534.56,21.02,TRADE
NSW1,2011/1/22 1:30,7224.58,20.33,TRADE
NSW1,2011/1/22 2:00,6948.64,17.95,TRADE
NSW1,2011/1/22 2:30,6785.4,19.83,TRADE
NSW1,2011/1/22 3:00,6669.05,19.03,TRADE
NSW1,2011/1/22 3:30,6614.87,20.45,TRADE
NSW1,2011/1/22 4:00,6582.53,19.98,TRADE
NSW1,2011/1/22 4:30,6673.38,19.73,TRADE
NSW1,2011/1/22 5:00,6778.41,23.42,TRADE
NSW1,2011/1/22 5:30,6931.8,23.5,TRADE
NSW1,2011/1/22 6:00,7071.52,22.66,TRADE
NSW1,2011/1/22 6:30,7374.26,22.89,TRADE
NSW1,2011/1/22 7:00,7714.55,22.95,TRADE
NSW1,2011/1/22 7:30,8194.07,25.27,TRADE
NSW1,2011/1/22 8:00,8601.91,25.35,TRADE
NSW1,2011/1/22 8:30,9023.41,25.41,TRADE
NSW1,2011/1/22 9:00,9197.79,25.34,TRADE
NSW1,2011/1/22 9:30,9376.73,26.8,TRADE
NSW1,2011/1/22 10:00,9451.91,30.2,TRADE
NSW1,2011/1/22 10:30,9568.38,30.19,TRADE
NSW1,2011/1/22 11:00,9617.46,31.24,TRADE
NSW1,2011/1/22 11:30,9691.22,33.28,TRADE
NSW1,2011/1/22 12:00,9763.9,34.75,TRADE
NSW1,2011/1/22 12:30,9847.75,38.33,TRADE
NSW1,2011/1/22 13:00,9839.42,36.76,TRADE
NSW1,2011/1/22 13:30,9874.33,40.35,TRADE
NSW1,2011/1/22 14:00,9915.96,45.88,TRADE
NSW1,2011/1/22 14:30,9947.44,38.94,TRADE
NSW1,2011/1/22 15:00,9928.35,34.95,TRADE
NSW1,2011/1/22 15:30,9821.82,32.82,TRADE
NSW1,2011/1/22 16:00,9816.43,32.29,TRADE
NSW1,2011/1/22 16:30,9723.92,31.5,TRADE
NSW1,2011/1/22 17:00,9646.46,31.55,TRADE
NSW1,2011/1/22 17:30,9525.99,29.32,TRADE
NSW1,2011/1/22 18:00,9377.1,26.41,TRADE
NSW1,2011/1/22 18:30,9175.13,25.37,TRADE
NSW1,2011/1/22 19:00,9031.16,25.31,TRADE
NSW1,2011/1/22 19:30,9059.51,25.31,TRADE
NSW1,2011/1/22 20:00,9028.97,25.18,TRADE
NSW1,2011/1/22 20:30,8882.43,25.25,TRADE
NSW1,2011/1/22 21:00,8643.34,25.24,TRADE
NSW1,2011/1/22 21:30,8621.45,25.35,TRADE
NSW1,2011/1/22 22:00,8394.62,24.22,TRADE
NSW1,2011/1/22 22:30,8327.01,28.03,TRADE
NSW1,2011/1/22 23:00,8058.75,24.54,TRADE
NSW1,2011/1/22 23:30,7776.01,24.47,TRADE
NSW1,2011/1/23 0:00,7610.85,25.91,TRADE
NSW1,2011/1/23 0:30,7419.51,24.72,TRADE
NSW1,2011/1/23 1:00,7159.77,23.06,TRADE
NSW1,2011/1/23 1:30,6983.11,22.92,TRADE
NSW1,2011/1/23 2:00,6738.8,21.92,TRADE
NSW1,2011/1/23 2:30,6606.3,22.96,TRADE
NSW1,2011/1/23 3:00,6495.7,22.5,TRADE
NSW1,2011/1/23 3:30,6441.21,21.8,TRADE
NSW1,2011/1/23 4:00,6417.9,21.8,TRADE
NSW1,2011/1/23 4:30,6484.44,22.27,TRADE
NSW1,2011/1/23 5:00,6517.38,21.23,TRADE
NSW1,2011/1/23 5:30,6507.24,19.84,TRADE
NSW1,2011/1/23 6:00,6517,19.68,TRADE
NSW1,2011/1/23 6:30,6754.85,20.13,TRADE
NSW1,2011/1/23 7:00,7048.79,21.45,TRADE
NSW1,2011/1/23 7:30,7319.45,21.21,TRADE
NSW1,2011/1/23 8:00,7674.18,24.01,TRADE
NSW1,2011/1/23 8:30,8041.51,24.4,TRADE
NSW1,2011/1/23 9:00,8314.25,25.31,TRADE
NSW1,2011/1/23 9:30,8610.55,25.46,TRADE
NSW1,2011/1/23 10:00,8781.05,25.31,TRADE
NSW1,2011/1/23 10:30,8832.94,25.31,TRADE
NSW1,2011/1/23 11:00,8981.13,25.31,TRADE
NSW1,2011/1/23 11:30,9103.31,25.31,TRADE
NSW1,2011/1/23 12:00,9221.19,27.58,TRADE
NSW1,2011/1/23 12:30,9354.6,30.83,TRADE
NSW1,2011/1/23 13:00,9372.9,29.81,TRADE
NSW1,2011/1/23 13:30,9387.2,30.1,TRADE
NSW1,2011/1/23 14:00,9441.86,31.76,TRADE
NSW1,2011/1/23 14:30,9558.43,32.38,TRADE
NSW1,2011/1/23 15:00,9648.81,33,TRADE
NSW1,2011/1/23 15:30,9626.38,31.82,TRADE
NSW1,2011/1/23 16:00,9626.74,32.83,TRADE
NSW1,2011/1/23 16:30,9516.02,31.83,TRADE
NSW1,2011/1/23 17:00,9525.36,31.92,TRADE
NSW1,2011/1/23 17:30,9525.75,32.57,TRADE
NSW1,2011/1/23 18:00,9453.1,31.12,TRADE
NSW1,2011/1/23 18:30,9266.84,28.1,TRADE
NSW1,2011/1/23 19:00,9139.99,25.53,TRADE
NSW1,2011/1/23 19:30,9153.18,26.02,TRADE
NSW1,2011/1/23 20:00,9178.11,26.71,TRADE
NSW1,2011/1/23 20:30,9070.83,28.09,TRADE
NSW1,2011/1/23 21:00,8797.48,25.55,TRADE
NSW1,2011/1/23 21:30,8655.33,25.6,TRADE
NSW1,2011/1/23 22:00,8290.81,23.34,TRADE
NSW1,2011/1/23 22:30,8153.35,24.26,TRADE
NSW1,2011/1/23 23:00,7816.67,24.9,TRADE
NSW1,2011/1/23 23:30,7636,25.31,TRADE
NSW1,2011/1/24 0:00,7494.88,26.29,TRADE
NSW1,2011/1/24 0:30,7347.46,23.58,TRADE
NSW1,2011/1/24 1:00,7170.11,20.8,TRADE
NSW1,2011/1/24 1:30,6906.06,21.32,TRADE
NSW1,2011/1/24 2:00,6758.29,22.09,TRADE
NSW1,2011/1/24 2:30,6651.27,20.95,TRADE
NSW1,2011/1/24 3:00,6568.2,23.72,TRADE
NSW1,2011/1/24 3:30,6604.61,22.59,TRADE
NSW1,2011/1/24 4:00,6634.53,22.26,TRADE
NSW1,2011/1/24 4:30,6814.62,23.58,TRADE
NSW1,2011/1/24 5:00,7117.21,25.2,TRADE
NSW1,2011/1/24 5:30,7600.44,25.21,TRADE
NSW1,2011/1/24 6:00,8074.78,26.22,TRADE
NSW1,2011/1/24 6:30,8604.27,29.97,TRADE
NSW1,2011/1/24 7:00,9157.82,32.82,TRADE
NSW1,2011/1/24 7:30,9563.54,31.26,TRADE
NSW1,2011/1/24 8:00,9984.72,33.06,TRADE
NSW1,2011/1/24 8:30,10294.61,32.67,TRADE
NSW1,2011/1/24 9:00,10536.85,33.57,TRADE
NSW1,2011/1/24 9:30,10679.92,31.61,TRADE
NSW1,2011/1/24 10:00,10801.57,32.19,TRADE
NSW1,2011/1/24 10:30,10898.9,32.36,TRADE
NSW1,2011/1/24 11:00,11086.52,32.94,TRADE
NSW1,2011/1/24 11:30,11290.65,34.12,TRADE
NSW1,2011/1/24 12:00,11437.5,34.15,TRADE
NSW1,2011/1/24 12:30,11618.77,37.31,TRADE
NSW1,2011/1/24 13:00,11658.3,66.29,TRADE
NSW1,2011/1/24 13:30,11656.46,109.92,TRADE
NSW1,2011/1/24 14:00,11685.52,64.88,TRADE
NSW1,2011/1/24 14:30,11665.46,36.04,TRADE
NSW1,2011/1/24 15:00,11665.35,38.64,TRADE
NSW1,2011/1/24 15:30,11642.38,35.88,TRADE
NSW1,2011/1/24 16:00,11664.12,34.19,TRADE
NSW1,2011/1/24 16:30,11563.46,36.28,TRADE
NSW1,2011/1/24 17:00,11523.85,36.12,TRADE
NSW1,2011/1/24 17:30,11346.03,32.59,TRADE
NSW1,2011/1/24 18:00,11270.75,32.21,TRADE
NSW1,2011/1/24 18:30,11030.81,31.27,TRADE
NSW1,2011/1/24 19:00,10854.99,31.86,TRADE
NSW1,2011/1/24 19:30,10765.54,33.2,TRADE
NSW1,2011/1/24 20:00,10662.41,34.84,TRADE
NSW1,2011/1/24 20:30,10285.49,34.57,TRADE
NSW1,2011/1/24 21:00,9787.87,30.12,TRADE
NSW1,2011/1/24 21:30,9541.29,28.21,TRADE
NSW1,2011/1/24 22:00,9193.13,24.74,TRADE
NSW1,2011/1/24 22:30,8952.56,31.76,TRADE
NSW1,2011/1/24 23:00,8694.21,31.19,TRADE
NSW1,2011/1/24 23:30,8378.99,29.79,TRADE
NSW1,2011/1/25 0:00,8158.25,28.57,TRADE
NSW1,2011/1/25 0:30,7961.49,24.77,TRADE
NSW1,2011/1/25 1:00,7672.46,24.63,TRADE
NSW1,2011/1/25 1:30,7382.03,23.87,TRADE
NSW1,2011/1/25 2:00,7164.18,23.94,TRADE
NSW1,2011/1/25 2:30,6988.3,24.97,TRADE
NSW1,2011/1/25 3:00,6908.18,24,TRADE
NSW1,2011/1/25 3:30,6893.19,23.19,TRADE
NSW1,2011/1/25 4:00,6981.12,24.3,TRADE
NSW1,2011/1/25 4:30,7258.8,25.24,TRADE
NSW1,2011/1/25 5:00,7497.29,25.41,TRADE
NSW1,2011/1/25 5:30,7955.77,25.31,TRADE
NSW1,2011/1/25 6:00,8377.77,25.83,TRADE
NSW1,2011/1/25 6:30,8885.06,29.83,TRADE
NSW1,2011/1/25 7:00,9386.48,33.04,TRADE
NSW1,2011/1/25 7:30,9726.94,29.25,TRADE
NSW1,2011/1/25 8:00,10122.55,31.33,TRADE
NSW1,2011/1/25 8:30,10446.47,35.65,TRADE
NSW1,2011/1/25 9:00,10687.69,39.86,TRADE
NSW1,2011/1/25 9:30,10857.54,40.2,TRADE
NSW1,2011/1/25 10:00,10910.39,36.6,TRADE
NSW1,2011/1/25 10:30,11060.16,38.12,TRADE
NSW1,2011/1/25 11:00,11168,44.71,TRADE
NSW1,2011/1/25 11:30,11337.23,52.77,TRADE
NSW1,2011/1/25 12:00,11461.44,44.61,TRADE
NSW1,2011/1/25 12:30,11719.17,74.95,TRADE
NSW1,2011/1/25 13:00,11842.02,90.49,TRADE
NSW1,2011/1/25 13:30,12090.36,99.6,TRADE
NSW1,2011/1/25 14:00,12216.3,109.17,TRADE
NSW1,2011/1/25 14:30,12364.89,146.93,TRADE
NSW1,2011/1/25 15:00,12483.05,187.9,TRADE
NSW1,2011/1/25 15:30,12532.07,184.84,TRADE
NSW1,2011/1/25 16:00,12596.04,205.91,TRADE
NSW1,2011/1/25 16:30,12520.37,177.11,TRADE
NSW1,2011/1/25 17:00,12286.79,107.22,TRADE
NSW1,2011/1/25 17:30,11888.28,95.86,TRADE
NSW1,2011/1/25 18:00,11611.71,67.48,TRADE
NSW1,2011/1/25 18:30,11310.99,55.69,TRADE
NSW1,2011/1/25 19:00,11033.69,48.73,TRADE
NSW1,2011/1/25 19:30,10861.4,53.73,TRADE
NSW1,2011/1/25 20:00,10830.74,53.49,TRADE
NSW1,2011/1/25 20:30,10619.87,47.32,TRADE
NSW1,2011/1/25 21:00,10257.45,38.43,TRADE
NSW1,2011/1/25 21:30,10110.91,38.7,TRADE
NSW1,2011/1/25 22:00,9702.82,31.14,TRADE
NSW1,2011/1/25 22:30,9499.56,43.85,TRADE
NSW1,2011/1/25 23:00,9143.65,37.28,TRADE
NSW1,2011/1/25 23:30,8795.38,29.21,TRADE
NSW1,2011/1/26 0:00,8557.16,27.58,TRADE
NSW1,2011/1/26 0:30,8269.68,24.27,TRADE
NSW1,2011/1/26 1:00,7949.77,24.53,TRADE
NSW1,2011/1/26 1:30,7621.59,25.36,TRADE
NSW1,2011/1/26 2:00,7304,25.23,TRADE
NSW1,2011/1/26 2:30,7119.51,25.26,TRADE
NSW1,2011/1/26 3:00,6987.52,25.84,TRADE
NSW1,2011/1/26 3:30,6937.55,30.81,TRADE
NSW1,2011/1/26 4:00,6893.76,25.24,TRADE
NSW1,2011/1/26 4:30,6950.48,25.31,TRADE
NSW1,2011/1/26 5:00,6993.13,25.31,TRADE
NSW1,2011/1/26 5:30,7117.66,25.17,TRADE
NSW1,2011/1/26 6:00,7256.25,25.31,TRADE
NSW1,2011/1/26 6:30,7504.61,25.31,TRADE
NSW1,2011/1/26 7:00,7848.89,25.57,TRADE
NSW1,2011/1/26 7:30,8245.9,26.47,TRADE
NSW1,2011/1/26 8:00,8715.06,25.69,TRADE
NSW1,2011/1/26 8:30,9201.95,29.81,TRADE
NSW1,2011/1/26 9:00,9567.84,35.98,TRADE
NSW1,2011/1/26 9:30,10047.48,46.13,TRADE
NSW1,2011/1/26 10:00,10417.98,50.04,TRADE
NSW1,2011/1/26 10:30,10684.72,79.98,TRADE
NSW1,2011/1/26 11:00,10859.19,100.05,TRADE
NSW1,2011/1/26 11:30,10899.9,100.89,TRADE
NSW1,2011/1/26 12:00,10937.98,100.89,TRADE
NSW1,2011/1/26 12:30,10956.56,100.18,TRADE
NSW1,2011/1/26 13:00,10879.37,82.1,TRADE
NSW1,2011/1/26 13:30,10972.68,84.94,TRADE
NSW1,2011/1/26 14:00,11115.53,88.16,TRADE
NSW1,2011/1/26 14:30,11318.78,99.6,TRADE
NSW1,2011/1/26 15:00,11522.69,117.5,TRADE
NSW1,2011/1/26 15:30,11580.97,155.49,TRADE
NSW1,2011/1/26 16:00,11721.29,195.7,TRADE
NSW1,2011/1/26 16:30,11799.41,284.09,TRADE
NSW1,2011/1/26 17:00,11907.13,241.72,TRADE
NSW1,2011/1/26 17:30,11861.94,176.98,TRADE
NSW1,2011/1/26 18:00,11730.55,197.29,TRADE
NSW1,2011/1/26 18:30,11465.62,109.93,TRADE
NSW1,2011/1/26 19:00,11126.6,115.25,TRADE
NSW1,2011/1/26 19:30,11165.1,220.76,TRADE
NSW1,2011/1/26 20:00,11121.69,284.09,TRADE
NSW1,2011/1/26 20:30,10776.87,177.87,TRADE
NSW1,2011/1/26 21:00,10362.23,59.71,TRADE
NSW1,2011/1/26 21:30,10015.49,50.75,TRADE
NSW1,2011/1/26 22:00,9573.71,35.5,TRADE
NSW1,2011/1/26 22:30,9233.02,35.62,TRADE
NSW1,2011/1/26 23:00,8954.63,33.37,TRADE
NSW1,2011/1/26 23:30,8623.76,33.35,TRADE
NSW1,2011/1/27 0:00,8357.38,29.18,TRADE
NSW1,2011/1/27 0:30,8143.92,27.94,TRADE
NSW1,2011/1/27 1:00,7848.57,22.72,TRADE
NSW1,2011/1/27 1:30,7529.68,23.94,TRADE
NSW1,2011/1/27 2:00,7311.7,23.14,TRADE
NSW1,2011/1/27 2:30,7159.53,21.54,TRADE
NSW1,2011/1/27 3:00,7070.69,20.65,TRADE
NSW1,2011/1/27 3:30,7060.96,23.48,TRADE
NSW1,2011/1/27 4:00,7127.41,25.31,TRADE
NSW1,2011/1/27 4:30,7348.66,25.31,TRADE
NSW1,2011/1/27 5:00,7613.7,26.05,TRADE
NSW1,2011/1/27 5:30,8171.58,30.58,TRADE
NSW1,2011/1/27 6:00,8620.46,34.58,TRADE
NSW1,2011/1/27 6:30,9071.82,40.91,TRADE
NSW1,2011/1/27 7:00,9581.75,57.02,TRADE
NSW1,2011/1/27 7:30,10036.16,40.65,TRADE
NSW1,2011/1/27 8:00,10390.63,51.11,TRADE
NSW1,2011/1/27 8:30,10749.62,76.19,TRADE
NSW1,2011/1/27 9:00,11004.17,82.02,TRADE
NSW1,2011/1/27 9:30,11253.14,93.43,TRADE
NSW1,2011/1/27 10:00,11512.38,98.79,TRADE
NSW1,2011/1/27 10:30,11726.81,102.97,TRADE
NSW1,2011/1/27 11:00,12001.64,129.77,TRADE
NSW1,2011/1/27 11:30,12096.68,127.55,TRADE
NSW1,2011/1/27 12:00,12200.11,214.44,TRADE
NSW1,2011/1/27 12:30,12322.34,211.72,TRADE
NSW1,2011/1/27 13:00,12469.95,2609.75,TRADE
NSW1,2011/1/27 13:30,12481.65,3955.63,TRADE
NSW1,2011/1/27 14:00,12520.76,71.15,TRADE
NSW1,2011/1/27 14:30,12633.95,81.79,TRADE
NSW1,2011/1/27 15:00,12663.69,53.84,TRADE
NSW1,2011/1/27 15:30,12690.57,80.32,TRADE
NSW1,2011/1/27 16:00,12668.04,83.79,TRADE
NSW1,2011/1/27 16:30,12537.87,133.08,TRADE
NSW1,2011/1/27 17:00,12630.45,153.66,TRADE
NSW1,2011/1/27 17:30,12188.59,48.99,TRADE
NSW1,2011/1/27 18:00,11900,42.72,TRADE
NSW1,2011/1/27 18:30,11495.19,47.98,TRADE
NSW1,2011/1/27 19:00,11230.07,68.02,TRADE
NSW1,2011/1/27 19:30,11041.77,56.74,TRADE
NSW1,2011/1/27 20:00,10953.66,58.68,TRADE
NSW1,2011/1/27 20:30,10483.34,39.94,TRADE
NSW1,2011/1/27 21:00,10086.63,32.64,TRADE
NSW1,2011/1/27 21:30,9939.01,28.9,TRADE
NSW1,2011/1/27 22:00,9574.55,29.71,TRADE
NSW1,2011/1/27 22:30,9287.74,31.87,TRADE
NSW1,2011/1/27 23:00,8955.7,27.31,TRADE
NSW1,2011/1/27 23:30,8606.89,25.63,TRADE
NSW1,2011/1/28 0:00,8376.8,25.51,TRADE
NSW1,2011/1/28 0:30,8143.9,24.83,TRADE
NSW1,2011/1/28 1:00,7868.99,24.73,TRADE
NSW1,2011/1/28 1:30,7512.34,23.35,TRADE
NSW1,2011/1/28 2:00,7308,22.39,TRADE
NSW1,2011/1/28 2:30,7157.81,20.68,TRADE
NSW1,2011/1/28 3:00,7045.75,20.09,TRADE
NSW1,2011/1/28 3:30,7034.38,20.21,TRADE
NSW1,2011/1/28 4:00,7044.09,20.91,TRADE
NSW1,2011/1/28 4:30,7203.65,20.71,TRADE
NSW1,2011/1/28 5:00,7424.96,21.01,TRADE
NSW1,2011/1/28 5:30,7936.16,24.74,TRADE
NSW1,2011/1/28 6:00,8365.4,25.58,TRADE
NSW1,2011/1/28 6:30,8885.37,35.23,TRADE
NSW1,2011/1/28 7:00,9344.02,35.17,TRADE
NSW1,2011/1/28 7:30,9692.07,31.85,TRADE
NSW1,2011/1/28 8:00,10032.99,34.4,TRADE
NSW1,2011/1/28 8:30,10227.55,33.1,TRADE
NSW1,2011/1/28 9:00,10372.75,35.21,TRADE
NSW1,2011/1/28 9:30,10405.2,50.97,TRADE
NSW1,2011/1/28 10:00,10481.79,53.9,TRADE
NSW1,2011/1/28 10:30,10492,52.54,TRADE
NSW1,2011/1/28 11:00,10530.45,51.33,TRADE
NSW1,2011/1/28 11:30,10509.02,49.95,TRADE
NSW1,2011/1/28 12:00,10488.22,40.55,TRADE
NSW1,2011/1/28 12:30,10473.53,44.83,TRADE
NSW1,2011/1/28 13:00,10509.29,41.43,TRADE
NSW1,2011/1/28 13:30,10493.96,38.99,TRADE
NSW1,2011/1/28 14:00,10498.23,38.45,TRADE
NSW1,2011/1/28 14:30,10481.83,36.79,TRADE
NSW1,2011/1/28 15:00,10486.35,33.98,TRADE
NSW1,2011/1/28 15:30,10416.27,32.93,TRADE
NSW1,2011/1/28 16:00,10343.57,32.33,TRADE
NSW1,2011/1/28 16:30,10114.78,30.88,TRADE
NSW1,2011/1/28 17:00,9840.65,29.07,TRADE
NSW1,2011/1/28 17:30,9559.88,26.37,TRADE
NSW1,2011/1/28 18:00,9366.42,25.9,TRADE
NSW1,2011/1/28 18:30,9099.3,25.53,TRADE
NSW1,2011/1/28 19:00,9035.61,25.98,TRADE
NSW1,2011/1/28 19:30,8975.04,25.6,TRADE
NSW1,2011/1/28 20:00,8991.74,25.65,TRADE
NSW1,2011/1/28 20:30,8785.93,25.24,TRADE
NSW1,2011/1/28 21:00,8573.17,25.12,TRADE
NSW1,2011/1/28 21:30,8592.22,25.42,TRADE
NSW1,2011/1/28 22:00,8415.27,23.98,TRADE
NSW1,2011/1/28 22:30,8377.44,30.29,TRADE
NSW1,2011/1/28 23:00,8252.62,28.16,TRADE
NSW1,2011/1/28 23:30,8009.96,29.15,TRADE
NSW1,2011/1/29 0:00,7822.77,25.2,TRADE
NSW1,2011/1/29 0:30,7617,23.52,TRADE
NSW1,2011/1/29 1:00,7321.64,23.37,TRADE
NSW1,2011/1/29 1:30,7033.24,24.09,TRADE
NSW1,2011/1/29 2:00,6797.44,24.29,TRADE
NSW1,2011/1/29 2:30,6596.4,21.21,TRADE
NSW1,2011/1/29 3:00,6458.28,19.68,TRADE
NSW1,2011/1/29 3:30,6450.28,19.85,TRADE
NSW1,2011/1/29 4:00,6425.92,20.02,TRADE
NSW1,2011/1/29 4:30,6472.34,18.2,TRADE
NSW1,2011/1/29 5:00,6526.68,18.11,TRADE
NSW1,2011/1/29 5:30,6694.89,19.27,TRADE
NSW1,2011/1/29 6:00,6853.31,19.71,TRADE
NSW1,2011/1/29 6:30,7113.46,21.1,TRADE
NSW1,2011/1/29 7:00,7498.3,23.31,TRADE
NSW1,2011/1/29 7:30,7926.55,25.17,TRADE
NSW1,2011/1/29 8:00,8263.17,25.85,TRADE
NSW1,2011/1/29 8:30,8663.9,26.95,TRADE
NSW1,2011/1/29 9:00,8848.01,29.8,TRADE
NSW1,2011/1/29 9:30,8953.14,30.77,TRADE
NSW1,2011/1/29 10:00,8971.88,31.42,TRADE
NSW1,2011/1/29 10:30,8953.95,29.95,TRADE
NSW1,2011/1/29 11:00,8979.5,31.12,TRADE
NSW1,2011/1/29 11:30,8955.74,31.32,TRADE
NSW1,2011/1/29 12:00,8946.52,31.29,TRADE
NSW1,2011/1/29 12:30,8895.44,34.44,TRADE
NSW1,2011/1/29 13:00,8903.15,37.44,TRADE
NSW1,2011/1/29 13:30,8850.28,37.45,TRADE
NSW1,2011/1/29 14:00,8856.99,37.26,TRADE
NSW1,2011/1/29 14:30,8882.32,36.81,TRADE
NSW1,2011/1/29 15:00,8888.12,33.94,TRADE
NSW1,2011/1/29 15:30,8998.31,33.24,TRADE
NSW1,2011/1/29 16:00,9071.43,35.77,TRADE
NSW1,2011/1/29 16:30,9035.82,34.35,TRADE
NSW1,2011/1/29 17:00,9021.7,32.98,TRADE
NSW1,2011/1/29 17:30,8961.02,31.99,TRADE
NSW1,2011/1/29 18:00,8910.07,30.02,TRADE
NSW1,2011/1/29 18:30,8747.99,28.62,TRADE
NSW1,2011/1/29 19:00,8696.71,30.22,TRADE
NSW1,2011/1/29 19:30,8621.18,29.57,TRADE
NSW1,2011/1/29 20:00,8698.01,29.79,TRADE
NSW1,2011/1/29 20:30,8546.87,29.07,TRADE
NSW1,2011/1/29 21:00,8328.08,26.12,TRADE
NSW1,2011/1/29 21:30,8268.87,25.34,TRADE
NSW1,2011/1/29 22:00,8088.87,23.1,TRADE
NSW1,2011/1/29 22:30,8034.06,29.63,TRADE
NSW1,2011/1/29 23:00,7788.66,27.41,TRADE
NSW1,2011/1/29 23:30,7542.9,27.63,TRADE
NSW1,2011/1/30 0:00,7439.17,24.45,TRADE
NSW1,2011/1/30 0:30,7198.8,22.77,TRADE
NSW1,2011/1/30 1:00,7024.97,18.92,TRADE
NSW1,2011/1/30 1:30,6743.08,19.95,TRADE
NSW1,2011/1/30 2:00,6497.65,15.34,TRADE
NSW1,2011/1/30 2:30,6342.79,14.42,TRADE
NSW1,2011/1/30 3:00,6318.1,16.84,TRADE
NSW1,2011/1/30 3:30,6280.46,15.79,TRADE
NSW1,2011/1/30 4:00,6280.7,17.51,TRADE
NSW1,2011/1/30 4:30,6326.53,20.99,TRADE
NSW1,2011/1/30 5:00,6386.26,19.26,TRADE
NSW1,2011/1/30 5:30,6376.68,17.58,TRADE
NSW1,2011/1/30 6:00,6480.82,18.22,TRADE
NSW1,2011/1/30 6:30,6669.94,16.75,TRADE
NSW1,2011/1/30 7:00,7015.5,20.01,TRADE
NSW1,2011/1/30 7:30,7334.98,23.45,TRADE
NSW1,2011/1/30 8:00,7693.01,23.84,TRADE
NSW1,2011/1/30 8:30,7941.58,24.05,TRADE
NSW1,2011/1/30 9:00,8234.42,25.28,TRADE
NSW1,2011/1/30 9:30,8478.28,25.65,TRADE
NSW1,2011/1/30 10:00,8661.71,25.33,TRADE
NSW1,2011/1/30 10:30,8781.5,27.14,TRADE
NSW1,2011/1/30 11:00,8887.32,28.54,TRADE
NSW1,2011/1/30 11:30,9033.63,29.15,TRADE
NSW1,2011/1/30 12:00,9154.25,28.94,TRADE
NSW1,2011/1/30 12:30,9311.38,29.72,TRADE
NSW1,2011/1/30 13:00,9428.2,31.17,TRADE
NSW1,2011/1/30 13:30,9623.46,31.94,TRADE
NSW1,2011/1/30 14:00,9869.11,35.95,TRADE
NSW1,2011/1/30 14:30,10088.08,48.74,TRADE
NSW1,2011/1/30 15:00,10230.81,50.24,TRADE
NSW1,2011/1/30 15:30,10368.95,66.69,TRADE
NSW1,2011/1/30 16:00,10578.6,89.13,TRADE
NSW1,2011/1/30 16:30,10596.52,88.26,TRADE
NSW1,2011/1/30 17:00,10673.74,89.14,TRADE
NSW1,2011/1/30 17:30,10772.16,90.27,TRADE
NSW1,2011/1/30 18:00,10675.14,89.51,TRADE
NSW1,2011/1/30 18:30,10550.92,70.53,TRADE
NSW1,2011/1/30 19:00,10277.69,49.4,TRADE
NSW1,2011/1/30 19:30,10268.87,68.35,TRADE
NSW1,2011/1/30 20:00,10299.29,59.19,TRADE
NSW1,2011/1/30 20:30,9928.42,37.55,TRADE
NSW1,2011/1/30 21:00,9632.53,34.51,TRADE
NSW1,2011/1/30 21:30,9348.42,32.05,TRADE
NSW1,2011/1/30 22:00,8993.86,29.24,TRADE
NSW1,2011/1/30 22:30,8690.44,35.83,TRADE
NSW1,2011/1/30 23:00,8316.75,30.66,TRADE
NSW1,2011/1/30 23:30,8045.3,28.73,TRADE
NSW1,2011/1/31 0:00,7826.17,26.05,TRADE
NSW1,2011/1/31 0:30,7618.24,25.26,TRADE
NSW1,2011/1/31 1:00,7426.29,22.74,TRADE
NSW1,2011/1/31 1:30,7196.79,21.59,TRADE
NSW1,2011/1/31 2:00,6982.01,20.41,TRADE
NSW1,2011/1/31 2:30,6872.54,20.12,TRADE
NSW1,2011/1/31 3:00,6803.21,16.12,TRADE
NSW1,2011/1/31 3:30,6796.82,19.95,TRADE
NSW1,2011/1/31 4:00,6898.11,19.83,TRADE
NSW1,2011/1/31 4:30,7049.58,19.35,TRADE
NSW1,2011/1/31 5:00,7412.6,21.71,TRADE
NSW1,2011/1/31 5:30,7964.53,23.93,TRADE
NSW1,2011/1/31 6:00,8542.81,28.91,TRADE
NSW1,2011/1/31 6:30,9087.11,38.64,TRADE
NSW1,2011/1/31 7:00,9628.55,43.28,TRADE
NSW1,2011/1/31 7:30,10044.87,32.68,TRADE
NSW1,2011/1/31 8:00,10428.99,40,TRADE
NSW1,2011/1/31 8:30,10825.63,55.84,TRADE
NSW1,2011/1/31 9:00,11172.3,62.19,TRADE
NSW1,2011/1/31 9:30,11452.51,97.53,TRADE
NSW1,2011/1/31 10:00,11756.78,112.26,TRADE
NSW1,2011/1/31 10:30,12028.06,126.09,TRADE
NSW1,2011/1/31 11:00,12327.21,150.63,TRADE
NSW1,2011/1/31 11:30,12586.66,170.18,TRADE
NSW1,2011/1/31 12:00,12815.65,246.36,TRADE
NSW1,2011/1/31 12:30,13075.18,295.24,TRADE
NSW1,2011/1/31 13:00,13243.46,295.28,TRADE
NSW1,2011/1/31 13:30,13377.58,295.28,TRADE
NSW1,2011/1/31 14:00,13536.45,292.46,TRADE
NSW1,2011/1/31 14:30,13613.36,292.52,TRADE
NSW1,2011/1/31 15:00,13712.78,267.96,TRADE
NSW1,2011/1/31 15:30,13774.69,2201.22,TRADE
NSW1,2011/1/31 16:00,13786.2,6019.97,TRADE
NSW1,2011/1/31 16:30,13717.44,4422.05,TRADE
NSW1,2011/1/31 17:00,13740.7,247.81,TRADE
NSW1,2011/1/31 17:30,13372.58,225.7,TRADE
NSW1,2011/1/31 18:00,13181.92,294.55,TRADE
NSW1,2011/1/31 18:30,12726.7,161.67,TRADE
NSW1,2011/1/31 19:00,12431.99,115.47,TRADE
NSW1,2011/1/31 19:30,12192.21,101.04,TRADE
NSW1,2011/1/31 20:00,12096.41,100.68,TRADE
NSW1,2011/1/31 20:30,11657.51,87.99,TRADE
NSW1,2011/1/31 21:00,11080.46,59.93,TRADE
NSW1,2011/1/31 21:30,10773.13,57.66,TRADE
NSW1,2011/1/31 22:00,10198.74,37.49,TRADE
NSW1,2011/1/31 22:30,9844.68,70.66,TRADE
NSW1,2011/1/31 23:00,9445.48,53.29,TRADE
NSW1,2011/1/31 23:30,9029.73,54.16,TRADE
NSW1,2011/2/1 0:00,8810.84,42.91,TRADE
?NSW1,2011/2/1 0:30,8570.16,34.37,TRADE
NSW1,2011/2/1 1:00,8274.67,27.45,TRADE
NSW1,2011/2/1 1:30,7983.9,25.03,TRADE
NSW1,2011/2/1 2:00,7678.44,22.56,TRADE
NSW1,2011/2/1 2:30,7534.45,20.88,TRADE
NSW1,2011/2/1 3:00,7357.01,19.8,TRADE
NSW1,2011/2/1 3:30,7271.65,20.12,TRADE
NSW1,2011/2/1 4:00,7336.88,23.13,TRADE
NSW1,2011/2/1 4:30,7581.13,25.31,TRADE
NSW1,2011/2/1 5:00,7839.99,26.16,TRADE
NSW1,2011/2/1 5:30,8422.92,27.47,TRADE
NSW1,2011/2/1 6:00,9001.65,36.41,TRADE
NSW1,2011/2/1 6:30,9536.45,52.8,TRADE
NSW1,2011/2/1 7:00,10117.97,65.7,TRADE
NSW1,2011/2/1 7:30,10456.2,49.51,TRADE
NSW1,2011/2/1 8:00,10827.47,90.15,TRADE
NSW1,2011/2/1 8:30,11221.25,103.74,TRADE
NSW1,2011/2/1 9:00,11578.03,112.82,TRADE
NSW1,2011/2/1 9:30,11918.04,116.28,TRADE
NSW1,2011/2/1 10:00,12163.01,138.42,TRADE
NSW1,2011/2/1 10:30,12412.33,244.63,TRADE
NSW1,2011/2/1 11:00,12695.93,295.28,TRADE
NSW1,2011/2/1 11:30,13041.19,295.28,TRADE
NSW1,2011/2/1 12:00,13271.12,289.35,TRADE
NSW1,2011/2/1 12:30,13496.56,315.46,TRADE
NSW1,2011/2/1 13:00,13619.15,1466.78,TRADE
NSW1,2011/2/1 13:30,13746.88,5039.89,TRADE
NSW1,2011/2/1 14:00,13835.45,4932.03,TRADE
NSW1,2011/2/1 14:30,13966.11,3121.51,TRADE
NSW1,2011/2/1 15:00,14041.31,7079.65,TRADE
NSW1,2011/2/1 15:30,14337.52,12072.5,TRADE
NSW1,2011/2/1 16:00,14525.73,12136.17,TRADE
NSW1,2011/2/1 16:30,14579.86,9544.52,TRADE
NSW1,2011/2/1 17:00,14440.04,1554.8,TRADE
NSW1,2011/2/1 17:30,14090.95,211.12,TRADE
NSW1,2011/2/1 18:00,13989.88,295.28,TRADE
NSW1,2011/2/1 18:30,13730.92,145.47,TRADE
NSW1,2011/2/1 19:00,13573.14,271.02,TRADE
NSW1,2011/2/1 19:30,13453.43,271.94,TRADE
NSW1,2011/2/1 20:00,13443.85,265.09,TRADE
NSW1,2011/2/1 20:30,13055.29,126.94,TRADE
NSW1,2011/2/1 21:00,12490.71,141.4,TRADE
NSW1,2011/2/1 21:30,12005.27,86.21,TRADE
NSW1,2011/2/1 22:00,11383.85,41.46,TRADE
NSW1,2011/2/1 22:30,10827.57,66.79,TRADE
NSW1,2011/2/1 23:00,10347.97,81.42,TRADE
NSW1,2011/2/1 23:30,9838.4,59.59,TRADE
NSW1,2011/2/2 0:00,9509.29,45.36,TRADE
NSW1,2011/2/2 0:30,9196.43,45.55,TRADE
NSW1,2011/2/2 1:00,8891.88,32.28,TRADE
NSW1,2011/2/2 1:30,8531.52,27.22,TRADE
NSW1,2011/2/2 2:00,8311.5,24.38,TRADE
NSW1,2011/2/2 2:30,8149.37,23.65,TRADE
NSW1,2011/2/2 3:00,8042.79,22.76,TRADE
NSW1,2011/2/2 3:30,8057.52,25.51,TRADE
NSW1,2011/2/2 4:00,8142.44,25.75,TRADE
NSW1,2011/2/2 4:30,8291.96,30.22,TRADE
NSW1,2011/2/2 5:00,8544.32,34.45,TRADE
NSW1,2011/2/2 5:30,9067.48,42.12,TRADE
NSW1,2011/2/2 6:00,9586.97,51.52,TRADE
NSW1,2011/2/2 6:30,10254.7,65.48,TRADE
NSW1,2011/2/2 7:00,10862.13,74.08,TRADE
NSW1,2011/2/2 7:30,11268.91,39.68,TRADE
NSW1,2011/2/2 8:00,11542.66,45.27,TRADE
NSW1,2011/2/2 8:30,11966.77,76.56,TRADE
NSW1,2011/2/2 9:00,12288.83,157.03,TRADE
NSW1,2011/2/2 9:30,12510.01,132.14,TRADE
NSW1,2011/2/2 10:00,12706.4,160.71,TRADE
NSW1,2011/2/2 10:30,12943.85,271.5,TRADE
NSW1,2011/2/2 11:00,13167.2,295.28,TRADE
NSW1,2011/2/2 11:30,13281.99,295.28,TRADE
NSW1,2011/2/2 12:00,13475.44,292.27,TRADE
NSW1,2011/2/2 12:30,13697.85,341.23,TRADE
NSW1,2011/2/2 13:00,13788.69,1923.57,TRADE
NSW1,2011/2/2 13:30,13872.01,441.29,TRADE
NSW1,2011/2/2 14:00,13923.98,5581.95,TRADE
NSW1,2011/2/2 14:30,14055.21,5831.21,TRADE
NSW1,2011/2/2 15:00,14241.39,9173,TRADE
NSW1,2011/2/2 15:30,14403.24,10417.07,TRADE
NSW1,2011/2/2 16:00,14417.03,10243.51,TRADE
NSW1,2011/2/2 16:30,14201.36,8773.39,TRADE
NSW1,2011/2/2 17:00,13923.12,294.47,TRADE
NSW1,2011/2/2 17:30,13505.98,281.73,TRADE
NSW1,2011/2/2 18:00,13282.76,294.9,TRADE
NSW1,2011/2/2 18:30,12869.11,293.22,TRADE
NSW1,2011/2/2 19:00,12726.13,294.84,TRADE
NSW1,2011/2/2 19:30,12726.66,295.28,TRADE
NSW1,2011/2/2 20:00,12636.68,295.28,TRADE
NSW1,2011/2/2 20:30,12286.99,294.96,TRADE
NSW1,2011/2/2 21:00,11818.36,164.83,TRADE
NSW1,2011/2/2 21:30,11548.93,122.98,TRADE
NSW1,2011/2/2 22:00,11043.21,50.84,TRADE
NSW1,2011/2/2 22:30,10596.34,85.8,TRADE
NSW1,2011/2/2 23:00,10108.94,73.09,TRADE
NSW1,2011/2/2 23:30,9644.91,58.44,TRADE
NSW1,2011/2/3 0:00,9363.67,43.82,TRADE
NSW1,2011/2/3 0:30,9097.63,36.04,TRADE
NSW1,2011/2/3 1:00,8731.45,26.98,TRADE
NSW1,2011/2/3 1:30,8418.74,27.82,TRADE
NSW1,2011/2/3 2:00,8167.84,25.3,TRADE
NSW1,2011/2/3 2:30,8030.46,24.58,TRADE
NSW1,2011/2/3 3:00,7969.14,25.3,TRADE
NSW1,2011/2/3 3:30,7952.16,25.57,TRADE
NSW1,2011/2/3 4:00,7938,25.47,TRADE
NSW1,2011/2/3 4:30,8030.1,24.88,TRADE
NSW1,2011/2/3 5:00,8374.99,29.08,TRADE
NSW1,2011/2/3 5:30,9039.47,39.83,TRADE
NSW1,2011/2/3 6:00,9600.21,53.67,TRADE
NSW1,2011/2/3 6:30,10217.6,73.12,TRADE
NSW1,2011/2/3 7:00,10802.97,115.36,TRADE
NSW1,2011/2/3 7:30,11086.65,45.67,TRADE
NSW1,2011/2/3 8:00,11253.99,74.58,TRADE
NSW1,2011/2/3 8:30,11593.5,129.05,TRADE
NSW1,2011/2/3 9:00,11854.25,90.32,TRADE
NSW1,2011/2/3 9:30,12144.45,129.16,TRADE
NSW1,2011/2/3 10:00,12413.75,130.21,TRADE
NSW1,2011/2/3 10:30,12701.36,236.21,TRADE
NSW1,2011/2/3 11:00,12902.28,285.42,TRADE
NSW1,2011/2/3 11:30,12932.26,292.07,TRADE
NSW1,2011/2/3 12:00,12967.14,295.28,TRADE
NSW1,2011/2/3 12:30,13205.23,286.69,TRADE
NSW1,2011/2/3 13:00,13472.59,295.28,TRADE
NSW1,2011/2/3 13:30,13710.36,236.8,TRADE
NSW1,2011/2/3 14:00,13801.64,496.86,TRADE
NSW1,2011/2/3 14:30,13924.87,2968.96,TRADE
NSW1,2011/2/3 15:00,14189.54,1141.24,TRADE
NSW1,2011/2/3 15:30,14408.45,1174.09,TRADE
NSW1,2011/2/3 16:00,14449.88,2688.7,TRADE
NSW1,2011/2/3 16:30,14333.12,1116.49,TRADE
NSW1,2011/2/3 17:00,14315.54,245.98,TRADE
NSW1,2011/2/3 17:30,13814.92,73.6,TRADE
NSW1,2011/2/3 18:00,13458.95,247.14,TRADE
NSW1,2011/2/3 18:30,12922.72,72.09,TRADE
NSW1,2011/2/3 19:00,12480.12,111.94,TRADE
NSW1,2011/2/3 19:30,12266.39,127.93,TRADE
NSW1,2011/2/3 20:00,12152.05,84.63,TRADE
NSW1,2011/2/3 20:30,11622.85,59.39,TRADE
NSW1,2011/2/3 21:00,11126.81,43.44,TRADE
NSW1,2011/2/3 21:30,10881.87,36.08,TRADE
NSW1,2011/2/3 22:00,10348.42,28.37,TRADE
NSW1,2011/2/3 22:30,10056.92,55.89,TRADE
NSW1,2011/2/3 23:00,9662.59,55.62,TRADE
NSW1,2011/2/3 23:30,9247.91,56.16,TRADE
NSW1,2011/2/4 0:00,8981.46,49.22,TRADE
NSW1,2011/2/4 0:30,8756.67,32.28,TRADE
NSW1,2011/2/4 1:00,8483.72,26.28,TRADE
NSW1,2011/2/4 1:30,8132.14,24.73,TRADE
NSW1,2011/2/4 2:00,7886.63,24.05,TRADE
NSW1,2011/2/4 2:30,7726.68,19.9,TRADE
NSW1,2011/2/4 3:00,7671.26,20.81,TRADE
NSW1,2011/2/4 3:30,7629.53,24.47,TRADE
NSW1,2011/2/4 4:00,7715.5,25.31,TRADE
NSW1,2011/2/4 4:30,7895.58,25.31,TRADE
NSW1,2011/2/4 5:00,8156.28,25.43,TRADE
NSW1,2011/2/4 5:30,8733.57,31.54,TRADE
NSW1,2011/2/4 6:00,9316.01,53.63,TRADE
NSW1,2011/2/4 6:30,9966.43,79.59,TRADE
NSW1,2011/2/4 7:00,10596.59,87.12,TRADE
NSW1,2011/2/4 7:30,10940.66,46.75,TRADE
NSW1,2011/2/4 8:00,11290.42,68.71,TRADE
NSW1,2011/2/4 8:30,11744.76,90.05,TRADE
NSW1,2011/2/4 9:00,12090.8,107.23,TRADE
NSW1,2011/2/4 9:30,12352.61,133.84,TRADE
NSW1,2011/2/4 10:00,12651.37,282.13,TRADE
NSW1,2011/2/4 10:30,12788.27,226.5,TRADE
NSW1,2011/2/4 11:00,12938.83,293.85,TRADE
NSW1,2011/2/4 11:30,13128.42,295.28,TRADE
NSW1,2011/2/4 12:00,13309.51,1686.58,TRADE
NSW1,2011/2/4 12:30,13402.31,212.24,TRADE
NSW1,2011/2/4 13:00,13512.67,275.93,TRADE
NSW1,2011/2/4 13:30,13615.73,309.57,TRADE
NSW1,2011/2/4 14:00,13688.54,313.58,TRADE
NSW1,2011/2/4 14:30,13633.35,312.36,TRADE
NSW1,2011/2/4 15:00,13733.79,1455.34,TRADE
NSW1,2011/2/4 15:30,13810.3,340.47,TRADE
NSW1,2011/2/4 16:00,13786.9,292.54,TRADE
NSW1,2011/2/4 16:30,13611.36,228.86,TRADE
NSW1,2011/2/4 17:00,13374.32,134.94,TRADE
NSW1,2011/2/4 17:30,12915.21,63.22,TRADE
NSW1,2011/2/4 18:00,12572.86,104.25,TRADE
NSW1,2011/2/4 18:30,12237.33,70.25,TRADE
NSW1,2011/2/4 19:00,12010.01,64.67,TRADE
NSW1,2011/2/4 19:30,11943.39,73.48,TRADE
NSW1,2011/2/4 20:00,11895.06,73.29,TRADE
NSW1,2011/2/4 20:30,11494.81,68,TRADE
NSW1,2011/2/4 21:00,11197.27,63.09,TRADE
NSW1,2011/2/4 21:30,11007.68,44.16,TRADE
NSW1,2011/2/4 22:00,10576.56,35.36,TRADE
NSW1,2011/2/4 22:30,10372.7,66.15,TRADE
NSW1,2011/2/4 23:00,9930.1,70.7,TRADE
NSW1,2011/2/4 23:30,9510,70.01,TRADE
NSW1,2011/2/5 0:00,9165.38,53.64,TRADE
NSW1,2011/2/5 0:30,8867.09,46.65,TRADE
NSW1,2011/2/5 1:00,8566.54,41.69,TRADE
NSW1,2011/2/5 1:30,8229.02,37.67,TRADE
NSW1,2011/2/5 2:00,7942.83,30.38,TRADE
NSW1,2011/2/5 2:30,7744.08,29.36,TRADE
NSW1,2011/2/5 3:00,7675.54,30.48,TRADE
NSW1,2011/2/5 3:30,7642.46,31.11,TRADE
NSW1,2011/2/5 4:00,7571.93,30.19,TRADE
NSW1,2011/2/5 4:30,7618.87,26.5,TRADE
NSW1,2011/2/5 5:00,7717.35,27.43,TRADE
NSW1,2011/2/5 5:30,7890.4,30.44,TRADE
NSW1,2011/2/5 6:00,8049.44,27.72,TRADE
NSW1,2011/2/5 6:30,8425.39,29.04,TRADE
NSW1,2011/2/5 7:00,8994.07,45.5,TRADE
NSW1,2011/2/5 7:30,9604,46.97,TRADE
NSW1,2011/2/5 8:00,10233.28,73.55,TRADE
NSW1,2011/2/5 8:30,10823.44,79.89,TRADE
NSW1,2011/2/5 9:00,11232.36,95.19,TRADE
NSW1,2011/2/5 9:30,11622.38,104.24,TRADE
NSW1,2011/2/5 10:00,11876.83,100.89,TRADE
NSW1,2011/2/5 10:30,12132.01,109.45,TRADE
NSW1,2011/2/5 11:00,12319.83,173.31,TRADE
NSW1,2011/2/5 11:30,12443.33,136.16,TRADE
NSW1,2011/2/5 12:00,12558.79,209.45,TRADE
NSW1,2011/2/5 12:30,12686.65,237.81,TRADE
NSW1,2011/2/5 13:00,12753.72,237.81,TRADE
NSW1,2011/2/5 13:30,12794.31,222.3,TRADE
NSW1,2011/2/5 14:00,12806.61,221.87,TRADE
NSW1,2011/2/5 14:30,12907.67,158.54,TRADE
NSW1,2011/2/5 15:00,12995.84,186.81,TRADE
NSW1,2011/2/5 15:30,13086.73,251.87,TRADE
NSW1,2011/2/5 16:00,13078.67,2149.59,TRADE
NSW1,2011/2/5 16:30,13121.52,41.87,TRADE
NSW1,2011/2/5 17:00,13036.76,54.79,TRADE
NSW1,2011/2/5 17:30,12798.7,91.26,TRADE
NSW1,2011/2/5 18:00,12632.09,120.6,TRADE
NSW1,2011/2/5 18:30,12442.82,122.71,TRADE
NSW1,2011/2/5 19:00,12228.45,136.89,TRADE
NSW1,2011/2/5 19:30,12166.38,269.52,TRADE
NSW1,2011/2/5 20:00,12148.95,184.83,TRADE
NSW1,2011/2/5 20:30,11941.87,144.33,TRADE
NSW1,2011/2/5 21:00,11705.52,105.39,TRADE
NSW1,2011/2/5 21:30,11510.38,168.66,TRADE
NSW1,2011/2/5 22:00,11081.79,88.97,TRADE
NSW1,2011/2/5 22:30,10706.84,81.92,TRADE
NSW1,2011/2/5 23:00,10288.53,83.64,TRADE
NSW1,2011/2/5 23:30,9799.79,82.13,TRADE
NSW1,2011/2/6 0:00,9499.25,74.79,TRADE
NSW1,2011/2/6 0:30,9155.84,56.91,TRADE
NSW1,2011/2/6 1:00,8735.62,41.63,TRADE
NSW1,2011/2/6 1:30,8427.32,33.06,TRADE
NSW1,2011/2/6 2:00,8223.06,29.8,TRADE
NSW1,2011/2/6 2:30,8018.62,25.73,TRADE
NSW1,2011/2/6 3:00,7807.57,25.42,TRADE
NSW1,2011/2/6 3:30,7501.25,23.08,TRADE
NSW1,2011/2/6 4:00,7324.63,25.25,TRADE
NSW1,2011/2/6 4:30,7397.62,25.8,TRADE
NSW1,2011/2/6 5:00,7344.41,24.93,TRADE
NSW1,2011/2/6 5:30,7660.1,25.38,TRADE
NSW1,2011/2/6 6:00,7668.6,25.3,TRADE
NSW1,2011/2/6 6:30,7980,25.4,TRADE
NSW1,2011/2/6 7:00,8268.03,26.84,TRADE
NSW1,2011/2/6 7:30,8690.23,28.29,TRADE
NSW1,2011/2/6 8:00,9062.6,28.75,TRADE
NSW1,2011/2/6 8:30,9531.49,28.15,TRADE
NSW1,2011/2/6 9:00,9893.24,42.18,TRADE
NSW1,2011/2/6 9:30,10264.97,62.1,TRADE
NSW1,2011/2/6 10:00,10556.89,79,TRADE
NSW1,2011/2/6 10:30,10727.88,60.87,TRADE
NSW1,2011/2/6 11:00,10833.01,49.26,TRADE
NSW1,2011/2/6 11:30,11028.06,56.87,TRADE
NSW1,2011/2/6 12:00,11160.58,58.55,TRADE
NSW1,2011/2/6 12:30,11103.9,68.14,TRADE
NSW1,2011/2/6 13:00,11103.81,65.36,TRADE
NSW1,2011/2/6 13:30,10696.15,72.58,TRADE
NSW1,2011/2/6 14:00,10164.78,53.88,TRADE
NSW1,2011/2/6 14:30,9676.38,42.77,TRADE
NSW1,2011/2/6 15:00,9497.89,40.68,TRADE
NSW1,2011/2/6 15:30,9315.67,34.21,TRADE
NSW1,2011/2/6 16:00,9210.83,35.26,TRADE
NSW1,2011/2/6 16:30,9068.67,32.33,TRADE
NSW1,2011/2/6 17:00,8943.89,30.49,TRADE
NSW1,2011/2/6 17:30,8921.19,32.33,TRADE
NSW1,2011/2/6 18:00,8804.32,31.83,TRADE
NSW1,2011/2/6 18:30,8722.06,32.17,TRADE
NSW1,2011/2/6 19:00,8706.91,32.6,TRADE
NSW1,2011/2/6 19:30,8693.21,31.39,TRADE
NSW1,2011/2/6 20:00,8597.66,31.95,TRADE
NSW1,2011/2/6 20:30,8339.61,30.59,TRADE
NSW1,2011/2/6 21:00,8118.41,30.15,TRADE
NSW1,2011/2/6 21:30,7938.71,29.65,TRADE
NSW1,2011/2/6 22:00,7707.48,22.82,TRADE
NSW1,2011/2/6 22:30,7603.52,37.6,TRADE
NSW1,2011/2/6 23:00,7390.18,35.56,TRADE
NSW1,2011/2/6 23:30,7150.35,30.03,TRADE
NSW1,2011/2/7 0:00,7070,27.63,TRADE
NSW1,2011/2/7 0:30,6952.53,25.82,TRADE
NSW1,2011/2/7 1:00,6854.23,26.32,TRADE
NSW1,2011/2/7 1:30,6647.95,25.23,TRADE
NSW1,2011/2/7 2:00,6434.91,25.24,TRADE
NSW1,2011/2/7 2:30,6346.24,25.34,TRADE
NSW1,2011/2/7 3:00,6353.4,25.3,TRADE
NSW1,2011/2/7 3:30,6320.42,25.28,TRADE
NSW1,2011/2/7 4:00,6452.58,25.3,TRADE
NSW1,2011/2/7 4:30,6653.22,25.07,TRADE
NSW1,2011/2/7 5:00,7000.32,26.08,TRADE
NSW1,2011/2/7 5:30,7612.04,31.82,TRADE
NSW1,2011/2/7 6:00,8169.27,37.57,TRADE
NSW1,2011/2/7 6:30,8650.75,45.05,TRADE
NSW1,2011/2/7 7:00,9048.02,54.41,TRADE
NSW1,2011/2/7 7:30,9227.99,34.61,TRADE
NSW1,2011/2/7 8:00,9328.92,34.72,TRADE
NSW1,2011/2/7 8:30,9463.36,40,TRADE
NSW1,2011/2/7 9:00,9594.7,39.8,TRADE
NSW1,2011/2/7 9:30,9654.9,35.91,TRADE
NSW1,2011/2/7 10:00,9663.31,34.36,TRADE
NSW1,2011/2/7 10:30,9679.76,37.32,TRADE
NSW1,2011/2/7 11:00,9702.68,37.08,TRADE
NSW1,2011/2/7 11:30,9718.74,32.64,TRADE
NSW1,2011/2/7 12:00,9775.36,31.97,TRADE
NSW1,2011/2/7 12:30,9755.89,32.77,TRADE
NSW1,2011/2/7 13:00,9744.79,33.74,TRADE
NSW1,2011/2/7 13:30,9722.97,34.1,TRADE
NSW1,2011/2/7 14:00,9751.2,35.13,TRADE
NSW1,2011/2/7 14:30,9664.84,34.82,TRADE
NSW1,2011/2/7 15:00,9673.99,34.16,TRADE
NSW1,2011/2/7 15:30,9688.95,33.35,TRADE
NSW1,2011/2/7 16:00,9666.17,33.23,TRADE
NSW1,2011/2/7 16:30,9593.13,32.59,TRADE
NSW1,2011/2/7 17:00,9513.62,31.49,TRADE
NSW1,2011/2/7 17:30,9278.52,30.21,TRADE
NSW1,2011/2/7 18:00,9153.46,29.05,TRADE
NSW1,2011/2/7 18:30,9024.95,26.26,TRADE
NSW1,2011/2/7 19:00,8909.03,27.17,TRADE
NSW1,2011/2/7 19:30,8936.8,30.34,TRADE
NSW1,2011/2/7 20:00,8871.32,30.5,TRADE
NSW1,2011/2/7 20:30,8655.64,28.27,TRADE
NSW1,2011/2/7 21:00,8394.27,25.5,TRADE
NSW1,2011/2/7 21:30,8413.39,25.61,TRADE
NSW1,2011/2/7 22:00,8188.98,24.81,TRADE
NSW1,2011/2/7 22:30,8176.9,27.3,TRADE
NSW1,2011/2/7 23:00,8068.86,26.63,TRADE
NSW1,2011/2/7 23:30,7853.63,25.51,TRADE
NSW1,2011/2/8 0:00,7728.7,25.26,TRADE
NSW1,2011/2/8 0:30,7551.05,25.1,TRADE
NSW1,2011/2/8 1:00,7326.87,23.61,TRADE
NSW1,2011/2/8 1:30,7054.22,21.96,TRADE
NSW1,2011/2/8 2:00,6798.66,22.04,TRADE
NSW1,2011/2/8 2:30,6674.24,20.61,TRADE
NSW1,2011/2/8 3:00,6594.6,20.2,TRADE
NSW1,2011/2/8 3:30,6607.6,22.08,TRADE
NSW1,2011/2/8 4:00,6679.41,20,TRADE
NSW1,2011/2/8 4:30,6897.33,20.48,TRADE
NSW1,2011/2/8 5:00,7174.22,24.82,TRADE
NSW1,2011/2/8 5:30,7753.64,25.41,TRADE
NSW1,2011/2/8 6:00,8333.42,28.55,TRADE
NSW1,2011/2/8 6:30,8793.96,35.53,TRADE
NSW1,2011/2/8 7:00,9222.55,42.71,TRADE
NSW1,2011/2/8 7:30,9354.95,32.13,TRADE
NSW1,2011/2/8 8:00,9551.81,32.8,TRADE
NSW1,2011/2/8 8:30,9704.67,35.25,TRADE
NSW1,2011/2/8 9:00,9887.15,40.22,TRADE
NSW1,2011/2/8 9:30,9954.65,35.48,TRADE
NSW1,2011/2/8 10:00,9913.98,35.27,TRADE
NSW1,2011/2/8 10:30,9940.9,36.54,TRADE
NSW1,2011/2/8 11:00,9953.37,34.15,TRADE
NSW1,2011/2/8 11:30,9926.54,33,TRADE
NSW1,2011/2/8 12:00,9962.04,33.51,TRADE
NSW1,2011/2/8 12:30,9952.37,36.95,TRADE
NSW1,2011/2/8 13:00,9960.1,34,TRADE
NSW1,2011/2/8 13:30,9991,33.89,TRADE
NSW1,2011/2/8 14:00,9925.62,33.54,TRADE
NSW1,2011/2/8 14:30,9878.7,33.28,TRADE
NSW1,2011/2/8 15:00,9798.48,30.79,TRADE
NSW1,2011/2/8 15:30,9872.94,32.65,TRADE
NSW1,2011/2/8 16:00,9918.24,32.53,TRADE
NSW1,2011/2/8 16:30,9860.96,31.67,TRADE
NSW1,2011/2/8 17:00,9701.24,29.11,TRADE
NSW1,2011/2/8 17:30,9386.85,27.34,TRADE
NSW1,2011/2/8 18:00,9262.69,26.2,TRADE
NSW1,2011/2/8 18:30,9061.58,25.31,TRADE
NSW1,2011/2/8 19:00,8959.59,25.31,TRADE
NSW1,2011/2/8 19:30,9045.01,26.77,TRADE
NSW1,2011/2/8 20:00,9055.04,26.67,TRADE
NSW1,2011/2/8 20:30,8839.07,25.54,TRADE
NSW1,2011/2/8 21:00,8524.79,25.15,TRADE
NSW1,2011/2/8 21:30,8450.45,25.19,TRADE
NSW1,2011/2/8 22:00,8256.73,24.45,TRADE
NSW1,2011/2/8 22:30,8155.45,25.09,TRADE
NSW1,2011/2/8 23:00,7977.75,25.05,TRADE
NSW1,2011/2/8 23:30,7787.8,25.01,TRADE
NSW1,2011/2/9 0:00,7647.03,23.57,TRADE
NSW1,2011/2/9 0:30,7482.85,19.9,TRADE
NSW1,2011/2/9 1:00,7257.93,19.64,TRADE
NSW1,2011/2/9 1:30,6994.65,19.44,TRADE
NSW1,2011/2/9 2:00,6834.12,17.63,TRADE
NSW1,2011/2/9 2:30,6581.82,14.21,TRADE
NSW1,2011/2/9 3:00,6525.7,14.19,TRADE
NSW1,2011/2/9 3:30,6497.24,14.51,TRADE
NSW1,2011/2/9 4:00,6562.14,16.03,TRADE
NSW1,2011/2/9 4:30,6810.21,19.92,TRADE
NSW1,2011/2/9 5:00,7059.1,20.16,TRADE
NSW1,2011/2/9 5:30,7659.42,24.41,TRADE
NSW1,2011/2/9 6:00,8168.26,25.71,TRADE
NSW1,2011/2/9 6:30,8661.72,27.96,TRADE
NSW1,2011/2/9 7:00,9044.76,35.5,TRADE
NSW1,2011/2/9 7:30,9304.58,28.58,TRADE
NSW1,2011/2/9 8:00,9438.71,30.27,TRADE
NSW1,2011/2/9 8:30,9616.52,33.29,TRADE
NSW1,2011/2/9 9:00,9716.07,34.67,TRADE
NSW1,2011/2/9 9:30,9816.01,34.6,TRADE
NSW1,2011/2/9 10:00,9875.89,33.61,TRADE
NSW1,2011/2/9 10:30,9849.03,33.11,TRADE
NSW1,2011/2/9 11:00,9801.28,32.2,TRADE
NSW1,2011/2/9 11:30,9844.44,33.13,TRADE
NSW1,2011/2/9 12:00,9845.88,35.49,TRADE
NSW1,2011/2/9 12:30,9916.34,37.2,TRADE
NSW1,2011/2/9 13:00,9979.71,37.17,TRADE
NSW1,2011/2/9 13:30,9973.93,39.7,TRADE
NSW1,2011/2/9 14:00,9978.7,39.07,TRADE
NSW1,2011/2/9 14:30,9913.71,38.76,TRADE
NSW1,2011/2/9 15:00,9988.84,38.67,TRADE
NSW1,2011/2/9 15:30,9992.88,38.53,TRADE
NSW1,2011/2/9 16:00,10013.91,38.78,TRADE
NSW1,2011/2/9 16:30,9847.65,36.48,TRADE
NSW1,2011/2/9 17:00,9726.22,36.12,TRADE
NSW1,2011/2/9 17:30,9410.92,30.27,TRADE
NSW1,2011/2/9 18:00,9267.95,27.65,TRADE
NSW1,2011/2/9 18:30,9106.81,25.94,TRADE
NSW1,2011/2/9 19:00,9079.88,27.8,TRADE
NSW1,2011/2/9 19:30,9181.82,28.91,TRADE
NSW1,2011/2/9 20:00,9152.48,28.33,TRADE
NSW1,2011/2/9 20:30,8948.54,26.86,TRADE
NSW1,2011/2/9 21:00,8651.41,25.49,TRADE
NSW1,2011/2/9 21:30,8675.88,25.41,TRADE
NSW1,2011/2/9 22:00,8386.34,23.16,TRADE
NSW1,2011/2/9 22:30,8289.1,25.48,TRADE
NSW1,2011/2/9 23:00,8119.73,25.51,TRADE
NSW1,2011/2/9 23:30,7936.28,25.5,TRADE
NSW1,2011/2/10 0:00,7769.54,24.47,TRADE
NSW1,2011/2/10 0:30,7578.32,20.22,TRADE
NSW1,2011/2/10 1:00,7338.83,19.91,TRADE
NSW1,2011/2/10 1:30,7065.6,21.82,TRADE
NSW1,2011/2/10 2:00,6846.36,19.93,TRADE
NSW1,2011/2/10 2:30,6710.24,19.85,TRADE
NSW1,2011/2/10 3:00,6611.11,19.86,TRADE
NSW1,2011/2/10 3:30,6539.75,19.85,TRADE
NSW1,2011/2/10 4:00,6589.23,19.9,TRADE
NSW1,2011/2/10 4:30,6816.79,21.55,TRADE
NSW1,2011/2/10 5:00,7116.85,21.19,TRADE
NSW1,2011/2/10 5:30,7701.55,24.05,TRADE
NSW1,2011/2/10 6:00,8220.1,26.24,TRADE
NSW1,2011/2/10 6:30,8676.1,28.61,TRADE
NSW1,2011/2/10 7:00,9091.34,35.62,TRADE
NSW1,2011/2/10 7:30,9348.19,27.07,TRADE
NSW1,2011/2/10 8:00,9504.95,30.21,TRADE
NSW1,2011/2/10 8:30,9761.3,30.92,TRADE
NSW1,2011/2/10 9:00,9908.89,33.11,TRADE
NSW1,2011/2/10 9:30,9977.88,34.02,TRADE
NSW1,2011/2/10 10:00,10023.39,33.98,TRADE
NSW1,2011/2/10 10:30,10019.02,35.99,TRADE
NSW1,2011/2/10 11:00,10036.8,36.15,TRADE
NSW1,2011/2/10 11:30,10131.87,36.5,TRADE
NSW1,2011/2/10 12:00,10169.05,35.47,TRADE
NSW1,2011/2/10 12:30,10262.87,37.95,TRADE
NSW1,2011/2/10 13:00,10361.67,40.04,TRADE
NSW1,2011/2/10 13:30,10382.06,39.45,TRADE
NSW1,2011/2/10 14:00,10458.42,38.9,TRADE
NSW1,2011/2/10 14:30,10471.86,38.15,TRADE
NSW1,2011/2/10 15:00,10546.8,39.02,TRADE
NSW1,2011/2/10 15:30,10597.82,39.93,TRADE
NSW1,2011/2/10 16:00,10642.49,49.77,TRADE
NSW1,2011/2/10 16:30,10565.47,44.36,TRADE
NSW1,2011/2/10 17:00,10549.17,40.4,TRADE
NSW1,2011/2/10 17:30,10225.27,35.62,TRADE
NSW1,2011/2/10 18:00,10057.57,35.72,TRADE
NSW1,2011/2/10 18:30,9828.96,30.21,TRADE
NSW1,2011/2/10 19:00,9682.24,36.04,TRADE
NSW1,2011/2/10 19:30,9787.97,38.89,TRADE
NSW1,2011/2/10 20:00,9743.14,39.22,TRADE
NSW1,2011/2/10 20:30,9356.19,32.28,TRADE
NSW1,2011/2/10 21:00,8993.09,28.64,TRADE
NSW1,2011/2/10 21:30,8964.76,27.59,TRADE
NSW1,2011/2/10 22:00,8682.87,25.5,TRADE
NSW1,2011/2/10 22:30,8562.31,30.41,TRADE
NSW1,2011/2/10 23:00,8311.69,30.13,TRADE
NSW1,2011/2/10 23:30,8081.9,30.9,TRADE
NSW1,2011/2/11 0:00,7867.15,27.2,TRADE
NSW1,2011/2/11 0:30,7683.51,23.79,TRADE
NSW1,2011/2/11 1:00,7477.38,24.05,TRADE
NSW1,2011/2/11 1:30,7188.16,25.39,TRADE
NSW1,2011/2/11 2:00,6970.36,24.51,TRADE
NSW1,2011/2/11 2:30,6789.5,21.42,TRADE
NSW1,2011/2/11 3:00,6712.58,21.92,TRADE
NSW1,2011/2/11 3:30,6687.86,20.76,TRADE
NSW1,2011/2/11 4:00,6752.14,20.01,TRADE
NSW1,2011/2/11 4:30,6940.26,21.51,TRADE
NSW1,2011/2/11 5:00,7231.35,21.82,TRADE
NSW1,2011/2/11 5:30,7788.66,25.29,TRADE
NSW1,2011/2/11 6:00,8281.49,25.23,TRADE
NSW1,2011/2/11 6:30,8807.85,30.42,TRADE
NSW1,2011/2/11 7:00,9252.57,36.31,TRADE
NSW1,2011/2/11 7:30,9516.36,29.15,TRADE
NSW1,2011/2/11 8:00,9757.32,34.9,TRADE
NSW1,2011/2/11 8:30,10009.23,35.2,TRADE
NSW1,2011/2/11 9:00,10287.45,38.1,TRADE
NSW1,2011/2/11 9:30,10494.5,38.17,TRADE
NSW1,2011/2/11 10:00,10631.36,40.83,TRADE
NSW1,2011/2/11 10:30,10790.38,41.47,TRADE
NSW1,2011/2/11 11:00,11004.68,45.51,TRADE
NSW1,2011/2/11 11:30,11115.23,45.63,TRADE
NSW1,2011/2/11 12:00,11161.42,40.93,TRADE
NSW1,2011/2/11 12:30,11193.66,39.93,TRADE
NSW1,2011/2/11 13:00,11336.53,39.57,TRADE
NSW1,2011/2/11 13:30,11420.3,38.64,TRADE
NSW1,2011/2/11 14:00,11498.9,36.91,TRADE
NSW1,2011/2/11 14:30,11664.53,37.81,TRADE
NSW1,2011/2/11 15:00,11893.66,38.61,TRADE
NSW1,2011/2/11 15:30,11956.97,41.48,TRADE
NSW1,2011/2/11 16:00,12002.93,40.52,TRADE
NSW1,2011/2/11 16:30,11738.05,37.03,TRADE
NSW1,2011/2/11 17:00,11404.78,32.45,TRADE
NSW1,2011/2/11 17:30,10963.91,29.55,TRADE
NSW1,2011/2/11 18:00,10702.21,27.98,TRADE
NSW1,2011/2/11 18:30,10388.63,25.65,TRADE
NSW1,2011/2/11 19:00,10215.02,25.51,TRADE
NSW1,2011/2/11 19:30,10253.11,25.68,TRADE
NSW1,2011/2/11 20:00,10104.54,25.51,TRADE
NSW1,2011/2/11 20:30,9829.99,25.43,TRADE
NSW1,2011/2/11 21:00,9552.05,25.38,TRADE
NSW1,2011/2/11 21:30,9497.49,26.63,TRADE
NSW1,2011/2/11 22:00,9247.8,24.84,TRADE
NSW1,2011/2/11 22:30,9100.54,29.09,TRADE
NSW1,2011/2/11 23:00,8826.38,26.12,TRADE
NSW1,2011/2/11 23:30,8492.74,26.24,TRADE
NSW1,2011/2/12 0:00,8210.64,23.74,TRADE
NSW1,2011/2/12 0:30,7998.06,22.53,TRADE
NSW1,2011/2/12 1:00,7706.16,19.69,TRADE
NSW1,2011/2/12 1:30,7415.1,20.89,TRADE
NSW1,2011/2/12 2:00,7171.17,18.72,TRADE
NSW1,2011/2/12 2:30,7036.45,18.77,TRADE
NSW1,2011/2/12 3:00,6915.11,17.15,TRADE
NSW1,2011/2/12 3:30,6824.23,16.79,TRADE
NSW1,2011/2/12 4:00,6822.43,16.44,TRADE
NSW1,2011/2/12 4:30,6873.64,17.92,TRADE
NSW1,2011/2/12 5:00,7048.54,18.85,TRADE
NSW1,2011/2/12 5:30,7255.54,19.74,TRADE
NSW1,2011/2/12 6:00,7416.48,19.89,TRADE
NSW1,2011/2/12 6:30,7687.4,21.38,TRADE
NSW1,2011/2/12 7:00,8148.5,25.51,TRADE
NSW1,2011/2/12 7:30,8501.47,26,TRADE
NSW1,2011/2/12 8:00,8868.4,25.84,TRADE
NSW1,2011/2/12 8:30,9219.38,27.29,TRADE
NSW1,2011/2/12 9:00,9302.22,25.92,TRADE
NSW1,2011/2/12 9:30,9417.02,26.54,TRADE
NSW1,2011/2/12 10:00,9404.61,26.3,TRADE
NSW1,2011/2/12 10:30,9384.41,25.78,TRADE
NSW1,2011/2/12 11:00,9267.3,25.51,TRADE
NSW1,2011/2/12 11:30,9227.29,25.51,TRADE
NSW1,2011/2/12 12:00,9129.97,25.51,TRADE
NSW1,2011/2/12 12:30,9027.33,25.51,TRADE
NSW1,2011/2/12 13:00,8965.9,25.51,TRADE
NSW1,2011/2/12 13:30,8854.83,25.51,TRADE
NSW1,2011/2/12 14:00,8818.61,25.51,TRADE
NSW1,2011/2/12 14:30,8794.92,25.51,TRADE
NSW1,2011/2/12 15:00,8790.28,25.51,TRADE
NSW1,2011/2/12 15:30,8810.23,25.52,TRADE
NSW1,2011/2/12 16:00,8805.14,25.51,TRADE
NSW1,2011/2/12 16:30,8729.86,25.51,TRADE
NSW1,2011/2/12 17:00,8592.23,25.51,TRADE
NSW1,2011/2/12 17:30,8441.03,25.38,TRADE
NSW1,2011/2/12 18:00,8459.2,25.43,TRADE
NSW1,2011/2/12 18:30,8455.08,25.16,TRADE
NSW1,2011/2/12 19:00,8437.64,25.47,TRADE
NSW1,2011/2/12 19:30,8415.64,25.15,TRADE
NSW1,2011/2/12 20:00,8301.39,25.43,TRADE
NSW1,2011/2/12 20:30,8127.63,24.12,TRADE
NSW1,2011/2/12 21:00,8011.66,21.86,TRADE
NSW1,2011/2/12 21:30,8023.15,22.58,TRADE
NSW1,2011/2/12 22:00,7874.11,19.92,TRADE
NSW1,2011/2/12 22:30,7846.61,22.26,TRADE
NSW1,2011/2/12 23:00,7642.94,20.47,TRADE
NSW1,2011/2/12 23:30,7380.21,20.36,TRADE
NSW1,2011/2/13 0:00,7172.07,19.53,TRADE
NSW1,2011/2/13 0:30,7033.61,19.09,TRADE
NSW1,2011/2/13 1:00,6839.32,17.85,TRADE
NSW1,2011/2/13 1:30,6662.28,20.84,TRADE
NSW1,2011/2/13 2:00,6458.72,19.21,TRADE
NSW1,2011/2/13 2:30,6307.82,15.56,TRADE
NSW1,2011/2/13 3:00,6253.56,15.77,TRADE
NSW1,2011/2/13 3:30,6221.02,16.06,TRADE
NSW1,2011/2/13 4:00,6241.02,14.88,TRADE
NSW1,2011/2/13 4:30,6287.54,16.31,TRADE
NSW1,2011/2/13 5:00,6355.23,16.82,TRADE
NSW1,2011/2/13 5:30,6509.48,16.56,TRADE
NSW1,2011/2/13 6:00,6543.84,15.77,TRADE
NSW1,2011/2/13 6:30,6792.94,17.93,TRADE
NSW1,2011/2/13 7:00,7080.46,18.44,TRADE
NSW1,2011/2/13 7:30,7441.18,19.62,TRADE
NSW1,2011/2/13 8:00,7726.31,19.87,TRADE
NSW1,2011/2/13 8:30,8034.84,22.72,TRADE
NSW1,2011/2/13 9:00,8314.76,24.83,TRADE
NSW1,2011/2/13 9:30,8493.13,24.82,TRADE
NSW1,2011/2/13 10:00,8479.36,24.66,TRADE
NSW1,2011/2/13 10:30,8480,25.48,TRADE
NSW1,2011/2/13 11:00,8549.19,25.51,TRADE
NSW1,2011/2/13 11:30,8524.49,25.5,TRADE
NSW1,2011/2/13 12:00,8473.58,25.48,TRADE
NSW1,2011/2/13 12:30,8488.57,25.5,TRADE
NSW1,2011/2/13 13:00,8446.1,25.5,TRADE
NSW1,2011/2/13 13:30,8368.48,25.4,TRADE
NSW1,2011/2/13 14:00,8385.86,25.51,TRADE
NSW1,2011/2/13 14:30,8401.34,25.51,TRADE
NSW1,2011/2/13 15:00,8405.59,25.51,TRADE
NSW1,2011/2/13 15:30,8472.81,25.51,TRADE
NSW1,2011/2/13 16:00,8493.05,25.51,TRADE
NSW1,2011/2/13 16:30,8420.96,25.51,TRADE
NSW1,2011/2/13 17:00,8521.44,25.52,TRADE
NSW1,2011/2/13 17:30,8589.36,25.56,TRADE
NSW1,2011/2/13 18:00,8548,25.51,TRADE
NSW1,2011/2/13 18:30,8391.2,25.5,TRADE
NSW1,2011/2/13 19:00,8389.46,25.51,TRADE
NSW1,2011/2/13 19:30,8439.43,25.52,TRADE
NSW1,2011/2/13 20:00,8428.42,25.56,TRADE
NSW1,2011/2/13 20:30,8162.68,25.29,TRADE
NSW1,2011/2/13 21:00,7922.6,25.48,TRADE
NSW1,2011/2/13 21:30,7788.29,25.27,TRADE
NSW1,2011/2/13 22:00,7661.57,21.75,TRADE
NSW1,2011/2/13 22:30,7525.77,19.51,TRADE
NSW1,2011/2/13 23:00,7284.15,19.54,TRADE
NSW1,2011/2/13 23:30,7123.91,21.72,TRADE
NSW1,2011/2/14 0:00,7030.64,19.98,TRADE
NSW1,2011/2/14 0:30,6907.32,17.71,TRADE
NSW1,2011/2/14 1:00,6753.39,17.68,TRADE
NSW1,2011/2/14 1:30,6522.07,19.74,TRADE
NSW1,2011/2/14 2:00,6367.21,19.4,TRADE
NSW1,2011/2/14 2:30,6245.02,16.4,TRADE
NSW1,2011/2/14 3:00,6176.05,15.71,TRADE
NSW1,2011/2/14 3:30,6209.43,15.41,TRADE
NSW1,2011/2/14 4:00,6282.09,16.59,TRADE
NSW1,2011/2/14 4:30,6517.7,18.8,TRADE
NSW1,2011/2/14 5:00,6895.75,19.99,TRADE
NSW1,2011/2/14 5:30,7542.47,22.31,TRADE
NSW1,2011/2/14 6:00,8164.62,24.93,TRADE
NSW1,2011/2/14 6:30,8631.17,27.96,TRADE
NSW1,2011/2/14 7:00,9056.6,28.47,TRADE
NSW1,2011/2/14 7:30,9287.15,25.59,TRADE
NSW1,2011/2/14 8:00,9331.07,25.56,TRADE
NSW1,2011/2/14 8:30,9529.3,27.48,TRADE
NSW1,2011/2/14 9:00,9668.17,28.53,TRADE
NSW1,2011/2/14 9:30,9777.1,28.6,TRADE
NSW1,2011/2/14 10:00,9861.88,29.03,TRADE
NSW1,2011/2/14 10:30,9833.87,29.58,TRADE
NSW1,2011/2/14 11:00,9865.08,29.65,TRADE
NSW1,2011/2/14 11:30,9854.47,29.47,TRADE
NSW1,2011/2/14 12:00,9815.36,29.37,TRADE
NSW1,2011/2/14 12:30,9835.68,32.88,TRADE
NSW1,2011/2/14 13:00,9784.52,32.02,TRADE
NSW1,2011/2/14 13:30,9764.82,32.87,TRADE
NSW1,2011/2/14 14:00,9731.99,32.17,TRADE
NSW1,2011/2/14 14:30,9701.53,30.05,TRADE
NSW1,2011/2/14 15:00,9697.86,30.43,TRADE
NSW1,2011/2/14 15:30,9664.94,30.68,TRADE
NSW1,2011/2/14 16:00,9714.58,32.82,TRADE
NSW1,2011/2/14 16:30,9602.39,29.95,TRADE
NSW1,2011/2/14 17:00,9540.77,29.01,TRADE
NSW1,2011/2/14 17:30,9322.04,26.32,TRADE
NSW1,2011/2/14 18:00,9131.08,25.48,TRADE
NSW1,2011/2/14 18:30,9033.21,25.51,TRADE
NSW1,2011/2/14 19:00,8981.96,25.51,TRADE
NSW1,2011/2/14 19:30,9027.46,25.53,TRADE
NSW1,2011/2/14 20:00,8950.45,25.51,TRADE
NSW1,2011/2/14 20:30,8665.28,25.44,TRADE
NSW1,2011/2/14 21:00,8409.6,25.51,TRADE
NSW1,2011/2/14 21:30,8388.97,25.6,TRADE
NSW1,2011/2/14 22:00,8193.64,24.25,TRADE
NSW1,2011/2/14 22:30,8145.2,24.42,TRADE
NSW1,2011/2/14 23:00,8002.07,24.06,TRADE
NSW1,2011/2/14 23:30,7829.7,24.38,TRADE
NSW1,2011/2/15 0:00,7673.92,22.68,TRADE
NSW1,2011/2/15 0:30,7475.99,18.93,TRADE
NSW1,2011/2/15 1:00,7241.2,19.75,TRADE
NSW1,2011/2/15 1:30,6953.32,19.96,TRADE
NSW1,2011/2/15 2:00,6748.75,19.62,TRADE
NSW1,2011/2/15 2:30,6542.72,14.52,TRADE
NSW1,2011/2/15 3:00,6461.53,16.35,TRADE
NSW1,2011/2/15 3:30,6458.83,16.1,TRADE
NSW1,2011/2/15 4:00,6548,18.06,TRADE
NSW1,2011/2/15 4:30,6744.15,18.44,TRADE
NSW1,2011/2/15 5:00,7069.04,20.69,TRADE
NSW1,2011/2/15 5:30,7650.15,23.74,TRADE
NSW1,2011/2/15 6:00,8142.95,25.34,TRADE
NSW1,2011/2/15 6:30,8627.43,31.93,TRADE
NSW1,2011/2/15 7:00,9046.88,28.89,TRADE
NSW1,2011/2/15 7:30,9229.43,25.17,TRADE
NSW1,2011/2/15 8:00,9293.79,27.25,TRADE
NSW1,2011/2/15 8:30,9537.94,29.38,TRADE
NSW1,2011/2/15 9:00,9752.81,31.23,TRADE
NSW1,2011/2/15 9:30,9738.19,30.07,TRADE
NSW1,2011/2/15 10:00,9755.1,32.74,TRADE
NSW1,2011/2/15 10:30,9791.44,35.74,TRADE
NSW1,2011/2/15 11:00,9886.5,37.03,TRADE
NSW1,2011/2/15 11:30,9874.35,33.05,TRADE
NSW1,2011/2/15 12:00,9827.94,33.98,TRADE
NSW1,2011/2/15 12:30,9822,35.32,TRADE
NSW1,2011/2/15 13:00,9826.65,36.22,TRADE
NSW1,2011/2/15 13:30,9792.86,40.63,TRADE
NSW1,2011/2/15 14:00,9712.48,38.4,TRADE
NSW1,2011/2/15 14:30,9614.27,35.97,TRADE
NSW1,2011/2/15 15:00,9767.97,36.61,TRADE
NSW1,2011/2/15 15:30,9751.88,37.44,TRADE
NSW1,2011/2/15 16:00,9685.29,38.79,TRADE
NSW1,2011/2/15 16:30,9541.4,34.75,TRADE
NSW1,2011/2/15 17:00,9516.63,34.33,TRADE
NSW1,2011/2/15 17:30,9276.07,27.62,TRADE
NSW1,2011/2/15 18:00,9201.11,26.59,TRADE
NSW1,2011/2/15 18:30,9016.35,25.34,TRADE
NSW1,2011/2/15 19:00,9022.69,25.51,TRADE
NSW1,2011/2/15 19:30,9126.42,25.42,TRADE
NSW1,2011/2/15 20:00,9005.35,25.61,TRADE
NSW1,2011/2/15 20:30,8695.56,25.41,TRADE
NSW1,2011/2/15 21:00,8408.93,25.31,TRADE
NSW1,2011/2/15 21:30,8408.08,25.51,TRADE
NSW1,2011/2/15 22:00,8191.85,24.67,TRADE
NSW1,2011/2/15 22:30,8162.08,24.96,TRADE
NSW1,2011/2/15 23:00,8034.23,25.09,TRADE
NSW1,2011/2/15 23:30,7819.11,24.63,TRADE
NSW1,2011/2/16 0:00,7698.66,22.02,TRADE
NSW1,2011/2/16 0:30,7516.49,19.77,TRADE
NSW1,2011/2/16 1:00,7308.4,19.3,TRADE
NSW1,2011/2/16 1:30,7000.9,20.17,TRADE
NSW1,2011/2/16 2:00,6719.3,18.15,TRADE
NSW1,2011/2/16 2:30,6507.63,15.89,TRADE
NSW1,2011/2/16 3:00,6434.3,15.66,TRADE
NSW1,2011/2/16 3:30,6434.49,15.65,TRADE
NSW1,2011/2/16 4:00,6538.93,17.96,TRADE
NSW1,2011/2/16 4:30,6767.97,19.85,TRADE
NSW1,2011/2/16 5:00,7087.46,21.56,TRADE
NSW1,2011/2/16 5:30,7700.43,24.24,TRADE
NSW1,2011/2/16 6:00,8282.93,25.56,TRADE
NSW1,2011/2/16 6:30,8757.37,29.84,TRADE
NSW1,2011/2/16 7:00,9172.58,31.59,TRADE
NSW1,2011/2/16 7:30,9325.1,26.7,TRADE
NSW1,2011/2/16 8:00,9429.85,28.01,TRADE
NSW1,2011/2/16 8:30,9613.37,30.94,TRADE
NSW1,2011/2/16 9:00,9754.03,30.87,TRADE
NSW1,2011/2/16 9:30,9873.41,33.6,TRADE
NSW1,2011/2/16 10:00,9811.75,32.25,TRADE
NSW1,2011/2/16 10:30,9652.21,30.77,TRADE
NSW1,2011/2/16 11:00,10016.33,34.8,TRADE
NSW1,2011/2/16 11:30,10128.39,38.5,TRADE
NSW1,2011/2/16 12:00,10057.84,37.71,TRADE
NSW1,2011/2/16 12:30,10091.39,37.77,TRADE
NSW1,2011/2/16 13:00,10077.42,39.71,TRADE
NSW1,2011/2/16 13:30,10140.41,40.99,TRADE
NSW1,2011/2/16 14:00,10137.81,41.39,TRADE
NSW1,2011/2/16 14:30,10085.3,36.8,TRADE
NSW1,2011/2/16 15:00,10086.68,38.95,TRADE
NSW1,2011/2/16 15:30,10113.43,41.99,TRADE
NSW1,2011/2/16 16:00,10090.78,41.96,TRADE
NSW1,2011/2/16 16:30,10003.6,38.31,TRADE
NSW1,2011/2/16 17:00,9918.71,34.05,TRADE
NSW1,2011/2/16 17:30,9622.04,29.62,TRADE
NSW1,2011/2/16 18:00,9465.55,28.71,TRADE
NSW1,2011/2/16 18:30,9356.33,29.93,TRADE
NSW1,2011/2/16 19:00,9355.79,36.17,TRADE
NSW1,2011/2/16 19:30,9384.94,35.5,TRADE
NSW1,2011/2/16 20:00,9309.55,31.53,TRADE
NSW1,2011/2/16 20:30,9068.42,27.81,TRADE
NSW1,2011/2/16 21:00,8797.08,25.47,TRADE
NSW1,2011/2/16 21:30,8807.22,25.99,TRADE
NSW1,2011/2/16 22:00,8606.39,25.2,TRADE
NSW1,2011/2/16 22:30,8458.93,25.92,TRADE
NSW1,2011/2/16 23:00,8277.71,25.51,TRADE
NSW1,2011/2/16 23:30,8069.49,27.24,TRADE
NSW1,2011/2/17 0:00,7929.25,26.48,TRADE
NSW1,2011/2/17 0:30,7752.62,25.89,TRADE
NSW1,2011/2/17 1:00,7546.76,25.65,TRADE
NSW1,2011/2/17 1:30,7238.32,25.13,TRADE
NSW1,2011/2/17 2:00,6964.16,25.03,TRADE
NSW1,2011/2/17 2:30,6795.37,24.04,TRADE
NSW1,2011/2/17 3:00,6726.97,24.05,TRADE
NSW1,2011/2/17 3:30,6751.58,25.09,TRADE
NSW1,2011/2/17 4:00,6824.54,25.51,TRADE
NSW1,2011/2/17 4:30,7042.96,25.46,TRADE
NSW1,2011/2/17 5:00,7311.13,25.98,TRADE
NSW1,2011/2/17 5:30,7942.72,28.2,TRADE
NSW1,2011/2/17 6:00,8475.08,29.21,TRADE
NSW1,2011/2/17 6:30,8947.33,32.66,TRADE
NSW1,2011/2/17 7:00,9369.35,40.31,TRADE
NSW1,2011/2/17 7:30,9652.16,28.76,TRADE
NSW1,2011/2/17 8:00,9808.32,30.35,TRADE
NSW1,2011/2/17 8:30,10021.49,33.32,TRADE
NSW1,2011/2/17 9:00,10188.29,37.06,TRADE
NSW1,2011/2/17 9:30,10350.74,38.32,TRADE
NSW1,2011/2/17 10:00,10480.38,40.01,TRADE
NSW1,2011/2/17 10:30,10577.75,40.41,TRADE
NSW1,2011/2/17 11:00,10743.54,44.61,TRADE
NSW1,2011/2/17 11:30,10844.22,45.62,TRADE
NSW1,2011/2/17 12:00,10865.83,42.2,TRADE
NSW1,2011/2/17 12:30,11000.24,50.17,TRADE
NSW1,2011/2/17 13:00,11049.49,51.71,TRADE
NSW1,2011/2/17 13:30,11099.12,64.62,TRADE
NSW1,2011/2/17 14:00,11077.98,62.78,TRADE
NSW1,2011/2/17 14:30,10941.31,47.4,TRADE
NSW1,2011/2/17 15:00,10947.89,44.07,TRADE
NSW1,2011/2/17 15:30,10961.72,47.78,TRADE
NSW1,2011/2/17 16:00,11046.48,55.49,TRADE
NSW1,2011/2/17 16:30,11023.71,52.86,TRADE
NSW1,2011/2/17 17:00,10911.67,44.03,TRADE
NSW1,2011/2/17 17:30,10713.8,47.16,TRADE
NSW1,2011/2/17 18:00,10540.65,46.77,TRADE
NSW1,2011/2/17 18:30,10327.56,40.13,TRADE
NSW1,2011/2/17 19:00,10171.93,38.75,TRADE
NSW1,2011/2/17 19:30,10302.31,42.85,TRADE
NSW1,2011/2/17 20:00,10225.2,42.38,TRADE
NSW1,2011/2/17 20:30,9795.64,39.55,TRADE
NSW1,2011/2/17 21:00,9398.75,33.14,TRADE
NSW1,2011/2/17 21:30,9137.26,31.81,TRADE
NSW1,2011/2/17 22:00,8874.92,26.6,TRADE
NSW1,2011/2/17 22:30,8653.88,26.02,TRADE
NSW1,2011/2/17 23:00,8424.85,25.57,TRADE
NSW1,2011/2/17 23:30,8215.48,25.32,TRADE
NSW1,2011/2/18 0:00,8038.44,25.34,TRADE
NSW1,2011/2/18 0:30,7839.24,25.47,TRADE
NSW1,2011/2/18 1:00,7582.31,25.02,TRADE
NSW1,2011/2/18 1:30,7259.73,25.51,TRADE
NSW1,2011/2/18 2:00,7069.93,25.41,TRADE
NSW1,2011/2/18 2:30,6890.49,25.07,TRADE
NSW1,2011/2/18 3:00,6806.94,24.06,TRADE
NSW1,2011/2/18 3:30,6796.51,24.84,TRADE
NSW1,2011/2/18 4:00,6876.06,25.51,TRADE
NSW1,2011/2/18 4:30,7079.13,25.51,TRADE
NSW1,2011/2/18 5:00,7377.77,25.68,TRADE
NSW1,2011/2/18 5:30,7997.03,28.43,TRADE
NSW1,2011/2/18 6:00,8554,29.6,TRADE
NSW1,2011/2/18 6:30,9096.74,34.45,TRADE
NSW1,2011/2/18 7:00,9497.76,42.35,TRADE
NSW1,2011/2/18 7:30,9774.53,35.46,TRADE
NSW1,2011/2/18 8:00,9937.05,39.46,TRADE
NSW1,2011/2/18 8:30,10200.57,45.04,TRADE
NSW1,2011/2/18 9:00,10288.49,47.89,TRADE
NSW1,2011/2/18 9:30,10405.14,46.29,TRADE
NSW1,2011/2/18 10:00,10449.67,45.02,TRADE
NSW1,2011/2/18 10:30,10481.84,45.76,TRADE
NSW1,2011/2/18 11:00,10554.01,45.48,TRADE
NSW1,2011/2/18 11:30,10496.17,46.86,TRADE
NSW1,2011/2/18 12:00,10522.9,48.7,TRADE
NSW1,2011/2/18 12:30,10563.48,46.45,TRADE
NSW1,2011/2/18 13:00,10619.12,43.72,TRADE
NSW1,2011/2/18 13:30,10656.59,51.26,TRADE
NSW1,2011/2/18 14:00,10700.75,48.23,TRADE
NSW1,2011/2/18 14:30,10739.78,48.33,TRADE
NSW1,2011/2/18 15:00,10769.79,50.14,TRADE
NSW1,2011/2/18 15:30,10788.17,49.14,TRADE
NSW1,2011/2/18 16:00,10805.98,49.52,TRADE
NSW1,2011/2/18 16:30,10582.75,43.18,TRADE
NSW1,2011/2/18 17:00,10391.53,42.19,TRADE
NSW1,2011/2/18 17:30,10011.04,38.45,TRADE
NSW1,2011/2/18 18:00,9791.02,36.66,TRADE
NSW1,2011/2/18 18:30,9480.45,33.43,TRADE
NSW1,2011/2/18 19:00,9452.76,37.66,TRADE
NSW1,2011/2/18 19:30,9614.37,40.74,TRADE
NSW1,2011/2/18 20:00,9448.77,40.27,TRADE
NSW1,2011/2/18 20:30,9207.46,37.49,TRADE
NSW1,2011/2/18 21:00,8955.41,34.79,TRADE
NSW1,2011/2/18 21:30,8918.92,33.01,TRADE
NSW1,2011/2/18 22:00,8812.86,29.36,TRADE
NSW1,2011/2/18 22:30,8719.7,43.55,TRADE
NSW1,2011/2/18 23:00,8533.04,35.65,TRADE
NSW1,2011/2/18 23:30,8325.61,38.57,TRADE
NSW1,2011/2/19 0:00,8096.66,38.22,TRADE
NSW1,2011/2/19 0:30,7908.96,27.77,TRADE
NSW1,2011/2/19 1:00,7587.15,23.92,TRADE
NSW1,2011/2/19 1:30,7280.59,24.12,TRADE
NSW1,2011/2/19 2:00,7000.67,24.58,TRADE
NSW1,2011/2/19 2:30,6835.94,24.99,TRADE
NSW1,2011/2/19 3:00,6721.04,25.3,TRADE
NSW1,2011/2/19 3:30,6634.59,24.59,TRADE
NSW1,2011/2/19 4:00,6653.31,24.75,TRADE
NSW1,2011/2/19 4:30,6727.94,25.59,TRADE
NSW1,2011/2/19 5:00,6836.32,25.62,TRADE
NSW1,2011/2/19 5:30,7099.6,25.51,TRADE
NSW1,2011/2/19 6:00,7230.54,24.78,TRADE
NSW1,2011/2/19 6:30,7547.82,25.49,TRADE
NSW1,2011/2/19 7:00,8017.67,30.31,TRADE
NSW1,2011/2/19 7:30,8448.6,30.71,TRADE
NSW1,2011/2/19 8:00,8781,35.98,TRADE
NSW1,2011/2/19 8:30,9142.88,46.06,TRADE
NSW1,2011/2/19 9:00,9246.49,48.05,TRADE
NSW1,2011/2/19 9:30,9446.23,44.09,TRADE
NSW1,2011/2/19 10:00,9555.98,41.57,TRADE
NSW1,2011/2/19 10:30,9636.38,46.7,TRADE
NSW1,2011/2/19 11:00,9801.33,45.87,TRADE
NSW1,2011/2/19 11:30,9857.72,38.57,TRADE
NSW1,2011/2/19 12:00,9974.21,37.83,TRADE
NSW1,2011/2/19 12:30,10135.73,38.47,TRADE
NSW1,2011/2/19 13:00,10366.77,52.64,TRADE
NSW1,2011/2/19 13:30,10560.16,60.36,TRADE
NSW1,2011/2/19 14:00,10718.42,74.61,TRADE
NSW1,2011/2/19 14:30,10849.13,98.84,TRADE
NSW1,2011/2/19 15:00,11056.37,81.66,TRADE
NSW1,2011/2/19 15:30,11182.31,94.32,TRADE
NSW1,2011/2/19 16:00,11298.29,97.07,TRADE
NSW1,2011/2/19 16:30,11222.46,88.54,TRADE
NSW1,2011/2/19 17:00,11157.86,87.51,TRADE
NSW1,2011/2/19 17:30,11095.3,91.33,TRADE
NSW1,2011/2/19 18:00,10936.17,64.2,TRADE
NSW1,2011/2/19 18:30,10700.65,51.38,TRADE
NSW1,2011/2/19 19:00,10602.28,56.5,TRADE
NSW1,2011/2/19 19:30,10578.15,76.22,TRADE
NSW1,2011/2/19 20:00,10508.38,73.76,TRADE
NSW1,2011/2/19 20:30,10260.52,56.87,TRADE
NSW1,2011/2/19 21:00,9962.24,48.62,TRADE
NSW1,2011/2/19 21:30,9760.86,46.85,TRADE
NSW1,2011/2/19 22:00,9528.33,36.28,TRADE
NSW1,2011/2/19 22:30,9287.41,49.67,TRADE
NSW1,2011/2/19 23:00,8962.22,39.95,TRADE
NSW1,2011/2/19 23:30,8613.06,43.86,TRADE
NSW1,2011/2/20 0:00,8356.48,43.23,TRADE
NSW1,2011/2/20 0:30,8120.52,40.08,TRADE
NSW1,2011/2/20 1:00,7815.57,30.37,TRADE
NSW1,2011/2/20 1:30,7549.9,33.93,TRADE
NSW1,2011/2/20 2:00,7287.27,25.91,TRADE
NSW1,2011/2/20 2:30,7170.77,24.54,TRADE
NSW1,2011/2/20 3:00,7028.86,25.16,TRADE
NSW1,2011/2/20 3:30,6998.31,26.35,TRADE
NSW1,2011/2/20 4:00,6960.3,25.51,TRADE
NSW1,2011/2/20 4:30,6971.32,25.18,TRADE
NSW1,2011/2/20 5:00,6993.57,26.14,TRADE
NSW1,2011/2/20 5:30,7179.1,27.88,TRADE
NSW1,2011/2/20 6:00,7173.73,24.31,TRADE
NSW1,2011/2/20 6:30,7472.14,26.05,TRADE
NSW1,2011/2/20 7:00,7863.09,28.08,TRADE
NSW1,2011/2/20 7:30,8278.52,28.28,TRADE
NSW1,2011/2/20 8:00,8720.18,29.23,TRADE
NSW1,2011/2/20 8:30,9176.13,41.41,TRADE
NSW1,2011/2/20 9:00,9551.43,48.59,TRADE
NSW1,2011/2/20 9:30,9878.94,69.7,TRADE
NSW1,2011/2/20 10:00,10073.69,62.06,TRADE
NSW1,2011/2/20 10:30,10294.81,49.72,TRADE
NSW1,2011/2/20 11:00,10430.41,48.87,TRADE
NSW1,2011/2/20 11:30,10633.55,53.03,TRADE
NSW1,2011/2/20 12:00,10778.74,59.08,TRADE
NSW1,2011/2/20 12:30,10823.32,73.8,TRADE
NSW1,2011/2/20 13:00,10871.98,99.6,TRADE
NSW1,2011/2/20 13:30,10998.06,105.94,TRADE
NSW1,2011/2/20 14:00,11039.49,107.23,TRADE
NSW1,2011/2/20 14:30,11086.24,100.4,TRADE
NSW1,2011/2/20 15:00,11158.41,104.76,TRADE
NSW1,2011/2/20 15:30,11129.2,101.57,TRADE
NSW1,2011/2/20 16:00,11131.42,101.86,TRADE
NSW1,2011/2/20 16:30,11028.62,86.82,TRADE
NSW1,2011/2/20 17:00,11009.32,56.6,TRADE
NSW1,2011/2/20 17:30,10903.85,50.47,TRADE
NSW1,2011/2/20 18:00,10760.49,52.76,TRADE
NSW1,2011/2/20 18:30,10602.05,48.96,TRADE
NSW1,2011/2/20 19:00,10500.17,75.85,TRADE
NSW1,2011/2/20 19:30,10497.59,80.05,TRADE
NSW1,2011/2/20 20:00,10354.09,78.9,TRADE
NSW1,2011/2/20 20:30,9994.82,46.92,TRADE
NSW1,2011/2/20 21:00,9638.15,41.08,TRADE
NSW1,2011/2/20 21:30,9378.8,41.04,TRADE
NSW1,2011/2/20 22:00,8983.27,33.03,TRADE
NSW1,2011/2/20 22:30,8650.32,33.17,TRADE
NSW1,2011/2/20 23:00,8346.22,30.9,TRADE
NSW1,2011/2/20 23:30,8033.1,26.26,TRADE
NSW1,2011/2/21 0:00,7841.13,25.13,TRADE
NSW1,2011/2/21 0:30,7686.96,24.85,TRADE
NSW1,2011/2/21 1:00,7478.29,25.19,TRADE
NSW1,2011/2/21 1:30,7191.41,26.37,TRADE
NSW1,2011/2/21 2:00,7039.16,25.54,TRADE
NSW1,2011/2/21 2:30,6886.48,25.19,TRADE
NSW1,2011/2/21 3:00,6909.69,25.64,TRADE
NSW1,2011/2/21 3:30,6880.29,25.41,TRADE
NSW1,2011/2/21 4:00,6942.58,25.72,TRADE
NSW1,2011/2/21 4:30,7113.15,24.55,TRADE
NSW1,2011/2/21 5:00,7446.99,26.13,TRADE
NSW1,2011/2/21 5:30,8051.52,28.89,TRADE
NSW1,2011/2/21 6:00,8574.89,31.55,TRADE
NSW1,2011/2/21 6:30,9035.9,36.62,TRADE
NSW1,2011/2/21 7:00,9435.24,39.29,TRADE
NSW1,2011/2/21 7:30,9689.96,34.26,TRADE
NSW1,2011/2/21 8:00,9841.43,35.64,TRADE
NSW1,2011/2/21 8:30,10087.82,39.93,TRADE
NSW1,2011/2/21 9:00,10188.12,43.15,TRADE
NSW1,2011/2/21 9:30,10283.75,44.54,TRADE
NSW1,2011/2/21 10:00,10274.72,42.6,TRADE
NSW1,2011/2/21 10:30,10292.13,42.84,TRADE
NSW1,2011/2/21 11:00,10319.55,42.78,TRADE
NSW1,2011/2/21 11:30,10373.08,44.05,TRADE
NSW1,2011/2/21 12:00,10336.52,42.63,TRADE
NSW1,2011/2/21 12:30,10401.23,51.76,TRADE
NSW1,2011/2/21 13:00,10399.59,68.79,TRADE
NSW1,2011/2/21 13:30,10468.74,62.71,TRADE
NSW1,2011/2/21 14:00,10413.86,63.07,TRADE
NSW1,2011/2/21 14:30,10434.55,72.87,TRADE
NSW1,2011/2/21 15:00,10302.81,43.81,TRADE
NSW1,2011/2/21 15:30,10302.4,39.08,TRADE
NSW1,2011/2/21 16:00,10198.16,36.43,TRADE
NSW1,2011/2/21 16:30,9984.9,33.8,TRADE
NSW1,2011/2/21 17:00,9880.9,32.97,TRADE
NSW1,2011/2/21 17:30,9603.54,33.06,TRADE
NSW1,2011/2/21 18:00,9434.75,29.01,TRADE
NSW1,2011/2/21 18:30,9291.4,27.95,TRADE
NSW1,2011/2/21 19:00,9188.95,26.91,TRADE
NSW1,2011/2/21 19:30,9110.47,27.28,TRADE
NSW1,2011/2/21 20:00,8936.56,26.58,TRADE
NSW1,2011/2/21 20:30,8706.09,25.68,TRADE
NSW1,2011/2/21 21:00,8390.89,25.36,TRADE
NSW1,2011/2/21 21:30,8387.34,25.61,TRADE
NSW1,2011/2/21 22:00,8190.78,24.72,TRADE
NSW1,2011/2/21 22:30,8090.22,25.14,TRADE
NSW1,2011/2/21 23:00,7986.72,24.71,TRADE
NSW1,2011/2/21 23:30,7737.04,25.21,TRADE
NSW1,2011/2/22 0:00,7571.67,24.33,TRADE
NSW1,2011/2/22 0:30,7373.44,21.73,TRADE
NSW1,2011/2/22 1:00,7195.69,20.36,TRADE
NSW1,2011/2/22 1:30,6949.63,20.17,TRADE
NSW1,2011/2/22 2:00,6730.03,17.27,TRADE
NSW1,2011/2/22 2:30,6573.98,16.3,TRADE
NSW1,2011/2/22 3:00,6488.98,15.99,TRADE
NSW1,2011/2/22 3:30,6506.66,17.36,TRADE
NSW1,2011/2/22 4:00,6597.61,18.64,TRADE
NSW1,2011/2/22 4:30,6802.26,22.05,TRADE
NSW1,2011/2/22 5:00,7143.62,21.67,TRADE
NSW1,2011/2/22 5:30,7779.93,24.55,TRADE
NSW1,2011/2/22 6:00,8389.77,25.08,TRADE
NSW1,2011/2/22 6:30,8786.56,27.83,TRADE
NSW1,2011/2/22 7:00,9155.99,30.19,TRADE
NSW1,2011/2/22 7:30,9298.15,26.54,TRADE
NSW1,2011/2/22 8:00,9358.43,29.17,TRADE
NSW1,2011/2/22 8:30,9569.57,31.26,TRADE
NSW1,2011/2/22 9:00,9599.6,31.59,TRADE
NSW1,2011/2/22 9:30,9683.76,32.87,TRADE
NSW1,2011/2/22 10:00,9670.87,33.19,TRADE
NSW1,2011/2/22 10:30,9648.43,31.76,TRADE
NSW1,2011/2/22 11:00,9683.27,31.87,TRADE
NSW1,2011/2/22 11:30,9616.87,30.42,TRADE
NSW1,2011/2/22 12:00,9590.53,30.33,TRADE
NSW1,2011/2/22 12:30,9578.71,30.76,TRADE
NSW1,2011/2/22 13:00,9580.69,32.49,TRADE
NSW1,2011/2/22 13:30,9528.63,31.71,TRADE
NSW1,2011/2/22 14:00,9532.54,32.5,TRADE
NSW1,2011/2/22 14:30,9430.35,30.82,TRADE
NSW1,2011/2/22 15:00,9442.48,30.74,TRADE
NSW1,2011/2/22 15:30,9485.74,29.71,TRADE
NSW1,2011/2/22 16:00,9486.08,30.78,TRADE
NSW1,2011/2/22 16:30,9444.57,30.27,TRADE
NSW1,2011/2/22 17:00,9398.51,28.86,TRADE
NSW1,2011/2/22 17:30,9143.08,25.94,TRADE
NSW1,2011/2/22 18:00,9047.44,25.51,TRADE
NSW1,2011/2/22 18:30,8910.35,25.51,TRADE
NSW1,2011/2/22 19:00,8999.48,25.72,TRADE
NSW1,2011/2/22 19:30,9038.89,26.11,TRADE
NSW1,2011/2/22 20:00,8923.31,25.6,TRADE
NSW1,2011/2/22 20:30,8627.26,25.51,TRADE
NSW1,2011/2/22 21:00,8377.96,25.5,TRADE
NSW1,2011/2/22 21:30,8451.72,25.57,TRADE
NSW1,2011/2/22 22:00,8160.33,23.4,TRADE
NSW1,2011/2/22 22:30,8134.34,23.95,TRADE
NSW1,2011/2/22 23:00,7994.06,24.95,TRADE
NSW1,2011/2/22 23:30,7819.71,23.92,TRADE
NSW1,2011/2/23 0:00,7683.66,22.95,TRADE
NSW1,2011/2/23 0:30,7486.86,21.28,TRADE
NSW1,2011/2/23 1:00,7292.35,19.67,TRADE
NSW1,2011/2/23 1:30,7010.46,21.84,TRADE
NSW1,2011/2/23 2:00,6796.18,20.32,TRADE
NSW1,2011/2/23 2:30,6542.75,17.13,TRADE
NSW1,2011/2/23 3:00,6484.63,19.32,TRADE
NSW1,2011/2/23 3:30,6452.95,19.45,TRADE
NSW1,2011/2/23 4:00,6550.76,19.87,TRADE
NSW1,2011/2/23 4:30,6811.31,20.17,TRADE
NSW1,2011/2/23 5:00,7113.03,23.6,TRADE
NSW1,2011/2/23 5:30,7726.35,24.2,TRADE
NSW1,2011/2/23 6:00,8269.14,26.24,TRADE
NSW1,2011/2/23 6:30,8653.87,28.53,TRADE
NSW1,2011/2/23 7:00,9015.96,29.79,TRADE
NSW1,2011/2/23 7:30,9162.39,25.51,TRADE
NSW1,2011/2/23 8:00,9269.03,25.52,TRADE
NSW1,2011/2/23 8:30,9434.66,25.91,TRADE
NSW1,2011/2/23 9:00,9574.93,30.14,TRADE
NSW1,2011/2/23 9:30,9652.38,30.42,TRADE
NSW1,2011/2/23 10:00,9656.37,27.74,TRADE
NSW1,2011/2/23 10:30,9669.7,30.77,TRADE
NSW1,2011/2/23 11:00,9683.29,31.04,TRADE
NSW1,2011/2/23 11:30,9642.58,33.1,TRADE
NSW1,2011/2/23 12:00,9617.26,33.84,TRADE
NSW1,2011/2/23 12:30,9659.45,31.18,TRADE
NSW1,2011/2/23 13:00,9709.14,30.13,TRADE
NSW1,2011/2/23 13:30,9723.78,30.61,TRADE
NSW1,2011/2/23 14:00,9698.32,30.4,TRADE
NSW1,2011/2/23 14:30,9709.4,32.41,TRADE
NSW1,2011/2/23 15:00,9735.48,29.95,TRADE
NSW1,2011/2/23 15:30,9751.49,29.29,TRADE
NSW1,2011/2/23 16:00,9786.95,29.48,TRADE
NSW1,2011/2/23 16:30,9741.6,29.06,TRADE
NSW1,2011/2/23 17:00,9639.03,28.7,TRADE
NSW1,2011/2/23 17:30,9348.98,25.53,TRADE
NSW1,2011/2/23 18:00,9207.84,25.44,TRADE
NSW1,2011/2/23 18:30,9022.82,25.51,TRADE
NSW1,2011/2/23 19:00,9028.88,25.51,TRADE
NSW1,2011/2/23 19:30,9144.58,25.5,TRADE
NSW1,2011/2/23 20:00,9033.53,25.51,TRADE
NSW1,2011/2/23 20:30,8742.74,25.51,TRADE
NSW1,2011/2/23 21:00,8482.83,25.4,TRADE
NSW1,2011/2/23 21:30,8476.57,25.42,TRADE
NSW1,2011/2/23 22:00,8273.09,22.26,TRADE
NSW1,2011/2/23 22:30,8200.31,24.58,TRADE
NSW1,2011/2/23 23:00,7994.3,24.01,TRADE
NSW1,2011/2/23 23:30,7827.7,24.44,TRADE
NSW1,2011/2/24 0:00,7687.76,22.01,TRADE
NSW1,2011/2/24 0:30,7490.67,20.3,TRADE
NSW1,2011/2/24 1:00,7285.04,19.73,TRADE
NSW1,2011/2/24 1:30,7031.94,20.61,TRADE
NSW1,2011/2/24 2:00,6747.6,17.02,TRADE
NSW1,2011/2/24 2:30,6574.62,16,TRADE
NSW1,2011/2/24 3:00,6509.15,16,TRADE
NSW1,2011/2/24 3:30,6487.11,20.24,TRADE
NSW1,2011/2/24 4:00,6589.15,19.8,TRADE
NSW1,2011/2/24 4:30,6783.69,19.72,TRADE
NSW1,2011/2/24 5:00,7084.66,23.47,TRADE
NSW1,2011/2/24 5:30,7748.4,25.51,TRADE
NSW1,2011/2/24 6:00,8316.27,25.49,TRADE
NSW1,2011/2/24 6:30,8681.97,26.86,TRADE
NSW1,2011/2/24 7:00,9060.24,28.82,TRADE
NSW1,2011/2/24 7:30,9184.98,25.51,TRADE
NSW1,2011/2/24 8:00,9275.55,25.52,TRADE
NSW1,2011/2/24 8:30,9473.85,28.16,TRADE
NSW1,2011/2/24 9:00,9612.82,29.78,TRADE
NSW1,2011/2/24 9:30,9735.84,30.51,TRADE
NSW1,2011/2/24 10:00,9795.33,32.54,TRADE
NSW1,2011/2/24 10:30,9797.34,31.65,TRADE
NSW1,2011/2/24 11:00,9909.98,35.9,TRADE
NSW1,2011/2/24 11:30,9883.69,35.17,TRADE
NSW1,2011/2/24 12:00,9874.33,35.22,TRADE
NSW1,2011/2/24 12:30,9934.46,35.93,TRADE
NSW1,2011/2/24 13:00,9982.27,36.43,TRADE
NSW1,2011/2/24 13:30,10151.62,37.47,TRADE
NSW1,2011/2/24 14:00,10165.65,36.52,TRADE
NSW1,2011/2/24 14:30,10129.34,35.49,TRADE
NSW1,2011/2/24 15:00,10159,36.39,TRADE
NSW1,2011/2/24 15:30,10235.34,38.46,TRADE
NSW1,2011/2/24 16:00,10273.97,40.22,TRADE
NSW1,2011/2/24 16:30,10186.51,39.78,TRADE
NSW1,2011/2/24 17:00,10209.07,39.32,TRADE
NSW1,2011/2/24 17:30,9970.5,32.66,TRADE
NSW1,2011/2/24 18:00,9772.16,30.96,TRADE
NSW1,2011/2/24 18:30,9623.15,28.72,TRADE
NSW1,2011/2/24 19:00,9592.8,29.23,TRADE
NSW1,2011/2/24 19:30,9712.89,31.31,TRADE
NSW1,2011/2/24 20:00,9515.01,27.79,TRADE
NSW1,2011/2/24 20:30,9092.25,25.49,TRADE
NSW1,2011/2/24 21:00,8734.24,25.5,TRADE
NSW1,2011/2/24 21:30,8699.63,25.51,TRADE
NSW1,2011/2/24 22:00,8427.9,23.59,TRADE
NSW1,2011/2/24 22:30,8334.06,24.55,TRADE
NSW1,2011/2/24 23:00,8114.92,24.72,TRADE
NSW1,2011/2/24 23:30,7880.89,23.89,TRADE
NSW1,2011/2/25 0:00,7738.97,23.07,TRADE
NSW1,2011/2/25 0:30,7520.61,20.61,TRADE
NSW1,2011/2/25 1:00,7308.84,18.46,TRADE
NSW1,2011/2/25 1:30,7005.95,20.22,TRADE
NSW1,2011/2/25 2:00,6767.87,17.62,TRADE
NSW1,2011/2/25 2:30,6618.64,15.66,TRADE
NSW1,2011/2/25 3:00,6531.39,15.91,TRADE
NSW1,2011/2/25 3:30,6516.41,16.02,TRADE
NSW1,2011/2/25 4:00,6629.18,18.34,TRADE
NSW1,2011/2/25 4:30,6855.74,19.73,TRADE
NSW1,2011/2/25 5:00,7146.46,20.86,TRADE
NSW1,2011/2/25 5:30,7751.46,25.01,TRADE
NSW1,2011/2/25 6:00,8272.46,25.29,TRADE
NSW1,2011/2/25 6:30,8730.29,28.33,TRADE
NSW1,2011/2/25 7:00,9100.66,30.79,TRADE
NSW1,2011/2/25 7:30,9315.56,25.47,TRADE
NSW1,2011/2/25 8:00,9447.11,26.94,TRADE
NSW1,2011/2/25 8:30,9686.46,30.05,TRADE
NSW1,2011/2/25 9:00,9857.67,32.62,TRADE
NSW1,2011/2/25 9:30,9977.63,35.89,TRADE
NSW1,2011/2/25 10:00,10040.36,35.32,TRADE
NSW1,2011/2/25 10:30,10021.92,34.46,TRADE
NSW1,2011/2/25 11:00,10098.29,34.08,TRADE
NSW1,2011/2/25 11:30,10163.05,36.43,TRADE
NSW1,2011/2/25 12:00,10169.47,33.21,TRADE
NSW1,2011/2/25 12:30,10107.56,32.65,TRADE
NSW1,2011/2/25 13:00,10089.33,33.14,TRADE
NSW1,2011/2/25 13:30,10154.98,35.37,TRADE
NSW1,2011/2/25 14:00,10158.86,37.11,TRADE
NSW1,2011/2/25 14:30,10032.9,36.08,TRADE
NSW1,2011/2/25 15:00,10170.45,38.08,TRADE
NSW1,2011/2/25 15:30,10200.4,38.02,TRADE
NSW1,2011/2/25 16:00,10192.66,36.88,TRADE
NSW1,2011/2/25 16:30,10062.84,33.5,TRADE
NSW1,2011/2/25 17:00,9938.26,31.75,TRADE
NSW1,2011/2/25 17:30,9535.16,28.07,TRADE
NSW1,2011/2/25 18:00,9386.48,26.46,TRADE
NSW1,2011/2/25 18:30,9175.4,25.51,TRADE
NSW1,2011/2/25 19:00,9165.99,25.61,TRADE
NSW1,2011/2/25 19:30,9319.75,26.51,TRADE
NSW1,2011/2/25 20:00,9132.66,25.83,TRADE
NSW1,2011/2/25 20:30,8888.97,25.77,TRADE
NSW1,2011/2/25 21:00,8618.48,25.51,TRADE
NSW1,2011/2/25 21:30,8678.57,25.66,TRADE
NSW1,2011/2/25 22:00,8512.9,25.4,TRADE
NSW1,2011/2/25 22:30,8471.99,25.98,TRADE
NSW1,2011/2/25 23:00,8336.74,25.67,TRADE
NSW1,2011/2/25 23:30,8158.34,26.69,TRADE
NSW1,2011/2/26 0:00,7978.65,24.55,TRADE
NSW1,2011/2/26 0:30,7718.64,23.73,TRADE
NSW1,2011/2/26 1:00,7453.35,21.05,TRADE
NSW1,2011/2/26 1:30,7167.5,21.43,TRADE
NSW1,2011/2/26 2:00,6883.15,19.78,TRADE
NSW1,2011/2/26 2:30,6698.14,17.81,TRADE
NSW1,2011/2/26 3:00,6590.58,18.98,TRADE
NSW1,2011/2/26 3:30,6557.57,19.04,TRADE
NSW1,2011/2/26 4:00,6554.52,18.38,TRADE
NSW1,2011/2/26 4:30,6626.15,18.66,TRADE
NSW1,2011/2/26 5:00,6745.86,21.04,TRADE
NSW1,2011/2/26 5:30,6968.47,20.13,TRADE
NSW1,2011/2/26 6:00,7103.26,19.77,TRADE
NSW1,2011/2/26 6:30,7371.49,22.43,TRADE
NSW1,2011/2/26 7:00,7758.58,24.99,TRADE
NSW1,2011/2/26 7:30,8181.52,25.37,TRADE
NSW1,2011/2/26 8:00,8548.34,25.7,TRADE
NSW1,2011/2/26 8:30,8957.74,29.43,TRADE
NSW1,2011/2/26 9:00,9044.68,30.87,TRADE
NSW1,2011/2/26 9:30,9244.2,31.3,TRADE
NSW1,2011/2/26 10:00,9299.53,31.91,TRADE
NSW1,2011/2/26 10:30,9335.2,32.79,TRADE
NSW1,2011/2/26 11:00,9387.41,33.45,TRADE
NSW1,2011/2/26 11:30,9438.42,33.98,TRADE
NSW1,2011/2/26 12:00,9437.99,34.61,TRADE
NSW1,2011/2/26 12:30,9541.25,37.98,TRADE
NSW1,2011/2/26 13:00,9594.86,38.22,TRADE
NSW1,2011/2/26 13:30,9677.95,38.98,TRADE
NSW1,2011/2/26 14:00,9724.5,41,TRADE
NSW1,2011/2/26 14:30,9820.95,44.53,TRADE
NSW1,2011/2/26 15:00,9885.42,47.7,TRADE
NSW1,2011/2/26 15:30,9928.52,46.55,TRADE
NSW1,2011/2/26 16:00,9847.63,42.96,TRADE
NSW1,2011/2/26 16:30,9793.05,40.3,TRADE
NSW1,2011/2/26 17:00,9800.96,39.76,TRADE
NSW1,2011/2/26 17:30,9688.88,39.51,TRADE
NSW1,2011/2/26 18:00,9482.09,36.47,TRADE
NSW1,2011/2/26 18:30,9301.88,31.36,TRADE
NSW1,2011/2/26 19:00,9205.54,29.52,TRADE
NSW1,2011/2/26 19:30,9347.16,30.8,TRADE
NSW1,2011/2/26 20:00,9177.54,31.37,TRADE
NSW1,2011/2/26 20:30,9001.54,30.23,TRADE
NSW1,2011/2/26 21:00,8735.92,27.24,TRADE
NSW1,2011/2/26 21:30,8693.96,25.57,TRADE
NSW1,2011/2/26 22:00,8490.18,25.2,TRADE
NSW1,2011/2/26 22:30,8355.39,25.31,TRADE
NSW1,2011/2/26 23:00,8055.32,25.58,TRADE
NSW1,2011/2/26 23:30,7763.8,24.57,TRADE
NSW1,2011/2/27 0:00,7622.86,24.47,TRADE
NSW1,2011/2/27 0:30,7404.47,21.5,TRADE
NSW1,2011/2/27 1:00,7220.1,19.66,TRADE
NSW1,2011/2/27 1:30,6949.79,19.82,TRADE
NSW1,2011/2/27 2:00,6726.92,19.68,TRADE
NSW1,2011/2/27 2:30,6583.75,19.65,TRADE
NSW1,2011/2/27 3:00,6479.9,19.61,TRADE
NSW1,2011/2/27 3:30,6449.1,19.59,TRADE
NSW1,2011/2/27 4:00,6391.53,18.83,TRADE
NSW1,2011/2/27 4:30,6453.27,19.77,TRADE
NSW1,2011/2/27 5:00,6504.76,19.75,TRADE
NSW1,2011/2/27 5:30,6603.17,19.82,TRADE
NSW1,2011/2/27 6:00,6603.96,19.73,TRADE
NSW1,2011/2/27 6:30,6742.33,20.42,TRADE
NSW1,2011/2/27 7:00,7135.13,21.75,TRADE
NSW1,2011/2/27 7:30,7438.3,23.24,TRADE
NSW1,2011/2/27 8:00,7822.02,25.31,TRADE
NSW1,2011/2/27 8:30,8148.56,25.41,TRADE
NSW1,2011/2/27 9:00,8327.03,25.37,TRADE
NSW1,2011/2/27 9:30,8530.52,25.4,TRADE
NSW1,2011/2/27 10:00,8577.52,25.34,TRADE
NSW1,2011/2/27 10:30,8609.69,25.64,TRADE
NSW1,2011/2/27 11:00,8602.09,25.69,TRADE
NSW1,2011/2/27 11:30,8671.47,26.41,TRADE
NSW1,2011/2/27 12:00,8754.21,27.25,TRADE
NSW1,2011/2/27 12:30,8649.47,26.77,TRADE
NSW1,2011/2/27 13:00,8694.98,26.56,TRADE
NSW1,2011/2/27 13:30,8800.87,27.23,TRADE
NSW1,2011/2/27 14:00,8826.54,27.58,TRADE
NSW1,2011/2/27 14:30,8825.25,27.55,TRADE
NSW1,2011/2/27 15:00,8904.14,28.28,TRADE
NSW1,2011/2/27 15:30,8965.72,28.95,TRADE
NSW1,2011/2/27 16:00,9058.38,29.56,TRADE
NSW1,2011/2/27 16:30,9090.54,29.54,TRADE
NSW1,2011/2/27 17:00,9213.44,30.57,TRADE
NSW1,2011/2/27 17:30,9301.37,31.51,TRADE
NSW1,2011/2/27 18:00,9346.63,31.93,TRADE
NSW1,2011/2/27 18:30,9248.64,32.35,TRADE
NSW1,2011/2/27 19:00,9328.66,32.44,TRADE
NSW1,2011/2/27 19:30,9390.94,32.85,TRADE
NSW1,2011/2/27 20:00,9229.1,32.08,TRADE
NSW1,2011/2/27 20:30,8994.84,30.02,TRADE
NSW1,2011/2/27 21:00,8672,25.47,TRADE
NSW1,2011/2/27 21:30,8592.68,25.33,TRADE
NSW1,2011/2/27 22:00,8289.43,24.73,TRADE
NSW1,2011/2/27 22:30,8145.99,25.57,TRADE
NSW1,2011/2/27 23:00,7867.2,25.11,TRADE
NSW1,2011/2/27 23:30,7676.55,25.2,TRADE
NSW1,2011/2/28 0:00,7476.42,24.62,TRADE
NSW1,2011/2/28 0:30,7319.28,21.18,TRADE
NSW1,2011/2/28 1:00,7202.98,19.45,TRADE
NSW1,2011/2/28 1:30,6885.77,18.39,TRADE
NSW1,2011/2/28 2:00,6800.53,19.64,TRADE
NSW1,2011/2/28 2:30,6724.93,19.69,TRADE
NSW1,2011/2/28 3:00,6700.74,19.64,TRADE
NSW1,2011/2/28 3:30,6649.84,19.77,TRADE
NSW1,2011/2/28 4:00,6742.77,20.14,TRADE
NSW1,2011/2/28 4:30,7063.13,22.53,TRADE
NSW1,2011/2/28 5:00,7336.32,24.03,TRADE
NSW1,2011/2/28 5:30,8052.99,27.69,TRADE
NSW1,2011/2/28 6:00,8619.63,30.32,TRADE
NSW1,2011/2/28 6:30,9168.32,34.8,TRADE
NSW1,2011/2/28 7:00,9638.97,37.04,TRADE
NSW1,2011/2/28 7:30,9843.52,32.11,TRADE
NSW1,2011/2/28 8:00,9961.87,35.36,TRADE
NSW1,2011/2/28 8:30,10183.61,36.31,TRADE
NSW1,2011/2/28 9:00,10403.6,36.03,TRADE
NSW1,2011/2/28 9:30,10528.56,36.14,TRADE
NSW1,2011/2/28 10:00,10551.21,36.07,TRADE
NSW1,2011/2/28 10:30,10637.75,36.86,TRADE
NSW1,2011/2/28 11:00,10703.77,37.57,TRADE
NSW1,2011/2/28 11:30,10733.17,39.44,TRADE
NSW1,2011/2/28 12:00,10796.83,36.73,TRADE
NSW1,2011/2/28 12:30,10903.38,40.13,TRADE
NSW1,2011/2/28 13:00,10939.84,41.88,TRADE
NSW1,2011/2/28 13:30,10961.98,37.62,TRADE
NSW1,2011/2/28 14:00,10994.32,38.43,TRADE
NSW1,2011/2/28 14:30,11078.94,38.66,TRADE
NSW1,2011/2/28 15:00,10975.43,37.24,TRADE
NSW1,2011/2/28 15:30,11017.67,38.14,TRADE
NSW1,2011/2/28 16:00,10950.04,37.88,TRADE
NSW1,2011/2/28 16:30,10859.93,39.93,TRADE
NSW1,2011/2/28 17:00,10695.57,36.67,TRADE
NSW1,2011/2/28 17:30,10388.37,35.51,TRADE
NSW1,2011/2/28 18:00,10199.91,34.86,TRADE
NSW1,2011/2/28 18:30,10023.69,35.87,TRADE
NSW1,2011/2/28 19:00,9975.73,36.45,TRADE
NSW1,2011/2/28 19:30,9898.67,36.01,TRADE
NSW1,2011/2/28 20:00,9712.01,33.88,TRADE
NSW1,2011/2/28 20:30,9457.14,33.52,TRADE
NSW1,2011/2/28 21:00,9125.69,29.57,TRADE
NSW1,2011/2/28 21:30,9060.34,27.55,TRADE
NSW1,2011/2/28 22:00,8834.34,25.55,TRADE
NSW1,2011/2/28 22:30,8677.77,28.59,TRADE
NSW1,2011/2/28 23:00,8421.91,27.29,TRADE
NSW1,2011/2/28 23:30,8167.46,25.59,TRADE
NSW1,2011/3/1 0:00,8003.38,25.34,TRADE
?NSW1,2011/3/1 0:30,7762.52,20.2,TRADE
NSW1,2011/3/1 1:00,7492.4,19.49,TRADE
NSW1,2011/3/1 1:30,7243.4,21.52,TRADE
NSW1,2011/3/1 2:00,7004.64,18.64,TRADE
NSW1,2011/3/1 2:30,6817.86,19.48,TRADE
NSW1,2011/3/1 3:00,6709.56,19.71,TRADE
NSW1,2011/3/1 3:30,6743.94,19.74,TRADE
NSW1,2011/3/1 4:00,6776,19.6,TRADE
NSW1,2011/3/1 4:30,6948.1,20.62,TRADE
NSW1,2011/3/1 5:00,7315.77,21.68,TRADE
NSW1,2011/3/1 5:30,8055.31,25.23,TRADE
NSW1,2011/3/1 6:00,8569.46,26.32,TRADE
NSW1,2011/3/1 6:30,9175.26,31.29,TRADE
NSW1,2011/3/1 7:00,9537.07,31.42,TRADE
NSW1,2011/3/1 7:30,9877.29,29.11,TRADE
NSW1,2011/3/1 8:00,10083.14,30.99,TRADE
NSW1,2011/3/1 8:30,10416.21,31.66,TRADE
NSW1,2011/3/1 9:00,10634.38,34,TRADE
NSW1,2011/3/1 9:30,10701.35,33.27,TRADE
NSW1,2011/3/1 10:00,10810.82,34.73,TRADE
NSW1,2011/3/1 10:30,10800.03,33.18,TRADE
NSW1,2011/3/1 11:00,10830.17,31.7,TRADE
NSW1,2011/3/1 11:30,10857.33,35.86,TRADE
NSW1,2011/3/1 12:00,10892.93,36.91,TRADE
NSW1,2011/3/1 12:30,10928.34,36.42,TRADE
NSW1,2011/3/1 13:00,10970.91,40.6,TRADE
NSW1,2011/3/1 13:30,11104.67,41.89,TRADE
NSW1,2011/3/1 14:00,11207.8,45.72,TRADE
NSW1,2011/3/1 14:30,11231.19,48.21,TRADE
NSW1,2011/3/1 15:00,11313.99,44.69,TRADE
NSW1,2011/3/1 15:30,11124.74,33.79,TRADE
NSW1,2011/3/1 16:00,11001.49,35.06,TRADE
NSW1,2011/3/1 16:30,10817.2,31.08,TRADE
NSW1,2011/3/1 17:00,10592.86,30.34,TRADE
NSW1,2011/3/1 17:30,10164.56,29.34,TRADE
NSW1,2011/3/1 18:00,10010.76,29.18,TRADE
NSW1,2011/3/1 18:30,9697.67,27.97,TRADE
NSW1,2011/3/1 19:00,9756.07,28.79,TRADE
NSW1,2011/3/1 19:30,9764.43,29.13,TRADE
NSW1,2011/3/1 20:00,9576.18,28.65,TRADE
NSW1,2011/3/1 20:30,9267.08,28.33,TRADE
NSW1,2011/3/1 21:00,8917.3,25.3,TRADE
NSW1,2011/3/1 21:30,8857.08,24.92,TRADE
NSW1,2011/3/1 22:00,8514.65,23.38,TRADE
NSW1,2011/3/1 22:30,8472.33,26.04,TRADE
NSW1,2011/3/1 23:00,8265.23,23.99,TRADE
NSW1,2011/3/1 23:30,8047.57,23.89,TRADE
NSW1,2011/3/2 0:00,7831.25,23.06,TRADE
NSW1,2011/3/2 0:30,7659.02,19.94,TRADE
NSW1,2011/3/2 1:00,7356.16,18.9,TRADE
NSW1,2011/3/2 1:30,7067.58,19.45,TRADE
NSW1,2011/3/2 2:00,6791.32,16.95,TRADE
NSW1,2011/3/2 2:30,6582.36,18.38,TRADE
NSW1,2011/3/2 3:00,6521.59,17.27,TRADE
NSW1,2011/3/2 3:30,6515.75,19.41,TRADE
NSW1,2011/3/2 4:00,6624.17,19.59,TRADE
NSW1,2011/3/2 4:30,6876.78,19.59,TRADE
NSW1,2011/3/2 5:00,7140.29,20.9,TRADE
NSW1,2011/3/2 5:30,7726.72,24.47,TRADE
NSW1,2011/3/2 6:00,8333.39,25.4,TRADE
NSW1,2011/3/2 6:30,8780.15,30.29,TRADE
NSW1,2011/3/2 7:00,9188.37,28.51,TRADE
NSW1,2011/3/2 7:30,9365.27,25.79,TRADE
NSW1,2011/3/2 8:00,9358.12,25.46,TRADE
NSW1,2011/3/2 8:30,9533.13,25.69,TRADE
NSW1,2011/3/2 9:00,9648.08,26.12,TRADE
NSW1,2011/3/2 9:30,9669.5,26.28,TRADE
NSW1,2011/3/2 10:00,9698.59,26.29,TRADE
NSW1,2011/3/2 10:30,9619.32,27.27,TRADE
NSW1,2011/3/2 11:00,9632.13,26.79,TRADE
NSW1,2011/3/2 11:30,9631.31,28.03,TRADE
NSW1,2011/3/2 12:00,9639.28,28.5,TRADE
NSW1,2011/3/2 12:30,9631.6,29.76,TRADE
NSW1,2011/3/2 13:00,9611.06,31.29,TRADE
NSW1,2011/3/2 13:30,9601.13,31.54,TRADE
NSW1,2011/3/2 14:00,9570.4,30.69,TRADE
NSW1,2011/3/2 14:30,9517.02,28.33,TRADE
NSW1,2011/3/2 15:00,9536.04,29.51,TRADE
NSW1,2011/3/2 15:30,9594.99,31.27,TRADE
NSW1,2011/3/2 16:00,9621.03,31.2,TRADE
NSW1,2011/3/2 16:30,9554.64,30.49,TRADE
NSW1,2011/3/2 17:00,9475.2,29.87,TRADE
NSW1,2011/3/2 17:30,9239.41,26.44,TRADE
NSW1,2011/3/2 18:00,9151.43,25.4,TRADE
NSW1,2011/3/2 18:30,9051.84,25.44,TRADE
NSW1,2011/3/2 19:00,9112.23,25.74,TRADE
NSW1,2011/3/2 19:30,9118.63,25.49,TRADE
NSW1,2011/3/2 20:00,8950.14,25.47,TRADE
NSW1,2011/3/2 20:30,8727.59,24.79,TRADE
NSW1,2011/3/2 21:00,8431.64,24.15,TRADE
NSW1,2011/3/2 21:30,8452.92,24.88,TRADE
NSW1,2011/3/2 22:00,8251.81,22.61,TRADE
NSW1,2011/3/2 22:30,8199.03,27.99,TRADE
NSW1,2011/3/2 23:00,8041,24.92,TRADE
NSW1,2011/3/2 23:30,7887.36,25.09,TRADE
NSW1,2011/3/3 0:00,7705.23,23.3,TRADE
NSW1,2011/3/3 0:30,7536.01,20,TRADE
NSW1,2011/3/3 1:00,7250.76,19.14,TRADE
NSW1,2011/3/3 1:30,6962.58,18.62,TRADE
NSW1,2011/3/3 2:00,6673.83,16.03,TRADE
NSW1,2011/3/3 2:30,6530,18.79,TRADE
NSW1,2011/3/3 3:00,6431.5,18.2,TRADE
NSW1,2011/3/3 3:30,6454.83,20.28,TRADE
NSW1,2011/3/3 4:00,6539.69,20.15,TRADE
NSW1,2011/3/3 4:30,6766,20.81,TRADE
NSW1,2011/3/3 5:00,7077.16,24.03,TRADE
NSW1,2011/3/3 5:30,7717.55,26.48,TRADE
NSW1,2011/3/3 6:00,8277.3,26.15,TRADE
NSW1,2011/3/3 6:30,8673.9,31.2,TRADE
NSW1,2011/3/3 7:00,9036.99,27.74,TRADE
NSW1,2011/3/3 7:30,9171.29,27.02,TRADE
NSW1,2011/3/3 8:00,9271.5,26.83,TRADE
NSW1,2011/3/3 8:30,9498.32,28.5,TRADE
NSW1,2011/3/3 9:00,9568.24,28.27,TRADE
NSW1,2011/3/3 9:30,9638.23,28.5,TRADE
NSW1,2011/3/3 10:00,9668.27,25.9,TRADE
NSW1,2011/3/3 10:30,9667.01,27.6,TRADE
NSW1,2011/3/3 11:00,9741.7,29.78,TRADE
NSW1,2011/3/3 11:30,9776.03,29.98,TRADE
NSW1,2011/3/3 12:00,9803.86,30.57,TRADE
NSW1,2011/3/3 12:30,9839.58,30.07,TRADE
NSW1,2011/3/3 13:00,9923,30.94,TRADE
NSW1,2011/3/3 13:30,9958.45,32.48,TRADE
NSW1,2011/3/3 14:00,10009.3,34.76,TRADE
NSW1,2011/3/3 14:30,9988.4,33.55,TRADE
NSW1,2011/3/3 15:00,10064.23,33.97,TRADE
NSW1,2011/3/3 15:30,10127.41,36.77,TRADE
NSW1,2011/3/3 16:00,10111.05,38.04,TRADE
NSW1,2011/3/3 16:30,10021.77,38.01,TRADE
NSW1,2011/3/3 17:00,9952.68,35.96,TRADE
NSW1,2011/3/3 17:30,9702.57,31.69,TRADE
NSW1,2011/3/3 18:00,9555.97,28.68,TRADE
NSW1,2011/3/3 18:30,9386.64,28.99,TRADE
NSW1,2011/3/3 19:00,9438.27,29.18,TRADE
NSW1,2011/3/3 19:30,9515.66,33.18,TRADE
NSW1,2011/3/3 20:00,9325.69,29.44,TRADE
NSW1,2011/3/3 20:30,9001.31,27.36,TRADE
NSW1,2011/3/3 21:00,8675.44,23.42,TRADE
NSW1,2011/3/3 21:30,8571.9,24.62,TRADE
NSW1,2011/3/3 22:00,8342.38,22.39,TRADE
NSW1,2011/3/3 22:30,8308.17,25.28,TRADE
NSW1,2011/3/3 23:00,8118.84,25.14,TRADE
NSW1,2011/3/3 23:30,7939.95,24.57,TRADE
NSW1,2011/3/4 0:00,7786.56,21.14,TRADE
NSW1,2011/3/4 0:30,7576.67,20.2,TRADE
NSW1,2011/3/4 1:00,7329.2,19.74,TRADE
NSW1,2011/3/4 1:30,7000.25,17.71,TRADE
NSW1,2011/3/4 2:00,6742.94,16.12,TRADE
NSW1,2011/3/4 2:30,6581.1,18.16,TRADE
NSW1,2011/3/4 3:00,6488.43,16.48,TRADE
NSW1,2011/3/4 3:30,6467.66,18.68,TRADE
NSW1,2011/3/4 4:00,6538.2,16.72,TRADE
NSW1,2011/3/4 4:30,6783.87,20.69,TRADE
NSW1,2011/3/4 5:00,7085.57,23.72,TRADE
NSW1,2011/3/4 5:30,7694.49,26.07,TRADE
NSW1,2011/3/4 6:00,8284.49,30.95,TRADE
NSW1,2011/3/4 6:30,8723.38,34.21,TRADE
NSW1,2011/3/4 7:00,9118,38.91,TRADE
NSW1,2011/3/4 7:30,9244.57,32.43,TRADE
NSW1,2011/3/4 8:00,9400.96,33.06,TRADE
NSW1,2011/3/4 8:30,9584.48,34.7,TRADE
NSW1,2011/3/4 9:00,9717.49,36,TRADE
NSW1,2011/3/4 9:30,9863.59,34.58,TRADE
NSW1,2011/3/4 10:00,9934.09,33.84,TRADE
NSW1,2011/3/4 10:30,9965.92,34.05,TRADE
NSW1,2011/3/4 11:00,10051.85,36.53,TRADE
NSW1,2011/3/4 11:30,10033.84,33,TRADE
NSW1,2011/3/4 12:00,10104.85,34.75,TRADE
NSW1,2011/3/4 12:30,10077.94,37.92,TRADE
NSW1,2011/3/4 13:00,10074.45,38.76,TRADE
NSW1,2011/3/4 13:30,10211.63,41.08,TRADE
NSW1,2011/3/4 14:00,10125.36,42.46,TRADE
NSW1,2011/3/4 14:30,10161.08,51.55,TRADE
NSW1,2011/3/4 15:00,10272.08,35.74,TRADE
NSW1,2011/3/4 15:30,10316.07,45.8,TRADE
NSW1,2011/3/4 16:00,10347.56,45.29,TRADE
NSW1,2011/3/4 16:30,10182.08,39.96,TRADE
NSW1,2011/3/4 17:00,9949.62,35.21,TRADE
NSW1,2011/3/4 17:30,9561.38,31.82,TRADE
NSW1,2011/3/4 18:00,9275.46,28.37,TRADE
NSW1,2011/3/4 18:30,9069.44,26.15,TRADE
NSW1,2011/3/4 19:00,9020.42,27.34,TRADE
NSW1,2011/3/4 19:30,9069.4,26.71,TRADE
NSW1,2011/3/4 20:00,8883.82,25.32,TRADE
NSW1,2011/3/4 20:30,8609.05,24.48,TRADE
NSW1,2011/3/4 21:00,8359.35,24.11,TRADE
NSW1,2011/3/4 21:30,8302.22,25.22,TRADE
NSW1,2011/3/4 22:00,8217.57,24.79,TRADE
NSW1,2011/3/4 22:30,8193.45,29.26,TRADE
NSW1,2011/3/4 23:00,8070.9,24.39,TRADE
NSW1,2011/3/4 23:30,7837.81,25.3,TRADE
NSW1,2011/3/5 0:00,7628.49,23.9,TRADE
NSW1,2011/3/5 0:30,7461.79,23.4,TRADE
NSW1,2011/3/5 1:00,7160.32,20.09,TRADE
NSW1,2011/3/5 1:30,6845.71,20.06,TRADE
NSW1,2011/3/5 2:00,6639.73,15.72,TRADE
NSW1,2011/3/5 2:30,6413.27,15.91,TRADE
NSW1,2011/3/5 3:00,6342.04,16.32,TRADE
NSW1,2011/3/5 3:30,6277.36,19.46,TRADE
NSW1,2011/3/5 4:00,6288.46,20.68,TRADE
NSW1,2011/3/5 4:30,6338.95,21.13,TRADE
NSW1,2011/3/5 5:00,6450.32,21.51,TRADE
NSW1,2011/3/5 5:30,6665.49,23.95,TRADE
NSW1,2011/3/5 6:00,6868.79,25.24,TRADE
NSW1,2011/3/5 6:30,7068.08,25.31,TRADE
NSW1,2011/3/5 7:00,7428.57,25.31,TRADE
NSW1,2011/3/5 7:30,7831.07,25.39,TRADE
NSW1,2011/3/5 8:00,8156.26,26.92,TRADE
NSW1,2011/3/5 8:30,8428.14,28.72,TRADE
NSW1,2011/3/5 9:00,8444.52,28.38,TRADE
NSW1,2011/3/5 9:30,8559.58,28.33,TRADE
NSW1,2011/3/5 10:00,8528.09,27.02,TRADE
NSW1,2011/3/5 10:30,8549.45,27.08,TRADE
NSW1,2011/3/5 11:00,8488.32,26.06,TRADE
NSW1,2011/3/5 11:30,8433.76,25.6,TRADE
NSW1,2011/3/5 12:00,8383.31,25.44,TRADE
NSW1,2011/3/5 12:30,8285.24,25.5,TRADE
NSW1,2011/3/5 13:00,8144.89,25.68,TRADE
NSW1,2011/3/5 13:30,7996.38,25.31,TRADE
NSW1,2011/3/5 14:00,8050.16,24.53,TRADE
NSW1,2011/3/5 14:30,8058.46,25.32,TRADE
NSW1,2011/3/5 15:00,8077.01,25.31,TRADE
NSW1,2011/3/5 15:30,8098.95,25.31,TRADE
NSW1,2011/3/5 16:00,8085.13,25.31,TRADE
NSW1,2011/3/5 16:30,8013.68,25.31,TRADE
NSW1,2011/3/5 17:00,8071.55,25.66,TRADE
NSW1,2011/3/5 17:30,8078.54,25.47,TRADE
NSW1,2011/3/5 18:00,8045.28,25.34,TRADE
NSW1,2011/3/5 18:30,8033.33,25.31,TRADE
NSW1,2011/3/5 19:00,8027.15,25.31,TRADE
NSW1,2011/3/5 19:30,8082.7,25.32,TRADE
NSW1,2011/3/5 20:00,7920.73,25.31,TRADE
NSW1,2011/3/5 20:30,7849.51,25.17,TRADE
NSW1,2011/3/5 21:00,7669.11,24.97,TRADE
NSW1,2011/3/5 21:30,7611.65,25.31,TRADE
NSW1,2011/3/5 22:00,7540.25,25.31,TRADE
NSW1,2011/3/5 22:30,7559.69,28.01,TRADE
NSW1,2011/3/5 23:00,7334.13,24.75,TRADE
NSW1,2011/3/5 23:30,7146.22,25.24,TRADE
NSW1,2011/3/6 0:00,7000.93,24.53,TRADE
NSW1,2011/3/6 0:30,6844.56,19.13,TRADE
NSW1,2011/3/6 1:00,6716.43,17.24,TRADE
NSW1,2011/3/6 1:30,6439.15,16.41,TRADE
NSW1,2011/3/6 2:00,6269.53,17.68,TRADE
NSW1,2011/3/6 2:30,6156.89,19.4,TRADE
NSW1,2011/3/6 3:00,6040.56,15.99,TRADE
NSW1,2011/3/6 3:30,6013.43,14.72,TRADE
NSW1,2011/3/6 4:00,5982.16,15.57,TRADE
NSW1,2011/3/6 4:30,6061.77,17.91,TRADE
NSW1,2011/3/6 5:00,6110.74,15.1,TRADE
NSW1,2011/3/6 5:30,6226.22,17.13,TRADE
NSW1,2011/3/6 6:00,6339.75,18.1,TRADE
NSW1,2011/3/6 6:30,6541.89,19,TRADE
NSW1,2011/3/6 7:00,6808.64,19.95,TRADE
NSW1,2011/3/6 7:30,7195.58,22.1,TRADE
NSW1,2011/3/6 8:00,7474.82,24.6,TRADE
NSW1,2011/3/6 8:30,7771.27,25.31,TRADE
NSW1,2011/3/6 9:00,7918.68,25.39,TRADE
NSW1,2011/3/6 9:30,8061.17,26.09,TRADE
NSW1,2011/3/6 10:00,8029.95,25.31,TRADE
NSW1,2011/3/6 10:30,7977.01,25.31,TRADE
NSW1,2011/3/6 11:00,7979.99,25.29,TRADE
NSW1,2011/3/6 11:30,7999.97,25.31,TRADE
NSW1,2011/3/6 12:00,7913.04,25.31,TRADE
NSW1,2011/3/6 12:30,7894.42,25.31,TRADE
NSW1,2011/3/6 13:00,7813.79,25.12,TRADE
NSW1,2011/3/6 13:30,7797.05,25.32,TRADE
NSW1,2011/3/6 14:00,7783.38,25.31,TRADE
NSW1,2011/3/6 14:30,7842.3,25.32,TRADE
NSW1,2011/3/6 15:00,7870.07,25.31,TRADE
NSW1,2011/3/6 15:30,7891.9,25.31,TRADE
NSW1,2011/3/6 16:00,7936.17,25.31,TRADE
NSW1,2011/3/6 16:30,7926,25.32,TRADE
NSW1,2011/3/6 17:00,8078.93,25.31,TRADE
NSW1,2011/3/6 17:30,8101.05,25.3,TRADE
NSW1,2011/3/6 18:00,8093.72,25.31,TRADE
NSW1,2011/3/6 18:30,8083.84,25.31,TRADE
NSW1,2011/3/6 19:00,8213.58,25.31,TRADE
NSW1,2011/3/6 19:30,8271.93,25.29,TRADE
NSW1,2011/3/6 20:00,8096.02,25.27,TRADE
NSW1,2011/3/6 20:30,7917.18,25.32,TRADE
NSW1,2011/3/6 21:00,7694.31,24.67,TRADE
NSW1,2011/3/6 21:30,7581.63,25.02,TRADE
NSW1,2011/3/6 22:00,7424.31,20.84,TRADE
NSW1,2011/3/6 22:30,7362.4,20.73,TRADE
NSW1,2011/3/6 23:00,7289.15,21.93,TRADE
NSW1,2011/3/6 23:30,7063.88,19.95,TRADE
NSW1,2011/3/7 0:00,6983.35,19.58,TRADE
NSW1,2011/3/7 0:30,6809.52,15.64,TRADE
NSW1,2011/3/7 1:00,6758.54,18.75,TRADE
NSW1,2011/3/7 1:30,6490.48,15.68,TRADE
NSW1,2011/3/7 2:00,6336.63,16.19,TRADE
NSW1,2011/3/7 2:30,6201.02,14.41,TRADE
NSW1,2011/3/7 3:00,6105.48,13.65,TRADE
NSW1,2011/3/7 3:30,6151.03,14.95,TRADE
NSW1,2011/3/7 4:00,6253.56,14.78,TRADE
NSW1,2011/3/7 4:30,6558.03,18.49,TRADE
NSW1,2011/3/7 5:00,6850.27,19.36,TRADE
NSW1,2011/3/7 5:30,7493.59,24.96,TRADE
NSW1,2011/3/7 6:00,8066.35,25.31,TRADE
NSW1,2011/3/7 6:30,8529.77,27.71,TRADE
NSW1,2011/3/7 7:00,8881.96,28.87,TRADE
NSW1,2011/3/7 7:30,9042.67,25.98,TRADE
NSW1,2011/3/7 8:00,9166.8,27.37,TRADE
NSW1,2011/3/7 8:30,9306.52,29.74,TRADE
NSW1,2011/3/7 9:00,9453.01,30.24,TRADE
NSW1,2011/3/7 9:30,9563.37,29.72,TRADE
NSW1,2011/3/7 10:00,9606.02,28.98,TRADE
NSW1,2011/3/7 10:30,9624.19,30.77,TRADE
NSW1,2011/3/7 11:00,9634.98,29.49,TRADE
NSW1,2011/3/7 11:30,9643.97,29.04,TRADE
NSW1,2011/3/7 12:00,9676.73,29.98,TRADE
NSW1,2011/3/7 12:30,9684.35,30.48,TRADE
NSW1,2011/3/7 13:00,9654.26,30.34,TRADE
NSW1,2011/3/7 13:30,9686.41,30.5,TRADE
NSW1,2011/3/7 14:00,9659.26,30.32,TRADE
NSW1,2011/3/7 14:30,9643.32,30.21,TRADE
NSW1,2011/3/7 15:00,9583.01,30.05,TRADE
NSW1,2011/3/7 15:30,9645.45,30.63,TRADE
NSW1,2011/3/7 16:00,9674.2,31.46,TRADE
NSW1,2011/3/7 16:30,9656.06,30.28,TRADE
NSW1,2011/3/7 17:00,9539.84,29.54,TRADE
NSW1,2011/3/7 17:30,9328.56,29,TRADE
NSW1,2011/3/7 18:00,9207.35,29.57,TRADE
NSW1,2011/3/7 18:30,9032.47,26.35,TRADE
NSW1,2011/3/7 19:00,9079.78,28.41,TRADE
NSW1,2011/3/7 19:30,9055.14,30.07,TRADE
NSW1,2011/3/7 20:00,8907.68,27.28,TRADE
NSW1,2011/3/7 20:30,8683.64,25.65,TRADE
NSW1,2011/3/7 21:00,8404.44,25.28,TRADE
NSW1,2011/3/7 21:30,8362.43,25.34,TRADE
NSW1,2011/3/7 22:00,8248.9,24.9,TRADE
NSW1,2011/3/7 22:30,8195.85,26.05,TRADE
NSW1,2011/3/7 23:00,8044.89,26.06,TRADE
NSW1,2011/3/7 23:30,7868.12,26.57,TRADE
NSW1,2011/3/8 0:00,7740.35,25.37,TRADE
NSW1,2011/3/8 0:30,7548.66,24.99,TRADE
NSW1,2011/3/8 1:00,7372.94,24.59,TRADE
NSW1,2011/3/8 1:30,7015.28,22.56,TRADE
NSW1,2011/3/8 2:00,6787.63,21.09,TRADE
NSW1,2011/3/8 2:30,6605.18,19.58,TRADE
NSW1,2011/3/8 3:00,6541.24,19.29,TRADE
NSW1,2011/3/8 3:30,6480.18,18.5,TRADE
NSW1,2011/3/8 4:00,6530.89,18.74,TRADE
NSW1,2011/3/8 4:30,6783.45,20.07,TRADE
NSW1,2011/3/8 5:00,7115.56,20.48,TRADE
NSW1,2011/3/8 5:30,7722.69,26.84,TRADE
NSW1,2011/3/8 6:00,8265.35,26.73,TRADE
NSW1,2011/3/8 6:30,8677.72,30.77,TRADE
NSW1,2011/3/8 7:00,8991.88,31.45,TRADE
NSW1,2011/3/8 7:30,9159.1,26.95,TRADE
NSW1,2011/3/8 8:00,9267.73,30.1,TRADE
NSW1,2011/3/8 8:30,9462.18,31.73,TRADE
NSW1,2011/3/8 9:00,9580.69,32.07,TRADE
NSW1,2011/3/8 9:30,9678.91,31.97,TRADE
NSW1,2011/3/8 10:00,9756.25,31.27,TRADE
NSW1,2011/3/8 10:30,9785,30.34,TRADE
NSW1,2011/3/8 11:00,9830.48,31.42,TRADE
NSW1,2011/3/8 11:30,9858.68,30.27,TRADE
NSW1,2011/3/8 12:00,9910.88,30.5,TRADE
NSW1,2011/3/8 12:30,10001.25,32.25,TRADE
NSW1,2011/3/8 13:00,10032.22,31.3,TRADE
NSW1,2011/3/8 13:30,10100.73,32.96,TRADE
NSW1,2011/3/8 14:00,10134.59,32.95,TRADE
NSW1,2011/3/8 14:30,10157.86,31.8,TRADE
NSW1,2011/3/8 15:00,10183.59,31.26,TRADE
NSW1,2011/3/8 15:30,10256.14,31.66,TRADE
NSW1,2011/3/8 16:00,10252.17,31.05,TRADE
NSW1,2011/3/8 16:30,10242.23,31.89,TRADE
NSW1,2011/3/8 17:00,10090.23,31.76,TRADE
NSW1,2011/3/8 17:30,9841.23,29.75,TRADE
NSW1,2011/3/8 18:00,9683.35,29.06,TRADE
NSW1,2011/3/8 18:30,9534.39,28.64,TRADE
NSW1,2011/3/8 19:00,9596.26,31.55,TRADE
NSW1,2011/3/8 19:30,9536.65,31.38,TRADE
NSW1,2011/3/8 20:00,9317.91,28.04,TRADE
NSW1,2011/3/8 20:30,9048.46,26.72,TRADE
NSW1,2011/3/8 21:00,8739.79,25.28,TRADE
NSW1,2011/3/8 21:30,8672,25.34,TRADE
NSW1,2011/3/8 22:00,8408.45,25.15,TRADE
NSW1,2011/3/8 22:30,8383.45,27.98,TRADE
NSW1,2011/3/8 23:00,8194.61,26.17,TRADE
NSW1,2011/3/8 23:30,7975.11,25.68,TRADE
NSW1,2011/3/9 0:00,7827.12,25.1,TRADE
NSW1,2011/3/9 0:30,7680.69,23.36,TRADE
NSW1,2011/3/9 1:00,7421.71,20.04,TRADE
NSW1,2011/3/9 1:30,7121.63,20.68,TRADE
NSW1,2011/3/9 2:00,6844.57,19.38,TRADE
NSW1,2011/3/9 2:30,6650.32,18.82,TRADE
NSW1,2011/3/9 3:00,6585.29,19.7,TRADE
NSW1,2011/3/9 3:30,6554.77,19.66,TRADE
NSW1,2011/3/9 4:00,6653.76,19.71,TRADE
NSW1,2011/3/9 4:30,6871.62,19.92,TRADE
NSW1,2011/3/9 5:00,7171.8,20.67,TRADE
NSW1,2011/3/9 5:30,7816.9,25.37,TRADE
NSW1,2011/3/9 6:00,8441.31,30.26,TRADE
NSW1,2011/3/9 6:30,8862.2,33.35,TRADE
NSW1,2011/3/9 7:00,9260.42,34.17,TRADE
NSW1,2011/3/9 7:30,9365.22,30.65,TRADE
NSW1,2011/3/9 8:00,9434.57,30.6,TRADE
NSW1,2011/3/9 8:30,9593.82,31.69,TRADE
NSW1,2011/3/9 9:00,9656.97,31.84,TRADE
NSW1,2011/3/9 9:30,9845.67,33.56,TRADE
NSW1,2011/3/9 10:00,9874.33,28.92,TRADE
NSW1,2011/3/9 10:30,9859.3,28.1,TRADE
NSW1,2011/3/9 11:00,9940.81,31.91,TRADE
NSW1,2011/3/9 11:30,9968.84,32.2,TRADE
NSW1,2011/3/9 12:00,10004.7,32.72,TRADE
NSW1,2011/3/9 12:30,10034.22,31.2,TRADE
NSW1,2011/3/9 13:00,9968.04,29.69,TRADE
NSW1,2011/3/9 13:30,10098.44,31.22,TRADE
NSW1,2011/3/9 14:00,10134.16,31.18,TRADE
NSW1,2011/3/9 14:30,10123.53,29.62,TRADE
NSW1,2011/3/9 15:00,10195.04,29.06,TRADE
NSW1,2011/3/9 15:30,10247.13,30.87,TRADE
NSW1,2011/3/9 16:00,10295.09,30.71,TRADE
NSW1,2011/3/9 16:30,10233.25,29.17,TRADE
NSW1,2011/3/9 17:00,10103.71,28.68,TRADE
NSW1,2011/3/9 17:30,9846.17,29.02,TRADE
NSW1,2011/3/9 18:00,9775.05,27.09,TRADE
NSW1,2011/3/9 18:30,9687.91,26.54,TRADE
NSW1,2011/3/9 19:00,9737.77,27.29,TRADE
NSW1,2011/3/9 19:30,9701.55,26.95,TRADE
NSW1,2011/3/9 20:00,9559.63,26.33,TRADE
NSW1,2011/3/9 20:30,9255.59,25.68,TRADE
NSW1,2011/3/9 21:00,8929.51,25.28,TRADE
NSW1,2011/3/9 21:30,8900.98,25.27,TRADE
NSW1,2011/3/9 22:00,8613.82,24.8,TRADE
NSW1,2011/3/9 22:30,8564.5,25.98,TRADE
NSW1,2011/3/9 23:00,8346.13,25.43,TRADE
NSW1,2011/3/9 23:30,8118.55,25.48,TRADE
NSW1,2011/3/10 0:00,7837.6,24.99,TRADE
NSW1,2011/3/10 0:30,7604.17,22.01,TRADE
NSW1,2011/3/10 1:00,7441.28,19.83,TRADE
NSW1,2011/3/10 1:30,7174.13,19.71,TRADE
NSW1,2011/3/10 2:00,6921.31,19.62,TRADE
NSW1,2011/3/10 2:30,6720.55,18.48,TRADE
NSW1,2011/3/10 3:00,6623.65,18.64,TRADE
NSW1,2011/3/10 3:30,6634.88,19.59,TRADE
NSW1,2011/3/10 4:00,6700.82,19.71,TRADE
NSW1,2011/3/10 4:30,6942.88,20.18,TRADE
NSW1,2011/3/10 5:00,7271.94,21,TRADE
NSW1,2011/3/10 5:30,7923.42,28.44,TRADE
NSW1,2011/3/10 6:00,8498.3,30.26,TRADE
NSW1,2011/3/10 6:30,8996.29,31.94,TRADE
NSW1,2011/3/10 7:00,9428.26,33.73,TRADE
NSW1,2011/3/10 7:30,9566.05,30.02,TRADE
NSW1,2011/3/10 8:00,9694.97,29.23,TRADE
NSW1,2011/3/10 8:30,9948.26,31.99,TRADE
NSW1,2011/3/10 9:00,10051.96,32.76,TRADE
NSW1,2011/3/10 9:30,10077.92,32.25,TRADE
NSW1,2011/3/10 10:00,10132.23,31.9,TRADE
NSW1,2011/3/10 10:30,10148.35,32.44,TRADE
NSW1,2011/3/10 11:00,10216.56,33.05,TRADE
NSW1,2011/3/10 11:30,10238.54,33.04,TRADE
NSW1,2011/3/10 12:00,10237.07,33.03,TRADE
NSW1,2011/3/10 12:30,10257.18,33.21,TRADE
NSW1,2011/3/10 13:00,10323.39,33.48,TRADE
NSW1,2011/3/10 13:30,10339.05,33.41,TRADE
NSW1,2011/3/10 14:00,10281.37,32.29,TRADE
NSW1,2011/3/10 14:30,10198.3,31.79,TRADE
NSW1,2011/3/10 15:00,10141.72,31.45,TRADE
NSW1,2011/3/10 15:30,10173.24,32.26,TRADE
NSW1,2011/3/10 16:00,10152.06,32.83,TRADE
NSW1,2011/3/10 16:30,10030.73,28.31,TRADE
NSW1,2011/3/10 17:00,9942.39,29.31,TRADE
NSW1,2011/3/10 17:30,9788.19,27.61,TRADE
NSW1,2011/3/10 18:00,9708.48,27.12,TRADE
NSW1,2011/3/10 18:30,9634.39,26.96,TRADE
NSW1,2011/3/10 19:00,9736.85,28.64,TRADE
NSW1,2011/3/10 19:30,9682.28,29.68,TRADE
NSW1,2011/3/10 20:00,9478.06,27.44,TRADE
NSW1,2011/3/10 20:30,9135.46,27.04,TRADE
NSW1,2011/3/10 21:00,8781.15,24.93,TRADE
NSW1,2011/3/10 21:30,8747.7,25.23,TRADE
NSW1,2011/3/10 22:00,8560.36,25.13,TRADE
NSW1,2011/3/10 22:30,8493.23,28.51,TRADE
NSW1,2011/3/10 23:00,8273.08,25.73,TRADE
NSW1,2011/3/10 23:30,8072.05,25.46,TRADE
NSW1,2011/3/11 0:00,7898.94,25.3,TRADE
NSW1,2011/3/11 0:30,7713.09,24.31,TRADE
NSW1,2011/3/11 1:00,7465.35,20.48,TRADE
NSW1,2011/3/11 1:30,7155.39,20.38,TRADE
NSW1,2011/3/11 2:00,6883.15,19.4,TRADE
NSW1,2011/3/11 2:30,6707.62,19.64,TRADE
NSW1,2011/3/11 3:00,6630.81,19.52,TRADE
NSW1,2011/3/11 3:30,6617.55,19.7,TRADE
NSW1,2011/3/11 4:00,6710.23,19.86,TRADE
NSW1,2011/3/11 4:30,6957.18,19.9,TRADE
NSW1,2011/3/11 5:00,7317.27,24.06,TRADE
NSW1,2011/3/11 5:30,7941.84,27.4,TRADE
NSW1,2011/3/11 6:00,8552.95,30.03,TRADE
NSW1,2011/3/11 6:30,9071.52,32.34,TRADE
NSW1,2011/3/11 7:00,9433.87,34.22,TRADE
NSW1,2011/3/11 7:30,9634.4,31.49,TRADE
NSW1,2011/3/11 8:00,9852.3,31.65,TRADE
NSW1,2011/3/11 8:30,10075.98,33.64,TRADE
NSW1,2011/3/11 9:00,10201.49,34.11,TRADE
NSW1,2011/3/11 9:30,10270.42,35.73,TRADE
NSW1,2011/3/11 10:00,10299.39,37.91,TRADE
NSW1,2011/3/11 10:30,10320.32,35.46,TRADE
NSW1,2011/3/11 11:00,10309.57,36.02,TRADE
NSW1,2011/3/11 11:30,10309.88,35.9,TRADE
NSW1,2011/3/11 12:00,10266.72,35.34,TRADE
NSW1,2011/3/11 12:30,10272.75,35.1,TRADE
NSW1,2011/3/11 13:00,10232.46,32.23,TRADE
NSW1,2011/3/11 13:30,10241.67,34.6,TRADE
NSW1,2011/3/11 14:00,10180.39,32.96,TRADE
NSW1,2011/3/11 14:30,10171.1,34.11,TRADE
NSW1,2011/3/11 15:00,10193.71,34,TRADE
NSW1,2011/3/11 15:30,10230.16,36.09,TRADE
NSW1,2011/3/11 16:00,10166.92,34.97,TRADE
NSW1,2011/3/11 16:30,9984.82,31.37,TRADE
NSW1,2011/3/11 17:00,9775.84,30.69,TRADE
NSW1,2011/3/11 17:30,9473.88,29.03,TRADE
NSW1,2011/3/11 18:00,9386.5,26.01,TRADE
NSW1,2011/3/11 18:30,9236.21,25.41,TRADE
NSW1,2011/3/11 19:00,9389.41,25.88,TRADE
NSW1,2011/3/11 19:30,9244.96,27.28,TRADE
NSW1,2011/3/11 20:00,9078.1,25.74,TRADE
NSW1,2011/3/11 20:30,8807.62,25.4,TRADE
NSW1,2011/3/11 21:00,8633.09,25.32,TRADE
NSW1,2011/3/11 21:30,8687.1,25.32,TRADE
NSW1,2011/3/11 22:00,8524.28,25.21,TRADE
NSW1,2011/3/11 22:30,8464.56,25.48,TRADE
NSW1,2011/3/11 23:00,8325.05,25.49,TRADE
NSW1,2011/3/11 23:30,8047.15,25.74,TRADE
NSW1,2011/3/12 0:00,7812.39,25.06,TRADE
NSW1,2011/3/12 0:30,7657.49,24.53,TRADE
NSW1,2011/3/12 1:00,7372.41,22.7,TRADE
NSW1,2011/3/12 1:30,7059.65,20.58,TRADE
NSW1,2011/3/12 2:00,6774.65,19.29,TRADE
NSW1,2011/3/12 2:30,6591.29,18.14,TRADE
NSW1,2011/3/12 3:00,6466.42,18.71,TRADE
NSW1,2011/3/12 3:30,6411.25,14.46,TRADE
NSW1,2011/3/12 4:00,6411.66,13.75,TRADE
NSW1,2011/3/12 4:30,6542.55,20,TRADE
NSW1,2011/3/12 5:00,6664.34,20.24,TRADE
NSW1,2011/3/12 5:30,6858.77,20.98,TRADE
NSW1,2011/3/12 6:00,7050.04,22.91,TRADE
NSW1,2011/3/12 6:30,7341.08,24.9,TRADE
NSW1,2011/3/12 7:00,7715.36,24.97,TRADE
NSW1,2011/3/12 7:30,8210.75,25.31,TRADE
NSW1,2011/3/12 8:00,8498.76,25.26,TRADE
NSW1,2011/3/12 8:30,8949.77,25.99,TRADE
NSW1,2011/3/12 9:00,9040.6,28.21,TRADE
NSW1,2011/3/12 9:30,9207.74,30.5,TRADE
NSW1,2011/3/12 10:00,9187.51,30.19,TRADE
NSW1,2011/3/12 10:30,9207.26,30.7,TRADE
NSW1,2011/3/12 11:00,9249.71,30.69,TRADE
NSW1,2011/3/12 11:30,9293.54,30.13,TRADE
NSW1,2011/3/12 12:00,9325.22,30.45,TRADE
NSW1,2011/3/12 12:30,9384.51,30.81,TRADE
NSW1,2011/3/12 13:00,9412.26,30.18,TRADE
NSW1,2011/3/12 13:30,9440.88,31.46,TRADE
NSW1,2011/3/12 14:00,9459.03,31.43,TRADE
NSW1,2011/3/12 14:30,9528.01,31.72,TRADE
NSW1,2011/3/12 15:00,9447.78,31.34,TRADE
NSW1,2011/3/12 15:30,9427.3,31.95,TRADE
NSW1,2011/3/12 16:00,9391.21,32.21,TRADE
NSW1,2011/3/12 16:30,9316.84,31.71,TRADE
NSW1,2011/3/12 17:00,9285.17,30.68,TRADE
NSW1,2011/3/12 17:30,9167.86,30.98,TRADE
NSW1,2011/3/12 18:00,9079,30.61,TRADE
NSW1,2011/3/12 18:30,9001.92,30.53,TRADE
NSW1,2011/3/12 19:00,9146,31.73,TRADE
NSW1,2011/3/12 19:30,9118.44,30.98,TRADE
NSW1,2011/3/12 20:00,8974.31,29.81,TRADE
NSW1,2011/3/12 20:30,8809.48,28.91,TRADE
NSW1,2011/3/12 21:00,8614.72,27.84,TRADE
NSW1,2011/3/12 21:30,8549.53,28.19,TRADE
NSW1,2011/3/12 22:00,8381.27,26.14,TRADE
NSW1,2011/3/12 22:30,8291.97,28,TRADE
NSW1,2011/3/12 23:00,8034.75,28.31,TRADE
NSW1,2011/3/12 23:30,7812.42,27.04,TRADE
NSW1,2011/3/13 0:00,7582.72,26.15,TRADE
NSW1,2011/3/13 0:30,7398.16,25.08,TRADE
NSW1,2011/3/13 1:00,7189.87,22.54,TRADE
NSW1,2011/3/13 1:30,6931.45,21.92,TRADE
NSW1,2011/3/13 2:00,6738.96,19.72,TRADE
NSW1,2011/3/13 2:30,6544,18.92,TRADE
NSW1,2011/3/13 3:00,6520.36,19.69,TRADE
NSW1,2011/3/13 3:30,6463.81,19.52,TRADE
NSW1,2011/3/13 4:00,6449.8,19.65,TRADE
NSW1,2011/3/13 4:30,6524.33,19.65,TRADE
NSW1,2011/3/13 5:00,6566.53,19.56,TRADE
NSW1,2011/3/13 5:30,6662.01,21.28,TRADE
NSW1,2011/3/13 6:00,6754.55,21.94,TRADE
NSW1,2011/3/13 6:30,6923.21,24.56,TRADE
NSW1,2011/3/13 7:00,7263.83,24.68,TRADE
NSW1,2011/3/13 7:30,7656.44,25.29,TRADE
NSW1,2011/3/13 8:00,8019.54,25.31,TRADE
NSW1,2011/3/13 8:30,8317.72,25.31,TRADE
NSW1,2011/3/13 9:00,8536.4,27.94,TRADE
NSW1,2011/3/13 9:30,8781.36,30.83,TRADE
NSW1,2011/3/13 10:00,8862.35,29.07,TRADE
NSW1,2011/3/13 10:30,8975.44,29.15,TRADE
NSW1,2011/3/13 11:00,9088.88,30.89,TRADE
NSW1,2011/3/13 11:30,9169.84,30.98,TRADE
NSW1,2011/3/13 12:00,9343.56,32.07,TRADE
NSW1,2011/3/13 12:30,9447.76,32.84,TRADE
NSW1,2011/3/13 13:00,9521.94,32.73,TRADE
NSW1,2011/3/13 13:30,9637.7,33.84,TRADE
NSW1,2011/3/13 14:00,9738.42,33.2,TRADE
NSW1,2011/3/13 14:30,9799.14,32.7,TRADE
NSW1,2011/3/13 15:00,9930.04,32.48,TRADE
NSW1,2011/3/13 15:30,9906.57,32.1,TRADE
NSW1,2011/3/13 16:00,9960.3,32.32,TRADE
NSW1,2011/3/13 16:30,9829.64,31.04,TRADE
NSW1,2011/3/13 17:00,9865.91,31.93,TRADE
NSW1,2011/3/13 17:30,9744.98,31.79,TRADE
NSW1,2011/3/13 18:00,9643.78,31.96,TRADE
NSW1,2011/3/13 18:30,9553.17,32.21,TRADE
NSW1,2011/3/13 19:00,9710.95,32.91,TRADE
NSW1,2011/3/13 19:30,9637.44,32.64,TRADE
NSW1,2011/3/13 20:00,9468.4,30.43,TRADE
NSW1,2011/3/13 20:30,9163.46,27.67,TRADE
NSW1,2011/3/13 21:00,8884.9,25.32,TRADE
NSW1,2011/3/13 21:30,8662.46,25.3,TRADE
NSW1,2011/3/13 22:00,8414.81,24.99,TRADE
NSW1,2011/3/13 22:30,8230.44,25.65,TRADE
NSW1,2011/3/13 23:00,7964.24,25.32,TRADE
NSW1,2011/3/13 23:30,7703.09,24.84,TRADE
NSW1,2011/3/14 0:00,7573.71,24.23,TRADE
NSW1,2011/3/14 0:30,7421.78,20.41,TRADE
NSW1,2011/3/14 1:00,7260.31,17.91,TRADE
NSW1,2011/3/14 1:30,7004.59,19.56,TRADE
NSW1,2011/3/14 2:00,6781.18,18.9,TRADE
NSW1,2011/3/14 2:30,6697.65,19.46,TRADE
NSW1,2011/3/14 3:00,6597.43,18.85,TRADE
NSW1,2011/3/14 3:30,6648.41,18.81,TRADE
NSW1,2011/3/14 4:00,6734.18,19.84,TRADE
NSW1,2011/3/14 4:30,6972.73,19.88,TRADE
NSW1,2011/3/14 5:00,7269.32,20.54,TRADE
NSW1,2011/3/14 5:30,7841.73,25.35,TRADE
NSW1,2011/3/14 6:00,8419.52,25.37,TRADE
NSW1,2011/3/14 6:30,8818.59,27.84,TRADE
NSW1,2011/3/14 7:00,9222.43,27.3,TRADE
NSW1,2011/3/14 7:30,9561.98,26.06,TRADE
NSW1,2011/3/14 8:00,9758.71,28.8,TRADE
NSW1,2011/3/14 8:30,10137.47,31.71,TRADE
NSW1,2011/3/14 9:00,10366.31,32.9,TRADE
NSW1,2011/3/14 9:30,10527.58,33.07,TRADE
NSW1,2011/3/14 10:00,10585.42,32.83,TRADE
NSW1,2011/3/14 10:30,10590.95,33.05,TRADE
NSW1,2011/3/14 11:00,10621.83,32.48,TRADE
NSW1,2011/3/14 11:30,10577.92,30.98,TRADE
NSW1,2011/3/14 12:00,10509.11,29.87,TRADE
NSW1,2011/3/14 12:30,10439.12,29.27,TRADE
NSW1,2011/3/14 13:00,10384.78,28.85,TRADE
NSW1,2011/3/14 13:30,10334.24,29.39,TRADE
NSW1,2011/3/14 14:00,10279,27.09,TRADE
NSW1,2011/3/14 14:30,10088.63,27.95,TRADE
NSW1,2011/3/14 15:00,10021.16,28.02,TRADE
NSW1,2011/3/14 15:30,9951.99,27.41,TRADE
NSW1,2011/3/14 16:00,9908.96,27.31,TRADE
NSW1,2011/3/14 16:30,9801.78,27.44,TRADE
NSW1,2011/3/14 17:00,9701.41,27.25,TRADE
NSW1,2011/3/14 17:30,9459.78,26.12,TRADE
NSW1,2011/3/14 18:00,9376.2,25.67,TRADE
NSW1,2011/3/14 18:30,9255.51,25.31,TRADE
NSW1,2011/3/14 19:00,9226.67,25.31,TRADE
NSW1,2011/3/14 19:30,9066.24,25.29,TRADE
NSW1,2011/3/14 20:00,8926.51,25.29,TRADE
NSW1,2011/3/14 20:30,8662.59,25.23,TRADE
NSW1,2011/3/14 21:00,8337.44,25.24,TRADE
NSW1,2011/3/14 21:30,8357.21,25.17,TRADE
NSW1,2011/3/14 22:00,8156.46,22.49,TRADE
NSW1,2011/3/14 22:30,8144.29,24.66,TRADE
NSW1,2011/3/14 23:00,7960.87,22.78,TRADE
NSW1,2011/3/14 23:30,7749.88,20.53,TRADE
NSW1,2011/3/15 0:00,7611.48,20.88,TRADE
NSW1,2011/3/15 0:30,7425.43,19.67,TRADE
NSW1,2011/3/15 1:00,7207.65,17.97,TRADE
NSW1,2011/3/15 1:30,6924.49,20.48,TRADE
NSW1,2011/3/15 2:00,6689.11,19.14,TRADE
NSW1,2011/3/15 2:30,6525.64,17.89,TRADE
NSW1,2011/3/15 3:00,6465.9,18.88,TRADE
NSW1,2011/3/15 3:30,6459.42,19.49,TRADE
NSW1,2011/3/15 4:00,6542.37,19.71,TRADE
NSW1,2011/3/15 4:30,6756.81,20.9,TRADE
NSW1,2011/3/15 5:00,7121.26,22,TRADE
NSW1,2011/3/15 5:30,7767.54,25.26,TRADE
NSW1,2011/3/15 6:00,8384.55,28.62,TRADE
NSW1,2011/3/15 6:30,8835.54,31.49,TRADE
NSW1,2011/3/15 7:00,9183.15,31.57,TRADE
NSW1,2011/3/15 7:30,9359.99,28.15,TRADE
NSW1,2011/3/15 8:00,9433.61,28.9,TRADE
NSW1,2011/3/15 8:30,9682.82,29.46,TRADE
NSW1,2011/3/15 9:00,9813.38,30.16,TRADE
NSW1,2011/3/15 9:30,9912.65,29.85,TRADE
NSW1,2011/3/15 10:00,9946.08,29.94,TRADE
NSW1,2011/3/15 10:30,9920.8,29.72,TRADE
NSW1,2011/3/15 11:00,9950.21,29.83,TRADE
NSW1,2011/3/15 11:30,9967.08,29.94,TRADE
NSW1,2011/3/15 12:00,9954.95,29.86,TRADE
NSW1,2011/3/15 12:30,10014.11,29.97,TRADE
NSW1,2011/3/15 13:00,9993.91,30.28,TRADE
NSW1,2011/3/15 13:30,10089.87,31.84,TRADE
NSW1,2011/3/15 14:00,10078.27,32.07,TRADE
NSW1,2011/3/15 14:30,10038.01,30.38,TRADE
NSW1,2011/3/15 15:00,10035.82,30.55,TRADE
NSW1,2011/3/15 15:30,10016.23,30.48,TRADE
NSW1,2011/3/15 16:00,10032.19,30.68,TRADE
NSW1,2011/3/15 16:30,9917.77,29.99,TRADE
NSW1,2011/3/15 17:00,9815,30.24,TRADE
NSW1,2011/3/15 17:30,9587.96,29.29,TRADE
NSW1,2011/3/15 18:00,9483.13,29.3,TRADE
NSW1,2011/3/15 18:30,9383.67,29.12,TRADE
NSW1,2011/3/15 19:00,9442.15,29.83,TRADE
NSW1,2011/3/15 19:30,9359.56,27.41,TRADE
NSW1,2011/3/15 20:00,9205.27,26.86,TRADE
NSW1,2011/3/15 20:30,8879.93,25.27,TRADE
NSW1,2011/3/15 21:00,8522.18,25.29,TRADE
NSW1,2011/3/15 21:30,8506.6,25.34,TRADE
NSW1,2011/3/15 22:00,8358.55,25.23,TRADE
NSW1,2011/3/15 22:30,8292.27,25.36,TRADE
NSW1,2011/3/15 23:00,8150.94,25.38,TRADE
NSW1,2011/3/15 23:30,7928.8,25.06,TRADE
NSW1,2011/3/16 0:00,7775.86,24.19,TRADE
NSW1,2011/3/16 0:30,7587.94,21.84,TRADE
NSW1,2011/3/16 1:00,7381.8,19.56,TRADE
NSW1,2011/3/16 1:30,7080,19.52,TRADE
NSW1,2011/3/16 2:00,6808.45,19.34,TRADE
NSW1,2011/3/16 2:30,6587.63,17.48,TRADE
NSW1,2011/3/16 3:00,6458.79,19.47,TRADE
NSW1,2011/3/16 3:30,6539.9,19.69,TRADE
NSW1,2011/3/16 4:00,6615.94,19.66,TRADE
NSW1,2011/3/16 4:30,6839.47,19.92,TRADE
NSW1,2011/3/16 5:00,7151.2,22.33,TRADE
NSW1,2011/3/16 5:30,7789.98,26.59,TRADE
NSW1,2011/3/16 6:00,8391.14,28.45,TRADE
NSW1,2011/3/16 6:30,8766.4,30.99,TRADE
NSW1,2011/3/16 7:00,9165.62,31.01,TRADE
NSW1,2011/3/16 7:30,9317.15,28.7,TRADE
NSW1,2011/3/16 8:00,9500.31,28.32,TRADE
NSW1,2011/3/16 8:30,9755.29,26.6,TRADE
NSW1,2011/3/16 9:00,9927.61,29.6,TRADE
NSW1,2011/3/16 9:30,10073.84,30.21,TRADE
NSW1,2011/3/16 10:00,10139.04,29.42,TRADE
NSW1,2011/3/16 10:30,10184.77,30.38,TRADE
NSW1,2011/3/16 11:00,10294.99,30.5,TRADE
NSW1,2011/3/16 11:30,10357.79,31.13,TRADE
NSW1,2011/3/16 12:00,10386.87,31.04,TRADE
NSW1,2011/3/16 12:30,10406.23,30.84,TRADE
NSW1,2011/3/16 13:00,10453.1,31.36,TRADE
NSW1,2011/3/16 13:30,10487.66,32.15,TRADE
NSW1,2011/3/16 14:00,10326.07,33.53,TRADE
NSW1,2011/3/16 14:30,10217.99,32.21,TRADE
NSW1,2011/3/16 15:00,10258.59,31.87,TRADE
NSW1,2011/3/16 15:30,10209.28,32.79,TRADE
NSW1,2011/3/16 16:00,10177.47,32.33,TRADE
NSW1,2011/3/16 16:30,10071.43,30.93,TRADE
NSW1,2011/3/16 17:00,9880.82,29.82,TRADE
NSW1,2011/3/16 17:30,9662.66,29.34,TRADE
NSW1,2011/3/16 18:00,9637.12,30.14,TRADE
NSW1,2011/3/16 18:30,9589.74,30.02,TRADE
NSW1,2011/3/16 19:00,9560.24,30.21,TRADE
NSW1,2011/3/16 19:30,9382.42,29.73,TRADE
NSW1,2011/3/16 20:00,9190.95,27.37,TRADE
NSW1,2011/3/16 20:30,8934.5,27.98,TRADE
NSW1,2011/3/16 21:00,8650.16,25.3,TRADE
NSW1,2011/3/16 21:30,8621.67,25.32,TRADE
NSW1,2011/3/16 22:00,8385.56,25.26,TRADE
NSW1,2011/3/16 22:30,8338.58,27.95,TRADE
NSW1,2011/3/16 23:00,8137.39,26.15,TRADE
NSW1,2011/3/16 23:30,7982.32,25.31,TRADE
NSW1,2011/3/17 0:00,7826.87,25.23,TRADE
NSW1,2011/3/17 0:30,7655.95,24.31,TRADE
NSW1,2011/3/17 1:00,7449.36,22.05,TRADE
NSW1,2011/3/17 1:30,7106.34,20.59,TRADE
NSW1,2011/3/17 2:00,6868.68,18.72,TRADE
NSW1,2011/3/17 2:30,6708.35,19.67,TRADE
NSW1,2011/3/17 3:00,6626.49,19.77,TRADE
NSW1,2011/3/17 3:30,6643.11,19.78,TRADE
NSW1,2011/3/17 4:00,6731.27,20.11,TRADE
NSW1,2011/3/17 4:30,6937.06,23.79,TRADE
NSW1,2011/3/17 5:00,7255.51,25.24,TRADE
NSW1,2011/3/17 5:30,7937.59,27.52,TRADE
NSW1,2011/3/17 6:00,8535.26,29.77,TRADE
NSW1,2011/3/17 6:30,9001.4,32.63,TRADE
NSW1,2011/3/17 7:00,9424.21,33.14,TRADE
NSW1,2011/3/17 7:30,9487.51,27.09,TRADE
NSW1,2011/3/17 8:00,9595.23,26.44,TRADE
NSW1,2011/3/17 8:30,9770.41,28.18,TRADE
NSW1,2011/3/17 9:00,9873.77,29.55,TRADE
NSW1,2011/3/17 9:30,10000.07,29.45,TRADE
NSW1,2011/3/17 10:00,10072.9,29.46,TRADE
NSW1,2011/3/17 10:30,10049.46,29.49,TRADE
NSW1,2011/3/17 11:00,10112.66,29.5,TRADE
NSW1,2011/3/17 11:30,10146.51,29.57,TRADE
NSW1,2011/3/17 12:00,10092.84,29.66,TRADE
NSW1,2011/3/17 12:30,10157.11,30.32,TRADE
NSW1,2011/3/17 13:00,10139.71,31.17,TRADE
NSW1,2011/3/17 13:30,10190.6,31.8,TRADE
NSW1,2011/3/17 14:00,10170.02,31.33,TRADE
NSW1,2011/3/17 14:30,10075.46,30.55,TRADE
NSW1,2011/3/17 15:00,10089.09,30.27,TRADE
NSW1,2011/3/17 15:30,10031.27,29.73,TRADE
NSW1,2011/3/17 16:00,9971.88,29.73,TRADE
NSW1,2011/3/17 16:30,9931.58,29.5,TRADE
NSW1,2011/3/17 17:00,9878.47,28.54,TRADE
NSW1,2011/3/17 17:30,9660.2,25.99,TRADE
NSW1,2011/3/17 18:00,9604.19,28.14,TRADE
NSW1,2011/3/17 18:30,9600.28,28.78,TRADE
NSW1,2011/3/17 19:00,9620.35,30.69,TRADE
NSW1,2011/3/17 19:30,9510.21,30.56,TRADE
NSW1,2011/3/17 20:00,9334.42,26.99,TRADE
NSW1,2011/3/17 20:30,9015.64,25.65,TRADE
NSW1,2011/3/17 21:00,8717.18,25.3,TRADE
NSW1,2011/3/17 21:30,8694.56,25.29,TRADE
NSW1,2011/3/17 22:00,8467.16,24.68,TRADE
NSW1,2011/3/17 22:30,8390.32,24.73,TRADE
NSW1,2011/3/17 23:00,8188.65,24.41,TRADE
NSW1,2011/3/17 23:30,7960.35,24.83,TRADE
NSW1,2011/3/18 0:00,7740.51,24.31,TRADE
NSW1,2011/3/18 0:30,7568.95,24.9,TRADE
NSW1,2011/3/18 1:00,7353.69,24.78,TRADE
NSW1,2011/3/18 1:30,7068.55,23.16,TRADE
NSW1,2011/3/18 2:00,6814.16,17.72,TRADE
NSW1,2011/3/18 2:30,6662.63,18.38,TRADE
NSW1,2011/3/18 3:00,6570.76,19.23,TRADE
NSW1,2011/3/18 3:30,6566.34,18.77,TRADE
NSW1,2011/3/18 4:00,6636.35,19.5,TRADE
NSW1,2011/3/18 4:30,6864.95,20.93,TRADE
NSW1,2011/3/18 5:00,7186.26,25.24,TRADE
NSW1,2011/3/18 5:30,7790.36,25.53,TRADE
NSW1,2011/3/18 6:00,8410.97,26.6,TRADE
NSW1,2011/3/18 6:30,8859.78,30.44,TRADE
NSW1,2011/3/18 7:00,9354.16,31.22,TRADE
NSW1,2011/3/18 7:30,9537.56,28.63,TRADE
NSW1,2011/3/18 8:00,9573.43,25.57,TRADE
NSW1,2011/3/18 8:30,9789.58,28.96,TRADE
NSW1,2011/3/18 9:00,9882.6,28.74,TRADE
NSW1,2011/3/18 9:30,10011.31,27.65,TRADE
NSW1,2011/3/18 10:00,9954.64,26.74,TRADE
NSW1,2011/3/18 10:30,9905.61,25.78,TRADE
NSW1,2011/3/18 11:00,9882.53,26.38,TRADE
NSW1,2011/3/18 11:30,9785.4,25.31,TRADE
NSW1,2011/3/18 12:00,9781.01,25.39,TRADE
NSW1,2011/3/18 12:30,9717.06,25.31,TRADE
NSW1,2011/3/18 13:00,9787.33,25.37,TRADE
NSW1,2011/3/18 13:30,9736.41,25.5,TRADE
NSW1,2011/3/18 14:00,9702.94,25.43,TRADE
NSW1,2011/3/18 14:30,9644.98,25.31,TRADE
NSW1,2011/3/18 15:00,9630.13,25.31,TRADE
NSW1,2011/3/18 15:30,9593.02,25.5,TRADE
NSW1,2011/3/18 16:00,9565.66,25.56,TRADE
NSW1,2011/3/18 16:30,9483.72,25.31,TRADE
NSW1,2011/3/18 17:00,9376.12,25.3,TRADE
NSW1,2011/3/18 17:30,9102.03,25.31,TRADE
NSW1,2011/3/18 18:00,9001.67,25.31,TRADE
NSW1,2011/3/18 18:30,8946.58,25.32,TRADE
NSW1,2011/3/18 19:00,9028.36,25.31,TRADE
NSW1,2011/3/18 19:30,8868,25.29,TRADE
NSW1,2011/3/18 20:00,8734.3,25.31,TRADE
NSW1,2011/3/18 20:30,8537.72,25.29,TRADE
NSW1,2011/3/18 21:00,8401.22,25.32,TRADE
NSW1,2011/3/18 21:30,8408.31,25.67,TRADE
NSW1,2011/3/18 22:00,8298.61,25.1,TRADE
NSW1,2011/3/18 22:30,8310.86,25.29,TRADE
NSW1,2011/3/18 23:00,8206.01,25.06,TRADE
NSW1,2011/3/18 23:30,7992.05,25.26,TRADE
NSW1,2011/3/19 0:00,7799.42,25.02,TRADE
NSW1,2011/3/19 0:30,7609.27,22.56,TRADE
NSW1,2011/3/19 1:00,7287.24,18.95,TRADE
NSW1,2011/3/19 1:30,7047.86,21.56,TRADE
NSW1,2011/3/19 2:00,6791.43,20.54,TRADE
NSW1,2011/3/19 2:30,6587.56,19.28,TRADE
NSW1,2011/3/19 3:00,6463.83,19.02,TRADE
NSW1,2011/3/19 3:30,6402.68,18.3,TRADE
NSW1,2011/3/19 4:00,6459.67,19.84,TRADE
NSW1,2011/3/19 4:30,6527.75,20.85,TRADE
NSW1,2011/3/19 5:00,6643.41,20.7,TRADE
NSW1,2011/3/19 5:30,6861.65,20.26,TRADE
NSW1,2011/3/19 6:00,7098.2,24.75,TRADE
NSW1,2011/3/19 6:30,7360.28,25.27,TRADE
NSW1,2011/3/19 7:00,7783.66,25.31,TRADE
NSW1,2011/3/19 7:30,8181.94,25.31,TRADE
NSW1,2011/3/19 8:00,8499.85,25.48,TRADE
NSW1,2011/3/19 8:30,8841.15,26.1,TRADE
NSW1,2011/3/19 9:00,8916.44,27.36,TRADE
NSW1,2011/3/19 9:30,9010.01,25.77,TRADE
NSW1,2011/3/19 10:00,8964.77,25.92,TRADE
NSW1,2011/3/19 10:30,8941.34,25.31,TRADE
NSW1,2011/3/19 11:00,8939.24,25.31,TRADE
NSW1,2011/3/19 11:30,8861.91,25.27,TRADE
NSW1,2011/3/19 12:00,8806.79,25.31,TRADE
NSW1,2011/3/19 12:30,8670.56,25.31,TRADE
NSW1,2011/3/19 13:00,8629.13,25.31,TRADE
NSW1,2011/3/19 13:30,8531.77,25.31,TRADE
NSW1,2011/3/19 14:00,8464.54,25.31,TRADE
NSW1,2011/3/19 14:30,8341.82,25.09,TRADE
NSW1,2011/3/19 15:00,8366.49,25.29,TRADE
NSW1,2011/3/19 15:30,8477.76,25.31,TRADE
NSW1,2011/3/19 16:00,8422.99,25.44,TRADE
NSW1,2011/3/19 16:30,8404.75,25.31,TRADE
NSW1,2011/3/19 17:00,8454.2,25.28,TRADE
NSW1,2011/3/19 17:30,8466.88,25.31,TRADE
NSW1,2011/3/19 18:00,8423.3,25.31,TRADE
NSW1,2011/3/19 18:30,8357.53,25.31,TRADE
NSW1,2011/3/19 19:00,8446.83,25.31,TRADE
NSW1,2011/3/19 19:30,8255.85,25.23,TRADE
NSW1,2011/3/19 20:00,8124.94,25.5,TRADE
NSW1,2011/3/19 20:30,8019.62,25.27,TRADE
NSW1,2011/3/19 21:00,7828.87,25.16,TRADE
NSW1,2011/3/19 21:30,7892.6,25.31,TRADE
NSW1,2011/3/19 22:00,7790.68,24.9,TRADE
NSW1,2011/3/19 22:30,7756.56,25.16,TRADE
NSW1,2011/3/19 23:00,7608.21,24.8,TRADE
NSW1,2011/3/19 23:30,7344.43,24.7,TRADE
NSW1,2011/3/20 0:00,7140.6,23.48,TRADE
NSW1,2011/3/20 0:30,6984.43,22.69,TRADE
NSW1,2011/3/20 1:00,6778.05,19.6,TRADE
NSW1,2011/3/20 1:30,6604.97,21.96,TRADE
NSW1,2011/3/20 2:00,6363.7,18.87,TRADE
NSW1,2011/3/20 2:30,6255.12,16.79,TRADE
NSW1,2011/3/20 3:00,6159.1,12.12,TRADE
NSW1,2011/3/20 3:30,6113.53,15.29,TRADE
NSW1,2011/3/20 4:00,6114.07,13.76,TRADE
NSW1,2011/3/20 4:30,6116.94,14.97,TRADE
NSW1,2011/3/20 5:00,6187.09,17.33,TRADE
NSW1,2011/3/20 5:30,6321,16.64,TRADE
NSW1,2011/3/20 6:00,6447.79,18.77,TRADE
NSW1,2011/3/20 6:30,6726.73,19.73,TRADE
NSW1,2011/3/20 7:00,7055.42,20.06,TRADE
NSW1,2011/3/20 7:30,7392.22,24.05,TRADE
NSW1,2011/3/20 8:00,7790.91,25.27,TRADE
NSW1,2011/3/20 8:30,8086.41,25.31,TRADE
NSW1,2011/3/20 9:00,8339.38,25.31,TRADE
NSW1,2011/3/20 9:30,8467.98,25.31,TRADE
NSW1,2011/3/20 10:00,8501.42,25.31,TRADE
NSW1,2011/3/20 10:30,8446,25.31,TRADE
NSW1,2011/3/20 11:00,8478.89,25.31,TRADE
NSW1,2011/3/20 11:30,8533.49,25.31,TRADE
NSW1,2011/3/20 12:00,8488.19,25.31,TRADE
NSW1,2011/3/20 12:30,8410.01,25.31,TRADE
NSW1,2011/3/20 13:00,8420.45,25.35,TRADE
NSW1,2011/3/20 13:30,8312.71,25.31,TRADE
NSW1,2011/3/20 14:00,8302.31,25.31,TRADE
NSW1,2011/3/20 14:30,8311.23,24.78,TRADE
NSW1,2011/3/20 15:00,8344.56,25.24,TRADE
NSW1,2011/3/20 15:30,8361.95,25.25,TRADE
NSW1,2011/3/20 16:00,8403.22,25.22,TRADE
NSW1,2011/3/20 16:30,8411.53,25.27,TRADE
NSW1,2011/3/20 17:00,8511.13,25.27,TRADE
NSW1,2011/3/20 17:30,8629.63,27.06,TRADE
NSW1,2011/3/20 18:00,8641.18,26.74,TRADE
NSW1,2011/3/20 18:30,8767.3,27.47,TRADE
NSW1,2011/3/20 19:00,8883.68,29.79,TRADE
NSW1,2011/3/20 19:30,8740.96,28.04,TRADE
NSW1,2011/3/20 20:00,8511.34,25.28,TRADE
NSW1,2011/3/20 20:30,8272.67,25.28,TRADE
NSW1,2011/3/20 21:00,8028.91,25.23,TRADE
NSW1,2011/3/20 21:30,7934.95,25.21,TRADE
NSW1,2011/3/20 22:00,7770.31,24.78,TRADE
NSW1,2011/3/20 22:30,7728.57,24.62,TRADE
NSW1,2011/3/20 23:00,7504.48,23.5,TRADE
NSW1,2011/3/20 23:30,7368.65,23.79,TRADE
NSW1,2011/3/21 0:00,7239.79,21.49,TRADE
NSW1,2011/3/21 0:30,7059.65,20.03,TRADE
NSW1,2011/3/21 1:00,6930.74,19.44,TRADE
NSW1,2011/3/21 1:30,6678.6,19.49,TRADE
NSW1,2011/3/21 2:00,6501.68,19.44,TRADE
NSW1,2011/3/21 2:30,6413.45,18.54,TRADE
NSW1,2011/3/21 3:00,6325.84,17.68,TRADE
NSW1,2011/3/21 3:30,6358.84,17.69,TRADE
NSW1,2011/3/21 4:00,6490.04,20.9,TRADE
NSW1,2011/3/21 4:30,6723.43,18.79,TRADE
NSW1,2011/3/21 5:00,7057.55,22.32,TRADE
NSW1,2011/3/21 5:30,7772.31,25.35,TRADE
NSW1,2011/3/21 6:00,8425.7,26.19,TRADE
NSW1,2011/3/21 6:30,8969.33,28.77,TRADE
NSW1,2011/3/21 7:00,9383.51,30.62,TRADE
NSW1,2011/3/21 7:30,9614.58,29.6,TRADE
NSW1,2011/3/21 8:00,9724.69,29.19,TRADE
NSW1,2011/3/21 8:30,9901.36,30.62,TRADE
NSW1,2011/3/21 9:00,10033.83,30.69,TRADE
NSW1,2011/3/21 9:30,10154.83,31.36,TRADE
NSW1,2011/3/21 10:00,10233.66,31.26,TRADE
NSW1,2011/3/21 10:30,10255.29,31.68,TRADE
NSW1,2011/3/21 11:00,10282.01,31.64,TRADE
NSW1,2011/3/21 11:30,10351.67,31.97,TRADE
NSW1,2011/3/21 12:00,10358.6,31.82,TRADE
NSW1,2011/3/21 12:30,10348.58,31.55,TRADE
NSW1,2011/3/21 13:00,10316.09,31.57,TRADE
NSW1,2011/3/21 13:30,10306.13,31.09,TRADE
NSW1,2011/3/21 14:00,10325.49,31.45,TRADE
NSW1,2011/3/21 14:30,10249.99,31.59,TRADE
NSW1,2011/3/21 15:00,10261.15,31.83,TRADE
NSW1,2011/3/21 15:30,10268.77,32.4,TRADE
NSW1,2011/3/21 16:00,10263.32,32.45,TRADE
NSW1,2011/3/21 16:30,10284.73,32.84,TRADE
NSW1,2011/3/21 17:00,10312.09,32.54,TRADE
NSW1,2011/3/21 17:30,10147.36,32,TRADE
NSW1,2011/3/21 18:00,9936.86,29.61,TRADE
NSW1,2011/3/21 18:30,9788.89,28.04,TRADE
NSW1,2011/3/21 19:00,9718.85,27.39,TRADE
NSW1,2011/3/21 19:30,9525.88,26.5,TRADE
NSW1,2011/3/21 20:00,9375.53,25.71,TRADE
NSW1,2011/3/21 20:30,9036.26,26.77,TRADE
NSW1,2011/3/21 21:00,8814.44,25.31,TRADE
NSW1,2011/3/21 21:30,8865.71,25.35,TRADE
NSW1,2011/3/21 22:00,8660.34,25.24,TRADE
NSW1,2011/3/21 22:30,8550.57,25.31,TRADE
NSW1,2011/3/21 23:00,8400.97,25.34,TRADE
NSW1,2011/3/21 23:30,8180.34,25.72,TRADE
NSW1,2011/3/22 0:00,7993.35,24.43,TRADE
NSW1,2011/3/22 0:30,7824.04,24.26,TRADE
NSW1,2011/3/22 1:00,7538.84,24.06,TRADE
NSW1,2011/3/22 1:30,7243.32,23.25,TRADE
NSW1,2011/3/22 2:00,6960.22,23.58,TRADE
NSW1,2011/3/22 2:30,6800.6,20.88,TRADE
NSW1,2011/3/22 3:00,6739.8,20.21,TRADE
NSW1,2011/3/22 3:30,6672.7,19.45,TRADE
NSW1,2011/3/22 4:00,6798.78,20.67,TRADE
NSW1,2011/3/22 4:30,7005.55,24.15,TRADE
NSW1,2011/3/22 5:00,7347.13,25.27,TRADE
NSW1,2011/3/22 5:30,7983.6,26.08,TRADE
NSW1,2011/3/22 6:00,8673.41,30.74,TRADE
NSW1,2011/3/22 6:30,9108.53,30.12,TRADE
NSW1,2011/3/22 7:00,9545.12,31.31,TRADE
NSW1,2011/3/22 7:30,9671.19,29.7,TRADE
NSW1,2011/3/22 8:00,9804.82,31.86,TRADE
NSW1,2011/3/22 8:30,10031.52,33.37,TRADE
NSW1,2011/3/22 9:00,10128.45,34.25,TRADE
NSW1,2011/3/22 9:30,10243.96,32.94,TRADE
NSW1,2011/3/22 10:00,10309.27,33.6,TRADE
NSW1,2011/3/22 10:30,10329.18,34.77,TRADE
NSW1,2011/3/22 11:00,10453.52,37.18,TRADE
NSW1,2011/3/22 11:30,10476.27,37.47,TRADE
NSW1,2011/3/22 12:00,10432.79,35.25,TRADE
NSW1,2011/3/22 12:30,10600.72,37.24,TRADE
NSW1,2011/3/22 13:00,10704.58,34.69,TRADE
NSW1,2011/3/22 13:30,10880.58,37.48,TRADE
NSW1,2011/3/22 14:00,10851.7,36.35,TRADE
NSW1,2011/3/22 14:30,10827.39,35.04,TRADE
NSW1,2011/3/22 15:00,10918.8,38.36,TRADE
NSW1,2011/3/22 15:30,11020.11,40.09,TRADE
NSW1,2011/3/22 16:00,11075.33,38.75,TRADE
NSW1,2011/3/22 16:30,10982.78,41.54,TRADE
NSW1,2011/3/22 17:00,10780.47,35.85,TRADE
NSW1,2011/3/22 17:30,10460.92,34.63,TRADE
NSW1,2011/3/22 18:00,10309.56,32.63,TRADE
NSW1,2011/3/22 18:30,10231.08,31.81,TRADE
NSW1,2011/3/22 19:00,10301.49,34.76,TRADE
NSW1,2011/3/22 19:30,10092.85,34.4,TRADE
NSW1,2011/3/22 20:00,9846.58,30.61,TRADE
NSW1,2011/3/22 20:30,9515.44,26.34,TRADE
NSW1,2011/3/22 21:00,9185.16,25.27,TRADE
NSW1,2011/3/22 21:30,9044.85,25.31,TRADE
NSW1,2011/3/22 22:00,8818.33,25.3,TRADE
NSW1,2011/3/22 22:30,8707.61,27.57,TRADE
NSW1,2011/3/22 23:00,8529.65,25.73,TRADE
NSW1,2011/3/22 23:30,8310.27,25.31,TRADE
NSW1,2011/3/23 0:00,8107.22,25.18,TRADE
NSW1,2011/3/23 0:30,7911.6,25.22,TRADE
NSW1,2011/3/23 1:00,7636.91,25.3,TRADE
NSW1,2011/3/23 1:30,7278.38,24.95,TRADE
NSW1,2011/3/23 2:00,7034.61,24.85,TRADE
NSW1,2011/3/23 2:30,6729.5,21.36,TRADE
NSW1,2011/3/23 3:00,6668.96,20.98,TRADE
NSW1,2011/3/23 3:30,6686.1,20.73,TRADE
NSW1,2011/3/23 4:00,6730.11,20.35,TRADE
NSW1,2011/3/23 4:30,6874.64,21.73,TRADE
NSW1,2011/3/23 5:00,7195.27,25.11,TRADE
NSW1,2011/3/23 5:30,7875.26,25.17,TRADE
NSW1,2011/3/23 6:00,8495.32,28.41,TRADE
NSW1,2011/3/23 6:30,8877.94,29.8,TRADE
NSW1,2011/3/23 7:00,9275.01,30.91,TRADE
NSW1,2011/3/23 7:30,9425.3,27.38,TRADE
NSW1,2011/3/23 8:00,9569.57,29.61,TRADE
NSW1,2011/3/23 8:30,9810.88,30.92,TRADE
NSW1,2011/3/23 9:00,9931.29,32.45,TRADE
NSW1,2011/3/23 9:30,10075.71,33.06,TRADE
NSW1,2011/3/23 10:00,10156.75,33.14,TRADE
NSW1,2011/3/23 10:30,10180.6,32.34,TRADE
NSW1,2011/3/23 11:00,10284.12,32.4,TRADE
NSW1,2011/3/23 11:30,10291.5,32.52,TRADE
NSW1,2011/3/23 12:00,10301.57,33.57,TRADE
NSW1,2011/3/23 12:30,10371.52,34.63,TRADE
NSW1,2011/3/23 13:00,10415.09,33.94,TRADE
NSW1,2011/3/23 13:30,10432.72,33.87,TRADE
NSW1,2011/3/23 14:00,10436.39,33.72,TRADE
NSW1,2011/3/23 14:30,10395.09,33.23,TRADE
NSW1,2011/3/23 15:00,10448.39,33.67,TRADE
NSW1,2011/3/23 15:30,10472.73,34.04,TRADE
NSW1,2011/3/23 16:00,10462.45,34.52,TRADE
NSW1,2011/3/23 16:30,10324.6,34.45,TRADE
NSW1,2011/3/23 17:00,10172.92,33.86,TRADE
NSW1,2011/3/23 17:30,9887.98,29.05,TRADE
NSW1,2011/3/23 18:00,9762.49,26.17,TRADE
NSW1,2011/3/23 18:30,9701.45,26.06,TRADE
NSW1,2011/3/23 19:00,9712.26,29.39,TRADE
NSW1,2011/3/23 19:30,9489.42,28.74,TRADE
NSW1,2011/3/23 20:00,9223.6,26.59,TRADE
NSW1,2011/3/23 20:30,8928.13,25.89,TRADE
NSW1,2011/3/23 21:00,8660.05,25.31,TRADE
NSW1,2011/3/23 21:30,8607.17,25.53,TRADE
NSW1,2011/3/23 22:00,8381.24,25.25,TRADE
NSW1,2011/3/23 22:30,8357.85,25.98,TRADE
NSW1,2011/3/23 23:00,8120.8,25.29,TRADE
NSW1,2011/3/23 23:30,7887.36,25.31,TRADE
NSW1,2011/3/24 0:00,7735.46,25.19,TRADE
NSW1,2011/3/24 0:30,7560,25.88,TRADE
NSW1,2011/3/24 1:00,7339.56,25.08,TRADE
NSW1,2011/3/24 1:30,6977.8,24.91,TRADE
NSW1,2011/3/24 2:00,6753.26,24.63,TRADE
NSW1,2011/3/24 2:30,6553.65,21.84,TRADE
NSW1,2011/3/24 3:00,6485.85,19.24,TRADE
NSW1,2011/3/24 3:30,6511.22,19.86,TRADE
NSW1,2011/3/24 4:00,6549.02,19.74,TRADE
NSW1,2011/3/24 4:30,6785.67,24.29,TRADE
NSW1,2011/3/24 5:00,7095.48,25.12,TRADE
NSW1,2011/3/24 5:30,7697.8,26.27,TRADE
NSW1,2011/3/24 6:00,8298.03,25.5,TRADE
NSW1,2011/3/24 6:30,8601.05,28.11,TRADE
NSW1,2011/3/24 7:00,8969.39,29.84,TRADE
NSW1,2011/3/24 7:30,9053.03,25.31,TRADE
NSW1,2011/3/24 8:00,9135.03,25.31,TRADE
NSW1,2011/3/24 8:30,9364.26,25.55,TRADE
NSW1,2011/3/24 9:00,9493.84,27.65,TRADE
NSW1,2011/3/24 9:30,9567.74,26.54,TRADE
NSW1,2011/3/24 10:00,9550.76,26.39,TRADE
NSW1,2011/3/24 10:30,9567.72,25.97,TRADE
NSW1,2011/3/24 11:00,9609.7,27.71,TRADE
NSW1,2011/3/24 11:30,9588.2,25.31,TRADE
NSW1,2011/3/24 12:00,9599.91,25.41,TRADE
NSW1,2011/3/24 12:30,9625.26,26.19,TRADE
NSW1,2011/3/24 13:00,9581.67,25.8,TRADE
NSW1,2011/3/24 13:30,9619.71,25.8,TRADE
NSW1,2011/3/24 14:00,9630.14,26.1,TRADE
NSW1,2011/3/24 14:30,9476.11,25.29,TRADE
NSW1,2011/3/24 15:00,9453.01,25.31,TRADE
NSW1,2011/3/24 15:30,9533.84,25.31,TRADE
NSW1,2011/3/24 16:00,9544.53,25.43,TRADE
NSW1,2011/3/24 16:30,9540.81,25.81,TRADE
NSW1,2011/3/24 17:00,9483.2,26.12,TRADE
NSW1,2011/3/24 17:30,9308.46,25.29,TRADE
NSW1,2011/3/24 18:00,9276.61,25.31,TRADE
NSW1,2011/3/24 18:30,9308.2,25.31,TRADE
NSW1,2011/3/24 19:00,9417.57,25.31,TRADE
NSW1,2011/3/24 19:30,9298.13,25.31,TRADE
NSW1,2011/3/24 20:00,9041.58,25.31,TRADE
NSW1,2011/3/24 20:30,8765.64,25.26,TRADE
NSW1,2011/3/24 21:00,8463.6,25.12,TRADE
NSW1,2011/3/24 21:30,8409.09,25.29,TRADE
NSW1,2011/3/24 22:00,8240.27,24.22,TRADE
NSW1,2011/3/24 22:30,8143.45,24.99,TRADE
NSW1,2011/3/24 23:00,8057.37,24.79,TRADE
NSW1,2011/3/24 23:30,7843.71,25.11,TRADE
NSW1,2011/3/25 0:00,7691.74,23.92,TRADE
NSW1,2011/3/25 0:30,7498.46,23.3,TRADE
NSW1,2011/3/25 1:00,7249.66,23.22,TRADE
NSW1,2011/3/25 1:30,6925.1,21.07,TRADE
NSW1,2011/3/25 2:00,6645.59,18.58,TRADE
NSW1,2011/3/25 2:30,6450.71,17.97,TRADE
NSW1,2011/3/25 3:00,6376.12,18.96,TRADE
NSW1,2011/3/25 3:30,6365.69,18.75,TRADE
NSW1,2011/3/25 4:00,6459.76,19.44,TRADE
NSW1,2011/3/25 4:30,6724.17,23.12,TRADE
NSW1,2011/3/25 5:00,7055.45,24.13,TRADE
NSW1,2011/3/25 5:30,7676.53,28.99,TRADE
NSW1,2011/3/25 6:00,8240.43,27.8,TRADE
NSW1,2011/3/25 6:30,8659.55,29.25,TRADE
NSW1,2011/3/25 7:00,8998.2,30.43,TRADE
NSW1,2011/3/25 7:30,9155.65,27.19,TRADE
NSW1,2011/3/25 8:00,9269.25,27.38,TRADE
NSW1,2011/3/25 8:30,9501.37,28.46,TRADE
NSW1,2011/3/25 9:00,9554.32,28.5,TRADE
NSW1,2011/3/25 9:30,9595.53,28.57,TRADE
NSW1,2011/3/25 10:00,9544.55,28.2,TRADE
NSW1,2011/3/25 10:30,9534.77,26.6,TRADE
NSW1,2011/3/25 11:00,9642.26,27.12,TRADE
NSW1,2011/3/25 11:30,9615,27.13,TRADE
NSW1,2011/3/25 12:00,9621.07,26.89,TRADE
NSW1,2011/3/25 12:30,9605.38,26.77,TRADE
NSW1,2011/3/25 13:00,9507.54,25.83,TRADE
NSW1,2011/3/25 13:30,9576.67,26.58,TRADE
NSW1,2011/3/25 14:00,9516.72,26.21,TRADE
NSW1,2011/3/25 14:30,9505.87,25.32,TRADE
NSW1,2011/3/25 15:00,9475.18,25.83,TRADE
NSW1,2011/3/25 15:30,9544.5,26.74,TRADE
NSW1,2011/3/25 16:00,9525.18,27.4,TRADE
NSW1,2011/3/25 16:30,9389.29,27.55,TRADE
NSW1,2011/3/25 17:00,9256.77,26.58,TRADE
NSW1,2011/3/25 17:30,9044.46,25.31,TRADE
NSW1,2011/3/25 18:00,8991.53,25.31,TRADE
NSW1,2011/3/25 18:30,9080.86,25.31,TRADE
NSW1,2011/3/25 19:00,9137.58,25.57,TRADE
NSW1,2011/3/25 19:30,8953.81,25.31,TRADE
NSW1,2011/3/25 20:00,8793.45,25.3,TRADE
NSW1,2011/3/25 20:30,8549.01,25.31,TRADE
NSW1,2011/3/25 21:00,8363.49,25.29,TRADE
NSW1,2011/3/25 21:30,8338.64,25.87,TRADE
NSW1,2011/3/25 22:00,8286.73,25.22,TRADE
NSW1,2011/3/25 22:30,8345.36,27.43,TRADE
NSW1,2011/3/25 23:00,8209.27,26.12,TRADE
NSW1,2011/3/25 23:30,7968.7,25.53,TRADE
NSW1,2011/3/26 0:00,7801.1,25.26,TRADE
NSW1,2011/3/26 0:30,7597.77,23.44,TRADE
NSW1,2011/3/26 1:00,7329.26,21.53,TRADE
NSW1,2011/3/26 1:30,6793.53,20.93,TRADE
NSW1,2011/3/26 2:00,6446.06,17.14,TRADE
NSW1,2011/3/26 2:30,6264.21,17.43,TRADE
NSW1,2011/3/26 3:00,6353.3,20.36,TRADE
NSW1,2011/3/26 3:30,6423.37,19.31,TRADE
NSW1,2011/3/26 4:00,6393.04,18.85,TRADE
NSW1,2011/3/26 4:30,6460.22,19.86,TRADE
NSW1,2011/3/26 5:00,6573.54,19.81,TRADE
NSW1,2011/3/26 5:30,6796.02,20.18,TRADE
NSW1,2011/3/26 6:00,7069.3,24.93,TRADE
NSW1,2011/3/26 6:30,7301.66,25.22,TRADE
NSW1,2011/3/26 7:00,7713.84,25.3,TRADE
NSW1,2011/3/26 7:30,8027.75,25.12,TRADE
NSW1,2011/3/26 8:00,8337.7,25.45,TRADE
NSW1,2011/3/26 8:30,8603.45,25.58,TRADE
NSW1,2011/3/26 9:00,8661.76,25.39,TRADE
NSW1,2011/3/26 9:30,8738.9,25.31,TRADE
NSW1,2011/3/26 10:00,8653.99,25.27,TRADE
NSW1,2011/3/26 10:30,8553.94,25.31,TRADE
NSW1,2011/3/26 11:00,8552.49,25.31,TRADE
NSW1,2011/3/26 11:30,8408.21,25.31,TRADE
NSW1,2011/3/26 12:00,8401.37,25.31,TRADE
NSW1,2011/3/26 12:30,8277.09,25.31,TRADE
NSW1,2011/3/26 13:00,8231.49,25.27,TRADE
NSW1,2011/3/26 13:30,8210.07,25.15,TRADE
NSW1,2011/3/26 14:00,8137.5,25.25,TRADE
NSW1,2011/3/26 14:30,8074.37,25.2,TRADE
NSW1,2011/3/26 15:00,8036.69,25.07,TRADE
NSW1,2011/3/26 15:30,8136.23,25.22,TRADE
NSW1,2011/3/26 16:00,8142.78,25.12,TRADE
NSW1,2011/3/26 16:30,8131.73,25.09,TRADE
NSW1,2011/3/26 17:00,8205.68,25.3,TRADE
NSW1,2011/3/26 17:30,8272.27,25.31,TRADE
NSW1,2011/3/26 18:00,8324.41,25.31,TRADE
NSW1,2011/3/26 18:30,8436.33,25.31,TRADE
NSW1,2011/3/26 19:00,8365.53,25.31,TRADE
NSW1,2011/3/26 19:30,8244.98,25.31,TRADE
NSW1,2011/3/26 20:00,7992.04,25.27,TRADE
NSW1,2011/3/26 20:30,7805.38,25.22,TRADE
NSW1,2011/3/26 21:00,7725.25,25.17,TRADE
NSW1,2011/3/26 21:30,7698.17,25.18,TRADE
NSW1,2011/3/26 22:00,7681.51,23.78,TRADE
NSW1,2011/3/26 22:30,7691.35,25.58,TRADE
NSW1,2011/3/26 23:00,7540.83,24.78,TRADE
NSW1,2011/3/26 23:30,7363.39,24.37,TRADE
NSW1,2011/3/27 0:00,7181.17,24.8,TRADE
NSW1,2011/3/27 0:30,7003.44,23.63,TRADE
NSW1,2011/3/27 1:00,6850.07,23.08,TRADE
NSW1,2011/3/27 1:30,6603.18,22.08,TRADE
NSW1,2011/3/27 2:00,6394.32,19.17,TRADE
NSW1,2011/3/27 2:30,6240.33,19.66,TRADE
NSW1,2011/3/27 3:00,6195.09,19.57,TRADE
NSW1,2011/3/27 3:30,6100.29,18.4,TRADE
NSW1,2011/3/27 4:00,6120.94,19.17,TRADE
NSW1,2011/3/27 4:30,6169.52,19.53,TRADE
NSW1,2011/3/27 5:00,6226.91,19.65,TRADE
NSW1,2011/3/27 5:30,6388.53,19.88,TRADE
NSW1,2011/3/27 6:00,6473.94,19.67,TRADE
NSW1,2011/3/27 6:30,6653.85,19.71,TRADE
NSW1,2011/3/27 7:00,7028.18,19.79,TRADE
NSW1,2011/3/27 7:30,7382.96,21.6,TRADE
NSW1,2011/3/27 8:00,7743.72,25.22,TRADE
NSW1,2011/3/27 8:30,7914.55,25.29,TRADE
NSW1,2011/3/27 9:00,8181.08,25.29,TRADE
NSW1,2011/3/27 9:30,8334.76,25.3,TRADE
NSW1,2011/3/27 10:00,8300.21,25.23,TRADE
NSW1,2011/3/27 10:30,8250.78,25.3,TRADE
NSW1,2011/3/27 11:00,8277.03,25.26,TRADE
NSW1,2011/3/27 11:30,8257.56,25.3,TRADE
NSW1,2011/3/27 12:00,8218.13,25.3,TRADE
NSW1,2011/3/27 12:30,8133.13,25.27,TRADE
NSW1,2011/3/27 13:00,8161.18,25.29,TRADE
NSW1,2011/3/27 13:30,7999.81,25.18,TRADE
NSW1,2011/3/27 14:00,8028.79,25.25,TRADE
NSW1,2011/3/27 14:30,8062.6,25.22,TRADE
NSW1,2011/3/27 15:00,8059.68,25.29,TRADE
NSW1,2011/3/27 15:30,8059.91,25.27,TRADE
NSW1,2011/3/27 16:00,8147.7,25.3,TRADE
NSW1,2011/3/27 16:30,8126.76,25.3,TRADE
NSW1,2011/3/27 17:00,8302.5,25.31,TRADE
NSW1,2011/3/27 17:30,8389.74,25.34,TRADE
NSW1,2011/3/27 18:00,8484.73,25.31,TRADE
NSW1,2011/3/27 18:30,8687.5,28.36,TRADE
NSW1,2011/3/27 19:00,8659.13,28.7,TRADE
NSW1,2011/3/27 19:30,8521.5,26.23,TRADE
NSW1,2011/3/27 20:00,8335.62,25.29,TRADE
NSW1,2011/3/27 20:30,8100.9,25.19,TRADE
NSW1,2011/3/27 21:00,7963.53,25.15,TRADE
NSW1,2011/3/27 21:30,7835.69,24.9,TRADE
NSW1,2011/3/27 22:00,7683.95,24.04,TRADE
NSW1,2011/3/27 22:30,7627.87,24.67,TRADE
NSW1,2011/3/27 23:00,7428.68,22.86,TRADE
NSW1,2011/3/27 23:30,7251.62,24.7,TRADE
NSW1,2011/3/28 0:00,7164.54,24.86,TRADE
NSW1,2011/3/28 0:30,7068.6,24.61,TRADE
NSW1,2011/3/28 1:00,6921.65,22.27,TRADE
NSW1,2011/3/28 1:30,6752.72,22.5,TRADE
NSW1,2011/3/28 2:00,6520.54,19.06,TRADE
NSW1,2011/3/28 2:30,6414.75,19.69,TRADE
NSW1,2011/3/28 3:00,6371.62,19.84,TRADE
NSW1,2011/3/28 3:30,6369,19.66,TRADE
NSW1,2011/3/28 4:00,6486.77,18.22,TRADE
NSW1,2011/3/28 4:30,6737.36,21.56,TRADE
NSW1,2011/3/28 5:00,7105.03,25.2,TRADE
NSW1,2011/3/28 5:30,7720.66,25.53,TRADE
NSW1,2011/3/28 6:00,8353.39,29.02,TRADE
NSW1,2011/3/28 6:30,8695.62,28.9,TRADE
NSW1,2011/3/28 7:00,9068.76,31.82,TRADE
NSW1,2011/3/28 7:30,9193.01,26.09,TRADE
NSW1,2011/3/28 8:00,9250.57,25.63,TRADE
NSW1,2011/3/28 8:30,9355.14,25.82,TRADE
NSW1,2011/3/28 9:00,9467.67,28.56,TRADE
NSW1,2011/3/28 9:30,9548,29.81,TRADE
NSW1,2011/3/28 10:00,9609.42,29.66,TRADE
NSW1,2011/3/28 10:30,9621.12,30.42,TRADE
NSW1,2011/3/28 11:00,9622.67,31.58,TRADE
NSW1,2011/3/28 11:30,9610.4,31.38,TRADE
NSW1,2011/3/28 12:00,9599.64,31.88,TRADE
NSW1,2011/3/28 12:30,9579.44,29.34,TRADE
NSW1,2011/3/28 13:00,9560.49,29.75,TRADE
NSW1,2011/3/28 13:30,9558.51,30.82,TRADE
NSW1,2011/3/28 14:00,9534.33,30.2,TRADE
NSW1,2011/3/28 14:30,9543.29,29.32,TRADE
NSW1,2011/3/28 15:00,9520.49,27.59,TRADE
NSW1,2011/3/28 15:30,9559.41,26.79,TRADE
NSW1,2011/3/28 16:00,9559.74,26.54,TRADE
NSW1,2011/3/28 16:30,9576.04,26.31,TRADE
NSW1,2011/3/28 17:00,9541.89,27.01,TRADE
NSW1,2011/3/28 17:30,9316.84,25.34,TRADE
NSW1,2011/3/28 18:00,9316.51,25.31,TRADE
NSW1,2011/3/28 18:30,9394.41,26.98,TRADE
NSW1,2011/3/28 19:00,9358.46,27.42,TRADE
NSW1,2011/3/28 19:30,9123.69,25.29,TRADE
NSW1,2011/3/28 20:00,8881.13,25.15,TRADE
NSW1,2011/3/28 20:30,8653.91,25.28,TRADE
NSW1,2011/3/28 21:00,8354.16,25.28,TRADE
NSW1,2011/3/28 21:30,8366.43,25.29,TRADE
NSW1,2011/3/28 22:00,8304.67,23.93,TRADE
NSW1,2011/3/28 22:30,8277.46,26.38,TRADE
NSW1,2011/3/28 23:00,8160.09,25.07,TRADE
NSW1,2011/3/28 23:30,7988.29,25.5,TRADE
NSW1,2011/3/29 0:00,7846.03,25.09,TRADE
NSW1,2011/3/29 0:30,7663.51,24.75,TRADE
NSW1,2011/3/29 1:00,7513.36,24.78,TRADE
NSW1,2011/3/29 1:30,7176.66,23.48,TRADE
NSW1,2011/3/29 2:00,6919.62,21.69,TRADE
NSW1,2011/3/29 2:30,6685.94,19.45,TRADE
NSW1,2011/3/29 3:00,6606.12,20.42,TRADE
NSW1,2011/3/29 3:30,6639.45,19.86,TRADE
NSW1,2011/3/29 4:00,6685.2,20.46,TRADE
NSW1,2011/3/29 4:30,6948.55,25.14,TRADE
NSW1,2011/3/29 5:00,7242.8,25.49,TRADE
NSW1,2011/3/29 5:30,7869.88,30.44,TRADE
NSW1,2011/3/29 6:00,8467.51,30.11,TRADE
NSW1,2011/3/29 6:30,8887.61,29.31,TRADE
NSW1,2011/3/29 7:00,9200.59,31.16,TRADE
NSW1,2011/3/29 7:30,9292.3,27.17,TRADE
NSW1,2011/3/29 8:00,9369.67,26.63,TRADE
NSW1,2011/3/29 8:30,9523.3,26.18,TRADE
NSW1,2011/3/29 9:00,9612.37,27.75,TRADE
NSW1,2011/3/29 9:30,9691.95,28.15,TRADE
NSW1,2011/3/29 10:00,9747.68,28.42,TRADE
NSW1,2011/3/29 10:30,9761.2,27.03,TRADE
NSW1,2011/3/29 11:00,9788.57,25.29,TRADE
NSW1,2011/3/29 11:30,9767.69,25.31,TRADE
NSW1,2011/3/29 12:00,9833.71,26.01,TRADE
NSW1,2011/3/29 12:30,9826.39,25.31,TRADE
NSW1,2011/3/29 13:00,9774.9,25.31,TRADE
NSW1,2011/3/29 13:30,9790.65,25.31,TRADE
NSW1,2011/3/29 14:00,9789.91,25.31,TRADE
NSW1,2011/3/29 14:30,9769.96,25.31,TRADE
NSW1,2011/3/29 15:00,9759.48,26.34,TRADE
NSW1,2011/3/29 15:30,9812.35,26.97,TRADE
NSW1,2011/3/29 16:00,9815.35,25.31,TRADE
NSW1,2011/3/29 16:30,9710.92,25.31,TRADE
NSW1,2011/3/29 17:00,9640.78,25.31,TRADE
NSW1,2011/3/29 17:30,9474.25,25.87,TRADE
NSW1,2011/3/29 18:00,9431.64,25.29,TRADE
NSW1,2011/3/29 18:30,9508.69,25.46,TRADE
NSW1,2011/3/29 19:00,9540.03,25.47,TRADE
NSW1,2011/3/29 19:30,9345.21,25.28,TRADE
NSW1,2011/3/29 20:00,9038.14,25.23,TRADE
NSW1,2011/3/29 20:30,8813.84,25.25,TRADE
NSW1,2011/3/29 21:00,8465.2,25.21,TRADE
NSW1,2011/3/29 21:30,8489.34,25.3,TRADE
NSW1,2011/3/29 22:00,8303.91,24.46,TRADE
NSW1,2011/3/29 22:30,8298.7,25.97,TRADE
NSW1,2011/3/29 23:00,8129.09,25.07,TRADE
NSW1,2011/3/29 23:30,7968.56,25.28,TRADE
NSW1,2011/3/30 0:00,7807.54,24.87,TRADE
NSW1,2011/3/30 0:30,7719.47,24.95,TRADE
NSW1,2011/3/30 1:00,7478.49,24.86,TRADE
NSW1,2011/3/30 1:30,7141.37,25.07,TRADE
NSW1,2011/3/30 2:00,6865.16,24.59,TRADE
NSW1,2011/3/30 2:30,6661.53,21.47,TRADE
NSW1,2011/3/30 3:00,6583.6,23.46,TRADE
NSW1,2011/3/30 3:30,6578.95,24.8,TRADE
NSW1,2011/3/30 4:00,6657.32,24.8,TRADE
NSW1,2011/3/30 4:30,6916.81,24.87,TRADE
NSW1,2011/3/30 5:00,7253.98,25.27,TRADE
NSW1,2011/3/30 5:30,7858.1,26.93,TRADE
NSW1,2011/3/30 6:00,8490.48,30.07,TRADE
NSW1,2011/3/30 6:30,8849.78,29.11,TRADE
NSW1,2011/3/30 7:00,9147.19,29.79,TRADE
NSW1,2011/3/30 7:30,9206.96,25.27,TRADE
NSW1,2011/3/30 8:00,9261.89,25.71,TRADE
NSW1,2011/3/30 8:30,9458.85,25.53,TRADE
NSW1,2011/3/30 9:00,9576.06,25.31,TRADE
NSW1,2011/3/30 9:30,9703.52,25.31,TRADE
NSW1,2011/3/30 10:00,9756.19,25.31,TRADE
NSW1,2011/3/30 10:30,9762.95,25.31,TRADE
NSW1,2011/3/30 11:00,9835.98,25.31,TRADE
NSW1,2011/3/30 11:30,9895.81,25.36,TRADE
NSW1,2011/3/30 12:00,9948.75,27.48,TRADE
NSW1,2011/3/30 12:30,9991.55,28.64,TRADE
NSW1,2011/3/30 13:00,10049.57,29.29,TRADE
NSW1,2011/3/30 13:30,10055.98,29.66,TRADE
NSW1,2011/3/30 14:00,9951.51,28.67,TRADE
NSW1,2011/3/30 14:30,9880.78,28.18,TRADE
NSW1,2011/3/30 15:00,9812.28,25.85,TRADE
NSW1,2011/3/30 15:30,9794.25,26.56,TRADE
NSW1,2011/3/30 16:00,9749.14,26.13,TRADE
NSW1,2011/3/30 16:30,9710.74,28.51,TRADE
NSW1,2011/3/30 17:00,9665.86,26.76,TRADE
NSW1,2011/3/30 17:30,9447.51,25.31,TRADE
NSW1,2011/3/30 18:00,9344.38,25.31,TRADE
NSW1,2011/3/30 18:30,9422.04,27.32,TRADE
NSW1,2011/3/30 19:00,9412.16,25.75,TRADE
NSW1,2011/3/30 19:30,9185.56,25.08,TRADE
NSW1,2011/3/30 20:00,8944.98,25.29,TRADE
NSW1,2011/3/30 20:30,8696.42,25.23,TRADE
NSW1,2011/3/30 21:00,8434.76,25.21,TRADE
NSW1,2011/3/30 21:30,8454.78,25.31,TRADE
NSW1,2011/3/30 22:00,8302.3,24.06,TRADE
NSW1,2011/3/30 22:30,8272.42,25.71,TRADE
NSW1,2011/3/30 23:00,8144.56,24.09,TRADE
NSW1,2011/3/30 23:30,7963.22,25.04,TRADE
NSW1,2011/3/31 0:00,7818.6,22.89,TRADE
NSW1,2011/3/31 0:30,7599.62,22.95,TRADE
NSW1,2011/3/31 1:00,7392.49,23.06,TRADE
NSW1,2011/3/31 1:30,7086.58,22.95,TRADE
NSW1,2011/3/31 2:00,6831.15,19.51,TRADE
NSW1,2011/3/31 2:30,6649.58,19.25,TRADE
NSW1,2011/3/31 3:00,6571.34,17.01,TRADE
NSW1,2011/3/31 3:30,6581.41,18.87,TRADE
NSW1,2011/3/31 4:00,6649.86,18.58,TRADE
NSW1,2011/3/31 4:30,6919.3,20.53,TRADE
NSW1,2011/3/31 5:00,7251.49,24.05,TRADE
NSW1,2011/3/31 5:30,7870.39,26.94,TRADE
NSW1,2011/3/31 6:00,8504.1,26.13,TRADE
NSW1,2011/3/31 6:30,8928.25,27.11,TRADE
NSW1,2011/3/31 7:00,9263.48,28.42,TRADE
NSW1,2011/3/31 7:30,9345.24,25.19,TRADE
NSW1,2011/3/31 8:00,9385.88,25.29,TRADE
NSW1,2011/3/31 8:30,9494.5,25.35,TRADE
NSW1,2011/3/31 9:00,9583.98,25.31,TRADE
NSW1,2011/3/31 9:30,9624.85,25.38,TRADE
NSW1,2011/3/31 10:00,9662.37,25.31,TRADE
NSW1,2011/3/31 10:30,9628.97,25.31,TRADE
NSW1,2011/3/31 11:00,9600.78,25.31,TRADE
NSW1,2011/3/31 11:30,9581.13,25.3,TRADE
NSW1,2011/3/31 12:00,9575.03,25.6,TRADE
NSW1,2011/3/31 12:30,9534.39,25.31,TRADE
NSW1,2011/3/31 13:00,9529.85,25.31,TRADE
NSW1,2011/3/31 13:30,9451.77,25.29,TRADE
NSW1,2011/3/31 14:00,9335.73,25.31,TRADE
NSW1,2011/3/31 14:30,9340.2,25.31,TRADE
NSW1,2011/3/31 15:00,9344.49,25.31,TRADE
NSW1,2011/3/31 15:30,9363.05,25.65,TRADE
NSW1,2011/3/31 16:00,9390.86,24.86,TRADE
NSW1,2011/3/31 16:30,9381.98,25.31,TRADE
NSW1,2011/3/31 17:00,9463.98,25.31,TRADE
NSW1,2011/3/31 17:30,9412.29,25.29,TRADE
NSW1,2011/3/31 18:00,9391.03,25.31,TRADE
NSW1,2011/3/31 18:30,9456.55,25.31,TRADE
NSW1,2011/3/31 19:00,9336.89,25.29,TRADE
NSW1,2011/3/31 19:30,9144.06,25.26,TRADE
NSW1,2011/3/31 20:00,8925.27,25.27,TRADE
NSW1,2011/3/31 20:30,8633.71,25.19,TRADE
NSW1,2011/3/31 21:00,8333.32,25.21,TRADE
NSW1,2011/3/31 21:30,8373.86,25.28,TRADE
NSW1,2011/3/31 22:00,8243.3,24.57,TRADE
NSW1,2011/3/31 22:30,8191.91,24.99,TRADE
NSW1,2011/3/31 23:00,8077.33,22.65,TRADE
NSW1,2011/3/31 23:30,7889.23,25.21,TRADE
NSW1,2011/4/1 0:00,7750.96,24.79,TRADE
?NSW1,2011/4/1 0:30,7604.83,24.78,TRADE
NSW1,2011/4/1 1:00,7413.16,22.91,TRADE
NSW1,2011/4/1 1:30,7063.57,21.48,TRADE
NSW1,2011/4/1 2:00,6803.31,18.27,TRADE
NSW1,2011/4/1 2:30,6628.66,19.34,TRADE
NSW1,2011/4/1 3:00,6546.14,19.1,TRADE
NSW1,2011/4/1 3:30,6534.48,18.83,TRADE
NSW1,2011/4/1 4:00,6601.88,19.32,TRADE
NSW1,2011/4/1 4:30,6802.26,21.85,TRADE
NSW1,2011/4/1 5:00,7098.04,24.4,TRADE
NSW1,2011/4/1 5:30,7704.51,24.86,TRADE
NSW1,2011/4/1 6:00,8317.42,25.31,TRADE
NSW1,2011/4/1 6:30,8723.43,26.46,TRADE
NSW1,2011/4/1 7:00,9111.23,26.19,TRADE
NSW1,2011/4/1 7:30,9188.68,25.14,TRADE
NSW1,2011/4/1 8:00,9229.58,26.42,TRADE
NSW1,2011/4/1 8:30,9385.62,27.14,TRADE
NSW1,2011/4/1 9:00,9512.99,26.31,TRADE
NSW1,2011/4/1 9:30,9567.73,25.42,TRADE
NSW1,2011/4/1 10:00,9615.64,25.31,TRADE
NSW1,2011/4/1 10:30,9615.15,25.29,TRADE
NSW1,2011/4/1 11:00,9572.65,25.31,TRADE
NSW1,2011/4/1 11:30,9571.87,26.99,TRADE
NSW1,2011/4/1 12:00,9519.3,25.3,TRADE
NSW1,2011/4/1 12:30,9506.91,26.85,TRADE
NSW1,2011/4/1 13:00,9474.28,26.04,TRADE
NSW1,2011/4/1 13:30,9457.19,25.65,TRADE
NSW1,2011/4/1 14:00,9438.31,26.36,TRADE
NSW1,2011/4/1 14:30,9327.14,25.31,TRADE
NSW1,2011/4/1 15:00,9396.81,25.31,TRADE
NSW1,2011/4/1 15:30,9371.7,25.46,TRADE
NSW1,2011/4/1 16:00,9354.15,26.15,TRADE
NSW1,2011/4/1 16:30,9317.43,25.78,TRADE
NSW1,2011/4/1 17:00,9171.8,25.66,TRADE
NSW1,2011/4/1 17:30,8955.93,25.31,TRADE
NSW1,2011/4/1 18:00,8987.59,25.31,TRADE
NSW1,2011/4/1 18:30,9101.24,27.08,TRADE
NSW1,2011/4/1 19:00,9070.66,26.33,TRADE
NSW1,2011/4/1 19:30,8935.76,25.81,TRADE
NSW1,2011/4/1 20:00,8804.94,26.35,TRADE
NSW1,2011/4/1 20:30,8479.66,25.28,TRADE
NSW1,2011/4/1 21:00,8309.79,25.33,TRADE
NSW1,2011/4/1 21:30,8337.72,25.33,TRADE
NSW1,2011/4/1 22:00,8232.78,25.24,TRADE
NSW1,2011/4/1 22:30,8257.72,29.6,TRADE
NSW1,2011/4/1 23:00,8157.07,27.37,TRADE
NSW1,2011/4/1 23:30,7916.26,29.64,TRADE
NSW1,2011/4/2 0:00,7804.13,29.8,TRADE
NSW1,2011/4/2 0:30,7609.42,26.12,TRADE
NSW1,2011/4/2 1:00,7348.81,25.23,TRADE
NSW1,2011/4/2 1:30,7008.01,25.03,TRADE
NSW1,2011/4/2 2:00,6743.89,24.05,TRADE
NSW1,2011/4/2 2:30,6482.02,23.21,TRADE
NSW1,2011/4/2 3:00,6466.65,24.2,TRADE
NSW1,2011/4/2 3:30,6344.21,23.55,TRADE
NSW1,2011/4/2 4:00,6342.97,23.9,TRADE
NSW1,2011/4/2 4:30,6425.96,24.94,TRADE
NSW1,2011/4/2 5:00,6535.06,25.25,TRADE
NSW1,2011/4/2 5:30,6811.77,25.09,TRADE
NSW1,2011/4/2 6:00,7002.25,25.31,TRADE
NSW1,2011/4/2 6:30,7229.62,25.29,TRADE
NSW1,2011/4/2 7:00,7645.34,27.6,TRADE
NSW1,2011/4/2 7:30,8008.23,26.01,TRADE
NSW1,2011/4/2 8:00,8317.51,26.68,TRADE
NSW1,2011/4/2 8:30,8591.97,32.77,TRADE
NSW1,2011/4/2 9:00,8600.18,32.04,TRADE
NSW1,2011/4/2 9:30,8430.71,27.34,TRADE
NSW1,2011/4/2 10:00,8340.4,26.29,TRADE
NSW1,2011/4/2 10:30,8324.48,25.31,TRADE
NSW1,2011/4/2 11:00,8228.07,25.31,TRADE
NSW1,2011/4/2 11:30,8337.36,28.47,TRADE
NSW1,2011/4/2 12:00,8366.66,28.27,TRADE
NSW1,2011/4/2 12:30,8266.57,27.48,TRADE
NSW1,2011/4/2 13:00,8227.15,25.31,TRADE
NSW1,2011/4/2 13:30,8196.3,25.29,TRADE
NSW1,2011/4/2 14:00,8136.5,25.31,TRADE
NSW1,2011/4/2 14:30,8057.64,25.31,TRADE
NSW1,2011/4/2 15:00,8060.65,25.29,TRADE
NSW1,2011/4/2 15:30,8091.83,25.31,TRADE
NSW1,2011/4/2 16:00,8139.18,25.31,TRADE
NSW1,2011/4/2 16:30,8081.53,25.31,TRADE
NSW1,2011/4/2 17:00,8153.34,25.31,TRADE
NSW1,2011/4/2 17:30,8271.31,25.51,TRADE
NSW1,2011/4/2 18:00,8315.32,28.23,TRADE
NSW1,2011/4/2 18:30,8415.23,31.2,TRADE
NSW1,2011/4/2 19:00,8348.64,30.22,TRADE
NSW1,2011/4/2 19:30,8117.03,26.08,TRADE
NSW1,2011/4/2 20:00,8016.56,25.29,TRADE
NSW1,2011/4/2 20:30,7860.74,25.36,TRADE
NSW1,2011/4/2 21:00,7736.81,25.43,TRADE
NSW1,2011/4/2 21:30,7691.16,25.31,TRADE
NSW1,2011/4/2 22:00,7661.12,25.3,TRADE
NSW1,2011/4/2 22:30,7674.85,25.36,TRADE
NSW1,2011/4/2 23:00,7505,24.86,TRADE
NSW1,2011/4/2 23:30,7308.65,25.31,TRADE
NSW1,2011/4/3 0:00,7169.15,24.35,TRADE
NSW1,2011/4/3 0:30,7035.59,24.72,TRADE
NSW1,2011/4/3 1:00,6880.77,24.86,TRADE
NSW1,2011/4/3 1:30,6630.39,25.02,TRADE
NSW1,2011/4/3 2:00,6360.8,22.58,TRADE
NSW1,2011/4/3 2:30,6177.36,20.57,TRADE
NSW1,2011/4/3 3:00,6092.35,19.81,TRADE
NSW1,2011/4/3 3:30,6057.11,19.79,TRADE
NSW1,2011/4/3 4:00,6060.33,19.4,TRADE
NSW1,2011/4/3 4:30,6093.33,19.54,TRADE
NSW1,2011/4/3 5:00,6137.64,20.89,TRADE
NSW1,2011/4/3 5:30,6184.66,17.85,TRADE
NSW1,2011/4/3 6:00,6323.52,19.74,TRADE
NSW1,2011/4/3 6:30,6459.01,20.29,TRADE
NSW1,2011/4/3 7:00,6744.94,20.22,TRADE
NSW1,2011/4/3 7:30,7018.79,23.29,TRADE
NSW1,2011/4/3 8:00,7345.5,25.09,TRADE
NSW1,2011/4/3 8:30,7663.07,25.29,TRADE
NSW1,2011/4/3 9:00,7886.14,25.28,TRADE
NSW1,2011/4/3 9:30,7964.52,25.29,TRADE
NSW1,2011/4/3 10:00,8066.69,25.33,TRADE
NSW1,2011/4/3 10:30,8107.12,25.31,TRADE
NSW1,2011/4/3 11:00,8086.58,25.31,TRADE
NSW1,2011/4/3 11:30,8012.78,25.31,TRADE
NSW1,2011/4/3 12:00,8007.65,25.29,TRADE
NSW1,2011/4/3 12:30,8010.48,25.31,TRADE
NSW1,2011/4/3 13:00,7993.25,25.28,TRADE
NSW1,2011/4/3 13:30,7996.78,25.31,TRADE
NSW1,2011/4/3 14:00,7975.49,25.31,TRADE
NSW1,2011/4/3 14:30,7971.02,25.31,TRADE
NSW1,2011/4/3 15:00,7958.4,25.3,TRADE
NSW1,2011/4/3 15:30,7943.38,25.31,TRADE
NSW1,2011/4/3 16:00,8066.59,25.31,TRADE
NSW1,2011/4/3 16:30,8059.1,25.31,TRADE
NSW1,2011/4/3 17:00,8221.92,25.46,TRADE
NSW1,2011/4/3 17:30,8246.74,26.03,TRADE
NSW1,2011/4/3 18:00,8506,29.08,TRADE
NSW1,2011/4/3 18:30,8887.53,31.84,TRADE
NSW1,2011/4/3 19:00,8913.41,31.08,TRADE
NSW1,2011/4/3 19:30,8665.85,28.03,TRADE
NSW1,2011/4/3 20:00,8471,25.37,TRADE
NSW1,2011/4/3 20:30,8273.59,25.27,TRADE
NSW1,2011/4/3 21:00,8056.37,25.28,TRADE
NSW1,2011/4/3 21:30,7867.06,25.27,TRADE
NSW1,2011/4/3 22:00,7612.95,24.7,TRADE
NSW1,2011/4/3 22:30,7614.38,24.12,TRADE
NSW1,2011/4/3 23:00,7424.12,25.09,TRADE
NSW1,2011/4/3 23:30,7445.95,25,TRADE
NSW1,2011/4/4 0:00,7300.12,25.12,TRADE
NSW1,2011/4/4 0:30,7106.78,24.55,TRADE
NSW1,2011/4/4 1:00,6964.81,25.02,TRADE
NSW1,2011/4/4 1:30,6849.61,25.1,TRADE
NSW1,2011/4/4 2:00,6740.97,24.3,TRADE
NSW1,2011/4/4 2:30,6525.55,24.8,TRADE
NSW1,2011/4/4 3:00,6342.14,20.2,TRADE
NSW1,2011/4/4 3:30,6244.02,19.1,TRADE
NSW1,2011/4/4 4:00,6218.92,19.93,TRADE
NSW1,2011/4/4 4:30,6301.94,23.16,TRADE
NSW1,2011/4/4 5:00,6458.74,24.53,TRADE
NSW1,2011/4/4 5:30,6767.74,25.11,TRADE
NSW1,2011/4/4 6:00,7166.22,24.97,TRADE
NSW1,2011/4/4 6:30,7800.51,28.37,TRADE
NSW1,2011/4/4 7:00,8480.5,25.38,TRADE
NSW1,2011/4/4 7:30,8689.58,25.65,TRADE
NSW1,2011/4/4 8:00,9014.47,25.92,TRADE
NSW1,2011/4/4 8:30,9184.77,29.27,TRADE
NSW1,2011/4/4 9:00,9240.76,29.96,TRADE
NSW1,2011/4/4 9:30,9357.14,29.96,TRADE
NSW1,2011/4/4 10:00,9383.6,28.56,TRADE
NSW1,2011/4/4 10:30,9488.07,29.55,TRADE
NSW1,2011/4/4 11:00,9481.32,29.14,TRADE
NSW1,2011/4/4 11:30,9409.07,26.85,TRADE
NSW1,2011/4/4 12:00,9452.61,29.12,TRADE
NSW1,2011/4/4 12:30,9454.67,29.13,TRADE
NSW1,2011/4/4 13:00,9430.49,28.84,TRADE
NSW1,2011/4/4 13:30,9389.57,28.66,TRADE
NSW1,2011/4/4 14:00,9405.82,29.47,TRADE
NSW1,2011/4/4 14:30,9385.22,28.38,TRADE
NSW1,2011/4/4 15:00,9344.28,28.29,TRADE
NSW1,2011/4/4 15:30,9255.48,26.22,TRADE
NSW1,2011/4/4 16:00,9245.78,26.08,TRADE
NSW1,2011/4/4 16:30,9271.15,27.7,TRADE
NSW1,2011/4/4 17:00,9279.45,28.03,TRADE
NSW1,2011/4/4 17:30,9304.4,28.38,TRADE
NSW1,2011/4/4 18:00,9560.57,31.43,TRADE
NSW1,2011/4/4 18:30,9783.7,34.54,TRADE
NSW1,2011/4/4 19:00,9678.66,32.65,TRADE
NSW1,2011/4/4 19:30,9384.42,28.98,TRADE
NSW1,2011/4/4 20:00,9091.45,26.36,TRADE
NSW1,2011/4/4 20:30,8886.28,25.8,TRADE
NSW1,2011/4/4 21:00,8609.45,25.36,TRADE
NSW1,2011/4/4 21:30,8437.68,25.56,TRADE
NSW1,2011/4/4 22:00,8243.71,25.17,TRADE
NSW1,2011/4/4 22:30,8275.94,26.31,TRADE
NSW1,2011/4/4 23:00,8199.26,24.97,TRADE
NSW1,2011/4/4 23:30,8147.14,25.89,TRADE
NSW1,2011/4/5 0:00,8036.78,25.71,TRADE
NSW1,2011/4/5 0:30,7852.84,25.25,TRADE
NSW1,2011/4/5 1:00,7672.38,26.01,TRADE
NSW1,2011/4/5 1:30,7556.04,27.53,TRADE
NSW1,2011/4/5 2:00,7332.76,25.27,TRADE
NSW1,2011/4/5 2:30,6943.48,22.97,TRADE
NSW1,2011/4/5 3:00,6693.08,24.2,TRADE
NSW1,2011/4/5 3:30,6536.58,24.26,TRADE
NSW1,2011/4/5 4:00,6448.81,23.61,TRADE
NSW1,2011/4/5 4:30,6494.47,24.61,TRADE
NSW1,2011/4/5 5:00,6589.35,23.9,TRADE
NSW1,2011/4/5 5:30,6866.31,25.02,TRADE
NSW1,2011/4/5 6:00,7234.77,25.36,TRADE
NSW1,2011/4/5 6:30,7884.74,28.33,TRADE
NSW1,2011/4/5 7:00,8509.6,26.98,TRADE
NSW1,2011/4/5 7:30,8775.29,27.13,TRADE
NSW1,2011/4/5 8:00,9076.64,29.87,TRADE
NSW1,2011/4/5 8:30,9197.94,29.62,TRADE
NSW1,2011/4/5 9:00,9139.34,29.34,TRADE
NSW1,2011/4/5 9:30,9239.09,29.67,TRADE
NSW1,2011/4/5 10:00,9309.47,30.2,TRADE
NSW1,2011/4/5 10:30,9376.47,29.7,TRADE
NSW1,2011/4/5 11:00,9411.32,29.93,TRADE
NSW1,2011/4/5 11:30,9305.65,28.18,TRADE
NSW1,2011/4/5 12:00,9307.35,29.57,TRADE
NSW1,2011/4/5 12:30,9195.98,29.45,TRADE
NSW1,2011/4/5 13:00,9162.73,29.24,TRADE
NSW1,2011/4/5 13:30,9242.4,29.51,TRADE
NSW1,2011/4/5 14:00,9270.41,29.95,TRADE
NSW1,2011/4/5 14:30,9263.46,29.67,TRADE
NSW1,2011/4/5 15:00,9211.39,29.31,TRADE
NSW1,2011/4/5 15:30,9132.55,29.35,TRADE
NSW1,2011/4/5 16:00,9201.91,29.53,TRADE
NSW1,2011/4/5 16:30,9220.57,29.44,TRADE
NSW1,2011/4/5 17:00,9328.77,29.7,TRADE
NSW1,2011/4/5 17:30,9331.29,28.97,TRADE
NSW1,2011/4/5 18:00,9559.5,30.06,TRADE
NSW1,2011/4/5 18:30,9787.45,31.14,TRADE
NSW1,2011/4/5 19:00,9648.65,29.89,TRADE
NSW1,2011/4/5 19:30,9343.13,28.34,TRADE
NSW1,2011/4/5 20:00,9119.2,26.63,TRADE
NSW1,2011/4/5 20:30,8952.04,26.67,TRADE
NSW1,2011/4/5 21:00,8733.87,25.85,TRADE
NSW1,2011/4/5 21:30,8508.01,25.33,TRADE
NSW1,2011/4/5 22:00,8224.77,24.95,TRADE
NSW1,2011/4/5 22:30,8389.41,25.74,TRADE
NSW1,2011/4/5 23:00,8214.93,25.12,TRADE
NSW1,2011/4/5 23:30,8176.54,26.96,TRADE
NSW1,2011/4/6 0:00,8001.8,25.44,TRADE
NSW1,2011/4/6 0:30,7874.12,27.11,TRADE
NSW1,2011/4/6 1:00,7707.15,27.25,TRADE
NSW1,2011/4/6 1:30,7597.65,26.46,TRADE
NSW1,2011/4/6 2:00,7352.78,25.18,TRADE
NSW1,2011/4/6 2:30,7004.59,24.82,TRADE
NSW1,2011/4/6 3:00,6721.81,24.46,TRADE
NSW1,2011/4/6 3:30,6527.44,24.15,TRADE
NSW1,2011/4/6 4:00,6462.65,24.64,TRADE
NSW1,2011/4/6 4:30,6522.51,25.02,TRADE
NSW1,2011/4/6 5:00,6634.81,25.28,TRADE
NSW1,2011/4/6 5:30,6850.27,25.09,TRADE
NSW1,2011/4/6 6:00,7260.44,25.48,TRADE
NSW1,2011/4/6 6:30,7886.06,26.92,TRADE
NSW1,2011/4/6 7:00,8484.65,28.27,TRADE
NSW1,2011/4/6 7:30,8735.31,27.59,TRADE
NSW1,2011/4/6 8:00,9051.08,30.07,TRADE
NSW1,2011/4/6 8:30,9164.64,28.78,TRADE
NSW1,2011/4/6 9:00,9163.59,28.25,TRADE
NSW1,2011/4/6 9:30,9287.35,28.99,TRADE
NSW1,2011/4/6 10:00,9337.46,29,TRADE
NSW1,2011/4/6 10:30,9409.64,28.6,TRADE
NSW1,2011/4/6 11:00,9445.16,27.5,TRADE
NSW1,2011/4/6 11:30,9370.92,27.25,TRADE
NSW1,2011/4/6 12:00,9389.31,28.2,TRADE
NSW1,2011/4/6 12:30,9362.95,28.75,TRADE
NSW1,2011/4/6 13:00,9362.96,28.94,TRADE
NSW1,2011/4/6 13:30,9361.61,28.81,TRADE
NSW1,2011/4/6 14:00,9304.98,28.25,TRADE
NSW1,2011/4/6 14:30,9241.49,28.38,TRADE
NSW1,2011/4/6 15:00,9256.88,29.35,TRADE
NSW1,2011/4/6 15:30,9243.45,28.13,TRADE
NSW1,2011/4/6 16:00,9301.45,28.8,TRADE
NSW1,2011/4/6 16:30,9291.24,28.31,TRADE
NSW1,2011/4/6 17:00,9355.55,28.59,TRADE
NSW1,2011/4/6 17:30,9325.25,27.39,TRADE
NSW1,2011/4/6 18:00,9554.87,29.28,TRADE
NSW1,2011/4/6 18:30,9768.74,30.79,TRADE
NSW1,2011/4/6 19:00,9702.77,29.67,TRADE
NSW1,2011/4/6 19:30,9388.7,26.53,TRADE
NSW1,2011/4/6 20:00,9194.66,25.59,TRADE
NSW1,2011/4/6 20:30,8965.38,25.31,TRADE
NSW1,2011/4/6 21:00,8810.75,25.24,TRADE
NSW1,2011/4/6 21:30,8605.48,25.38,TRADE
NSW1,2011/4/6 22:00,8366.63,25.27,TRADE
NSW1,2011/4/6 22:30,8497.79,27.6,TRADE
NSW1,2011/4/6 23:00,8254.99,25.94,TRADE
NSW1,2011/4/6 23:30,8239.77,26.7,TRADE
NSW1,2011/4/7 0:00,8105.6,26.37,TRADE
NSW1,2011/4/7 0:30,7945.54,26.69,TRADE
NSW1,2011/4/7 1:00,7767.19,25.29,TRADE
NSW1,2011/4/7 1:30,7595.22,26.26,TRADE
NSW1,2011/4/7 2:00,7386.38,25.11,TRADE
NSW1,2011/4/7 2:30,6971.79,23.93,TRADE
NSW1,2011/4/7 3:00,6697.9,20.76,TRADE
NSW1,2011/4/7 3:30,6501.97,20.13,TRADE
NSW1,2011/4/7 4:00,6426.87,20.33,TRADE
NSW1,2011/4/7 4:30,6481.07,20.77,TRADE
NSW1,2011/4/7 5:00,6545.81,24.5,TRADE
NSW1,2011/4/7 5:30,6809.75,24.79,TRADE
NSW1,2011/4/7 6:00,7174.7,24.69,TRADE
NSW1,2011/4/7 6:30,7814.25,25.65,TRADE
NSW1,2011/4/7 7:00,8399.96,25.31,TRADE
NSW1,2011/4/7 7:30,8699.86,26.61,TRADE
NSW1,2011/4/7 8:00,9025.67,27.36,TRADE
NSW1,2011/4/7 8:30,9088.74,28.62,TRADE
NSW1,2011/4/7 9:00,9159.96,28.24,TRADE
NSW1,2011/4/7 9:30,9261,27.33,TRADE
NSW1,2011/4/7 10:00,9331.33,27.84,TRADE
NSW1,2011/4/7 10:30,9422.03,29.74,TRADE
NSW1,2011/4/7 11:00,9411.09,28.62,TRADE
NSW1,2011/4/7 11:30,9363.11,30.01,TRADE
NSW1,2011/4/7 12:00,9335.87,30.21,TRADE
NSW1,2011/4/7 12:30,9325.75,29.33,TRADE
NSW1,2011/4/7 13:00,9185.05,29.5,TRADE
NSW1,2011/4/7 13:30,9271.1,29.72,TRADE
NSW1,2011/4/7 14:00,9287.84,29.12,TRADE
NSW1,2011/4/7 14:30,9330.87,29.37,TRADE
NSW1,2011/4/7 15:00,9191.37,28.68,TRADE
NSW1,2011/4/7 15:30,9224.38,28.69,TRADE
NSW1,2011/4/7 16:00,9260.86,29.67,TRADE
NSW1,2011/4/7 16:30,9243.87,29.67,TRADE
NSW1,2011/4/7 17:00,9307.67,29.57,TRADE
NSW1,2011/4/7 17:30,9254.52,29.05,TRADE
NSW1,2011/4/7 18:00,9528.17,30.62,TRADE
NSW1,2011/4/7 18:30,9804.25,31.77,TRADE
NSW1,2011/4/7 19:00,9737.84,31.1,TRADE
NSW1,2011/4/7 19:30,9447.62,29.91,TRADE
NSW1,2011/4/7 20:00,9229.59,28.6,TRADE
NSW1,2011/4/7 20:30,9047.29,26.84,TRADE
NSW1,2011/4/7 21:00,8847.54,25.6,TRADE
NSW1,2011/4/7 21:30,8555.2,25.26,TRADE
NSW1,2011/4/7 22:00,8239.43,25.29,TRADE
NSW1,2011/4/7 22:30,8352.33,26.19,TRADE
NSW1,2011/4/7 23:00,8230.08,25.39,TRADE
NSW1,2011/4/7 23:30,8202.42,27.43,TRADE
NSW1,2011/4/8 0:00,8090.74,27.8,TRADE
NSW1,2011/4/8 0:30,7875.6,25.31,TRADE
NSW1,2011/4/8 1:00,7710.89,25.69,TRADE
NSW1,2011/4/8 1:30,7523.05,25.99,TRADE
NSW1,2011/4/8 2:00,7282.7,24.59,TRADE
NSW1,2011/4/8 2:30,6888.59,23.65,TRADE
NSW1,2011/4/8 3:00,6660.78,23.72,TRADE
NSW1,2011/4/8 3:30,6470.02,18.53,TRADE
NSW1,2011/4/8 4:00,6386.34,18.51,TRADE
NSW1,2011/4/8 4:30,6409.02,20.34,TRADE
NSW1,2011/4/8 5:00,6451.73,21.59,TRADE
NSW1,2011/4/8 5:30,6730.74,24.95,TRADE
NSW1,2011/4/8 6:00,7081.48,24.59,TRADE
NSW1,2011/4/8 6:30,7792.71,25.44,TRADE
NSW1,2011/4/8 7:00,8352.54,25.31,TRADE
NSW1,2011/4/8 7:30,8601.55,25.86,TRADE
NSW1,2011/4/8 8:00,8969.32,28.67,TRADE
NSW1,2011/4/8 8:30,9177.43,29.43,TRADE
NSW1,2011/4/8 9:00,9228.54,28.72,TRADE
NSW1,2011/4/8 9:30,9361.74,29.34,TRADE
NSW1,2011/4/8 10:00,9463.39,29.43,TRADE
NSW1,2011/4/8 10:30,9546.25,30.4,TRADE
NSW1,2011/4/8 11:00,9510.76,29.42,TRADE
NSW1,2011/4/8 11:30,9536.16,29.52,TRADE
NSW1,2011/4/8 12:00,9483.37,29.4,TRADE
NSW1,2011/4/8 12:30,9404.69,29.23,TRADE
NSW1,2011/4/8 13:00,9301.45,29.19,TRADE
NSW1,2011/4/8 13:30,9335.81,29.5,TRADE
NSW1,2011/4/8 14:00,9395.62,29.71,TRADE
NSW1,2011/4/8 14:30,9340.25,29.85,TRADE
NSW1,2011/4/8 15:00,9308.01,29.61,TRADE
NSW1,2011/4/8 15:30,9271.41,29.5,TRADE
NSW1,2011/4/8 16:00,9252.47,29.42,TRADE
NSW1,2011/4/8 16:30,9243.86,29.49,TRADE
NSW1,2011/4/8 17:00,9266.16,29.6,TRADE
NSW1,2011/4/8 17:30,9282.23,29.06,TRADE
NSW1,2011/4/8 18:00,9439.3,29.45,TRADE
NSW1,2011/4/8 18:30,9592.41,29.63,TRADE
NSW1,2011/4/8 19:00,9433.85,28.7,TRADE
NSW1,2011/4/8 19:30,9116.81,26.2,TRADE
NSW1,2011/4/8 20:00,8926.21,25.31,TRADE
NSW1,2011/4/8 20:30,8796.46,26.22,TRADE
NSW1,2011/4/8 21:00,8570.45,25.36,TRADE
NSW1,2011/4/8 21:30,8325.29,25.29,TRADE
NSW1,2011/4/8 22:00,8171.5,25.3,TRADE
NSW1,2011/4/8 22:30,8329.12,26.15,TRADE
NSW1,2011/4/8 23:00,8264.66,25.47,TRADE
NSW1,2011/4/8 23:30,8239.23,29.14,TRADE
NSW1,2011/4/9 0:00,8149.22,29.34,TRADE
NSW1,2011/4/9 0:30,7962.31,29.27,TRADE
NSW1,2011/4/9 1:00,7721.56,26.75,TRADE
NSW1,2011/4/9 1:30,7552.01,27.71,TRADE
NSW1,2011/4/9 2:00,7315.7,25.39,TRADE
NSW1,2011/4/9 2:30,6973.69,25.09,TRADE
NSW1,2011/4/9 3:00,6693.77,24.67,TRADE
NSW1,2011/4/9 3:30,6546.81,24.7,TRADE
NSW1,2011/4/9 4:00,6393.71,24.25,TRADE
NSW1,2011/4/9 4:30,6368.22,24.77,TRADE
NSW1,2011/4/9 5:00,6357.24,24.94,TRADE
NSW1,2011/4/9 5:30,6502.51,24.68,TRADE
NSW1,2011/4/9 6:00,6639.48,24.41,TRADE
NSW1,2011/4/9 6:30,6839.66,24.85,TRADE
NSW1,2011/4/9 7:00,7136.4,25.17,TRADE
NSW1,2011/4/9 7:30,7434.43,25.31,TRADE
NSW1,2011/4/9 8:00,7825.21,25.52,TRADE
NSW1,2011/4/9 8:30,8134.6,27.95,TRADE
NSW1,2011/4/9 9:00,8423.27,31.09,TRADE
NSW1,2011/4/9 9:30,8604.72,30.84,TRADE
NSW1,2011/4/9 10:00,8603.33,31.36,TRADE
NSW1,2011/4/9 10:30,8734.5,32.2,TRADE
NSW1,2011/4/9 11:00,8613.82,32.21,TRADE
NSW1,2011/4/9 11:30,8566.84,31.02,TRADE
NSW1,2011/4/9 12:00,8517.29,30.03,TRADE
NSW1,2011/4/9 12:30,8413.97,29.63,TRADE
NSW1,2011/4/9 13:00,8416.99,29.55,TRADE
NSW1,2011/4/9 13:30,8367.27,29.19,TRADE
NSW1,2011/4/9 14:00,8317.33,28.79,TRADE
NSW1,2011/4/9 14:30,8270.54,26,TRADE
NSW1,2011/4/9 15:00,8270.83,28.95,TRADE
NSW1,2011/4/9 15:30,8328.82,29.93,TRADE
NSW1,2011/4/9 16:00,8329.49,30.67,TRADE
NSW1,2011/4/9 16:30,8309.69,29.48,TRADE
NSW1,2011/4/9 17:00,8442.16,29.61,TRADE
NSW1,2011/4/9 17:30,8463.06,29.02,TRADE
NSW1,2011/4/9 18:00,8648.67,30.55,TRADE
NSW1,2011/4/9 18:30,9016.61,34.08,TRADE
NSW1,2011/4/9 19:00,8922.09,31.41,TRADE
NSW1,2011/4/9 19:30,8661.56,30.15,TRADE
NSW1,2011/4/9 20:00,8390.1,27.76,TRADE
NSW1,2011/4/9 20:30,8269.4,27.61,TRADE
NSW1,2011/4/9 21:00,8111.84,28.93,TRADE
NSW1,2011/4/9 21:30,7967.47,26.73,TRADE
NSW1,2011/4/9 22:00,7801.5,25.95,TRADE
NSW1,2011/4/9 22:30,7764.31,26.92,TRADE
NSW1,2011/4/9 23:00,7679.6,29.9,TRADE
NSW1,2011/4/9 23:30,7653.11,31.89,TRADE
NSW1,2011/4/10 0:00,7510.35,29.07,TRADE
NSW1,2011/4/10 0:30,7281.55,26.91,TRADE
NSW1,2011/4/10 1:00,7095.09,25.69,TRADE
NSW1,2011/4/10 1:30,6855.06,25.37,TRADE
NSW1,2011/4/10 2:00,6688.48,25.41,TRADE
NSW1,2011/4/10 2:30,6419.27,24.79,TRADE
NSW1,2011/4/10 3:00,6271.58,24.29,TRADE
NSW1,2011/4/10 3:30,6094.94,21.75,TRADE
NSW1,2011/4/10 4:00,5964.61,19.39,TRADE
NSW1,2011/4/10 4:30,5982.82,22.17,TRADE
NSW1,2011/4/10 5:00,5991,22.19,TRADE
NSW1,2011/4/10 5:30,6072.47,19.25,TRADE
NSW1,2011/4/10 6:00,6163.79,18.43,TRADE
NSW1,2011/4/10 6:30,6247.75,19.76,TRADE
NSW1,2011/4/10 7:00,6404.12,15.47,TRADE
NSW1,2011/4/10 7:30,6661.21,20.04,TRADE
NSW1,2011/4/10 8:00,7025.66,23.88,TRADE
NSW1,2011/4/10 8:30,7363.06,25.24,TRADE
NSW1,2011/4/10 9:00,7629.43,25.26,TRADE
NSW1,2011/4/10 9:30,7901.61,25.3,TRADE
NSW1,2011/4/10 10:00,8068.96,25.3,TRADE
NSW1,2011/4/10 10:30,8227.23,25.29,TRADE
NSW1,2011/4/10 11:00,8229.67,25.29,TRADE
NSW1,2011/4/10 11:30,8222.64,25.3,TRADE
NSW1,2011/4/10 12:00,8243.31,25.05,TRADE
NSW1,2011/4/10 12:30,8230.75,25.25,TRADE
NSW1,2011/4/10 13:00,8200.19,25.3,TRADE
NSW1,2011/4/10 13:30,8027.53,24.85,TRADE
NSW1,2011/4/10 14:00,8021.99,25.06,TRADE
NSW1,2011/4/10 14:30,8069.72,24.91,TRADE
NSW1,2011/4/10 15:00,8007.78,24.57,TRADE
NSW1,2011/4/10 15:30,8051.43,25,TRADE
NSW1,2011/4/10 16:00,8108.6,25.23,TRADE
NSW1,2011/4/10 16:30,8206.85,25.27,TRADE
NSW1,2011/4/10 17:00,8382.09,25.31,TRADE
NSW1,2011/4/10 17:30,8446.23,25.48,TRADE
NSW1,2011/4/10 18:00,8835.72,30.42,TRADE
NSW1,2011/4/10 18:30,9039.94,33.63,TRADE
NSW1,2011/4/10 19:00,8849.7,30.35,TRADE
NSW1,2011/4/10 19:30,8655.99,30.12,TRADE
NSW1,2011/4/10 20:00,8477.5,29.32,TRADE
NSW1,2011/4/10 20:30,8292.31,27.94,TRADE
NSW1,2011/4/10 21:00,8175.08,25.71,TRADE
NSW1,2011/4/10 21:30,8015.79,25.47,TRADE
NSW1,2011/4/10 22:00,7818.12,25.2,TRADE
NSW1,2011/4/10 22:30,7788.72,25.31,TRADE
NSW1,2011/4/10 23:00,7636.21,24.99,TRADE
NSW1,2011/4/10 23:30,7568.09,26.04,TRADE
NSW1,2011/4/11 0:00,7411.89,24.67,TRADE
NSW1,2011/4/11 0:30,7199.37,25.26,TRADE
NSW1,2011/4/11 1:00,7134,24.96,TRADE
NSW1,2011/4/11 1:30,7005.94,25.38,TRADE
NSW1,2011/4/11 2:00,6806.31,24.53,TRADE
NSW1,2011/4/11 2:30,6543.09,24.8,TRADE
NSW1,2011/4/11 3:00,6430.46,24.48,TRADE
NSW1,2011/4/11 3:30,6344.23,24.85,TRADE
NSW1,2011/4/11 4:00,6324.23,25,TRADE
NSW1,2011/4/11 4:30,6359.78,24.8,TRADE
NSW1,2011/4/11 5:00,6463.53,25.28,TRADE
NSW1,2011/4/11 5:30,6696.75,25.15,TRADE
NSW1,2011/4/11 6:00,7077.8,25.26,TRADE
NSW1,2011/4/11 6:30,7690.78,25.31,TRADE
NSW1,2011/4/11 7:00,8127.65,25.48,TRADE
NSW1,2011/4/11 7:30,8336.3,25.4,TRADE
NSW1,2011/4/11 8:00,8747.18,27.68,TRADE
NSW1,2011/4/11 8:30,9024.43,30.02,TRADE
NSW1,2011/4/11 9:00,9153.7,29.52,TRADE
NSW1,2011/4/11 9:30,9246.74,31.98,TRADE
NSW1,2011/4/11 10:00,9347.07,31.51,TRADE
NSW1,2011/4/11 10:30,9403.78,31.28,TRADE
NSW1,2011/4/11 11:00,9396.35,32.01,TRADE
NSW1,2011/4/11 11:30,9340.66,29.78,TRADE
NSW1,2011/4/11 12:00,9315.19,30.11,TRADE
NSW1,2011/4/11 12:30,9263.31,29.54,TRADE
NSW1,2011/4/11 13:00,9262.62,29.65,TRADE
NSW1,2011/4/11 13:30,9268.21,29.87,TRADE
NSW1,2011/4/11 14:00,9246.41,29.78,TRADE
NSW1,2011/4/11 14:30,9198.25,29.51,TRADE
NSW1,2011/4/11 15:00,9169.86,29.34,TRADE
NSW1,2011/4/11 15:30,9188.88,29.41,TRADE
NSW1,2011/4/11 16:00,9174.21,28.7,TRADE
NSW1,2011/4/11 16:30,9190.35,29.52,TRADE
NSW1,2011/4/11 17:00,9246.07,29.57,TRADE
NSW1,2011/4/11 17:30,9369.57,31.4,TRADE
NSW1,2011/4/11 18:00,9742.3,35.99,TRADE
NSW1,2011/4/11 18:30,10034.95,37.38,TRADE
NSW1,2011/4/11 19:00,9807.47,33.32,TRADE
NSW1,2011/4/11 19:30,9487.44,28.78,TRADE
NSW1,2011/4/11 20:00,9223.69,27.36,TRADE
NSW1,2011/4/11 20:30,9070.66,26.3,TRADE
NSW1,2011/4/11 21:00,8885.93,25.51,TRADE
NSW1,2011/4/11 21:30,8719.25,25.88,TRADE
NSW1,2011/4/11 22:00,8488.13,25.31,TRADE
NSW1,2011/4/11 22:30,8547.3,27.57,TRADE
NSW1,2011/4/11 23:00,8350.62,27.59,TRADE
NSW1,2011/4/11 23:30,8364.73,29.42,TRADE
NSW1,2011/4/12 0:00,8218.77,29.79,TRADE
NSW1,2011/4/12 0:30,8022.4,29.53,TRADE
NSW1,2011/4/12 1:00,7857.34,29.32,TRADE
NSW1,2011/4/12 1:30,7667.75,28.83,TRADE
NSW1,2011/4/12 2:00,7443.29,27.07,TRADE
NSW1,2011/4/12 2:30,7082.88,25.24,TRADE
NSW1,2011/4/12 3:00,6819.14,25.1,TRADE
NSW1,2011/4/12 3:30,6620.58,25.03,TRADE
NSW1,2011/4/12 4:00,6544.53,24.94,TRADE
NSW1,2011/4/12 4:30,6517.15,25.06,TRADE
NSW1,2011/4/12 5:00,6557.63,25.24,TRADE
NSW1,2011/4/12 5:30,6848.85,25.2,TRADE
NSW1,2011/4/12 6:00,7090.03,25.19,TRADE
NSW1,2011/4/12 6:30,7757.88,25.71,TRADE
NSW1,2011/4/12 7:00,8176.36,25.29,TRADE
NSW1,2011/4/12 7:30,8412.6,25.4,TRADE
NSW1,2011/4/12 8:00,8691.27,25.69,TRADE
NSW1,2011/4/12 8:30,8901,25.81,TRADE
NSW1,2011/4/12 9:00,9027.06,26.34,TRADE
NSW1,2011/4/12 9:30,9118.46,27.08,TRADE
NSW1,2011/4/12 10:00,9158.76,26.81,TRADE
NSW1,2011/4/12 10:30,9231.01,26.94,TRADE
NSW1,2011/4/12 11:00,9264.1,26.51,TRADE
NSW1,2011/4/12 11:30,9111.84,25.31,TRADE
NSW1,2011/4/12 12:00,9080.02,25.59,TRADE
NSW1,2011/4/12 12:30,9041.88,25.31,TRADE
NSW1,2011/4/12 13:00,9133.45,26.04,TRADE
NSW1,2011/4/12 13:30,9148.02,26.82,TRADE
NSW1,2011/4/12 14:00,9033.13,26.86,TRADE
NSW1,2011/4/12 14:30,9097.44,26.95,TRADE
NSW1,2011/4/12 15:00,9042.19,26.74,TRADE
NSW1,2011/4/12 15:30,9069.1,26.97,TRADE
NSW1,2011/4/12 16:00,8996.8,26.05,TRADE
NSW1,2011/4/12 16:30,9046.62,26.96,TRADE
NSW1,2011/4/12 17:00,9159.96,27.04,TRADE
NSW1,2011/4/12 17:30,9294.58,28.33,TRADE
NSW1,2011/4/12 18:00,9655.11,30.52,TRADE
NSW1,2011/4/12 18:30,9909.68,31.25,TRADE
NSW1,2011/4/12 19:00,9775.25,30.29,TRADE
NSW1,2011/4/12 19:30,9434.19,27.05,TRADE
NSW1,2011/4/12 20:00,9249.16,25.78,TRADE
NSW1,2011/4/12 20:30,8982.23,25.27,TRADE
NSW1,2011/4/12 21:00,8748.44,25.3,TRADE
NSW1,2011/4/12 21:30,8548.41,25.28,TRADE
NSW1,2011/4/12 22:00,8312.16,25.26,TRADE
NSW1,2011/4/12 22:30,8409.7,26.16,TRADE
NSW1,2011/4/12 23:00,8212.09,25.33,TRADE
NSW1,2011/4/12 23:30,8148.53,26.2,TRADE
NSW1,2011/4/13 0:00,8057.41,26.09,TRADE
NSW1,2011/4/13 0:30,7871.01,25.43,TRADE
NSW1,2011/4/13 1:00,7657.35,25.3,TRADE
NSW1,2011/4/13 1:30,7426.33,25.31,TRADE
NSW1,2011/4/13 2:00,7283.23,25.27,TRADE
NSW1,2011/4/13 2:30,6946.73,24.08,TRADE
NSW1,2011/4/13 3:00,6635.26,24.47,TRADE
NSW1,2011/4/13 3:30,6470.89,24.77,TRADE
NSW1,2011/4/13 4:00,6393.87,24.76,TRADE
NSW1,2011/4/13 4:30,6414.25,24.8,TRADE
NSW1,2011/4/13 5:00,6520.29,25.03,TRADE
NSW1,2011/4/13 5:30,6771.45,24.72,TRADE
NSW1,2011/4/13 6:00,7104.7,25.05,TRADE
NSW1,2011/4/13 6:30,7695.4,26.02,TRADE
NSW1,2011/4/13 7:00,8133.7,25.31,TRADE
NSW1,2011/4/13 7:30,8469.58,25.39,TRADE
NSW1,2011/4/13 8:00,8790.86,25.36,TRADE
NSW1,2011/4/13 8:30,8965.11,25.31,TRADE
NSW1,2011/4/13 9:00,9063.02,25.75,TRADE
NSW1,2011/4/13 9:30,9122.87,25.68,TRADE
NSW1,2011/4/13 10:00,9173.75,25.53,TRADE
NSW1,2011/4/13 10:30,9255.47,25.58,TRADE
NSW1,2011/4/13 11:00,9216.44,25.34,TRADE
NSW1,2011/4/13 11:30,9201.23,25.31,TRADE
NSW1,2011/4/13 12:00,9188.23,25.46,TRADE
NSW1,2011/4/13 12:30,9179.76,31.6,TRADE
NSW1,2011/4/13 13:00,9174.92,28.24,TRADE
NSW1,2011/4/13 13:30,9153.61,26.51,TRADE
NSW1,2011/4/13 14:00,9165.9,26.74,TRADE
NSW1,2011/4/13 14:30,9151.18,25.93,TRADE
NSW1,2011/4/13 15:00,8803.42,25.15,TRADE
NSW1,2011/4/13 15:30,9047.73,25.99,TRADE
NSW1,2011/4/13 16:00,9041.71,25.66,TRADE
NSW1,2011/4/13 16:30,9096.26,26.75,TRADE
NSW1,2011/4/13 17:00,9225.54,28.96,TRADE
NSW1,2011/4/13 17:30,9366.52,30.98,TRADE
NSW1,2011/4/13 18:00,9731.81,38.25,TRADE
NSW1,2011/4/13 18:30,9853.82,48.62,TRADE
NSW1,2011/4/13 19:00,9689.37,35.54,TRADE
NSW1,2011/4/13 19:30,9411.87,31.62,TRADE
NSW1,2011/4/13 20:00,9170.74,27.53,TRADE
NSW1,2011/4/13 20:30,8970.54,26.22,TRADE
NSW1,2011/4/13 21:00,8796.16,25.34,TRADE
NSW1,2011/4/13 21:30,8547.5,25.31,TRADE
NSW1,2011/4/13 22:00,8355.54,25.31,TRADE
NSW1,2011/4/13 22:30,8438.16,26.71,TRADE
NSW1,2011/4/13 23:00,8272.86,25.44,TRADE
NSW1,2011/4/13 23:30,8195.72,27.39,TRADE
NSW1,2011/4/14 0:00,8080.01,26.82,TRADE
NSW1,2011/4/14 0:30,7913.34,29.58,TRADE
NSW1,2011/4/14 1:00,7741.22,28.18,TRADE
NSW1,2011/4/14 1:30,7548.72,29.3,TRADE
NSW1,2011/4/14 2:00,7245.8,26.53,TRADE
NSW1,2011/4/14 2:30,6902.08,25.23,TRADE
NSW1,2011/4/14 3:00,6618.68,24.79,TRADE
NSW1,2011/4/14 3:30,6483.84,24.94,TRADE
NSW1,2011/4/14 4:00,6312.69,23.75,TRADE
NSW1,2011/4/14 4:30,6288.6,25.17,TRADE
NSW1,2011/4/14 5:00,6379.99,25.21,TRADE
NSW1,2011/4/14 5:30,6644.33,25.31,TRADE
NSW1,2011/4/14 6:00,6961.57,25.54,TRADE
NSW1,2011/4/14 6:30,7575.59,29.1,TRADE
NSW1,2011/4/14 7:00,8063.85,27.9,TRADE
NSW1,2011/4/14 7:30,8291.37,25.3,TRADE
NSW1,2011/4/14 8:00,8602.02,25.71,TRADE
NSW1,2011/4/14 8:30,8817.27,26.48,TRADE
NSW1,2011/4/14 9:00,8948.92,27.37,TRADE
NSW1,2011/4/14 9:30,9017.14,27.86,TRADE
NSW1,2011/4/14 10:00,9043.73,27.57,TRADE
NSW1,2011/4/14 10:30,9060.14,27.4,TRADE
NSW1,2011/4/14 11:00,9061.3,27.2,TRADE
NSW1,2011/4/14 11:30,9048.99,27.7,TRADE
NSW1,2011/4/14 12:00,9032.94,27.99,TRADE
NSW1,2011/4/14 12:30,9032.77,28.09,TRADE
NSW1,2011/4/14 13:00,8979.69,27.88,TRADE
NSW1,2011/4/14 13:30,9016.68,28.6,TRADE
NSW1,2011/4/14 14:00,9007.62,29.25,TRADE
NSW1,2011/4/14 14:30,8981,29.1,TRADE
NSW1,2011/4/14 15:00,8932.25,28.25,TRADE
NSW1,2011/4/14 15:30,8938.14,28.29,TRADE
NSW1,2011/4/14 16:00,8944.4,28.24,TRADE
NSW1,2011/4/14 16:30,8917.22,27.54,TRADE
NSW1,2011/4/14 17:00,9010.75,27.98,TRADE
NSW1,2011/4/14 17:30,9061.41,27.88,TRADE
NSW1,2011/4/14 18:00,9442.03,32.53,TRADE
NSW1,2011/4/14 18:30,9754.91,37.26,TRADE
NSW1,2011/4/14 19:00,9618.41,33.1,TRADE
NSW1,2011/4/14 19:30,9339.32,30.92,TRADE
NSW1,2011/4/14 20:00,9143.44,27.66,TRADE
NSW1,2011/4/14 20:30,8993.73,26.07,TRADE
NSW1,2011/4/14 21:00,8851.87,25.39,TRADE
NSW1,2011/4/14 21:30,8550.93,25.26,TRADE
NSW1,2011/4/14 22:00,8317.5,25.29,TRADE
NSW1,2011/4/14 22:30,8428.09,28.69,TRADE
NSW1,2011/4/14 23:00,8240.11,27.11,TRADE
NSW1,2011/4/14 23:30,8171.47,31.4,TRADE
NSW1,2011/4/15 0:00,8098.56,31.99,TRADE
NSW1,2011/4/15 0:30,7899.7,32.56,TRADE
NSW1,2011/4/15 1:00,7702.94,30.98,TRADE
NSW1,2011/4/15 1:30,7550.05,31.26,TRADE
NSW1,2011/4/15 2:00,7323.97,29.87,TRADE
NSW1,2011/4/15 2:30,6979.83,27.61,TRADE
NSW1,2011/4/15 3:00,6716.87,26.08,TRADE
NSW1,2011/4/15 3:30,6581.71,25.39,TRADE
NSW1,2011/4/15 4:00,6478.22,25.31,TRADE
NSW1,2011/4/15 4:30,6490.87,25.3,TRADE
NSW1,2011/4/15 5:00,6573.43,25.44,TRADE
NSW1,2011/4/15 5:30,6839.74,26.44,TRADE
NSW1,2011/4/15 6:00,7157.84,28.88,TRADE
NSW1,2011/4/15 6:30,7765.37,29.95,TRADE
NSW1,2011/4/15 7:00,8218.46,30,TRADE
NSW1,2011/4/15 7:30,8490.31,25.85,TRADE
NSW1,2011/4/15 8:00,8830.54,26.97,TRADE
NSW1,2011/4/15 8:30,9069.32,28.61,TRADE
NSW1,2011/4/15 9:00,9162.07,29.46,TRADE
NSW1,2011/4/15 9:30,9313.54,31.37,TRADE
NSW1,2011/4/15 10:00,9327.53,32.35,TRADE
NSW1,2011/4/15 10:30,9421.08,33.38,TRADE
NSW1,2011/4/15 11:00,9350.85,32.34,TRADE
NSW1,2011/4/15 11:30,9257.66,31.18,TRADE
NSW1,2011/4/15 12:00,9281.78,31.12,TRADE
NSW1,2011/4/15 12:30,9246.89,30.4,TRADE
NSW1,2011/4/15 13:00,9248.14,30.03,TRADE
NSW1,2011/4/15 13:30,9174.03,28.99,TRADE
NSW1,2011/4/15 14:00,9143.26,28.88,TRADE
NSW1,2011/4/15 14:30,9091.53,28.64,TRADE
NSW1,2011/4/15 15:00,9058.42,28.29,TRADE
NSW1,2011/4/15 15:30,9058.08,28.51,TRADE
NSW1,2011/4/15 16:00,9035.94,28.61,TRADE
NSW1,2011/4/15 16:30,9083.34,28.79,TRADE
NSW1,2011/4/15 17:00,9153.28,28.99,TRADE
NSW1,2011/4/15 17:30,9296.51,30.7,TRADE
NSW1,2011/4/15 18:00,9610.76,33.02,TRADE
NSW1,2011/4/15 18:30,9592.91,32.84,TRADE
NSW1,2011/4/15 19:00,9425.6,30.88,TRADE
NSW1,2011/4/15 19:30,9137.69,29.12,TRADE
NSW1,2011/4/15 20:00,8958.59,27.07,TRADE
NSW1,2011/4/15 20:30,8807.36,25.92,TRADE
NSW1,2011/4/15 21:00,8671.99,25.81,TRADE
NSW1,2011/4/15 21:30,8551.05,26.13,TRADE
NSW1,2011/4/15 22:00,8321.44,26.23,TRADE
NSW1,2011/4/15 22:30,8445.03,32.8,TRADE
NSW1,2011/4/15 23:00,8314.59,33.41,TRADE
NSW1,2011/4/15 23:30,8312.68,41.68,TRADE
NSW1,2011/4/16 0:00,8199,36.22,TRADE
NSW1,2011/4/16 0:30,8038.63,34,TRADE
NSW1,2011/4/16 1:00,7783.96,32.87,TRADE
NSW1,2011/4/16 1:30,7633.31,34.45,TRADE
NSW1,2011/4/16 2:00,7318.49,32.9,TRADE
NSW1,2011/4/16 2:30,6968.86,30.2,TRADE
NSW1,2011/4/16 3:00,6702.31,28.61,TRADE
NSW1,2011/4/16 3:30,6523.65,29.12,TRADE
NSW1,2011/4/16 4:00,6442.9,29.71,TRADE
NSW1,2011/4/16 4:30,6403.14,27.2,TRADE
NSW1,2011/4/16 5:00,6402.26,25.31,TRADE
NSW1,2011/4/16 5:30,6501.25,25.92,TRADE
NSW1,2011/4/16 6:00,6598.52,25.31,TRADE
NSW1,2011/4/16 6:30,6826.81,25.31,TRADE
NSW1,2011/4/16 7:00,7066.05,25.31,TRADE
NSW1,2011/4/16 7:30,7379.49,25.31,TRADE
NSW1,2011/4/16 8:00,7849.38,27.72,TRADE
NSW1,2011/4/16 8:30,8233.18,32.59,TRADE
NSW1,2011/4/16 9:00,8524.6,35.87,TRADE
NSW1,2011/4/16 9:30,8725.16,40.76,TRADE
NSW1,2011/4/16 10:00,8707.32,37.95,TRADE
NSW1,2011/4/16 10:30,8780.72,33.4,TRADE
NSW1,2011/4/16 11:00,8718.47,32.17,TRADE
NSW1,2011/4/16 11:30,8626.24,31.14,TRADE
NSW1,2011/4/16 12:00,8598.55,30.52,TRADE
NSW1,2011/4/16 12:30,8567.12,31.1,TRADE
NSW1,2011/4/16 13:00,8526.17,30.87,TRADE
NSW1,2011/4/16 13:30,8453.32,28.72,TRADE
NSW1,2011/4/16 14:00,8409.53,29.62,TRADE
NSW1,2011/4/16 14:30,8395.46,28.15,TRADE
NSW1,2011/4/16 15:00,8317.33,25.95,TRADE
NSW1,2011/4/16 15:30,8343.71,25.88,TRADE
NSW1,2011/4/16 16:00,8383.02,27.29,TRADE
NSW1,2011/4/16 16:30,8464.12,29.51,TRADE
NSW1,2011/4/16 17:00,8642.34,32.56,TRADE
NSW1,2011/4/16 17:30,8807.48,32.32,TRADE
NSW1,2011/4/16 18:00,9171.44,40.64,TRADE
NSW1,2011/4/16 18:30,9264.93,40.51,TRADE
NSW1,2011/4/16 19:00,9100.03,34.47,TRADE
NSW1,2011/4/16 19:30,8814.84,31.67,TRADE
NSW1,2011/4/16 20:00,8532.93,30.34,TRADE
NSW1,2011/4/16 20:30,8414.66,30.8,TRADE
NSW1,2011/4/16 21:00,8277.92,29.07,TRADE
NSW1,2011/4/16 21:30,8062.38,29.32,TRADE
NSW1,2011/4/16 22:00,7943.46,31.14,TRADE
NSW1,2011/4/16 22:30,7973.12,33.14,TRADE
NSW1,2011/4/16 23:00,7877,31.74,TRADE
NSW1,2011/4/16 23:30,7855.22,34.7,TRADE
NSW1,2011/4/17 0:00,7649.85,31.76,TRADE
NSW1,2011/4/17 0:30,7475.97,30.83,TRADE
NSW1,2011/4/17 1:00,7233.21,28.99,TRADE
NSW1,2011/4/17 1:30,7094.48,30.25,TRADE
NSW1,2011/4/17 2:00,6929.92,29.1,TRADE
NSW1,2011/4/17 2:30,6640.5,27.5,TRADE
NSW1,2011/4/17 3:00,6424.67,25.79,TRADE
NSW1,2011/4/17 3:30,6305.34,25.29,TRADE
NSW1,2011/4/17 4:00,6185.54,25.3,TRADE
NSW1,2011/4/17 4:30,6222.11,25.36,TRADE
NSW1,2011/4/17 5:00,6245.53,25.29,TRADE
NSW1,2011/4/17 5:30,6318.84,25.29,TRADE
NSW1,2011/4/17 6:00,6357.58,25.21,TRADE
NSW1,2011/4/17 6:30,6533.6,25.22,TRADE
NSW1,2011/4/17 7:00,6678.22,24.89,TRADE
NSW1,2011/4/17 7:30,6935.94,23.45,TRADE
NSW1,2011/4/17 8:00,7320.69,25.3,TRADE
NSW1,2011/4/17 8:30,7710.75,25.54,TRADE
NSW1,2011/4/17 9:00,7995.39,25.31,TRADE
NSW1,2011/4/17 9:30,8191.66,25.99,TRADE
NSW1,2011/4/17 10:00,8250.98,27.91,TRADE
NSW1,2011/4/17 10:30,8348.77,30.15,TRADE
NSW1,2011/4/17 11:00,8382.95,29.55,TRADE
NSW1,2011/4/17 11:30,8314.45,26.05,TRADE
NSW1,2011/4/17 12:00,8282.44,26.23,TRADE
NSW1,2011/4/17 12:30,8250.86,25.3,TRADE
NSW1,2011/4/17 13:00,8206.43,25.31,TRADE
NSW1,2011/4/17 13:30,8118.32,25.31,TRADE
NSW1,2011/4/17 14:00,8068.71,25.31,TRADE
NSW1,2011/4/17 14:30,7959.93,25.27,TRADE
NSW1,2011/4/17 15:00,7938.13,25.24,TRADE
NSW1,2011/4/17 15:30,7980.13,25.3,TRADE
NSW1,2011/4/17 16:00,8086.73,25.23,TRADE
NSW1,2011/4/17 16:30,8184.81,25.31,TRADE
NSW1,2011/4/17 17:00,8319.13,25.32,TRADE
NSW1,2011/4/17 17:30,8477.24,27.87,TRADE
NSW1,2011/4/17 18:00,8937.28,33.37,TRADE
NSW1,2011/4/17 18:30,9285.24,46.18,TRADE
NSW1,2011/4/17 19:00,9162.23,39.55,TRADE
NSW1,2011/4/17 19:30,8923.76,30.62,TRADE
NSW1,2011/4/17 20:00,8750.01,26.64,TRADE
NSW1,2011/4/17 20:30,8601.55,25.97,TRADE
NSW1,2011/4/17 21:00,8514.34,27.35,TRADE
NSW1,2011/4/17 21:30,8246.75,25.43,TRADE
NSW1,2011/4/17 22:00,8088.08,26.03,TRADE
NSW1,2011/4/17 22:30,8096.5,29.4,TRADE
NSW1,2011/4/17 23:00,7924.49,29.04,TRADE
NSW1,2011/4/17 23:30,7821.49,30.84,TRADE
NSW1,2011/4/18 0:00,7690.11,29.76,TRADE
NSW1,2011/4/18 0:30,7458.53,28.16,TRADE
NSW1,2011/4/18 1:00,7354.94,26.94,TRADE
NSW1,2011/4/18 1:30,7184.93,28.24,TRADE
NSW1,2011/4/18 2:00,7054.86,27.37,TRADE
NSW1,2011/4/18 2:30,6787.78,25.42,TRADE
NSW1,2011/4/18 3:00,6628.25,25.23,TRADE
NSW1,2011/4/18 3:30,6569.08,25.16,TRADE
NSW1,2011/4/18 4:00,6487.72,24.69,TRADE
NSW1,2011/4/18 4:30,6492.38,24.99,TRADE
NSW1,2011/4/18 5:00,6619.25,25.02,TRADE
NSW1,2011/4/18 5:30,6901.58,25.29,TRADE
NSW1,2011/4/18 6:00,7251.34,25.21,TRADE
NSW1,2011/4/18 6:30,7901.15,25.72,TRADE
NSW1,2011/4/18 7:00,8387.43,25.84,TRADE
NSW1,2011/4/18 7:30,8550.37,25.26,TRADE
NSW1,2011/4/18 8:00,9004.24,25.53,TRADE
NSW1,2011/4/18 8:30,9222.53,26.36,TRADE
NSW1,2011/4/18 9:00,9375.17,27.02,TRADE
NSW1,2011/4/18 9:30,9502.63,27.47,TRADE
NSW1,2011/4/18 10:00,9531.5,27.58,TRADE
NSW1,2011/4/18 10:30,9579.83,27.53,TRADE
NSW1,2011/4/18 11:00,9597.45,25.91,TRADE
NSW1,2011/4/18 11:30,9499.21,25.69,TRADE
NSW1,2011/4/18 12:00,9484.62,25.86,TRADE
NSW1,2011/4/18 12:30,9444.3,25.66,TRADE
NSW1,2011/4/18 13:00,9433.35,25.35,TRADE
NSW1,2011/4/18 13:30,9412.58,25.96,TRADE
NSW1,2011/4/18 14:00,9394.29,26.32,TRADE
NSW1,2011/4/18 14:30,9409.02,26.44,TRADE
NSW1,2011/4/18 15:00,9349.79,25.87,TRADE
NSW1,2011/4/18 15:30,9374.93,26.55,TRADE
NSW1,2011/4/18 16:00,9402.75,26.38,TRADE
NSW1,2011/4/18 16:30,9340.63,25.74,TRADE
NSW1,2011/4/18 17:00,9420.99,27.32,TRADE
NSW1,2011/4/18 17:30,9520.03,27.59,TRADE
NSW1,2011/4/18 18:00,9875.48,32.04,TRADE
NSW1,2011/4/18 18:30,10087.4,32.3,TRADE
NSW1,2011/4/18 19:00,9873.23,29.71,TRADE
NSW1,2011/4/18 19:30,9568.52,26.69,TRADE
NSW1,2011/4/18 20:00,9327.08,25.55,TRADE
NSW1,2011/4/18 20:30,9142.78,25.13,TRADE
NSW1,2011/4/18 21:00,8991.1,25.39,TRADE
NSW1,2011/4/18 21:30,8743.75,25.28,TRADE
NSW1,2011/4/18 22:00,8517.89,25.3,TRADE
NSW1,2011/4/18 22:30,8587.38,29.43,TRADE
NSW1,2011/4/18 23:00,8405.35,27.23,TRADE
NSW1,2011/4/18 23:30,8388.12,30.65,TRADE
NSW1,2011/4/19 0:00,8284.39,30.36,TRADE
NSW1,2011/4/19 0:30,8080.73,29.31,TRADE
NSW1,2011/4/19 1:00,7874.22,27.93,TRADE
NSW1,2011/4/19 1:30,7731.21,29.05,TRADE
NSW1,2011/4/19 2:00,7483.93,27.55,TRADE
NSW1,2011/4/19 2:30,7190.93,26.32,TRADE
NSW1,2011/4/19 3:00,6919.19,25.27,TRADE
NSW1,2011/4/19 3:30,6709.46,25.23,TRADE
NSW1,2011/4/19 4:00,6597.92,25.1,TRADE
NSW1,2011/4/19 4:30,6607.39,25.2,TRADE
NSW1,2011/4/19 5:00,6744.26,25.55,TRADE
NSW1,2011/4/19 5:30,7048.95,26.42,TRADE
NSW1,2011/4/19 6:00,7327.56,26.9,TRADE
NSW1,2011/4/19 6:30,7982.82,29.84,TRADE
NSW1,2011/4/19 7:00,8361.75,27.02,TRADE
NSW1,2011/4/19 7:30,8663.1,26.19,TRADE
NSW1,2011/4/19 8:00,9016.96,27.02,TRADE
NSW1,2011/4/19 8:30,9182.81,26.01,TRADE
NSW1,2011/4/19 9:00,9286.53,27.14,TRADE
NSW1,2011/4/19 9:30,9387.64,27.7,TRADE
NSW1,2011/4/19 10:00,9476.16,28.41,TRADE
NSW1,2011/4/19 10:30,9501.09,28.93,TRADE
NSW1,2011/4/19 11:00,9484.87,28.65,TRADE
NSW1,2011/4/19 11:30,9452.62,28.75,TRADE
NSW1,2011/4/19 12:00,9440.85,31.15,TRADE
NSW1,2011/4/19 12:30,9391.05,29.66,TRADE
NSW1,2011/4/19 13:00,9362.48,29.31,TRADE
NSW1,2011/4/19 13:30,9408.72,30.15,TRADE
NSW1,2011/4/19 14:00,9372.22,29.51,TRADE
NSW1,2011/4/19 14:30,9428.24,28.79,TRADE
NSW1,2011/4/19 15:00,9392.58,28.26,TRADE
NSW1,2011/4/19 15:30,9372.88,28.29,TRADE
NSW1,2011/4/19 16:00,9228.98,27.16,TRADE
NSW1,2011/4/19 16:30,9259.51,27.21,TRADE
NSW1,2011/4/19 17:00,9374.67,28.04,TRADE
NSW1,2011/4/19 17:30,9566.81,28.78,TRADE
NSW1,2011/4/19 18:00,9987.53,44.56,TRADE
NSW1,2011/4/19 18:30,10145.13,51.46,TRADE
NSW1,2011/4/19 19:00,9857.61,29.48,TRADE
NSW1,2011/4/19 19:30,9594.35,27.29,TRADE
NSW1,2011/4/19 20:00,9346.47,25.4,TRADE
NSW1,2011/4/19 20:30,9134.16,26.56,TRADE
NSW1,2011/4/19 21:00,8987.91,26.27,TRADE
NSW1,2011/4/19 21:30,8802.95,25.71,TRADE
NSW1,2011/4/19 22:00,8527.85,25.25,TRADE
NSW1,2011/4/19 22:30,8691.25,29.67,TRADE
NSW1,2011/4/19 23:00,8537.58,27.89,TRADE
NSW1,2011/4/19 23:30,8532.44,31.75,TRADE
NSW1,2011/4/20 0:00,8398.46,32.84,TRADE
NSW1,2011/4/20 0:30,8180.09,30.19,TRADE
NSW1,2011/4/20 1:00,8023.83,29.45,TRADE
NSW1,2011/4/20 1:30,7790.22,29.49,TRADE
NSW1,2011/4/20 2:00,7626.94,29.55,TRADE
NSW1,2011/4/20 2:30,7183.37,26.1,TRADE
NSW1,2011/4/20 3:00,6907.48,25.44,TRADE
NSW1,2011/4/20 3:30,6719.33,25.16,TRADE
NSW1,2011/4/20 4:00,6638.82,25.22,TRADE
NSW1,2011/4/20 4:30,6652.05,25.18,TRADE
NSW1,2011/4/20 5:00,6745.25,25.2,TRADE
NSW1,2011/4/20 5:30,7018.05,25.75,TRADE
NSW1,2011/4/20 6:00,7300.64,25.68,TRADE
NSW1,2011/4/20 6:30,7867.53,26.35,TRADE
NSW1,2011/4/20 7:00,8324.53,26.56,TRADE
NSW1,2011/4/20 7:30,8541.67,25.25,TRADE
NSW1,2011/4/20 8:00,8867.92,25.96,TRADE
NSW1,2011/4/20 8:30,9127.1,25.58,TRADE
NSW1,2011/4/20 9:00,9214.41,25.84,TRADE
NSW1,2011/4/20 9:30,9375.18,27.19,TRADE
NSW1,2011/4/20 10:00,9381.39,25.93,TRADE
NSW1,2011/4/20 10:30,9389.45,25.39,TRADE
NSW1,2011/4/20 11:00,9458.59,26.31,TRADE
NSW1,2011/4/20 11:30,9408.69,25.87,TRADE
NSW1,2011/4/20 12:00,9250.17,25.41,TRADE
NSW1,2011/4/20 12:30,9261.5,25.22,TRADE
NSW1,2011/4/20 13:00,9351.77,25.3,TRADE
NSW1,2011/4/20 13:30,9324.64,25.86,TRADE
NSW1,2011/4/20 14:00,9324.47,25.32,TRADE
NSW1,2011/4/20 14:30,9310.38,26.58,TRADE
NSW1,2011/4/20 15:00,9246.91,25.4,TRADE
NSW1,2011/4/20 15:30,9178.72,25.3,TRADE
NSW1,2011/4/20 16:00,9039.94,25.38,TRADE
NSW1,2011/4/20 16:30,9224.89,25.31,TRADE
NSW1,2011/4/20 17:00,9379.05,25.43,TRADE
NSW1,2011/4/20 17:30,9564.86,25.46,TRADE
NSW1,2011/4/20 18:00,9959.24,27.78,TRADE
NSW1,2011/4/20 18:30,9986.76,27.85,TRADE
NSW1,2011/4/20 19:00,9793.22,26.28,TRADE
NSW1,2011/4/20 19:30,9595.19,25.76,TRADE
NSW1,2011/4/20 20:00,9375.2,25.3,TRADE
NSW1,2011/4/20 20:30,9185.88,25.3,TRADE
NSW1,2011/4/20 21:00,9047.4,25.27,TRADE
NSW1,2011/4/20 21:30,8867.85,25.04,TRADE
NSW1,2011/4/20 22:00,8611.87,25.3,TRADE
NSW1,2011/4/20 22:30,8698.29,26.61,TRADE
NSW1,2011/4/20 23:00,8570.42,25.77,TRADE
NSW1,2011/4/20 23:30,8491.14,26.77,TRADE
NSW1,2011/4/21 0:00,8414.79,25.78,TRADE
NSW1,2011/4/21 0:30,8158.69,25.31,TRADE
NSW1,2011/4/21 1:00,7959.3,26.46,TRADE
NSW1,2011/4/21 1:30,7750.51,29.67,TRADE
NSW1,2011/4/21 2:00,7537.12,28.21,TRADE
NSW1,2011/4/21 2:30,7184.07,25.36,TRADE
NSW1,2011/4/21 3:00,6885.42,25.22,TRADE
NSW1,2011/4/21 3:30,6683.59,25.21,TRADE
NSW1,2011/4/21 4:00,6600.32,25.02,TRADE
NSW1,2011/4/21 4:30,6583.03,24.97,TRADE
NSW1,2011/4/21 5:00,6699.89,25.25,TRADE
NSW1,2011/4/21 5:30,6959.61,25.3,TRADE
NSW1,2011/4/21 6:00,7266.41,25.41,TRADE
NSW1,2011/4/21 6:30,7844.06,25.93,TRADE
NSW1,2011/4/21 7:00,8225.33,25.94,TRADE
NSW1,2011/4/21 7:30,8444.28,25.21,TRADE
NSW1,2011/4/21 8:00,8791.52,25.5,TRADE
NSW1,2011/4/21 8:30,9000.66,26.1,TRADE
NSW1,2011/4/21 9:00,9132.94,25.67,TRADE
NSW1,2011/4/21 9:30,9248.28,25.17,TRADE
NSW1,2011/4/21 10:00,9298.58,25.34,TRADE
NSW1,2011/4/21 10:30,9338.31,25.31,TRADE
NSW1,2011/4/21 11:00,9267.73,25.31,TRADE
NSW1,2011/4/21 11:30,9236.39,25.3,TRADE
NSW1,2011/4/21 12:00,9228.23,25.9,TRADE
NSW1,2011/4/21 12:30,9187.44,25.11,TRADE
NSW1,2011/4/21 13:00,9159.06,25.46,TRADE
NSW1,2011/4/21 13:30,9153.27,25.61,TRADE
NSW1,2011/4/21 14:00,9164.64,25.31,TRADE
NSW1,2011/4/21 14:30,9056.54,25.58,TRADE
NSW1,2011/4/21 15:00,8994.8,25.15,TRADE
NSW1,2011/4/21 15:30,8975.12,25.23,TRADE
NSW1,2011/4/21 16:00,8774.71,25.23,TRADE
NSW1,2011/4/21 16:30,8903.74,25.33,TRADE
NSW1,2011/4/21 17:00,8977.71,25.3,TRADE
NSW1,2011/4/21 17:30,8986.17,25.11,TRADE
NSW1,2011/4/21 18:00,9380.88,26.06,TRADE
NSW1,2011/4/21 18:30,9543.39,26.98,TRADE
NSW1,2011/4/21 19:00,9395.96,25.58,TRADE
NSW1,2011/4/21 19:30,9127.17,25.25,TRADE
NSW1,2011/4/21 20:00,8969.89,25.56,TRADE
NSW1,2011/4/21 20:30,8845.38,25.31,TRADE
NSW1,2011/4/21 21:00,8681.84,25.24,TRADE
NSW1,2011/4/21 21:30,8446.04,24.67,TRADE
NSW1,2011/4/21 22:00,8239.13,25.12,TRADE
NSW1,2011/4/21 22:30,8401.89,26.67,TRADE
NSW1,2011/4/21 23:00,8279.09,25.24,TRADE
NSW1,2011/4/21 23:30,8258.26,25.68,TRADE
NSW1,2011/4/22 0:00,8155.57,25.5,TRADE
NSW1,2011/4/22 0:30,7927.25,25.37,TRADE
NSW1,2011/4/22 1:00,7728.3,25.51,TRADE
NSW1,2011/4/22 1:30,7538.86,25.44,TRADE
NSW1,2011/4/22 2:00,7252.1,25.18,TRADE
NSW1,2011/4/22 2:30,6810.65,24.31,TRADE
NSW1,2011/4/22 3:00,6501.4,21.62,TRADE
NSW1,2011/4/22 3:30,6288.79,19.44,TRADE
NSW1,2011/4/22 4:00,6186.87,21.37,TRADE
NSW1,2011/4/22 4:30,6123.37,20.77,TRADE
NSW1,2011/4/22 5:00,6072.41,20.52,TRADE
NSW1,2011/4/22 5:30,6159.75,21.64,TRADE
NSW1,2011/4/22 6:00,6219.72,20.45,TRADE
NSW1,2011/4/22 6:30,6405.22,21.01,TRADE
NSW1,2011/4/22 7:00,6517.06,20.38,TRADE
NSW1,2011/4/22 7:30,6623.27,21.77,TRADE
NSW1,2011/4/22 8:00,6846.12,22.44,TRADE
NSW1,2011/4/22 8:30,7181.56,25.24,TRADE
NSW1,2011/4/22 9:00,7357.41,25.21,TRADE
NSW1,2011/4/22 9:30,7592.39,25.24,TRADE
NSW1,2011/4/22 10:00,7690.18,24.38,TRADE
NSW1,2011/4/22 10:30,7727.45,24.81,TRADE
NSW1,2011/4/22 11:00,7741.14,24.08,TRADE
NSW1,2011/4/22 11:30,7740.66,24.09,TRADE
NSW1,2011/4/22 12:00,7678.27,23.7,TRADE
NSW1,2011/4/22 12:30,7710.58,23.95,TRADE
NSW1,2011/4/22 13:00,7619.5,23.74,TRADE
NSW1,2011/4/22 13:30,7579.25,24.02,TRADE
NSW1,2011/4/22 14:00,7508.83,23.35,TRADE
NSW1,2011/4/22 14:30,7454.53,23.32,TRADE
NSW1,2011/4/22 15:00,7470.52,22.85,TRADE
NSW1,2011/4/22 15:30,7363.42,20.94,TRADE
NSW1,2011/4/22 16:00,7386.05,22.66,TRADE
NSW1,2011/4/22 16:30,7448.82,23.58,TRADE
NSW1,2011/4/22 17:00,7629.87,25.07,TRADE
NSW1,2011/4/22 17:30,7908.11,25.3,TRADE
NSW1,2011/4/22 18:00,8450.58,25.89,TRADE
NSW1,2011/4/22 18:30,8631.36,25.64,TRADE
NSW1,2011/4/22 19:00,8480.85,25.25,TRADE
NSW1,2011/4/22 19:30,8267,25.25,TRADE
NSW1,2011/4/22 20:00,8043.16,24.94,TRADE
NSW1,2011/4/22 20:30,7964.27,25.25,TRADE
NSW1,2011/4/22 21:00,7866.16,25.27,TRADE
NSW1,2011/4/22 21:30,7775.55,25.48,TRADE
NSW1,2011/4/22 22:00,7717.94,25.2,TRADE
NSW1,2011/4/22 22:30,7850.51,25.49,TRADE
NSW1,2011/4/22 23:00,7841.34,25.24,TRADE
NSW1,2011/4/22 23:30,7873.72,25.97,TRADE
NSW1,2011/4/23 0:00,7878.07,25.3,TRADE
NSW1,2011/4/23 0:30,7737.89,25.3,TRADE
NSW1,2011/4/23 1:00,7610.52,25.41,TRADE
NSW1,2011/4/23 1:30,7448.41,25.77,TRADE
NSW1,2011/4/23 2:00,7212.21,25.18,TRADE
NSW1,2011/4/23 2:30,6838.93,24.96,TRADE
NSW1,2011/4/23 3:00,6632.46,24.83,TRADE
NSW1,2011/4/23 3:30,6402.23,24.56,TRADE
NSW1,2011/4/23 4:00,6261.1,21.4,TRADE
NSW1,2011/4/23 4:30,6278.1,20.32,TRADE
NSW1,2011/4/23 5:00,6220.3,20.41,TRADE
NSW1,2011/4/23 5:30,6345.31,21,TRADE
NSW1,2011/4/23 6:00,6413.75,19.87,TRADE
NSW1,2011/4/23 6:30,6634.6,21.86,TRADE
NSW1,2011/4/23 7:00,6830.65,21.18,TRADE
NSW1,2011/4/23 7:30,7087.44,24.84,TRADE
NSW1,2011/4/23 8:00,7492.15,25.04,TRADE
NSW1,2011/4/23 8:30,7839.73,25.3,TRADE
NSW1,2011/4/23 9:00,8064.56,25.29,TRADE
NSW1,2011/4/23 9:30,8325.09,25.3,TRADE
NSW1,2011/4/23 10:00,8363.4,25.1,TRADE
NSW1,2011/4/23 10:30,8373.31,25.14,TRADE
NSW1,2011/4/23 11:00,8269.86,25.15,TRADE
NSW1,2011/4/23 11:30,8147.27,25.11,TRADE
NSW1,2011/4/23 12:00,7939.7,24.27,TRADE
NSW1,2011/4/23 12:30,8036.5,24.3,TRADE
NSW1,2011/4/23 13:00,7963.87,24.63,TRADE
NSW1,2011/4/23 13:30,7944.88,23.72,TRADE
NSW1,2011/4/23 14:00,7813.11,23.25,TRADE
NSW1,2011/4/23 14:30,7824.99,22.82,TRADE
NSW1,2011/4/23 15:00,7752.22,20.85,TRADE
NSW1,2011/4/23 15:30,7823.64,22.79,TRADE
NSW1,2011/4/23 16:00,7842.05,24.36,TRADE
NSW1,2011/4/23 16:30,7941.99,24.5,TRADE
NSW1,2011/4/23 17:00,8079.44,24.91,TRADE
NSW1,2011/4/23 17:30,8281.24,25.38,TRADE
NSW1,2011/4/23 18:00,8747.6,25.82,TRADE
NSW1,2011/4/23 18:30,9004.34,25.53,TRADE
NSW1,2011/4/23 19:00,8788.46,25.24,TRADE
NSW1,2011/4/23 19:30,8548.13,25.27,TRADE
NSW1,2011/4/23 20:00,8352.3,25.26,TRADE
NSW1,2011/4/23 20:30,8244.33,25.15,TRADE
NSW1,2011/4/23 21:00,8145.55,24.86,TRADE
NSW1,2011/4/23 21:30,7985.85,25.06,TRADE
NSW1,2011/4/23 22:00,7887.6,25.34,TRADE
NSW1,2011/4/23 22:30,7938.75,25.42,TRADE
NSW1,2011/4/23 23:00,7889.82,25.23,TRADE
NSW1,2011/4/23 23:30,7873.9,25.98,TRADE
NSW1,2011/4/24 0:00,7739.32,25.62,TRADE
NSW1,2011/4/24 0:30,7495.43,25.26,TRADE
NSW1,2011/4/24 1:00,7273.1,25.23,TRADE
NSW1,2011/4/24 1:30,7086.93,25.19,TRADE
NSW1,2011/4/24 2:00,6873.91,25.03,TRADE
NSW1,2011/4/24 2:30,6664.38,22.64,TRADE
NSW1,2011/4/24 3:00,6439.67,18.77,TRADE
NSW1,2011/4/24 3:30,6292.74,18.51,TRADE
NSW1,2011/4/24 4:00,6233.63,19.14,TRADE
NSW1,2011/4/24 4:30,6182.69,19.28,TRADE
NSW1,2011/4/24 5:00,6224.96,19.39,TRADE
NSW1,2011/4/24 5:30,6225.22,19.83,TRADE
NSW1,2011/4/24 6:00,6328.2,19.75,TRADE
NSW1,2011/4/24 6:30,6462.2,20.67,TRADE
NSW1,2011/4/24 7:00,6572,20.11,TRADE
NSW1,2011/4/24 7:30,6856.18,21.57,TRADE
NSW1,2011/4/24 8:00,7150.02,23.81,TRADE
NSW1,2011/4/24 8:30,7489.19,25.34,TRADE
NSW1,2011/4/24 9:00,7710.2,25.29,TRADE
NSW1,2011/4/24 9:30,7862.85,25.3,TRADE
NSW1,2011/4/24 10:00,7871.11,25.29,TRADE
NSW1,2011/4/24 10:30,7909.39,25.3,TRADE
NSW1,2011/4/24 11:00,7904.45,25.3,TRADE
NSW1,2011/4/24 11:30,7838.08,25.28,TRADE
NSW1,2011/4/24 12:00,7791.57,25.28,TRADE
NSW1,2011/4/24 12:30,7725.02,25.29,TRADE
NSW1,2011/4/24 13:00,7645.21,25.29,TRADE
NSW1,2011/4/24 13:30,7494.75,25.16,TRADE
NSW1,2011/4/24 14:00,7167.19,25.22,TRADE
NSW1,2011/4/24 14:30,7146.54,25.27,TRADE
NSW1,2011/4/24 15:00,7362.5,25.3,TRADE
NSW1,2011/4/24 15:30,7399.39,25.3,TRADE
NSW1,2011/4/24 16:00,7420.32,25.3,TRADE
NSW1,2011/4/24 16:30,7485.12,25.31,TRADE
NSW1,2011/4/24 17:00,7591.47,25.3,TRADE
NSW1,2011/4/24 17:30,7780.36,25.47,TRADE
NSW1,2011/4/24 18:00,8297.07,26.59,TRADE
NSW1,2011/4/24 18:30,8492.92,26.95,TRADE
NSW1,2011/4/24 19:00,8324.18,25.64,TRADE
NSW1,2011/4/24 19:30,8199.16,25.34,TRADE
NSW1,2011/4/24 20:00,7948.61,25.27,TRADE
NSW1,2011/4/24 20:30,7927.27,25.3,TRADE
NSW1,2011/4/24 21:00,7848.85,25.27,TRADE
NSW1,2011/4/24 21:30,7731,25.3,TRADE
NSW1,2011/4/24 22:00,7613.76,25.25,TRADE
NSW1,2011/4/24 22:30,7715.5,25.28,TRADE
NSW1,2011/4/24 23:00,7589.5,25.27,TRADE
NSW1,2011/4/24 23:30,7596.75,25.87,TRADE
NSW1,2011/4/25 0:00,7496.7,25.84,TRADE
NSW1,2011/4/25 0:30,7250.41,25.3,TRADE
NSW1,2011/4/25 1:00,7044.73,25.24,TRADE
NSW1,2011/4/25 1:30,6889.33,25.26,TRADE
NSW1,2011/4/25 2:00,6747.63,24.97,TRADE
NSW1,2011/4/25 2:30,6478.48,24.62,TRADE
NSW1,2011/4/25 3:00,6275.42,21.94,TRADE
NSW1,2011/4/25 3:30,6185.35,19.99,TRADE
NSW1,2011/4/25 4:00,6105.07,19.23,TRADE
NSW1,2011/4/25 4:30,6123.34,20.53,TRADE
NSW1,2011/4/25 5:00,6168.36,20.94,TRADE
NSW1,2011/4/25 5:30,6244.75,21.39,TRADE
NSW1,2011/4/25 6:00,6307.54,22.11,TRADE
NSW1,2011/4/25 6:30,6494.49,25.07,TRADE
NSW1,2011/4/25 7:00,6605.08,24.89,TRADE
NSW1,2011/4/25 7:30,6740.79,25.18,TRADE
NSW1,2011/4/25 8:00,6978.79,25.3,TRADE
NSW1,2011/4/25 8:30,7247.24,25.31,TRADE
NSW1,2011/4/25 9:00,7371.08,25.28,TRADE
NSW1,2011/4/25 9:30,7658.07,25.3,TRADE
NSW1,2011/4/25 10:00,7866.81,25.73,TRADE
NSW1,2011/4/25 10:30,7935.4,25.32,TRADE
NSW1,2011/4/25 11:00,7996.06,25.38,TRADE
NSW1,2011/4/25 11:30,8022.06,25.38,TRADE
NSW1,2011/4/25 12:00,8082.93,25.59,TRADE
NSW1,2011/4/25 12:30,8078.97,25.55,TRADE
NSW1,2011/4/25 13:00,8070.86,25.31,TRADE
NSW1,2011/4/25 13:30,7993.71,25.29,TRADE
NSW1,2011/4/25 14:00,7918.71,25.29,TRADE
NSW1,2011/4/25 14:30,7930.01,25.34,TRADE
NSW1,2011/4/25 15:00,7925.92,25.29,TRADE
NSW1,2011/4/25 15:30,7893.35,25.29,TRADE
NSW1,2011/4/25 16:00,7943.6,26.07,TRADE
NSW1,2011/4/25 16:30,8001.46,26.73,TRADE
NSW1,2011/4/25 17:00,8185.66,27.09,TRADE
NSW1,2011/4/25 17:30,8428.68,27.77,TRADE
NSW1,2011/4/25 18:00,8816.78,31.54,TRADE
NSW1,2011/4/25 18:30,8868.57,30.3,TRADE
NSW1,2011/4/25 19:00,8722.7,29.39,TRADE
NSW1,2011/4/25 19:30,8448.97,28.21,TRADE
NSW1,2011/4/25 20:00,8264.76,26.1,TRADE
NSW1,2011/4/25 20:30,8073.31,25.32,TRADE
NSW1,2011/4/25 21:00,7671.85,25.27,TRADE
NSW1,2011/4/25 21:30,7524.2,25.28,TRADE
NSW1,2011/4/25 22:00,7394.82,25.22,TRADE
NSW1,2011/4/25 22:30,7472.59,25.28,TRADE
NSW1,2011/4/25 23:00,7441.3,25.25,TRADE
NSW1,2011/4/25 23:30,7611.59,26.43,TRADE
NSW1,2011/4/26 0:00,7695.87,25.44,TRADE
NSW1,2011/4/26 0:30,7517.12,25.4,TRADE
NSW1,2011/4/26 1:00,7349.66,25.71,TRADE
NSW1,2011/4/26 1:30,7205.72,25.9,TRADE
NSW1,2011/4/26 2:00,6980.84,25.2,TRADE
NSW1,2011/4/26 2:30,6613.34,23.97,TRADE
NSW1,2011/4/26 3:00,6344.02,21.01,TRADE
NSW1,2011/4/26 3:30,6138.17,17.92,TRADE
NSW1,2011/4/26 4:00,6025.33,19.12,TRADE
NSW1,2011/4/26 4:30,6010.58,20,TRADE
NSW1,2011/4/26 5:00,5975.16,19.73,TRADE
NSW1,2011/4/26 5:30,6112.94,20.56,TRADE
NSW1,2011/4/26 6:00,6219.93,21.34,TRADE
NSW1,2011/4/26 6:30,6452.23,20.82,TRADE
NSW1,2011/4/26 7:00,6540.59,20.45,TRADE
NSW1,2011/4/26 7:30,6657.18,21.14,TRADE
NSW1,2011/4/26 8:00,6933.08,23.96,TRADE
NSW1,2011/4/26 8:30,7303.09,25.31,TRADE
NSW1,2011/4/26 9:00,7550.53,25.42,TRADE
NSW1,2011/4/26 9:30,7838.74,25.48,TRADE
NSW1,2011/4/26 10:00,8052.65,25.38,TRADE
NSW1,2011/4/26 10:30,8202.79,25.6,TRADE
NSW1,2011/4/26 11:00,8241.47,25.43,TRADE
NSW1,2011/4/26 11:30,8241.5,25.34,TRADE
NSW1,2011/4/26 12:00,8225.53,25.36,TRADE
NSW1,2011/4/26 12:30,8198.2,25.42,TRADE
NSW1,2011/4/26 13:00,8149.86,25.35,TRADE
NSW1,2011/4/26 13:30,8048.21,25.29,TRADE
NSW1,2011/4/26 14:00,8012.01,25.36,TRADE
NSW1,2011/4/26 14:30,7959.51,25.31,TRADE
NSW1,2011/4/26 15:00,7947.94,25.34,TRADE
NSW1,2011/4/26 15:30,7951.17,25.37,TRADE
NSW1,2011/4/26 16:00,8042.13,25.49,TRADE
NSW1,2011/4/26 16:30,8150.11,26.93,TRADE
NSW1,2011/4/26 17:00,8359.86,28.98,TRADE
NSW1,2011/4/26 17:30,8709.43,32.14,TRADE
NSW1,2011/4/26 18:00,9299.48,35.06,TRADE
NSW1,2011/4/26 18:30,9354.5,34.32,TRADE
NSW1,2011/4/26 19:00,9136.75,29.72,TRADE
NSW1,2011/4/26 19:30,8890.08,29.54,TRADE
NSW1,2011/4/26 20:00,8601.21,27.8,TRADE
NSW1,2011/4/26 20:30,8525.62,26.97,TRADE
NSW1,2011/4/26 21:00,8321.68,25.89,TRADE
NSW1,2011/4/26 21:30,8135.79,25.94,TRADE
NSW1,2011/4/26 22:00,7947.71,25.09,TRADE
NSW1,2011/4/26 22:30,8068.49,25.68,TRADE
NSW1,2011/4/26 23:00,7935.48,25.19,TRADE
NSW1,2011/4/26 23:30,7924.23,25.6,TRADE
NSW1,2011/4/27 0:00,7864.9,25.64,TRADE
NSW1,2011/4/27 0:30,7724.07,25.3,TRADE
NSW1,2011/4/27 1:00,7607.82,25.3,TRADE
NSW1,2011/4/27 1:30,7475.77,25.33,TRADE
NSW1,2011/4/27 2:00,7251.36,25.13,TRADE
NSW1,2011/4/27 2:30,6864.26,23.88,TRADE
NSW1,2011/4/27 3:00,6618.46,21.09,TRADE
NSW1,2011/4/27 3:30,6398.24,19.54,TRADE
NSW1,2011/4/27 4:00,6283.18,19.14,TRADE
NSW1,2011/4/27 4:30,6235.61,19.11,TRADE
NSW1,2011/4/27 5:00,6325.74,19.86,TRADE
NSW1,2011/4/27 5:30,6521.89,20.82,TRADE
NSW1,2011/4/27 6:00,6866.5,23.05,TRADE
NSW1,2011/4/27 6:30,7532.15,26.13,TRADE
NSW1,2011/4/27 7:00,8060.84,25.35,TRADE
NSW1,2011/4/27 7:30,8377.39,25.31,TRADE
NSW1,2011/4/27 8:00,8733.9,25.3,TRADE
NSW1,2011/4/27 8:30,8919.33,25.26,TRADE
NSW1,2011/4/27 9:00,9010.2,25.28,TRADE
NSW1,2011/4/27 9:30,9118.59,25.3,TRADE
NSW1,2011/4/27 10:00,9203.14,25.3,TRADE
NSW1,2011/4/27 10:30,9234.67,25.32,TRADE
NSW1,2011/4/27 11:00,9200.04,25.35,TRADE
NSW1,2011/4/27 11:30,9155,25.47,TRADE
NSW1,2011/4/27 12:00,9053.6,25.53,TRADE
NSW1,2011/4/27 12:30,9088.27,25.43,TRADE
NSW1,2011/4/27 13:00,9087.36,25.31,TRADE
NSW1,2011/4/27 13:30,9067.64,25.32,TRADE
NSW1,2011/4/27 14:00,9012.96,25.31,TRADE
NSW1,2011/4/27 14:30,9016.82,25.34,TRADE
NSW1,2011/4/27 15:00,8986.36,25.32,TRADE
NSW1,2011/4/27 15:30,8993.63,25.31,TRADE
NSW1,2011/4/27 16:00,9024.77,25.34,TRADE
NSW1,2011/4/27 16:30,9110.77,25.31,TRADE
NSW1,2011/4/27 17:00,9238.7,25.67,TRADE
NSW1,2011/4/27 17:30,9504.57,26.01,TRADE
NSW1,2011/4/27 18:00,10034.87,28.36,TRADE
NSW1,2011/4/27 18:30,10077.67,28.25,TRADE
NSW1,2011/4/27 19:00,9883.56,26.28,TRADE
NSW1,2011/4/27 19:30,9564.93,25.1,TRADE
NSW1,2011/4/27 20:00,9246.44,25.3,TRADE
NSW1,2011/4/27 20:30,9094.5,25.28,TRADE
NSW1,2011/4/27 21:00,8858.88,25.07,TRADE
NSW1,2011/4/27 21:30,8632.05,25.08,TRADE
NSW1,2011/4/27 22:00,8385.73,24.94,TRADE
NSW1,2011/4/27 22:30,8523.77,25.67,TRADE
NSW1,2011/4/27 23:00,8358.42,25.22,TRADE
NSW1,2011/4/27 23:30,8302.72,25.4,TRADE
NSW1,2011/4/28 0:00,8212.02,24.84,TRADE
NSW1,2011/4/28 0:30,7980.89,25.18,TRADE
NSW1,2011/4/28 1:00,7849.86,25.1,TRADE
NSW1,2011/4/28 1:30,7672.94,25.17,TRADE
NSW1,2011/4/28 2:00,7438.66,24.84,TRADE
NSW1,2011/4/28 2:30,7050.24,22.05,TRADE
NSW1,2011/4/28 3:00,6777.81,14.5,TRADE
NSW1,2011/4/28 3:30,6589.75,14.23,TRADE
NSW1,2011/4/28 4:00,6520.12,17.13,TRADE
NSW1,2011/4/28 4:30,6479.96,19.53,TRADE
NSW1,2011/4/28 5:00,6592.83,20.47,TRADE
NSW1,2011/4/28 5:30,6834.31,23.28,TRADE
NSW1,2011/4/28 6:00,7126.37,25.01,TRADE
NSW1,2011/4/28 6:30,7807.81,25.59,TRADE
NSW1,2011/4/28 7:00,8390.75,25.46,TRADE
NSW1,2011/4/28 7:30,8690.83,25.31,TRADE
NSW1,2011/4/28 8:00,9099.64,25.29,TRADE
NSW1,2011/4/28 8:30,9189.5,25.3,TRADE
NSW1,2011/4/28 9:00,9151.5,25.14,TRADE
NSW1,2011/4/28 9:30,9253.21,25.31,TRADE
NSW1,2011/4/28 10:00,9319.72,25.46,TRADE
NSW1,2011/4/28 10:30,9331.04,25.31,TRADE
NSW1,2011/4/28 11:00,9330.41,25.31,TRADE
NSW1,2011/4/28 11:30,9282.32,25.92,TRADE
NSW1,2011/4/28 12:00,9265.87,25.5,TRADE
NSW1,2011/4/28 12:30,9203.77,25.16,TRADE
NSW1,2011/4/28 13:00,9186.9,25.18,TRADE
NSW1,2011/4/28 13:30,9203.83,25.3,TRADE
NSW1,2011/4/28 14:00,9259.61,25.37,TRADE
NSW1,2011/4/28 14:30,9182.53,25.48,TRADE
NSW1,2011/4/28 15:00,9130.17,25.27,TRADE
NSW1,2011/4/28 15:30,9057.12,25.3,TRADE
NSW1,2011/4/28 16:00,9077.6,25.3,TRADE
NSW1,2011/4/28 16:30,9183.19,25.29,TRADE
NSW1,2011/4/28 17:00,9306.04,25.31,TRADE
NSW1,2011/4/28 17:30,9470.38,25.36,TRADE
NSW1,2011/4/28 18:00,10114.7,28.84,TRADE
NSW1,2011/4/28 18:30,10202.69,27.57,TRADE
NSW1,2011/4/28 19:00,10066.97,25.78,TRADE
NSW1,2011/4/28 19:30,9796.63,25.27,TRADE
NSW1,2011/4/28 20:00,9594.56,25.3,TRADE
NSW1,2011/4/28 20:30,9386.39,25.3,TRADE
NSW1,2011/4/28 21:00,9216.52,25.41,TRADE
NSW1,2011/4/28 21:30,8907.54,25.16,TRADE
NSW1,2011/4/28 22:00,8633.6,25.21,TRADE
NSW1,2011/4/28 22:30,8783.27,25.78,TRADE
NSW1,2011/4/28 23:00,8622.74,25.24,TRADE
NSW1,2011/4/28 23:30,8531,25.62,TRADE
NSW1,2011/4/29 0:00,8440.03,25.35,TRADE
NSW1,2011/4/29 0:30,8197.32,25.3,TRADE
NSW1,2011/4/29 1:00,7982.97,25.3,TRADE
NSW1,2011/4/29 1:30,7800.98,25.79,TRADE
NSW1,2011/4/29 2:00,7542.59,25.08,TRADE
NSW1,2011/4/29 2:30,7164.31,23.55,TRADE
NSW1,2011/4/29 3:00,6834.61,19.14,TRADE
NSW1,2011/4/29 3:30,6631.41,18.14,TRADE
NSW1,2011/4/29 4:00,6547.34,19.06,TRADE
NSW1,2011/4/29 4:30,6555.05,19.04,TRADE
NSW1,2011/4/29 5:00,6623.84,20.18,TRADE
NSW1,2011/4/29 5:30,6860.34,21.17,TRADE
NSW1,2011/4/29 6:00,7195.05,22.55,TRADE
NSW1,2011/4/29 6:30,7828.4,25.48,TRADE
NSW1,2011/4/29 7:00,8401.69,25.3,TRADE
NSW1,2011/4/29 7:30,8714.47,25.53,TRADE
NSW1,2011/4/29 8:00,9062.94,25.26,TRADE
NSW1,2011/4/29 8:30,9245.41,25.3,TRADE
NSW1,2011/4/29 9:00,9244.08,25.3,TRADE
NSW1,2011/4/29 9:30,9343.45,25.28,TRADE
NSW1,2011/4/29 10:00,9487.31,25.28,TRADE
NSW1,2011/4/29 10:30,9465.41,25.31,TRADE
NSW1,2011/4/29 11:00,9494.42,25.46,TRADE
NSW1,2011/4/29 11:30,9479.77,25.47,TRADE
NSW1,2011/4/29 12:00,9448.72,25.29,TRADE
NSW1,2011/4/29 12:30,9370.5,25.33,TRADE
NSW1,2011/4/29 13:00,9342.2,25.32,TRADE
NSW1,2011/4/29 13:30,9279.55,25.31,TRADE
NSW1,2011/4/29 14:00,9331.53,25.31,TRADE
NSW1,2011/4/29 14:30,9259.49,25.31,TRADE
NSW1,2011/4/29 15:00,9240.45,25.61,TRADE
NSW1,2011/4/29 15:30,9220.18,25.48,TRADE
NSW1,2011/4/29 16:00,9252.75,25.3,TRADE
NSW1,2011/4/29 16:30,9401.02,25.3,TRADE
NSW1,2011/4/29 17:00,9525.67,25.75,TRADE
NSW1,2011/4/29 17:30,9745.22,26.19,TRADE
NSW1,2011/4/29 18:00,10059.1,29.24,TRADE
NSW1,2011/4/29 18:30,9947.44,28.76,TRADE
NSW1,2011/4/29 19:00,9729.68,28.11,TRADE
NSW1,2011/4/29 19:30,9448.4,26.36,TRADE
NSW1,2011/4/29 20:00,9099.85,25.33,TRADE
NSW1,2011/4/29 20:30,8875.4,25.32,TRADE
NSW1,2011/4/29 21:00,8875.64,25.55,TRADE
NSW1,2011/4/29 21:30,8699.03,25.27,TRADE
NSW1,2011/4/29 22:00,8690.15,25.91,TRADE
NSW1,2011/4/29 22:30,8920.69,29.37,TRADE
NSW1,2011/4/29 23:00,8754.7,28.68,TRADE
NSW1,2011/4/29 23:30,8733.63,30.53,TRADE
NSW1,2011/4/30 0:00,8587.58,29.93,TRADE
NSW1,2011/4/30 0:30,8314.34,29.09,TRADE
NSW1,2011/4/30 1:00,8097.56,29.52,TRADE
NSW1,2011/4/30 1:30,7881.03,28.19,TRADE
NSW1,2011/4/30 2:00,7613.53,26.91,TRADE
NSW1,2011/4/30 2:30,7265.94,25.29,TRADE
NSW1,2011/4/30 3:00,6884.16,25.24,TRADE
NSW1,2011/4/30 3:30,6638.55,25.2,TRADE
NSW1,2011/4/30 4:00,6464.02,25.1,TRADE
NSW1,2011/4/30 4:30,6421.67,25.19,TRADE
NSW1,2011/4/30 5:00,6412.23,25.04,TRADE
NSW1,2011/4/30 5:30,6394.72,24.96,TRADE
NSW1,2011/4/30 6:00,6582.09,25.2,TRADE
NSW1,2011/4/30 6:30,6899.25,25.3,TRADE
NSW1,2011/4/30 7:00,7093.06,26.2,TRADE
NSW1,2011/4/30 7:30,7395.69,25.3,TRADE
NSW1,2011/4/30 8:00,7783.28,26,TRADE
NSW1,2011/4/30 8:30,8193.1,27.36,TRADE
NSW1,2011/4/30 9:00,8454.25,26.98,TRADE
NSW1,2011/4/30 9:30,8710.86,27.76,TRADE
NSW1,2011/4/30 10:00,8806.93,27.5,TRADE
NSW1,2011/4/30 10:30,8920.64,28.64,TRADE
NSW1,2011/4/30 11:00,8872.57,27.71,TRADE
NSW1,2011/4/30 11:30,8816.19,27.01,TRADE
NSW1,2011/4/30 12:00,8777.05,25.68,TRADE
NSW1,2011/4/30 12:30,8731.01,25.38,TRADE
NSW1,2011/4/30 13:00,8649.94,25.36,TRADE
NSW1,2011/4/30 13:30,8520.88,25.31,TRADE
NSW1,2011/4/30 14:00,8419.95,25.31,TRADE
NSW1,2011/4/30 14:30,8359.06,25.3,TRADE
NSW1,2011/4/30 15:00,8304.55,25.29,TRADE
NSW1,2011/4/30 15:30,8312.49,25.3,TRADE
NSW1,2011/4/30 16:00,8285.25,26.08,TRADE
NSW1,2011/4/30 16:30,8401.56,26.16,TRADE
NSW1,2011/4/30 17:00,8616.59,28.59,TRADE
NSW1,2011/4/30 17:30,8829.22,27.73,TRADE
NSW1,2011/4/30 18:00,9308.85,37.31,TRADE
NSW1,2011/4/30 18:30,9307.55,31.85,TRADE
NSW1,2011/4/30 19:00,9106.91,28.75,TRADE
NSW1,2011/4/30 19:30,8893.08,28.15,TRADE
NSW1,2011/4/30 20:00,8641.32,25.36,TRADE
NSW1,2011/4/30 20:30,8437.27,25.37,TRADE
NSW1,2011/4/30 21:00,8297.38,25.51,TRADE
NSW1,2011/4/30 21:30,8174.13,26.56,TRADE
NSW1,2011/4/30 22:00,8004.14,25.33,TRADE
NSW1,2011/4/30 22:30,8077.99,27.25,TRADE
NSW1,2011/4/30 23:00,8033.84,27.24,TRADE
NSW1,2011/4/30 23:30,7989.55,29.68,TRADE
NSW1,2011/5/1 0:00,7803.73,28.56,TRADE
?NSW1,2011/5/1 0:30,7537.81,26.61,TRADE
NSW1,2011/5/1 1:00,7334.56,27.07,TRADE
NSW1,2011/5/1 1:30,7165.96,26.29,TRADE
NSW1,2011/5/1 2:00,7000.1,25.89,TRADE
NSW1,2011/5/1 2:30,6708.82,25.21,TRADE
NSW1,2011/5/1 3:00,6485.96,25.22,TRADE
NSW1,2011/5/1 3:30,6378.46,25.16,TRADE
NSW1,2011/5/1 4:00,6363.44,25,TRADE
NSW1,2011/5/1 4:30,6317.48,25.04,TRADE
NSW1,2011/5/1 5:00,6257.99,24.98,TRADE
NSW1,2011/5/1 5:30,6342.63,24.04,TRADE
NSW1,2011/5/1 6:00,6391.77,24.23,TRADE
NSW1,2011/5/1 6:30,6597.22,24.82,TRADE
NSW1,2011/5/1 7:00,6675.07,25.23,TRADE
NSW1,2011/5/1 7:30,6965.33,25.29,TRADE
NSW1,2011/5/1 8:00,7276.15,25.29,TRADE
NSW1,2011/5/1 8:30,7647.07,25.3,TRADE
NSW1,2011/5/1 9:00,7891.91,25.3,TRADE
NSW1,2011/5/1 9:30,8171.01,25.3,TRADE
NSW1,2011/5/1 10:00,8239.27,25.3,TRADE
NSW1,2011/5/1 10:30,8338.7,25.29,TRADE
NSW1,2011/5/1 11:00,8341.47,25.3,TRADE
NSW1,2011/5/1 11:30,8248.47,25.28,TRADE
NSW1,2011/5/1 12:00,8224.65,25.29,TRADE
NSW1,2011/5/1 12:30,8203.12,25.27,TRADE
NSW1,2011/5/1 13:00,8152.18,25.3,TRADE
NSW1,2011/5/1 13:30,8071.68,25.29,TRADE
NSW1,2011/5/1 14:00,8021.96,25.3,TRADE
NSW1,2011/5/1 14:30,7966.62,25.3,TRADE
NSW1,2011/5/1 15:00,7988.02,25.3,TRADE
NSW1,2011/5/1 15:30,7956.64,25.3,TRADE
NSW1,2011/5/1 16:00,8026.66,25.3,TRADE
NSW1,2011/5/1 16:30,8162.76,25.87,TRADE
NSW1,2011/5/1 17:00,8355.23,25.78,TRADE
NSW1,2011/5/1 17:30,8636.23,25.82,TRADE
NSW1,2011/5/1 18:00,9269.44,27.94,TRADE
NSW1,2011/5/1 18:30,9376.74,27.79,TRADE
NSW1,2011/5/1 19:00,9223.21,26.4,TRADE
NSW1,2011/5/1 19:30,8899.07,25.3,TRADE
NSW1,2011/5/1 20:00,8751.4,25.3,TRADE
NSW1,2011/5/1 20:30,8680.88,25.42,TRADE
NSW1,2011/5/1 21:00,8466.32,25.3,TRADE
NSW1,2011/5/1 21:30,8279.46,25.29,TRADE
NSW1,2011/5/1 22:00,8167,25.73,TRADE
NSW1,2011/5/1 22:30,8109.69,26.71,TRADE
NSW1,2011/5/1 23:00,7988.55,26.84,TRADE
NSW1,2011/5/1 23:30,7928.31,30.17,TRADE
NSW1,2011/5/2 0:00,7722.05,27.5,TRADE
NSW1,2011/5/2 0:30,7532.68,26.75,TRADE
NSW1,2011/5/2 1:00,7354.34,26.79,TRADE
NSW1,2011/5/2 1:30,7194.57,26.61,TRADE
NSW1,2011/5/2 2:00,7111.26,25.67,TRADE
NSW1,2011/5/2 2:30,6773.73,25.23,TRADE
NSW1,2011/5/2 3:00,6628.37,25.18,TRADE
NSW1,2011/5/2 3:30,6538.3,25.24,TRADE
NSW1,2011/5/2 4:00,6458.37,25.14,TRADE
NSW1,2011/5/2 4:30,6505.91,25.12,TRADE
NSW1,2011/5/2 5:00,6564.63,25.22,TRADE
NSW1,2011/5/2 5:30,6833.72,25.3,TRADE
NSW1,2011/5/2 6:00,7192.03,25.24,TRADE
NSW1,2011/5/2 6:30,7906.33,27.89,TRADE
NSW1,2011/5/2 7:00,8495.96,28.03,TRADE
NSW1,2011/5/2 7:30,8839.31,27.54,TRADE
NSW1,2011/5/2 8:00,9198.58,27.75,TRADE
NSW1,2011/5/2 8:30,9393.76,28.54,TRADE
NSW1,2011/5/2 9:00,9409.12,28.83,TRADE
NSW1,2011/5/2 9:30,9503.46,29.26,TRADE
NSW1,2011/5/2 10:00,9586.72,29.46,TRADE
NSW1,2011/5/2 10:30,9639.31,29.4,TRADE
NSW1,2011/5/2 11:00,9659.24,29.8,TRADE
NSW1,2011/5/2 11:30,9622.09,27.85,TRADE
NSW1,2011/5/2 12:00,9599.61,27.52,TRADE
NSW1,2011/5/2 12:30,9582.23,27.41,TRADE
NSW1,2011/5/2 13:00,9535.45,27.25,TRADE
NSW1,2011/5/2 13:30,9513.82,27.33,TRADE
NSW1,2011/5/2 14:00,9487.15,27.63,TRADE
NSW1,2011/5/2 14:30,9456.32,27.3,TRADE
NSW1,2011/5/2 15:00,9450.04,27.31,TRADE
NSW1,2011/5/2 15:30,9374.51,27.14,TRADE
NSW1,2011/5/2 16:00,9448.17,27.37,TRADE
NSW1,2011/5/2 16:30,9505.75,27.42,TRADE
NSW1,2011/5/2 17:00,9756.64,27.89,TRADE
NSW1,2011/5/2 17:30,10121.99,30.34,TRADE
NSW1,2011/5/2 18:00,10629.61,51.75,TRADE
NSW1,2011/5/2 18:30,10546.02,32.22,TRADE
NSW1,2011/5/2 19:00,10319.72,28.91,TRADE
NSW1,2011/5/2 19:30,10042.33,27.21,TRADE
NSW1,2011/5/2 20:00,9791.06,27.55,TRADE
NSW1,2011/5/2 20:30,9564.08,27.18,TRADE
NSW1,2011/5/2 21:00,9346.37,27.09,TRADE
NSW1,2011/5/2 21:30,9105.2,26.75,TRADE
NSW1,2011/5/2 22:00,8845.84,26.31,TRADE
NSW1,2011/5/2 22:30,8936.07,27.44,TRADE
NSW1,2011/5/2 23:00,8764.22,26.5,TRADE
NSW1,2011/5/2 23:30,8645.82,27.8,TRADE
NSW1,2011/5/3 0:00,8443.71,27.33,TRADE
NSW1,2011/5/3 0:30,8252.89,26.86,TRADE
NSW1,2011/5/3 1:00,8111.18,27.03,TRADE
NSW1,2011/5/3 1:30,7937.99,27.34,TRADE
NSW1,2011/5/3 2:00,7684.8,25.87,TRADE
NSW1,2011/5/3 2:30,7315.88,26.46,TRADE
NSW1,2011/5/3 3:00,7029.88,25.2,TRADE
NSW1,2011/5/3 3:30,6829.61,25.14,TRADE
NSW1,2011/5/3 4:00,6734.28,25.21,TRADE
NSW1,2011/5/3 4:30,6669.03,25.3,TRADE
NSW1,2011/5/3 5:00,6789.21,25.47,TRADE
NSW1,2011/5/3 5:30,7026.01,25.22,TRADE
NSW1,2011/5/3 6:00,7409.48,26.64,TRADE
NSW1,2011/5/3 6:30,8156.21,30.06,TRADE
NSW1,2011/5/3 7:00,8737.31,28.37,TRADE
NSW1,2011/5/3 7:30,9063.14,27.64,TRADE
NSW1,2011/5/3 8:00,9408.16,28.87,TRADE
NSW1,2011/5/3 8:30,9503.73,28.83,TRADE
NSW1,2011/5/3 9:00,9520.16,28.83,TRADE
NSW1,2011/5/3 9:30,9619.35,30.25,TRADE
NSW1,2011/5/3 10:00,9650.95,29.51,TRADE
NSW1,2011/5/3 10:30,9642.41,30.29,TRADE
NSW1,2011/5/3 11:00,9593.58,29.05,TRADE
NSW1,2011/5/3 11:30,9405.47,29.84,TRADE
NSW1,2011/5/3 12:00,9454.91,30.65,TRADE
NSW1,2011/5/3 12:30,9477.05,30.57,TRADE
NSW1,2011/5/3 13:00,9436.83,30.33,TRADE
NSW1,2011/5/3 13:30,9488.06,33.3,TRADE
NSW1,2011/5/3 14:00,9459.77,31.44,TRADE
NSW1,2011/5/3 14:30,9434.09,29.99,TRADE
NSW1,2011/5/3 15:00,9332.28,28.94,TRADE
NSW1,2011/5/3 15:30,9304.24,28.05,TRADE
NSW1,2011/5/3 16:00,9418.51,28.76,TRADE
NSW1,2011/5/3 16:30,9539.8,28.4,TRADE
NSW1,2011/5/3 17:00,9784.75,30.91,TRADE
NSW1,2011/5/3 17:30,10049.97,31.86,TRADE
NSW1,2011/5/3 18:00,10554.11,45.06,TRADE
NSW1,2011/5/3 18:30,10549.73,52.84,TRADE
NSW1,2011/5/3 19:00,10292.96,33.08,TRADE
NSW1,2011/5/3 19:30,10100.65,29.71,TRADE
NSW1,2011/5/3 20:00,9821.84,27.8,TRADE
NSW1,2011/5/3 20:30,9670.63,27.32,TRADE
NSW1,2011/5/3 21:00,9438.13,27.34,TRADE
NSW1,2011/5/3 21:30,9153.77,26.44,TRADE
NSW1,2011/5/3 22:00,8908.29,27.11,TRADE
NSW1,2011/5/3 22:30,9076.82,31.02,TRADE
NSW1,2011/5/3 23:00,8828.24,27.55,TRADE
NSW1,2011/5/3 23:30,8753.88,28.38,TRADE
NSW1,2011/5/4 0:00,8587.4,27.43,TRADE
NSW1,2011/5/4 0:30,8403.98,28.05,TRADE
NSW1,2011/5/4 1:00,8217.07,26.84,TRADE
NSW1,2011/5/4 1:30,8016.52,28.04,TRADE
NSW1,2011/5/4 2:00,7798.12,26.6,TRADE
NSW1,2011/5/4 2:30,7442.37,25.64,TRADE
NSW1,2011/5/4 3:00,7137.98,25.18,TRADE
NSW1,2011/5/4 3:30,6911.59,25.21,TRADE
NSW1,2011/5/4 4:00,6764.58,25.24,TRADE
NSW1,2011/5/4 4:30,6761.75,25.25,TRADE
NSW1,2011/5/4 5:00,6831.32,25.3,TRADE
NSW1,2011/5/4 5:30,7114.1,25.3,TRADE
NSW1,2011/5/4 6:00,7460.46,26.58,TRADE
NSW1,2011/5/4 6:30,8221.98,29.46,TRADE
NSW1,2011/5/4 7:00,8877.18,29.96,TRADE
NSW1,2011/5/4 7:30,9124.01,27.57,TRADE
NSW1,2011/5/4 8:00,9436.44,29.73,TRADE
NSW1,2011/5/4 8:30,9524.57,29.07,TRADE
NSW1,2011/5/4 9:00,9426.57,27.4,TRADE
NSW1,2011/5/4 9:30,9432.96,27.26,TRADE
NSW1,2011/5/4 10:00,9406.48,27.09,TRADE
NSW1,2011/5/4 10:30,9440.63,27.8,TRADE
NSW1,2011/5/4 11:00,9423.16,27.54,TRADE
NSW1,2011/5/4 11:30,9339.27,29.35,TRADE
NSW1,2011/5/4 12:00,9308.39,29.73,TRADE
NSW1,2011/5/4 12:30,9289.24,29.27,TRADE
NSW1,2011/5/4 13:00,9251.83,27.31,TRADE
NSW1,2011/5/4 13:30,9208.07,27.35,TRADE
NSW1,2011/5/4 14:00,9153.87,27.64,TRADE
NSW1,2011/5/4 14:30,9169.97,27.83,TRADE
NSW1,2011/5/4 15:00,9174.54,27.34,TRADE
NSW1,2011/5/4 15:30,9183.58,27.39,TRADE
NSW1,2011/5/4 16:00,9253.78,27.46,TRADE
NSW1,2011/5/4 16:30,9256.15,27.31,TRADE
NSW1,2011/5/4 17:00,9445.14,27.54,TRADE
NSW1,2011/5/4 17:30,9754.55,31.97,TRADE
NSW1,2011/5/4 18:00,10283.41,58.18,TRADE
NSW1,2011/5/4 18:30,10292.29,41.93,TRADE
NSW1,2011/5/4 19:00,10150.07,34.8,TRADE
NSW1,2011/5/4 19:30,9926.17,31.35,TRADE
NSW1,2011/5/4 20:00,9708.09,28.09,TRADE
NSW1,2011/5/4 20:30,9508.77,27.78,TRADE
NSW1,2011/5/4 21:00,9295.17,27.62,TRADE
NSW1,2011/5/4 21:30,9085.8,27.42,TRADE
NSW1,2011/5/4 22:00,8857.87,27.37,TRADE
NSW1,2011/5/4 22:30,8911.77,31.49,TRADE
NSW1,2011/5/4 23:00,8709.39,29.15,TRADE
NSW1,2011/5/4 23:30,8622.05,29.68,TRADE
NSW1,2011/5/5 0:00,8512.1,29.72,TRADE
NSW1,2011/5/5 0:30,8331.68,29.9,TRADE
NSW1,2011/5/5 1:00,8146.03,27.47,TRADE
NSW1,2011/5/5 1:30,7955.81,31.11,TRADE
NSW1,2011/5/5 2:00,7735.64,29.42,TRADE
NSW1,2011/5/5 2:30,7368.79,26.46,TRADE
NSW1,2011/5/5 3:00,7066.1,25.22,TRADE
NSW1,2011/5/5 3:30,6885.75,25.2,TRADE
NSW1,2011/5/5 4:00,6794.4,25.19,TRADE
NSW1,2011/5/5 4:30,6790.57,25.21,TRADE
NSW1,2011/5/5 5:00,6885.67,25.24,TRADE
NSW1,2011/5/5 5:30,7146.35,25.29,TRADE
NSW1,2011/5/5 6:00,7525.03,25.88,TRADE
NSW1,2011/5/5 6:30,8234.82,31.48,TRADE
NSW1,2011/5/5 7:00,8889.66,29.25,TRADE
NSW1,2011/5/5 7:30,9171.06,27.17,TRADE
NSW1,2011/5/5 8:00,9475.62,28.31,TRADE
NSW1,2011/5/5 8:30,9550.36,29.08,TRADE
NSW1,2011/5/5 9:00,9444.62,28.14,TRADE
NSW1,2011/5/5 9:30,9446.89,28.59,TRADE
NSW1,2011/5/5 10:00,9453.11,27.66,TRADE
NSW1,2011/5/5 10:30,9482.14,27.39,TRADE
NSW1,2011/5/5 11:00,9458.94,27.38,TRADE
NSW1,2011/5/5 11:30,9392.81,27.37,TRADE
NSW1,2011/5/5 12:00,9263.38,27.37,TRADE
NSW1,2011/5/5 12:30,9213.65,27.42,TRADE
NSW1,2011/5/5 13:00,9184.33,27.42,TRADE
NSW1,2011/5/5 13:30,9178.39,28.99,TRADE
NSW1,2011/5/5 14:00,9168.99,29.5,TRADE
NSW1,2011/5/5 14:30,9132.81,29.5,TRADE
NSW1,2011/5/5 15:00,9098.59,28.61,TRADE
NSW1,2011/5/5 15:30,9094.74,29.53,TRADE
NSW1,2011/5/5 16:00,9169.09,29.76,TRADE
NSW1,2011/5/5 16:30,9246.13,28.75,TRADE
NSW1,2011/5/5 17:00,9403.17,30.16,TRADE
NSW1,2011/5/5 17:30,9784.86,38.43,TRADE
NSW1,2011/5/5 18:00,10398.1,81.06,TRADE
NSW1,2011/5/5 18:30,10434.5,93.14,TRADE
NSW1,2011/5/5 19:00,10303.7,51.53,TRADE
NSW1,2011/5/5 19:30,10116.32,34.89,TRADE
NSW1,2011/5/5 20:00,9902.58,32.12,TRADE
NSW1,2011/5/5 20:30,9730.77,30.35,TRADE
NSW1,2011/5/5 21:00,9633.3,28.51,TRADE
NSW1,2011/5/5 21:30,9353,27.33,TRADE
NSW1,2011/5/5 22:00,9062.06,27.44,TRADE
NSW1,2011/5/5 22:30,9099.51,34.47,TRADE
NSW1,2011/5/5 23:00,8889.21,31.51,TRADE
NSW1,2011/5/5 23:30,8784.72,32.43,TRADE
NSW1,2011/5/6 0:00,8663,30.64,TRADE
NSW1,2011/5/6 0:30,8466.3,28.93,TRADE
NSW1,2011/5/6 1:00,8243.19,27.2,TRADE
NSW1,2011/5/6 1:30,8003.27,27.72,TRADE
NSW1,2011/5/6 2:00,7772.03,26.72,TRADE
NSW1,2011/5/6 2:30,7390.78,25.17,TRADE
NSW1,2011/5/6 3:00,7103.83,25.19,TRADE
NSW1,2011/5/6 3:30,6897.07,25.07,TRADE
NSW1,2011/5/6 4:00,6827.81,24.92,TRADE
NSW1,2011/5/6 4:30,6809.2,24.95,TRADE
NSW1,2011/5/6 5:00,6896.42,25.16,TRADE
NSW1,2011/5/6 5:30,7141.91,25.3,TRADE
NSW1,2011/5/6 6:00,7555.73,26,TRADE
NSW1,2011/5/6 6:30,8351.13,28.77,TRADE
NSW1,2011/5/6 7:00,8973.7,30,TRADE
NSW1,2011/5/6 7:30,9360.05,28.43,TRADE
NSW1,2011/5/6 8:00,9743.15,32.99,TRADE
NSW1,2011/5/6 8:30,9793.23,29.66,TRADE
NSW1,2011/5/6 9:00,9476.02,28.11,TRADE
NSW1,2011/5/6 9:30,9376.26,29.25,TRADE
NSW1,2011/5/6 10:00,9662.38,31.94,TRADE
NSW1,2011/5/6 10:30,9646.52,34.47,TRADE
NSW1,2011/5/6 11:00,9634.65,33.46,TRADE
NSW1,2011/5/6 11:30,9508.66,30.69,TRADE
NSW1,2011/5/6 12:00,9402.62,29.56,TRADE
NSW1,2011/5/6 12:30,9263.56,28.73,TRADE
NSW1,2011/5/6 13:00,9182.86,27.25,TRADE
NSW1,2011/5/6 13:30,9192.82,28.92,TRADE
NSW1,2011/5/6 14:00,9187.01,28.25,TRADE
NSW1,2011/5/6 14:30,9116.78,27.51,TRADE
NSW1,2011/5/6 15:00,9133.98,27.62,TRADE
NSW1,2011/5/6 15:30,9097.34,27.24,TRADE
NSW1,2011/5/6 16:00,9162.57,28.22,TRADE
NSW1,2011/5/6 16:30,9185.07,28.05,TRADE
NSW1,2011/5/6 17:00,9331.19,29.82,TRADE
NSW1,2011/5/6 17:30,9766.89,35.65,TRADE
NSW1,2011/5/6 18:00,10288.19,41.96,TRADE
NSW1,2011/5/6 18:30,10244.92,50.81,TRADE
NSW1,2011/5/6 19:00,10048.1,29.12,TRADE
NSW1,2011/5/6 19:30,9846.16,32.27,TRADE
NSW1,2011/5/6 20:00,9661.13,32.83,TRADE
NSW1,2011/5/6 20:30,9548.87,34.47,TRADE
NSW1,2011/5/6 21:00,9400.49,33.16,TRADE
NSW1,2011/5/6 21:30,9255.75,31.85,TRADE
NSW1,2011/5/6 22:00,9041.78,31.65,TRADE
NSW1,2011/5/6 22:30,9149.63,37.06,TRADE
NSW1,2011/5/6 23:00,9023.07,33.74,TRADE
NSW1,2011/5/6 23:30,8970.03,34.96,TRADE
NSW1,2011/5/7 0:00,8821.23,34.61,TRADE
NSW1,2011/5/7 0:30,8604.2,32.56,TRADE
NSW1,2011/5/7 1:00,8403.63,30.21,TRADE
NSW1,2011/5/7 1:30,8207.5,31.85,TRADE
NSW1,2011/5/7 2:00,7875.91,27.95,TRADE
NSW1,2011/5/7 2:30,7505.55,26.32,TRADE
NSW1,2011/5/7 3:00,7254.58,25.61,TRADE
NSW1,2011/5/7 3:30,6980.15,25.27,TRADE
NSW1,2011/5/7 4:00,6865.25,25.24,TRADE
NSW1,2011/5/7 4:30,6814.93,25.3,TRADE
NSW1,2011/5/7 5:00,6831.02,25.29,TRADE
NSW1,2011/5/7 5:30,6892.25,25.25,TRADE
NSW1,2011/5/7 6:00,7105.4,25.3,TRADE
NSW1,2011/5/7 6:30,7359.98,25.68,TRADE
NSW1,2011/5/7 7:00,7691.89,25.34,TRADE
NSW1,2011/5/7 7:30,8054.31,26.17,TRADE
NSW1,2011/5/7 8:00,8513.46,25.94,TRADE
NSW1,2011/5/7 8:30,8863.91,26.49,TRADE
NSW1,2011/5/7 9:00,9088.77,28.92,TRADE
NSW1,2011/5/7 9:30,9200.39,31.12,TRADE
NSW1,2011/5/7 10:00,9111.32,29.41,TRADE
NSW1,2011/5/7 10:30,8965.48,26.8,TRADE
NSW1,2011/5/7 11:00,8796.75,25.95,TRADE
NSW1,2011/5/7 11:30,8600.21,25.47,TRADE
NSW1,2011/5/7 12:00,8499.78,25.46,TRADE
NSW1,2011/5/7 12:30,8374.86,25.31,TRADE
NSW1,2011/5/7 13:00,8284.38,25.32,TRADE
NSW1,2011/5/7 13:30,8184.11,25.29,TRADE
NSW1,2011/5/7 14:00,8139.59,25.31,TRADE
NSW1,2011/5/7 14:30,7949.26,25.31,TRADE
NSW1,2011/5/7 15:00,7954.28,25.31,TRADE
NSW1,2011/5/7 15:30,8050.95,25.31,TRADE
NSW1,2011/5/7 16:00,8142.81,25.34,TRADE
NSW1,2011/5/7 16:30,8253.56,25.79,TRADE
NSW1,2011/5/7 17:00,8572.76,25.72,TRADE
NSW1,2011/5/7 17:30,8997.31,29.25,TRADE
NSW1,2011/5/7 18:00,9554.89,41.42,TRADE
NSW1,2011/5/7 18:30,9630.95,33.96,TRADE
NSW1,2011/5/7 19:00,9443.86,28.98,TRADE
NSW1,2011/5/7 19:30,9199.19,28.16,TRADE
NSW1,2011/5/7 20:00,8984.1,26.82,TRADE
NSW1,2011/5/7 20:30,8826.37,26.39,TRADE
NSW1,2011/5/7 21:00,8663.53,26.39,TRADE
NSW1,2011/5/7 21:30,8527.87,28.45,TRADE
NSW1,2011/5/7 22:00,8398.96,28.05,TRADE
NSW1,2011/5/7 22:30,8430.89,30.1,TRADE
NSW1,2011/5/7 23:00,8352.79,28.55,TRADE
NSW1,2011/5/7 23:30,8286.55,32.95,TRADE
NSW1,2011/5/8 0:00,8065.17,30.14,TRADE
NSW1,2011/5/8 0:30,7833.96,29.03,TRADE
NSW1,2011/5/8 1:00,7601.78,27.07,TRADE
NSW1,2011/5/8 1:30,7450.49,25.93,TRADE
NSW1,2011/5/8 2:00,7264.66,25.22,TRADE
NSW1,2011/5/8 2:30,6917.59,25.29,TRADE
NSW1,2011/5/8 3:00,6733.18,25.3,TRADE
NSW1,2011/5/8 3:30,6565.04,25.21,TRADE
NSW1,2011/5/8 4:00,6463.64,25.2,TRADE
NSW1,2011/5/8 4:30,6453.41,25.19,TRADE
NSW1,2011/5/8 5:00,6453.04,25.17,TRADE
NSW1,2011/5/8 5:30,6541.97,25.12,TRADE
NSW1,2011/5/8 6:00,6647.31,25.27,TRADE
NSW1,2011/5/8 6:30,6867.76,25.27,TRADE
NSW1,2011/5/8 7:00,7040.29,25.31,TRADE
NSW1,2011/5/8 7:30,7399.5,25.34,TRADE
NSW1,2011/5/8 8:00,7776.27,25.45,TRADE
NSW1,2011/5/8 8:30,8211.79,25.44,TRADE
NSW1,2011/5/8 9:00,8526.97,25.42,TRADE
NSW1,2011/5/8 9:30,8632.34,25.45,TRADE
NSW1,2011/5/8 10:00,8691.18,25.43,TRADE
NSW1,2011/5/8 10:30,8674,25.33,TRADE
NSW1,2011/5/8 11:00,8545.81,25.31,TRADE
NSW1,2011/5/8 11:30,8349.5,25.31,TRADE
NSW1,2011/5/8 12:00,8191.31,25.31,TRADE
NSW1,2011/5/8 12:30,8059.43,25.31,TRADE
NSW1,2011/5/8 13:00,7916.9,25.29,TRADE
NSW1,2011/5/8 13:30,7803.25,25.25,TRADE
NSW1,2011/5/8 14:00,7749.66,25.08,TRADE
NSW1,2011/5/8 14:30,7696.81,25.18,TRADE
NSW1,2011/5/8 15:00,7670.51,25.2,TRADE
NSW1,2011/5/8 15:30,7762.13,25.24,TRADE
NSW1,2011/5/8 16:00,7796.96,25.26,TRADE
NSW1,2011/5/8 16:30,8017.9,25.31,TRADE
NSW1,2011/5/8 17:00,8283.34,25.32,TRADE
NSW1,2011/5/8 17:30,8727,25.93,TRADE
NSW1,2011/5/8 18:00,9384.84,29.55,TRADE
NSW1,2011/5/8 18:30,9529.96,29.57,TRADE
NSW1,2011/5/8 19:00,9421.98,28.45,TRADE
NSW1,2011/5/8 19:30,9294.15,26.74,TRADE
NSW1,2011/5/8 20:00,9167.9,25.6,TRADE
NSW1,2011/5/8 20:30,9119.86,25.48,TRADE
NSW1,2011/5/8 21:00,8985.11,25.24,TRADE
NSW1,2011/5/8 21:30,8826.27,25.36,TRADE
NSW1,2011/5/8 22:00,8623.68,25.32,TRADE
NSW1,2011/5/8 22:30,8484.92,25.31,TRADE
NSW1,2011/5/8 23:00,8280.19,25.11,TRADE
NSW1,2011/5/8 23:30,8210.96,26.43,TRADE
NSW1,2011/5/9 0:00,7996.23,25.62,TRADE
NSW1,2011/5/9 0:30,7776.99,25.31,TRADE
NSW1,2011/5/9 1:00,7595.67,25.22,TRADE
NSW1,2011/5/9 1:30,7444.64,25.3,TRADE
NSW1,2011/5/9 2:00,7294.45,25.29,TRADE
NSW1,2011/5/9 2:30,7010.09,25.21,TRADE
NSW1,2011/5/9 3:00,6814.47,21.69,TRADE
NSW1,2011/5/9 3:30,6748.67,20.03,TRADE
NSW1,2011/5/9 4:00,6623.71,19.61,TRADE
NSW1,2011/5/9 4:30,6626.58,20.4,TRADE
NSW1,2011/5/9 5:00,6729.29,22.58,TRADE
NSW1,2011/5/9 5:30,7053.68,25.27,TRADE
NSW1,2011/5/9 6:00,7456.64,25.34,TRADE
NSW1,2011/5/9 6:30,8320.93,30.07,TRADE
NSW1,2011/5/9 7:00,9013.87,32.11,TRADE
NSW1,2011/5/9 7:30,9439.31,27.48,TRADE
NSW1,2011/5/9 8:00,9868.89,31.23,TRADE
NSW1,2011/5/9 8:30,10003.17,30.23,TRADE
NSW1,2011/5/9 9:00,9888.19,28.49,TRADE
NSW1,2011/5/9 9:30,9887.95,29.33,TRADE
NSW1,2011/5/9 10:00,9843.08,30.04,TRADE
NSW1,2011/5/9 10:30,9839.36,30.25,TRADE
NSW1,2011/5/9 11:00,9790.13,28.17,TRADE
NSW1,2011/5/9 11:30,9652.48,26.77,TRADE
NSW1,2011/5/9 12:00,9677.52,26.84,TRADE
NSW1,2011/5/9 12:30,9667.54,27.21,TRADE
NSW1,2011/5/9 13:00,9678.45,26.73,TRADE
NSW1,2011/5/9 13:30,9613.53,26.41,TRADE
NSW1,2011/5/9 14:00,9587.03,25.83,TRADE
NSW1,2011/5/9 14:30,9584.3,26.43,TRADE
NSW1,2011/5/9 15:00,9522.56,26.64,TRADE
NSW1,2011/5/9 15:30,9544.92,26.17,TRADE
NSW1,2011/5/9 16:00,9641.87,26.63,TRADE
NSW1,2011/5/9 16:30,9805.41,29.9,TRADE
NSW1,2011/5/9 17:00,10062.17,32.03,TRADE
NSW1,2011/5/9 17:30,10575.44,45.36,TRADE
NSW1,2011/5/9 18:00,11109.98,85.84,TRADE
NSW1,2011/5/9 18:30,11129.35,79.24,TRADE
NSW1,2011/5/9 19:00,11038.21,55.71,TRADE
NSW1,2011/5/9 19:30,10770.05,32.73,TRADE
NSW1,2011/5/9 20:00,10529.66,34.39,TRADE
NSW1,2011/5/9 20:30,10340.39,32.02,TRADE
NSW1,2011/5/9 21:00,10116.86,29.99,TRADE
NSW1,2011/5/9 21:30,9780.91,28.32,TRADE
NSW1,2011/5/9 22:00,9394.42,27.05,TRADE
NSW1,2011/5/9 22:30,9392.31,32.67,TRADE
NSW1,2011/5/9 23:00,9097.06,28.1,TRADE
NSW1,2011/5/9 23:30,8988.36,30.06,TRADE
NSW1,2011/5/10 0:00,8864.07,29.51,TRADE
NSW1,2011/5/10 0:30,8628.67,27.58,TRADE
NSW1,2011/5/10 1:00,8452.48,25.43,TRADE
NSW1,2011/5/10 1:30,8231.67,27.74,TRADE
NSW1,2011/5/10 2:00,7978.03,25.31,TRADE
NSW1,2011/5/10 2:30,7594.55,25.31,TRADE
NSW1,2011/5/10 3:00,7346.83,25.23,TRADE
NSW1,2011/5/10 3:30,7063.92,24.74,TRADE
NSW1,2011/5/10 4:00,6939.02,24.09,TRADE
NSW1,2011/5/10 4:30,6890.48,24.42,TRADE
NSW1,2011/5/10 5:00,7057.4,25.22,TRADE
NSW1,2011/5/10 5:30,7346.22,25.3,TRADE
NSW1,2011/5/10 6:00,7803.23,25.79,TRADE
NSW1,2011/5/10 6:30,8608.45,29.92,TRADE
NSW1,2011/5/10 7:00,9329.64,26.56,TRADE
NSW1,2011/5/10 7:30,9799.81,26.01,TRADE
NSW1,2011/5/10 8:00,10112.33,25.74,TRADE
NSW1,2011/5/10 8:30,10187.85,25.4,TRADE
NSW1,2011/5/10 9:00,10046.81,25.33,TRADE
NSW1,2011/5/10 9:30,10047.01,24.68,TRADE
NSW1,2011/5/10 10:00,9939.26,25.33,TRADE
NSW1,2011/5/10 10:30,9856.88,25.3,TRADE
NSW1,2011/5/10 11:00,9790.15,25.29,TRADE
NSW1,2011/5/10 11:30,9574.34,25.37,TRADE
NSW1,2011/5/10 12:00,9524.44,25.3,TRADE
NSW1,2011/5/10 12:30,9443.8,25.3,TRADE
NSW1,2011/5/10 13:00,9398.57,25.05,TRADE
NSW1,2011/5/10 13:30,9333.13,25.27,TRADE
NSW1,2011/5/10 14:00,9298.16,26.88,TRADE
NSW1,2011/5/10 14:30,9266.16,25.43,TRADE
NSW1,2011/5/10 15:00,9308.26,25.44,TRADE
NSW1,2011/5/10 15:30,9259.62,25.39,TRADE
NSW1,2011/5/10 16:00,9339.68,25.44,TRADE
NSW1,2011/5/10 16:30,9467.74,25.7,TRADE
NSW1,2011/5/10 17:00,9692.21,26.38,TRADE
NSW1,2011/5/10 17:30,10297.16,29.87,TRADE
NSW1,2011/5/10 18:00,10967.41,38.18,TRADE
NSW1,2011/5/10 18:30,11084.76,32.92,TRADE
NSW1,2011/5/10 19:00,10966.53,31.33,TRADE
NSW1,2011/5/10 19:30,10776.96,27.75,TRADE
NSW1,2011/5/10 20:00,10599.29,30.94,TRADE
NSW1,2011/5/10 20:30,10389.47,27.46,TRADE
NSW1,2011/5/10 21:00,10195.43,26.85,TRADE
NSW1,2011/5/10 21:30,9913.03,25.63,TRADE
NSW1,2011/5/10 22:00,9504.65,25.3,TRADE
NSW1,2011/5/10 22:30,9526.31,29.39,TRADE
NSW1,2011/5/10 23:00,9153.42,25.3,TRADE
NSW1,2011/5/10 23:30,9018.7,26.83,TRADE
NSW1,2011/5/11 0:00,8887.8,25.51,TRADE
NSW1,2011/5/11 0:30,8651.07,25.42,TRADE
NSW1,2011/5/11 1:00,8438.02,25.34,TRADE
NSW1,2011/5/11 1:30,8215.78,26.99,TRADE
NSW1,2011/5/11 2:00,7989.96,25.24,TRADE
NSW1,2011/5/11 2:30,7608.62,24.61,TRADE
NSW1,2011/5/11 3:00,7295.52,22.03,TRADE
NSW1,2011/5/11 3:30,7046.15,19.7,TRADE
NSW1,2011/5/11 4:00,6893.19,19.36,TRADE
NSW1,2011/5/11 4:30,6856.93,18.58,TRADE
NSW1,2011/5/11 5:00,6954.52,20.17,TRADE
NSW1,2011/5/11 5:30,7313.08,24.35,TRADE
NSW1,2011/5/11 6:00,7820.81,25.49,TRADE
NSW1,2011/5/11 6:30,8707.14,33.4,TRADE
NSW1,2011/5/11 7:00,9536.23,32.54,TRADE
NSW1,2011/5/11 7:30,9930.18,26.64,TRADE
NSW1,2011/5/11 8:00,10345.11,29.58,TRADE
NSW1,2011/5/11 8:30,10430.58,29.59,TRADE
NSW1,2011/5/11 9:00,10363.22,25.63,TRADE
NSW1,2011/5/11 9:30,10333.36,26.61,TRADE
NSW1,2011/5/11 10:00,10303.47,26.43,TRADE
NSW1,2011/5/11 10:30,10319.37,26.44,TRADE
NSW1,2011/5/11 11:00,10260.66,25.96,TRADE
NSW1,2011/5/11 11:30,10088.1,25.48,TRADE
NSW1,2011/5/11 12:00,10032.37,26,TRADE
NSW1,2011/5/11 12:30,9940.37,25.49,TRADE
NSW1,2011/5/11 13:00,9829.76,25.45,TRADE
NSW1,2011/5/11 13:30,9819.47,25.9,TRADE
NSW1,2011/5/11 14:00,9842.59,26.43,TRADE
NSW1,2011/5/11 14:30,9808.06,26.9,TRADE
NSW1,2011/5/11 15:00,9795.11,26.46,TRADE
NSW1,2011/5/11 15:30,9828.76,26.42,TRADE
NSW1,2011/5/11 16:00,10036.08,26.9,TRADE
NSW1,2011/5/11 16:30,10089.79,26.9,TRADE
NSW1,2011/5/11 17:00,10440.66,27.44,TRADE
NSW1,2011/5/11 17:30,11187.76,36.29,TRADE
NSW1,2011/5/11 18:00,11882.62,63.53,TRADE
NSW1,2011/5/11 18:30,11928.67,42.51,TRADE
NSW1,2011/5/11 19:00,11840.93,35.25,TRADE
NSW1,2011/5/11 19:30,11587.54,33.01,TRADE
NSW1,2011/5/11 20:00,11377.53,31.73,TRADE
NSW1,2011/5/11 20:30,11169.04,31.72,TRADE
NSW1,2011/5/11 21:00,10924.42,28.96,TRADE
NSW1,2011/5/11 21:30,10593.65,27.26,TRADE
NSW1,2011/5/11 22:00,10149.07,26.43,TRADE
NSW1,2011/5/11 22:30,10048.98,34.23,TRADE
NSW1,2011/5/11 23:00,9656.48,28.22,TRADE
NSW1,2011/5/11 23:30,9420.44,31.37,TRADE
NSW1,2011/5/12 0:00,9212.61,30.3,TRADE
NSW1,2011/5/12 0:30,8912.55,29.8,TRADE
NSW1,2011/5/12 1:00,8679.17,26.13,TRADE
NSW1,2011/5/12 1:30,8524.94,32.1,TRADE
NSW1,2011/5/12 2:00,8304.33,26.84,TRADE
NSW1,2011/5/12 2:30,7890.56,24.62,TRADE
NSW1,2011/5/12 3:00,7559.31,25.2,TRADE
NSW1,2011/5/12 3:30,7360.89,23.18,TRADE
NSW1,2011/5/12 4:00,7189.18,19.68,TRADE
NSW1,2011/5/12 4:30,7161.11,19.91,TRADE
NSW1,2011/5/12 5:00,7281.44,24.47,TRADE
NSW1,2011/5/12 5:30,7666.68,25.29,TRADE
NSW1,2011/5/12 6:00,8156.95,25.4,TRADE
NSW1,2011/5/12 6:30,9110.68,26.86,TRADE
NSW1,2011/5/12 7:00,9981.68,28.05,TRADE
NSW1,2011/5/12 7:30,10497.2,29.38,TRADE
NSW1,2011/5/12 8:00,10872.72,28.82,TRADE
NSW1,2011/5/12 8:30,10860.31,28.94,TRADE
NSW1,2011/5/12 9:00,10639.52,28.27,TRADE
NSW1,2011/5/12 9:30,10529.12,26.19,TRADE
NSW1,2011/5/12 10:00,10458.56,26.85,TRADE
NSW1,2011/5/12 10:30,10323.78,25.76,TRADE
NSW1,2011/5/12 11:00,10218.2,25.43,TRADE
NSW1,2011/5/12 11:30,10017.74,25.47,TRADE
NSW1,2011/5/12 12:00,9866.61,25.39,TRADE
NSW1,2011/5/12 12:30,9796.27,25.46,TRADE
NSW1,2011/5/12 13:00,9658.8,25.33,TRADE
NSW1,2011/5/12 13:30,9570.81,25.31,TRADE
NSW1,2011/5/12 14:00,9536.04,25.38,TRADE
NSW1,2011/5/12 14:30,9546.05,25.34,TRADE
NSW1,2011/5/12 15:00,9473.53,25.4,TRADE
NSW1,2011/5/12 15:30,9494.18,25.42,TRADE
NSW1,2011/5/12 16:00,9594.42,25.7,TRADE
NSW1,2011/5/12 16:30,9703.4,25.42,TRADE
NSW1,2011/5/12 17:00,10057.7,25.9,TRADE
NSW1,2011/5/12 17:30,10884.13,27.26,TRADE
NSW1,2011/5/12 18:00,11649.93,31.86,TRADE
NSW1,2011/5/12 18:30,11711.74,34.7,TRADE
NSW1,2011/5/12 19:00,11702,31.98,TRADE
NSW1,2011/5/12 19:30,11485.12,31.23,TRADE
NSW1,2011/5/12 20:00,11335.15,30.18,TRADE
NSW1,2011/5/12 20:30,11233.16,32.55,TRADE
NSW1,2011/5/12 21:00,10977.54,30.59,TRADE
NSW1,2011/5/12 21:30,10607.37,28.68,TRADE
NSW1,2011/5/12 22:00,10210.88,26.66,TRADE
NSW1,2011/5/12 22:30,10170.24,33.63,TRADE
NSW1,2011/5/12 23:00,9810.65,30.47,TRADE
NSW1,2011/5/12 23:30,9558.61,31.41,TRADE
NSW1,2011/5/13 0:00,9295.36,29.94,TRADE
NSW1,2011/5/13 0:30,9038.31,30.1,TRADE
NSW1,2011/5/13 1:00,8816.02,25.42,TRADE
NSW1,2011/5/13 1:30,8582.81,29.93,TRADE
NSW1,2011/5/13 2:00,8348.54,27.1,TRADE
NSW1,2011/5/13 2:30,7938.48,24.89,TRADE
NSW1,2011/5/13 3:00,7589.22,24.73,TRADE
NSW1,2011/5/13 3:30,7399.94,24.78,TRADE
NSW1,2011/5/13 4:00,7256.81,23.96,TRADE
NSW1,2011/5/13 4:30,7204.68,24.12,TRADE
NSW1,2011/5/13 5:00,7279.53,25,TRADE
NSW1,2011/5/13 5:30,7625.64,25.27,TRADE
NSW1,2011/5/13 6:00,8032.94,25.47,TRADE
NSW1,2011/5/13 6:30,8904.44,29.59,TRADE
NSW1,2011/5/13 7:00,9711.47,32.67,TRADE
NSW1,2011/5/13 7:30,10185.8,29.29,TRADE
NSW1,2011/5/13 8:00,10514.34,31.36,TRADE
NSW1,2011/5/13 8:30,10475.92,29.91,TRADE
NSW1,2011/5/13 9:00,10295.53,27.15,TRADE
NSW1,2011/5/13 9:30,10287.83,27.08,TRADE
NSW1,2011/5/13 10:00,10154.07,27.18,TRADE
NSW1,2011/5/13 10:30,10002.62,25.91,TRADE
NSW1,2011/5/13 11:00,9898.01,26.03,TRADE
NSW1,2011/5/13 11:30,9787.96,26.48,TRADE
NSW1,2011/5/13 12:00,9662.06,25.48,TRADE
NSW1,2011/5/13 12:30,9567.66,25.67,TRADE
NSW1,2011/5/13 13:00,9525.16,25.49,TRADE
NSW1,2011/5/13 13:30,9430.85,25.47,TRADE
NSW1,2011/5/13 14:00,9388.99,25.49,TRADE
NSW1,2011/5/13 14:30,9382.45,25.45,TRADE
NSW1,2011/5/13 15:00,9332.63,25.29,TRADE
NSW1,2011/5/13 15:30,9339.35,25.35,TRADE
NSW1,2011/5/13 16:00,9317.7,25.92,TRADE
NSW1,2011/5/13 16:30,9522.61,25.49,TRADE
NSW1,2011/5/13 17:00,9761.87,26.43,TRADE
NSW1,2011/5/13 17:30,10285.69,26.96,TRADE
NSW1,2011/5/13 18:00,10846.39,33.95,TRADE
NSW1,2011/5/13 18:30,10746.75,31.89,TRADE
NSW1,2011/5/13 19:00,10674.56,30.09,TRADE
NSW1,2011/5/13 19:30,10425.5,26.98,TRADE
NSW1,2011/5/13 20:00,10179.59,26.32,TRADE
NSW1,2011/5/13 20:30,10048.68,28.91,TRADE
NSW1,2011/5/13 21:00,9922.5,27.57,TRADE
NSW1,2011/5/13 21:30,9599.09,26.2,TRADE
NSW1,2011/5/13 22:00,9481.59,26.91,TRADE
NSW1,2011/5/13 22:30,9565.27,33.8,TRADE
NSW1,2011/5/13 23:00,9338.53,31.26,TRADE
NSW1,2011/5/13 23:30,9243.61,32.87,TRADE
NSW1,2011/5/14 0:00,9091.72,31.43,TRADE
NSW1,2011/5/14 0:30,8834.64,30.86,TRADE
NSW1,2011/5/14 1:00,8614.48,26.07,TRADE
NSW1,2011/5/14 1:30,8418.67,32.89,TRADE
NSW1,2011/5/14 2:00,8089.53,29.01,TRADE
NSW1,2011/5/14 2:30,7713.28,25.32,TRADE
NSW1,2011/5/14 3:00,7416.25,25.28,TRADE
NSW1,2011/5/14 3:30,7175.88,25.25,TRADE
NSW1,2011/5/14 4:00,7060.35,25.24,TRADE
NSW1,2011/5/14 4:30,6953.39,25.15,TRADE
NSW1,2011/5/14 5:00,6976.28,25.23,TRADE
NSW1,2011/5/14 5:30,7098.15,25.28,TRADE
NSW1,2011/5/14 6:00,7209.59,25.29,TRADE
NSW1,2011/5/14 6:30,7562.55,27.17,TRADE
NSW1,2011/5/14 7:00,7882.87,25.39,TRADE
NSW1,2011/5/14 7:30,8314.3,25.36,TRADE
NSW1,2011/5/14 8:00,8847.87,27.89,TRADE
NSW1,2011/5/14 8:30,9181.8,27.08,TRADE
NSW1,2011/5/14 9:00,9383.48,25.99,TRADE
NSW1,2011/5/14 9:30,9503.17,26.88,TRADE
NSW1,2011/5/14 10:00,9319.66,25.8,TRADE
NSW1,2011/5/14 10:30,9315.4,25.93,TRADE
NSW1,2011/5/14 11:00,9237.81,25.46,TRADE
NSW1,2011/5/14 11:30,9052,25.48,TRADE
NSW1,2011/5/14 12:00,8964.67,25.66,TRADE
NSW1,2011/5/14 12:30,8861.15,25.47,TRADE
NSW1,2011/5/14 13:00,8787.68,25.44,TRADE
NSW1,2011/5/14 13:30,8667.61,25.43,TRADE
NSW1,2011/5/14 14:00,8607.91,25.46,TRADE
NSW1,2011/5/14 14:30,8504.84,25.16,TRADE
NSW1,2011/5/14 15:00,8571.22,25.33,TRADE
NSW1,2011/5/14 15:30,8630.74,25.47,TRADE
NSW1,2011/5/14 16:00,8752.26,25.53,TRADE
NSW1,2011/5/14 16:30,8986.82,25.7,TRADE
NSW1,2011/5/14 17:00,9413.86,25.7,TRADE
NSW1,2011/5/14 17:30,9937.73,30.39,TRADE
NSW1,2011/5/14 18:00,10644.12,61.08,TRADE
NSW1,2011/5/14 18:30,10659.54,41.28,TRADE
NSW1,2011/5/14 19:00,10501.24,34.29,TRADE
NSW1,2011/5/14 19:30,10230.55,31.71,TRADE
NSW1,2011/5/14 20:00,10049.31,26.6,TRADE
NSW1,2011/5/14 20:30,9976.58,31.86,TRADE
NSW1,2011/5/14 21:00,9820.33,32.21,TRADE
NSW1,2011/5/14 21:30,9642.05,31.69,TRADE
NSW1,2011/5/14 22:00,9433.5,32.87,TRADE
NSW1,2011/5/14 22:30,9424.21,33.51,TRADE
NSW1,2011/5/14 23:00,9223.87,32.79,TRADE
NSW1,2011/5/14 23:30,9099.04,36.06,TRADE
NSW1,2011/5/15 0:00,8894.42,33.52,TRADE
NSW1,2011/5/15 0:30,8580.56,32.14,TRADE
NSW1,2011/5/15 1:00,8323.03,30.42,TRADE
NSW1,2011/5/15 1:30,8102.84,29.53,TRADE
NSW1,2011/5/15 2:00,7854.67,27.34,TRADE
NSW1,2011/5/15 2:30,7483.54,25.33,TRADE
NSW1,2011/5/15 3:00,7323.39,25.31,TRADE
NSW1,2011/5/15 3:30,7070.1,25.29,TRADE
NSW1,2011/5/15 4:00,7013.97,25.3,TRADE
NSW1,2011/5/15 4:30,6963.34,25.31,TRADE
NSW1,2011/5/15 5:00,6952,25.28,TRADE
NSW1,2011/5/15 5:30,7077.51,25.31,TRADE
NSW1,2011/5/15 6:00,7168.34,25.29,TRADE
NSW1,2011/5/15 6:30,7391.36,25.34,TRADE
NSW1,2011/5/15 7:00,7647.25,25.46,TRADE
NSW1,2011/5/15 7:30,8064.39,25.31,TRADE
NSW1,2011/5/15 8:00,8512.77,25.58,TRADE
NSW1,2011/5/15 8:30,9013.67,26.88,TRADE
NSW1,2011/5/15 9:00,9254.48,27.75,TRADE
NSW1,2011/5/15 9:30,9437.02,29.25,TRADE
NSW1,2011/5/15 10:00,9408.74,29.45,TRADE
NSW1,2011/5/15 10:30,9325.35,28.88,TRADE
NSW1,2011/5/15 11:00,9144.54,27.25,TRADE
NSW1,2011/5/15 11:30,8935.16,25.44,TRADE
NSW1,2011/5/15 12:00,8718.05,25.48,TRADE
NSW1,2011/5/15 12:30,8653.39,25.56,TRADE
NSW1,2011/5/15 13:00,8524.75,25.33,TRADE
NSW1,2011/5/15 13:30,8394.08,25.36,TRADE
NSW1,2011/5/15 14:00,8278.61,25.33,TRADE
NSW1,2011/5/15 14:30,8189.16,25.31,TRADE
NSW1,2011/5/15 15:00,8182.06,25.31,TRADE
NSW1,2011/5/15 15:30,8258.46,25.37,TRADE
NSW1,2011/5/15 16:00,8414.23,25.5,TRADE
NSW1,2011/5/15 16:30,8706.61,25.6,TRADE
NSW1,2011/5/15 17:00,9118.09,26.2,TRADE
NSW1,2011/5/15 17:30,9778.15,31.84,TRADE
NSW1,2011/5/15 18:00,10595.51,65.33,TRADE
NSW1,2011/5/15 18:30,10728.23,55.91,TRADE
NSW1,2011/5/15 19:00,10644.6,44.14,TRADE
NSW1,2011/5/15 19:30,10495.24,33.72,TRADE
NSW1,2011/5/15 20:00,10383.68,32.18,TRADE
NSW1,2011/5/15 20:30,10306.88,32.32,TRADE
NSW1,2011/5/15 21:00,10153.1,33.15,TRADE
NSW1,2011/5/15 21:30,9888.49,30.46,TRADE
NSW1,2011/5/15 22:00,9491.04,29.78,TRADE
NSW1,2011/5/15 22:30,9382.26,31.14,TRADE
NSW1,2011/5/15 23:00,9045.88,28,TRADE
NSW1,2011/5/15 23:30,8897.78,31.31,TRADE
NSW1,2011/5/16 0:00,8590.73,28.64,TRADE
NSW1,2011/5/16 0:30,8367.32,28.87,TRADE
NSW1,2011/5/16 1:00,8147.06,26.45,TRADE
NSW1,2011/5/16 1:30,7989.21,27.11,TRADE
NSW1,2011/5/16 2:00,7846.03,25.42,TRADE
NSW1,2011/5/16 2:30,7571.37,25.31,TRADE
NSW1,2011/5/16 3:00,7365.19,25.28,TRADE
NSW1,2011/5/16 3:30,7200.26,25.3,TRADE
NSW1,2011/5/16 4:00,7132.85,25.31,TRADE
NSW1,2011/5/16 4:30,7170.75,25.3,TRADE
NSW1,2011/5/16 5:00,7266.77,25.3,TRADE
NSW1,2011/5/16 5:30,7619.46,25.33,TRADE
NSW1,2011/5/16 6:00,8164.15,26.81,TRADE
NSW1,2011/5/16 6:30,9109.59,34.21,TRADE
NSW1,2011/5/16 7:00,9972.87,40.47,TRADE
NSW1,2011/5/16 7:30,10427.19,35.94,TRADE
NSW1,2011/5/16 8:00,10969.3,47.09,TRADE
NSW1,2011/5/16 8:30,10990.1,46.96,TRADE
NSW1,2011/5/16 9:00,10822.95,38.76,TRADE
NSW1,2011/5/16 9:30,10758.98,37.06,TRADE
NSW1,2011/5/16 10:00,10701.8,35.25,TRADE
NSW1,2011/5/16 10:30,10565.39,35.51,TRADE
NSW1,2011/5/16 11:00,10468.77,34.56,TRADE
NSW1,2011/5/16 11:30,10216.27,30.35,TRADE
NSW1,2011/5/16 12:00,10103.71,33.42,TRADE
NSW1,2011/5/16 12:30,10003.35,29.8,TRADE
NSW1,2011/5/16 13:00,9912.61,29.04,TRADE
NSW1,2011/5/16 13:30,9849.12,29.41,TRADE
NSW1,2011/5/16 14:00,9779.11,29.49,TRADE
NSW1,2011/5/16 14:30,9723.13,29.45,TRADE
NSW1,2011/5/16 15:00,9646.15,29.02,TRADE
NSW1,2011/5/16 15:30,9670.88,29.44,TRADE
NSW1,2011/5/16 16:00,9708.26,28.25,TRADE
NSW1,2011/5/16 16:30,9954.61,29.63,TRADE
NSW1,2011/5/16 17:00,10264.17,31.88,TRADE
NSW1,2011/5/16 17:30,11000.21,36.32,TRADE
NSW1,2011/5/16 18:00,11695.12,75.82,TRADE
NSW1,2011/5/16 18:30,11726.81,44.27,TRADE
NSW1,2011/5/16 19:00,11638.17,40.23,TRADE
NSW1,2011/5/16 19:30,11416.64,37.13,TRADE
NSW1,2011/5/16 20:00,11237.32,37.5,TRADE
NSW1,2011/5/16 20:30,11037.98,33.75,TRADE
NSW1,2011/5/16 21:00,10790.35,29.79,TRADE
NSW1,2011/5/16 21:30,10496.93,27.77,TRADE
NSW1,2011/5/16 22:00,10145.93,27.61,TRADE
NSW1,2011/5/16 22:30,10078.41,33.99,TRADE
NSW1,2011/5/16 23:00,9733.41,31.56,TRADE
NSW1,2011/5/16 23:30,9494.31,31.54,TRADE
NSW1,2011/5/17 0:00,9333.53,30.77,TRADE
NSW1,2011/5/17 0:30,9129.49,29.24,TRADE
NSW1,2011/5/17 1:00,8953.61,26.67,TRADE
NSW1,2011/5/17 1:30,8758.32,32.67,TRADE
NSW1,2011/5/17 2:00,8560.21,28.8,TRADE
NSW1,2011/5/17 2:30,8161.5,25.43,TRADE
NSW1,2011/5/17 3:00,7891.7,25.3,TRADE
NSW1,2011/5/17 3:30,7643.46,25.27,TRADE
NSW1,2011/5/17 4:00,7524.45,25.19,TRADE
NSW1,2011/5/17 4:30,7476.61,25.3,TRADE
NSW1,2011/5/17 5:00,7542.77,25.3,TRADE
NSW1,2011/5/17 5:30,7919.05,25.46,TRADE
NSW1,2011/5/17 6:00,8428.76,27.34,TRADE
NSW1,2011/5/17 6:30,9306.75,32.58,TRADE
NSW1,2011/5/17 7:00,10149.69,34.48,TRADE
NSW1,2011/5/17 7:30,10670.25,35.91,TRADE
NSW1,2011/5/17 8:00,11066.73,42.81,TRADE
NSW1,2011/5/17 8:30,10985.39,38.75,TRADE
NSW1,2011/5/17 9:00,10808.13,34.65,TRADE
NSW1,2011/5/17 9:30,10649.19,34.96,TRADE
NSW1,2011/5/17 10:00,10535.35,33.67,TRADE
NSW1,2011/5/17 10:30,10388.45,32.27,TRADE
NSW1,2011/5/17 11:00,10211.76,31.04,TRADE
NSW1,2011/5/17 11:30,10011.56,28.81,TRADE
NSW1,2011/5/17 12:00,9842.47,29.39,TRADE
NSW1,2011/5/17 12:30,9787.99,29.8,TRADE
NSW1,2011/5/17 13:00,9677.71,29.1,TRADE
NSW1,2011/5/17 13:30,9677.3,29.41,TRADE
NSW1,2011/5/17 14:00,9606.7,28.94,TRADE
NSW1,2011/5/17 14:30,9599.49,28.92,TRADE
NSW1,2011/5/17 15:00,9573.75,28.16,TRADE
NSW1,2011/5/17 15:30,9531.33,27.6,TRADE
NSW1,2011/5/17 16:00,9642.5,28.47,TRADE
NSW1,2011/5/17 16:30,9868.63,28.33,TRADE
NSW1,2011/5/17 17:00,10178.19,27.95,TRADE
NSW1,2011/5/17 17:30,10819.6,35.26,TRADE
NSW1,2011/5/17 18:00,11459.85,65.02,TRADE
NSW1,2011/5/17 18:30,11496.63,39.34,TRADE
NSW1,2011/5/17 19:00,11434.95,40.2,TRADE
NSW1,2011/5/17 19:30,11261.21,38.53,TRADE
NSW1,2011/5/17 20:00,11071.15,36.22,TRADE
NSW1,2011/5/17 20:30,10911.09,32.54,TRADE
NSW1,2011/5/17 21:00,10683.34,31.15,TRADE
NSW1,2011/5/17 21:30,10423.13,28.91,TRADE
NSW1,2011/5/17 22:00,10066.11,28.72,TRADE
NSW1,2011/5/17 22:30,9958.81,34.07,TRADE
NSW1,2011/5/17 23:00,9615.6,29.69,TRADE
NSW1,2011/5/17 23:30,9393.42,29.46,TRADE
NSW1,2011/5/18 0:00,9253.99,28.94,TRADE
NSW1,2011/5/18 0:30,9031.15,28.56,TRADE
NSW1,2011/5/18 1:00,8843.58,25.97,TRADE
NSW1,2011/5/18 1:30,8693.25,27.63,TRADE
NSW1,2011/5/18 2:00,8418.34,25.35,TRADE
NSW1,2011/5/18 2:30,8106.97,25.3,TRADE
NSW1,2011/5/18 3:00,7754.56,25.22,TRADE
NSW1,2011/5/18 3:30,7500.95,24.86,TRADE
NSW1,2011/5/18 4:00,7307.7,24.55,TRADE
NSW1,2011/5/18 4:30,7294,25.24,TRADE
NSW1,2011/5/18 5:00,7431.06,25.3,TRADE
NSW1,2011/5/18 5:30,7775.67,25.39,TRADE
NSW1,2011/5/18 6:00,8304.1,26.3,TRADE
NSW1,2011/5/18 6:30,9233.45,33.88,TRADE
NSW1,2011/5/18 7:00,10068.87,33.05,TRADE
NSW1,2011/5/18 7:30,10486.91,26.29,TRADE
NSW1,2011/5/18 8:00,10819.24,28.26,TRADE
NSW1,2011/5/18 8:30,10748.54,26.09,TRADE
NSW1,2011/5/18 9:00,10493.43,25.47,TRADE
NSW1,2011/5/18 9:30,10378.18,25.5,TRADE
NSW1,2011/5/18 10:00,10226.95,25.48,TRADE
NSW1,2011/5/18 10:30,10108.49,25.42,TRADE
NSW1,2011/5/18 11:00,9962.64,25.37,TRADE
NSW1,2011/5/18 11:30,9795.63,25.41,TRADE
NSW1,2011/5/18 12:00,9655.13,25.41,TRADE
NSW1,2011/5/18 12:30,9568.12,25.34,TRADE
NSW1,2011/5/18 13:00,9501.7,25.31,TRADE
NSW1,2011/5/18 13:30,9434.8,25.45,TRADE
NSW1,2011/5/18 14:00,9451.52,26.17,TRADE
NSW1,2011/5/18 14:30,9434.71,25.42,TRADE
NSW1,2011/5/18 15:00,9295.84,25.43,TRADE
NSW1,2011/5/18 15:30,9329.43,26.19,TRADE
NSW1,2011/5/18 16:00,9502.12,26.24,TRADE
NSW1,2011/5/18 16:30,9707.89,26.72,TRADE
NSW1,2011/5/18 17:00,10038.88,28.73,TRADE
NSW1,2011/5/18 17:30,10725.36,33.61,TRADE
NSW1,2011/5/18 18:00,11269.4,41.86,TRADE
NSW1,2011/5/18 18:30,11234.45,35.21,TRADE
NSW1,2011/5/18 19:00,11128.96,31.64,TRADE
NSW1,2011/5/18 19:30,10904.3,29.18,TRADE
NSW1,2011/5/18 20:00,10741.85,29.9,TRADE
NSW1,2011/5/18 20:30,10566.56,28.42,TRADE
NSW1,2011/5/18 21:00,10373.65,27.12,TRADE
NSW1,2011/5/18 21:30,10088.67,27.07,TRADE
NSW1,2011/5/18 22:00,9810.71,26.71,TRADE
NSW1,2011/5/18 22:30,9768.33,32.94,TRADE
NSW1,2011/5/18 23:00,9481.22,28.26,TRADE
NSW1,2011/5/18 23:30,9298.92,30.42,TRADE
NSW1,2011/5/19 0:00,9137.18,28.65,TRADE
NSW1,2011/5/19 0:30,8899.55,28.39,TRADE
NSW1,2011/5/19 1:00,8711.22,26.24,TRADE
NSW1,2011/5/19 1:30,8555.48,30.24,TRADE
NSW1,2011/5/19 2:00,8269.78,25.61,TRADE
NSW1,2011/5/19 2:30,7884.09,25.28,TRADE
NSW1,2011/5/19 3:00,7586.04,25.28,TRADE
NSW1,2011/5/19 3:30,7334.92,25.2,TRADE
NSW1,2011/5/19 4:00,7216.04,25.18,TRADE
NSW1,2011/5/19 4:30,7210.35,25.26,TRADE
NSW1,2011/5/19 5:00,7292.82,25.3,TRADE
NSW1,2011/5/19 5:30,7641.82,25.31,TRADE
NSW1,2011/5/19 6:00,8133.4,26.1,TRADE
NSW1,2011/5/19 6:30,9013.51,32.65,TRADE
NSW1,2011/5/19 7:00,9716.06,37.64,TRADE
NSW1,2011/5/19 7:30,10117.4,28.65,TRADE
NSW1,2011/5/19 8:00,10434.96,33.03,TRADE
NSW1,2011/5/19 8:30,10413.6,32.38,TRADE
NSW1,2011/5/19 9:00,10200.44,29.16,TRADE
NSW1,2011/5/19 9:30,10180.89,28.36,TRADE
NSW1,2011/5/19 10:00,10117.2,28.05,TRADE
NSW1,2011/5/19 10:30,10033.77,27.15,TRADE
NSW1,2011/5/19 11:00,9902.15,26.73,TRADE
NSW1,2011/5/19 11:30,9759.83,27.3,TRADE
NSW1,2011/5/19 12:00,9652.4,26.25,TRADE
NSW1,2011/5/19 12:30,9594.71,25.69,TRADE
NSW1,2011/5/19 13:00,9489.11,25.69,TRADE
NSW1,2011/5/19 13:30,9466.44,26.15,TRADE
NSW1,2011/5/19 14:00,9444.95,26.37,TRADE
NSW1,2011/5/19 14:30,9418.74,26.3,TRADE
NSW1,2011/5/19 15:00,9357.33,26.34,TRADE
NSW1,2011/5/19 15:30,9375.06,26.74,TRADE
NSW1,2011/5/19 16:00,9448.38,26.37,TRADE
NSW1,2011/5/19 16:30,9553.98,21.79,TRADE
NSW1,2011/5/19 17:00,9805.58,25.78,TRADE
NSW1,2011/5/19 17:30,10381.35,42.65,TRADE
NSW1,2011/5/19 18:00,10955.47,60.72,TRADE
NSW1,2011/5/19 18:30,10936.38,55.44,TRADE
NSW1,2011/5/19 19:00,10808.21,39.4,TRADE
NSW1,2011/5/19 19:30,10605.62,34.51,TRADE
NSW1,2011/5/19 20:00,10437.09,34.04,TRADE
NSW1,2011/5/19 20:30,10282.33,30.07,TRADE
NSW1,2011/5/19 21:00,10109.61,29.65,TRADE
NSW1,2011/5/19 21:30,9808.74,27.2,TRADE
NSW1,2011/5/19 22:00,9519.09,27,TRADE
NSW1,2011/5/19 22:30,9569.72,32.77,TRADE
NSW1,2011/5/19 23:00,9289.05,29.19,TRADE
NSW1,2011/5/19 23:30,9154.22,32.16,TRADE
NSW1,2011/5/20 0:00,8983.42,31.74,TRADE
NSW1,2011/5/20 0:30,8772.94,32.58,TRADE
NSW1,2011/5/20 1:00,8601.16,30.32,TRADE
NSW1,2011/5/20 1:30,8404.59,31.85,TRADE
NSW1,2011/5/20 2:00,8147.6,27.69,TRADE
NSW1,2011/5/20 2:30,7833.04,26.16,TRADE
NSW1,2011/5/20 3:00,7533.98,25.38,TRADE
NSW1,2011/5/20 3:30,7319.79,25.33,TRADE
NSW1,2011/5/20 4:00,7202.9,25.3,TRADE
NSW1,2011/5/20 4:30,7232.94,25.36,TRADE
NSW1,2011/5/20 5:00,7297.03,25.5,TRADE
NSW1,2011/5/20 5:30,7611.57,26.62,TRADE
NSW1,2011/5/20 6:00,8049.43,28.81,TRADE
NSW1,2011/5/20 6:30,8904.83,33.71,TRADE
NSW1,2011/5/20 7:00,9659.53,42.2,TRADE
NSW1,2011/5/20 7:30,10084.08,26.38,TRADE
NSW1,2011/5/20 8:00,10429.95,40.47,TRADE
NSW1,2011/5/20 8:30,10444.74,41.91,TRADE
NSW1,2011/5/20 9:00,10250.95,27.84,TRADE
NSW1,2011/5/20 9:30,10178.23,29.29,TRADE
NSW1,2011/5/20 10:00,10063.32,27.19,TRADE
NSW1,2011/5/20 10:30,10093.79,27.8,TRADE
NSW1,2011/5/20 11:00,10023.13,26.25,TRADE
NSW1,2011/5/20 11:30,9840.01,26.16,TRADE
NSW1,2011/5/20 12:00,9779.19,26,TRADE
NSW1,2011/5/20 12:30,9631.89,26.64,TRADE
NSW1,2011/5/20 13:00,9545.01,26.37,TRADE
NSW1,2011/5/20 13:30,9469.6,27.77,TRADE
NSW1,2011/5/20 14:00,9413.73,26.79,TRADE
NSW1,2011/5/20 14:30,9422.4,27.33,TRADE
NSW1,2011/5/20 15:00,9353.45,25.97,TRADE
NSW1,2011/5/20 15:30,9304.83,26.94,TRADE
NSW1,2011/5/20 16:00,9417.63,28.93,TRADE
NSW1,2011/5/20 16:30,9584.77,27.06,TRADE
NSW1,2011/5/20 17:00,9779.29,26.53,TRADE
NSW1,2011/5/20 17:30,10333.3,44.39,TRADE
NSW1,2011/5/20 18:00,10730.51,58.98,TRADE
NSW1,2011/5/20 18:30,10575.09,27.54,TRADE
NSW1,2011/5/20 19:00,10425.31,27.87,TRADE
NSW1,2011/5/20 19:30,10145.12,26.78,TRADE
NSW1,2011/5/20 20:00,9990.27,27.06,TRADE
NSW1,2011/5/20 20:30,9841.96,27.57,TRADE
NSW1,2011/5/20 21:00,9710.79,28.44,TRADE
NSW1,2011/5/20 21:30,9467.06,27.37,TRADE
NSW1,2011/5/20 22:00,9281.97,27.82,TRADE
NSW1,2011/5/20 22:30,9396.13,43.44,TRADE
NSW1,2011/5/20 23:00,9298.67,33.73,TRADE
NSW1,2011/5/20 23:30,9187.68,36.95,TRADE
NSW1,2011/5/21 0:00,9050.99,33.7,TRADE
NSW1,2011/5/21 0:30,8816.58,33.04,TRADE
NSW1,2011/5/21 1:00,8601.82,32.69,TRADE
NSW1,2011/5/21 1:30,8376.92,35.56,TRADE
NSW1,2011/5/21 2:00,8121.24,30.29,TRADE
NSW1,2011/5/21 2:30,7756.34,25.7,TRADE
NSW1,2011/5/21 3:00,7462.91,25.31,TRADE
NSW1,2011/5/21 3:30,7236.31,25.14,TRADE
NSW1,2011/5/21 4:00,7032.65,25,TRADE
NSW1,2011/5/21 4:30,6941.02,25.43,TRADE
NSW1,2011/5/21 5:00,6936.05,25.48,TRADE
NSW1,2011/5/21 5:30,7078.83,25.46,TRADE
NSW1,2011/5/21 6:00,7187.43,25.5,TRADE
NSW1,2011/5/21 6:30,7465.16,26.28,TRADE
NSW1,2011/5/21 7:00,7830.95,25.51,TRADE
NSW1,2011/5/21 7:30,8218.96,25.51,TRADE
NSW1,2011/5/21 8:00,8708.92,25.78,TRADE
NSW1,2011/5/21 8:30,9067.64,27.24,TRADE
NSW1,2011/5/21 9:00,9271.45,28.47,TRADE
NSW1,2011/5/21 9:30,9382.5,29.23,TRADE
NSW1,2011/5/21 10:00,9270.5,28.28,TRADE
NSW1,2011/5/21 10:30,9279.9,29.13,TRADE
NSW1,2011/5/21 11:00,9081.72,28.72,TRADE
NSW1,2011/5/21 11:30,8902.62,26.63,TRADE
NSW1,2011/5/21 12:00,8765.77,25.51,TRADE
NSW1,2011/5/21 12:30,8665.42,25.51,TRADE
NSW1,2011/5/21 13:00,8557.61,25.51,TRADE
NSW1,2011/5/21 13:30,8448.1,25.51,TRADE
NSW1,2011/5/21 14:00,8397.67,25.51,TRADE
NSW1,2011/5/21 14:30,8340.59,25.51,TRADE
NSW1,2011/5/21 15:00,8273.05,25.51,TRADE
NSW1,2011/5/21 15:30,8306.23,25.51,TRADE
NSW1,2011/5/21 16:00,8413.3,25.55,TRADE
NSW1,2011/5/21 16:30,8565.23,25.51,TRADE
NSW1,2011/5/21 17:00,8942.22,27.25,TRADE
NSW1,2011/5/21 17:30,9409.94,30.97,TRADE
NSW1,2011/5/21 18:00,9912.68,35.97,TRADE
NSW1,2011/5/21 18:30,9823.81,30.85,TRADE
NSW1,2011/5/21 19:00,9616.7,27.82,TRADE
NSW1,2011/5/21 19:30,9385.07,26.03,TRADE
NSW1,2011/5/21 20:00,9094.44,25.5,TRADE
NSW1,2011/5/21 20:30,8980.39,25.76,TRADE
NSW1,2011/5/21 21:00,8785.76,25.51,TRADE
NSW1,2011/5/21 21:30,8678.19,25.5,TRADE
NSW1,2011/5/21 22:00,8570.73,25.51,TRADE
NSW1,2011/5/21 22:30,8598.73,25.51,TRADE
NSW1,2011/5/21 23:00,8518.23,25.8,TRADE
NSW1,2011/5/21 23:30,8392.75,27.7,TRADE
NSW1,2011/5/22 0:00,8239.26,25.21,TRADE
NSW1,2011/5/22 0:30,7992.24,25.36,TRADE
NSW1,2011/5/22 1:00,7788.55,25.51,TRADE
NSW1,2011/5/22 1:30,7584.19,26.2,TRADE
NSW1,2011/5/22 2:00,7404.76,25.26,TRADE
NSW1,2011/5/22 2:30,7051.8,25.03,TRADE
NSW1,2011/5/22 3:00,6873.16,24.89,TRADE
NSW1,2011/5/22 3:30,6707.21,24.8,TRADE
NSW1,2011/5/22 4:00,6591.9,24.36,TRADE
NSW1,2011/5/22 4:30,6538.49,23.59,TRADE
NSW1,2011/5/22 5:00,6533.21,22.88,TRADE
NSW1,2011/5/22 5:30,6638.92,22.1,TRADE
NSW1,2011/5/22 6:00,6729.05,22.95,TRADE
NSW1,2011/5/22 6:30,6950.35,22.52,TRADE
NSW1,2011/5/22 7:00,7155.69,25.35,TRADE
NSW1,2011/5/22 7:30,7426.52,25.41,TRADE
NSW1,2011/5/22 8:00,7850.7,25.46,TRADE
NSW1,2011/5/22 8:30,8238.22,25.51,TRADE
NSW1,2011/5/22 9:00,8562.11,25.87,TRADE
NSW1,2011/5/22 9:30,8663.57,25.49,TRADE
NSW1,2011/5/22 10:00,8771.58,25.5,TRADE
NSW1,2011/5/22 10:30,8748.68,25.51,TRADE
NSW1,2011/5/22 11:00,8592.24,25.51,TRADE
NSW1,2011/5/22 11:30,8398.78,25.51,TRADE
NSW1,2011/5/22 12:00,8392.19,25.51,TRADE
NSW1,2011/5/22 12:30,8362.57,25.51,TRADE
NSW1,2011/5/22 13:00,8293.36,25.51,TRADE
NSW1,2011/5/22 13:30,8265.93,25.51,TRADE
NSW1,2011/5/22 14:00,8169.6,25.51,TRADE
NSW1,2011/5/22 14:30,8194.08,25.51,TRADE
NSW1,2011/5/22 15:00,8186.96,25.51,TRADE
NSW1,2011/5/22 15:30,8289.72,25.51,TRADE
NSW1,2011/5/22 16:00,8359.09,25.51,TRADE
NSW1,2011/5/22 16:30,8534.88,25.98,TRADE
NSW1,2011/5/22 17:00,8825.77,26.33,TRADE
NSW1,2011/5/22 17:30,9403.81,27.88,TRADE
NSW1,2011/5/22 18:00,9846.75,32.13,TRADE
NSW1,2011/5/22 18:30,9823.87,29.63,TRADE
NSW1,2011/5/22 19:00,9662.73,26.75,TRADE
NSW1,2011/5/22 19:30,9331.85,25.8,TRADE
NSW1,2011/5/22 20:00,9104.07,25.51,TRADE
NSW1,2011/5/22 20:30,9030.79,25.57,TRADE
NSW1,2011/5/22 21:00,8942.01,25.5,TRADE
NSW1,2011/5/22 21:30,8655.37,25.51,TRADE
NSW1,2011/5/22 22:00,8444.56,25.49,TRADE
NSW1,2011/5/22 22:30,8324.55,25.51,TRADE
NSW1,2011/5/22 23:00,8103.99,25.51,TRADE
NSW1,2011/5/22 23:30,8011.31,25.98,TRADE
NSW1,2011/5/23 0:00,7867.55,25.5,TRADE
NSW1,2011/5/23 0:30,7599.43,25.42,TRADE
NSW1,2011/5/23 1:00,7390.44,25.24,TRADE
NSW1,2011/5/23 1:30,7397.75,25.47,TRADE
NSW1,2011/5/23 2:00,7208.44,25.16,TRADE
NSW1,2011/5/23 2:30,6954.53,24.76,TRADE
NSW1,2011/5/23 3:00,6736.84,24.4,TRADE
NSW1,2011/5/23 3:30,6613.63,24.77,TRADE
NSW1,2011/5/23 4:00,6600.02,24.12,TRADE
NSW1,2011/5/23 4:30,6580.69,24.14,TRADE
NSW1,2011/5/23 5:00,6662.92,25.01,TRADE
NSW1,2011/5/23 5:30,6957.93,25.17,TRADE
NSW1,2011/5/23 6:00,7379.81,25.64,TRADE
NSW1,2011/5/23 6:30,8104.98,27.34,TRADE
NSW1,2011/5/23 7:00,8868.83,26.2,TRADE
NSW1,2011/5/23 7:30,9241.56,24.19,TRADE
NSW1,2011/5/23 8:00,9715.75,25.56,TRADE
NSW1,2011/5/23 8:30,9843.37,25.85,TRADE
NSW1,2011/5/23 9:00,9714.13,25.55,TRADE
NSW1,2011/5/23 9:30,9785.95,25.51,TRADE
NSW1,2011/5/23 10:00,9719.08,25.6,TRADE
NSW1,2011/5/23 10:30,9687.89,25.56,TRADE
NSW1,2011/5/23 11:00,9628.18,25.91,TRADE
NSW1,2011/5/23 11:30,9539.4,25.86,TRADE
NSW1,2011/5/23 12:00,9410.28,25.51,TRADE
NSW1,2011/5/23 12:30,9467.14,25.52,TRADE
NSW1,2011/5/23 13:00,9455.05,25.51,TRADE
NSW1,2011/5/23 13:30,9422.17,25.92,TRADE
NSW1,2011/5/23 14:00,9431.35,26.01,TRADE
NSW1,2011/5/23 14:30,9425.49,25.7,TRADE
NSW1,2011/5/23 15:00,9368.68,25.51,TRADE
NSW1,2011/5/23 15:30,9311.38,25.51,TRADE
NSW1,2011/5/23 16:00,9356.09,25.95,TRADE
NSW1,2011/5/23 16:30,9571.03,25.91,TRADE
NSW1,2011/5/23 17:00,9839.13,26.99,TRADE
NSW1,2011/5/23 17:30,10376.85,33.96,TRADE
NSW1,2011/5/23 18:00,10765.65,37.62,TRADE
NSW1,2011/5/23 18:30,10655.9,33.6,TRADE
NSW1,2011/5/23 19:00,10406.83,28.37,TRADE
NSW1,2011/5/23 19:30,10109.88,26.45,TRADE
NSW1,2011/5/23 20:00,9907.25,26.26,TRADE
NSW1,2011/5/23 20:30,9692.42,26.58,TRADE
NSW1,2011/5/23 21:00,9446.03,26.02,TRADE
NSW1,2011/5/23 21:30,9216.11,25.57,TRADE
NSW1,2011/5/23 22:00,8924.27,25.29,TRADE
NSW1,2011/5/23 22:30,8987.6,28.86,TRADE
NSW1,2011/5/23 23:00,8739.05,26.46,TRADE
NSW1,2011/5/23 23:30,8639.85,26.42,TRADE
NSW1,2011/5/24 0:00,8525.99,25.87,TRADE
NSW1,2011/5/24 0:30,8321.12,25.76,TRADE
NSW1,2011/5/24 1:00,8194.09,25.51,TRADE
NSW1,2011/5/24 1:30,7991.27,27.67,TRADE
NSW1,2011/5/24 2:00,7750.7,25.5,TRADE
NSW1,2011/5/24 2:30,7485.54,25.37,TRADE
NSW1,2011/5/24 3:00,7154.49,25.02,TRADE
NSW1,2011/5/24 3:30,6984.19,25.01,TRADE
NSW1,2011/5/24 4:00,6892,25.05,TRADE
NSW1,2011/5/24 4:30,6903.18,25.43,TRADE
NSW1,2011/5/24 5:00,6952.19,25.13,TRADE
NSW1,2011/5/24 5:30,7253.84,25.46,TRADE
NSW1,2011/5/24 6:00,7629.44,25.56,TRADE
NSW1,2011/5/24 6:30,8435.5,25.84,TRADE
NSW1,2011/5/24 7:00,9181.12,26.81,TRADE
NSW1,2011/5/24 7:30,9573.04,25.08,TRADE
NSW1,2011/5/24 8:00,9952.57,25.58,TRADE
NSW1,2011/5/24 8:30,9883.98,25.5,TRADE
NSW1,2011/5/24 9:00,9758.22,25.51,TRADE
NSW1,2011/5/24 9:30,9731,25.51,TRADE
NSW1,2011/5/24 10:00,9709.38,25.72,TRADE
NSW1,2011/5/24 10:30,9643.66,25.51,TRADE
NSW1,2011/5/24 11:00,9517.58,25.51,TRADE
NSW1,2011/5/24 11:30,9486.49,25.51,TRADE
NSW1,2011/5/24 12:00,9481.27,25.51,TRADE
NSW1,2011/5/24 12:30,9502.39,25.51,TRADE
NSW1,2011/5/24 13:00,9492.64,25.51,TRADE
NSW1,2011/5/24 13:30,9493.63,25.51,TRADE
NSW1,2011/5/24 14:00,9479.34,25.51,TRADE
NSW1,2011/5/24 14:30,9539.14,25.51,TRADE
NSW1,2011/5/24 15:00,9496.77,25.51,TRADE
NSW1,2011/5/24 15:30,9535.11,25.5,TRADE
NSW1,2011/5/24 16:00,9672.79,26.53,TRADE
NSW1,2011/5/24 16:30,9957.09,25.62,TRADE
NSW1,2011/5/24 17:00,10324.99,26.37,TRADE
NSW1,2011/5/24 17:30,10912.61,33.82,TRADE
NSW1,2011/5/24 18:00,11338.85,60.24,TRADE
NSW1,2011/5/24 18:30,11203.39,40.27,TRADE
NSW1,2011/5/24 19:00,11081.96,31.37,TRADE
NSW1,2011/5/24 19:30,10831.73,26.47,TRADE
NSW1,2011/5/24 20:00,10591.33,26.53,TRADE
NSW1,2011/5/24 20:30,10395.48,27.08,TRADE
NSW1,2011/5/24 21:00,10239.18,27.05,TRADE
NSW1,2011/5/24 21:30,9944.54,27.02,TRADE
NSW1,2011/5/24 22:00,9561.59,26.01,TRADE
NSW1,2011/5/24 22:30,9541.69,30.23,TRADE
NSW1,2011/5/24 23:00,9277.75,27.6,TRADE
NSW1,2011/5/24 23:30,9063.52,27.41,TRADE
NSW1,2011/5/25 0:00,8951.1,27.51,TRADE
NSW1,2011/5/25 0:30,8738.34,25.77,TRADE
NSW1,2011/5/25 1:00,8563.5,25.51,TRADE
NSW1,2011/5/25 1:30,8381.08,27.2,TRADE
NSW1,2011/5/25 2:00,8030.83,25.51,TRADE
NSW1,2011/5/25 2:30,7639.76,25.35,TRADE
NSW1,2011/5/25 3:00,7342.54,25.08,TRADE
NSW1,2011/5/25 3:30,7134.74,23.73,TRADE
NSW1,2011/5/25 4:00,6980.73,24.27,TRADE
NSW1,2011/5/25 4:30,6992.59,24.36,TRADE
NSW1,2011/5/25 5:00,7116.78,24.92,TRADE
NSW1,2011/5/25 5:30,7406.71,25.31,TRADE
NSW1,2011/5/25 6:00,7830.8,25.59,TRADE
NSW1,2011/5/25 6:30,8702,28.67,TRADE
NSW1,2011/5/25 7:00,9528.4,29.11,TRADE
NSW1,2011/5/25 7:30,9974.17,28.19,TRADE
NSW1,2011/5/25 8:00,10306.73,31.8,TRADE
NSW1,2011/5/25 8:30,10486.4,32.05,TRADE
NSW1,2011/5/25 9:00,10420.25,31.09,TRADE
NSW1,2011/5/25 9:30,10442.31,34,TRADE
NSW1,2011/5/25 10:00,10423.42,34.48,TRADE
NSW1,2011/5/25 10:30,10361.42,34.77,TRADE
NSW1,2011/5/25 11:00,10290.6,31.95,TRADE
NSW1,2011/5/25 11:30,10166.22,32.98,TRADE
NSW1,2011/5/25 12:00,10114.5,33.35,TRADE
NSW1,2011/5/25 12:30,10057.96,28.22,TRADE
NSW1,2011/5/25 13:00,10035.57,30.31,TRADE
NSW1,2011/5/25 13:30,10007.7,29.22,TRADE
NSW1,2011/5/25 14:00,10002.22,30.32,TRADE
NSW1,2011/5/25 14:30,9964.05,29.49,TRADE
NSW1,2011/5/25 15:00,9925.19,29.04,TRADE
NSW1,2011/5/25 15:30,9947.29,29.1,TRADE
NSW1,2011/5/25 16:00,10078.25,29.5,TRADE
NSW1,2011/5/25 16:30,10335.88,28.91,TRADE
NSW1,2011/5/25 17:00,10764.21,29.62,TRADE
NSW1,2011/5/25 17:30,11387.77,35.74,TRADE
NSW1,2011/5/25 18:00,11853.32,70.71,TRADE
NSW1,2011/5/25 18:30,11791.56,58.73,TRADE
NSW1,2011/5/25 19:00,11627.24,37.12,TRADE
NSW1,2011/5/25 19:30,11309.48,32.07,TRADE
NSW1,2011/5/25 20:00,11121.31,37.26,TRADE
NSW1,2011/5/25 20:30,10906.88,39.44,TRADE
NSW1,2011/5/25 21:00,10638,37.78,TRADE
NSW1,2011/5/25 21:30,10428.99,35.5,TRADE
NSW1,2011/5/25 22:00,10064.78,31.79,TRADE
NSW1,2011/5/25 22:30,10007.72,37.85,TRADE
NSW1,2011/5/25 23:00,9649.5,33.92,TRADE
NSW1,2011/5/25 23:30,9352.29,34.58,TRADE
NSW1,2011/5/26 0:00,9157.31,33.55,TRADE
NSW1,2011/5/26 0:30,8920.64,32.81,TRADE
NSW1,2011/5/26 1:00,8695.88,31.13,TRADE
NSW1,2011/5/26 1:30,8468.68,32.8,TRADE
NSW1,2011/5/26 2:00,8258.31,30.06,TRADE
NSW1,2011/5/26 2:30,7888.86,29.15,TRADE
NSW1,2011/5/26 3:00,7559.68,26.1,TRADE
NSW1,2011/5/26 3:30,7331.7,25.51,TRADE
NSW1,2011/5/26 4:00,7200.05,25.51,TRADE
NSW1,2011/5/26 4:30,7159.81,25.51,TRADE
NSW1,2011/5/26 5:00,7222.92,25.51,TRADE
NSW1,2011/5/26 5:30,7578.44,27.65,TRADE
NSW1,2011/5/26 6:00,7999.23,28.35,TRADE
NSW1,2011/5/26 6:30,8836.33,34.86,TRADE
NSW1,2011/5/26 7:00,9614.14,40.56,TRADE
NSW1,2011/5/26 7:30,10096.73,34.89,TRADE
NSW1,2011/5/26 8:00,10487.58,43.78,TRADE
NSW1,2011/5/26 8:30,10522.15,41.23,TRADE
NSW1,2011/5/26 9:00,10333.08,34.36,TRADE
NSW1,2011/5/26 9:30,10257.75,34.34,TRADE
NSW1,2011/5/26 10:00,10186.2,31.6,TRADE
NSW1,2011/5/26 10:30,10108.21,28.49,TRADE
NSW1,2011/5/26 11:00,10020.92,26.64,TRADE
NSW1,2011/5/26 11:30,9895.56,26.49,TRADE
NSW1,2011/5/26 12:00,9802.7,25.82,TRADE
NSW1,2011/5/26 12:30,9732.02,25.89,TRADE
NSW1,2011/5/26 13:00,9639.22,26.87,TRADE
NSW1,2011/5/26 13:30,9544.44,25.88,TRADE
NSW1,2011/5/26 14:00,9433.94,25.88,TRADE
NSW1,2011/5/26 14:30,9405.65,25.88,TRADE
NSW1,2011/5/26 15:00,9374.92,25.9,TRADE
NSW1,2011/5/26 15:30,9309.81,25.89,TRADE
NSW1,2011/5/26 16:00,9307.97,26.05,TRADE
NSW1,2011/5/26 16:30,9537.94,26.01,TRADE
NSW1,2011/5/26 17:00,9876.66,27.15,TRADE
NSW1,2011/5/26 17:30,10569.17,32.53,TRADE
NSW1,2011/5/26 18:00,11228.13,36.59,TRADE
NSW1,2011/5/26 18:30,11307.67,34.31,TRADE
NSW1,2011/5/26 19:00,11234.3,30.16,TRADE
NSW1,2011/5/26 19:30,11016.06,34.18,TRADE
NSW1,2011/5/26 20:00,10901.88,44.48,TRADE
NSW1,2011/5/26 20:30,10792.18,42.95,TRADE
NSW1,2011/5/26 21:00,10582.62,38.19,TRADE
NSW1,2011/5/26 21:30,10249.6,34.26,TRADE
NSW1,2011/5/26 22:00,9913.36,31.29,TRADE
NSW1,2011/5/26 22:30,9933.5,41.45,TRADE
NSW1,2011/5/26 23:00,9642.47,38.12,TRADE
NSW1,2011/5/26 23:30,9439.81,39.89,TRADE
NSW1,2011/5/27 0:00,9232.09,38.86,TRADE
NSW1,2011/5/27 0:30,8994.69,34.42,TRADE
NSW1,2011/5/27 1:00,8783.22,32.9,TRADE
NSW1,2011/5/27 1:30,8563.42,34.04,TRADE
NSW1,2011/5/27 2:00,8271.03,31.14,TRADE
NSW1,2011/5/27 2:30,7903.16,28.19,TRADE
NSW1,2011/5/27 3:00,7621.02,26.51,TRADE
NSW1,2011/5/27 3:30,7389.4,25.67,TRADE
NSW1,2011/5/27 4:00,7288.58,25.51,TRADE
NSW1,2011/5/27 4:30,7270.33,25.51,TRADE
NSW1,2011/5/27 5:00,7358.86,25.79,TRADE
NSW1,2011/5/27 5:30,7688.77,28.08,TRADE
NSW1,2011/5/27 6:00,8186.93,29.86,TRADE
NSW1,2011/5/27 6:30,9026.07,37.03,TRADE
NSW1,2011/5/27 7:00,9810.02,47.34,TRADE
NSW1,2011/5/27 7:30,10347.69,38.77,TRADE
NSW1,2011/5/27 8:00,10776.79,52.54,TRADE
NSW1,2011/5/27 8:30,10776.02,45.2,TRADE
NSW1,2011/5/27 9:00,10558.62,36.49,TRADE
NSW1,2011/5/27 9:30,10448.31,37.25,TRADE
NSW1,2011/5/27 10:00,10284.68,31.93,TRADE
NSW1,2011/5/27 10:30,10155.44,30.79,TRADE
NSW1,2011/5/27 11:00,10025.65,31.49,TRADE
NSW1,2011/5/27 11:30,9855.37,30.95,TRADE
NSW1,2011/5/27 12:00,9740.86,28.48,TRADE
NSW1,2011/5/27 12:30,9636.85,30.35,TRADE
NSW1,2011/5/27 13:00,9671.14,31.53,TRADE
NSW1,2011/5/27 13:30,9626.81,29.07,TRADE
NSW1,2011/5/27 14:00,9562.99,29.5,TRADE
NSW1,2011/5/27 14:30,9494.88,28.67,TRADE
NSW1,2011/5/27 15:00,9507.47,28.28,TRADE
NSW1,2011/5/27 15:30,9480.71,27.75,TRADE
NSW1,2011/5/27 16:00,9561.44,28.73,TRADE
NSW1,2011/5/27 16:30,9740.94,28.37,TRADE
NSW1,2011/5/27 17:00,10083.21,31.38,TRADE
NSW1,2011/5/27 17:30,10765.18,58.82,TRADE
NSW1,2011/5/27 18:00,11304.68,59.83,TRADE
NSW1,2011/5/27 18:30,11211.89,44.18,TRADE
NSW1,2011/5/27 19:00,11042.5,39.54,TRADE
NSW1,2011/5/27 19:30,10812.41,34.55,TRADE
NSW1,2011/5/27 20:00,10661.31,38.88,TRADE
NSW1,2011/5/27 20:30,10528.32,34.72,TRADE
NSW1,2011/5/27 21:00,10413.11,34.29,TRADE
NSW1,2011/5/27 21:30,10203.72,33.42,TRADE
NSW1,2011/5/27 22:00,9941.14,31.55,TRADE
NSW1,2011/5/27 22:30,10072.37,43.97,TRADE
NSW1,2011/5/27 23:00,9812.94,45.3,TRADE
NSW1,2011/5/27 23:30,9687.88,52.89,TRADE
NSW1,2011/5/28 0:00,9503.76,44.39,TRADE
NSW1,2011/5/28 0:30,9180.3,37.47,TRADE
NSW1,2011/5/28 1:00,8981.55,34.38,TRADE
NSW1,2011/5/28 1:30,8701.37,36.2,TRADE
NSW1,2011/5/28 2:00,8469.21,34.26,TRADE
NSW1,2011/5/28 2:30,8038.78,32,TRADE
NSW1,2011/5/28 3:00,7763.11,27.43,TRADE
NSW1,2011/5/28 3:30,7431.44,25.82,TRADE
NSW1,2011/5/28 4:00,7313.58,25.53,TRADE
NSW1,2011/5/28 4:30,7219.43,25.51,TRADE
NSW1,2011/5/28 5:00,7239.22,25.51,TRADE
NSW1,2011/5/28 5:30,7388.69,25.51,TRADE
NSW1,2011/5/28 6:00,7529.73,25.94,TRADE
NSW1,2011/5/28 6:30,7859.35,28.93,TRADE
NSW1,2011/5/28 7:00,8221.27,30.03,TRADE
NSW1,2011/5/28 7:30,8683.12,31.37,TRADE
NSW1,2011/5/28 8:00,9237.16,36.86,TRADE
NSW1,2011/5/28 8:30,9671.82,39.11,TRADE
NSW1,2011/5/28 9:00,9919,42.97,TRADE
NSW1,2011/5/28 9:30,10065.31,52,TRADE
NSW1,2011/5/28 10:00,9912.75,42.26,TRADE
NSW1,2011/5/28 10:30,9835.86,41.74,TRADE
NSW1,2011/5/28 11:00,9589.4,34.43,TRADE
NSW1,2011/5/28 11:30,9433.29,34.46,TRADE
NSW1,2011/5/28 12:00,9269.09,33.46,TRADE
NSW1,2011/5/28 12:30,9183.26,31.67,TRADE
NSW1,2011/5/28 13:00,9085.1,29.56,TRADE
NSW1,2011/5/28 13:30,9006.12,29.5,TRADE
NSW1,2011/5/28 14:00,8915.58,29.87,TRADE
NSW1,2011/5/28 14:30,8887.55,29.35,TRADE
NSW1,2011/5/28 15:00,8886.69,29.06,TRADE
NSW1,2011/5/28 15:30,8956.07,29.88,TRADE
NSW1,2011/5/28 16:00,9142.95,30.47,TRADE
NSW1,2011/5/28 16:30,9310.78,29.68,TRADE
NSW1,2011/5/28 17:00,9808.17,35.52,TRADE
NSW1,2011/5/28 17:30,10378.39,52.55,TRADE
NSW1,2011/5/28 18:00,10769,60.16,TRADE
NSW1,2011/5/28 18:30,10643.42,40.4,TRADE
NSW1,2011/5/28 19:00,10422.02,35.72,TRADE
NSW1,2011/5/28 19:30,10200.36,38.41,TRADE
NSW1,2011/5/28 20:00,9956.96,38.84,TRADE
NSW1,2011/5/28 20:30,9815.92,35.72,TRADE
NSW1,2011/5/28 21:00,9678.51,34.01,TRADE
NSW1,2011/5/28 21:30,9481.96,33.26,TRADE
NSW1,2011/5/28 22:00,9329.47,34.07,TRADE
NSW1,2011/5/28 22:30,9247.49,38.29,TRADE
NSW1,2011/5/28 23:00,9127.18,37.09,TRADE
NSW1,2011/5/28 23:30,8971.25,41.77,TRADE
NSW1,2011/5/29 0:00,8761.44,36.9,TRADE
NSW1,2011/5/29 0:30,8501.64,31.36,TRADE
NSW1,2011/5/29 1:00,8224.38,28.86,TRADE
NSW1,2011/5/29 1:30,8005.39,33.42,TRADE
NSW1,2011/5/29 2:00,7779.28,27.87,TRADE
NSW1,2011/5/29 2:30,7505.65,25.97,TRADE
NSW1,2011/5/29 3:00,7261.64,25.51,TRADE
NSW1,2011/5/29 3:30,7092.53,25.51,TRADE
NSW1,2011/5/29 4:00,6981.04,25.48,TRADE
NSW1,2011/5/29 4:30,6946.15,25.51,TRADE
NSW1,2011/5/29 5:00,6953.44,25.46,TRADE
NSW1,2011/5/29 5:30,7000.23,25.46,TRADE
NSW1,2011/5/29 6:00,7145.54,25.51,TRADE
NSW1,2011/5/29 6:30,7395.78,25.51,TRADE
NSW1,2011/5/29 7:00,7586.55,25.51,TRADE
NSW1,2011/5/29 7:30,7959.4,25.51,TRADE
NSW1,2011/5/29 8:00,8398.08,27.02,TRADE
NSW1,2011/5/29 8:30,8906.3,29.13,TRADE
NSW1,2011/5/29 9:00,9230.71,32.69,TRADE
NSW1,2011/5/29 9:30,9494.42,34.61,TRADE
NSW1,2011/5/29 10:00,9518.92,33.12,TRADE
NSW1,2011/5/29 10:30,9470.81,33.91,TRADE
NSW1,2011/5/29 11:00,9373.17,30.89,TRADE
NSW1,2011/5/29 11:30,9269.22,31.17,TRADE
NSW1,2011/5/29 12:00,9201.56,31.17,TRADE
NSW1,2011/5/29 12:30,9149.28,31.06,TRADE
NSW1,2011/5/29 13:00,8993.75,30.07,TRADE
NSW1,2011/5/29 13:30,8893.79,29.68,TRADE
NSW1,2011/5/29 14:00,8865.38,29.24,TRADE
NSW1,2011/5/29 14:30,8849.9,29.17,TRADE
NSW1,2011/5/29 15:00,8805,27.84,TRADE
NSW1,2011/5/29 15:30,8913.7,28.23,TRADE
NSW1,2011/5/29 16:00,9048.92,27.68,TRADE
NSW1,2011/5/29 16:30,9366.95,29.66,TRADE
NSW1,2011/5/29 17:00,9741.32,28.38,TRADE
NSW1,2011/5/29 17:30,10346.81,38.54,TRADE
NSW1,2011/5/29 18:00,10745.49,40.53,TRADE
NSW1,2011/5/29 18:30,10729.86,43.26,TRADE
NSW1,2011/5/29 19:00,10624.97,38.79,TRADE
NSW1,2011/5/29 19:30,10301.94,34.66,TRADE
NSW1,2011/5/29 20:00,10156.74,35.89,TRADE
NSW1,2011/5/29 20:30,10064.12,36.39,TRADE
NSW1,2011/5/29 21:00,9894.48,33.71,TRADE
NSW1,2011/5/29 21:30,9597.62,32.72,TRADE
NSW1,2011/5/29 22:00,9275.49,31,TRADE
NSW1,2011/5/29 22:30,9138.21,32.64,TRADE
NSW1,2011/5/29 23:00,8804.58,30.12,TRADE
NSW1,2011/5/29 23:30,8622.99,35.31,TRADE
NSW1,2011/5/30 0:00,8390.79,31.32,TRADE
NSW1,2011/5/30 0:30,8112.28,27.49,TRADE
NSW1,2011/5/30 1:00,7918.82,25.58,TRADE
NSW1,2011/5/30 1:30,7785.79,26.22,TRADE
NSW1,2011/5/30 2:00,7596.63,25.85,TRADE
NSW1,2011/5/30 2:30,7313.41,25.52,TRADE
NSW1,2011/5/30 3:00,7093.77,25.51,TRADE
NSW1,2011/5/30 3:30,6975.54,25.17,TRADE
NSW1,2011/5/30 4:00,6898.27,25.51,TRADE
NSW1,2011/5/30 4:30,6948.41,25.51,TRADE
NSW1,2011/5/30 5:00,7044.93,25.51,TRADE
NSW1,2011/5/30 5:30,7377.59,25.77,TRADE
NSW1,2011/5/30 6:00,7844.38,26.77,TRADE
NSW1,2011/5/30 6:30,8694.93,38.2,TRADE
NSW1,2011/5/30 7:00,9490.53,36.62,TRADE
NSW1,2011/5/30 7:30,9984.18,29.1,TRADE
NSW1,2011/5/30 8:00,10508.51,34.31,TRADE
NSW1,2011/5/30 8:30,10719.36,34.13,TRADE
NSW1,2011/5/30 9:00,10682.38,29.78,TRADE
NSW1,2011/5/30 9:30,10726.92,29.83,TRADE
NSW1,2011/5/30 10:00,10763.23,29.91,TRADE
NSW1,2011/5/30 10:30,10689.33,29.87,TRADE
NSW1,2011/5/30 11:00,10612.2,29.65,TRADE
NSW1,2011/5/30 11:30,10533.43,29.07,TRADE
NSW1,2011/5/30 12:00,10486.58,28.57,TRADE
NSW1,2011/5/30 12:30,10494.76,30.22,TRADE
NSW1,2011/5/30 13:00,10418.88,29.87,TRADE
NSW1,2011/5/30 13:30,10399.64,-147.03,TRADE
NSW1,2011/5/30 14:00,10462.27,27.08,TRADE
NSW1,2011/5/30 14:30,10434.88,25.88,TRADE
NSW1,2011/5/30 15:00,10543.47,26.56,TRADE
NSW1,2011/5/30 15:30,10505.08,29.56,TRADE
NSW1,2011/5/30 16:00,10736.06,36.7,TRADE
NSW1,2011/5/30 16:30,10977.74,34.76,TRADE
NSW1,2011/5/30 17:00,11369.63,39.79,TRADE
NSW1,2011/5/30 17:30,11854.81,44.16,TRADE
NSW1,2011/5/30 18:00,12114.34,98.4,TRADE
NSW1,2011/5/30 18:30,11973.89,44.17,TRADE
NSW1,2011/5/30 19:00,11758.87,34.21,TRADE
NSW1,2011/5/30 19:30,11428.74,31.16,TRADE
NSW1,2011/5/30 20:00,11087.54,34.52,TRADE
NSW1,2011/5/30 20:30,10867.3,34.81,TRADE
NSW1,2011/5/30 21:00,10491.3,32.8,TRADE
NSW1,2011/5/30 21:30,10213.2,31.92,TRADE
NSW1,2011/5/30 22:00,9794.32,28.55,TRADE
NSW1,2011/5/30 22:30,9759.23,40.55,TRADE
NSW1,2011/5/30 23:00,9431.81,34.1,TRADE
NSW1,2011/5/30 23:30,9294.94,35.02,TRADE
NSW1,2011/5/31 0:00,9065.16,34.13,TRADE
NSW1,2011/5/31 0:30,8850.28,30.23,TRADE
NSW1,2011/5/31 1:00,8719.76,29.21,TRADE
NSW1,2011/5/31 1:30,8489.3,31.92,TRADE
NSW1,2011/5/31 2:00,8248.8,29.07,TRADE
NSW1,2011/5/31 2:30,7890.29,25.51,TRADE
NSW1,2011/5/31 3:00,7577.87,25.51,TRADE
NSW1,2011/5/31 3:30,7331.28,25.51,TRADE
NSW1,2011/5/31 4:00,7170.65,25.31,TRADE
NSW1,2011/5/31 4:30,7156.54,25.51,TRADE
NSW1,2011/5/31 5:00,7212.51,25.51,TRADE
NSW1,2011/5/31 5:30,7519.33,25.51,TRADE
NSW1,2011/5/31 6:00,7933.15,26.68,TRADE
NSW1,2011/5/31 6:30,8718.32,32.62,TRADE
NSW1,2011/5/31 7:00,9445.23,34.4,TRADE
NSW1,2011/5/31 7:30,9798.69,26.03,TRADE
NSW1,2011/5/31 8:00,10168.32,24.24,TRADE
NSW1,2011/5/31 8:30,10231.65,25.1,TRADE
NSW1,2011/5/31 9:00,10162,25.51,TRADE
NSW1,2011/5/31 9:30,10309.31,17.34,TRADE
NSW1,2011/5/31 10:00,10324.14,25.81,TRADE
NSW1,2011/5/31 10:30,10284.73,25.57,TRADE
NSW1,2011/5/31 11:00,10249.67,-147.01,TRADE
NSW1,2011/5/31 11:30,10196.95,30.76,TRADE
NSW1,2011/5/31 12:00,10028.21,28.14,TRADE
NSW1,2011/5/31 12:30,9960.97,27.12,TRADE
NSW1,2011/5/31 13:00,9817.63,27.61,TRADE
NSW1,2011/5/31 13:30,9802.3,27.93,TRADE
NSW1,2011/5/31 14:00,9789.59,28.85,TRADE
NSW1,2011/5/31 14:30,9781.33,29.76,TRADE
NSW1,2011/5/31 15:00,9654.01,29.32,TRADE
NSW1,2011/5/31 15:30,9614.01,28.75,TRADE
NSW1,2011/5/31 16:00,9730.35,29.6,TRADE
NSW1,2011/5/31 16:30,9887.2,29.58,TRADE
NSW1,2011/5/31 17:00,10240.97,30.21,TRADE
NSW1,2011/5/31 17:30,10900.53,32.89,TRADE
NSW1,2011/5/31 18:00,11388.94,41.52,TRADE
NSW1,2011/5/31 18:30,11271.07,41.69,TRADE
NSW1,2011/5/31 19:00,11066.8,39.6,TRADE
NSW1,2011/5/31 19:30,10788.34,31.6,TRADE
NSW1,2011/5/31 20:00,10476.15,29.34,TRADE
NSW1,2011/5/31 20:30,10325.01,28.86,TRADE
NSW1,2011/5/31 21:00,10106.34,29.25,TRADE
NSW1,2011/5/31 21:30,9778.34,27.23,TRADE
NSW1,2011/5/31 22:00,9551.48,27.23,TRADE
NSW1,2011/5/31 22:30,9595.27,36.52,TRADE
NSW1,2011/5/31 23:00,9290.67,32.32,TRADE
NSW1,2011/5/31 23:30,9131.31,32.2,TRADE
NSW1,2011/6/1 0:00,8921.69,30.36,TRADE
?NSW1,2011/6/1 0:30,8772.13,28.5,TRADE
NSW1,2011/6/1 1:00,8575.72,26.29,TRADE
NSW1,2011/6/1 1:30,8344.8,28.22,TRADE
NSW1,2011/6/1 2:00,8119.48,26.57,TRADE
NSW1,2011/6/1 2:30,7738.07,25.38,TRADE
NSW1,2011/6/1 3:00,7418.58,25.26,TRADE
NSW1,2011/6/1 3:30,7192.35,25.16,TRADE
NSW1,2011/6/1 4:00,7011.68,23.87,TRADE
NSW1,2011/6/1 4:30,6969.24,24.65,TRADE
NSW1,2011/6/1 5:00,7003.58,25.01,TRADE
NSW1,2011/6/1 5:30,7288.72,24.96,TRADE
NSW1,2011/6/1 6:00,7659.23,25.57,TRADE
NSW1,2011/6/1 6:30,8457.86,32.34,TRADE
NSW1,2011/6/1 7:00,9177.71,31.42,TRADE
NSW1,2011/6/1 7:30,9585.61,27.44,TRADE
NSW1,2011/6/1 8:00,9991.06,30.16,TRADE
NSW1,2011/6/1 8:30,10067.55,29.56,TRADE
NSW1,2011/6/1 9:00,9981.25,26.71,TRADE
NSW1,2011/6/1 9:30,10005.1,26.98,TRADE
NSW1,2011/6/1 10:00,9997.21,26.95,TRADE
NSW1,2011/6/1 10:30,9964.78,29.53,TRADE
NSW1,2011/6/1 11:00,9932.17,29.36,TRADE
NSW1,2011/6/1 11:30,9865.11,28.29,TRADE
NSW1,2011/6/1 12:00,9728.78,26.62,TRADE
NSW1,2011/6/1 12:30,9597.05,26.1,TRADE
NSW1,2011/6/1 13:00,9508.82,25.95,TRADE
NSW1,2011/6/1 13:30,9548.05,26.18,TRADE
NSW1,2011/6/1 14:00,9499.94,25.89,TRADE
NSW1,2011/6/1 14:30,9502.31,25.95,TRADE
NSW1,2011/6/1 15:00,9424.67,25.9,TRADE
NSW1,2011/6/1 15:30,9474.11,25.95,TRADE
NSW1,2011/6/1 16:00,9596.08,25.95,TRADE
NSW1,2011/6/1 16:30,9767.31,25.89,TRADE
NSW1,2011/6/1 17:00,10090.56,25.83,TRADE
NSW1,2011/6/1 17:30,10686.23,28.4,TRADE
NSW1,2011/6/1 18:00,11120.22,27.38,TRADE
NSW1,2011/6/1 18:30,10980.48,25.9,TRADE
NSW1,2011/6/1 19:00,10820.03,25.89,TRADE
NSW1,2011/6/1 19:30,10565.52,25.83,TRADE
NSW1,2011/6/1 20:00,10354.16,25.88,TRADE
NSW1,2011/6/1 20:30,10158.49,28.17,TRADE
NSW1,2011/6/1 21:00,9993.19,26.4,TRADE
NSW1,2011/6/1 21:30,9679.65,26,TRADE
NSW1,2011/6/1 22:00,9357.3,26.09,TRADE
NSW1,2011/6/1 22:30,9355.54,28,TRADE
NSW1,2011/6/1 23:00,9102.3,26.29,TRADE
NSW1,2011/6/1 23:30,8934.01,26.37,TRADE
NSW1,2011/6/2 0:00,8742.85,25.88,TRADE
NSW1,2011/6/2 0:30,8512.75,25.68,TRADE
NSW1,2011/6/2 1:00,8334.09,25.11,TRADE
NSW1,2011/6/2 1:30,8140.8,25.26,TRADE
NSW1,2011/6/2 2:00,7898.91,25.01,TRADE
NSW1,2011/6/2 2:30,7557.44,24.73,TRADE
NSW1,2011/6/2 3:00,7263,24.26,TRADE
NSW1,2011/6/2 3:30,7103.25,23.15,TRADE
NSW1,2011/6/2 4:00,7017.94,23.57,TRADE
NSW1,2011/6/2 4:30,7026.13,24.73,TRADE
NSW1,2011/6/2 5:00,7083.48,24.75,TRADE
NSW1,2011/6/2 5:30,7378.74,24.75,TRADE
NSW1,2011/6/2 6:00,7791.06,25.22,TRADE
NSW1,2011/6/2 6:30,8557.6,28.46,TRADE
NSW1,2011/6/2 7:00,9319.23,29.28,TRADE
NSW1,2011/6/2 7:30,9642.61,26.3,TRADE
NSW1,2011/6/2 8:00,10020.53,26.92,TRADE
NSW1,2011/6/2 8:30,10057.46,26.93,TRADE
NSW1,2011/6/2 9:00,9922.96,25.77,TRADE
NSW1,2011/6/2 9:30,9915.21,25.76,TRADE
NSW1,2011/6/2 10:00,9882.4,25.89,TRADE
NSW1,2011/6/2 10:30,9807.93,25.95,TRADE
NSW1,2011/6/2 11:00,9783.67,25.95,TRADE
NSW1,2011/6/2 11:30,9680.15,25.95,TRADE
NSW1,2011/6/2 12:00,9609.28,25.94,TRADE
NSW1,2011/6/2 12:30,9430.81,25.56,TRADE
NSW1,2011/6/2 13:00,9311.1,25.58,TRADE
NSW1,2011/6/2 13:30,9410.8,25.67,TRADE
NSW1,2011/6/2 14:00,9364.53,25.58,TRADE
NSW1,2011/6/2 14:30,9357.52,25.5,TRADE
NSW1,2011/6/2 15:00,9331.39,25.23,TRADE
NSW1,2011/6/2 15:30,9326.27,25.64,TRADE
NSW1,2011/6/2 16:00,9437.88,25.7,TRADE
NSW1,2011/6/2 16:30,9610.56,25.41,TRADE
NSW1,2011/6/2 17:00,9842.16,26.13,TRADE
NSW1,2011/6/2 17:30,10461.75,26.41,TRADE
NSW1,2011/6/2 18:00,10935.25,27.12,TRADE
NSW1,2011/6/2 18:30,10936.85,26.86,TRADE
NSW1,2011/6/2 19:00,10858.1,26.84,TRADE
NSW1,2011/6/2 19:30,10651.92,26.48,TRADE
NSW1,2011/6/2 20:00,10456.79,25.95,TRADE
NSW1,2011/6/2 20:30,10343.17,26,TRADE
NSW1,2011/6/2 21:00,10169.01,25.99,TRADE
NSW1,2011/6/2 21:30,9844.47,25.45,TRADE
NSW1,2011/6/2 22:00,9466.94,25.22,TRADE
NSW1,2011/6/2 22:30,9549.3,26.76,TRADE
NSW1,2011/6/2 23:00,9287.98,25.7,TRADE
NSW1,2011/6/2 23:30,9126.95,25.73,TRADE
NSW1,2011/6/3 0:00,8993.38,25.67,TRADE
NSW1,2011/6/3 0:30,8739.48,25.31,TRADE
NSW1,2011/6/3 1:00,8532.43,25.01,TRADE
NSW1,2011/6/3 1:30,8335.59,25.54,TRADE
NSW1,2011/6/3 2:00,8141.59,24.98,TRADE
NSW1,2011/6/3 2:30,7761.8,24.3,TRADE
NSW1,2011/6/3 3:00,7496.13,24.38,TRADE
NSW1,2011/6/3 3:30,7237.44,22.77,TRADE
NSW1,2011/6/3 4:00,7169.17,23.58,TRADE
NSW1,2011/6/3 4:30,7120.5,22.92,TRADE
NSW1,2011/6/3 5:00,7205.53,24.38,TRADE
NSW1,2011/6/3 5:30,7523.99,24.64,TRADE
NSW1,2011/6/3 6:00,7955.72,25.13,TRADE
NSW1,2011/6/3 6:30,8758.26,28.36,TRADE
NSW1,2011/6/3 7:00,9530.5,27.85,TRADE
NSW1,2011/6/3 7:30,9918.59,26.2,TRADE
NSW1,2011/6/3 8:00,10320.25,27.88,TRADE
NSW1,2011/6/3 8:30,10326.03,28.39,TRADE
NSW1,2011/6/3 9:00,10147.23,25.83,TRADE
NSW1,2011/6/3 9:30,10044.61,26.78,TRADE
NSW1,2011/6/3 10:00,9997.57,28.03,TRADE
NSW1,2011/6/3 10:30,9882.12,26.58,TRADE
NSW1,2011/6/3 11:00,9854.85,28.07,TRADE
NSW1,2011/6/3 11:30,9658.62,27.02,TRADE
NSW1,2011/6/3 12:00,9532.53,26.22,TRADE
NSW1,2011/6/3 12:30,9404.93,25.84,TRADE
NSW1,2011/6/3 13:00,9228.73,25.66,TRADE
NSW1,2011/6/3 13:30,9293.61,25.76,TRADE
NSW1,2011/6/3 14:00,9213.39,25.58,TRADE
NSW1,2011/6/3 14:30,9218.77,25.77,TRADE
NSW1,2011/6/3 15:00,9103.99,25.74,TRADE
NSW1,2011/6/3 15:30,9088.83,25.62,TRADE
NSW1,2011/6/3 16:00,9144.21,25.61,TRADE
NSW1,2011/6/3 16:30,9326.53,25.54,TRADE
NSW1,2011/6/3 17:00,9585.03,25.84,TRADE
NSW1,2011/6/3 17:30,10156.41,25.83,TRADE
NSW1,2011/6/3 18:00,10605.46,27.57,TRADE
NSW1,2011/6/3 18:30,10594.31,26,TRADE
NSW1,2011/6/3 19:00,10419.34,25.53,TRADE
NSW1,2011/6/3 19:30,10120.06,25.4,TRADE
NSW1,2011/6/3 20:00,10039.3,25.44,TRADE
NSW1,2011/6/3 20:30,9866.31,25.53,TRADE
NSW1,2011/6/3 21:00,9814.82,25.54,TRADE
NSW1,2011/6/3 21:30,9568.21,25.34,TRADE
NSW1,2011/6/3 22:00,9397.92,25.03,TRADE
NSW1,2011/6/3 22:30,9481.71,26.76,TRADE
NSW1,2011/6/3 23:00,9252.14,25.48,TRADE
NSW1,2011/6/3 23:30,9231.77,25.88,TRADE
NSW1,2011/6/4 0:00,9131.22,25.56,TRADE
NSW1,2011/6/4 0:30,8853.09,25.28,TRADE
NSW1,2011/6/4 1:00,8668.41,25.01,TRADE
NSW1,2011/6/4 1:30,8441,26.38,TRADE
NSW1,2011/6/4 2:00,8175.1,25.06,TRADE
NSW1,2011/6/4 2:30,7767.01,24.45,TRADE
NSW1,2011/6/4 3:00,7404.84,23.32,TRADE
NSW1,2011/6/4 3:30,7204,21.39,TRADE
NSW1,2011/6/4 4:00,7034.38,19.69,TRADE
NSW1,2011/6/4 4:30,6974.76,19.69,TRADE
NSW1,2011/6/4 5:00,6914.31,20.03,TRADE
NSW1,2011/6/4 5:30,7056.87,20.24,TRADE
NSW1,2011/6/4 6:00,7153.87,19.69,TRADE
NSW1,2011/6/4 6:30,7447.24,21.1,TRADE
NSW1,2011/6/4 7:00,7730.96,25.05,TRADE
NSW1,2011/6/4 7:30,8136.91,25.08,TRADE
NSW1,2011/6/4 8:00,8657.3,25.18,TRADE
NSW1,2011/6/4 8:30,9083.61,26.36,TRADE
NSW1,2011/6/4 9:00,9277.93,25.72,TRADE
NSW1,2011/6/4 9:30,9460.44,25.52,TRADE
NSW1,2011/6/4 10:00,9395.18,25.35,TRADE
NSW1,2011/6/4 10:30,9347.38,25.35,TRADE
NSW1,2011/6/4 11:00,9295.5,25.22,TRADE
NSW1,2011/6/4 11:30,9133.9,25.18,TRADE
NSW1,2011/6/4 12:00,9052.32,25.21,TRADE
NSW1,2011/6/4 12:30,9015.52,25.16,TRADE
NSW1,2011/6/4 13:00,8954.57,25.19,TRADE
NSW1,2011/6/4 13:30,8812.05,25.21,TRADE
NSW1,2011/6/4 14:00,8794.84,25.18,TRADE
NSW1,2011/6/4 14:30,8738.56,25.18,TRADE
NSW1,2011/6/4 15:00,8735.02,25.04,TRADE
NSW1,2011/6/4 15:30,8843.72,25.38,TRADE
NSW1,2011/6/4 16:00,8993.75,25.36,TRADE
NSW1,2011/6/4 16:30,9271.93,25.42,TRADE
NSW1,2011/6/4 17:00,9714.36,26.09,TRADE
NSW1,2011/6/4 17:30,10164.93,26.48,TRADE
NSW1,2011/6/4 18:00,10373.72,27.83,TRADE
NSW1,2011/6/4 18:30,10351.31,26.94,TRADE
NSW1,2011/6/4 19:00,10094.79,26.17,TRADE
NSW1,2011/6/4 19:30,9866.88,25.64,TRADE
NSW1,2011/6/4 20:00,9620.78,25.18,TRADE
NSW1,2011/6/4 20:30,9487.39,25.55,TRADE
NSW1,2011/6/4 21:00,9344.56,25.33,TRADE
NSW1,2011/6/4 21:30,9194.47,25.5,TRADE
NSW1,2011/6/4 22:00,9027.76,25.52,TRADE
NSW1,2011/6/4 22:30,9022.1,25.53,TRADE
NSW1,2011/6/4 23:00,8885.52,25.52,TRADE
NSW1,2011/6/4 23:30,8819.7,26.65,TRADE
NSW1,2011/6/5 0:00,8627.85,25.97,TRADE
NSW1,2011/6/5 0:30,8321.11,25.8,TRADE
NSW1,2011/6/5 1:00,8143.18,25.38,TRADE
NSW1,2011/6/5 1:30,7944.51,25.53,TRADE
NSW1,2011/6/5 2:00,7732.52,25.03,TRADE
NSW1,2011/6/5 2:30,7445.35,25.05,TRADE
NSW1,2011/6/5 3:00,7201.59,25.27,TRADE
NSW1,2011/6/5 3:30,6997.09,24.13,TRADE
NSW1,2011/6/5 4:00,6928.13,23.36,TRADE
NSW1,2011/6/5 4:30,6837.16,22.24,TRADE
NSW1,2011/6/5 5:00,6855.57,21.62,TRADE
NSW1,2011/6/5 5:30,6908.27,19.63,TRADE
NSW1,2011/6/5 6:00,7033.32,19.5,TRADE
NSW1,2011/6/5 6:30,7195.88,19.66,TRADE
NSW1,2011/6/5 7:00,7454.22,19.74,TRADE
NSW1,2011/6/5 7:30,7758.96,21.38,TRADE
NSW1,2011/6/5 8:00,8200.66,25.01,TRADE
NSW1,2011/6/5 8:30,8605.98,25.01,TRADE
NSW1,2011/6/5 9:00,8944.57,25.21,TRADE
NSW1,2011/6/5 9:30,9161.56,25.72,TRADE
NSW1,2011/6/5 10:00,9166.06,25.36,TRADE
NSW1,2011/6/5 10:30,9127.79,25.31,TRADE
NSW1,2011/6/5 11:00,9059.72,25.11,TRADE
NSW1,2011/6/5 11:30,8837.5,25.01,TRADE
NSW1,2011/6/5 12:00,8722.35,25.01,TRADE
NSW1,2011/6/5 12:30,8538.9,25.01,TRADE
NSW1,2011/6/5 13:00,8407.01,25.01,TRADE
NSW1,2011/6/5 13:30,8313.79,24.87,TRADE
NSW1,2011/6/5 14:00,8244.54,24.85,TRADE
NSW1,2011/6/5 14:30,8253.44,24.97,TRADE
NSW1,2011/6/5 15:00,8284.26,25.01,TRADE
NSW1,2011/6/5 15:30,8338.09,25.01,TRADE
NSW1,2011/6/5 16:00,8459.03,25.01,TRADE
NSW1,2011/6/5 16:30,8759.81,25.01,TRADE
NSW1,2011/6/5 17:00,9301.59,26.82,TRADE
NSW1,2011/6/5 17:30,10020.56,27.82,TRADE
NSW1,2011/6/5 18:00,10539.42,27.68,TRADE
NSW1,2011/6/5 18:30,10641.26,28.72,TRADE
NSW1,2011/6/5 19:00,10492.03,26.79,TRADE
NSW1,2011/6/5 19:30,10272.08,26.34,TRADE
NSW1,2011/6/5 20:00,10093.19,26.05,TRADE
NSW1,2011/6/5 20:30,9988.68,26.83,TRADE
NSW1,2011/6/5 21:00,9749.72,26.26,TRADE
NSW1,2011/6/5 21:30,9443.18,25.58,TRADE
NSW1,2011/6/5 22:00,9143.8,25.24,TRADE
NSW1,2011/6/5 22:30,9043.41,25.06,TRADE
NSW1,2011/6/5 23:00,8747.36,25.17,TRADE
NSW1,2011/6/5 23:30,8559.05,25.99,TRADE
NSW1,2011/6/6 0:00,8313.26,25.72,TRADE
NSW1,2011/6/6 0:30,8030.58,25.01,TRADE
NSW1,2011/6/6 1:00,7882.07,25.01,TRADE
NSW1,2011/6/6 1:30,7766.79,25.34,TRADE
NSW1,2011/6/6 2:00,7609.19,24.96,TRADE
NSW1,2011/6/6 2:30,7332.4,24.75,TRADE
NSW1,2011/6/6 3:00,7082.4,24.88,TRADE
NSW1,2011/6/6 3:30,6996.24,24.23,TRADE
NSW1,2011/6/6 4:00,6908.79,22.85,TRADE
NSW1,2011/6/6 4:30,6907.87,24.23,TRADE
NSW1,2011/6/6 5:00,7046.65,24.91,TRADE
NSW1,2011/6/6 5:30,7417.57,25.01,TRADE
NSW1,2011/6/6 6:00,7898.11,25.33,TRADE
NSW1,2011/6/6 6:30,8820.6,30.08,TRADE
NSW1,2011/6/6 7:00,9636.91,28.73,TRADE
NSW1,2011/6/6 7:30,10126.03,26.41,TRADE
NSW1,2011/6/6 8:00,10598.92,27.54,TRADE
NSW1,2011/6/6 8:30,10629.04,26.81,TRADE
NSW1,2011/6/6 9:00,10433.69,26.31,TRADE
NSW1,2011/6/6 9:30,10418.31,26.44,TRADE
NSW1,2011/6/6 10:00,10317.21,25.94,TRADE
NSW1,2011/6/6 10:30,10224.38,25.95,TRADE
NSW1,2011/6/6 11:00,10153.96,25.95,TRADE
NSW1,2011/6/6 11:30,10040.42,25.95,TRADE
NSW1,2011/6/6 12:00,9936.69,25.95,TRADE
NSW1,2011/6/6 12:30,9874.02,25.95,TRADE
NSW1,2011/6/6 13:00,9837.01,25.95,TRADE
NSW1,2011/6/6 13:30,9871.94,25.89,TRADE
NSW1,2011/6/6 14:00,9815.37,25.95,TRADE
NSW1,2011/6/6 14:30,9743.23,25.73,TRADE
NSW1,2011/6/6 15:00,9691.31,25.95,TRADE
NSW1,2011/6/6 15:30,9851.61,26.11,TRADE
NSW1,2011/6/6 16:00,10042.26,26.89,TRADE
NSW1,2011/6/6 16:30,10286.37,27.14,TRADE
NSW1,2011/6/6 17:00,10755.98,28.77,TRADE
NSW1,2011/6/6 17:30,11432.7,37.59,TRADE
NSW1,2011/6/6 18:00,11906.9,35.44,TRADE
NSW1,2011/6/6 18:30,11847.3,31.62,TRADE
NSW1,2011/6/6 19:00,11678.12,28.54,TRADE
NSW1,2011/6/6 19:30,11441.94,27.35,TRADE
NSW1,2011/6/6 20:00,11273.34,29.51,TRADE
NSW1,2011/6/6 20:30,11022.67,27.25,TRADE
NSW1,2011/6/6 21:00,10761.72,26.43,TRADE
NSW1,2011/6/6 21:30,10451.28,26.05,TRADE
NSW1,2011/6/6 22:00,10018.83,25.68,TRADE
NSW1,2011/6/6 22:30,9984.86,31.71,TRADE
NSW1,2011/6/6 23:00,9707.58,26.92,TRADE
NSW1,2011/6/6 23:30,9482.53,27.5,TRADE
NSW1,2011/6/7 0:00,9349.08,26.72,TRADE
NSW1,2011/6/7 0:30,9089.51,26.82,TRADE
NSW1,2011/6/7 1:00,8916.49,26.77,TRADE
NSW1,2011/6/7 1:30,8695.85,27.43,TRADE
NSW1,2011/6/7 2:00,8485.65,26.51,TRADE
NSW1,2011/6/7 2:30,8143.57,25.3,TRADE
NSW1,2011/6/7 3:00,7793.01,25.01,TRADE
NSW1,2011/6/7 3:30,7576.08,25.14,TRADE
NSW1,2011/6/7 4:00,7409.86,24.97,TRADE
NSW1,2011/6/7 4:30,7366.16,25.01,TRADE
NSW1,2011/6/7 5:00,7449.4,25.01,TRADE
NSW1,2011/6/7 5:30,7778.95,25.12,TRADE
NSW1,2011/6/7 6:00,8298.75,25.99,TRADE
NSW1,2011/6/7 6:30,9217.41,28.81,TRADE
NSW1,2011/6/7 7:00,10100.25,30.04,TRADE
NSW1,2011/6/7 7:30,10603.6,26.99,TRADE
NSW1,2011/6/7 8:00,11126.89,29.46,TRADE
NSW1,2011/6/7 8:30,11210.37,29.69,TRADE
NSW1,2011/6/7 9:00,11089.49,26.99,TRADE
NSW1,2011/6/7 9:30,11065.95,29.76,TRADE
NSW1,2011/6/7 10:00,11004.19,28.37,TRADE
NSW1,2011/6/7 10:30,10831.11,29.01,TRADE
NSW1,2011/6/7 11:00,10683.13,26.98,TRADE
NSW1,2011/6/7 11:30,10466.83,26.85,TRADE
NSW1,2011/6/7 12:00,10337.31,26.75,TRADE
NSW1,2011/6/7 12:30,10241.96,26.7,TRADE
NSW1,2011/6/7 13:00,10115.95,25.99,TRADE
NSW1,2011/6/7 13:30,10082.91,26.24,TRADE
NSW1,2011/6/7 14:00,10105.11,27.04,TRADE
NSW1,2011/6/7 14:30,10085.95,27.28,TRADE
NSW1,2011/6/7 15:00,10042.9,26.12,TRADE
NSW1,2011/6/7 15:30,10009.06,25.95,TRADE
NSW1,2011/6/7 16:00,10118.69,25.77,TRADE
NSW1,2011/6/7 16:30,10438.02,26.28,TRADE
NSW1,2011/6/7 17:00,10999.21,28.37,TRADE
NSW1,2011/6/7 17:30,11869.15,38.19,TRADE
NSW1,2011/6/7 18:00,12422.7,40.31,TRADE
NSW1,2011/6/7 18:30,12458.3,39.39,TRADE
NSW1,2011/6/7 19:00,12336.64,35.97,TRADE
NSW1,2011/6/7 19:30,12062.64,32.53,TRADE
NSW1,2011/6/7 20:00,11911.93,32.45,TRADE
NSW1,2011/6/7 20:30,11723.34,31.47,TRADE
NSW1,2011/6/7 21:00,11460.99,28.93,TRADE
NSW1,2011/6/7 21:30,11104.99,26.99,TRADE
NSW1,2011/6/7 22:00,10650.26,26.23,TRADE
NSW1,2011/6/7 22:30,10471.84,32.09,TRADE
NSW1,2011/6/7 23:00,10020.5,27.38,TRADE
NSW1,2011/6/7 23:30,9698.03,27.6,TRADE
NSW1,2011/6/8 0:00,9458.47,26.34,TRADE
NSW1,2011/6/8 0:30,9193.86,26.6,TRADE
NSW1,2011/6/8 1:00,8964.3,26.13,TRADE
NSW1,2011/6/8 1:30,8775.08,30.26,TRADE
NSW1,2011/6/8 2:00,8526.22,26.48,TRADE
NSW1,2011/6/8 2:30,8182.95,25.11,TRADE
NSW1,2011/6/8 3:00,7817.81,24.95,TRADE
NSW1,2011/6/8 3:30,7526.84,24.84,TRADE
NSW1,2011/6/8 4:00,7397.43,23.78,TRADE
NSW1,2011/6/8 4:30,7354.23,20.87,TRADE
NSW1,2011/6/8 5:00,7439.75,23.29,TRADE
NSW1,2011/6/8 5:30,7806.36,24.77,TRADE
NSW1,2011/6/8 6:00,8338.8,25.33,TRADE
NSW1,2011/6/8 6:30,9277.34,28.91,TRADE
NSW1,2011/6/8 7:00,10200.17,34,TRADE
NSW1,2011/6/8 7:30,10732.35,27.97,TRADE
NSW1,2011/6/8 8:00,11213.09,35.86,TRADE
NSW1,2011/6/8 8:30,11194.75,36.8,TRADE
NSW1,2011/6/8 9:00,10994.45,29.32,TRADE
NSW1,2011/6/8 9:30,10929.5,28.6,TRADE
NSW1,2011/6/8 10:00,10824.48,27.37,TRADE
NSW1,2011/6/8 10:30,10695.92,26.95,TRADE
NSW1,2011/6/8 11:00,10517.76,26.53,TRADE
NSW1,2011/6/8 11:30,10323.02,26.66,TRADE
NSW1,2011/6/8 12:00,10097,25.82,TRADE
NSW1,2011/6/8 12:30,10004.06,25.95,TRADE
NSW1,2011/6/8 13:00,10010.79,25.8,TRADE
NSW1,2011/6/8 13:30,10020.85,25.95,TRADE
NSW1,2011/6/8 14:00,9996.08,26.1,TRADE
NSW1,2011/6/8 14:30,10013.09,26.04,TRADE
NSW1,2011/6/8 15:00,10027.86,25.95,TRADE
NSW1,2011/6/8 15:30,10080.15,26.1,TRADE
NSW1,2011/6/8 16:00,10272.49,25.93,TRADE
NSW1,2011/6/8 16:30,10621.1,28.83,TRADE
NSW1,2011/6/8 17:00,11194.72,37.5,TRADE
NSW1,2011/6/8 17:30,12126.53,78.17,TRADE
NSW1,2011/6/8 18:00,12733.4,119.82,TRADE
NSW1,2011/6/8 18:30,12736.43,99.34,TRADE
NSW1,2011/6/8 19:00,12626.71,72.13,TRADE
NSW1,2011/6/8 19:30,12362.9,51.83,TRADE
NSW1,2011/6/8 20:00,12174.11,41.25,TRADE
NSW1,2011/6/8 20:30,12021.18,36.71,TRADE
NSW1,2011/6/8 21:00,11739.46,32.77,TRADE
NSW1,2011/6/8 21:30,11302.95,26.83,TRADE
NSW1,2011/6/8 22:00,10803.48,25.99,TRADE
NSW1,2011/6/8 22:30,10620.45,30.96,TRADE
NSW1,2011/6/8 23:00,10200.86,27.19,TRADE
NSW1,2011/6/8 23:30,9927.66,26.78,TRADE
NSW1,2011/6/9 0:00,9709.47,26.22,TRADE
NSW1,2011/6/9 0:30,9402.07,26.35,TRADE
NSW1,2011/6/9 1:00,9151.4,25.77,TRADE
NSW1,2011/6/9 1:30,8945.63,27.06,TRADE
NSW1,2011/6/9 2:00,8727.61,26.32,TRADE
NSW1,2011/6/9 2:30,8348.28,25.2,TRADE
NSW1,2011/6/9 3:00,8032.1,25.01,TRADE
NSW1,2011/6/9 3:30,7765.82,24.95,TRADE
NSW1,2011/6/9 4:00,7617.16,24.84,TRADE
NSW1,2011/6/9 4:30,7581.7,24.96,TRADE
NSW1,2011/6/9 5:00,7647.21,25.01,TRADE
NSW1,2011/6/9 5:30,8011.79,25.01,TRADE
NSW1,2011/6/9 6:00,8499.43,25.42,TRADE
NSW1,2011/6/9 6:30,9490.28,31.3,TRADE
NSW1,2011/6/9 7:00,10456.45,36.79,TRADE
NSW1,2011/6/9 7:30,11031.65,28.36,TRADE
NSW1,2011/6/9 8:00,11576.99,37.72,TRADE
NSW1,2011/6/9 8:30,11539.92,30.23,TRADE
NSW1,2011/6/9 9:00,11216.48,27.62,TRADE
NSW1,2011/6/9 9:30,11197.07,28.96,TRADE
NSW1,2011/6/9 10:00,11051.55,29.04,TRADE
NSW1,2011/6/9 10:30,10923.73,28,TRADE
NSW1,2011/6/9 11:00,10771.3,26.66,TRADE
NSW1,2011/6/9 11:30,10516.55,26.44,TRADE
NSW1,2011/6/9 12:00,10302.67,26.31,TRADE
NSW1,2011/6/9 12:30,10217.28,25.83,TRADE
NSW1,2011/6/9 13:00,10101.1,25.95,TRADE
NSW1,2011/6/9 13:30,10039.08,26.18,TRADE
NSW1,2011/6/9 14:00,10050.48,26.88,TRADE
NSW1,2011/6/9 14:30,9968.89,26.45,TRADE
NSW1,2011/6/9 15:00,9901.78,25.95,TRADE
NSW1,2011/6/9 15:30,9913.65,26.13,TRADE
NSW1,2011/6/9 16:00,10036.72,26.31,TRADE
NSW1,2011/6/9 16:30,10269.41,26.42,TRADE
NSW1,2011/6/9 17:00,10846.96,27.24,TRADE
NSW1,2011/6/9 17:30,11686.68,41.61,TRADE
NSW1,2011/6/9 18:00,12299.48,61.89,TRADE
NSW1,2011/6/9 18:30,12367.92,55.95,TRADE
NSW1,2011/6/9 19:00,12293.89,52.67,TRADE
NSW1,2011/6/9 19:30,12049.01,40.18,TRADE
NSW1,2011/6/9 20:00,11849.11,40.38,TRADE
NSW1,2011/6/9 20:30,11746.2,45.31,TRADE
NSW1,2011/6/9 21:00,11538.81,40.76,TRADE
NSW1,2011/6/9 21:30,11140.77,31.08,TRADE
NSW1,2011/6/9 22:00,10696.03,29.24,TRADE
NSW1,2011/6/9 22:30,10556.46,40.68,TRADE
NSW1,2011/6/9 23:00,10151.71,31.41,TRADE
NSW1,2011/6/9 23:30,9907.66,32.75,TRADE
NSW1,2011/6/10 0:00,9681.06,29.03,TRADE
NSW1,2011/6/10 0:30,9353.51,29.71,TRADE
NSW1,2011/6/10 1:00,9141.85,26.32,TRADE
NSW1,2011/6/10 1:30,8925.63,26.86,TRADE
NSW1,2011/6/10 2:00,8683.13,25.46,TRADE
NSW1,2011/6/10 2:30,8328.52,25.38,TRADE
NSW1,2011/6/10 3:00,8025.4,25.1,TRADE
NSW1,2011/6/10 3:30,7761.13,24.96,TRADE
NSW1,2011/6/10 4:00,7583.02,24.97,TRADE
NSW1,2011/6/10 4:30,7519.97,25,TRADE
NSW1,2011/6/10 5:00,7611.3,25.01,TRADE
NSW1,2011/6/10 5:30,7948.39,25.38,TRADE
NSW1,2011/6/10 6:00,8463.23,26.26,TRADE
NSW1,2011/6/10 6:30,9401.76,30.32,TRADE
NSW1,2011/6/10 7:00,10293.43,34.09,TRADE
NSW1,2011/6/10 7:30,10807.93,28.55,TRADE
NSW1,2011/6/10 8:00,11281.24,42.57,TRADE
NSW1,2011/6/10 8:30,11308.36,42.84,TRADE
NSW1,2011/6/10 9:00,11080.4,35.15,TRADE
NSW1,2011/6/10 9:30,11013.11,33.5,TRADE
NSW1,2011/6/10 10:00,10899.15,29.15,TRADE
NSW1,2011/6/10 10:30,10716.68,27.3,TRADE
NSW1,2011/6/10 11:00,10535.03,27.05,TRADE
NSW1,2011/6/10 11:30,10347.52,26.73,TRADE
NSW1,2011/6/10 12:00,10264.3,26.35,TRADE
NSW1,2011/6/10 12:30,10211.99,25.93,TRADE
NSW1,2011/6/10 13:00,10159.32,25.95,TRADE
NSW1,2011/6/10 13:30,10112.49,25.95,TRADE
NSW1,2011/6/10 14:00,10103.89,25.95,TRADE
NSW1,2011/6/10 14:30,10167.72,25.9,TRADE
NSW1,2011/6/10 15:00,10131.45,25.89,TRADE
NSW1,2011/6/10 15:30,10256.53,26.1,TRADE
NSW1,2011/6/10 16:00,10428.29,26.03,TRADE
NSW1,2011/6/10 16:30,10659.91,26.73,TRADE
NSW1,2011/6/10 17:00,11041.16,27.11,TRADE
NSW1,2011/6/10 17:30,11604.33,37.22,TRADE
NSW1,2011/6/10 18:00,12058.56,43.97,TRADE
NSW1,2011/6/10 18:30,11997.02,40.59,TRADE
NSW1,2011/6/10 19:00,11851.34,38.52,TRADE
NSW1,2011/6/10 19:30,11548.53,31.8,TRADE
NSW1,2011/6/10 20:00,11441.12,31.4,TRADE
NSW1,2011/6/10 20:30,11205.16,28.18,TRADE
NSW1,2011/6/10 21:00,11109.31,28.33,TRADE
NSW1,2011/6/10 21:30,10797.69,27.83,TRADE
NSW1,2011/6/10 22:00,10498.6,27.49,TRADE
NSW1,2011/6/10 22:30,10500.53,35.39,TRADE
NSW1,2011/6/10 23:00,10202.07,30.53,TRADE
NSW1,2011/6/10 23:30,10032.21,31.84,TRADE
NSW1,2011/6/11 0:00,9822.78,29.04,TRADE
NSW1,2011/6/11 0:30,9484.44,28.48,TRADE
NSW1,2011/6/11 1:00,9267.03,26.39,TRADE
NSW1,2011/6/11 1:30,8970.89,29.78,TRADE
NSW1,2011/6/11 2:00,8713.65,26.95,TRADE
NSW1,2011/6/11 2:30,8272.47,25.33,TRADE
NSW1,2011/6/11 3:00,7853.63,25.01,TRADE
NSW1,2011/6/11 3:30,7574.1,24.79,TRADE
NSW1,2011/6/11 4:00,7378.96,24.68,TRADE
NSW1,2011/6/11 4:30,7264.27,24.51,TRADE
NSW1,2011/6/11 5:00,7250.59,24.53,TRADE
NSW1,2011/6/11 5:30,7375.16,24.29,TRADE
NSW1,2011/6/11 6:00,7522.24,23.98,TRADE
NSW1,2011/6/11 6:30,7850.2,25.26,TRADE
NSW1,2011/6/11 7:00,8247.59,25.27,TRADE
NSW1,2011/6/11 7:30,8654.42,25.69,TRADE
NSW1,2011/6/11 8:00,9218.98,27.4,TRADE
NSW1,2011/6/11 8:30,9781.85,28.52,TRADE
NSW1,2011/6/11 9:00,9972.54,29.62,TRADE
NSW1,2011/6/11 9:30,10272.18,31,TRADE
NSW1,2011/6/11 10:00,10177.11,31.41,TRADE
NSW1,2011/6/11 10:30,10109.88,30.7,TRADE
NSW1,2011/6/11 11:00,9935.79,29.37,TRADE
NSW1,2011/6/11 11:30,9819.98,28.86,TRADE
NSW1,2011/6/11 12:00,9671.67,27.13,TRADE
NSW1,2011/6/11 12:30,9545.44,26.68,TRADE
NSW1,2011/6/11 13:00,9487.52,26.32,TRADE
NSW1,2011/6/11 13:30,9384.31,25.82,TRADE
NSW1,2011/6/11 14:00,9378.58,25.62,TRADE
NSW1,2011/6/11 14:30,9297.74,25.56,TRADE
NSW1,2011/6/11 15:00,9331.57,25.76,TRADE
NSW1,2011/6/11 15:30,9536.09,25.86,TRADE
NSW1,2011/6/11 16:00,9751.42,26.48,TRADE
NSW1,2011/6/11 16:30,10032.53,28,TRADE
NSW1,2011/6/11 17:00,10477.57,29.33,TRADE
NSW1,2011/6/11 17:30,10950.6,39,TRADE
NSW1,2011/6/11 18:00,11188.64,44.15,TRADE
NSW1,2011/6/11 18:30,11137.3,44.48,TRADE
NSW1,2011/6/11 19:00,10921.42,37.41,TRADE
NSW1,2011/6/11 19:30,10582.37,29.7,TRADE
NSW1,2011/6/11 20:00,10378.95,27.17,TRADE
NSW1,2011/6/11 20:30,10174.64,26.87,TRADE
NSW1,2011/6/11 21:00,10061.25,26.38,TRADE
NSW1,2011/6/11 21:30,9853.25,26.3,TRADE
NSW1,2011/6/11 22:00,9567.58,25.82,TRADE
NSW1,2011/6/11 22:30,9527.59,26.19,TRADE
NSW1,2011/6/11 23:00,9297.04,26.04,TRADE
NSW1,2011/6/11 23:30,9174.55,27.79,TRADE
NSW1,2011/6/12 0:00,8936.48,26.47,TRADE
NSW1,2011/6/12 0:30,8591.05,25.22,TRADE
NSW1,2011/6/12 1:00,8327.37,25.26,TRADE
NSW1,2011/6/12 1:30,8152.25,25.38,TRADE
NSW1,2011/6/12 2:00,7908.96,24.92,TRADE
NSW1,2011/6/12 2:30,7529.22,24.38,TRADE
NSW1,2011/6/12 3:00,7285.04,23.9,TRADE
NSW1,2011/6/12 3:30,7053.39,20.2,TRADE
NSW1,2011/6/12 4:00,6953.54,19.34,TRADE
NSW1,2011/6/12 4:30,6878.69,19.13,TRADE
NSW1,2011/6/12 5:00,6802.36,18.94,TRADE
NSW1,2011/6/12 5:30,6926.04,20.33,TRADE
NSW1,2011/6/12 6:00,7015.6,19.74,TRADE
NSW1,2011/6/12 6:30,7186.98,19.75,TRADE
NSW1,2011/6/12 7:00,7462.69,21.2,TRADE
NSW1,2011/6/12 7:30,7819.89,22.95,TRADE
NSW1,2011/6/12 8:00,8240.62,24.77,TRADE
NSW1,2011/6/12 8:30,8792.87,25.27,TRADE
NSW1,2011/6/12 9:00,9234.88,25.86,TRADE
NSW1,2011/6/12 9:30,9597.1,26.6,TRADE
NSW1,2011/6/12 10:00,9730.87,26.39,TRADE
NSW1,2011/6/12 10:30,9880.72,26.21,TRADE
NSW1,2011/6/12 11:00,9808.96,25.7,TRADE
NSW1,2011/6/12 11:30,9756.06,25.41,TRADE
NSW1,2011/6/12 12:00,9556.81,25.38,TRADE
NSW1,2011/6/12 12:30,9630.85,25.41,TRADE
NSW1,2011/6/12 13:00,9592.68,25.44,TRADE
NSW1,2011/6/12 13:30,9364.01,25.04,TRADE
NSW1,2011/6/12 14:00,9299.79,25.11,TRADE
NSW1,2011/6/12 14:30,9248.04,25.14,TRADE
NSW1,2011/6/12 15:00,9237.46,25.08,TRADE
NSW1,2011/6/12 15:30,9322.14,25.29,TRADE
NSW1,2011/6/12 16:00,9537.31,25.59,TRADE
NSW1,2011/6/12 16:30,9770.54,25.76,TRADE
NSW1,2011/6/12 17:00,10228.37,28.33,TRADE
NSW1,2011/6/12 17:30,10680.61,31.82,TRADE
NSW1,2011/6/12 18:00,10910.07,35.89,TRADE
NSW1,2011/6/12 18:30,10926.82,35.73,TRADE
NSW1,2011/6/12 19:00,10731.72,30.97,TRADE
NSW1,2011/6/12 19:30,10467.73,27.39,TRADE
NSW1,2011/6/12 20:00,10218.48,27.07,TRADE
NSW1,2011/6/12 20:30,10135.93,27.27,TRADE
NSW1,2011/6/12 21:00,9904.6,26.35,TRADE
NSW1,2011/6/12 21:30,9680.95,26.07,TRADE
NSW1,2011/6/12 22:00,9501.88,25.98,TRADE
NSW1,2011/6/12 22:30,9371.69,26.6,TRADE
NSW1,2011/6/12 23:00,9147.6,25.97,TRADE
NSW1,2011/6/12 23:30,8929.05,26.46,TRADE
NSW1,2011/6/13 0:00,8669.72,25.14,TRADE
NSW1,2011/6/13 0:30,8345.56,24.53,TRADE
NSW1,2011/6/13 1:00,8105.43,24.58,TRADE
NSW1,2011/6/13 1:30,7897.77,25.25,TRADE
NSW1,2011/6/13 2:00,7738.93,25.24,TRADE
NSW1,2011/6/13 2:30,7322.05,24.31,TRADE
NSW1,2011/6/13 3:00,7101.31,24.24,TRADE
NSW1,2011/6/13 3:30,6956.71,23.26,TRADE
NSW1,2011/6/13 4:00,6838.73,23.32,TRADE
NSW1,2011/6/13 4:30,6790.77,23.61,TRADE
NSW1,2011/6/13 5:00,6774.55,19.46,TRADE
NSW1,2011/6/13 5:30,6852.98,19.69,TRADE
NSW1,2011/6/13 6:00,6957.68,19.64,TRADE
NSW1,2011/6/13 6:30,7252.53,23.18,TRADE
NSW1,2011/6/13 7:00,7477.58,23.44,TRADE
NSW1,2011/6/13 7:30,7696.81,24.11,TRADE
NSW1,2011/6/13 8:00,8050.8,25.38,TRADE
NSW1,2011/6/13 8:30,8583.89,26.96,TRADE
NSW1,2011/6/13 9:00,8946.41,27.09,TRADE
NSW1,2011/6/13 9:30,9296.73,27.7,TRADE
NSW1,2011/6/13 10:00,9488.73,27.38,TRADE
NSW1,2011/6/13 10:30,9652.13,28.17,TRADE
NSW1,2011/6/13 11:00,9672.96,26.55,TRADE
NSW1,2011/6/13 11:30,9586.2,27.35,TRADE
NSW1,2011/6/13 12:00,9481.69,26.87,TRADE
NSW1,2011/6/13 12:30,9484.49,26.61,TRADE
NSW1,2011/6/13 13:00,9396.22,26.28,TRADE
NSW1,2011/6/13 13:30,9223.79,25.57,TRADE
NSW1,2011/6/13 14:00,9227.27,25.71,TRADE
NSW1,2011/6/13 14:30,9200.45,25.64,TRADE
NSW1,2011/6/13 15:00,9271.93,25.81,TRADE
NSW1,2011/6/13 15:30,9382.13,27.12,TRADE
NSW1,2011/6/13 16:00,9546.85,25.81,TRADE
NSW1,2011/6/13 16:30,9813.28,26.68,TRADE
NSW1,2011/6/13 17:00,10281.71,27.77,TRADE
NSW1,2011/6/13 17:30,10889.76,35.56,TRADE
NSW1,2011/6/13 18:00,11287.52,43.97,TRADE
NSW1,2011/6/13 18:30,11185.83,40.5,TRADE
NSW1,2011/6/13 19:00,11023.17,32.3,TRADE
NSW1,2011/6/13 19:30,10707.78,27.51,TRADE
NSW1,2011/6/13 20:00,10477.38,28.35,TRADE
NSW1,2011/6/13 20:30,10279.52,27.56,TRADE
NSW1,2011/6/13 21:00,10045.15,26.03,TRADE
NSW1,2011/6/13 21:30,9769.03,25.68,TRADE
NSW1,2011/6/13 22:00,9465.56,24.91,TRADE
NSW1,2011/6/13 22:30,9393.03,25.51,TRADE
NSW1,2011/6/13 23:00,9135.7,25.49,TRADE
NSW1,2011/6/13 23:30,8995.08,28.03,TRADE
NSW1,2011/6/14 0:00,8831.97,26.16,TRADE
NSW1,2011/6/14 0:30,8657.41,25.36,TRADE
NSW1,2011/6/14 1:00,8507.82,25.29,TRADE
NSW1,2011/6/14 1:30,8327.13,25.47,TRADE
NSW1,2011/6/14 2:00,8120.98,24.96,TRADE
NSW1,2011/6/14 2:30,7758.66,24.69,TRADE
NSW1,2011/6/14 3:00,7468.3,24.14,TRADE
NSW1,2011/6/14 3:30,7182.87,24.24,TRADE
NSW1,2011/6/14 4:00,7064.94,23.61,TRADE
NSW1,2011/6/14 4:30,6981.74,24.11,TRADE
NSW1,2011/6/14 5:00,7082.79,25.22,TRADE
NSW1,2011/6/14 5:30,7378.83,25.17,TRADE
NSW1,2011/6/14 6:00,7788.33,25.09,TRADE
NSW1,2011/6/14 6:30,8642.36,30.99,TRADE
NSW1,2011/6/14 7:00,9421.51,35.26,TRADE
NSW1,2011/6/14 7:30,9931.27,29.3,TRADE
NSW1,2011/6/14 8:00,10475.58,41.02,TRADE
NSW1,2011/6/14 8:30,10569.58,40.21,TRADE
NSW1,2011/6/14 9:00,10471.32,36.04,TRADE
NSW1,2011/6/14 9:30,10552.62,37.67,TRADE
NSW1,2011/6/14 10:00,10571.75,33.53,TRADE
NSW1,2011/6/14 10:30,10559.76,29.59,TRADE
NSW1,2011/6/14 11:00,10476.92,29.27,TRADE
NSW1,2011/6/14 11:30,10374.52,26.73,TRADE
NSW1,2011/6/14 12:00,10288.06,26.56,TRADE
NSW1,2011/6/14 12:30,10217.88,27.06,TRADE
NSW1,2011/6/14 13:00,10179.03,27.15,TRADE
NSW1,2011/6/14 13:30,10166.55,26.9,TRADE
NSW1,2011/6/14 14:00,10191.43,26.99,TRADE
NSW1,2011/6/14 14:30,10194.17,26.92,TRADE
NSW1,2011/6/14 15:00,10142.69,26.96,TRADE
NSW1,2011/6/14 15:30,10112.53,26.88,TRADE
NSW1,2011/6/14 16:00,10214.45,26.49,TRADE
NSW1,2011/6/14 16:30,10441.35,25.88,TRADE
NSW1,2011/6/14 17:00,10942.83,29.07,TRADE
NSW1,2011/6/14 17:30,11608.93,37.43,TRADE
NSW1,2011/6/14 18:00,12032.11,64.6,TRADE
NSW1,2011/6/14 18:30,11935.91,55.94,TRADE
NSW1,2011/6/14 19:00,11757.04,52.34,TRADE
NSW1,2011/6/14 19:30,11484.65,37.94,TRADE
NSW1,2011/6/14 20:00,11228.93,32.52,TRADE
NSW1,2011/6/14 20:30,10981.31,30.33,TRADE
NSW1,2011/6/14 21:00,10706.93,29.29,TRADE
NSW1,2011/6/14 21:30,10406.16,27.41,TRADE
NSW1,2011/6/14 22:00,10018.59,26.53,TRADE
NSW1,2011/6/14 22:30,9935.74,33.51,TRADE
NSW1,2011/6/14 23:00,9604.76,27.18,TRADE
NSW1,2011/6/14 23:30,9340.73,27.25,TRADE
NSW1,2011/6/15 0:00,9168.75,25.81,TRADE
NSW1,2011/6/15 0:30,8985.93,26,TRADE
NSW1,2011/6/15 1:00,8773.72,25.17,TRADE
NSW1,2011/6/15 1:30,8564.25,25.24,TRADE
NSW1,2011/6/15 2:00,8312.99,27.18,TRADE
NSW1,2011/6/15 2:30,7937.12,24.05,TRADE
NSW1,2011/6/15 3:00,7584.09,22.98,TRADE
NSW1,2011/6/15 3:30,7328.54,22.71,TRADE
NSW1,2011/6/15 4:00,7213.37,21.07,TRADE
NSW1,2011/6/15 4:30,7126.8,21.12,TRADE
NSW1,2011/6/15 5:00,7225.33,24.21,TRADE
NSW1,2011/6/15 5:30,7419.58,24.95,TRADE
NSW1,2011/6/15 6:00,7909.39,25.53,TRADE
NSW1,2011/6/15 6:30,8755.47,28.89,TRADE
NSW1,2011/6/15 7:00,9536.27,31.93,TRADE
NSW1,2011/6/15 7:30,10025.01,26.97,TRADE
NSW1,2011/6/15 8:00,10469.81,29.11,TRADE
NSW1,2011/6/15 8:30,10544.99,27.55,TRADE
NSW1,2011/6/15 9:00,10432.19,27.47,TRADE
NSW1,2011/6/15 9:30,10487.86,28.34,TRADE
NSW1,2011/6/15 10:00,10521.77,29.1,TRADE
NSW1,2011/6/15 10:30,10478.71,26.59,TRADE
NSW1,2011/6/15 11:00,10425.94,26.55,TRADE
NSW1,2011/6/15 11:30,10258.21,25.83,TRADE
NSW1,2011/6/15 12:00,10151.35,26.1,TRADE
NSW1,2011/6/15 12:30,10119.32,26,TRADE
NSW1,2011/6/15 13:00,10061.24,25.91,TRADE
NSW1,2011/6/15 13:30,10012.93,25.99,TRADE
NSW1,2011/6/15 14:00,9975.29,25.91,TRADE
NSW1,2011/6/15 14:30,9986.98,26.16,TRADE
NSW1,2011/6/15 15:00,9954.42,25.75,TRADE
NSW1,2011/6/15 15:30,9978.31,26.77,TRADE
NSW1,2011/6/15 16:00,10121.78,27.03,TRADE
NSW1,2011/6/15 16:30,10359.88,27.94,TRADE
NSW1,2011/6/15 17:00,10794.56,29.22,TRADE
NSW1,2011/6/15 17:30,11403.58,51.25,TRADE
NSW1,2011/6/15 18:00,11700.25,83.67,TRADE
NSW1,2011/6/15 18:30,11623.73,50.83,TRADE
NSW1,2011/6/15 19:00,11462.65,41.14,TRADE
NSW1,2011/6/15 19:30,11202.72,34.42,TRADE
NSW1,2011/6/15 20:00,10973.43,31.11,TRADE
NSW1,2011/6/15 20:30,10742.29,29.13,TRADE
NSW1,2011/6/15 21:00,10485.85,28.06,TRADE
NSW1,2011/6/15 21:30,10216.1,27.26,TRADE
NSW1,2011/6/15 22:00,9898.72,26.92,TRADE
NSW1,2011/6/15 22:30,9891.06,33.51,TRADE
NSW1,2011/6/15 23:00,9521.38,28.87,TRADE
NSW1,2011/6/15 23:30,9342.06,28.25,TRADE
NSW1,2011/6/16 0:00,9185.15,26.64,TRADE
NSW1,2011/6/16 0:30,8884.03,26.67,TRADE
NSW1,2011/6/16 1:00,8666.59,25.6,TRADE
NSW1,2011/6/16 1:30,8491.78,25.4,TRADE
NSW1,2011/6/16 2:00,8292.27,25.11,TRADE
NSW1,2011/6/16 2:30,7909.31,24.6,TRADE
NSW1,2011/6/16 3:00,7557.56,24.2,TRADE
NSW1,2011/6/16 3:30,7295.48,19.11,TRADE
NSW1,2011/6/16 4:00,7144.93,18.8,TRADE
NSW1,2011/6/16 4:30,7115.95,19.03,TRADE
NSW1,2011/6/16 5:00,7228.6,20.14,TRADE
NSW1,2011/6/16 5:30,7529.65,24.53,TRADE
NSW1,2011/6/16 6:00,7936.72,25.03,TRADE
NSW1,2011/6/16 6:30,8758.16,32.41,TRADE
NSW1,2011/6/16 7:00,9513.88,31.16,TRADE
NSW1,2011/6/16 7:30,9968.05,29.02,TRADE
NSW1,2011/6/16 8:00,10356.9,33.72,TRADE
NSW1,2011/6/16 8:30,10307.51,32.99,TRADE
NSW1,2011/6/16 9:00,10269.24,28.15,TRADE
NSW1,2011/6/16 9:30,10259.74,31.37,TRADE
NSW1,2011/6/16 10:00,10216.45,31.59,TRADE
NSW1,2011/6/16 10:30,10214.44,29.82,TRADE
NSW1,2011/6/16 11:00,10202.41,27.59,TRADE
NSW1,2011/6/16 11:30,10030.64,28.53,TRADE
NSW1,2011/6/16 12:00,9950.79,28.95,TRADE
NSW1,2011/6/16 12:30,9891.65,29.56,TRADE
NSW1,2011/6/16 13:00,9791.65,29.85,TRADE
NSW1,2011/6/16 13:30,9718.89,30.68,TRADE
NSW1,2011/6/16 14:00,9718.03,29.98,TRADE
NSW1,2011/6/16 14:30,9668.95,29.57,TRADE
NSW1,2011/6/16 15:00,9615.82,28.86,TRADE
NSW1,2011/6/16 15:30,9623.36,29.64,TRADE
NSW1,2011/6/16 16:00,9708.89,29.93,TRADE
NSW1,2011/6/16 16:30,9924.59,30.02,TRADE
NSW1,2011/6/16 17:00,10301.15,31.2,TRADE
NSW1,2011/6/16 17:30,11000.88,37.26,TRADE
NSW1,2011/6/16 18:00,11533.44,75.08,TRADE
NSW1,2011/6/16 18:30,11542.68,48.56,TRADE
NSW1,2011/6/16 19:00,11442.94,44.27,TRADE
NSW1,2011/6/16 19:30,11243.58,35.34,TRADE
NSW1,2011/6/16 20:00,11073.16,34.44,TRADE
NSW1,2011/6/16 20:30,10934.71,37.56,TRADE
NSW1,2011/6/16 21:00,10810.05,31.01,TRADE
NSW1,2011/6/16 21:30,10487.32,26.53,TRADE
NSW1,2011/6/16 22:00,10082.04,25.58,TRADE
NSW1,2011/6/16 22:30,10105.82,31.69,TRADE
NSW1,2011/6/16 23:00,9781.81,27.75,TRADE
NSW1,2011/6/16 23:30,9564.78,27.17,TRADE
NSW1,2011/6/17 0:00,9356.48,26.45,TRADE
NSW1,2011/6/17 0:30,9073.93,25.61,TRADE
NSW1,2011/6/17 1:00,8835.93,25.58,TRADE
NSW1,2011/6/17 1:30,8611.57,25.46,TRADE
NSW1,2011/6/17 2:00,8360.53,24.65,TRADE
NSW1,2011/6/17 2:30,7978.26,24,TRADE
NSW1,2011/6/17 3:00,7607.49,20.36,TRADE
NSW1,2011/6/17 3:30,7319.59,18.13,TRADE
NSW1,2011/6/17 4:00,7148.06,18.89,TRADE
NSW1,2011/6/17 4:30,7122.97,18.71,TRADE
NSW1,2011/6/17 5:00,7218.04,21.21,TRADE
NSW1,2011/6/17 5:30,7536.04,24.34,TRADE
NSW1,2011/6/17 6:00,7985.86,25.04,TRADE
NSW1,2011/6/17 6:30,8848.85,29.19,TRADE
NSW1,2011/6/17 7:00,9684.08,29.83,TRADE
NSW1,2011/6/17 7:30,10206.96,28.44,TRADE
NSW1,2011/6/17 8:00,10650.36,32.27,TRADE
NSW1,2011/6/17 8:30,10643.92,32.17,TRADE
NSW1,2011/6/17 9:00,10472.41,29.4,TRADE
NSW1,2011/6/17 9:30,10380.57,30.41,TRADE
NSW1,2011/6/17 10:00,10325.06,29.83,TRADE
NSW1,2011/6/17 10:30,10168.79,27.03,TRADE
NSW1,2011/6/17 11:00,10054.47,27.25,TRADE
NSW1,2011/6/17 11:30,9778.38,26.09,TRADE
NSW1,2011/6/17 12:00,9691.11,26.37,TRADE
NSW1,2011/6/17 12:30,9675.39,26.04,TRADE
NSW1,2011/6/17 13:00,9556.3,25.57,TRADE
NSW1,2011/6/17 13:30,9522.48,25.51,TRADE
NSW1,2011/6/17 14:00,9497.14,25.68,TRADE
NSW1,2011/6/17 14:30,9513.77,25.44,TRADE
NSW1,2011/6/17 15:00,9479.01,25.65,TRADE
NSW1,2011/6/17 15:30,9482.5,25.29,TRADE
NSW1,2011/6/17 16:00,9632.09,26.25,TRADE
NSW1,2011/6/17 16:30,9832.89,25.79,TRADE
NSW1,2011/6/17 17:00,10290.7,26.65,TRADE
NSW1,2011/6/17 17:30,10994.6,34.07,TRADE
NSW1,2011/6/17 18:00,11471.28,43.86,TRADE
NSW1,2011/6/17 18:30,11446.52,37.54,TRADE
NSW1,2011/6/17 19:00,11382.42,38,TRADE
NSW1,2011/6/17 19:30,11090.49,30.93,TRADE
NSW1,2011/6/17 20:00,10975.86,33.57,TRADE
NSW1,2011/6/17 20:30,10828.99,28.76,TRADE
NSW1,2011/6/17 21:00,10658.14,27.21,TRADE
NSW1,2011/6/17 21:30,10399.37,26.6,TRADE
NSW1,2011/6/17 22:00,10088.61,26.5,TRADE
NSW1,2011/6/17 22:30,10110.48,31.25,TRADE
NSW1,2011/6/17 23:00,9853.46,28.11,TRADE
NSW1,2011/6/17 23:30,9738.22,29.49,TRADE
NSW1,2011/6/18 0:00,9530.87,28.45,TRADE
NSW1,2011/6/18 0:30,9197.33,27.46,TRADE
NSW1,2011/6/18 1:00,8957.58,26,TRADE
NSW1,2011/6/18 1:30,8671.17,26.22,TRADE
NSW1,2011/6/18 2:00,8355.36,24.77,TRADE
NSW1,2011/6/18 2:30,7998.23,24.5,TRADE
NSW1,2011/6/18 3:00,7609.24,23.93,TRADE
NSW1,2011/6/18 3:30,7316.74,19.01,TRADE
NSW1,2011/6/18 4:00,7171.11,19.53,TRADE
NSW1,2011/6/18 4:30,7050.99,19.73,TRADE
NSW1,2011/6/18 5:00,7016.02,17.86,TRADE
NSW1,2011/6/18 5:30,7129.35,19.73,TRADE
NSW1,2011/6/18 6:00,7297.08,20.22,TRADE
NSW1,2011/6/18 6:30,7555.74,23.04,TRADE
NSW1,2011/6/18 7:00,7990.14,25.1,TRADE
NSW1,2011/6/18 7:30,8354.57,25.14,TRADE
NSW1,2011/6/18 8:00,8993.72,25.97,TRADE
NSW1,2011/6/18 8:30,9452.54,27.13,TRADE
NSW1,2011/6/18 9:00,9740.56,26.96,TRADE
NSW1,2011/6/18 9:30,9923.28,27.79,TRADE
NSW1,2011/6/18 10:00,9819.43,27.93,TRADE
NSW1,2011/6/18 10:30,9755.44,27.55,TRADE
NSW1,2011/6/18 11:00,9472.53,26.75,TRADE
NSW1,2011/6/18 11:30,9295.33,26.05,TRADE
NSW1,2011/6/18 12:00,9123.47,25.53,TRADE
NSW1,2011/6/18 12:30,8966.57,25.29,TRADE
NSW1,2011/6/18 13:00,8864.11,25.44,TRADE
NSW1,2011/6/18 13:30,8735.11,25.22,TRADE
NSW1,2011/6/18 14:00,8680.5,25.43,TRADE
NSW1,2011/6/18 14:30,8610.84,24.72,TRADE
NSW1,2011/6/18 15:00,8586.91,25.08,TRADE
NSW1,2011/6/18 15:30,8751.27,25.95,TRADE
NSW1,2011/6/18 16:00,8880.26,25.82,TRADE
NSW1,2011/6/18 16:30,9150.69,26.05,TRADE
NSW1,2011/6/18 17:00,9661.2,27.16,TRADE
NSW1,2011/6/18 17:30,10302.38,35.3,TRADE
NSW1,2011/6/18 18:00,10873.65,66.77,TRADE
NSW1,2011/6/18 18:30,10805.25,49.92,TRADE
NSW1,2011/6/18 19:00,10623.62,40.05,TRADE
NSW1,2011/6/18 19:30,10406.07,32.19,TRADE
NSW1,2011/6/18 20:00,10158.41,32.03,TRADE
NSW1,2011/6/18 20:30,10042.88,31.38,TRADE
NSW1,2011/6/18 21:00,9932.89,29.14,TRADE
NSW1,2011/6/18 21:30,9717.02,29.34,TRADE
NSW1,2011/6/18 22:00,9458.93,27.38,TRADE
NSW1,2011/6/18 22:30,9407.19,32.02,TRADE
NSW1,2011/6/18 23:00,9202.84,28.49,TRADE
NSW1,2011/6/18 23:30,9093.17,32.31,TRADE
NSW1,2011/6/19 0:00,8852.19,29.19,TRADE
NSW1,2011/6/19 0:30,8455.71,26.68,TRADE
NSW1,2011/6/19 1:00,8192.81,25.32,TRADE
NSW1,2011/6/19 1:30,7971.22,24.81,TRADE
NSW1,2011/6/19 2:00,7792.53,24.23,TRADE
NSW1,2011/6/19 2:30,7420.07,23.67,TRADE
NSW1,2011/6/19 3:00,7204.43,22.44,TRADE
NSW1,2011/6/19 3:30,6981.96,20.66,TRADE
NSW1,2011/6/19 4:00,6973.49,19.69,TRADE
NSW1,2011/6/19 4:30,6899.75,19.54,TRADE
NSW1,2011/6/19 5:00,6912.92,19.71,TRADE
NSW1,2011/6/19 5:30,7006.5,19.68,TRADE
NSW1,2011/6/19 6:00,7129.22,20.22,TRADE
NSW1,2011/6/19 6:30,7300.86,20.44,TRADE
NSW1,2011/6/19 7:00,7536.1,21.25,TRADE
NSW1,2011/6/19 7:30,7864.69,22.84,TRADE
NSW1,2011/6/19 8:00,8389.37,25.08,TRADE
NSW1,2011/6/19 8:30,8926.92,25.18,TRADE
NSW1,2011/6/19 9:00,9241.37,25.59,TRADE
NSW1,2011/6/19 9:30,9416.03,25.71,TRADE
NSW1,2011/6/19 10:00,9404.53,25.42,TRADE
NSW1,2011/6/19 10:30,9348.6,25.78,TRADE
NSW1,2011/6/19 11:00,9166.91,25.23,TRADE
NSW1,2011/6/19 11:30,9000.86,25.08,TRADE
NSW1,2011/6/19 12:00,8830.75,25.04,TRADE
NSW1,2011/6/19 12:30,8662.79,25.01,TRADE
NSW1,2011/6/19 13:00,8517.2,25.01,TRADE
NSW1,2011/6/19 13:30,8334.53,25.01,TRADE
NSW1,2011/6/19 14:00,8279.01,25.01,TRADE
NSW1,2011/6/19 14:30,8206.73,25.01,TRADE
NSW1,2011/6/19 15:00,8193.93,24.89,TRADE
NSW1,2011/6/19 15:30,8322,25.01,TRADE
NSW1,2011/6/19 16:00,8529.27,25.66,TRADE
NSW1,2011/6/19 16:30,8856.79,25.39,TRADE
NSW1,2011/6/19 17:00,9485.71,27.54,TRADE
NSW1,2011/6/19 17:30,10168.74,30.54,TRADE
NSW1,2011/6/19 18:00,10871.47,37.97,TRADE
NSW1,2011/6/19 18:30,10985.96,37.31,TRADE
NSW1,2011/6/19 19:00,10843.04,34.62,TRADE
NSW1,2011/6/19 19:30,10644.04,29,TRADE
NSW1,2011/6/19 20:00,10508.31,28.96,TRADE
NSW1,2011/6/19 20:30,10316.25,28.76,TRADE
NSW1,2011/6/19 21:00,10191.96,27.84,TRADE
NSW1,2011/6/19 21:30,9923.21,26.39,TRADE
NSW1,2011/6/19 22:00,9524.05,25.28,TRADE
NSW1,2011/6/19 22:30,9358.33,26.13,TRADE
NSW1,2011/6/19 23:00,8956.42,25.2,TRADE
NSW1,2011/6/19 23:30,8712.47,26.3,TRADE
NSW1,2011/6/20 0:00,8465.66,25.7,TRADE
NSW1,2011/6/20 0:30,8152.08,24.45,TRADE
NSW1,2011/6/20 1:00,7948.58,24.52,TRADE
NSW1,2011/6/20 1:30,7790.61,24.72,TRADE
NSW1,2011/6/20 2:00,7585.8,23.24,TRADE
NSW1,2011/6/20 2:30,7333.96,21.93,TRADE
NSW1,2011/6/20 3:00,7090.05,17.74,TRADE
NSW1,2011/6/20 3:30,6950.75,14.77,TRADE
NSW1,2011/6/20 4:00,6843.73,15.29,TRADE
NSW1,2011/6/20 4:30,6888.43,17.78,TRADE
NSW1,2011/6/20 5:00,7007.57,19.59,TRADE
NSW1,2011/6/20 5:30,7410.92,23.33,TRADE
NSW1,2011/6/20 6:00,7925.89,24.86,TRADE
NSW1,2011/6/20 6:30,8888.91,27.2,TRADE
NSW1,2011/6/20 7:00,9797.42,28.33,TRADE
NSW1,2011/6/20 7:30,10384.57,27.54,TRADE
NSW1,2011/6/20 8:00,10894.85,29.55,TRADE
NSW1,2011/6/20 8:30,10882.04,28.51,TRADE
NSW1,2011/6/20 9:00,10696.96,27.56,TRADE
NSW1,2011/6/20 9:30,10592.87,27.25,TRADE
NSW1,2011/6/20 10:00,10453.27,27.34,TRADE
NSW1,2011/6/20 10:30,10276.56,26.5,TRADE
NSW1,2011/6/20 11:00,10093.42,27.01,TRADE
NSW1,2011/6/20 11:30,9846.73,25.7,TRADE
NSW1,2011/6/20 12:00,9696.4,25.47,TRADE
NSW1,2011/6/20 12:30,9632.41,26.31,TRADE
NSW1,2011/6/20 13:00,9594.76,26.03,TRADE
NSW1,2011/6/20 13:30,9438.09,25.68,TRADE
NSW1,2011/6/20 14:00,9522.13,26.13,TRADE
NSW1,2011/6/20 14:30,9475.45,26.26,TRADE
NSW1,2011/6/20 15:00,9467.63,25.95,TRADE
NSW1,2011/6/20 15:30,9441.91,25.95,TRADE
NSW1,2011/6/20 16:00,9637.14,26.37,TRADE
NSW1,2011/6/20 16:30,9838.78,25.52,TRADE
NSW1,2011/6/20 17:00,10323.54,26.92,TRADE
NSW1,2011/6/20 17:30,11129.19,34.24,TRADE
NSW1,2011/6/20 18:00,11693.97,43.9,TRADE
NSW1,2011/6/20 18:30,11671.83,41.57,TRADE
NSW1,2011/6/20 19:00,11578.64,37.35,TRADE
NSW1,2011/6/20 19:30,11276.13,30.84,TRADE
NSW1,2011/6/20 20:00,11110.25,29.62,TRADE
NSW1,2011/6/20 20:30,10892.72,27.74,TRADE
NSW1,2011/6/20 21:00,10707.78,27.7,TRADE
NSW1,2011/6/20 21:30,10363.44,26.58,TRADE
NSW1,2011/6/20 22:00,9946.57,25.51,TRADE
NSW1,2011/6/20 22:30,9827.33,26.73,TRADE
NSW1,2011/6/20 23:00,9487.71,25.57,TRADE
NSW1,2011/6/20 23:30,9261.18,26.67,TRADE
NSW1,2011/6/21 0:00,9053.6,25.72,TRADE
NSW1,2011/6/21 0:30,8822.26,25.1,TRADE
NSW1,2011/6/21 1:00,8644.63,25.29,TRADE
NSW1,2011/6/21 1:30,8476.27,24.95,TRADE
NSW1,2011/6/21 2:00,8217.16,24.91,TRADE
NSW1,2011/6/21 2:30,7846.5,22.07,TRADE
NSW1,2011/6/21 3:00,7522.6,14.66,TRADE
NSW1,2011/6/21 3:30,7230.79,15.17,TRADE
NSW1,2011/6/21 4:00,7128.63,16.67,TRADE
NSW1,2011/6/21 4:30,7091.07,18.52,TRADE
NSW1,2011/6/21 5:00,7210.64,20.33,TRADE
NSW1,2011/6/21 5:30,7527.6,22.74,TRADE
NSW1,2011/6/21 6:00,7945.93,24.7,TRADE
NSW1,2011/6/21 6:30,8909.47,25.89,TRADE
NSW1,2011/6/21 7:00,9766.64,27.05,TRADE
NSW1,2011/6/21 7:30,10333.55,26.29,TRADE
NSW1,2011/6/21 8:00,10691.87,27.56,TRADE
NSW1,2011/6/21 8:30,10755.77,27.42,TRADE
NSW1,2011/6/21 9:00,10575.38,26.55,TRADE
NSW1,2011/6/21 9:30,10475.48,26.38,TRADE
NSW1,2011/6/21 10:00,10356.75,25.93,TRADE
NSW1,2011/6/21 10:30,10240.09,25.64,TRADE
NSW1,2011/6/21 11:00,10075.77,25.79,TRADE
NSW1,2011/6/21 11:30,9881.78,26.43,TRADE
NSW1,2011/6/21 12:00,9748.54,25.95,TRADE
NSW1,2011/6/21 12:30,9773.1,25.95,TRADE
NSW1,2011/6/21 13:00,9742.41,25.95,TRADE
NSW1,2011/6/21 13:30,9752.41,25.95,TRADE
NSW1,2011/6/21 14:00,9758.87,26.12,TRADE
NSW1,2011/6/21 14:30,9766.14,26.1,TRADE
NSW1,2011/6/21 15:00,9814.35,25.83,TRADE
NSW1,2011/6/21 15:30,9968.65,26.97,TRADE
NSW1,2011/6/21 16:00,10191.01,27.83,TRADE
NSW1,2011/6/21 16:30,10555.23,27.54,TRADE
NSW1,2011/6/21 17:00,10987.9,28.89,TRADE
NSW1,2011/6/21 17:30,11683.12,34.65,TRADE
NSW1,2011/6/21 18:00,12159.88,49.37,TRADE
NSW1,2011/6/21 18:30,12120.72,37.92,TRADE
NSW1,2011/6/21 19:00,12031.59,36.26,TRADE
NSW1,2011/6/21 19:30,11776.58,33.35,TRADE
NSW1,2011/6/21 20:00,11540.42,33.25,TRADE
NSW1,2011/6/21 20:30,11381.72,32.17,TRADE
NSW1,2011/6/21 21:00,11194.27,30.94,TRADE
NSW1,2011/6/21 21:30,10866.86,28.8,TRADE
NSW1,2011/6/21 22:00,10438.02,27.09,TRADE
NSW1,2011/6/21 22:30,10269.34,31.95,TRADE
NSW1,2011/6/21 23:00,9809.78,27.53,TRADE
NSW1,2011/6/21 23:30,9599.48,28.26,TRADE
NSW1,2011/6/22 0:00,9357.58,26.97,TRADE
NSW1,2011/6/22 0:30,9106.53,26.34,TRADE
NSW1,2011/6/22 1:00,8865.79,25.2,TRADE
NSW1,2011/6/22 1:30,8736.41,25.54,TRADE
NSW1,2011/6/22 2:00,8459.12,25.07,TRADE
NSW1,2011/6/22 2:30,8099.56,24.63,TRADE
NSW1,2011/6/22 3:00,7780.46,23.58,TRADE
NSW1,2011/6/22 3:30,7437.03,16.59,TRADE
NSW1,2011/6/22 4:00,7286.62,19.39,TRADE
NSW1,2011/6/22 4:30,7282.36,19.69,TRADE
NSW1,2011/6/22 5:00,7369.9,23.27,TRADE
NSW1,2011/6/22 5:30,7710.56,22.8,TRADE
NSW1,2011/6/22 6:00,8264.98,25.08,TRADE
NSW1,2011/6/22 6:30,9203.15,27.54,TRADE
NSW1,2011/6/22 7:00,10094.87,32.87,TRADE
NSW1,2011/6/22 7:30,10644.41,29.02,TRADE
NSW1,2011/6/22 8:00,11112.58,38.64,TRADE
NSW1,2011/6/22 8:30,11140.16,37.26,TRADE
NSW1,2011/6/22 9:00,10910.81,32.05,TRADE
NSW1,2011/6/22 9:30,10804.88,30.82,TRADE
NSW1,2011/6/22 10:00,10665.08,30.03,TRADE
NSW1,2011/6/22 10:30,10549.36,27.62,TRADE
NSW1,2011/6/22 11:00,10370.56,26.92,TRADE
NSW1,2011/6/22 11:30,10218.87,26.74,TRADE
NSW1,2011/6/22 12:00,10117.77,26.9,TRADE
NSW1,2011/6/22 12:30,9936.41,26.24,TRADE
NSW1,2011/6/22 13:00,9819.64,25.97,TRADE
NSW1,2011/6/22 13:30,9857.01,26.43,TRADE
NSW1,2011/6/22 14:00,9801.76,25.97,TRADE
NSW1,2011/6/22 14:30,9743.47,25.87,TRADE
NSW1,2011/6/22 15:00,9769.69,25.89,TRADE
NSW1,2011/6/22 15:30,9794.09,25.95,TRADE
NSW1,2011/6/22 16:00,9939.67,26.55,TRADE
NSW1,2011/6/22 16:30,10273.48,26.55,TRADE
NSW1,2011/6/22 17:00,10827.28,28.15,TRADE
NSW1,2011/6/22 17:30,11685.27,36.05,TRADE
NSW1,2011/6/22 18:00,12297.67,68.16,TRADE
NSW1,2011/6/22 18:30,12354.12,55.52,TRADE
NSW1,2011/6/22 19:00,12270.55,41.78,TRADE
NSW1,2011/6/22 19:30,12010.93,35.41,TRADE
NSW1,2011/6/22 20:00,11780.86,36.47,TRADE
NSW1,2011/6/22 20:30,11612.32,33.36,TRADE
NSW1,2011/6/22 21:00,11358.75,29.44,TRADE
NSW1,2011/6/22 21:30,10993.55,27.47,TRADE
NSW1,2011/6/22 22:00,10507.54,26.8,TRADE
NSW1,2011/6/22 22:30,10359.1,29.02,TRADE
NSW1,2011/6/22 23:00,9902.94,27.42,TRADE
NSW1,2011/6/22 23:30,9628.53,28.16,TRADE
NSW1,2011/6/23 0:00,9410.8,26.3,TRADE
NSW1,2011/6/23 0:30,9138.67,25.58,TRADE
NSW1,2011/6/23 1:00,8921.31,25.01,TRADE
NSW1,2011/6/23 1:30,8755.54,25.73,TRADE
NSW1,2011/6/23 2:00,8501.79,25.01,TRADE
NSW1,2011/6/23 2:30,8103.15,24.99,TRADE
NSW1,2011/6/23 3:00,7746.56,23.84,TRADE
NSW1,2011/6/23 3:30,7473.63,19.96,TRADE
NSW1,2011/6/23 4:00,7312.16,18.54,TRADE
NSW1,2011/6/23 4:30,7268.79,19.5,TRADE
NSW1,2011/6/23 5:00,7346.53,21.83,TRADE
NSW1,2011/6/23 5:30,7652.53,23.33,TRADE
NSW1,2011/6/23 6:00,8188.35,25.2,TRADE
NSW1,2011/6/23 6:30,9139.37,27.7,TRADE
NSW1,2011/6/23 7:00,10073.14,31.58,TRADE
NSW1,2011/6/23 7:30,10629.38,29.64,TRADE
NSW1,2011/6/23 8:00,11001.23,38.31,TRADE
NSW1,2011/6/23 8:30,10928.89,33.31,TRADE
NSW1,2011/6/23 9:00,10699.84,29.26,TRADE
NSW1,2011/6/23 9:30,10541.58,30.18,TRADE
NSW1,2011/6/23 10:00,10389.82,26.82,TRADE
NSW1,2011/6/23 10:30,10258.21,26.28,TRADE
NSW1,2011/6/23 11:00,10122.43,26.16,TRADE
NSW1,2011/6/23 11:30,9882.45,25.94,TRADE
NSW1,2011/6/23 12:00,9739.37,25.95,TRADE
NSW1,2011/6/23 12:30,9728.69,26.05,TRADE
NSW1,2011/6/23 13:00,9610.01,26.1,TRADE
NSW1,2011/6/23 13:30,9552.83,25.95,TRADE
NSW1,2011/6/23 14:00,9468.7,25.98,TRADE
NSW1,2011/6/23 14:30,9452.13,26.01,TRADE
NSW1,2011/6/23 15:00,9401.99,26.07,TRADE
NSW1,2011/6/23 15:30,9413.17,25.69,TRADE
NSW1,2011/6/23 16:00,9512.04,26.1,TRADE
NSW1,2011/6/23 16:30,9657.22,25.71,TRADE
NSW1,2011/6/23 17:00,10043.18,26.54,TRADE
NSW1,2011/6/23 17:30,10801.53,31.02,TRADE
NSW1,2011/6/23 18:00,11403.02,40.3,TRADE
NSW1,2011/6/23 18:30,11528.74,46.85,TRADE
NSW1,2011/6/23 19:00,11489.63,40.38,TRADE
NSW1,2011/6/23 19:30,11350.72,38.68,TRADE
NSW1,2011/6/23 20:00,11146.17,36.85,TRADE
NSW1,2011/6/23 20:30,11039.93,35.95,TRADE
NSW1,2011/6/23 21:00,10871.24,28.48,TRADE
NSW1,2011/6/23 21:30,10533.9,26.47,TRADE
NSW1,2011/6/23 22:00,10178.03,25.95,TRADE
NSW1,2011/6/23 22:30,10124.36,29.37,TRADE
NSW1,2011/6/23 23:00,9810.57,27.14,TRADE
NSW1,2011/6/23 23:30,9612.2,28.04,TRADE
NSW1,2011/6/24 0:00,9384.75,27.2,TRADE
NSW1,2011/6/24 0:30,9107.88,27.98,TRADE
NSW1,2011/6/24 1:00,8887.01,26.06,TRADE
NSW1,2011/6/24 1:30,8690.36,26.71,TRADE
NSW1,2011/6/24 2:00,8459.53,25.72,TRADE
NSW1,2011/6/24 2:30,8094.52,24.99,TRADE
NSW1,2011/6/24 3:00,7755.45,24.99,TRADE
NSW1,2011/6/24 3:30,7498.11,24.57,TRADE
NSW1,2011/6/24 4:00,7369.39,19.86,TRADE
NSW1,2011/6/24 4:30,7327.95,20.6,TRADE
NSW1,2011/6/24 5:00,7382.46,22.53,TRADE
NSW1,2011/6/24 5:30,7718.66,24.55,TRADE
NSW1,2011/6/24 6:00,8259.47,25.08,TRADE
NSW1,2011/6/24 6:30,9240.61,27.66,TRADE
NSW1,2011/6/24 7:00,10097.65,27.43,TRADE
NSW1,2011/6/24 7:30,10605.54,26.65,TRADE
NSW1,2011/6/24 8:00,11065.87,32.08,TRADE
NSW1,2011/6/24 8:30,11115.31,33.47,TRADE
NSW1,2011/6/24 9:00,10914.59,29.48,TRADE
NSW1,2011/6/24 9:30,10825.21,30.05,TRADE
NSW1,2011/6/24 10:00,10677.92,27.87,TRADE
NSW1,2011/6/24 10:30,10517.32,27.19,TRADE
NSW1,2011/6/24 11:00,10357.74,26.44,TRADE
NSW1,2011/6/24 11:30,10157.55,26.06,TRADE
NSW1,2011/6/24 12:00,9961.69,25.89,TRADE
NSW1,2011/6/24 12:30,9827.33,26.32,TRADE
NSW1,2011/6/24 13:00,9667.45,25.89,TRADE
NSW1,2011/6/24 13:30,9573.81,25.95,TRADE
NSW1,2011/6/24 14:00,9496.21,25.95,TRADE
NSW1,2011/6/24 14:30,9457.14,25.95,TRADE
NSW1,2011/6/24 15:00,9421.14,25.95,TRADE
NSW1,2011/6/24 15:30,9393.69,25.56,TRADE
NSW1,2011/6/24 16:00,9489.95,25.55,TRADE
NSW1,2011/6/24 16:30,9719.38,25.76,TRADE
NSW1,2011/6/24 17:00,10156.06,26.3,TRADE
NSW1,2011/6/24 17:30,10903.68,27.43,TRADE
NSW1,2011/6/24 18:00,11451.68,32.2,TRADE
NSW1,2011/6/24 18:30,11421.23,31.97,TRADE
NSW1,2011/6/24 19:00,11363.41,29.86,TRADE
NSW1,2011/6/24 19:30,11138.09,27.23,TRADE
NSW1,2011/6/24 20:00,10989.84,27.05,TRADE
NSW1,2011/6/24 20:30,10897.51,26.8,TRADE
NSW1,2011/6/24 21:00,10755.54,25.81,TRADE
NSW1,2011/6/24 21:30,10509.07,25.7,TRADE
NSW1,2011/6/24 22:00,10161.91,25.95,TRADE
NSW1,2011/6/24 22:30,10241.09,26.31,TRADE
NSW1,2011/6/24 23:00,9980.61,26.06,TRADE
NSW1,2011/6/24 23:30,9821.81,28.67,TRADE
NSW1,2011/6/25 0:00,9621.69,27.1,TRADE
NSW1,2011/6/25 0:30,9314.33,25.91,TRADE
NSW1,2011/6/25 1:00,9057.87,25.17,TRADE
NSW1,2011/6/25 1:30,8813.44,25.19,TRADE
NSW1,2011/6/25 2:00,8551.15,25.01,TRADE
NSW1,2011/6/25 2:30,8192.47,24.8,TRADE
NSW1,2011/6/25 3:00,7857.48,20.92,TRADE
NSW1,2011/6/25 3:30,7539.56,16.18,TRADE
NSW1,2011/6/25 4:00,7379.89,19.2,TRADE
NSW1,2011/6/25 4:30,7268.43,18.82,TRADE
NSW1,2011/6/25 5:00,7291.7,19.73,TRADE
NSW1,2011/6/25 5:30,7345.08,19.52,TRADE
NSW1,2011/6/25 6:00,7587.26,20.5,TRADE
NSW1,2011/6/25 6:30,7964.78,23.92,TRADE
NSW1,2011/6/25 7:00,8351.18,24,TRADE
NSW1,2011/6/25 7:30,8818.53,24.7,TRADE
NSW1,2011/6/25 8:00,9443.54,25.5,TRADE
NSW1,2011/6/25 8:30,9941.7,25.51,TRADE
NSW1,2011/6/25 9:00,10153.19,26.03,TRADE
NSW1,2011/6/25 9:30,10322.89,26.42,TRADE
NSW1,2011/6/25 10:00,10095.21,25.34,TRADE
NSW1,2011/6/25 10:30,9956.81,25.41,TRADE
NSW1,2011/6/25 11:00,9654.61,25.34,TRADE
NSW1,2011/6/25 11:30,9364.75,24.48,TRADE
NSW1,2011/6/25 12:00,9185.66,24.27,TRADE
NSW1,2011/6/25 12:30,8939.87,24,TRADE
NSW1,2011/6/25 13:00,8802.28,24,TRADE
NSW1,2011/6/25 13:30,8693.29,24,TRADE
NSW1,2011/6/25 14:00,8605.11,23.98,TRADE
NSW1,2011/6/25 14:30,8540.67,24,TRADE
NSW1,2011/6/25 15:00,8538.07,24,TRADE
NSW1,2011/6/25 15:30,8570.35,24,TRADE
NSW1,2011/6/25 16:00,8720.74,24,TRADE
NSW1,2011/6/25 16:30,9008.03,24,TRADE
NSW1,2011/6/25 17:00,9474.69,26.09,TRADE
NSW1,2011/6/25 17:30,10247.74,27.24,TRADE
NSW1,2011/6/25 18:00,10790.01,27.72,TRADE
NSW1,2011/6/25 18:30,10864.1,27.36,TRADE
NSW1,2011/6/25 19:00,10668.53,25.97,TRADE
NSW1,2011/6/25 19:30,10455.26,25.7,TRADE
NSW1,2011/6/25 20:00,10237.37,25.51,TRADE
NSW1,2011/6/25 20:30,10102.65,25.42,TRADE
NSW1,2011/6/25 21:00,10001.68,25.47,TRADE
NSW1,2011/6/25 21:30,9794.76,25.19,TRADE
NSW1,2011/6/25 22:00,9593.39,24.58,TRADE
NSW1,2011/6/25 22:30,9561.72,25.33,TRADE
NSW1,2011/6/25 23:00,9419.17,24.5,TRADE
NSW1,2011/6/25 23:30,9267.85,27.38,TRADE
NSW1,2011/6/26 0:00,9000.11,25.64,TRADE
NSW1,2011/6/26 0:30,8726.45,24.24,TRADE
NSW1,2011/6/26 1:00,8461.57,24.2,TRADE
NSW1,2011/6/26 1:30,8231.81,24.25,TRADE
NSW1,2011/6/26 2:00,7972.9,23.94,TRADE
NSW1,2011/6/26 2:30,7614.49,22.21,TRADE
NSW1,2011/6/26 3:00,7301.71,16.6,TRADE
NSW1,2011/6/26 3:30,7162.07,18.69,TRADE
NSW1,2011/6/26 4:00,7069.89,19.15,TRADE
NSW1,2011/6/26 4:30,6977.15,20.21,TRADE
NSW1,2011/6/26 5:00,6993.47,19.65,TRADE
NSW1,2011/6/26 5:30,7064.81,18.19,TRADE
NSW1,2011/6/26 6:00,7172.96,19.55,TRADE
NSW1,2011/6/26 6:30,7394.11,18.88,TRADE
NSW1,2011/6/26 7:00,7665.97,19,TRADE
NSW1,2011/6/26 7:30,8005.72,19.89,TRADE
NSW1,2011/6/26 8:00,8593.6,24,TRADE
NSW1,2011/6/26 8:30,9107.99,24.02,TRADE
NSW1,2011/6/26 9:00,9392.4,24.11,TRADE
NSW1,2011/6/26 9:30,9627.5,25.25,TRADE
NSW1,2011/6/26 10:00,9587.67,25.11,TRADE
NSW1,2011/6/26 10:30,9430.53,24.91,TRADE
NSW1,2011/6/26 11:00,9172.95,24.2,TRADE
NSW1,2011/6/26 11:30,8960.92,24,TRADE
NSW1,2011/6/26 12:00,8635.07,23.77,TRADE
NSW1,2011/6/26 12:30,8583.9,24,TRADE
NSW1,2011/6/26 13:00,8479.48,24,TRADE
NSW1,2011/6/26 13:30,8300.33,24,TRADE
NSW1,2011/6/26 14:00,8230.48,23.96,TRADE
NSW1,2011/6/26 14:30,8139.06,21.03,TRADE
NSW1,2011/6/26 15:00,8122.19,19.79,TRADE
NSW1,2011/6/26 15:30,8242.08,23.82,TRADE
NSW1,2011/6/26 16:00,8407.57,24.01,TRADE
NSW1,2011/6/26 16:30,8691.54,24.04,TRADE
NSW1,2011/6/26 17:00,9284.19,25.79,TRADE
NSW1,2011/6/26 17:30,10067.35,27.13,TRADE
NSW1,2011/6/26 18:00,10767.01,31.27,TRADE
NSW1,2011/6/26 18:30,10926.03,32.65,TRADE
NSW1,2011/6/26 19:00,10842.43,30.95,TRADE
NSW1,2011/6/26 19:30,10639.58,26.99,TRADE
NSW1,2011/6/26 20:00,10460.93,25.9,TRADE
NSW1,2011/6/26 20:30,10377.32,26.4,TRADE
NSW1,2011/6/26 21:00,10221.14,25.52,TRADE
NSW1,2011/6/26 21:30,9957.78,25.32,TRADE
NSW1,2011/6/26 22:00,9608.08,25.02,TRADE
NSW1,2011/6/26 22:30,9439.55,24.99,TRADE
NSW1,2011/6/26 23:00,9062.37,24.92,TRADE
NSW1,2011/6/26 23:30,8897.66,26.33,TRADE
NSW1,2011/6/27 0:00,8655.92,25.35,TRADE
NSW1,2011/6/27 0:30,8325.25,24.42,TRADE
NSW1,2011/6/27 1:00,8134.37,24.08,TRADE
NSW1,2011/6/27 1:30,7939.96,24.63,TRADE
NSW1,2011/6/27 2:00,7781.1,24.05,TRADE
NSW1,2011/6/27 2:30,7477.65,23.84,TRADE
NSW1,2011/6/27 3:00,7339,23.91,TRADE
NSW1,2011/6/27 3:30,7228.06,23.25,TRADE
NSW1,2011/6/27 4:00,7194.93,22.41,TRADE
NSW1,2011/6/27 4:30,7157.53,22.22,TRADE
NSW1,2011/6/27 5:00,7320.13,24,TRADE
NSW1,2011/6/27 5:30,7717.62,24,TRADE
NSW1,2011/6/27 6:00,8241.55,24.07,TRADE
NSW1,2011/6/27 6:30,9170.86,27.95,TRADE
NSW1,2011/6/27 7:00,10019.45,30.09,TRADE
NSW1,2011/6/27 7:30,10618.89,27.1,TRADE
NSW1,2011/6/27 8:00,11135.72,33.86,TRADE
NSW1,2011/6/27 8:30,11206.16,34.66,TRADE
NSW1,2011/6/27 9:00,11063.4,33.3,TRADE
NSW1,2011/6/27 9:30,10983.44,33.06,TRADE
NSW1,2011/6/27 10:00,10770.43,29.84,TRADE
NSW1,2011/6/27 10:30,10611.23,27.32,TRADE
NSW1,2011/6/27 11:00,10432.51,26.72,TRADE
NSW1,2011/6/27 11:30,10214.03,26.39,TRADE
NSW1,2011/6/27 12:00,10050.17,25.88,TRADE
NSW1,2011/6/27 12:30,9918.82,26.21,TRADE
NSW1,2011/6/27 13:00,9794.47,25.58,TRADE
NSW1,2011/6/27 13:30,9726,26.07,TRADE
NSW1,2011/6/27 14:00,9693.7,26.1,TRADE
NSW1,2011/6/27 14:30,9662.12,25.54,TRADE
NSW1,2011/6/27 15:00,9577.99,25.45,TRADE
NSW1,2011/6/27 15:30,9585.79,25.51,TRADE
NSW1,2011/6/27 16:00,9701.14,25.53,TRADE
NSW1,2011/6/27 16:30,9985.56,25.54,TRADE
NSW1,2011/6/27 17:00,10396.37,26.68,TRADE
NSW1,2011/6/27 17:30,11236.67,30.47,TRADE
NSW1,2011/6/27 18:00,11873.53,40.69,TRADE
NSW1,2011/6/27 18:30,11937.5,38.54,TRADE
NSW1,2011/6/27 19:00,11817.77,34.79,TRADE
NSW1,2011/6/27 19:30,11591.45,32.47,TRADE
NSW1,2011/6/27 20:00,11316.22,28.15,TRADE
NSW1,2011/6/27 20:30,11140.94,27.18,TRADE
NSW1,2011/6/27 21:00,10924.18,26.86,TRADE
NSW1,2011/6/27 21:30,10569.51,26.16,TRADE
NSW1,2011/6/27 22:00,10130.45,25.38,TRADE
NSW1,2011/6/27 22:30,10028.36,25.58,TRADE
NSW1,2011/6/27 23:00,9698.86,25.67,TRADE
NSW1,2011/6/27 23:30,9493.17,26.94,TRADE
NSW1,2011/6/28 0:00,9349.22,25.94,TRADE
NSW1,2011/6/28 0:30,9128.08,25.54,TRADE
NSW1,2011/6/28 1:00,8887.11,25.44,TRADE
NSW1,2011/6/28 1:30,8724.83,25.94,TRADE
NSW1,2011/6/28 2:00,8515.34,25.33,TRADE
NSW1,2011/6/28 2:30,8168.68,24.09,TRADE
NSW1,2011/6/28 3:00,7781.06,23.98,TRADE
NSW1,2011/6/28 3:30,7621.96,23.98,TRADE
NSW1,2011/6/28 4:00,7473.43,23.96,TRADE
NSW1,2011/6/28 4:30,7453.35,24,TRADE
NSW1,2011/6/28 5:00,7530.72,23.95,TRADE
NSW1,2011/6/28 5:30,7859.51,24,TRADE
NSW1,2011/6/28 6:00,8371.17,24.45,TRADE
NSW1,2011/6/28 6:30,9262.13,27.46,TRADE
NSW1,2011/6/28 7:00,10093.33,31.34,TRADE
NSW1,2011/6/28 7:30,10558.16,26.64,TRADE
NSW1,2011/6/28 8:00,10999.82,29.21,TRADE
NSW1,2011/6/28 8:30,11013.64,28.29,TRADE
NSW1,2011/6/28 9:00,10825.56,29.16,TRADE
NSW1,2011/6/28 9:30,10701.04,29.61,TRADE
NSW1,2011/6/28 10:00,10620.49,27.83,TRADE
NSW1,2011/6/28 10:30,10521.79,28.67,TRADE
NSW1,2011/6/28 11:00,10467.23,27.22,TRADE
NSW1,2011/6/28 11:30,10294.45,26.56,TRADE
NSW1,2011/6/28 12:00,10172.57,26.15,TRADE
NSW1,2011/6/28 12:30,10154.4,26.15,TRADE
NSW1,2011/6/28 13:00,10132.88,27.13,TRADE
NSW1,2011/6/28 13:30,10126.67,26.89,TRADE
NSW1,2011/6/28 14:00,10056.56,26.86,TRADE
NSW1,2011/6/28 14:30,10023.95,26.43,TRADE
NSW1,2011/6/28 15:00,9982.85,26.19,TRADE
NSW1,2011/6/28 15:30,9970.95,26.09,TRADE
NSW1,2011/6/28 16:00,10077.37,26.32,TRADE
NSW1,2011/6/28 16:30,10315.28,26.04,TRADE
NSW1,2011/6/28 17:00,10738.18,27.16,TRADE
NSW1,2011/6/28 17:30,11473.28,36.12,TRADE
NSW1,2011/6/28 18:00,11996.36,61.04,TRADE
NSW1,2011/6/28 18:30,11989.5,41.35,TRADE
NSW1,2011/6/28 19:00,11800.24,35.42,TRADE
NSW1,2011/6/28 19:30,11597.7,34.86,TRADE
NSW1,2011/6/28 20:00,11305.75,29.73,TRADE
NSW1,2011/6/28 20:30,11061.53,27.3,TRADE
NSW1,2011/6/28 21:00,10871.78,26.45,TRADE
NSW1,2011/6/28 21:30,10568.33,26.17,TRADE
NSW1,2011/6/28 22:00,10215.48,25.83,TRADE
NSW1,2011/6/28 22:30,10091.26,28.29,TRADE
NSW1,2011/6/28 23:00,9701.85,26.34,TRADE
NSW1,2011/6/28 23:30,9522.68,26.09,TRADE
NSW1,2011/6/29 0:00,9325.43,26.25,TRADE
NSW1,2011/6/29 0:30,9075.54,25.67,TRADE
NSW1,2011/6/29 1:00,8852.95,25.2,TRADE
NSW1,2011/6/29 1:30,8711.13,25.27,TRADE
NSW1,2011/6/29 2:00,8508.96,24.79,TRADE
NSW1,2011/6/29 2:30,8144.21,23.62,TRADE
NSW1,2011/6/29 3:00,7773.2,22.48,TRADE
NSW1,2011/6/29 3:30,7498.6,19.4,TRADE
NSW1,2011/6/29 4:00,7306.29,19.09,TRADE
NSW1,2011/6/29 4:30,7228.83,19.61,TRADE
NSW1,2011/6/29 5:00,7288.78,19.79,TRADE
NSW1,2011/6/29 5:30,7555.85,20.18,TRADE
NSW1,2011/6/29 6:00,8025.08,21.21,TRADE
NSW1,2011/6/29 6:30,8844.56,25.12,TRADE
NSW1,2011/6/29 7:00,9643.28,25.92,TRADE
NSW1,2011/6/29 7:30,10058.81,25.66,TRADE
NSW1,2011/6/29 8:00,10470.08,27.72,TRADE
NSW1,2011/6/29 8:30,10554.39,26.54,TRADE
NSW1,2011/6/29 9:00,10435.16,26.05,TRADE
NSW1,2011/6/29 9:30,10406.96,27.57,TRADE
NSW1,2011/6/29 10:00,10344.68,26.6,TRADE
NSW1,2011/6/29 10:30,10279.92,26.68,TRADE
NSW1,2011/6/29 11:00,10151.66,26.3,TRADE
NSW1,2011/6/29 11:30,10009.7,26.06,TRADE
NSW1,2011/6/29 12:00,9912.55,25.7,TRADE
NSW1,2011/6/29 12:30,9835.35,26.26,TRADE
NSW1,2011/6/29 13:00,9810.23,25.34,TRADE
NSW1,2011/6/29 13:30,9793.52,26.5,TRADE
NSW1,2011/6/29 14:00,9756.38,25.67,TRADE
NSW1,2011/6/29 14:30,9743.84,25.64,TRADE
NSW1,2011/6/29 15:00,9766.08,25.7,TRADE
NSW1,2011/6/29 15:30,9808.06,25.75,TRADE
NSW1,2011/6/29 16:00,9960.08,25.92,TRADE
NSW1,2011/6/29 16:30,10236.11,26.81,TRADE
NSW1,2011/6/29 17:00,10685.9,27.2,TRADE
NSW1,2011/6/29 17:30,11297.21,35.55,TRADE
NSW1,2011/6/29 18:00,11713.4,38,TRADE
NSW1,2011/6/29 18:30,11705.29,36.52,TRADE
NSW1,2011/6/29 19:00,11569.77,31.88,TRADE
NSW1,2011/6/29 19:30,11285.7,31.23,TRADE
NSW1,2011/6/29 20:00,11051.7,27.82,TRADE
NSW1,2011/6/29 20:30,10853.03,27,TRADE
NSW1,2011/6/29 21:00,10585.16,26.61,TRADE
NSW1,2011/6/29 21:30,10252.17,25.51,TRADE
NSW1,2011/6/29 22:00,9887.65,25.5,TRADE
NSW1,2011/6/29 22:30,9862.22,27.3,TRADE
NSW1,2011/6/29 23:00,9544.33,26,TRADE
NSW1,2011/6/29 23:30,9370.54,27.3,TRADE
NSW1,2011/6/30 0:00,9214.94,25.79,TRADE
NSW1,2011/6/30 0:30,8936.76,25.42,TRADE
NSW1,2011/6/30 1:00,8753.75,24.78,TRADE
NSW1,2011/6/30 1:30,8583.2,24.99,TRADE
NSW1,2011/6/30 2:00,8342.05,24.14,TRADE
NSW1,2011/6/30 2:30,7949.09,23.94,TRADE
NSW1,2011/6/30 3:00,7583.75,20.23,TRADE
NSW1,2011/6/30 3:30,7327.52,17.03,TRADE
NSW1,2011/6/30 4:00,7195.26,18.72,TRADE
NSW1,2011/6/30 4:30,7140.74,18.57,TRADE
NSW1,2011/6/30 5:00,7245.84,19.77,TRADE
NSW1,2011/6/30 5:30,7538.59,19.86,TRADE
NSW1,2011/6/30 6:00,7978.97,20.46,TRADE
NSW1,2011/6/30 6:30,8814.22,24.84,TRADE
NSW1,2011/6/30 7:00,9607.01,26.11,TRADE
NSW1,2011/6/30 7:30,9987.29,25.64,TRADE
NSW1,2011/6/30 8:00,10401.3,26.67,TRADE
NSW1,2011/6/30 8:30,10515.62,26.03,TRADE
NSW1,2011/6/30 9:00,10429.45,25.62,TRADE
NSW1,2011/6/30 9:30,10413.28,25.72,TRADE
NSW1,2011/6/30 10:00,10299.43,25.56,TRADE
NSW1,2011/6/30 10:30,10240.43,25.6,TRADE
NSW1,2011/6/30 11:00,10147.72,25.91,TRADE
NSW1,2011/6/30 11:30,9948.32,25.39,TRADE
NSW1,2011/6/30 12:00,9775.36,25.5,TRADE
NSW1,2011/6/30 12:30,9742.8,25.49,TRADE
NSW1,2011/6/30 13:00,9745.13,25.5,TRADE
NSW1,2011/6/30 13:30,9666.1,25.5,TRADE
NSW1,2011/6/30 14:00,9573.78,25.5,TRADE
NSW1,2011/6/30 14:30,9568.54,25.47,TRADE
NSW1,2011/6/30 15:00,9524.79,25.29,TRADE
NSW1,2011/6/30 15:30,9568.38,25.43,TRADE
NSW1,2011/6/30 16:00,9711.49,25.5,TRADE
NSW1,2011/6/30 16:30,9939.43,25.89,TRADE
NSW1,2011/6/30 17:00,10382.47,26.84,TRADE
NSW1,2011/6/30 17:30,11066.64,30.92,TRADE
NSW1,2011/6/30 18:00,11587.02,35.43,TRADE
NSW1,2011/6/30 18:30,11602.13,34.88,TRADE
NSW1,2011/6/30 19:00,11527.36,30.87,TRADE
NSW1,2011/6/30 19:30,11292.44,28.34,TRADE
NSW1,2011/6/30 20:00,11065.19,26.42,TRADE
NSW1,2011/6/30 20:30,10908.68,26.15,TRADE
NSW1,2011/6/30 21:00,10697.34,26.08,TRADE
NSW1,2011/6/30 21:30,10335.75,25.04,TRADE
NSW1,2011/6/30 22:00,9962.38,25.3,TRADE
NSW1,2011/6/30 22:30,9963.98,25.54,TRADE
NSW1,2011/6/30 23:00,9676.46,26.2,TRADE
NSW1,2011/6/30 23:30,9503.5,30.88,TRADE
NSW1,2011/7/1 0:00,9330.92,26.83,TRADE
?NSW1,2011/7/1 0:30,9059.27,25.07,TRADE
NSW1,2011/7/1 1:00,8842.29,24.18,TRADE
NSW1,2011/7/1 1:30,8658.46,24.81,TRADE
NSW1,2011/7/1 2:00,8409.66,24.47,TRADE
NSW1,2011/7/1 2:30,7996.1,23.35,TRADE
NSW1,2011/7/1 3:00,7713.4,18.87,TRADE
NSW1,2011/7/1 3:30,7424.46,20.11,TRADE
NSW1,2011/7/1 4:00,7252.84,17.88,TRADE
NSW1,2011/7/1 4:30,7241.26,17.21,TRADE
NSW1,2011/7/1 5:00,7341.73,19.19,TRADE
NSW1,2011/7/1 5:30,7623.35,20.53,TRADE
NSW1,2011/7/1 6:00,8057.16,21.15,TRADE
NSW1,2011/7/1 6:30,8860.29,25.19,TRADE
NSW1,2011/7/1 7:00,9615.21,26.6,TRADE
NSW1,2011/7/1 7:30,10055.63,25.86,TRADE
NSW1,2011/7/1 8:00,10505.18,26.55,TRADE
NSW1,2011/7/1 8:30,10672.09,27.11,TRADE
NSW1,2011/7/1 9:00,10622.41,26.61,TRADE
NSW1,2011/7/1 9:30,10599.5,28.22,TRADE
NSW1,2011/7/1 10:00,10497.57,26.79,TRADE
NSW1,2011/7/1 10:30,10403.35,25.98,TRADE
NSW1,2011/7/1 11:00,10277.13,25.86,TRADE
NSW1,2011/7/1 11:30,10112.4,25.99,TRADE
NSW1,2011/7/1 12:00,10000.26,25.8,TRADE
NSW1,2011/7/1 12:30,9910.49,25.74,TRADE
NSW1,2011/7/1 13:00,9888.24,25.6,TRADE
NSW1,2011/7/1 13:30,9787.85,25.53,TRADE
NSW1,2011/7/1 14:00,9821.8,25.65,TRADE
NSW1,2011/7/1 14:30,9739.12,25.49,TRADE
NSW1,2011/7/1 15:00,9638.5,25.5,TRADE
NSW1,2011/7/1 15:30,9641.23,25.5,TRADE
NSW1,2011/7/1 16:00,9698.17,25.51,TRADE
NSW1,2011/7/1 16:30,9934.33,26.07,TRADE
NSW1,2011/7/1 17:00,10315.52,26.55,TRADE
NSW1,2011/7/1 17:30,10968.95,28.62,TRADE
NSW1,2011/7/1 18:00,11419.11,36.86,TRADE
NSW1,2011/7/1 18:30,11380.59,34.1,TRADE
NSW1,2011/7/1 19:00,11195.7,28.34,TRADE
NSW1,2011/7/1 19:30,10915.14,26.3,TRADE
NSW1,2011/7/1 20:00,10692.28,25.84,TRADE
NSW1,2011/7/1 20:30,10518.52,25.67,TRADE
NSW1,2011/7/1 21:00,10320.17,25.42,TRADE
NSW1,2011/7/1 21:30,10020.33,25.21,TRADE
NSW1,2011/7/1 22:00,9791.06,25.01,TRADE
NSW1,2011/7/1 22:30,9799.6,25.51,TRADE
NSW1,2011/7/1 23:00,9631.04,25.14,TRADE
NSW1,2011/7/1 23:30,9518.72,25.99,TRADE
NSW1,2011/7/2 0:00,9395.25,25.4,TRADE
NSW1,2011/7/2 0:30,9158.3,25.48,TRADE
NSW1,2011/7/2 1:00,8853.21,25.48,TRADE
NSW1,2011/7/2 1:30,8704.03,24.85,TRADE
NSW1,2011/7/2 2:00,8366.99,24.84,TRADE
NSW1,2011/7/2 2:30,7938.28,23.97,TRADE
NSW1,2011/7/2 3:00,7606.9,22.49,TRADE
NSW1,2011/7/2 3:30,7293.36,17.82,TRADE
NSW1,2011/7/2 4:00,7141.39,21.02,TRADE
NSW1,2011/7/2 4:30,7049.71,17.64,TRADE
NSW1,2011/7/2 5:00,7069.78,19.69,TRADE
NSW1,2011/7/2 5:30,7117.67,19.67,TRADE
NSW1,2011/7/2 6:00,7319.09,19.69,TRADE
NSW1,2011/7/2 6:30,7600.43,21.71,TRADE
NSW1,2011/7/2 7:00,7869.54,19.66,TRADE
NSW1,2011/7/2 7:30,8223.61,22.03,TRADE
NSW1,2011/7/2 8:00,8743.79,24.04,TRADE
NSW1,2011/7/2 8:30,9214.64,24.9,TRADE
NSW1,2011/7/2 9:00,9420.33,25.59,TRADE
NSW1,2011/7/2 9:30,9664.05,25.44,TRADE
NSW1,2011/7/2 10:00,9569.66,25.2,TRADE
NSW1,2011/7/2 10:30,9537.41,24.78,TRADE
NSW1,2011/7/2 11:00,9337.59,25.08,TRADE
NSW1,2011/7/2 11:30,9105.32,24.69,TRADE
NSW1,2011/7/2 12:00,8950.76,24.33,TRADE
NSW1,2011/7/2 12:30,8815.38,24.06,TRADE
NSW1,2011/7/2 13:00,8673.15,23.92,TRADE
NSW1,2011/7/2 13:30,8539.39,24.01,TRADE
NSW1,2011/7/2 14:00,8415.72,24.01,TRADE
NSW1,2011/7/2 14:30,8322.92,24.01,TRADE
NSW1,2011/7/2 15:00,8331.91,24.01,TRADE
NSW1,2011/7/2 15:30,8378.36,24.01,TRADE
NSW1,2011/7/2 16:00,8516.69,23.75,TRADE
NSW1,2011/7/2 16:30,8749.77,24.01,TRADE
NSW1,2011/7/2 17:00,9125.03,24.79,TRADE
NSW1,2011/7/2 17:30,9790.14,26.28,TRADE
NSW1,2011/7/2 18:00,10460.04,27.86,TRADE
NSW1,2011/7/2 18:30,10495.64,25.96,TRADE
NSW1,2011/7/2 19:00,10270.26,25.49,TRADE
NSW1,2011/7/2 19:30,10032.8,25.34,TRADE
NSW1,2011/7/2 20:00,9869.18,25.48,TRADE
NSW1,2011/7/2 20:30,9745.22,25.43,TRADE
NSW1,2011/7/2 21:00,9599.37,25.4,TRADE
NSW1,2011/7/2 21:30,9444.07,25.33,TRADE
NSW1,2011/7/2 22:00,9222.58,25.1,TRADE
NSW1,2011/7/2 22:30,9213.2,25.5,TRADE
NSW1,2011/7/2 23:00,9058.89,25.48,TRADE
NSW1,2011/7/2 23:30,8972.46,26.18,TRADE
NSW1,2011/7/3 0:00,8718.91,25.65,TRADE
NSW1,2011/7/3 0:30,8463.83,25.05,TRADE
NSW1,2011/7/3 1:00,8156.64,24.34,TRADE
NSW1,2011/7/3 1:30,8039.28,24.62,TRADE
NSW1,2011/7/3 2:00,7691.82,23.15,TRADE
NSW1,2011/7/3 2:30,7333.48,18.74,TRADE
NSW1,2011/7/3 3:00,7049.41,14.87,TRADE
NSW1,2011/7/3 3:30,6804.43,14.22,TRADE
NSW1,2011/7/3 4:00,6731.98,13.97,TRADE
NSW1,2011/7/3 4:30,6715.2,18.02,TRADE
NSW1,2011/7/3 5:00,6699.28,13.93,TRADE
NSW1,2011/7/3 5:30,6791.51,18.02,TRADE
NSW1,2011/7/3 6:00,6869.56,17.76,TRADE
NSW1,2011/7/3 6:30,7121.79,19.72,TRADE
NSW1,2011/7/3 7:00,7325.26,17.61,TRADE
NSW1,2011/7/3 7:30,7651.88,20.38,TRADE
NSW1,2011/7/3 8:00,8150.41,21.15,TRADE
NSW1,2011/7/3 8:30,8581.5,23.84,TRADE
NSW1,2011/7/3 9:00,8913.47,24.04,TRADE
NSW1,2011/7/3 9:30,9104.12,24.01,TRADE
NSW1,2011/7/3 10:00,9184.83,24.11,TRADE
NSW1,2011/7/3 10:30,9147.98,23.67,TRADE
NSW1,2011/7/3 11:00,8984.9,24.01,TRADE
NSW1,2011/7/3 11:30,8768.12,24.01,TRADE
NSW1,2011/7/3 12:00,8602.2,24.01,TRADE
NSW1,2011/7/3 12:30,8497.99,23.88,TRADE
NSW1,2011/7/3 13:00,8322.04,23.97,TRADE
NSW1,2011/7/3 13:30,8224.81,23.67,TRADE
NSW1,2011/7/3 14:00,8146.62,23.21,TRADE
NSW1,2011/7/3 14:30,8121.06,23.6,TRADE
NSW1,2011/7/3 15:00,8137.72,22.69,TRADE
NSW1,2011/7/3 15:30,8200.45,23.02,TRADE
NSW1,2011/7/3 16:00,8358.02,23.3,TRADE
NSW1,2011/7/3 16:30,8344.83,22.97,TRADE
NSW1,2011/7/3 17:00,8966.55,24.58,TRADE
NSW1,2011/7/3 17:30,9690.18,26.17,TRADE
NSW1,2011/7/3 18:00,10315.2,26.49,TRADE
NSW1,2011/7/3 18:30,10429.98,26.15,TRADE
NSW1,2011/7/3 19:00,10296.48,25.59,TRADE
NSW1,2011/7/3 19:30,10053.24,25.49,TRADE
NSW1,2011/7/3 20:00,9874.25,25.62,TRADE
NSW1,2011/7/3 20:30,9744.19,25.54,TRADE
NSW1,2011/7/3 21:00,9599.13,25.34,TRADE
NSW1,2011/7/3 21:30,9308.81,24.87,TRADE
NSW1,2011/7/3 22:00,9003.85,24.01,TRADE
NSW1,2011/7/3 22:30,8835.86,24.74,TRADE
NSW1,2011/7/3 23:00,8626.98,24.17,TRADE
NSW1,2011/7/3 23:30,8463.44,24.17,TRADE
NSW1,2011/7/4 0:00,8247.77,23.44,TRADE
NSW1,2011/7/4 0:30,7933.12,21.7,TRADE
NSW1,2011/7/4 1:00,7671.01,18.79,TRADE
NSW1,2011/7/4 1:30,7541.92,21.85,TRADE
NSW1,2011/7/4 2:00,7323.51,17.9,TRADE
NSW1,2011/7/4 2:30,7078.01,18.54,TRADE
NSW1,2011/7/4 3:00,6805.93,8.37,TRADE
NSW1,2011/7/4 3:30,6737.59,13.17,TRADE
NSW1,2011/7/4 4:00,6650.33,14.25,TRADE
NSW1,2011/7/4 4:30,6670.96,19.85,TRADE
NSW1,2011/7/4 5:00,6763.37,18.84,TRADE
NSW1,2011/7/4 5:30,7108.1,20.17,TRADE
NSW1,2011/7/4 6:00,7513.18,20.56,TRADE
NSW1,2011/7/4 6:30,8242.77,24.04,TRADE
NSW1,2011/7/4 7:00,8873.62,24.27,TRADE
NSW1,2011/7/4 7:30,9247.56,24.35,TRADE
NSW1,2011/7/4 8:00,9642.65,24.91,TRADE
NSW1,2011/7/4 8:30,9869.32,25.43,TRADE
NSW1,2011/7/4 9:00,9956.74,25.94,TRADE
NSW1,2011/7/4 9:30,9980.49,25.87,TRADE
NSW1,2011/7/4 10:00,9954.36,25.75,TRADE
NSW1,2011/7/4 10:30,9827,25.37,TRADE
NSW1,2011/7/4 11:00,9728.46,25.41,TRADE
NSW1,2011/7/4 11:30,9690.89,25.41,TRADE
NSW1,2011/7/4 12:00,9571.51,25.41,TRADE
NSW1,2011/7/4 12:30,9547.96,25.5,TRADE
NSW1,2011/7/4 13:00,9460.16,25.42,TRADE
NSW1,2011/7/4 13:30,9481.43,25.39,TRADE
NSW1,2011/7/4 14:00,9276.74,25.16,TRADE
NSW1,2011/7/4 14:30,9347.68,25.21,TRADE
NSW1,2011/7/4 15:00,9289.7,25.13,TRADE
NSW1,2011/7/4 15:30,9309.08,25.25,TRADE
NSW1,2011/7/4 16:00,9343.25,25.23,TRADE
NSW1,2011/7/4 16:30,9450.81,25.5,TRADE
NSW1,2011/7/4 17:00,9744.16,25.75,TRADE
NSW1,2011/7/4 17:30,10483.91,28.23,TRADE
NSW1,2011/7/4 18:00,10990.02,33.42,TRADE
NSW1,2011/7/4 18:30,10945.79,26.67,TRADE
NSW1,2011/7/4 19:00,10811.56,26.23,TRADE
NSW1,2011/7/4 19:30,10543.21,25.71,TRADE
NSW1,2011/7/4 20:00,10357.03,25.79,TRADE
NSW1,2011/7/4 20:30,10170.97,25.82,TRADE
NSW1,2011/7/4 21:00,10025.51,25.57,TRADE
NSW1,2011/7/4 21:30,9745.16,25.32,TRADE
NSW1,2011/7/4 22:00,9400.9,24.5,TRADE
NSW1,2011/7/4 22:30,9444.2,25.5,TRADE
NSW1,2011/7/4 23:00,9168.24,25.21,TRADE
NSW1,2011/7/4 23:30,8942.8,25.35,TRADE
NSW1,2011/7/5 0:00,8860.11,25.38,TRADE
NSW1,2011/7/5 0:30,8640.97,24.98,TRADE
NSW1,2011/7/5 1:00,8496.86,25.3,TRADE
NSW1,2011/7/5 1:30,8284,24.9,TRADE
NSW1,2011/7/5 2:00,8081.9,24.95,TRADE
NSW1,2011/7/5 2:30,7665.81,23.98,TRADE
NSW1,2011/7/5 3:00,7326.58,20.36,TRADE
NSW1,2011/7/5 3:30,7109.76,17.24,TRADE
NSW1,2011/7/5 4:00,6927.73,18.03,TRADE
NSW1,2011/7/5 4:30,6883.88,16.63,TRADE
NSW1,2011/7/5 5:00,6976.99,19.84,TRADE
NSW1,2011/7/5 5:30,7316.04,20.4,TRADE
NSW1,2011/7/5 6:00,7704.83,24.04,TRADE
NSW1,2011/7/5 6:30,8415.13,25,TRADE
NSW1,2011/7/5 7:00,9129.51,26.08,TRADE
NSW1,2011/7/5 7:30,9417.07,25.27,TRADE
NSW1,2011/7/5 8:00,9915.37,26.59,TRADE
NSW1,2011/7/5 8:30,10016,26.19,TRADE
NSW1,2011/7/5 9:00,10069.45,26.3,TRADE
NSW1,2011/7/5 9:30,10118.37,29.95,TRADE
NSW1,2011/7/5 10:00,10075.3,26.76,TRADE
NSW1,2011/7/5 10:30,9998.89,26.09,TRADE
NSW1,2011/7/5 11:00,9917.12,26,TRADE
NSW1,2011/7/5 11:30,9789.96,26.25,TRADE
NSW1,2011/7/5 12:00,9776.23,27.53,TRADE
NSW1,2011/7/5 12:30,9745.04,28.9,TRADE
NSW1,2011/7/5 13:00,9732.28,26.28,TRADE
NSW1,2011/7/5 13:30,9769.47,26.81,TRADE
NSW1,2011/7/5 14:00,9729.31,26.42,TRADE
NSW1,2011/7/5 14:30,9649.71,26.46,TRADE
NSW1,2011/7/5 15:00,9644.81,25.94,TRADE
NSW1,2011/7/5 15:30,9643.89,26.03,TRADE
NSW1,2011/7/5 16:00,9753.28,26.45,TRADE
NSW1,2011/7/5 16:30,9922.52,26.51,TRADE
NSW1,2011/7/5 17:00,10284.44,26.43,TRADE
NSW1,2011/7/5 17:30,10932.81,51.31,TRADE
NSW1,2011/7/5 18:00,11564.27,66.92,TRADE
NSW1,2011/7/5 18:30,11540.75,43.7,TRADE
NSW1,2011/7/5 19:00,11413.24,40.31,TRADE
NSW1,2011/7/5 19:30,11133.97,37.82,TRADE
NSW1,2011/7/5 20:00,10942.71,38.96,TRADE
NSW1,2011/7/5 20:30,10748.09,33.7,TRADE
NSW1,2011/7/5 21:00,10596.45,28.1,TRADE
NSW1,2011/7/5 21:30,10282.32,27.4,TRADE
NSW1,2011/7/5 22:00,9888.94,26.87,TRADE
NSW1,2011/7/5 22:30,9865.8,29.86,TRADE
NSW1,2011/7/5 23:00,9500.06,26.07,TRADE
NSW1,2011/7/5 23:30,9247.89,26.23,TRADE
NSW1,2011/7/6 0:00,9065.73,26.38,TRADE
NSW1,2011/7/6 0:30,8776.8,25.73,TRADE
NSW1,2011/7/6 1:00,8572.01,25.38,TRADE
NSW1,2011/7/6 1:30,8361.57,25.08,TRADE
NSW1,2011/7/6 2:00,8153.22,24.37,TRADE
NSW1,2011/7/6 2:30,7712.88,24.04,TRADE
NSW1,2011/7/6 3:00,7402.46,23.97,TRADE
NSW1,2011/7/6 3:30,7154.93,19.73,TRADE
NSW1,2011/7/6 4:00,7022.18,19.65,TRADE
NSW1,2011/7/6 4:30,6992.94,20.13,TRADE
NSW1,2011/7/6 5:00,7037.43,19.65,TRADE
NSW1,2011/7/6 5:30,7339.02,21.14,TRADE
NSW1,2011/7/6 6:00,7800.83,24.01,TRADE
NSW1,2011/7/6 6:30,8476.21,24.56,TRADE
NSW1,2011/7/6 7:00,9144.72,27.17,TRADE
NSW1,2011/7/6 7:30,9513.8,25.82,TRADE
NSW1,2011/7/6 8:00,9986.37,29.2,TRADE
NSW1,2011/7/6 8:30,10184.14,29.07,TRADE
NSW1,2011/7/6 9:00,10194.3,26.53,TRADE
NSW1,2011/7/6 9:30,10147.41,27.31,TRADE
NSW1,2011/7/6 10:00,10067.12,28.77,TRADE
NSW1,2011/7/6 10:30,9975.15,27.49,TRADE
NSW1,2011/7/6 11:00,9859.7,26.15,TRADE
NSW1,2011/7/6 11:30,9718.34,25.85,TRADE
NSW1,2011/7/6 12:00,9509.37,25.43,TRADE
NSW1,2011/7/6 12:30,9490.51,25.54,TRADE
NSW1,2011/7/6 13:00,9465.25,25.72,TRADE
NSW1,2011/7/6 13:30,9430.15,26.07,TRADE
NSW1,2011/7/6 14:00,9375.92,26.33,TRADE
NSW1,2011/7/6 14:30,9365.04,26.06,TRADE
NSW1,2011/7/6 15:00,9362.98,26,TRADE
NSW1,2011/7/6 15:30,9308.81,26.04,TRADE
NSW1,2011/7/6 16:00,9450.56,26.15,TRADE
NSW1,2011/7/6 16:30,9771.01,26.48,TRADE
NSW1,2011/7/6 17:00,10140.7,27.89,TRADE
NSW1,2011/7/6 17:30,10818.23,40.29,TRADE
NSW1,2011/7/6 18:00,11341.24,42.92,TRADE
NSW1,2011/7/6 18:30,11409.05,39.17,TRADE
NSW1,2011/7/6 19:00,11314.12,38.34,TRADE
NSW1,2011/7/6 19:30,11091.2,33.22,TRADE
NSW1,2011/7/6 20:00,10866.08,31.5,TRADE
NSW1,2011/7/6 20:30,10707.94,31.22,TRADE
NSW1,2011/7/6 21:00,10492.25,26.69,TRADE
NSW1,2011/7/6 21:30,10284.73,25.71,TRADE
NSW1,2011/7/6 22:00,9981.96,25.59,TRADE
NSW1,2011/7/6 22:30,9947.76,32.47,TRADE
NSW1,2011/7/6 23:00,9634.09,28.36,TRADE
NSW1,2011/7/6 23:30,9397.73,26.44,TRADE
NSW1,2011/7/7 0:00,9169.8,26.23,TRADE
NSW1,2011/7/7 0:30,8850.39,25.9,TRADE
NSW1,2011/7/7 1:00,8604.42,25.7,TRADE
NSW1,2011/7/7 1:30,8406.05,26.8,TRADE
NSW1,2011/7/7 2:00,8202.7,25.08,TRADE
NSW1,2011/7/7 2:30,7827.91,25.19,TRADE
NSW1,2011/7/7 3:00,7467.23,24,TRADE
NSW1,2011/7/7 3:30,7174.42,21.03,TRADE
NSW1,2011/7/7 4:00,7008.25,19.62,TRADE
NSW1,2011/7/7 4:30,7037.04,19.71,TRADE
NSW1,2011/7/7 5:00,7114.9,20.42,TRADE
NSW1,2011/7/7 5:30,7357.46,23.36,TRADE
NSW1,2011/7/7 6:00,7776.15,23.54,TRADE
NSW1,2011/7/7 6:30,8536.53,27.17,TRADE
NSW1,2011/7/7 7:00,9223.13,26.56,TRADE
NSW1,2011/7/7 7:30,9548.67,26.6,TRADE
NSW1,2011/7/7 8:00,10003.96,29.73,TRADE
NSW1,2011/7/7 8:30,10199.79,32.79,TRADE
NSW1,2011/7/7 9:00,10238.43,31.81,TRADE
NSW1,2011/7/7 9:30,10259.57,33.08,TRADE
NSW1,2011/7/7 10:00,10128.33,32.34,TRADE
NSW1,2011/7/7 10:30,10067.51,28.64,TRADE
NSW1,2011/7/7 11:00,9937.76,27.18,TRADE
NSW1,2011/7/7 11:30,9787.17,27.33,TRADE
NSW1,2011/7/7 12:00,9673.67,26.35,TRADE
NSW1,2011/7/7 12:30,9598.03,26.06,TRADE
NSW1,2011/7/7 13:00,9523.98,25.94,TRADE
NSW1,2011/7/7 13:30,9447.16,25.94,TRADE
NSW1,2011/7/7 14:00,9403.55,26.14,TRADE
NSW1,2011/7/7 14:30,9387.71,26.14,TRADE
NSW1,2011/7/7 15:00,9402.96,25.83,TRADE
NSW1,2011/7/7 15:30,9432.71,26,TRADE
NSW1,2011/7/7 16:00,9521.27,25.75,TRADE
NSW1,2011/7/7 16:30,9636.24,26.27,TRADE
NSW1,2011/7/7 17:00,10032.87,25.65,TRADE
NSW1,2011/7/7 17:30,10764.33,29.58,TRADE
NSW1,2011/7/7 18:00,11408.65,38.91,TRADE
NSW1,2011/7/7 18:30,11615.54,45.93,TRADE
NSW1,2011/7/7 19:00,11523.03,40.31,TRADE
NSW1,2011/7/7 19:30,11331.48,33.31,TRADE
NSW1,2011/7/7 20:00,11124.22,32.72,TRADE
NSW1,2011/7/7 20:30,11011.72,32.31,TRADE
NSW1,2011/7/7 21:00,10831.12,31.31,TRADE
NSW1,2011/7/7 21:30,10540.91,29.68,TRADE
NSW1,2011/7/7 22:00,10172.94,26.34,TRADE
NSW1,2011/7/7 22:30,10129.3,38.08,TRADE
NSW1,2011/7/7 23:00,9871.55,28.77,TRADE
NSW1,2011/7/7 23:30,9648.39,28.62,TRADE
NSW1,2011/7/8 0:00,9438.49,26.11,TRADE
NSW1,2011/7/8 0:30,9119.39,26.15,TRADE
NSW1,2011/7/8 1:00,8901.72,25.79,TRADE
NSW1,2011/7/8 1:30,8760.22,26.39,TRADE
NSW1,2011/7/8 2:00,8471.51,25.19,TRADE
NSW1,2011/7/8 2:30,8151.03,25.38,TRADE
NSW1,2011/7/8 3:00,7811.32,24.18,TRADE
NSW1,2011/7/8 3:30,7539.09,24.03,TRADE
NSW1,2011/7/8 4:00,7428.13,24.01,TRADE
NSW1,2011/7/8 4:30,7394.1,22.75,TRADE
NSW1,2011/7/8 5:00,7472.11,24.07,TRADE
NSW1,2011/7/8 5:30,7788.18,24.79,TRADE
NSW1,2011/7/8 6:00,8256.51,24.89,TRADE
NSW1,2011/7/8 6:30,9032.41,27.07,TRADE
NSW1,2011/7/8 7:00,9708.35,28.29,TRADE
NSW1,2011/7/8 7:30,10173.09,27.26,TRADE
NSW1,2011/7/8 8:00,10776.21,47.81,TRADE
NSW1,2011/7/8 8:30,11033.94,45.6,TRADE
NSW1,2011/7/8 9:00,11055.23,46.03,TRADE
NSW1,2011/7/8 9:30,11049.69,38.85,TRADE
NSW1,2011/7/8 10:00,10973.89,39.13,TRADE
NSW1,2011/7/8 10:30,10818.98,37.69,TRADE
NSW1,2011/7/8 11:00,10631.05,31.76,TRADE
NSW1,2011/7/8 11:30,10383.42,29.29,TRADE
NSW1,2011/7/8 12:00,10184.8,30.39,TRADE
NSW1,2011/7/8 12:30,10017.11,28.44,TRADE
NSW1,2011/7/8 13:00,9836.97,27.18,TRADE
NSW1,2011/7/8 13:30,9694.34,26.67,TRADE
NSW1,2011/7/8 14:00,9627,25.83,TRADE
NSW1,2011/7/8 14:30,9497.53,26.18,TRADE
NSW1,2011/7/8 15:00,9483.94,25.89,TRADE
NSW1,2011/7/8 15:30,9476.23,26.61,TRADE
NSW1,2011/7/8 16:00,9518.95,26.22,TRADE
NSW1,2011/7/8 16:30,9782.41,26.55,TRADE
NSW1,2011/7/8 17:00,10169.21,26.86,TRADE
NSW1,2011/7/8 17:30,10904.41,35.95,TRADE
NSW1,2011/7/8 18:00,11528.34,43.31,TRADE
NSW1,2011/7/8 18:30,11544.42,36.57,TRADE
NSW1,2011/7/8 19:00,11446.95,41.08,TRADE
NSW1,2011/7/8 19:30,11210.1,32.64,TRADE
NSW1,2011/7/8 20:00,11070.64,32.8,TRADE
NSW1,2011/7/8 20:30,10965.84,32.04,TRADE
NSW1,2011/7/8 21:00,10746.71,28.58,TRADE
NSW1,2011/7/8 21:30,10545.69,32.01,TRADE
NSW1,2011/7/8 22:00,10286.34,31.21,TRADE
NSW1,2011/7/8 22:30,10308.83,39.28,TRADE
NSW1,2011/7/8 23:00,10071.72,32.81,TRADE
NSW1,2011/7/8 23:30,9918.53,33.41,TRADE
NSW1,2011/7/9 0:00,9728.93,31.84,TRADE
NSW1,2011/7/9 0:30,9369.17,30.17,TRADE
NSW1,2011/7/9 1:00,9105.33,26.78,TRADE
NSW1,2011/7/9 1:30,8865.6,30.49,TRADE
NSW1,2011/7/9 2:00,8594.83,26.21,TRADE
NSW1,2011/7/9 2:30,8180.54,25.34,TRADE
NSW1,2011/7/9 3:00,7825.69,24.39,TRADE
NSW1,2011/7/9 3:30,7506.75,24.1,TRADE
NSW1,2011/7/9 4:00,7335.55,23.63,TRADE
NSW1,2011/7/9 4:30,7189.78,23.47,TRADE
NSW1,2011/7/9 5:00,7218.88,22.83,TRADE
NSW1,2011/7/9 5:30,7283.13,21.04,TRADE
NSW1,2011/7/9 6:00,7475.89,24.01,TRADE
NSW1,2011/7/9 6:30,7818.89,24.22,TRADE
NSW1,2011/7/9 7:00,8177.52,24.45,TRADE
NSW1,2011/7/9 7:30,8641.88,25.71,TRADE
NSW1,2011/7/9 8:00,9262.34,26.52,TRADE
NSW1,2011/7/9 8:30,9862.9,28.47,TRADE
NSW1,2011/7/9 9:00,10187.69,31.48,TRADE
NSW1,2011/7/9 9:30,10438.14,34.53,TRADE
NSW1,2011/7/9 10:00,10343.07,32.38,TRADE
NSW1,2011/7/9 10:30,10215.74,31.4,TRADE
NSW1,2011/7/9 11:00,9951.95,27.89,TRADE
NSW1,2011/7/9 11:30,9697.99,26.25,TRADE
NSW1,2011/7/9 12:00,9467.46,25.75,TRADE
NSW1,2011/7/9 12:30,9273.17,25.68,TRADE
NSW1,2011/7/9 13:00,9038.61,25.39,TRADE
NSW1,2011/7/9 13:30,8918.59,25.6,TRADE
NSW1,2011/7/9 14:00,8817.51,25.55,TRADE
NSW1,2011/7/9 14:30,8724.36,25.62,TRADE
NSW1,2011/7/9 15:00,8685.05,25.6,TRADE
NSW1,2011/7/9 15:30,8785.08,25.74,TRADE
NSW1,2011/7/9 16:00,8959.54,25.57,TRADE
NSW1,2011/7/9 16:30,9288.66,26.13,TRADE
NSW1,2011/7/9 17:00,9750.39,27.42,TRADE
NSW1,2011/7/9 17:30,10512.37,43.3,TRADE
NSW1,2011/7/9 18:00,11172.05,56.77,TRADE
NSW1,2011/7/9 18:30,11274.29,65.43,TRADE
NSW1,2011/7/9 19:00,11069.52,50.33,TRADE
NSW1,2011/7/9 19:30,10862.18,38.4,TRADE
NSW1,2011/7/9 20:00,10639.64,40.55,TRADE
NSW1,2011/7/9 20:30,10440.38,36.68,TRADE
NSW1,2011/7/9 21:00,10288.16,34.17,TRADE
NSW1,2011/7/9 21:30,10084.34,31.21,TRADE
NSW1,2011/7/9 22:00,9868.84,27.8,TRADE
NSW1,2011/7/9 22:30,9833.02,34.76,TRADE
NSW1,2011/7/9 23:00,9561.95,35.08,TRADE
NSW1,2011/7/9 23:30,9417.26,36.86,TRADE
NSW1,2011/7/10 0:00,9145.85,34.71,TRADE
NSW1,2011/7/10 0:30,8792.74,27.84,TRADE
NSW1,2011/7/10 1:00,8494.96,26.39,TRADE
NSW1,2011/7/10 1:30,8273.57,26.73,TRADE
NSW1,2011/7/10 2:00,7959.84,25.29,TRADE
NSW1,2011/7/10 2:30,7590.89,24.54,TRADE
NSW1,2011/7/10 3:00,7317.18,24.07,TRADE
NSW1,2011/7/10 3:30,7093.03,24,TRADE
NSW1,2011/7/10 4:00,7029.85,23.17,TRADE
NSW1,2011/7/10 4:30,6988.28,23.39,TRADE
NSW1,2011/7/10 5:00,6959.94,23.67,TRADE
NSW1,2011/7/10 5:30,7005.43,20.12,TRADE
NSW1,2011/7/10 6:00,7126.27,19.85,TRADE
NSW1,2011/7/10 6:30,7370.89,22.14,TRADE
NSW1,2011/7/10 7:00,7671.23,23.71,TRADE
NSW1,2011/7/10 7:30,7956.88,23.82,TRADE
NSW1,2011/7/10 8:00,8563.81,24.9,TRADE
NSW1,2011/7/10 8:30,9118.67,25.65,TRADE
NSW1,2011/7/10 9:00,9544.85,26.01,TRADE
NSW1,2011/7/10 9:30,9759.29,26.4,TRADE
NSW1,2011/7/10 10:00,9872.24,26.07,TRADE
NSW1,2011/7/10 10:30,9799.7,26.36,TRADE
NSW1,2011/7/10 11:00,9626.7,25.89,TRADE
NSW1,2011/7/10 11:30,9522.45,25.87,TRADE
NSW1,2011/7/10 12:00,9243.35,25.51,TRADE
NSW1,2011/7/10 12:30,9229.83,25.54,TRADE
NSW1,2011/7/10 13:00,8966.06,25.51,TRADE
NSW1,2011/7/10 13:30,8903.89,25.6,TRADE
NSW1,2011/7/10 14:00,8772.7,25.53,TRADE
NSW1,2011/7/10 14:30,8708.05,25.6,TRADE
NSW1,2011/7/10 15:00,8653.01,25.51,TRADE
NSW1,2011/7/10 15:30,8749.78,25.51,TRADE
NSW1,2011/7/10 16:00,9029.6,25.8,TRADE
NSW1,2011/7/10 16:30,9328.38,26.45,TRADE
NSW1,2011/7/10 17:00,9883.61,27.74,TRADE
NSW1,2011/7/10 17:30,10458.57,34.31,TRADE
NSW1,2011/7/10 18:00,11165.05,57.22,TRADE
NSW1,2011/7/10 18:30,11309.1,76.63,TRADE
NSW1,2011/7/10 19:00,11231.09,80.98,TRADE
NSW1,2011/7/10 19:30,11064.49,53.33,TRADE
NSW1,2011/7/10 20:00,10893.04,51.42,TRADE
NSW1,2011/7/10 20:30,10735.63,51.31,TRADE
NSW1,2011/7/10 21:00,10530.94,41.59,TRADE
NSW1,2011/7/10 21:30,10292.5,33.04,TRADE
NSW1,2011/7/10 22:00,9923.35,28.8,TRADE
NSW1,2011/7/10 22:30,9673.71,29.89,TRADE
NSW1,2011/7/10 23:00,9345.09,30.37,TRADE
NSW1,2011/7/10 23:30,9081.12,30.47,TRADE
NSW1,2011/7/11 0:00,8759.84,29.53,TRADE
NSW1,2011/7/11 0:30,8407.15,26.12,TRADE
NSW1,2011/7/11 1:00,8122.67,25.73,TRADE
NSW1,2011/7/11 1:30,7922.09,26.04,TRADE
NSW1,2011/7/11 2:00,7832.82,25.64,TRADE
NSW1,2011/7/11 2:30,7438.91,24.53,TRADE
NSW1,2011/7/11 3:00,7275.5,24.14,TRADE
NSW1,2011/7/11 3:30,7132.89,24.06,TRADE
NSW1,2011/7/11 4:00,7062.39,24.01,TRADE
NSW1,2011/7/11 4:30,7125.78,24.01,TRADE
NSW1,2011/7/11 5:00,7193.59,24.4,TRADE
NSW1,2011/7/11 5:30,7556.27,25.12,TRADE
NSW1,2011/7/11 6:00,8015.23,25.37,TRADE
NSW1,2011/7/11 6:30,8847.61,26.56,TRADE
NSW1,2011/7/11 7:00,9536.39,27.41,TRADE
NSW1,2011/7/11 7:30,9959.15,27.38,TRADE
NSW1,2011/7/11 8:00,10480.9,43.17,TRADE
NSW1,2011/7/11 8:30,10776.11,63.87,TRADE
NSW1,2011/7/11 9:00,10846.18,75.67,TRADE
NSW1,2011/7/11 9:30,10908.96,89.32,TRADE
NSW1,2011/7/11 10:00,10820.38,37.79,TRADE
NSW1,2011/7/11 10:30,10623.43,38.7,TRADE
NSW1,2011/7/11 11:00,10489.86,38.07,TRADE
NSW1,2011/7/11 11:30,10259.61,34.48,TRADE
NSW1,2011/7/11 12:00,10084.84,33.74,TRADE
NSW1,2011/7/11 12:30,9939.29,33.09,TRADE
NSW1,2011/7/11 13:00,9859.6,33.5,TRADE
NSW1,2011/7/11 13:30,9749.76,32.88,TRADE
NSW1,2011/7/11 14:00,9651.06,31.07,TRADE
NSW1,2011/7/11 14:30,9602.41,26.6,TRADE
NSW1,2011/7/11 15:00,9610.11,26.62,TRADE
NSW1,2011/7/11 15:30,9619.57,26.39,TRADE
NSW1,2011/7/11 16:00,9653.15,26.22,TRADE
NSW1,2011/7/11 16:30,9869.34,27.1,TRADE
NSW1,2011/7/11 17:00,10368.96,33.57,TRADE
NSW1,2011/7/11 17:30,11215.62,56.47,TRADE
NSW1,2011/7/11 18:00,11973.73,102,TRADE
NSW1,2011/7/11 18:30,12055.05,56.47,TRADE
NSW1,2011/7/11 19:00,12004.8,50.68,TRADE
NSW1,2011/7/11 19:30,11780.88,42.85,TRADE
NSW1,2011/7/11 20:00,11580.67,49.34,TRADE
NSW1,2011/7/11 20:30,11443.15,48.82,TRADE
NSW1,2011/7/11 21:00,11229.14,38.48,TRADE
NSW1,2011/7/11 21:30,10962.56,33.32,TRADE
NSW1,2011/7/11 22:00,10459.55,30.37,TRADE
NSW1,2011/7/11 22:30,10368.68,46.31,TRADE
NSW1,2011/7/11 23:00,10021.89,40.31,TRADE
NSW1,2011/7/11 23:30,9757.39,39.21,TRADE
NSW1,2011/7/12 0:00,9596.87,38.39,TRADE
NSW1,2011/7/12 0:30,9276.91,33.18,TRADE
NSW1,2011/7/12 1:00,9092.88,30.38,TRADE
NSW1,2011/7/12 1:30,8903.02,31.1,TRADE
NSW1,2011/7/12 2:00,8635.81,26.84,TRADE
NSW1,2011/7/12 2:30,8298.58,26.17,TRADE
NSW1,2011/7/12 3:00,7898.16,25.62,TRADE
NSW1,2011/7/12 3:30,7687.68,25.55,TRADE
NSW1,2011/7/12 4:00,7467.08,25.34,TRADE
NSW1,2011/7/12 4:30,7421.79,24.03,TRADE
NSW1,2011/7/12 5:00,7494.09,24.58,TRADE
NSW1,2011/7/12 5:30,7851.3,25.53,TRADE
NSW1,2011/7/12 6:00,8330.52,25.8,TRADE
NSW1,2011/7/12 6:30,9125.25,34.19,TRADE
NSW1,2011/7/12 7:00,9832.94,46.17,TRADE
NSW1,2011/7/12 7:30,10268.71,41.92,TRADE
NSW1,2011/7/12 8:00,10835.9,52.85,TRADE
NSW1,2011/7/12 8:30,11068.07,49.06,TRADE
NSW1,2011/7/12 9:00,11100.87,49.43,TRADE
NSW1,2011/7/12 9:30,11046.6,45.61,TRADE
NSW1,2011/7/12 10:00,10830.28,41.24,TRADE
NSW1,2011/7/12 10:30,10636.56,37.75,TRADE
NSW1,2011/7/12 11:00,10504.07,37.15,TRADE
NSW1,2011/7/12 11:30,10251.8,37.09,TRADE
NSW1,2011/7/12 12:00,10064.4,33.47,TRADE
NSW1,2011/7/12 12:30,9916.82,32.67,TRADE
NSW1,2011/7/12 13:00,9794.03,29.09,TRADE
NSW1,2011/7/12 13:30,9711.36,28.4,TRADE
NSW1,2011/7/12 14:00,9633.41,27.56,TRADE
NSW1,2011/7/12 14:30,9586,27.4,TRADE
NSW1,2011/7/12 15:00,9556.21,26.9,TRADE
NSW1,2011/7/12 15:30,9517.96,26.73,TRADE
NSW1,2011/7/12 16:00,9577.29,27.19,TRADE
NSW1,2011/7/12 16:30,9748.85,26.48,TRADE
NSW1,2011/7/12 17:00,10246.2,31.01,TRADE
NSW1,2011/7/12 17:30,11153.88,48.34,TRADE
NSW1,2011/7/12 18:00,11818.41,56.93,TRADE
NSW1,2011/7/12 18:30,11960.01,56.27,TRADE
NSW1,2011/7/12 19:00,11839.22,52.51,TRADE
NSW1,2011/7/12 19:30,11640.88,47.45,TRADE
NSW1,2011/7/12 20:00,11413.47,43.3,TRADE
NSW1,2011/7/12 20:30,11284.96,46.63,TRADE
NSW1,2011/7/12 21:00,11076.42,37.66,TRADE
NSW1,2011/7/12 21:30,10819.87,37.05,TRADE
NSW1,2011/7/12 22:00,10404.62,28.81,TRADE
NSW1,2011/7/12 22:30,10350.85,51.32,TRADE
NSW1,2011/7/12 23:00,10024.49,38,TRADE
NSW1,2011/7/12 23:30,9708.16,31.89,TRADE
NSW1,2011/7/13 0:00,9460.93,28.19,TRADE
NSW1,2011/7/13 0:30,9186.13,27.47,TRADE
NSW1,2011/7/13 1:00,9008.38,26.9,TRADE
NSW1,2011/7/13 1:30,8851.72,28.3,TRADE
NSW1,2011/7/13 2:00,8553.79,26.57,TRADE
NSW1,2011/7/13 2:30,8159.68,25.82,TRADE
NSW1,2011/7/13 3:00,7812.7,25.59,TRADE
NSW1,2011/7/13 3:30,7507.57,25.26,TRADE
NSW1,2011/7/13 4:00,7372.05,24.4,TRADE
NSW1,2011/7/13 4:30,7284.91,24.42,TRADE
NSW1,2011/7/13 5:00,7338.98,24.09,TRADE
NSW1,2011/7/13 5:30,7663.23,25.42,TRADE
NSW1,2011/7/13 6:00,8146.04,25.27,TRADE
NSW1,2011/7/13 6:30,8931.75,29.08,TRADE
NSW1,2011/7/13 7:00,9544.67,36.72,TRADE
NSW1,2011/7/13 7:30,9974.25,30.75,TRADE
NSW1,2011/7/13 8:00,10523.95,53.04,TRADE
NSW1,2011/7/13 8:30,10829.64,52.25,TRADE
NSW1,2011/7/13 9:00,10968.74,44.14,TRADE
NSW1,2011/7/13 9:30,11131.68,46.87,TRADE
NSW1,2011/7/13 10:00,11162.08,39.72,TRADE
NSW1,2011/7/13 10:30,11113.52,45.14,TRADE
NSW1,2011/7/13 11:00,11025.35,40.13,TRADE
NSW1,2011/7/13 11:30,10953.24,34.88,TRADE
NSW1,2011/7/13 12:00,10858.37,34.11,TRADE
NSW1,2011/7/13 12:30,10867.38,34.09,TRADE
NSW1,2011/7/13 13:00,10782.7,34.23,TRADE
NSW1,2011/7/13 13:30,10696.6,33.91,TRADE
NSW1,2011/7/13 14:00,10654.33,36.37,TRADE
NSW1,2011/7/13 14:30,10713.06,32.95,TRADE
NSW1,2011/7/13 15:00,10694.11,33.17,TRADE
NSW1,2011/7/13 15:30,10690.28,33.87,TRADE
NSW1,2011/7/13 16:00,10802.66,36.06,TRADE
NSW1,2011/7/13 16:30,11015.75,40.89,TRADE
NSW1,2011/7/13 17:00,11447.01,45.55,TRADE
NSW1,2011/7/13 17:30,12031.88,55.92,TRADE
NSW1,2011/7/13 18:00,12537.66,96.72,TRADE
NSW1,2011/7/13 18:30,12493.08,53.89,TRADE
NSW1,2011/7/13 19:00,12344.32,48.52,TRADE
NSW1,2011/7/13 19:30,12064.41,41.85,TRADE
NSW1,2011/7/13 20:00,11801.98,39.11,TRADE
NSW1,2011/7/13 20:30,11584.55,56.69,TRADE
NSW1,2011/7/13 21:00,11358.57,37.2,TRADE
NSW1,2011/7/13 21:30,10996.64,33.98,TRADE
NSW1,2011/7/13 22:00,10616.33,29.96,TRADE
NSW1,2011/7/13 22:30,10529.38,53.15,TRADE
NSW1,2011/7/13 23:00,10169.12,37.27,TRADE
NSW1,2011/7/13 23:30,9913.51,33.97,TRADE
NSW1,2011/7/14 0:00,9682.21,29.79,TRADE
NSW1,2011/7/14 0:30,9366.27,29.75,TRADE
NSW1,2011/7/14 1:00,9193.4,28.16,TRADE
NSW1,2011/7/14 1:30,9021.71,32.62,TRADE
NSW1,2011/7/14 2:00,8729.88,28.14,TRADE
NSW1,2011/7/14 2:30,8362.24,26.01,TRADE
NSW1,2011/7/14 3:00,8052.27,25.62,TRADE
NSW1,2011/7/14 3:30,7782.05,25.56,TRADE
NSW1,2011/7/14 4:00,7635.73,25.6,TRADE
NSW1,2011/7/14 4:30,7612.08,25.38,TRADE
NSW1,2011/7/14 5:00,7681.91,25.54,TRADE
NSW1,2011/7/14 5:30,8031.09,25.91,TRADE
NSW1,2011/7/14 6:00,8464.83,26.43,TRADE
NSW1,2011/7/14 6:30,9259.3,31.81,TRADE
NSW1,2011/7/14 7:00,9911.54,39.59,TRADE
NSW1,2011/7/14 7:30,10353.93,38.61,TRADE
NSW1,2011/7/14 8:00,10885.27,49.99,TRADE
NSW1,2011/7/14 8:30,11107.53,50.26,TRADE
NSW1,2011/7/14 9:00,11086.75,45.34,TRADE
NSW1,2011/7/14 9:30,11025.52,42.85,TRADE
NSW1,2011/7/14 10:00,10866.38,37.12,TRADE
NSW1,2011/7/14 10:30,10676.33,36.23,TRADE
NSW1,2011/7/14 11:00,10515.79,36.24,TRADE
NSW1,2011/7/14 11:30,10342.25,34.53,TRADE
NSW1,2011/7/14 12:00,10175.04,33.64,TRADE
NSW1,2011/7/14 12:30,10038.39,32.64,TRADE
NSW1,2011/7/14 13:00,9942.73,30.82,TRADE
NSW1,2011/7/14 13:30,9855.36,32.14,TRADE
NSW1,2011/7/14 14:00,9791.48,32.64,TRADE
NSW1,2011/7/14 14:30,9767.3,32.11,TRADE
NSW1,2011/7/14 15:00,9751.79,28.96,TRADE
NSW1,2011/7/14 15:30,9767.85,29.85,TRADE
NSW1,2011/7/14 16:00,9916.57,31.91,TRADE
NSW1,2011/7/14 16:30,10137.35,32.06,TRADE
NSW1,2011/7/14 17:00,10594.61,30.39,TRADE
NSW1,2011/7/14 17:30,11434.03,46.16,TRADE
NSW1,2011/7/14 18:00,12225.11,114.43,TRADE
NSW1,2011/7/14 18:30,12376.63,123.68,TRADE
NSW1,2011/7/14 19:00,12345.22,116.3,TRADE
NSW1,2011/7/14 19:30,12105.73,60.55,TRADE
NSW1,2011/7/14 20:00,11894.1,43.56,TRADE
NSW1,2011/7/14 20:30,11663.15,45.36,TRADE
NSW1,2011/7/14 21:00,11606.56,46.49,TRADE
NSW1,2011/7/14 21:30,11261.6,39.95,TRADE
NSW1,2011/7/14 22:00,10829.55,32.58,TRADE
NSW1,2011/7/14 22:30,10759.18,50.27,TRADE
NSW1,2011/7/14 23:00,10366.44,37.09,TRADE
NSW1,2011/7/14 23:30,10144.56,33.54,TRADE
NSW1,2011/7/15 0:00,9879.55,30.16,TRADE
NSW1,2011/7/15 0:30,9605.51,30.27,TRADE
NSW1,2011/7/15 1:00,9348.21,28.69,TRADE
NSW1,2011/7/15 1:30,9140.63,28.72,TRADE
NSW1,2011/7/15 2:00,8864.89,26.73,TRADE
NSW1,2011/7/15 2:30,8473.69,25.73,TRADE
NSW1,2011/7/15 3:00,8071.24,24.62,TRADE
NSW1,2011/7/15 3:30,7731.91,24.09,TRADE
NSW1,2011/7/15 4:00,7648.04,24.01,TRADE
NSW1,2011/7/15 4:30,7605.67,23.98,TRADE
NSW1,2011/7/15 5:00,7690.67,23.98,TRADE
NSW1,2011/7/15 5:30,7979.76,24.18,TRADE
NSW1,2011/7/15 6:00,8420.56,24.59,TRADE
NSW1,2011/7/15 6:30,9169.49,26.45,TRADE
NSW1,2011/7/15 7:00,9861.89,26.62,TRADE
NSW1,2011/7/15 7:30,10332.36,27.7,TRADE
NSW1,2011/7/15 8:00,10965.32,37.69,TRADE
NSW1,2011/7/15 8:30,11275.78,42.8,TRADE
NSW1,2011/7/15 9:00,11376.93,43.81,TRADE
NSW1,2011/7/15 9:30,11403.89,48.79,TRADE
NSW1,2011/7/15 10:00,11417.74,45.23,TRADE
NSW1,2011/7/15 10:30,11259.98,45.04,TRADE
NSW1,2011/7/15 11:00,11081.23,41.91,TRADE
NSW1,2011/7/15 11:30,10918.97,38.74,TRADE
NSW1,2011/7/15 12:00,10616.63,31.66,TRADE
NSW1,2011/7/15 12:30,10698.73,36.03,TRADE
NSW1,2011/7/15 13:00,10651.77,36.53,TRADE
NSW1,2011/7/15 13:30,10466.65,34.77,TRADE
NSW1,2011/7/15 14:00,10424.9,33.95,TRADE
NSW1,2011/7/15 14:30,10426.22,34.26,TRADE
NSW1,2011/7/15 15:00,10336.77,30.58,TRADE
NSW1,2011/7/15 15:30,10433.41,33.54,TRADE
NSW1,2011/7/15 16:00,10657.42,35.01,TRADE
NSW1,2011/7/15 16:30,10941.08,40.54,TRADE
NSW1,2011/7/15 17:00,11343.46,40.99,TRADE
NSW1,2011/7/15 17:30,11862.66,59.03,TRADE
NSW1,2011/7/15 18:00,12264.18,112.75,TRADE
NSW1,2011/7/15 18:30,12177.93,100.55,TRADE
NSW1,2011/7/15 19:00,11999.97,53.59,TRADE
NSW1,2011/7/15 19:30,11727.11,39.78,TRADE
NSW1,2011/7/15 20:00,11522.85,37.73,TRADE
NSW1,2011/7/15 20:30,11343.51,44.07,TRADE
NSW1,2011/7/15 21:00,11141.94,36.35,TRADE
NSW1,2011/7/15 21:30,10838.4,29.81,TRADE
NSW1,2011/7/15 22:00,10520.99,26.54,TRADE
NSW1,2011/7/15 22:30,10500.58,35.44,TRADE
NSW1,2011/7/15 23:00,10278.39,35.27,TRADE
NSW1,2011/7/15 23:30,10129.81,36.24,TRADE
NSW1,2011/7/16 0:00,9892.92,33.11,TRADE
NSW1,2011/7/16 0:30,9560.29,29.11,TRADE
NSW1,2011/7/16 1:00,9302.16,27.22,TRADE
NSW1,2011/7/16 1:30,9057.95,27.52,TRADE
NSW1,2011/7/16 2:00,8740.11,26.19,TRADE
NSW1,2011/7/16 2:30,8316.38,25.69,TRADE
NSW1,2011/7/16 3:00,7997.57,24.68,TRADE
NSW1,2011/7/16 3:30,7642.98,24.05,TRADE
NSW1,2011/7/16 4:00,7425.09,23.98,TRADE
NSW1,2011/7/16 4:30,7339.49,22.67,TRADE
NSW1,2011/7/16 5:00,7263.5,20.58,TRADE
NSW1,2011/7/16 5:30,7387.66,23.03,TRADE
NSW1,2011/7/16 6:00,7526.2,24.01,TRADE
NSW1,2011/7/16 6:30,7912.46,24.58,TRADE
NSW1,2011/7/16 7:00,8177.84,24.23,TRADE
NSW1,2011/7/16 7:30,8551,24.33,TRADE
NSW1,2011/7/16 8:00,9159.29,26.1,TRADE
NSW1,2011/7/16 8:30,9742.34,28.47,TRADE
NSW1,2011/7/16 9:00,10091.13,38.21,TRADE
NSW1,2011/7/16 9:30,10356.54,44.41,TRADE
NSW1,2011/7/16 10:00,10398.79,42.7,TRADE
NSW1,2011/7/16 10:30,10378.5,45.86,TRADE
NSW1,2011/7/16 11:00,10211.01,43.99,TRADE
NSW1,2011/7/16 11:30,9982.52,40.07,TRADE
NSW1,2011/7/16 12:00,9830.74,33.75,TRADE
NSW1,2011/7/16 12:30,9636.78,31.2,TRADE
NSW1,2011/7/16 13:00,9455.75,27.61,TRADE
NSW1,2011/7/16 13:30,9332.09,26.27,TRADE
NSW1,2011/7/16 14:00,9235.06,25.62,TRADE
NSW1,2011/7/16 14:30,9207.86,25.67,TRADE
NSW1,2011/7/16 15:00,9179.16,25.6,TRADE
NSW1,2011/7/16 15:30,9249.11,25.79,TRADE
NSW1,2011/7/16 16:00,9411.22,27.07,TRADE
NSW1,2011/7/16 16:30,9649,27.15,TRADE
NSW1,2011/7/16 17:00,10112.53,26.94,TRADE
NSW1,2011/7/16 17:30,10648.17,33.9,TRADE
NSW1,2011/7/16 18:00,11159.97,50.77,TRADE
NSW1,2011/7/16 18:30,11133.29,44.95,TRADE
NSW1,2011/7/16 19:00,10916.98,34.34,TRADE
NSW1,2011/7/16 19:30,10630.4,27.51,TRADE
NSW1,2011/7/16 20:00,10388.41,26.91,TRADE
NSW1,2011/7/16 20:30,10258.24,26.47,TRADE
NSW1,2011/7/16 21:00,10079.83,26.04,TRADE
NSW1,2011/7/16 21:30,9898.79,25.8,TRADE
NSW1,2011/7/16 22:00,9679.56,26.29,TRADE
NSW1,2011/7/16 22:30,9662.28,30.11,TRADE
NSW1,2011/7/16 23:00,9394.95,31.38,TRADE
NSW1,2011/7/16 23:30,9227.24,32.57,TRADE
NSW1,2011/7/17 0:00,8981.23,31.4,TRADE
NSW1,2011/7/17 0:30,8661.62,26.66,TRADE
NSW1,2011/7/17 1:00,8385.93,25.33,TRADE
NSW1,2011/7/17 1:30,8189.12,25.22,TRADE
NSW1,2011/7/17 2:00,7878.84,24.45,TRADE
NSW1,2011/7/17 2:30,7515.66,23.83,TRADE
NSW1,2011/7/17 3:00,7275.33,20.53,TRADE
NSW1,2011/7/17 3:30,7009.4,17.41,TRADE
NSW1,2011/7/17 4:00,6868.45,17.41,TRADE
NSW1,2011/7/17 4:30,6830.03,20.98,TRADE
NSW1,2011/7/17 5:00,6821.4,17.98,TRADE
NSW1,2011/7/17 5:30,6879.36,19.14,TRADE
NSW1,2011/7/17 6:00,7029.48,19.42,TRADE
NSW1,2011/7/17 6:30,7225.57,19.66,TRADE
NSW1,2011/7/17 7:00,7430.71,19.62,TRADE
NSW1,2011/7/17 7:30,7685.83,21.01,TRADE
NSW1,2011/7/17 8:00,8155.03,24.01,TRADE
NSW1,2011/7/17 8:30,8710.1,24.41,TRADE
NSW1,2011/7/17 9:00,9108.1,25.2,TRADE
NSW1,2011/7/17 9:30,9451.16,25.6,TRADE
NSW1,2011/7/17 10:00,9549.76,25.61,TRADE
NSW1,2011/7/17 10:30,9667.97,25.81,TRADE
NSW1,2011/7/17 11:00,9535.35,25.64,TRADE
NSW1,2011/7/17 11:30,9416.27,25.74,TRADE
NSW1,2011/7/17 12:00,9316.34,25.96,TRADE
NSW1,2011/7/17 12:30,9222.56,25.74,TRADE
NSW1,2011/7/17 13:00,9077.58,25.6,TRADE
NSW1,2011/7/17 13:30,9050.07,25.42,TRADE
NSW1,2011/7/17 14:00,8958.65,25.51,TRADE
NSW1,2011/7/17 14:30,8924.13,25.33,TRADE
NSW1,2011/7/17 15:00,8858.26,25.6,TRADE
NSW1,2011/7/17 15:30,9016.2,25.74,TRADE
NSW1,2011/7/17 16:00,9192.81,26.09,TRADE
NSW1,2011/7/17 16:30,9428.5,26.48,TRADE
NSW1,2011/7/17 17:00,9689.56,26.44,TRADE
NSW1,2011/7/17 17:30,10215.55,30.52,TRADE
NSW1,2011/7/17 18:00,10905.65,41.73,TRADE
NSW1,2011/7/17 18:30,11102.21,48.16,TRADE
NSW1,2011/7/17 19:00,10972.1,41.65,TRADE
NSW1,2011/7/17 19:30,10765.84,34.25,TRADE
NSW1,2011/7/17 20:00,10611.16,36.19,TRADE
NSW1,2011/7/17 20:30,10487.23,28.81,TRADE
NSW1,2011/7/17 21:00,10295.54,25.61,TRADE
NSW1,2011/7/17 21:30,10021.62,25.58,TRADE
NSW1,2011/7/17 22:00,9678.2,25.34,TRADE
NSW1,2011/7/17 22:30,9598.54,26.32,TRADE
NSW1,2011/7/17 23:00,9238.35,25.54,TRADE
NSW1,2011/7/17 23:30,9009.53,25.97,TRADE
NSW1,2011/7/18 0:00,8696.44,25.41,TRADE
NSW1,2011/7/18 0:30,8365.35,25.01,TRADE
NSW1,2011/7/18 1:00,8119.19,24.26,TRADE
NSW1,2011/7/18 1:30,7928.15,24.22,TRADE
NSW1,2011/7/18 2:00,7737.73,23.35,TRADE
NSW1,2011/7/18 2:30,7432.59,18.57,TRADE
NSW1,2011/7/18 3:00,7202.73,12.89,TRADE
NSW1,2011/7/18 3:30,7019.31,19.89,TRADE
NSW1,2011/7/18 4:00,6918.36,16.65,TRADE
NSW1,2011/7/18 4:30,6920.51,18.78,TRADE
NSW1,2011/7/18 5:00,7032.18,19.76,TRADE
NSW1,2011/7/18 5:30,7388.25,23.29,TRADE
NSW1,2011/7/18 6:00,7799.55,24.13,TRADE
NSW1,2011/7/18 6:30,8682.27,25.19,TRADE
NSW1,2011/7/18 7:00,9439.23,26.33,TRADE
NSW1,2011/7/18 7:30,9964.79,26.57,TRADE
NSW1,2011/7/18 8:00,10468.4,27.31,TRADE
NSW1,2011/7/18 8:30,10669.61,30.59,TRADE
NSW1,2011/7/18 9:00,10674.08,29.54,TRADE
NSW1,2011/7/18 9:30,10730.23,31.57,TRADE
NSW1,2011/7/18 10:00,10605.23,29.34,TRADE
NSW1,2011/7/18 10:30,10421.24,29.3,TRADE
NSW1,2011/7/18 11:00,10310.82,29.91,TRADE
NSW1,2011/7/18 11:30,10080.02,28.43,TRADE
NSW1,2011/7/18 12:00,9967.66,26.93,TRADE
NSW1,2011/7/18 12:30,9844.51,26.48,TRADE
NSW1,2011/7/18 13:00,9779.07,26.19,TRADE
NSW1,2011/7/18 13:30,9775.99,26.01,TRADE
NSW1,2011/7/18 14:00,9694.65,25.97,TRADE
NSW1,2011/7/18 14:30,9680.39,25.92,TRADE
NSW1,2011/7/18 15:00,9669.79,25.95,TRADE
NSW1,2011/7/18 15:30,9739.62,25.98,TRADE
NSW1,2011/7/18 16:00,9792.9,26.04,TRADE
NSW1,2011/7/18 16:30,10006.03,26.09,TRADE
NSW1,2011/7/18 17:00,10404.69,26.75,TRADE
NSW1,2011/7/18 17:30,11062.09,29.69,TRADE
NSW1,2011/7/18 18:00,11689.71,43.7,TRADE
NSW1,2011/7/18 18:30,11752.82,45.9,TRADE
NSW1,2011/7/18 19:00,11626.85,39.07,TRADE
NSW1,2011/7/18 19:30,11426.04,29.31,TRADE
NSW1,2011/7/18 20:00,11199.26,30.17,TRADE
NSW1,2011/7/18 20:30,11128.97,29.86,TRADE
NSW1,2011/7/18 21:00,10872.25,26.54,TRADE
NSW1,2011/7/18 21:30,10533.23,26.1,TRADE
NSW1,2011/7/18 22:00,10145.48,25.5,TRADE
NSW1,2011/7/18 22:30,10065.84,27.04,TRADE
NSW1,2011/7/18 23:00,9755.59,25.93,TRADE
NSW1,2011/7/18 23:30,9577.83,27.15,TRADE
NSW1,2011/7/19 0:00,9477.81,27.24,TRADE
NSW1,2011/7/19 0:30,9229.91,26.29,TRADE
NSW1,2011/7/19 1:00,9003.54,25.87,TRADE
NSW1,2011/7/19 1:30,8870.13,26.4,TRADE
NSW1,2011/7/19 2:00,8650.58,25.7,TRADE
NSW1,2011/7/19 2:30,8233.82,25.34,TRADE
NSW1,2011/7/19 3:00,7971.21,24.23,TRADE
NSW1,2011/7/19 3:30,7676.93,24.15,TRADE
NSW1,2011/7/19 4:00,7556.03,24.21,TRADE
NSW1,2011/7/19 4:30,7518.31,24.15,TRADE
NSW1,2011/7/19 5:00,7580,24.27,TRADE
NSW1,2011/7/19 5:30,7931.09,25.11,TRADE
NSW1,2011/7/19 6:00,8425.01,25.35,TRADE
NSW1,2011/7/19 6:30,9348.82,31.18,TRADE
NSW1,2011/7/19 7:00,10216.94,29.29,TRADE
NSW1,2011/7/19 7:30,10759.5,32.42,TRADE
NSW1,2011/7/19 8:00,11290.41,50.32,TRADE
NSW1,2011/7/19 8:30,11375.16,43.03,TRADE
NSW1,2011/7/19 9:00,11206.9,35.17,TRADE
NSW1,2011/7/19 9:30,11184.71,38.02,TRADE
NSW1,2011/7/19 10:00,11089.85,35.58,TRADE
NSW1,2011/7/19 10:30,11002.24,32.87,TRADE
NSW1,2011/7/19 11:00,10838.01,32.58,TRADE
NSW1,2011/7/19 11:30,10634.27,27.42,TRADE
NSW1,2011/7/19 12:00,10542.18,28.25,TRADE
NSW1,2011/7/19 12:30,10395.95,27.35,TRADE
NSW1,2011/7/19 13:00,10363.04,26.9,TRADE
NSW1,2011/7/19 13:30,10347.07,26.16,TRADE
NSW1,2011/7/19 14:00,10379.12,26.27,TRADE
NSW1,2011/7/19 14:30,10502.35,27.8,TRADE
NSW1,2011/7/19 15:00,10609.35,26.9,TRADE
NSW1,2011/7/19 15:30,10668.77,28.71,TRADE
NSW1,2011/7/19 16:00,10925.16,30.79,TRADE
NSW1,2011/7/19 16:30,11273.95,30.29,TRADE
NSW1,2011/7/19 17:00,11789.57,32.45,TRADE
NSW1,2011/7/19 17:30,12298.91,42.38,TRADE
NSW1,2011/7/19 18:00,12840.02,74.61,TRADE
NSW1,2011/7/19 18:30,12883.81,88.71,TRADE
NSW1,2011/7/19 19:00,12728.95,65.13,TRADE
NSW1,2011/7/19 19:30,12412.4,35.34,TRADE
NSW1,2011/7/19 20:00,12131.52,34.94,TRADE
NSW1,2011/7/19 20:30,11948.07,35.21,TRADE
NSW1,2011/7/19 21:00,11684.67,30.26,TRADE
NSW1,2011/7/19 21:30,11226.97,28.31,TRADE
NSW1,2011/7/19 22:00,10780.01,27.02,TRADE
NSW1,2011/7/19 22:30,10611.7,32.82,TRADE
NSW1,2011/7/19 23:00,10086.31,26.69,TRADE
NSW1,2011/7/19 23:30,9871.83,25.96,TRADE
NSW1,2011/7/20 0:00,9619.51,27.36,TRADE
NSW1,2011/7/20 0:30,9401.01,26.77,TRADE
NSW1,2011/7/20 1:00,9159.63,26.2,TRADE
NSW1,2011/7/20 1:30,8939.04,26.28,TRADE
NSW1,2011/7/20 2:00,8682.37,25.63,TRADE
NSW1,2011/7/20 2:30,8284.86,24.98,TRADE
NSW1,2011/7/20 3:00,7981.62,24.15,TRADE
NSW1,2011/7/20 3:30,7590.76,23.95,TRADE
NSW1,2011/7/20 4:00,7424.68,22.65,TRADE
NSW1,2011/7/20 4:30,7367.69,19.54,TRADE
NSW1,2011/7/20 5:00,7434.39,20.3,TRADE
NSW1,2011/7/20 5:30,7774.27,24.27,TRADE
NSW1,2011/7/20 6:00,8233.13,24.63,TRADE
NSW1,2011/7/20 6:30,9073.57,29.76,TRADE
NSW1,2011/7/20 7:00,9863.19,31.39,TRADE
NSW1,2011/7/20 7:30,10406.54,28.44,TRADE
NSW1,2011/7/20 8:00,10930.82,34.18,TRADE
NSW1,2011/7/20 8:30,11043.25,34.76,TRADE
NSW1,2011/7/20 9:00,10946.92,32.7,TRADE
NSW1,2011/7/20 9:30,10854.37,32.12,TRADE
NSW1,2011/7/20 10:00,10760.98,26.85,TRADE
NSW1,2011/7/20 10:30,10674.99,26.62,TRADE
NSW1,2011/7/20 11:00,10635.42,26.74,TRADE
NSW1,2011/7/20 11:30,10363.37,26.06,TRADE
NSW1,2011/7/20 12:00,10232.8,26.09,TRADE
NSW1,2011/7/20 12:30,10248.51,26.29,TRADE
NSW1,2011/7/20 13:00,10128.18,25.98,TRADE
NSW1,2011/7/20 13:30,10057.49,25.98,TRADE
NSW1,2011/7/20 14:00,9984.83,25.96,TRADE
NSW1,2011/7/20 14:30,9996.02,26.23,TRADE
NSW1,2011/7/20 15:00,9962.47,25.91,TRADE
NSW1,2011/7/20 15:30,9954.13,25.88,TRADE
NSW1,2011/7/20 16:00,10103.85,26.11,TRADE
NSW1,2011/7/20 16:30,10305,26.52,TRADE
NSW1,2011/7/20 17:00,10677.31,28.22,TRADE
NSW1,2011/7/20 17:30,11266.69,36.24,TRADE
NSW1,2011/7/20 18:00,11935.35,68.37,TRADE
NSW1,2011/7/20 18:30,12001.53,100.1,TRADE
NSW1,2011/7/20 19:00,11840.1,50.67,TRADE
NSW1,2011/7/20 19:30,11622.81,36.9,TRADE
NSW1,2011/7/20 20:00,11370.55,38.91,TRADE
NSW1,2011/7/20 20:30,11197.76,34.38,TRADE
NSW1,2011/7/20 21:00,11012.94,31.87,TRADE
NSW1,2011/7/20 21:30,10677.13,26.57,TRADE
NSW1,2011/7/20 22:00,10357.92,26.61,TRADE
NSW1,2011/7/20 22:30,10294.69,36.29,TRADE
NSW1,2011/7/20 23:00,9881.66,31.6,TRADE
NSW1,2011/7/20 23:30,9682.66,28.69,TRADE
NSW1,2011/7/21 0:00,9455.95,26.12,TRADE
NSW1,2011/7/21 0:30,9192.65,26.23,TRADE
NSW1,2011/7/21 1:00,8969.68,25.93,TRADE
NSW1,2011/7/21 1:30,8750.11,26.12,TRADE
NSW1,2011/7/21 2:00,8486.95,25.63,TRADE
NSW1,2011/7/21 2:30,8143.95,25.08,TRADE
NSW1,2011/7/21 3:00,7758.5,22.99,TRADE
NSW1,2011/7/21 3:30,7512.29,23.91,TRADE
NSW1,2011/7/21 4:00,7374.19,23.34,TRADE
NSW1,2011/7/21 4:30,7363.17,23.81,TRADE
NSW1,2011/7/21 5:00,7402.44,22.09,TRADE
NSW1,2011/7/21 5:30,7694.84,24.09,TRADE
NSW1,2011/7/21 6:00,8130.22,23.22,TRADE
NSW1,2011/7/21 6:30,8997.46,26.34,TRADE
NSW1,2011/7/21 7:00,9843.87,30.11,TRADE
NSW1,2011/7/21 7:30,10332.49,26.35,TRADE
NSW1,2011/7/21 8:00,10842.91,30.33,TRADE
NSW1,2011/7/21 8:30,10959.93,30.24,TRADE
NSW1,2011/7/21 9:00,10866.86,27.28,TRADE
NSW1,2011/7/21 9:30,10944.72,29.23,TRADE
NSW1,2011/7/21 10:00,10921.36,27.46,TRADE
NSW1,2011/7/21 10:30,10859.46,28.35,TRADE
NSW1,2011/7/21 11:00,10815.07,27.57,TRADE
NSW1,2011/7/21 11:30,10692.52,26.31,TRADE
NSW1,2011/7/21 12:00,10645.98,26.11,TRADE
NSW1,2011/7/21 12:30,10675.21,26.02,TRADE
NSW1,2011/7/21 13:00,10700.38,26.13,TRADE
NSW1,2011/7/21 13:30,10732.34,26.25,TRADE
NSW1,2011/7/21 14:00,10740.78,28.61,TRADE
NSW1,2011/7/21 14:30,10733.64,27.45,TRADE
NSW1,2011/7/21 15:00,10731.68,26.36,TRADE
NSW1,2011/7/21 15:30,10664.73,26.11,TRADE
NSW1,2011/7/21 16:00,10958.64,33.89,TRADE
NSW1,2011/7/21 16:30,11305.18,30.1,TRADE
NSW1,2011/7/21 17:00,11700.88,30.45,TRADE
NSW1,2011/7/21 17:30,12127.36,34.33,TRADE
NSW1,2011/7/21 18:00,12553.71,48.41,TRADE
NSW1,2011/7/21 18:30,12517.24,50.11,TRADE
NSW1,2011/7/21 19:00,12337.19,77.52,TRADE
NSW1,2011/7/21 19:30,12010.87,44.95,TRADE
NSW1,2011/7/21 20:00,11765.51,38.55,TRADE
NSW1,2011/7/21 20:30,11601.99,37.21,TRADE
NSW1,2011/7/21 21:00,11402.25,35.96,TRADE
NSW1,2011/7/21 21:30,10971.82,28.6,TRADE
NSW1,2011/7/21 22:00,10522.61,26.32,TRADE
NSW1,2011/7/21 22:30,10428.22,34.17,TRADE
NSW1,2011/7/21 23:00,10017.72,28.61,TRADE
NSW1,2011/7/21 23:30,9814.03,29.21,TRADE
NSW1,2011/7/22 0:00,9557.45,26.77,TRADE
NSW1,2011/7/22 0:30,9286.81,27.15,TRADE
NSW1,2011/7/22 1:00,9003.15,26.12,TRADE
NSW1,2011/7/22 1:30,8793.71,28.08,TRADE
NSW1,2011/7/22 2:00,8414.52,25.74,TRADE
NSW1,2011/7/22 2:30,8023.01,25.35,TRADE
NSW1,2011/7/22 3:00,7597.73,23.62,TRADE
NSW1,2011/7/22 3:30,7376.44,23.65,TRADE
NSW1,2011/7/22 4:00,7268.23,22.63,TRADE
NSW1,2011/7/22 4:30,7204.09,21.93,TRADE
NSW1,2011/7/22 5:00,7284.82,21.07,TRADE
NSW1,2011/7/22 5:30,7575.11,23.59,TRADE
NSW1,2011/7/22 6:00,8017.03,24.87,TRADE
NSW1,2011/7/22 6:30,8855.57,28.58,TRADE
NSW1,2011/7/22 7:00,9669.68,29.95,TRADE
NSW1,2011/7/22 7:30,10207.37,26.84,TRADE
NSW1,2011/7/22 8:00,10748.19,33.1,TRADE
NSW1,2011/7/22 8:30,10862.67,30.96,TRADE
NSW1,2011/7/22 9:00,10833.85,29.5,TRADE
NSW1,2011/7/22 9:30,10896.73,32.01,TRADE
NSW1,2011/7/22 10:00,10856.71,31.01,TRADE
NSW1,2011/7/22 10:30,10801.41,27.72,TRADE
NSW1,2011/7/22 11:00,10748.63,27.85,TRADE
NSW1,2011/7/22 11:30,10642.69,26.81,TRADE
NSW1,2011/7/22 12:00,10489.13,27.2,TRADE
NSW1,2011/7/22 12:30,10588.13,29.6,TRADE
NSW1,2011/7/22 13:00,10615.48,28.08,TRADE
NSW1,2011/7/22 13:30,10591.15,27.53,TRADE
NSW1,2011/7/22 14:00,10561.54,27.22,TRADE
NSW1,2011/7/22 14:30,10607.23,27.18,TRADE
NSW1,2011/7/22 15:00,10579.93,27.19,TRADE
NSW1,2011/7/22 15:30,10591.29,27.08,TRADE
NSW1,2011/7/22 16:00,10815.73,27.16,TRADE
NSW1,2011/7/22 16:30,11006.46,27.23,TRADE
NSW1,2011/7/22 17:00,11331.05,28.08,TRADE
NSW1,2011/7/22 17:30,11640.95,29.26,TRADE
NSW1,2011/7/22 18:00,12075.02,38.53,TRADE
NSW1,2011/7/22 18:30,12019.41,37.81,TRADE
NSW1,2011/7/22 19:00,11889.61,38.39,TRADE
NSW1,2011/7/22 19:30,11610.87,32.53,TRADE
NSW1,2011/7/22 20:00,11425.74,39.29,TRADE
NSW1,2011/7/22 20:30,11223.49,31.05,TRADE
NSW1,2011/7/22 21:00,11049.42,29.48,TRADE
NSW1,2011/7/22 21:30,10778.94,26.49,TRADE
NSW1,2011/7/22 22:00,10449.92,25.94,TRADE
NSW1,2011/7/22 22:30,10489.8,33.3,TRADE
NSW1,2011/7/22 23:00,10248.23,31.35,TRADE
NSW1,2011/7/22 23:30,10123.92,31.52,TRADE
NSW1,2011/7/23 0:00,9908.98,30.35,TRADE
NSW1,2011/7/23 0:30,9581.84,27.87,TRADE
NSW1,2011/7/23 1:00,9300.82,26.04,TRADE
NSW1,2011/7/23 1:30,9016.68,26.45,TRADE
NSW1,2011/7/23 2:00,8698.01,26.18,TRADE
NSW1,2011/7/23 2:30,8296.59,25.56,TRADE
NSW1,2011/7/23 3:00,7964.57,24.75,TRADE
NSW1,2011/7/23 3:30,7645.47,24.11,TRADE
NSW1,2011/7/23 4:00,7424.1,23.54,TRADE
NSW1,2011/7/23 4:30,7324.42,23.26,TRADE
NSW1,2011/7/23 5:00,7313.93,21.53,TRADE
NSW1,2011/7/23 5:30,7418.12,22.76,TRADE
NSW1,2011/7/23 6:00,7574.88,23.19,TRADE
NSW1,2011/7/23 6:30,7852.64,23.39,TRADE
NSW1,2011/7/23 7:00,8166.3,24,TRADE
NSW1,2011/7/23 7:30,8565.12,24.68,TRADE
NSW1,2011/7/23 8:00,9201.55,25.65,TRADE
NSW1,2011/7/23 8:30,9731.72,28.16,TRADE
NSW1,2011/7/23 9:00,10071.99,27.74,TRADE
NSW1,2011/7/23 9:30,10390.35,32,TRADE
NSW1,2011/7/23 10:00,10368.28,32.23,TRADE
NSW1,2011/7/23 10:30,10421.56,31.86,TRADE
NSW1,2011/7/23 11:00,10275.69,28.64,TRADE
NSW1,2011/7/23 11:30,10119.15,27.33,TRADE
NSW1,2011/7/23 12:00,9955.05,26,TRADE
NSW1,2011/7/23 12:30,9795.87,25.46,TRADE
NSW1,2011/7/23 13:00,9548.15,24.89,TRADE
NSW1,2011/7/23 13:30,9487.21,25.97,TRADE
NSW1,2011/7/23 14:00,9406.34,26.47,TRADE
NSW1,2011/7/23 14:30,9322.17,25.72,TRADE
NSW1,2011/7/23 15:00,9303.58,25.71,TRADE
NSW1,2011/7/23 15:30,9337.02,26.2,TRADE
NSW1,2011/7/23 16:00,9539.21,27.04,TRADE
NSW1,2011/7/23 16:30,9699.64,26.41,TRADE
NSW1,2011/7/23 17:00,10088.12,27.2,TRADE
NSW1,2011/7/23 17:30,10577.41,30.91,TRADE
NSW1,2011/7/23 18:00,11187.33,46.79,TRADE
NSW1,2011/7/23 18:30,11341.1,57.4,TRADE
NSW1,2011/7/23 19:00,11171.43,58.32,TRADE
NSW1,2011/7/23 19:30,10941.65,41.83,TRADE
NSW1,2011/7/23 20:00,10789.59,69.28,TRADE
NSW1,2011/7/23 20:30,10608.61,43.88,TRADE
NSW1,2011/7/23 21:00,10502.15,41.12,TRADE
NSW1,2011/7/23 21:30,10316.96,38.4,TRADE
NSW1,2011/7/23 22:00,10161.36,33.2,TRADE
NSW1,2011/7/23 22:30,10045.02,30.56,TRADE
NSW1,2011/7/23 23:00,9803.45,28.75,TRADE
NSW1,2011/7/23 23:30,9685.92,31.85,TRADE
NSW1,2011/7/24 0:00,9380.72,30.09,TRADE
NSW1,2011/7/24 0:30,9100.24,26.37,TRADE
NSW1,2011/7/24 1:00,8801.33,25.35,TRADE
NSW1,2011/7/24 1:30,8593.73,25.3,TRADE
NSW1,2011/7/24 2:00,8242.23,24.83,TRADE
NSW1,2011/7/24 2:30,7821.86,23.21,TRADE
NSW1,2011/7/24 3:00,7541.45,19.99,TRADE
NSW1,2011/7/24 3:30,7332.83,16.72,TRADE
NSW1,2011/7/24 4:00,7220.27,19.01,TRADE
NSW1,2011/7/24 4:30,7169.59,17.85,TRADE
NSW1,2011/7/24 5:00,7175.31,19.47,TRADE
NSW1,2011/7/24 5:30,7255.02,20.01,TRADE
NSW1,2011/7/24 6:00,7306.42,19.7,TRADE
NSW1,2011/7/24 6:30,7553.62,20.33,TRADE
NSW1,2011/7/24 7:00,7753.05,19.6,TRADE
NSW1,2011/7/24 7:30,8068.86,21.69,TRADE
NSW1,2011/7/24 8:00,8624.86,25.24,TRADE
NSW1,2011/7/24 8:30,9181.09,25.9,TRADE
NSW1,2011/7/24 9:00,9614.64,26.45,TRADE
NSW1,2011/7/24 9:30,9836.36,26.47,TRADE
NSW1,2011/7/24 10:00,9940.8,29.02,TRADE
NSW1,2011/7/24 10:30,9891.62,26.83,TRADE
NSW1,2011/7/24 11:00,9747.08,27.45,TRADE
NSW1,2011/7/24 11:30,9620.42,26.75,TRADE
NSW1,2011/7/24 12:00,9544.6,25.67,TRADE
NSW1,2011/7/24 12:30,9439.86,25.94,TRADE
NSW1,2011/7/24 13:00,9359.8,25.79,TRADE
NSW1,2011/7/24 13:30,9323.18,25.47,TRADE
NSW1,2011/7/24 14:00,9242.08,25.58,TRADE
NSW1,2011/7/24 14:30,9310.82,25.52,TRADE
NSW1,2011/7/24 15:00,9364.97,25.97,TRADE
NSW1,2011/7/24 15:30,9529.24,26.02,TRADE
NSW1,2011/7/24 16:00,9689.71,28.42,TRADE
NSW1,2011/7/24 16:30,10087.83,27.08,TRADE
NSW1,2011/7/24 17:00,10442.77,29.45,TRADE
NSW1,2011/7/24 17:30,10953.06,43.23,TRADE
NSW1,2011/7/24 18:00,11566.39,66.57,TRADE
NSW1,2011/7/24 18:30,11676.46,79.31,TRADE
NSW1,2011/7/24 19:00,11511.61,63.66,TRADE
NSW1,2011/7/24 19:30,11297.46,62.4,TRADE
NSW1,2011/7/24 20:00,11103.55,47.99,TRADE
NSW1,2011/7/24 20:30,10933.16,41.32,TRADE
NSW1,2011/7/24 21:00,10762.83,42.27,TRADE
NSW1,2011/7/24 21:30,10427.05,34.41,TRADE
NSW1,2011/7/24 22:00,10014.27,28.91,TRADE
NSW1,2011/7/24 22:30,9869.77,32.1,TRADE
NSW1,2011/7/24 23:00,9424.56,28.69,TRADE
NSW1,2011/7/24 23:30,9215.56,31.91,TRADE
NSW1,2011/7/25 0:00,8850,31.47,TRADE
NSW1,2011/7/25 0:30,8531.64,26.23,TRADE
NSW1,2011/7/25 1:00,8302.4,26.04,TRADE
NSW1,2011/7/25 1:30,8172.95,25.85,TRADE
NSW1,2011/7/25 2:00,7990.29,25.69,TRADE
NSW1,2011/7/25 2:30,7673.8,25.03,TRADE
NSW1,2011/7/25 3:00,7463.76,24.39,TRADE
NSW1,2011/7/25 3:30,7266.4,23.81,TRADE
NSW1,2011/7/25 4:00,7189.75,23.49,TRADE
NSW1,2011/7/25 4:30,7178.53,23.6,TRADE
NSW1,2011/7/25 5:00,7325.7,23.47,TRADE
NSW1,2011/7/25 5:30,7706.55,24.67,TRADE
NSW1,2011/7/25 6:00,8128.7,25.09,TRADE
NSW1,2011/7/25 6:30,9086.02,28.72,TRADE
NSW1,2011/7/25 7:00,9999.01,32.31,TRADE
NSW1,2011/7/25 7:30,10590.84,29.14,TRADE
NSW1,2011/7/25 8:00,11061.65,35.72,TRADE
NSW1,2011/7/25 8:30,11191.79,34.56,TRADE
NSW1,2011/7/25 9:00,11103.29,33.56,TRADE
NSW1,2011/7/25 9:30,11083.64,34.27,TRADE
NSW1,2011/7/25 10:00,11005.78,31.21,TRADE
NSW1,2011/7/25 10:30,10792,29.43,TRADE
NSW1,2011/7/25 11:00,10634.76,27.88,TRADE
NSW1,2011/7/25 11:30,10382.23,26.8,TRADE
NSW1,2011/7/25 12:00,10179.1,26.04,TRADE
NSW1,2011/7/25 12:30,10043.73,26.05,TRADE
NSW1,2011/7/25 13:00,9870.26,26.04,TRADE
NSW1,2011/7/25 13:30,9820.42,26.04,TRADE
NSW1,2011/7/25 14:00,9745.85,26.09,TRADE
NSW1,2011/7/25 14:30,9739.44,26.01,TRADE
NSW1,2011/7/25 15:00,9723.19,25.94,TRADE
NSW1,2011/7/25 15:30,9703.47,26.03,TRADE
NSW1,2011/7/25 16:00,9854.65,26.02,TRADE
NSW1,2011/7/25 16:30,10034.9,26.06,TRADE
NSW1,2011/7/25 17:00,10426.33,26.72,TRADE
NSW1,2011/7/25 17:30,11138.77,29.84,TRADE
NSW1,2011/7/25 18:00,11828.1,38.92,TRADE
NSW1,2011/7/25 18:30,11999.1,40.69,TRADE
NSW1,2011/7/25 19:00,11938.99,36.45,TRADE
NSW1,2011/7/25 19:30,11701.31,31.96,TRADE
NSW1,2011/7/25 20:00,11499.81,32.84,TRADE
NSW1,2011/7/25 20:30,11343.14,32.55,TRADE
NSW1,2011/7/25 21:00,11133.43,32.93,TRADE
NSW1,2011/7/25 21:30,10790.94,30.24,TRADE
NSW1,2011/7/25 22:00,10414.15,26.38,TRADE
NSW1,2011/7/25 22:30,10291.22,33.5,TRADE
NSW1,2011/7/25 23:00,9928.73,29.09,TRADE
NSW1,2011/7/25 23:30,9653.39,27.46,TRADE
NSW1,2011/7/26 0:00,9448.05,27.04,TRADE
NSW1,2011/7/26 0:30,9147.67,26.24,TRADE
NSW1,2011/7/26 1:00,8898.23,25.8,TRADE
NSW1,2011/7/26 1:30,8712.85,26.57,TRADE
NSW1,2011/7/26 2:00,8503.55,25.62,TRADE
NSW1,2011/7/26 2:30,8147.72,25.8,TRADE
NSW1,2011/7/26 3:00,7853.11,24.45,TRADE
NSW1,2011/7/26 3:30,7606.58,24.11,TRADE
NSW1,2011/7/26 4:00,7458.85,23.96,TRADE
NSW1,2011/7/26 4:30,7421.56,23.99,TRADE
NSW1,2011/7/26 5:00,7459.27,22.77,TRADE
NSW1,2011/7/26 5:30,7786.4,24.57,TRADE
NSW1,2011/7/26 6:00,8253.39,24.6,TRADE
NSW1,2011/7/26 6:30,9166.34,28.02,TRADE
NSW1,2011/7/26 7:00,10118.21,37.2,TRADE
NSW1,2011/7/26 7:30,10685.62,35.31,TRADE
NSW1,2011/7/26 8:00,11122.45,48.6,TRADE
NSW1,2011/7/26 8:30,11060.71,35.98,TRADE
NSW1,2011/7/26 9:00,10882.2,32.09,TRADE
NSW1,2011/7/26 9:30,10761.88,32,TRADE
NSW1,2011/7/26 10:00,10639.36,30.4,TRADE
NSW1,2011/7/26 10:30,10464.79,31.43,TRADE
NSW1,2011/7/26 11:00,10296.5,30.56,TRADE
NSW1,2011/7/26 11:30,10072.62,29.79,TRADE
NSW1,2011/7/26 12:00,9895.83,28.07,TRADE
NSW1,2011/7/26 12:30,9784.1,31.63,TRADE
NSW1,2011/7/26 13:00,9711.51,37.12,TRADE
NSW1,2011/7/26 13:30,9650.34,34.21,TRADE
NSW1,2011/7/26 14:00,9642.65,29.28,TRADE
NSW1,2011/7/26 14:30,9562.85,26.77,TRADE
NSW1,2011/7/26 15:00,9493.44,27.21,TRADE
NSW1,2011/7/26 15:30,9454.09,26.44,TRADE
NSW1,2011/7/26 16:00,9667.45,30.29,TRADE
NSW1,2011/7/26 16:30,9829.12,29.78,TRADE
NSW1,2011/7/26 17:00,10204.36,30.97,TRADE
NSW1,2011/7/26 17:30,10862.87,32.48,TRADE
NSW1,2011/7/26 18:00,11642.53,56.1,TRADE
NSW1,2011/7/26 18:30,11881.1,73.87,TRADE
NSW1,2011/7/26 19:00,11807.32,66.66,TRADE
NSW1,2011/7/26 19:30,11655.06,41.37,TRADE
NSW1,2011/7/26 20:00,11445.01,41.55,TRADE
NSW1,2011/7/26 20:30,11360.5,40.68,TRADE
NSW1,2011/7/26 21:00,11164.32,44.57,TRADE
NSW1,2011/7/26 21:30,10825.49,60.03,TRADE
NSW1,2011/7/26 22:00,10454.59,36.98,TRADE
NSW1,2011/7/26 22:30,10413.13,47.45,TRADE
NSW1,2011/7/26 23:00,10017.64,36.58,TRADE
NSW1,2011/7/26 23:30,9751.05,33.12,TRADE
NSW1,2011/7/27 0:00,9550.33,32.54,TRADE
NSW1,2011/7/27 0:30,9245.05,30.82,TRADE
NSW1,2011/7/27 1:00,9007.49,26.25,TRADE
NSW1,2011/7/27 1:30,8772.23,28.97,TRADE
NSW1,2011/7/27 2:00,8523.62,26.32,TRADE
NSW1,2011/7/27 2:30,8206.67,25.81,TRADE
NSW1,2011/7/27 3:00,7888.6,24.9,TRADE
NSW1,2011/7/27 3:30,7612.39,24.4,TRADE
NSW1,2011/7/27 4:00,7484.49,24.29,TRADE
NSW1,2011/7/27 4:30,7466.15,24.34,TRADE
NSW1,2011/7/27 5:00,7540.28,24.22,TRADE
NSW1,2011/7/27 5:30,7883.21,25.06,TRADE
NSW1,2011/7/27 6:00,8352.84,25.6,TRADE
NSW1,2011/7/27 6:30,9269.84,32.32,TRADE
NSW1,2011/7/27 7:00,10224.4,52.78,TRADE
NSW1,2011/7/27 7:30,10729.19,37.32,TRADE
NSW1,2011/7/27 8:00,11231.67,50.02,TRADE
NSW1,2011/7/27 8:30,11213.81,38.19,TRADE
NSW1,2011/7/27 9:00,10930.37,32.98,TRADE
NSW1,2011/7/27 9:30,10783.81,33.83,TRADE
NSW1,2011/7/27 10:00,10642.33,32.49,TRADE
NSW1,2011/7/27 10:30,10490.11,33.83,TRADE
NSW1,2011/7/27 11:00,10350.62,34.38,TRADE
NSW1,2011/7/27 11:30,9979.16,28.15,TRADE
NSW1,2011/7/27 12:00,9816.74,26.77,TRADE
NSW1,2011/7/27 12:30,9820.29,26.98,TRADE
NSW1,2011/7/27 13:00,9719.99,26.02,TRADE
NSW1,2011/7/27 13:30,9668.35,27.01,TRADE
NSW1,2011/7/27 14:00,9621.05,29.74,TRADE
NSW1,2011/7/27 14:30,9613.89,27.37,TRADE
NSW1,2011/7/27 15:00,9550.08,26.02,TRADE
NSW1,2011/7/27 15:30,9475.16,26.68,TRADE
NSW1,2011/7/27 16:00,9652.26,31.74,TRADE
NSW1,2011/7/27 16:30,10042.11,33.64,TRADE
NSW1,2011/7/27 17:00,10400.49,32.54,TRADE
NSW1,2011/7/27 17:30,11103.1,39.11,TRADE
NSW1,2011/7/27 18:00,11867.5,78.43,TRADE
NSW1,2011/7/27 18:30,12030.48,95.34,TRADE
NSW1,2011/7/27 19:00,11989.81,94.62,TRADE
NSW1,2011/7/27 19:30,11768.83,63.31,TRADE
NSW1,2011/7/27 20:00,11571.77,42.92,TRADE
NSW1,2011/7/27 20:30,11456.36,47.15,TRADE
NSW1,2011/7/27 21:00,11209.98,47.4,TRADE
NSW1,2011/7/27 21:30,10895.11,34.93,TRADE
NSW1,2011/7/27 22:00,10467.63,32.8,TRADE
NSW1,2011/7/27 22:30,10324.32,38.14,TRADE
NSW1,2011/7/27 23:00,9975.89,32.25,TRADE
NSW1,2011/7/27 23:30,9744.8,30.08,TRADE
NSW1,2011/7/28 0:00,9534.48,29.13,TRADE
NSW1,2011/7/28 0:30,9234.69,26.88,TRADE
NSW1,2011/7/28 1:00,9015.75,26.65,TRADE
NSW1,2011/7/28 1:30,8835.17,26.66,TRADE
NSW1,2011/7/28 2:00,8580.58,26.6,TRADE
NSW1,2011/7/28 2:30,8205.32,25.83,TRADE
NSW1,2011/7/28 3:00,7898.98,25.64,TRADE
NSW1,2011/7/28 3:30,7658.24,25.45,TRADE
NSW1,2011/7/28 4:00,7516.73,24.46,TRADE
NSW1,2011/7/28 4:30,7511.3,24.5,TRADE
NSW1,2011/7/28 5:00,7542.6,24.09,TRADE
NSW1,2011/7/28 5:30,7877.8,25.55,TRADE
NSW1,2011/7/28 6:00,8370.5,27.07,TRADE
NSW1,2011/7/28 6:30,9288.85,35.9,TRADE
NSW1,2011/7/28 7:00,10186.22,47.4,TRADE
NSW1,2011/7/28 7:30,10723.33,41.41,TRADE
NSW1,2011/7/28 8:00,11169.39,50.47,TRADE
NSW1,2011/7/28 8:30,11184.35,41.97,TRADE
NSW1,2011/7/28 9:00,10919.61,34.38,TRADE
NSW1,2011/7/28 9:30,10816.52,34.81,TRADE
NSW1,2011/7/28 10:00,10625.97,33.72,TRADE
NSW1,2011/7/28 10:30,10453.66,34.96,TRADE
NSW1,2011/7/28 11:00,10211.08,34.67,TRADE
NSW1,2011/7/28 11:30,9939.14,32.42,TRADE
NSW1,2011/7/28 12:00,9759.22,32.03,TRADE
NSW1,2011/7/28 12:30,9579.7,32.05,TRADE
NSW1,2011/7/28 13:00,9449.03,32.18,TRADE
NSW1,2011/7/28 13:30,9430.3,33.66,TRADE
NSW1,2011/7/28 14:00,9340.53,30.99,TRADE
NSW1,2011/7/28 14:30,9221.92,27.48,TRADE
NSW1,2011/7/28 15:00,9141.74,29.44,TRADE
NSW1,2011/7/28 15:30,9123.76,29.41,TRADE
NSW1,2011/7/28 16:00,9292.78,31.35,TRADE
NSW1,2011/7/28 16:30,9449,30.32,TRADE
NSW1,2011/7/28 17:00,9762.28,29.09,TRADE
NSW1,2011/7/28 17:30,10350.1,34.35,TRADE
NSW1,2011/7/28 18:00,11221.73,47.66,TRADE
NSW1,2011/7/28 18:30,11553.16,56.2,TRADE
NSW1,2011/7/28 19:00,11572.17,56.65,TRADE
NSW1,2011/7/28 19:30,11437.76,47.29,TRADE
NSW1,2011/7/28 20:00,11252.49,46.78,TRADE
NSW1,2011/7/28 20:30,11129.11,55.87,TRADE
NSW1,2011/7/28 21:00,10980.64,54.96,TRADE
NSW1,2011/7/28 21:30,10640.11,39.56,TRADE
NSW1,2011/7/28 22:00,10273.03,34.84,TRADE
NSW1,2011/7/28 22:30,10189.62,45.81,TRADE
NSW1,2011/7/28 23:00,9849.13,39.71,TRADE
NSW1,2011/7/28 23:30,9631.29,38.77,TRADE
NSW1,2011/7/29 0:00,9432.49,30.63,TRADE
NSW1,2011/7/29 0:30,9156.72,27.71,TRADE
NSW1,2011/7/29 1:00,8932.81,25.97,TRADE
NSW1,2011/7/29 1:30,8733.5,27.54,TRADE
NSW1,2011/7/29 2:00,8498.56,26.29,TRADE
NSW1,2011/7/29 2:30,8120.95,25.74,TRADE
NSW1,2011/7/29 3:00,7785.86,25.37,TRADE
NSW1,2011/7/29 3:30,7597.96,25.6,TRADE
NSW1,2011/7/29 4:00,7458.9,25.24,TRADE
NSW1,2011/7/29 4:30,7415.92,24.75,TRADE
NSW1,2011/7/29 5:00,7493.21,24.69,TRADE
NSW1,2011/7/29 5:30,7825.32,25.58,TRADE
NSW1,2011/7/29 6:00,8327.58,26.35,TRADE
NSW1,2011/7/29 6:30,9283.8,34.94,TRADE
NSW1,2011/7/29 7:00,10168.34,49.01,TRADE
NSW1,2011/7/29 7:30,10753.4,41.52,TRADE
NSW1,2011/7/29 8:00,11212.1,57.96,TRADE
NSW1,2011/7/29 8:30,11235.09,57.26,TRADE
NSW1,2011/7/29 9:00,11011,43.23,TRADE
NSW1,2011/7/29 9:30,10898.42,43.41,TRADE
NSW1,2011/7/29 10:00,10682.71,39.09,TRADE
NSW1,2011/7/29 10:30,10534.2,36.24,TRADE
NSW1,2011/7/29 11:00,10297.16,33.24,TRADE
NSW1,2011/7/29 11:30,10026.96,32.61,TRADE
NSW1,2011/7/29 12:00,9806.94,30.87,TRADE
NSW1,2011/7/29 12:30,9636.7,29.8,TRADE
NSW1,2011/7/29 13:00,9456.58,27.82,TRADE
NSW1,2011/7/29 13:30,9396.38,26.78,TRADE
NSW1,2011/7/29 14:00,9265.64,26.02,TRADE
NSW1,2011/7/29 14:30,9179.37,26.02,TRADE
NSW1,2011/7/29 15:00,9115.48,25.95,TRADE
NSW1,2011/7/29 15:30,9118.35,25.8,TRADE
NSW1,2011/7/29 16:00,9207.3,26.02,TRADE
NSW1,2011/7/29 16:30,9367.4,26.02,TRADE
NSW1,2011/7/29 17:00,9713.06,26.52,TRADE
NSW1,2011/7/29 17:30,10273.21,29.35,TRADE
NSW1,2011/7/29 18:00,11105.64,49.68,TRADE
NSW1,2011/7/29 18:30,11314.46,54.13,TRADE
NSW1,2011/7/29 19:00,11240.39,50.92,TRADE
NSW1,2011/7/29 19:30,11082.88,39.4,TRADE
NSW1,2011/7/29 20:00,10901.59,46.16,TRADE
NSW1,2011/7/29 20:30,10833.5,49.19,TRADE
NSW1,2011/7/29 21:00,10666.38,36.04,TRADE
NSW1,2011/7/29 21:30,10479.57,30.94,TRADE
NSW1,2011/7/29 22:00,10177.43,27.32,TRADE
NSW1,2011/7/29 22:30,10144.52,34,TRADE
NSW1,2011/7/29 23:00,9956.85,31.93,TRADE
NSW1,2011/7/29 23:30,9807.56,31.09,TRADE
NSW1,2011/7/30 0:00,9626.2,29.47,TRADE
NSW1,2011/7/30 0:30,9362.19,26.07,TRADE
NSW1,2011/7/30 1:00,9048.33,25.64,TRADE
NSW1,2011/7/30 1:30,8924.91,26.82,TRADE
NSW1,2011/7/30 2:00,8596.52,26.21,TRADE
NSW1,2011/7/30 2:30,8207.23,26,TRADE
NSW1,2011/7/30 3:00,7865,25.19,TRADE
NSW1,2011/7/30 3:30,7516.55,24.32,TRADE
NSW1,2011/7/30 4:00,7324.52,24.14,TRADE
NSW1,2011/7/30 4:30,7232.91,23.95,TRADE
NSW1,2011/7/30 5:00,7208.21,23.64,TRADE
NSW1,2011/7/30 5:30,7352.64,24.55,TRADE
NSW1,2011/7/30 6:00,7522.89,24.55,TRADE
NSW1,2011/7/30 6:30,7901.25,24.65,TRADE
NSW1,2011/7/30 7:00,8282.39,25.07,TRADE
NSW1,2011/7/30 7:30,8726.62,25.57,TRADE
NSW1,2011/7/30 8:00,9417.32,26.75,TRADE
NSW1,2011/7/30 8:30,9894.62,28.83,TRADE
NSW1,2011/7/30 9:00,10140.55,29.66,TRADE
NSW1,2011/7/30 9:30,10214.19,32.43,TRADE
NSW1,2011/7/30 10:00,10001.05,30.37,TRADE
NSW1,2011/7/30 10:30,9858.31,29.64,TRADE
NSW1,2011/7/30 11:00,9560.97,27.09,TRADE
NSW1,2011/7/30 11:30,9300.87,26.97,TRADE
NSW1,2011/7/30 12:00,9026.46,25.74,TRADE
NSW1,2011/7/30 12:30,8809.82,25.51,TRADE
NSW1,2011/7/30 13:00,8505.51,25.04,TRADE
NSW1,2011/7/30 13:30,8404.52,25.02,TRADE
NSW1,2011/7/30 14:00,8315.76,24.72,TRADE
NSW1,2011/7/30 14:30,8264.37,24.74,TRADE
NSW1,2011/7/30 15:00,8210.91,24.43,TRADE
NSW1,2011/7/30 15:30,8295.86,25.25,TRADE
NSW1,2011/7/30 16:00,8447.91,25.95,TRADE
NSW1,2011/7/30 16:30,8712.6,26.36,TRADE
NSW1,2011/7/30 17:00,9143.45,27.05,TRADE
NSW1,2011/7/30 17:30,9631.16,28.76,TRADE
NSW1,2011/7/30 18:00,10461.28,40.3,TRADE
NSW1,2011/7/30 18:30,10657.41,41.74,TRADE
NSW1,2011/7/30 19:00,10516.98,36.12,TRADE
NSW1,2011/7/30 19:30,10343.91,31.8,TRADE
NSW1,2011/7/30 20:00,10125.08,31.99,TRADE
NSW1,2011/7/30 20:30,10071.05,31.51,TRADE
NSW1,2011/7/30 21:00,9867.17,28,TRADE
NSW1,2011/7/30 21:30,9716.03,26.24,TRADE
NSW1,2011/7/30 22:00,9490.59,28.62,TRADE
NSW1,2011/7/30 22:30,9443,31.93,TRADE
NSW1,2011/7/30 23:00,9298.18,32.91,TRADE
NSW1,2011/7/30 23:30,9117.32,33.01,TRADE
NSW1,2011/7/31 0:00,8916.11,32.56,TRADE
NSW1,2011/7/31 0:30,8592.71,28.96,TRADE
NSW1,2011/7/31 1:00,8358.18,26.04,TRADE
NSW1,2011/7/31 1:30,8113,26.83,TRADE
NSW1,2011/7/31 2:00,7896.68,25.38,TRADE
NSW1,2011/7/31 2:30,7561.03,25.2,TRADE
NSW1,2011/7/31 3:00,7313.5,24.17,TRADE
NSW1,2011/7/31 3:30,7103.71,23.95,TRADE
NSW1,2011/7/31 4:00,7002.27,23.92,TRADE
NSW1,2011/7/31 4:30,6939.18,23.79,TRADE
NSW1,2011/7/31 5:00,6944.53,23.49,TRADE
NSW1,2011/7/31 5:30,7018.72,23.72,TRADE
NSW1,2011/7/31 6:00,7132.7,23.33,TRADE
NSW1,2011/7/31 6:30,7356.31,23.39,TRADE
NSW1,2011/7/31 7:00,7645.54,23.4,TRADE
NSW1,2011/7/31 7:30,7951.89,23.83,TRADE
NSW1,2011/7/31 8:00,8502.74,25.43,TRADE
NSW1,2011/7/31 8:30,9033.1,30.37,TRADE
NSW1,2011/7/31 9:00,9384.81,27.77,TRADE
NSW1,2011/7/31 9:30,9460.64,28.79,TRADE
NSW1,2011/7/31 10:00,9388.37,29.16,TRADE
NSW1,2011/7/31 10:30,9470.92,29.45,TRADE
NSW1,2011/7/31 11:00,9344.1,29.2,TRADE
NSW1,2011/7/31 11:30,9131.34,27.46,TRADE
NSW1,2011/7/31 12:00,8912.5,25.8,TRADE
NSW1,2011/7/31 12:30,8729.95,26.04,TRADE
NSW1,2011/7/31 13:00,8539.74,25.51,TRADE
NSW1,2011/7/31 13:30,8300.31,25.21,TRADE
NSW1,2011/7/31 14:00,8244.04,24.97,TRADE
NSW1,2011/7/31 14:30,8177.95,24.51,TRADE
NSW1,2011/7/31 15:00,8214.88,24.8,TRADE
NSW1,2011/7/31 15:30,8249.12,24.72,TRADE
NSW1,2011/7/31 16:00,8421.26,25.51,TRADE
NSW1,2011/7/31 16:30,8635.4,25.74,TRADE
NSW1,2011/7/31 17:00,9054.77,26.82,TRADE
NSW1,2011/7/31 17:30,9598.28,28.42,TRADE
NSW1,2011/7/31 18:00,10337.86,33.28,TRADE
NSW1,2011/7/31 18:30,10657.64,42.49,TRADE
NSW1,2011/7/31 19:00,10608.42,38.05,TRADE
NSW1,2011/7/31 19:30,10397.25,31.86,TRADE
NSW1,2011/7/31 20:00,10229.29,31.21,TRADE
NSW1,2011/7/31 20:30,10074.36,29.1,TRADE
NSW1,2011/7/31 21:00,9883.15,26.44,TRADE
NSW1,2011/7/31 21:30,9550.44,24.52,TRADE
NSW1,2011/7/31 22:00,9254.39,24.76,TRADE
NSW1,2011/7/31 22:30,9095.54,27.48,TRADE
NSW1,2011/7/31 23:00,8815.07,25.97,TRADE
NSW1,2011/7/31 23:30,8733.09,31.22,TRADE
NSW1,2011/8/1 0:00,8494.09,26.35,TRADE
?NSW1,2011/8/1 0:30,8204.87,25.43,TRADE
NSW1,2011/8/1 1:00,8026.29,25.55,TRADE
NSW1,2011/8/1 1:30,7839.29,26.52,TRADE
NSW1,2011/8/1 2:00,7737.94,25.36,TRADE
NSW1,2011/8/1 2:30,7417.81,24.59,TRADE
NSW1,2011/8/1 3:00,7201.08,24.1,TRADE
NSW1,2011/8/1 3:30,7029.71,24.06,TRADE
NSW1,2011/8/1 4:00,7002.63,24.07,TRADE
NSW1,2011/8/1 4:30,7058.3,23.64,TRADE
NSW1,2011/8/1 5:00,7188.84,23.85,TRADE
NSW1,2011/8/1 5:30,7570.89,25.15,TRADE
NSW1,2011/8/1 6:00,8047.82,25.7,TRADE
NSW1,2011/8/1 6:30,8944.22,28.45,TRADE
NSW1,2011/8/1 7:00,9814.81,36.02,TRADE
NSW1,2011/8/1 7:30,10333.23,34.41,TRADE
NSW1,2011/8/1 8:00,10719.32,52,TRADE
NSW1,2011/8/1 8:30,10725.45,42.59,TRADE
NSW1,2011/8/1 9:00,10567.66,26.24,TRADE
NSW1,2011/8/1 9:30,10465.25,30.7,TRADE
NSW1,2011/8/1 10:00,10335.17,27.19,TRADE
NSW1,2011/8/1 10:30,10184.75,27.3,TRADE
NSW1,2011/8/1 11:00,10014.3,26.31,TRADE
NSW1,2011/8/1 11:30,9816.39,25.96,TRADE
NSW1,2011/8/1 12:00,9648.36,25.96,TRADE
NSW1,2011/8/1 12:30,9568.01,25.91,TRADE
NSW1,2011/8/1 13:00,9433.28,25.91,TRADE
NSW1,2011/8/1 13:30,9360.46,25.9,TRADE
NSW1,2011/8/1 14:00,9298.33,25.96,TRADE
NSW1,2011/8/1 14:30,9286.78,26.01,TRADE
NSW1,2011/8/1 15:00,9233.02,25.91,TRADE
NSW1,2011/8/1 15:30,9186.39,25.87,TRADE
NSW1,2011/8/1 16:00,9208.67,25.96,TRADE
NSW1,2011/8/1 16:30,9392.62,26.01,TRADE
NSW1,2011/8/1 17:00,9567.65,25.8,TRADE
NSW1,2011/8/1 17:30,10079.76,27.72,TRADE
NSW1,2011/8/1 18:00,10838.47,36.6,TRADE
NSW1,2011/8/1 18:30,11064.34,39.04,TRADE
NSW1,2011/8/1 19:00,11015.94,37.18,TRADE
NSW1,2011/8/1 19:30,10755.93,33.21,TRADE
NSW1,2011/8/1 20:00,10511.84,34.59,TRADE
NSW1,2011/8/1 20:30,10343.46,32.61,TRADE
NSW1,2011/8/1 21:00,10199.94,30.29,TRADE
NSW1,2011/8/1 21:30,9922.04,26.08,TRADE
NSW1,2011/8/1 22:00,9599.22,25.07,TRADE
NSW1,2011/8/1 22:30,9591.71,29.38,TRADE
NSW1,2011/8/1 23:00,9314.48,27.49,TRADE
NSW1,2011/8/1 23:30,9217.07,28.39,TRADE
NSW1,2011/8/2 0:00,8991.1,25.49,TRADE
NSW1,2011/8/2 0:30,8854.39,25.47,TRADE
NSW1,2011/8/2 1:00,8632.9,25.86,TRADE
NSW1,2011/8/2 1:30,8533.05,26.8,TRADE
NSW1,2011/8/2 2:00,8306.63,25.57,TRADE
NSW1,2011/8/2 2:30,7930.16,24.94,TRADE
NSW1,2011/8/2 3:00,7610.8,23.71,TRADE
NSW1,2011/8/2 3:30,7386.69,23.79,TRADE
NSW1,2011/8/2 4:00,7249.01,23.47,TRADE
NSW1,2011/8/2 4:30,7181.96,23.31,TRADE
NSW1,2011/8/2 5:00,7276.68,23.52,TRADE
NSW1,2011/8/2 5:30,7565.15,25.26,TRADE
NSW1,2011/8/2 6:00,8028.01,24.62,TRADE
NSW1,2011/8/2 6:30,8926.96,27.9,TRADE
NSW1,2011/8/2 7:00,9770.82,31.32,TRADE
NSW1,2011/8/2 7:30,10148.62,28.33,TRADE
NSW1,2011/8/2 8:00,10517.06,32.48,TRADE
NSW1,2011/8/2 8:30,10401.25,29.24,TRADE
NSW1,2011/8/2 9:00,10219.19,26.18,TRADE
NSW1,2011/8/2 9:30,10132.94,26.02,TRADE
NSW1,2011/8/2 10:00,10043.85,25.69,TRADE
NSW1,2011/8/2 10:30,9929.85,25.99,TRADE
NSW1,2011/8/2 11:00,9732.27,25.96,TRADE
NSW1,2011/8/2 11:30,9507.2,25.54,TRADE
NSW1,2011/8/2 12:00,9473.92,25.72,TRADE
NSW1,2011/8/2 12:30,9349.23,25.5,TRADE
NSW1,2011/8/2 13:00,9280.1,25.64,TRADE
NSW1,2011/8/2 13:30,9200.47,25.25,TRADE
NSW1,2011/8/2 14:00,9240.24,25.42,TRADE
NSW1,2011/8/2 14:30,9178.92,24.98,TRADE
NSW1,2011/8/2 15:00,9087.1,24.87,TRADE
NSW1,2011/8/2 15:30,9030.76,24.78,TRADE
NSW1,2011/8/2 16:00,9184.7,25.53,TRADE
NSW1,2011/8/2 16:30,9348.44,26.02,TRADE
NSW1,2011/8/2 17:00,9581.22,26.02,TRADE
NSW1,2011/8/2 17:30,10010.56,27.6,TRADE
NSW1,2011/8/2 18:00,10683.15,46.69,TRADE
NSW1,2011/8/2 18:30,10845.75,40.6,TRADE
NSW1,2011/8/2 19:00,10851.77,58.59,TRADE
NSW1,2011/8/2 19:30,10584.73,43.64,TRADE
NSW1,2011/8/2 20:00,10452.71,53.01,TRADE
NSW1,2011/8/2 20:30,10267.86,27.81,TRADE
NSW1,2011/8/2 21:00,10094.7,25.97,TRADE
NSW1,2011/8/2 21:30,9812.25,25.61,TRADE
NSW1,2011/8/2 22:00,9550.94,25.52,TRADE
NSW1,2011/8/2 22:30,9585.67,27.54,TRADE
NSW1,2011/8/2 23:00,9283.66,26.68,TRADE
NSW1,2011/8/2 23:30,9108.56,27.73,TRADE
NSW1,2011/8/3 0:00,8964.51,25.9,TRADE
NSW1,2011/8/3 0:30,8753.44,25.61,TRADE
NSW1,2011/8/3 1:00,8526.35,25.63,TRADE
NSW1,2011/8/3 1:30,8351.13,29.84,TRADE
NSW1,2011/8/3 2:00,8143.01,25.1,TRADE
NSW1,2011/8/3 2:30,7727.8,23.58,TRADE
NSW1,2011/8/3 3:00,7450.52,22.78,TRADE
NSW1,2011/8/3 3:30,7075.57,23.15,TRADE
NSW1,2011/8/3 4:00,6952.37,23.02,TRADE
NSW1,2011/8/3 4:30,6950.53,23.47,TRADE
NSW1,2011/8/3 5:00,7092.51,23.58,TRADE
NSW1,2011/8/3 5:30,7426.56,25.41,TRADE
NSW1,2011/8/3 6:00,7882.24,26.01,TRADE
NSW1,2011/8/3 6:30,8710.4,30.99,TRADE
NSW1,2011/8/3 7:00,9509.22,31.85,TRADE
NSW1,2011/8/3 7:30,9880.41,32.13,TRADE
NSW1,2011/8/3 8:00,10261.65,36.42,TRADE
NSW1,2011/8/3 8:30,10251.19,34.33,TRADE
NSW1,2011/8/3 9:00,10142.62,32.37,TRADE
NSW1,2011/8/3 9:30,10106.48,32.23,TRADE
NSW1,2011/8/3 10:00,10043.66,27.98,TRADE
NSW1,2011/8/3 10:30,9964.98,26.38,TRADE
NSW1,2011/8/3 11:00,9819.1,27.51,TRADE
NSW1,2011/8/3 11:30,9546.45,26.02,TRADE
NSW1,2011/8/3 12:00,9465.66,26.02,TRADE
NSW1,2011/8/3 12:30,9491.6,26.01,TRADE
NSW1,2011/8/3 13:00,9378.25,25.75,TRADE
NSW1,2011/8/3 13:30,9351.77,26.01,TRADE
NSW1,2011/8/3 14:00,9257.21,25.96,TRADE
NSW1,2011/8/3 14:30,9249.72,25.98,TRADE
NSW1,2011/8/3 15:00,9182.27,25.96,TRADE
NSW1,2011/8/3 15:30,9138.94,25.78,TRADE
NSW1,2011/8/3 16:00,9203.68,25.92,TRADE
NSW1,2011/8/3 16:30,9271.99,25.92,TRADE
NSW1,2011/8/3 17:00,9415.8,26.01,TRADE
NSW1,2011/8/3 17:30,9774.06,25.97,TRADE
NSW1,2011/8/3 18:00,10364.84,31.59,TRADE
NSW1,2011/8/3 18:30,10496.71,33.18,TRADE
NSW1,2011/8/3 19:00,10415.72,31.32,TRADE
NSW1,2011/8/3 19:30,10204.86,26.91,TRADE
NSW1,2011/8/3 20:00,10007.6,26.17,TRADE
NSW1,2011/8/3 20:30,9889.35,25.79,TRADE
NSW1,2011/8/3 21:00,9674.81,25.77,TRADE
NSW1,2011/8/3 21:30,9421.1,25.81,TRADE
NSW1,2011/8/3 22:00,9174.64,25.01,TRADE
NSW1,2011/8/3 22:30,9192.11,27.18,TRADE
NSW1,2011/8/3 23:00,9019.14,26.35,TRADE
NSW1,2011/8/3 23:30,8932.78,29.3,TRADE
NSW1,2011/8/4 0:00,8791.87,26.54,TRADE
NSW1,2011/8/4 0:30,8552.58,25.27,TRADE
NSW1,2011/8/4 1:00,8371.03,25.68,TRADE
NSW1,2011/8/4 1:30,8233.79,27.54,TRADE
NSW1,2011/8/4 2:00,8002.28,24.26,TRADE
NSW1,2011/8/4 2:30,7623.34,23.29,TRADE
NSW1,2011/8/4 3:00,7326.88,21.19,TRADE
NSW1,2011/8/4 3:30,7102.62,17.38,TRADE
NSW1,2011/8/4 4:00,6956.21,19.53,TRADE
NSW1,2011/8/4 4:30,6960.63,20.43,TRADE
NSW1,2011/8/4 5:00,7054.37,20.92,TRADE
NSW1,2011/8/4 5:30,7410.69,24.11,TRADE
NSW1,2011/8/4 6:00,7842.61,25.16,TRADE
NSW1,2011/8/4 6:30,8716.76,28.31,TRADE
NSW1,2011/8/4 7:00,9457.97,31.47,TRADE
NSW1,2011/8/4 7:30,9806.89,29.57,TRADE
NSW1,2011/8/4 8:00,10098.39,35.16,TRADE
NSW1,2011/8/4 8:30,9996.55,33.95,TRADE
NSW1,2011/8/4 9:00,9800.91,30.5,TRADE
NSW1,2011/8/4 9:30,9718.18,31,TRADE
NSW1,2011/8/4 10:00,9616.01,30.66,TRADE
NSW1,2011/8/4 10:30,9555.99,30.46,TRADE
NSW1,2011/8/4 11:00,9451.76,30.74,TRADE
NSW1,2011/8/4 11:30,9270.54,26.73,TRADE
NSW1,2011/8/4 12:00,9151.95,26.43,TRADE
NSW1,2011/8/4 12:30,9076.34,27.8,TRADE
NSW1,2011/8/4 13:00,9134.27,26.66,TRADE
NSW1,2011/8/4 13:30,9077.52,27.02,TRADE
NSW1,2011/8/4 14:00,9016.3,26.46,TRADE
NSW1,2011/8/4 14:30,9099.43,27.59,TRADE
NSW1,2011/8/4 15:00,9133.23,26.04,TRADE
NSW1,2011/8/4 15:30,9128.33,27.43,TRADE
NSW1,2011/8/4 16:00,9169.75,26.65,TRADE
NSW1,2011/8/4 16:30,9199.22,27.22,TRADE
NSW1,2011/8/4 17:00,9309.51,26.86,TRADE
NSW1,2011/8/4 17:30,9620.03,27.84,TRADE
NSW1,2011/8/4 18:00,10217.57,43.68,TRADE
NSW1,2011/8/4 18:30,10383.83,39.84,TRADE
NSW1,2011/8/4 19:00,10329.89,35.15,TRADE
NSW1,2011/8/4 19:30,10092.4,31.18,TRADE
NSW1,2011/8/4 20:00,9913.31,30.47,TRADE
NSW1,2011/8/4 20:30,9728.93,30.03,TRADE
NSW1,2011/8/4 21:00,9674.41,26.68,TRADE
NSW1,2011/8/4 21:30,9406.25,25.6,TRADE
NSW1,2011/8/4 22:00,9133.34,25.7,TRADE
NSW1,2011/8/4 22:30,9207.92,27.16,TRADE
NSW1,2011/8/4 23:00,9004.09,26.02,TRADE
NSW1,2011/8/4 23:30,8950.73,27.41,TRADE
NSW1,2011/8/5 0:00,8793.69,25.74,TRADE
NSW1,2011/8/5 0:30,8615.18,25.68,TRADE
NSW1,2011/8/5 1:00,8447.42,26.02,TRADE
NSW1,2011/8/5 1:30,8247.98,26.45,TRADE
NSW1,2011/8/5 2:00,8017.47,25.61,TRADE
NSW1,2011/8/5 2:30,7671.87,23.72,TRADE
NSW1,2011/8/5 3:00,7333.57,22.58,TRADE
NSW1,2011/8/5 3:30,7113.71,19.49,TRADE
NSW1,2011/8/5 4:00,6976.04,16.89,TRADE
NSW1,2011/8/5 4:30,6959.75,19.69,TRADE
NSW1,2011/8/5 5:00,7048.34,20.05,TRADE
NSW1,2011/8/5 5:30,7388.77,24.27,TRADE
NSW1,2011/8/5 6:00,7841.6,24.95,TRADE
NSW1,2011/8/5 6:30,8616.15,31.43,TRADE
NSW1,2011/8/5 7:00,9391.71,32.99,TRADE
NSW1,2011/8/5 7:30,9730.05,32.72,TRADE
NSW1,2011/8/5 8:00,10005.21,39.79,TRADE
NSW1,2011/8/5 8:30,10031.96,36.76,TRADE
NSW1,2011/8/5 9:00,9789.68,32.05,TRADE
NSW1,2011/8/5 9:30,9707.11,35.89,TRADE
NSW1,2011/8/5 10:00,9597.44,34.26,TRADE
NSW1,2011/8/5 10:30,9540.39,33.32,TRADE
NSW1,2011/8/5 11:00,9458.75,32.14,TRADE
NSW1,2011/8/5 11:30,9258.1,29.86,TRADE
NSW1,2011/8/5 12:00,9099.59,29.23,TRADE
NSW1,2011/8/5 12:30,9025.87,29.03,TRADE
NSW1,2011/8/5 13:00,9004.38,29.01,TRADE
NSW1,2011/8/5 13:30,9068.99,29.43,TRADE
NSW1,2011/8/5 14:00,9042.85,29.6,TRADE
NSW1,2011/8/5 14:30,8962.99,29.47,TRADE
NSW1,2011/8/5 15:00,8937.06,29.54,TRADE
NSW1,2011/8/5 15:30,8893.32,29.61,TRADE
NSW1,2011/8/5 16:00,8950.2,30.41,TRADE
NSW1,2011/8/5 16:30,9062.32,31.41,TRADE
NSW1,2011/8/5 17:00,9185.78,31.88,TRADE
NSW1,2011/8/5 17:30,9509.49,32.12,TRADE
NSW1,2011/8/5 18:00,9998.71,35.84,TRADE
NSW1,2011/8/5 18:30,10016.71,39.1,TRADE
NSW1,2011/8/5 19:00,9916.32,33.85,TRADE
NSW1,2011/8/5 19:30,9585.39,29.76,TRADE
NSW1,2011/8/5 20:00,9425.35,29.88,TRADE
NSW1,2011/8/5 20:30,9320,30.08,TRADE
NSW1,2011/8/5 21:00,9174.76,29.8,TRADE
NSW1,2011/8/5 21:30,8998.02,29.2,TRADE
NSW1,2011/8/5 22:00,8872.61,27.29,TRADE
NSW1,2011/8/5 22:30,8957.29,34.81,TRADE
NSW1,2011/8/5 23:00,8833.31,32.69,TRADE
NSW1,2011/8/5 23:30,8803.02,36.68,TRADE
NSW1,2011/8/6 0:00,8734.82,32.38,TRADE
NSW1,2011/8/6 0:30,8509.99,28.04,TRADE
NSW1,2011/8/6 1:00,8288.27,26.67,TRADE
NSW1,2011/8/6 1:30,8111.97,28.81,TRADE
NSW1,2011/8/6 2:00,7829.6,26.98,TRADE
NSW1,2011/8/6 2:30,7463.32,25.81,TRADE
NSW1,2011/8/6 3:00,7105.73,25.25,TRADE
NSW1,2011/8/6 3:30,6853.34,24.11,TRADE
NSW1,2011/8/6 4:00,6742.32,23.95,TRADE
NSW1,2011/8/6 4:30,6702.49,24.27,TRADE
NSW1,2011/8/6 5:00,6724.36,24.11,TRADE
NSW1,2011/8/6 5:30,6836.48,24.57,TRADE
NSW1,2011/8/6 6:00,6965.36,25.29,TRADE
NSW1,2011/8/6 6:30,7248.73,25.5,TRADE
NSW1,2011/8/6 7:00,7567.05,25.95,TRADE
NSW1,2011/8/6 7:30,7946.58,26.77,TRADE
NSW1,2011/8/6 8:00,8446.23,30.27,TRADE
NSW1,2011/8/6 8:30,8750.45,33.04,TRADE
NSW1,2011/8/6 9:00,8943.16,33.94,TRADE
NSW1,2011/8/6 9:30,9121.76,45.44,TRADE
NSW1,2011/8/6 10:00,9051.18,36.99,TRADE
NSW1,2011/8/6 10:30,9006.47,35.21,TRADE
NSW1,2011/8/6 11:00,8890.32,32.91,TRADE
NSW1,2011/8/6 11:30,8739.78,30.49,TRADE
NSW1,2011/8/6 12:00,8606.9,29.36,TRADE
NSW1,2011/8/6 12:30,8480.1,28.67,TRADE
NSW1,2011/8/6 13:00,8430.42,29.24,TRADE
NSW1,2011/8/6 13:30,8413.01,28.6,TRADE
NSW1,2011/8/6 14:00,8343.95,26.94,TRADE
NSW1,2011/8/6 14:30,8291.29,26.89,TRADE
NSW1,2011/8/6 15:00,8321.1,26.6,TRADE
NSW1,2011/8/6 15:30,8393.52,26.09,TRADE
NSW1,2011/8/6 16:00,8432.95,27.07,TRADE
NSW1,2011/8/6 16:30,8569.43,26.68,TRADE
NSW1,2011/8/6 17:00,8614.42,26.72,TRADE
NSW1,2011/8/6 17:30,8853.81,26.01,TRADE
NSW1,2011/8/6 18:00,9379.17,30.44,TRADE
NSW1,2011/8/6 18:30,9491.69,31.3,TRADE
NSW1,2011/8/6 19:00,9295.93,29.64,TRADE
NSW1,2011/8/6 19:30,9036.42,26.19,TRADE
NSW1,2011/8/6 20:00,8912.36,28.12,TRADE
NSW1,2011/8/6 20:30,8754.53,27.19,TRADE
NSW1,2011/8/6 21:00,8650.52,26.54,TRADE
NSW1,2011/8/6 21:30,8471.86,26.28,TRADE
NSW1,2011/8/6 22:00,8360.48,26.98,TRADE
NSW1,2011/8/6 22:30,8357.81,32.24,TRADE
NSW1,2011/8/6 23:00,8265.8,32.68,TRADE
NSW1,2011/8/6 23:30,8224.38,35.41,TRADE
NSW1,2011/8/7 0:00,8092.46,31.65,TRADE
NSW1,2011/8/7 0:30,7860.26,28.77,TRADE
NSW1,2011/8/7 1:00,7610.36,27.08,TRADE
NSW1,2011/8/7 1:30,7427.09,28.13,TRADE
NSW1,2011/8/7 2:00,7299.69,25.68,TRADE
NSW1,2011/8/7 2:30,7025.18,24.77,TRADE
NSW1,2011/8/7 3:00,6810.45,24.12,TRADE
NSW1,2011/8/7 3:30,6640.71,23.68,TRADE
NSW1,2011/8/7 4:00,6569.66,23.28,TRADE
NSW1,2011/8/7 4:30,6553.76,23.01,TRADE
NSW1,2011/8/7 5:00,6504.74,22.86,TRADE
NSW1,2011/8/7 5:30,6582.32,22.62,TRADE
NSW1,2011/8/7 6:00,6716.16,23.45,TRADE
NSW1,2011/8/7 6:30,6837.27,23.47,TRADE
NSW1,2011/8/7 7:00,7067.93,23.96,TRADE
NSW1,2011/8/7 7:30,7325.2,24.52,TRADE
NSW1,2011/8/7 8:00,7772.52,25.72,TRADE
NSW1,2011/8/7 8:30,8191.51,25.91,TRADE
NSW1,2011/8/7 9:00,8451.42,26.79,TRADE
NSW1,2011/8/7 9:30,8731.98,27.5,TRADE
NSW1,2011/8/7 10:00,8882.03,29.6,TRADE
NSW1,2011/8/7 10:30,8976.42,30.1,TRADE
NSW1,2011/8/7 11:00,8841.91,27.74,TRADE
NSW1,2011/8/7 11:30,8692.1,26.46,TRADE
NSW1,2011/8/7 12:00,8592,26.69,TRADE
NSW1,2011/8/7 12:30,8464.52,26.65,TRADE
NSW1,2011/8/7 13:00,8394.4,27.15,TRADE
NSW1,2011/8/7 13:30,8287.95,26.36,TRADE
NSW1,2011/8/7 14:00,8237.66,26.08,TRADE
NSW1,2011/8/7 14:30,8195.05,25.91,TRADE
NSW1,2011/8/7 15:00,8300.81,26.5,TRADE
NSW1,2011/8/7 15:30,8400.87,26.81,TRADE
NSW1,2011/8/7 16:00,8518.26,27.78,TRADE
NSW1,2011/8/7 16:30,8657.69,27.2,TRADE
NSW1,2011/8/7 17:00,8945.62,26.73,TRADE
NSW1,2011/8/7 17:30,9206.47,27.83,TRADE
NSW1,2011/8/7 18:00,9824.83,37.59,TRADE
NSW1,2011/8/7 18:30,10103.32,36.63,TRADE
NSW1,2011/8/7 19:00,10012.54,36.56,TRADE
NSW1,2011/8/7 19:30,9732.34,31.21,TRADE
NSW1,2011/8/7 20:00,9594.21,31.55,TRADE
NSW1,2011/8/7 20:30,9442.67,30.49,TRADE
NSW1,2011/8/7 21:00,9371.42,28.88,TRADE
NSW1,2011/8/7 21:30,9116.68,28.59,TRADE
NSW1,2011/8/7 22:00,8831.17,26.08,TRADE
NSW1,2011/8/7 22:30,8783.68,33.89,TRADE
NSW1,2011/8/7 23:00,8497.38,30.46,TRADE
NSW1,2011/8/7 23:30,8341.08,34.63,TRADE
NSW1,2011/8/8 0:00,8160.55,31.38,TRADE
NSW1,2011/8/8 0:30,7885.35,28.21,TRADE
NSW1,2011/8/8 1:00,7765.84,26.4,TRADE
NSW1,2011/8/8 1:30,7570.07,26.21,TRADE
NSW1,2011/8/8 2:00,7418.76,25.18,TRADE
NSW1,2011/8/8 2:30,7144.92,24.24,TRADE
NSW1,2011/8/8 3:00,6952.76,23.89,TRADE
NSW1,2011/8/8 3:30,6818.23,21.8,TRADE
NSW1,2011/8/8 4:00,6745.8,23.01,TRADE
NSW1,2011/8/8 4:30,6801.06,23.47,TRADE
NSW1,2011/8/8 5:00,6924.85,23.35,TRADE
NSW1,2011/8/8 5:30,7275.93,25.16,TRADE
NSW1,2011/8/8 6:00,7749.97,26.26,TRADE
NSW1,2011/8/8 6:30,8603.49,30.55,TRADE
NSW1,2011/8/8 7:00,9429.56,31.24,TRADE
NSW1,2011/8/8 7:30,9864.36,29.19,TRADE
NSW1,2011/8/8 8:00,10256.48,34.82,TRADE
NSW1,2011/8/8 8:30,10276.02,35.54,TRADE
NSW1,2011/8/8 9:00,10160.26,33.26,TRADE
NSW1,2011/8/8 9:30,10083.2,33.32,TRADE
NSW1,2011/8/8 10:00,9998.03,32.93,TRADE
NSW1,2011/8/8 10:30,9888.97,32.45,TRADE
NSW1,2011/8/8 11:00,9795.33,32.27,TRADE
NSW1,2011/8/8 11:30,9694.42,32.82,TRADE
NSW1,2011/8/8 12:00,9588.17,33.31,TRADE
NSW1,2011/8/8 12:30,9555.3,32.65,TRADE
NSW1,2011/8/8 13:00,9542.75,31.67,TRADE
NSW1,2011/8/8 13:30,9523.07,30.93,TRADE
NSW1,2011/8/8 14:00,9527.54,32.15,TRADE
NSW1,2011/8/8 14:30,9417.23,31.69,TRADE
NSW1,2011/8/8 15:00,9400.67,31.51,TRADE
NSW1,2011/8/8 15:30,9418.36,30.27,TRADE
NSW1,2011/8/8 16:00,9501.81,30.68,TRADE
NSW1,2011/8/8 16:30,9696.29,30.26,TRADE
NSW1,2011/8/8 17:00,9969.45,29.88,TRADE
NSW1,2011/8/8 17:30,10596.06,33.31,TRADE
NSW1,2011/8/8 18:00,11316.42,39.85,TRADE
NSW1,2011/8/8 18:30,11448,40.37,TRADE
NSW1,2011/8/8 19:00,11327.49,43.45,TRADE
NSW1,2011/8/8 19:30,11078.11,37.04,TRADE
NSW1,2011/8/8 20:00,10837.48,41.11,TRADE
NSW1,2011/8/8 20:30,10715.61,43.11,TRADE
NSW1,2011/8/8 21:00,10514.48,40.04,TRADE
NSW1,2011/8/8 21:30,10224.92,34,TRADE
NSW1,2011/8/8 22:00,9840.1,32.35,TRADE
NSW1,2011/8/8 22:30,9749.83,37.55,TRADE
NSW1,2011/8/8 23:00,9450.46,32.66,TRADE
NSW1,2011/8/8 23:30,9268.27,33.27,TRADE
NSW1,2011/8/9 0:00,9074.72,33.18,TRADE
NSW1,2011/8/9 0:30,8884.88,32.5,TRADE
NSW1,2011/8/9 1:00,8688.29,29.11,TRADE
NSW1,2011/8/9 1:30,8520.56,33.41,TRADE
NSW1,2011/8/9 2:00,8308.75,28.38,TRADE
NSW1,2011/8/9 2:30,7938.4,27.23,TRADE
NSW1,2011/8/9 3:00,7596.84,25.99,TRADE
NSW1,2011/8/9 3:30,7380.88,25.64,TRADE
NSW1,2011/8/9 4:00,7196.2,25.68,TRADE
NSW1,2011/8/9 4:30,7238.34,26.39,TRADE
NSW1,2011/8/9 5:00,7359.26,26.78,TRADE
NSW1,2011/8/9 5:30,7708.46,29.37,TRADE
NSW1,2011/8/9 6:00,8199.43,32.3,TRADE
NSW1,2011/8/9 6:30,9051.31,35.94,TRADE
NSW1,2011/8/9 7:00,9819.05,44.46,TRADE
NSW1,2011/8/9 7:30,10233.21,41.61,TRADE
NSW1,2011/8/9 8:00,10696.14,43.37,TRADE
NSW1,2011/8/9 8:30,10772.86,44.1,TRADE
NSW1,2011/8/9 9:00,10678.4,42.68,TRADE
NSW1,2011/8/9 9:30,10679.27,43.01,TRADE
NSW1,2011/8/9 10:00,10650.47,42.92,TRADE
NSW1,2011/8/9 10:30,10549.37,44.27,TRADE
NSW1,2011/8/9 11:00,10403.78,42.83,TRADE
NSW1,2011/8/9 11:30,10201.34,40.89,TRADE
NSW1,2011/8/9 12:00,9992.94,36.98,TRADE
NSW1,2011/8/9 12:30,9945.18,35.7,TRADE
NSW1,2011/8/9 13:00,9910.34,35.37,TRADE
NSW1,2011/8/9 13:30,9856.84,34.76,TRADE
NSW1,2011/8/9 14:00,9739.37,33.96,TRADE
NSW1,2011/8/9 14:30,9621.26,32.48,TRADE
NSW1,2011/8/9 15:00,9583.17,31.6,TRADE
NSW1,2011/8/9 15:30,9564.91,31.02,TRADE
NSW1,2011/8/9 16:00,9720.15,32.04,TRADE
NSW1,2011/8/9 16:30,9875.45,31.66,TRADE
NSW1,2011/8/9 17:00,10146.31,31.37,TRADE
NSW1,2011/8/9 17:30,10693.06,36.74,TRADE
NSW1,2011/8/9 18:00,11488.15,43.98,TRADE
NSW1,2011/8/9 18:30,11731.44,51.31,TRADE
NSW1,2011/8/9 19:00,11662.34,47.44,TRADE
NSW1,2011/8/9 19:30,11442.07,38.78,TRADE
NSW1,2011/8/9 20:00,11292.73,41.64,TRADE
NSW1,2011/8/9 20:30,11130.89,39.61,TRADE
NSW1,2011/8/9 21:00,10913.35,39,TRADE
NSW1,2011/8/9 21:30,10665.09,33.27,TRADE
NSW1,2011/8/9 22:00,10234.53,30.22,TRADE
NSW1,2011/8/9 22:30,10145.69,35.65,TRADE
NSW1,2011/8/9 23:00,9766.2,31.82,TRADE
NSW1,2011/8/9 23:30,9562.51,33.06,TRADE
NSW1,2011/8/10 0:00,9389.95,33.92,TRADE
NSW1,2011/8/10 0:30,9116.73,30.15,TRADE
NSW1,2011/8/10 1:00,8920.42,30.09,TRADE
NSW1,2011/8/10 1:30,8708.25,32.54,TRADE
NSW1,2011/8/10 2:00,8499.53,27.46,TRADE
NSW1,2011/8/10 2:30,8179.18,26.17,TRADE
NSW1,2011/8/10 3:00,7777.91,24.47,TRADE
NSW1,2011/8/10 3:30,7510.03,24.36,TRADE
NSW1,2011/8/10 4:00,7371.89,24.17,TRADE
NSW1,2011/8/10 4:30,7352.27,24.28,TRADE
NSW1,2011/8/10 5:00,7428.11,24.13,TRADE
NSW1,2011/8/10 5:30,7770.05,26.05,TRADE
NSW1,2011/8/10 6:00,8238.98,26.81,TRADE
NSW1,2011/8/10 6:30,9163.85,35.02,TRADE
NSW1,2011/8/10 7:00,10001.7,32.62,TRADE
NSW1,2011/8/10 7:30,10504.77,32.64,TRADE
NSW1,2011/8/10 8:00,10846.54,43.02,TRADE
NSW1,2011/8/10 8:30,10835.54,42.08,TRADE
NSW1,2011/8/10 9:00,10595.14,33.28,TRADE
NSW1,2011/8/10 9:30,10423.41,34.38,TRADE
NSW1,2011/8/10 10:00,10290.4,38.36,TRADE
NSW1,2011/8/10 10:30,10151.78,37.24,TRADE
NSW1,2011/8/10 11:00,10017.04,37.9,TRADE
NSW1,2011/8/10 11:30,9755.62,33.79,TRADE
NSW1,2011/8/10 12:00,9634.1,33.18,TRADE
NSW1,2011/8/10 12:30,9562.1,32.79,TRADE
NSW1,2011/8/10 13:00,9444.58,33.14,TRADE
NSW1,2011/8/10 13:30,9401.85,33.04,TRADE
NSW1,2011/8/10 14:00,9386.62,33.18,TRADE
NSW1,2011/8/10 14:30,9393.52,32.75,TRADE
NSW1,2011/8/10 15:00,9372,32.58,TRADE
NSW1,2011/8/10 15:30,9338.24,32.68,TRADE
NSW1,2011/8/10 16:00,9487.99,34.2,TRADE
NSW1,2011/8/10 16:30,9696.71,34.05,TRADE
NSW1,2011/8/10 17:00,10034.48,34.95,TRADE
NSW1,2011/8/10 17:30,10588.26,38.06,TRADE
NSW1,2011/8/10 18:00,11352.1,46.88,TRADE
NSW1,2011/8/10 18:30,11627.38,49.7,TRADE
NSW1,2011/8/10 19:00,11616.41,47.64,TRADE
NSW1,2011/8/10 19:30,11408.46,38.04,TRADE
NSW1,2011/8/10 20:00,11201.37,35.76,TRADE
NSW1,2011/8/10 20:30,11015.73,37.88,TRADE
NSW1,2011/8/10 21:00,10839.58,35.34,TRADE
NSW1,2011/8/10 21:30,10542.7,31.37,TRADE
NSW1,2011/8/10 22:00,10172.99,29.24,TRADE
NSW1,2011/8/10 22:30,10002.52,35.06,TRADE
NSW1,2011/8/10 23:00,9650.11,31.65,TRADE
NSW1,2011/8/10 23:30,9444.29,32.92,TRADE
NSW1,2011/8/11 0:00,9225.05,31.44,TRADE
NSW1,2011/8/11 0:30,9010.09,27.97,TRADE
NSW1,2011/8/11 1:00,8774.4,29.28,TRADE
NSW1,2011/8/11 1:30,8617.62,32.57,TRADE
NSW1,2011/8/11 2:00,8350.92,27.98,TRADE
NSW1,2011/8/11 2:30,8018.45,25.96,TRADE
NSW1,2011/8/11 3:00,7683.77,25.35,TRADE
NSW1,2011/8/11 3:30,7512.65,25.46,TRADE
NSW1,2011/8/11 4:00,7344.68,24.84,TRADE
NSW1,2011/8/11 4:30,7292.51,25.14,TRADE
NSW1,2011/8/11 5:00,7433.58,25.47,TRADE
NSW1,2011/8/11 5:30,7717.72,26.79,TRADE
NSW1,2011/8/11 6:00,8250.26,27,TRADE
NSW1,2011/8/11 6:30,9181.52,37.18,TRADE
NSW1,2011/8/11 7:00,10038.83,38.37,TRADE
NSW1,2011/8/11 7:30,10461.5,37.52,TRADE
NSW1,2011/8/11 8:00,10873.16,49.54,TRADE
NSW1,2011/8/11 8:30,10867.24,41.53,TRADE
NSW1,2011/8/11 9:00,10671.75,37.05,TRADE
NSW1,2011/8/11 9:30,10636.1,34.59,TRADE
NSW1,2011/8/11 10:00,10502.24,33.39,TRADE
NSW1,2011/8/11 10:30,10349.51,33.98,TRADE
NSW1,2011/8/11 11:00,10237.68,32.45,TRADE
NSW1,2011/8/11 11:30,10052.26,33.72,TRADE
NSW1,2011/8/11 12:00,9934.78,32.95,TRADE
NSW1,2011/8/11 12:30,9906.01,32.42,TRADE
NSW1,2011/8/11 13:00,9783.94,30.84,TRADE
NSW1,2011/8/11 13:30,9606.69,30.07,TRADE
NSW1,2011/8/11 14:00,9557.46,29.47,TRADE
NSW1,2011/8/11 14:30,9550.8,30.06,TRADE
NSW1,2011/8/11 15:00,9453.85,28.35,TRADE
NSW1,2011/8/11 15:30,9408.46,27.87,TRADE
NSW1,2011/8/11 16:00,9548.14,30.46,TRADE
NSW1,2011/8/11 16:30,9807.36,31.81,TRADE
NSW1,2011/8/11 17:00,10096.86,33.51,TRADE
NSW1,2011/8/11 17:30,10507.55,33.3,TRADE
NSW1,2011/8/11 18:00,11317.82,53.67,TRADE
NSW1,2011/8/11 18:30,11635.49,99.34,TRADE
NSW1,2011/8/11 19:00,11637.49,97.92,TRADE
NSW1,2011/8/11 19:30,11406.24,52.89,TRADE
NSW1,2011/8/11 20:00,11231.4,56.49,TRADE
NSW1,2011/8/11 20:30,11098.85,76.21,TRADE
NSW1,2011/8/11 21:00,10915.39,52.01,TRADE
NSW1,2011/8/11 21:30,10509.35,44.87,TRADE
NSW1,2011/8/11 22:00,10104.28,33.87,TRADE
NSW1,2011/8/11 22:30,10010.17,50.02,TRADE
NSW1,2011/8/11 23:00,9728.95,42.66,TRADE
NSW1,2011/8/11 23:30,9475.9,46.6,TRADE
NSW1,2011/8/12 0:00,9252.59,39.57,TRADE
NSW1,2011/8/12 0:30,9014.37,32.62,TRADE
NSW1,2011/8/12 1:00,8775.97,30.31,TRADE
NSW1,2011/8/12 1:30,8572.1,34.05,TRADE
NSW1,2011/8/12 2:00,8345.61,29.35,TRADE
NSW1,2011/8/12 2:30,8026.1,27.95,TRADE
NSW1,2011/8/12 3:00,7726.26,25.55,TRADE
NSW1,2011/8/12 3:30,7488.94,25.48,TRADE
NSW1,2011/8/12 4:00,7302.33,25.33,TRADE
NSW1,2011/8/12 4:30,7267.23,25.72,TRADE
NSW1,2011/8/12 5:00,7371.85,25.71,TRADE
NSW1,2011/8/12 5:30,7653.86,27.04,TRADE
NSW1,2011/8/12 6:00,8089.33,27.81,TRADE
NSW1,2011/8/12 6:30,8918.55,32.12,TRADE
NSW1,2011/8/12 7:00,9671.47,44.06,TRADE
NSW1,2011/8/12 7:30,10039.96,43.36,TRADE
NSW1,2011/8/12 8:00,10390.86,50.17,TRADE
NSW1,2011/8/12 8:30,10423.54,51.48,TRADE
NSW1,2011/8/12 9:00,10254.46,39.12,TRADE
NSW1,2011/8/12 9:30,10197.62,37.77,TRADE
NSW1,2011/8/12 10:00,10082.04,35.33,TRADE
NSW1,2011/8/12 10:30,9987.86,35.14,TRADE
NSW1,2011/8/12 11:00,9960.48,35.15,TRADE
NSW1,2011/8/12 11:30,9800.54,33.49,TRADE
NSW1,2011/8/12 12:00,9700.76,41.93,TRADE
NSW1,2011/8/12 12:30,9619.35,32.92,TRADE
NSW1,2011/8/12 13:00,9515.65,32.65,TRADE
NSW1,2011/8/12 13:30,9416.49,33.08,TRADE
NSW1,2011/8/12 14:00,9353.16,33.01,TRADE
NSW1,2011/8/12 14:30,9301.2,31.98,TRADE
NSW1,2011/8/12 15:00,9206.55,29.2,TRADE
NSW1,2011/8/12 15:30,9319.75,29.01,TRADE
NSW1,2011/8/12 16:00,9431.72,29.55,TRADE
NSW1,2011/8/12 16:30,9604.02,30.37,TRADE
NSW1,2011/8/12 17:00,9829.24,31.06,TRADE
NSW1,2011/8/12 17:30,10244.39,32.28,TRADE
NSW1,2011/8/12 18:00,10876.3,47.85,TRADE
NSW1,2011/8/12 18:30,11059.76,64.72,TRADE
NSW1,2011/8/12 19:00,11004.21,56.26,TRADE
NSW1,2011/8/12 19:30,10811.42,40.77,TRADE
NSW1,2011/8/12 20:00,10602.04,40.6,TRADE
NSW1,2011/8/12 20:30,10489.11,40.08,TRADE
NSW1,2011/8/12 21:00,10328.23,35.02,TRADE
NSW1,2011/8/12 21:30,10087.36,30.73,TRADE
NSW1,2011/8/12 22:00,9798.92,29.15,TRADE
NSW1,2011/8/12 22:30,9932.57,42.06,TRADE
NSW1,2011/8/12 23:00,9676.82,35.23,TRADE
NSW1,2011/8/12 23:30,9621.18,36.09,TRADE
NSW1,2011/8/13 0:00,9412.73,33.48,TRADE
NSW1,2011/8/13 0:30,9124.98,32.58,TRADE
NSW1,2011/8/13 1:00,8905.29,32.72,TRADE
NSW1,2011/8/13 1:30,8648.12,33.61,TRADE
NSW1,2011/8/13 2:00,8380.58,30.55,TRADE
NSW1,2011/8/13 2:30,8007.43,26.76,TRADE
NSW1,2011/8/13 3:00,7701.07,25.75,TRADE
NSW1,2011/8/13 3:30,7397.26,25,TRADE
NSW1,2011/8/13 4:00,7274.36,24.96,TRADE
NSW1,2011/8/13 4:30,7178.3,24.36,TRADE
NSW1,2011/8/13 5:00,7155.93,24.21,TRADE
NSW1,2011/8/13 5:30,7317.88,25.05,TRADE
NSW1,2011/8/13 6:00,7419.84,24.8,TRADE
NSW1,2011/8/13 6:30,7758.33,25.9,TRADE
NSW1,2011/8/13 7:00,8101.32,26.06,TRADE
NSW1,2011/8/13 7:30,8609.11,26.4,TRADE
NSW1,2011/8/13 8:00,9073.04,29.41,TRADE
NSW1,2011/8/13 8:30,9519.38,30.98,TRADE
NSW1,2011/8/13 9:00,9648.45,33.32,TRADE
NSW1,2011/8/13 9:30,9811.22,34.09,TRADE
NSW1,2011/8/13 10:00,9598.19,32.68,TRADE
NSW1,2011/8/13 10:30,9533.58,31.89,TRADE
NSW1,2011/8/13 11:00,9270.96,29.83,TRADE
NSW1,2011/8/13 11:30,9053.09,27.78,TRADE
NSW1,2011/8/13 12:00,8903.44,28.08,TRADE
NSW1,2011/8/13 12:30,8704.76,26.78,TRADE
NSW1,2011/8/13 13:00,8626.43,27.28,TRADE
NSW1,2011/8/13 13:30,8524.92,27.06,TRADE
NSW1,2011/8/13 14:00,8525.98,26.82,TRADE
NSW1,2011/8/13 14:30,8445.3,26.03,TRADE
NSW1,2011/8/13 15:00,8407.05,26.11,TRADE
NSW1,2011/8/13 15:30,8462.15,26.83,TRADE
NSW1,2011/8/13 16:00,8590.49,26.21,TRADE
NSW1,2011/8/13 16:30,8724.24,26.73,TRADE
NSW1,2011/8/13 17:00,9026.81,28.36,TRADE
NSW1,2011/8/13 17:30,9443.66,28.77,TRADE
NSW1,2011/8/13 18:00,10099.86,35.37,TRADE
NSW1,2011/8/13 18:30,10382.26,67.76,TRADE
NSW1,2011/8/13 19:00,10245.97,41.09,TRADE
NSW1,2011/8/13 19:30,10044.95,33.25,TRADE
NSW1,2011/8/13 20:00,9858.18,30.82,TRADE
NSW1,2011/8/13 20:30,9696.57,29.36,TRADE
NSW1,2011/8/13 21:00,9516.58,27.54,TRADE
NSW1,2011/8/13 21:30,9393.84,27,TRADE
NSW1,2011/8/13 22:00,9199.85,26.65,TRADE
NSW1,2011/8/13 22:30,9121.91,32.64,TRADE
NSW1,2011/8/13 23:00,8963.7,31.58,TRADE
NSW1,2011/8/13 23:30,8833.89,32.68,TRADE
NSW1,2011/8/14 0:00,8639.68,30.2,TRADE
NSW1,2011/8/14 0:30,8408.01,30.44,TRADE
NSW1,2011/8/14 1:00,8147.82,27.98,TRADE
NSW1,2011/8/14 1:30,7907.18,27.78,TRADE
NSW1,2011/8/14 2:00,7745.91,25.94,TRADE
NSW1,2011/8/14 2:30,7432.86,25.15,TRADE
NSW1,2011/8/14 3:00,7103.39,24.93,TRADE
NSW1,2011/8/14 3:30,6982.46,24.08,TRADE
NSW1,2011/8/14 4:00,6832.24,23.73,TRADE
NSW1,2011/8/14 4:30,6833.66,24.22,TRADE
NSW1,2011/8/14 5:00,6796.01,22.62,TRADE
NSW1,2011/8/14 5:30,6853.83,23.75,TRADE
NSW1,2011/8/14 6:00,6984.09,23.95,TRADE
NSW1,2011/8/14 6:30,7186.06,24.43,TRADE
NSW1,2011/8/14 7:00,7429.88,24.94,TRADE
NSW1,2011/8/14 7:30,7682.85,24.98,TRADE
NSW1,2011/8/14 8:00,8162.86,26.07,TRADE
NSW1,2011/8/14 8:30,8587.43,27.23,TRADE
NSW1,2011/8/14 9:00,8893.49,26.84,TRADE
NSW1,2011/8/14 9:30,9112.24,30.09,TRADE
NSW1,2011/8/14 10:00,9100.66,29.22,TRADE
NSW1,2011/8/14 10:30,9141.94,29.14,TRADE
NSW1,2011/8/14 11:00,9072.42,27.06,TRADE
NSW1,2011/8/14 11:30,8918.24,26.38,TRADE
NSW1,2011/8/14 12:00,8804.89,26.45,TRADE
NSW1,2011/8/14 12:30,8709.62,26.65,TRADE
NSW1,2011/8/14 13:00,8542.63,25.9,TRADE
NSW1,2011/8/14 13:30,8451.41,25.69,TRADE
NSW1,2011/8/14 14:00,8358.21,25.52,TRADE
NSW1,2011/8/14 14:30,8383.52,25.91,TRADE
NSW1,2011/8/14 15:00,8348.87,25.86,TRADE
NSW1,2011/8/14 15:30,8367.68,25.41,TRADE
NSW1,2011/8/14 16:00,8519.19,26.1,TRADE
NSW1,2011/8/14 16:30,8694.74,26.4,TRADE
NSW1,2011/8/14 17:00,9017.65,28.31,TRADE
NSW1,2011/8/14 17:30,9332.6,27.54,TRADE
NSW1,2011/8/14 18:00,10095.14,37.87,TRADE
NSW1,2011/8/14 18:30,10504.59,59.34,TRADE
NSW1,2011/8/14 19:00,10489.43,49.74,TRADE
NSW1,2011/8/14 19:30,10268.61,38.08,TRADE
NSW1,2011/8/14 20:00,10077.04,36.16,TRADE
NSW1,2011/8/14 20:30,10020.1,34.54,TRADE
NSW1,2011/8/14 21:00,9902.02,32.85,TRADE
NSW1,2011/8/14 21:30,9568.4,27.17,TRADE
NSW1,2011/8/14 22:00,9233.72,26.02,TRADE
NSW1,2011/8/14 22:30,9075.32,29.72,TRADE
NSW1,2011/8/14 23:00,8731.92,26.95,TRADE
NSW1,2011/8/14 23:30,8585.57,29.64,TRADE
NSW1,2011/8/15 0:00,8351.09,28.84,TRADE
NSW1,2011/8/15 0:30,8148.33,25.96,TRADE
NSW1,2011/8/15 1:00,7911.93,25.72,TRADE
NSW1,2011/8/15 1:30,7806.82,26.12,TRADE
NSW1,2011/8/15 2:00,7623.74,24.95,TRADE
NSW1,2011/8/15 2:30,7343.98,24.19,TRADE
NSW1,2011/8/15 3:00,7082.88,22.62,TRADE
NSW1,2011/8/15 3:30,6945.61,22.97,TRADE
NSW1,2011/8/15 4:00,6879.84,23.35,TRADE
NSW1,2011/8/15 4:30,6949.93,23.47,TRADE
NSW1,2011/8/15 5:00,7061.44,23.47,TRADE
NSW1,2011/8/15 5:30,7386.71,24.9,TRADE
NSW1,2011/8/15 6:00,7806.66,25.57,TRADE
NSW1,2011/8/15 6:30,8760.69,31.66,TRADE
NSW1,2011/8/15 7:00,9574.27,32.06,TRADE
NSW1,2011/8/15 7:30,10143.57,31.83,TRADE
NSW1,2011/8/15 8:00,10523.13,41.38,TRADE
NSW1,2011/8/15 8:30,10590.53,37.23,TRADE
NSW1,2011/8/15 9:00,10389.54,34.32,TRADE
NSW1,2011/8/15 9:30,10280.85,35.16,TRADE
NSW1,2011/8/15 10:00,10182.89,34.1,TRADE
NSW1,2011/8/15 10:30,10058.68,32.28,TRADE
NSW1,2011/8/15 11:00,9891.5,33.81,TRADE
NSW1,2011/8/15 11:30,9699.56,31.88,TRADE
NSW1,2011/8/15 12:00,9549.87,31.34,TRADE
NSW1,2011/8/15 12:30,9469.06,30.83,TRADE
NSW1,2011/8/15 13:00,9413.44,31.09,TRADE
NSW1,2011/8/15 13:30,9499.45,32.41,TRADE
NSW1,2011/8/15 14:00,9454.85,32.85,TRADE
NSW1,2011/8/15 14:30,9422.33,32.9,TRADE
NSW1,2011/8/15 15:00,9413.64,33.4,TRADE
NSW1,2011/8/15 15:30,9436.15,33.11,TRADE
NSW1,2011/8/15 16:00,9548.23,33.65,TRADE
NSW1,2011/8/15 16:30,9696.06,33.59,TRADE
NSW1,2011/8/15 17:00,10069.28,35.23,TRADE
NSW1,2011/8/15 17:30,10604.91,37.54,TRADE
NSW1,2011/8/15 18:00,11220.92,48.55,TRADE
NSW1,2011/8/15 18:30,11417.66,51.95,TRADE
NSW1,2011/8/15 19:00,11293.05,41.55,TRADE
NSW1,2011/8/15 19:30,10972.18,37.7,TRADE
NSW1,2011/8/15 20:00,10729.38,39.58,TRADE
NSW1,2011/8/15 20:30,10519.77,41.09,TRADE
NSW1,2011/8/15 21:00,10394.6,37.73,TRADE
NSW1,2011/8/15 21:30,10036.07,31.42,TRADE
NSW1,2011/8/15 22:00,9690.71,29.12,TRADE
NSW1,2011/8/15 22:30,9602.48,36.06,TRADE
NSW1,2011/8/15 23:00,9248.41,31.98,TRADE
NSW1,2011/8/15 23:30,9106.09,33.4,TRADE
NSW1,2011/8/16 0:00,8998.83,34.54,TRADE
NSW1,2011/8/16 0:30,8810.65,32.58,TRADE
NSW1,2011/8/16 1:00,8623.43,33.62,TRADE
NSW1,2011/8/16 1:30,8436.37,34.22,TRADE
NSW1,2011/8/16 2:00,8207.32,31.08,TRADE
NSW1,2011/8/16 2:30,7832.5,27.04,TRADE
NSW1,2011/8/16 3:00,7534.02,26.39,TRADE
NSW1,2011/8/16 3:30,7315.09,25.61,TRADE
NSW1,2011/8/16 4:00,7199.71,25.9,TRADE
NSW1,2011/8/16 4:30,7193.62,26.21,TRADE
NSW1,2011/8/16 5:00,7277,26.25,TRADE
NSW1,2011/8/16 5:30,7577.83,28.63,TRADE
NSW1,2011/8/16 6:00,8036.84,27.7,TRADE
NSW1,2011/8/16 6:30,8842.48,36.57,TRADE
NSW1,2011/8/16 7:00,9661.23,47.59,TRADE
NSW1,2011/8/16 7:30,10050.32,40.72,TRADE
NSW1,2011/8/16 8:00,10285.73,45.55,TRADE
NSW1,2011/8/16 8:30,10318.28,51.65,TRADE
NSW1,2011/8/16 9:00,10108.27,41.05,TRADE
NSW1,2011/8/16 9:30,10010.03,41.56,TRADE
NSW1,2011/8/16 10:00,9921.99,39.54,TRADE
NSW1,2011/8/16 10:30,9779.72,36.18,TRADE
NSW1,2011/8/16 11:00,9651.74,35.08,TRADE
NSW1,2011/8/16 11:30,9485.21,33.69,TRADE
NSW1,2011/8/16 12:00,9401.29,33.22,TRADE
NSW1,2011/8/16 12:30,9344.27,32.19,TRADE
NSW1,2011/8/16 13:00,9318.99,31.81,TRADE
NSW1,2011/8/16 13:30,9276.18,31.48,TRADE
NSW1,2011/8/16 14:00,9150.33,30.25,TRADE
NSW1,2011/8/16 14:30,9116.7,29.5,TRADE
NSW1,2011/8/16 15:00,9064.15,29.67,TRADE
NSW1,2011/8/16 15:30,9094.28,29.67,TRADE
NSW1,2011/8/16 16:00,9226.09,29.06,TRADE
NSW1,2011/8/16 16:30,9336.77,27.67,TRADE
NSW1,2011/8/16 17:00,9561.24,27.82,TRADE
NSW1,2011/8/16 17:30,9947.59,29.1,TRADE
NSW1,2011/8/16 18:00,10630.83,35.91,TRADE
NSW1,2011/8/16 18:30,10920.83,39.56,TRADE
NSW1,2011/8/16 19:00,10871.54,34.15,TRADE
NSW1,2011/8/16 19:30,10672.65,31.45,TRADE
NSW1,2011/8/16 20:00,10428.86,29.3,TRADE
NSW1,2011/8/16 20:30,10289.92,31.06,TRADE
NSW1,2011/8/16 21:00,10135.44,29.44,TRADE
NSW1,2011/8/16 21:30,9851.59,26.64,TRADE
NSW1,2011/8/16 22:00,9497.81,26.29,TRADE
NSW1,2011/8/16 22:30,9484.21,31.28,TRADE
NSW1,2011/8/16 23:00,9162.95,27.44,TRADE
NSW1,2011/8/16 23:30,9019.14,30.34,TRADE
NSW1,2011/8/17 0:00,8822.55,26.86,TRADE
NSW1,2011/8/17 0:30,8604.43,26.16,TRADE
NSW1,2011/8/17 1:00,8397.81,26.04,TRADE
NSW1,2011/8/17 1:30,8243.54,26.82,TRADE
NSW1,2011/8/17 2:00,8026.26,25.37,TRADE
NSW1,2011/8/17 2:30,7649.03,23.88,TRADE
NSW1,2011/8/17 3:00,7313.71,23.06,TRADE
NSW1,2011/8/17 3:30,7062.78,23.26,TRADE
NSW1,2011/8/17 4:00,6909.16,23.07,TRADE
NSW1,2011/8/17 4:30,6844.15,22.05,TRADE
NSW1,2011/8/17 5:00,6945.06,22.94,TRADE
NSW1,2011/8/17 5:30,7249.17,23.96,TRADE
NSW1,2011/8/17 6:00,7702.34,24.91,TRADE
NSW1,2011/8/17 6:30,8562.65,29.74,TRADE
NSW1,2011/8/17 7:00,9356.89,30.71,TRADE
NSW1,2011/8/17 7:30,9813.39,31.74,TRADE
NSW1,2011/8/17 8:00,10156.94,41.42,TRADE
NSW1,2011/8/17 8:30,10242.31,41.17,TRADE
NSW1,2011/8/17 9:00,10100.59,34.93,TRADE
NSW1,2011/8/17 9:30,10097.1,35.07,TRADE
NSW1,2011/8/17 10:00,10058.47,34.79,TRADE
NSW1,2011/8/17 10:30,10031.96,35.28,TRADE
NSW1,2011/8/17 11:00,10043.73,35.91,TRADE
NSW1,2011/8/17 11:30,9993.34,33.1,TRADE
NSW1,2011/8/17 12:00,9921.07,33.39,TRADE
NSW1,2011/8/17 12:30,9989.87,36.1,TRADE
NSW1,2011/8/17 13:00,9986.17,35.07,TRADE
NSW1,2011/8/17 13:30,9998.34,38.4,TRADE
NSW1,2011/8/17 14:00,9985.48,37.26,TRADE
NSW1,2011/8/17 14:30,9959.34,34.84,TRADE
NSW1,2011/8/17 15:00,9919.2,33.52,TRADE
NSW1,2011/8/17 15:30,9935.23,34.77,TRADE
NSW1,2011/8/17 16:00,10179.31,35.32,TRADE
NSW1,2011/8/17 16:30,10477.63,37.77,TRADE
NSW1,2011/8/17 17:00,10745.36,37.03,TRADE
NSW1,2011/8/17 17:30,11090.82,37.54,TRADE
NSW1,2011/8/17 18:00,11539.07,38.88,TRADE
NSW1,2011/8/17 18:30,11526.38,38.31,TRADE
NSW1,2011/8/17 19:00,11404.68,37.91,TRADE
NSW1,2011/8/17 19:30,11049.76,35.55,TRADE
NSW1,2011/8/17 20:00,10781.91,34.67,TRADE
NSW1,2011/8/17 20:30,10538.13,33.71,TRADE
NSW1,2011/8/17 21:00,10307.7,31.04,TRADE
NSW1,2011/8/17 21:30,9951.09,28.87,TRADE
NSW1,2011/8/17 22:00,9590.28,26.73,TRADE
NSW1,2011/8/17 22:30,9577.65,30.5,TRADE
NSW1,2011/8/17 23:00,9260.25,26.23,TRADE
NSW1,2011/8/17 23:30,9141.65,32.81,TRADE
NSW1,2011/8/18 0:00,8972.86,30.84,TRADE
NSW1,2011/8/18 0:30,8751.8,27.84,TRADE
NSW1,2011/8/18 1:00,8517.87,26.95,TRADE
NSW1,2011/8/18 1:30,8279.37,27.24,TRADE
NSW1,2011/8/18 2:00,8059.13,25.81,TRADE
NSW1,2011/8/18 2:30,7744.28,27.3,TRADE
NSW1,2011/8/18 3:00,7432.87,25.48,TRADE
NSW1,2011/8/18 3:30,7216.04,25.81,TRADE
NSW1,2011/8/18 4:00,7042.12,25.02,TRADE
NSW1,2011/8/18 4:30,7008.05,24.87,TRADE
NSW1,2011/8/18 5:00,7091.86,26.06,TRADE
NSW1,2011/8/18 5:30,7422.79,26.83,TRADE
NSW1,2011/8/18 6:00,7832.2,27.19,TRADE
NSW1,2011/8/18 6:30,8671.43,37.49,TRADE
NSW1,2011/8/18 7:00,9414.38,41.03,TRADE
NSW1,2011/8/18 7:30,9775.3,34.5,TRADE
NSW1,2011/8/18 8:00,10061.4,40.46,TRADE
NSW1,2011/8/18 8:30,10040.78,37.73,TRADE
NSW1,2011/8/18 9:00,9992.75,36.03,TRADE
NSW1,2011/8/18 9:30,9937.45,35.4,TRADE
NSW1,2011/8/18 10:00,9864.85,34.8,TRADE
NSW1,2011/8/18 10:30,9772.19,33.52,TRADE
NSW1,2011/8/18 11:00,9675.97,33.44,TRADE
NSW1,2011/8/18 11:30,9540.75,32.26,TRADE
NSW1,2011/8/18 12:00,9394.93,31.56,TRADE
NSW1,2011/8/18 12:30,9362.1,32.77,TRADE
NSW1,2011/8/18 13:00,9259.66,31.61,TRADE
NSW1,2011/8/18 13:30,9177.04,29.49,TRADE
NSW1,2011/8/18 14:00,9147.45,27.28,TRADE
NSW1,2011/8/18 14:30,9092.68,26.27,TRADE
NSW1,2011/8/18 15:00,9044.53,26.66,TRADE
NSW1,2011/8/18 15:30,9080.61,26.01,TRADE
NSW1,2011/8/18 16:00,9192.27,27.1,TRADE
NSW1,2011/8/18 16:30,9350.23,27.72,TRADE
NSW1,2011/8/18 17:00,9607.84,29.95,TRADE
NSW1,2011/8/18 17:30,10032.49,33.38,TRADE
NSW1,2011/8/18 18:00,10835.9,41.77,TRADE
NSW1,2011/8/18 18:30,11169.73,49.62,TRADE
NSW1,2011/8/18 19:00,11131.51,45.86,TRADE
NSW1,2011/8/18 19:30,11024.85,39.72,TRADE
NSW1,2011/8/18 20:00,10856.93,34.65,TRADE
NSW1,2011/8/18 20:30,10698.25,33.45,TRADE
NSW1,2011/8/18 21:00,10568.36,33.78,TRADE
NSW1,2011/8/18 21:30,10163.47,27.74,TRADE
NSW1,2011/8/18 22:00,9844.55,26.24,TRADE
NSW1,2011/8/18 22:30,9792.4,31.67,TRADE
NSW1,2011/8/18 23:00,9519.05,28.88,TRADE
NSW1,2011/8/18 23:30,9283.72,32.7,TRADE
NSW1,2011/8/19 0:00,9129.86,32.22,TRADE
NSW1,2011/8/19 0:30,8877.29,29.21,TRADE
NSW1,2011/8/19 1:00,8674.59,27.58,TRADE
NSW1,2011/8/19 1:30,8460.62,27.94,TRADE
NSW1,2011/8/19 2:00,8270.45,26.08,TRADE
NSW1,2011/8/19 2:30,7878.55,25.61,TRADE
NSW1,2011/8/19 3:00,7563.43,24.29,TRADE
NSW1,2011/8/19 3:30,7305.57,23.64,TRADE
NSW1,2011/8/19 4:00,7160.28,23.44,TRADE
NSW1,2011/8/19 4:30,7128.24,24.02,TRADE
NSW1,2011/8/19 5:00,7225.27,24.86,TRADE
NSW1,2011/8/19 5:30,7567.25,25.64,TRADE
NSW1,2011/8/19 6:00,8006.05,26.38,TRADE
NSW1,2011/8/19 6:30,8838.12,31.59,TRADE
NSW1,2011/8/19 7:00,9728.82,35.18,TRADE
NSW1,2011/8/19 7:30,10189.46,32.74,TRADE
NSW1,2011/8/19 8:00,10700.73,44.99,TRADE
NSW1,2011/8/19 8:30,10790.77,37.48,TRADE
NSW1,2011/8/19 9:00,10636.4,33.57,TRADE
NSW1,2011/8/19 9:30,10655.73,33.78,TRADE
NSW1,2011/8/19 10:00,10635.53,33.31,TRADE
NSW1,2011/8/19 10:30,10558.7,32.56,TRADE
NSW1,2011/8/19 11:00,10481.89,32.12,TRADE
NSW1,2011/8/19 11:30,10285.02,30.95,TRADE
NSW1,2011/8/19 12:00,10184.4,30.19,TRADE
NSW1,2011/8/19 12:30,10127.7,29.55,TRADE
NSW1,2011/8/19 13:00,10066.58,29.88,TRADE
NSW1,2011/8/19 13:30,10089.77,29.4,TRADE
NSW1,2011/8/19 14:00,10005.77,28.62,TRADE
NSW1,2011/8/19 14:30,9983.88,28.18,TRADE
NSW1,2011/8/19 15:00,9890.56,27.8,TRADE
NSW1,2011/8/19 15:30,9749.18,27.21,TRADE
NSW1,2011/8/19 16:00,9933.47,28.06,TRADE
NSW1,2011/8/19 16:30,10095.69,28.36,TRADE
NSW1,2011/8/19 17:00,10410.01,30.37,TRADE
NSW1,2011/8/19 17:30,10756.07,31.57,TRADE
NSW1,2011/8/19 18:00,11257.34,38,TRADE
NSW1,2011/8/19 18:30,11396.53,43.79,TRADE
NSW1,2011/8/19 19:00,11275.88,38.41,TRADE
NSW1,2011/8/19 19:30,10994.95,32.76,TRADE
NSW1,2011/8/19 20:00,10767.7,30.28,TRADE
NSW1,2011/8/19 20:30,10630.21,31.01,TRADE
NSW1,2011/8/19 21:00,10488.75,28.84,TRADE
NSW1,2011/8/19 21:30,10156.1,27.26,TRADE
NSW1,2011/8/19 22:00,9882.87,26.62,TRADE
NSW1,2011/8/19 22:30,9961.72,34.5,TRADE
NSW1,2011/8/19 23:00,9710.05,30.44,TRADE
NSW1,2011/8/19 23:30,9573.37,33.22,TRADE
NSW1,2011/8/20 0:00,9372.43,33.15,TRADE
NSW1,2011/8/20 0:30,9052.14,30.09,TRADE
NSW1,2011/8/20 1:00,8776.49,28.89,TRADE
NSW1,2011/8/20 1:30,8587.59,30.86,TRADE
NSW1,2011/8/20 2:00,8209.8,27.7,TRADE
NSW1,2011/8/20 2:30,7793.15,26.45,TRADE
NSW1,2011/8/20 3:00,7507.47,25.72,TRADE
NSW1,2011/8/20 3:30,7241.44,25.77,TRADE
NSW1,2011/8/20 4:00,7075.88,25.22,TRADE
NSW1,2011/8/20 4:30,6943.77,24.93,TRADE
NSW1,2011/8/20 5:00,6943.26,25.33,TRADE
NSW1,2011/8/20 5:30,7063.86,25.35,TRADE
NSW1,2011/8/20 6:00,7166.83,24.96,TRADE
NSW1,2011/8/20 6:30,7478.92,25.15,TRADE
NSW1,2011/8/20 7:00,7742.56,25.69,TRADE
NSW1,2011/8/20 7:30,8155.02,25.82,TRADE
NSW1,2011/8/20 8:00,8623.61,26.22,TRADE
NSW1,2011/8/20 8:30,9033.41,28.51,TRADE
NSW1,2011/8/20 9:00,9225.48,28.06,TRADE
NSW1,2011/8/20 9:30,9354.39,29.1,TRADE
NSW1,2011/8/20 10:00,9341.29,27.65,TRADE
NSW1,2011/8/20 10:30,9360.08,28.07,TRADE
NSW1,2011/8/20 11:00,9205.57,26.32,TRADE
NSW1,2011/8/20 11:30,9001.43,25.77,TRADE
NSW1,2011/8/20 12:00,8898.67,26.18,TRADE
NSW1,2011/8/20 12:30,8718.24,25.72,TRADE
NSW1,2011/8/20 13:00,8633.86,25.5,TRADE
NSW1,2011/8/20 13:30,8517.56,25.71,TRADE
NSW1,2011/8/20 14:00,8427.64,25.72,TRADE
NSW1,2011/8/20 14:30,8367.2,26.43,TRADE
NSW1,2011/8/20 15:00,8340.72,25.72,TRADE
NSW1,2011/8/20 15:30,8360.12,25.91,TRADE
NSW1,2011/8/20 16:00,8432.8,26.18,TRADE
NSW1,2011/8/20 16:30,8656.97,26.11,TRADE
NSW1,2011/8/20 17:00,8914.25,26.62,TRADE
NSW1,2011/8/20 17:30,9273.09,27.58,TRADE
NSW1,2011/8/20 18:00,9904.91,37.22,TRADE
NSW1,2011/8/20 18:30,10233.12,44.48,TRADE
NSW1,2011/8/20 19:00,10144.45,35.58,TRADE
NSW1,2011/8/20 19:30,9927.42,32.32,TRADE
NSW1,2011/8/20 20:00,9720.19,30.43,TRADE
NSW1,2011/8/20 20:30,9519.86,30.15,TRADE
NSW1,2011/8/20 21:00,9328.79,27.47,TRADE
NSW1,2011/8/20 21:30,9200.88,27.41,TRADE
NSW1,2011/8/20 22:00,9046.25,26.21,TRADE
NSW1,2011/8/20 22:30,8963.29,27.32,TRADE
NSW1,2011/8/20 23:00,8822.79,26.64,TRADE
NSW1,2011/8/20 23:30,8729.09,31.18,TRADE
NSW1,2011/8/21 0:00,8544.91,28.39,TRADE
NSW1,2011/8/21 0:30,8262.86,32.46,TRADE
NSW1,2011/8/21 1:00,8026.84,28.76,TRADE
NSW1,2011/8/21 1:30,7792.17,28.11,TRADE
NSW1,2011/8/21 2:00,7583.28,26.2,TRADE
NSW1,2011/8/21 2:30,7210.88,25.33,TRADE
NSW1,2011/8/21 3:00,7026.27,24.91,TRADE
NSW1,2011/8/21 3:30,6806.6,23.47,TRADE
NSW1,2011/8/21 4:00,6765.5,23.59,TRADE
NSW1,2011/8/21 4:30,6693.43,23.47,TRADE
NSW1,2011/8/21 5:00,6720.56,23.16,TRADE
NSW1,2011/8/21 5:30,6751.22,23.05,TRADE
NSW1,2011/8/21 6:00,6817.2,23.47,TRADE
NSW1,2011/8/21 6:30,7013.36,24,TRADE
NSW1,2011/8/21 7:00,7185.68,24.56,TRADE
NSW1,2011/8/21 7:30,7538.36,25,TRADE
NSW1,2011/8/21 8:00,7889.22,25.39,TRADE
NSW1,2011/8/21 8:30,8330.09,25.44,TRADE
NSW1,2011/8/21 9:00,8639.22,25.98,TRADE
NSW1,2011/8/21 9:30,8838.8,26.34,TRADE
NSW1,2011/8/21 10:00,8867.06,26.22,TRADE
NSW1,2011/8/21 10:30,8914.03,26.34,TRADE
NSW1,2011/8/21 11:00,8856.41,25.96,TRADE
NSW1,2011/8/21 11:30,8740.21,25.86,TRADE
NSW1,2011/8/21 12:00,8646.34,25.81,TRADE
NSW1,2011/8/21 12:30,8569.47,25.72,TRADE
NSW1,2011/8/21 13:00,8453.33,25.72,TRADE
NSW1,2011/8/21 13:30,8322.75,25.61,TRADE
NSW1,2011/8/21 14:00,8295.71,25.72,TRADE
NSW1,2011/8/21 14:30,8217.4,25.5,TRADE
NSW1,2011/8/21 15:00,8210.19,25.72,TRADE
NSW1,2011/8/21 15:30,8297.38,25.72,TRADE
NSW1,2011/8/21 16:00,8484.06,25.77,TRADE
NSW1,2011/8/21 16:30,8757.83,26.67,TRADE
NSW1,2011/8/21 17:00,8989.53,26.34,TRADE
NSW1,2011/8/21 17:30,9350.53,27.28,TRADE
NSW1,2011/8/21 18:00,9990.21,32.77,TRADE
NSW1,2011/8/21 18:30,10480,45.46,TRADE
NSW1,2011/8/21 19:00,10430.74,43.21,TRADE
NSW1,2011/8/21 19:30,10256.38,37.08,TRADE
NSW1,2011/8/21 20:00,9996.45,33.61,TRADE
NSW1,2011/8/21 20:30,9844.94,32.09,TRADE
NSW1,2011/8/21 21:00,9666.27,29.55,TRADE
NSW1,2011/8/21 21:30,9395.58,27.87,TRADE
NSW1,2011/8/21 22:00,9107.22,25.9,TRADE
NSW1,2011/8/21 22:30,8993.02,30.18,TRADE
NSW1,2011/8/21 23:00,8740.39,26.81,TRADE
NSW1,2011/8/21 23:30,8542.87,30.83,TRADE
NSW1,2011/8/22 0:00,8285.89,30.77,TRADE
NSW1,2011/8/22 0:30,7999.43,28.72,TRADE
NSW1,2011/8/22 1:00,7842.95,27.16,TRADE
NSW1,2011/8/22 1:30,7717.15,27.11,TRADE
NSW1,2011/8/22 2:00,7518.08,25.21,TRADE
NSW1,2011/8/22 2:30,7266.77,24.46,TRADE
NSW1,2011/8/22 3:00,7047.34,24.02,TRADE
NSW1,2011/8/22 3:30,6930.02,23.51,TRADE
NSW1,2011/8/22 4:00,6869.35,23.86,TRADE
NSW1,2011/8/22 4:30,6895.36,24.1,TRADE
NSW1,2011/8/22 5:00,7014.72,24.65,TRADE
NSW1,2011/8/22 5:30,7340.01,24.97,TRADE
NSW1,2011/8/22 6:00,7732.47,25.5,TRADE
NSW1,2011/8/22 6:30,8631.01,32.26,TRADE
NSW1,2011/8/22 7:00,9388.85,38.9,TRADE
NSW1,2011/8/22 7:30,9849.51,32.34,TRADE
NSW1,2011/8/22 8:00,10183.95,40.63,TRADE
NSW1,2011/8/22 8:30,10239.18,40.72,TRADE
NSW1,2011/8/22 9:00,10093.68,36.07,TRADE
NSW1,2011/8/22 9:30,10066.37,34.95,TRADE
NSW1,2011/8/22 10:00,10013.41,32.9,TRADE
NSW1,2011/8/22 10:30,9953.22,32.85,TRADE
NSW1,2011/8/22 11:00,9868.16,32.21,TRADE
NSW1,2011/8/22 11:30,9716.16,30.7,TRADE
NSW1,2011/8/22 12:00,9642.27,31.09,TRADE
NSW1,2011/8/22 12:30,9600.22,30.74,TRADE
NSW1,2011/8/22 13:00,9591.74,30.8,TRADE
NSW1,2011/8/22 13:30,9546.06,30.57,TRADE
NSW1,2011/8/22 14:00,9473.82,29.67,TRADE
NSW1,2011/8/22 14:30,9428.24,26.68,TRADE
NSW1,2011/8/22 15:00,9321.06,27.18,TRADE
NSW1,2011/8/22 15:30,9350.54,27.21,TRADE
NSW1,2011/8/22 16:00,9500.96,27.02,TRADE
NSW1,2011/8/22 16:30,9613.8,28.06,TRADE
NSW1,2011/8/22 17:00,9871.89,29.99,TRADE
NSW1,2011/8/22 17:30,10367.34,31.8,TRADE
NSW1,2011/8/22 18:00,10926.98,38.37,TRADE
NSW1,2011/8/22 18:30,11174.28,49.86,TRADE
NSW1,2011/8/22 19:00,11042.96,51.51,TRADE
NSW1,2011/8/22 19:30,10872.51,43.83,TRADE
NSW1,2011/8/22 20:00,10623.96,34.55,TRADE
NSW1,2011/8/22 20:30,10462.96,33.34,TRADE
NSW1,2011/8/22 21:00,10214.43,29.61,TRADE
NSW1,2011/8/22 21:30,9904.73,28.87,TRADE
NSW1,2011/8/22 22:00,9580.7,26.36,TRADE
NSW1,2011/8/22 22:30,9459.71,28.39,TRADE
NSW1,2011/8/22 23:00,9162.48,25.91,TRADE
NSW1,2011/8/22 23:30,8945.92,29.56,TRADE
NSW1,2011/8/23 0:00,8894.5,30.57,TRADE
NSW1,2011/8/23 0:30,8673.96,25.96,TRADE
NSW1,2011/8/23 1:00,8518.16,26.18,TRADE
NSW1,2011/8/23 1:30,8342.18,26.34,TRADE
NSW1,2011/8/23 2:00,8165.75,25.86,TRADE
NSW1,2011/8/23 2:30,7750.29,24.22,TRADE
NSW1,2011/8/23 3:00,7473.22,23.71,TRADE
NSW1,2011/8/23 3:30,7175.44,21.38,TRADE
NSW1,2011/8/23 4:00,7026.55,20.96,TRADE
NSW1,2011/8/23 4:30,6994.69,21.47,TRADE
NSW1,2011/8/23 5:00,7118.52,23.47,TRADE
NSW1,2011/8/23 5:30,7364.74,23.71,TRADE
NSW1,2011/8/23 6:00,7795.35,24.76,TRADE
NSW1,2011/8/23 6:30,8609.92,28.68,TRADE
NSW1,2011/8/23 7:00,9356.15,28.89,TRADE
NSW1,2011/8/23 7:30,9752.72,28.06,TRADE
NSW1,2011/8/23 8:00,10074.76,30.07,TRADE
NSW1,2011/8/23 8:30,10065.34,29.27,TRADE
NSW1,2011/8/23 9:00,9908.11,27.91,TRADE
NSW1,2011/8/23 9:30,9830.38,27.54,TRADE
NSW1,2011/8/23 10:00,9772.98,29.17,TRADE
NSW1,2011/8/23 10:30,9774.48,29.69,TRADE
NSW1,2011/8/23 11:00,9801.02,29.17,TRADE
NSW1,2011/8/23 11:30,9589.64,26.96,TRADE
NSW1,2011/8/23 12:00,9537.03,25.9,TRADE
NSW1,2011/8/23 12:30,9423.74,25.99,TRADE
NSW1,2011/8/23 13:00,9382.88,28.88,TRADE
NSW1,2011/8/23 13:30,9299.14,26.6,TRADE
NSW1,2011/8/23 14:00,9254.7,27.16,TRADE
NSW1,2011/8/23 14:30,9219.11,27.04,TRADE
NSW1,2011/8/23 15:00,9147.96,26.14,TRADE
NSW1,2011/8/23 15:30,9138.52,26.18,TRADE
NSW1,2011/8/23 16:00,9242.03,28.83,TRADE
NSW1,2011/8/23 16:30,9320.66,27.75,TRADE
NSW1,2011/8/23 17:00,9489.62,28.4,TRADE
NSW1,2011/8/23 17:30,9890.93,30.13,TRADE
NSW1,2011/8/23 18:00,10488.48,37.47,TRADE
NSW1,2011/8/23 18:30,10863.28,43.15,TRADE
NSW1,2011/8/23 19:00,10832.96,40.62,TRADE
NSW1,2011/8/23 19:30,10648.88,32.41,TRADE
NSW1,2011/8/23 20:00,10431.95,29.22,TRADE
NSW1,2011/8/23 20:30,10317.79,31.01,TRADE
NSW1,2011/8/23 21:00,10106.91,28.65,TRADE
NSW1,2011/8/23 21:30,9886.08,27.28,TRADE
NSW1,2011/8/23 22:00,9522.42,25.93,TRADE
NSW1,2011/8/23 22:30,9523.82,29.75,TRADE
NSW1,2011/8/23 23:00,9281.59,26.35,TRADE
NSW1,2011/8/23 23:30,9112.02,29.12,TRADE
NSW1,2011/8/24 0:00,8981.95,29.05,TRADE
NSW1,2011/8/24 0:30,8751.12,26.35,TRADE
NSW1,2011/8/24 1:00,8589.44,27.04,TRADE
NSW1,2011/8/24 1:30,8372.02,27.13,TRADE
NSW1,2011/8/24 2:00,8155.45,25.98,TRADE
NSW1,2011/8/24 2:30,7782.22,25.17,TRADE
NSW1,2011/8/24 3:00,7466.22,24.36,TRADE
NSW1,2011/8/24 3:30,7164.85,24.05,TRADE
NSW1,2011/8/24 4:00,7068.75,23.68,TRADE
NSW1,2011/8/24 4:30,7034.67,23.98,TRADE
NSW1,2011/8/24 5:00,7105.94,24.68,TRADE
NSW1,2011/8/24 5:30,7444.68,25.61,TRADE
NSW1,2011/8/24 6:00,7889.77,25.78,TRADE
NSW1,2011/8/24 6:30,8760.05,27.63,TRADE
NSW1,2011/8/24 7:00,9540.18,31.67,TRADE
NSW1,2011/8/24 7:30,9861.24,30.11,TRADE
NSW1,2011/8/24 8:00,10124.11,33.81,TRADE
NSW1,2011/8/24 8:30,10111.99,33.39,TRADE
NSW1,2011/8/24 9:00,9911.5,29.77,TRADE
NSW1,2011/8/24 9:30,9814.24,30.46,TRADE
NSW1,2011/8/24 10:00,9648.24,27.91,TRADE
NSW1,2011/8/24 10:30,9537.2,27.49,TRADE
NSW1,2011/8/24 11:00,9499.65,31.72,TRADE
NSW1,2011/8/24 11:30,9385.75,27.76,TRADE
NSW1,2011/8/24 12:00,9257.48,26.67,TRADE
NSW1,2011/8/24 12:30,9217.27,26.78,TRADE
NSW1,2011/8/24 13:00,9081.24,26.01,TRADE
NSW1,2011/8/24 13:30,9014.73,26.37,TRADE
NSW1,2011/8/24 14:00,8990.26,25.98,TRADE
NSW1,2011/8/24 14:30,8964.7,25.96,TRADE
NSW1,2011/8/24 15:00,8941.2,26.24,TRADE
NSW1,2011/8/24 15:30,8908.28,26.4,TRADE
NSW1,2011/8/24 16:00,8983.87,26.84,TRADE
NSW1,2011/8/24 16:30,9058.99,27.09,TRADE
NSW1,2011/8/24 17:00,9209.55,27.53,TRADE
NSW1,2011/8/24 17:30,9494.56,28.11,TRADE
NSW1,2011/8/24 18:00,10066.23,31.44,TRADE
NSW1,2011/8/24 18:30,10470.95,34.86,TRADE
NSW1,2011/8/24 19:00,10495.38,35.31,TRADE
NSW1,2011/8/24 19:30,10296.05,31.48,TRADE
NSW1,2011/8/24 20:00,10106.43,29.49,TRADE
NSW1,2011/8/24 20:30,9972.64,29.77,TRADE
NSW1,2011/8/24 21:00,9808.46,28.83,TRADE
NSW1,2011/8/24 21:30,9561.69,28.03,TRADE
NSW1,2011/8/24 22:00,9260.17,26.46,TRADE
NSW1,2011/8/24 22:30,9280.64,27.19,TRADE
NSW1,2011/8/24 23:00,8998.38,25.35,TRADE
NSW1,2011/8/24 23:30,8882.73,28.52,TRADE
NSW1,2011/8/25 0:00,8760.85,27.26,TRADE
NSW1,2011/8/25 0:30,8552.81,25.72,TRADE
NSW1,2011/8/25 1:00,8354.96,25.88,TRADE
NSW1,2011/8/25 1:30,8206.29,26.82,TRADE
NSW1,2011/8/25 2:00,7953.64,25.65,TRADE
NSW1,2011/8/25 2:30,7564.35,23.32,TRADE
NSW1,2011/8/25 3:00,7271.24,22.36,TRADE
NSW1,2011/8/25 3:30,7066.11,22.98,TRADE
NSW1,2011/8/25 4:00,6924.36,22.5,TRADE
NSW1,2011/8/25 4:30,6939.03,23.47,TRADE
NSW1,2011/8/25 5:00,7026.29,23.56,TRADE
NSW1,2011/8/25 5:30,7352.7,24.71,TRADE
NSW1,2011/8/25 6:00,7783.33,24.95,TRADE
NSW1,2011/8/25 6:30,8642.42,28.05,TRADE
NSW1,2011/8/25 7:00,9417.14,32.37,TRADE
NSW1,2011/8/25 7:30,9795.33,30.59,TRADE
NSW1,2011/8/25 8:00,10051.06,33.75,TRADE
NSW1,2011/8/25 8:30,10001.44,32.94,TRADE
NSW1,2011/8/25 9:00,9757.07,28.26,TRADE
NSW1,2011/8/25 9:30,9659.87,28.37,TRADE
NSW1,2011/8/25 10:00,9562.96,27.11,TRADE
NSW1,2011/8/25 10:30,9425.05,27.14,TRADE
NSW1,2011/8/25 11:00,9332.75,26.97,TRADE
NSW1,2011/8/25 11:30,9233.61,26.18,TRADE
NSW1,2011/8/25 12:00,9122.76,26.24,TRADE
NSW1,2011/8/25 12:30,8996.6,25.81,TRADE
NSW1,2011/8/25 13:00,8911.74,25.77,TRADE
NSW1,2011/8/25 13:30,8828.87,26.13,TRADE
NSW1,2011/8/25 14:00,8831.91,25.94,TRADE
NSW1,2011/8/25 14:30,8778,25.92,TRADE
NSW1,2011/8/25 15:00,8742.2,25.82,TRADE
NSW1,2011/8/25 15:30,8736.18,25.88,TRADE
NSW1,2011/8/25 16:00,8809.78,26.03,TRADE
NSW1,2011/8/25 16:30,8870.16,26.12,TRADE
NSW1,2011/8/25 17:00,9006.64,26.08,TRADE
NSW1,2011/8/25 17:30,9203.74,27.03,TRADE
NSW1,2011/8/25 18:00,9751.84,28.11,TRADE
NSW1,2011/8/25 18:30,10141.26,31.37,TRADE
NSW1,2011/8/25 19:00,10146.55,32.92,TRADE
NSW1,2011/8/25 19:30,9931.33,29.26,TRADE
NSW1,2011/8/25 20:00,9774.78,28.55,TRADE
NSW1,2011/8/25 20:30,9685.28,27.4,TRADE
NSW1,2011/8/25 21:00,9468.89,27.16,TRADE
NSW1,2011/8/25 21:30,9203.49,26.33,TRADE
NSW1,2011/8/25 22:00,8982.32,25.62,TRADE
NSW1,2011/8/25 22:30,9038.08,26.29,TRADE
NSW1,2011/8/25 23:00,8851.45,25.72,TRADE
NSW1,2011/8/25 23:30,8742.15,26.45,TRADE
NSW1,2011/8/26 0:00,8706.83,26.88,TRADE
NSW1,2011/8/26 0:30,8494.68,25.87,TRADE
NSW1,2011/8/26 1:00,8319.96,26.39,TRADE
NSW1,2011/8/26 1:30,8164,26.78,TRADE
NSW1,2011/8/26 2:00,7970.18,25.79,TRADE
NSW1,2011/8/26 2:30,7652.09,25.51,TRADE
NSW1,2011/8/26 3:00,7367.46,25.27,TRADE
NSW1,2011/8/26 3:30,7066.65,23.6,TRADE
NSW1,2011/8/26 4:00,6984.26,24.35,TRADE
NSW1,2011/8/26 4:30,6987.88,24.33,TRADE
NSW1,2011/8/26 5:00,7126.78,25.02,TRADE
NSW1,2011/8/26 5:30,7407.53,25.6,TRADE
NSW1,2011/8/26 6:00,7828.93,25.79,TRADE
NSW1,2011/8/26 6:30,8646.84,29.24,TRADE
NSW1,2011/8/26 7:00,9354.57,32.29,TRADE
NSW1,2011/8/26 7:30,9650,29.78,TRADE
NSW1,2011/8/26 8:00,9932.73,32.77,TRADE
NSW1,2011/8/26 8:30,9917.14,32.87,TRADE
NSW1,2011/8/26 9:00,9721.07,29.19,TRADE
NSW1,2011/8/26 9:30,9645.52,32.51,TRADE
NSW1,2011/8/26 10:00,9595.99,29.86,TRADE
NSW1,2011/8/26 10:30,9494.1,30.54,TRADE
NSW1,2011/8/26 11:00,9316.44,29.19,TRADE
NSW1,2011/8/26 11:30,9196.6,28.68,TRADE
NSW1,2011/8/26 12:00,9206.38,27.5,TRADE
NSW1,2011/8/26 12:30,9069.37,27,TRADE
NSW1,2011/8/26 13:00,8978.69,26.96,TRADE
NSW1,2011/8/26 13:30,8914.85,26.83,TRADE
NSW1,2011/8/26 14:00,8800.37,25.95,TRADE
NSW1,2011/8/26 14:30,8781.93,23.62,TRADE
NSW1,2011/8/26 15:00,8788.52,25.72,TRADE
NSW1,2011/8/26 15:30,8786.29,25.77,TRADE
NSW1,2011/8/26 16:00,8875.58,26.13,TRADE
NSW1,2011/8/26 16:30,8964.37,26.57,TRADE
NSW1,2011/8/26 17:00,9005.75,26.01,TRADE
NSW1,2011/8/26 17:30,9213.63,26.2,TRADE
NSW1,2011/8/26 18:00,9651.55,26.79,TRADE
NSW1,2011/8/26 18:30,9941.81,29.65,TRADE
NSW1,2011/8/26 19:00,9906.78,30.2,TRADE
NSW1,2011/8/26 19:30,9668.64,28.72,TRADE
NSW1,2011/8/26 20:00,9579.55,27.99,TRADE
NSW1,2011/8/26 20:30,9420.57,26.66,TRADE
NSW1,2011/8/26 21:00,9268.67,25.81,TRADE
NSW1,2011/8/26 21:30,9120.59,25.76,TRADE
NSW1,2011/8/26 22:00,8952.72,25.78,TRADE
NSW1,2011/8/26 22:30,9062.05,29.28,TRADE
NSW1,2011/8/26 23:00,8959.4,26.04,TRADE
NSW1,2011/8/26 23:30,8905.81,36.31,TRADE
NSW1,2011/8/27 0:00,8855.77,31.42,TRADE
NSW1,2011/8/27 0:30,8637.54,27.21,TRADE
NSW1,2011/8/27 1:00,8380.33,27.75,TRADE
NSW1,2011/8/27 1:30,8192.03,29.71,TRADE
NSW1,2011/8/27 2:00,7938.43,28.32,TRADE
NSW1,2011/8/27 2:30,7606.06,25.86,TRADE
NSW1,2011/8/27 3:00,7260.54,24.98,TRADE
NSW1,2011/8/27 3:30,7034.84,24.1,TRADE
NSW1,2011/8/27 4:00,6865.59,24.24,TRADE
NSW1,2011/8/27 4:30,6848.97,24.22,TRADE
NSW1,2011/8/27 5:00,6818.58,24.23,TRADE
NSW1,2011/8/27 5:30,6916.7,24.07,TRADE
NSW1,2011/8/27 6:00,7024.85,24.07,TRADE
NSW1,2011/8/27 6:30,7332.22,24.1,TRADE
NSW1,2011/8/27 7:00,7646.66,24.74,TRADE
NSW1,2011/8/27 7:30,7960.76,25.24,TRADE
NSW1,2011/8/27 8:00,8464.94,28.06,TRADE
NSW1,2011/8/27 8:30,8886.02,28.03,TRADE
NSW1,2011/8/27 9:00,9120.1,30.55,TRADE
NSW1,2011/8/27 9:30,9319.11,33.18,TRADE
NSW1,2011/8/27 10:00,9213.08,29.38,TRADE
NSW1,2011/8/27 10:30,9150.3,33.38,TRADE
NSW1,2011/8/27 11:00,8986.07,30.31,TRADE
NSW1,2011/8/27 11:30,8964.57,30.11,TRADE
NSW1,2011/8/27 12:00,8877.25,29.55,TRADE
NSW1,2011/8/27 12:30,8730.44,27.54,TRADE
NSW1,2011/8/27 13:00,8675.74,27.02,TRADE
NSW1,2011/8/27 13:30,8596.74,27.04,TRADE
NSW1,2011/8/27 14:00,8568.06,25.82,TRADE
NSW1,2011/8/27 14:30,8536.15,26.45,TRADE
NSW1,2011/8/27 15:00,8491.52,25.93,TRADE
NSW1,2011/8/27 15:30,8431.89,26.61,TRADE
NSW1,2011/8/27 16:00,8494.95,27.34,TRADE
NSW1,2011/8/27 16:30,8616.01,27.21,TRADE
NSW1,2011/8/27 17:00,8754.04,28.04,TRADE
NSW1,2011/8/27 17:30,8918.01,25.39,TRADE
NSW1,2011/8/27 18:00,9384.69,29.69,TRADE
NSW1,2011/8/27 18:30,9760.19,33.02,TRADE
NSW1,2011/8/27 19:00,9639.83,31.15,TRADE
NSW1,2011/8/27 19:30,9478.86,28.64,TRADE
NSW1,2011/8/27 20:00,9281.9,28.7,TRADE
NSW1,2011/8/27 20:30,9166.55,28.46,TRADE
NSW1,2011/8/27 21:00,9006.72,26.59,TRADE
NSW1,2011/8/27 21:30,8868.74,26.94,TRADE
NSW1,2011/8/27 22:00,8688.06,25.53,TRADE
NSW1,2011/8/27 22:30,8751.51,27.74,TRADE
NSW1,2011/8/27 23:00,8659.44,27.19,TRADE
NSW1,2011/8/27 23:30,8546.31,31.91,TRADE
NSW1,2011/8/28 0:00,8369.31,29.07,TRADE
NSW1,2011/8/28 0:30,8100.37,28.39,TRADE
NSW1,2011/8/28 1:00,7873.01,26.39,TRADE
NSW1,2011/8/28 1:30,7680.63,26.87,TRADE
NSW1,2011/8/28 2:00,7478.85,24.84,TRADE
NSW1,2011/8/28 2:30,7126.33,23.91,TRADE
NSW1,2011/8/28 3:00,6955.44,24.44,TRADE
NSW1,2011/8/28 3:30,6760.31,23.7,TRADE
NSW1,2011/8/28 4:00,6641.84,22.92,TRADE
NSW1,2011/8/28 4:30,6638.48,24.21,TRADE
NSW1,2011/8/28 5:00,6645.3,24.06,TRADE
NSW1,2011/8/28 5:30,6721.73,23.13,TRADE
NSW1,2011/8/28 6:00,6825.25,22.85,TRADE
NSW1,2011/8/28 6:30,6976.6,23.47,TRADE
NSW1,2011/8/28 7:00,7163.68,23.55,TRADE
NSW1,2011/8/28 7:30,7462.06,24.15,TRADE
NSW1,2011/8/28 8:00,7853.42,25.17,TRADE
NSW1,2011/8/28 8:30,8260.54,25.77,TRADE
NSW1,2011/8/28 9:00,8492.7,25.91,TRADE
NSW1,2011/8/28 9:30,8645.32,26.67,TRADE
NSW1,2011/8/28 10:00,8695.31,26.13,TRADE
NSW1,2011/8/28 10:30,8639.56,25.83,TRADE
NSW1,2011/8/28 11:00,8460,25.75,TRADE
NSW1,2011/8/28 11:30,8205.04,25.55,TRADE
NSW1,2011/8/28 12:00,8080.88,25,TRADE
NSW1,2011/8/28 12:30,7960.44,24.6,TRADE
NSW1,2011/8/28 13:00,7901.45,24.66,TRADE
NSW1,2011/8/28 13:30,7780.53,24.91,TRADE
NSW1,2011/8/28 14:00,7683.06,24.75,TRADE
NSW1,2011/8/28 14:30,7638.75,24.91,TRADE
NSW1,2011/8/28 15:00,7625.96,24.76,TRADE
NSW1,2011/8/28 15:30,7662.5,24.97,TRADE
NSW1,2011/8/28 16:00,7812.19,25.77,TRADE
NSW1,2011/8/28 16:30,7918.96,25.61,TRADE
NSW1,2011/8/28 17:00,8100.59,26.07,TRADE
NSW1,2011/8/28 17:30,8403.79,26.92,TRADE
NSW1,2011/8/28 18:00,9068.91,33.95,TRADE
NSW1,2011/8/28 18:30,9647.79,43.53,TRADE
NSW1,2011/8/28 19:00,9621.42,39.79,TRADE
NSW1,2011/8/28 19:30,9473.74,31.12,TRADE
NSW1,2011/8/28 20:00,9265.29,30.01,TRADE
NSW1,2011/8/28 20:30,9233.12,33.68,TRADE
NSW1,2011/8/28 21:00,9159.38,34.3,TRADE
NSW1,2011/8/28 21:30,8882.33,28.95,TRADE
NSW1,2011/8/28 22:00,8648.65,25.72,TRADE
NSW1,2011/8/28 22:30,8586.77,27.69,TRADE
NSW1,2011/8/28 23:00,8350.27,26.68,TRADE
NSW1,2011/8/28 23:30,8289.63,29.95,TRADE
NSW1,2011/8/29 0:00,8093.26,28.53,TRADE
NSW1,2011/8/29 0:30,7799.44,25.82,TRADE
NSW1,2011/8/29 1:00,7621.32,26.19,TRADE
NSW1,2011/8/29 1:30,7474.5,26.41,TRADE
NSW1,2011/8/29 2:00,7332.2,25.5,TRADE
NSW1,2011/8/29 2:30,7020.88,25.16,TRADE
NSW1,2011/8/29 3:00,6855.7,24.76,TRADE
NSW1,2011/8/29 3:30,6703.08,24.25,TRADE
NSW1,2011/8/29 4:00,6677.09,24.26,TRADE
NSW1,2011/8/29 4:30,6740.7,24.48,TRADE
NSW1,2011/8/29 5:00,6833.31,24.72,TRADE
NSW1,2011/8/29 5:30,7199.72,26.18,TRADE
NSW1,2011/8/29 6:00,7534.82,25.15,TRADE
NSW1,2011/8/29 6:30,8424.66,32.32,TRADE
NSW1,2011/8/29 7:00,9101.31,36.19,TRADE
NSW1,2011/8/29 7:30,9450.16,29.85,TRADE
NSW1,2011/8/29 8:00,9742.36,36.86,TRADE
NSW1,2011/8/29 8:30,9703.82,33.1,TRADE
NSW1,2011/8/29 9:00,9553.98,28.97,TRADE
NSW1,2011/8/29 9:30,9580.65,32.73,TRADE
NSW1,2011/8/29 10:00,9418.66,32.14,TRADE
NSW1,2011/8/29 10:30,9444.73,33.53,TRADE
NSW1,2011/8/29 11:00,9339.28,34.17,TRADE
NSW1,2011/8/29 11:30,9212.55,33.52,TRADE
NSW1,2011/8/29 12:00,9174.7,33.65,TRADE
NSW1,2011/8/29 12:30,9159.5,33.89,TRADE
NSW1,2011/8/29 13:00,9086.09,32.89,TRADE
NSW1,2011/8/29 13:30,9131.4,32.7,TRADE
NSW1,2011/8/29 14:00,9111.68,31.91,TRADE
NSW1,2011/8/29 14:30,9035.96,31.19,TRADE
NSW1,2011/8/29 15:00,9029.01,33.41,TRADE
NSW1,2011/8/29 15:30,9019.13,31.18,TRADE
NSW1,2011/8/29 16:00,9063.15,31.27,TRADE
NSW1,2011/8/29 16:30,9129.35,29.49,TRADE
NSW1,2011/8/29 17:00,9299.84,29.62,TRADE
NSW1,2011/8/29 17:30,9582.82,31.17,TRADE
NSW1,2011/8/29 18:00,10131.21,36.74,TRADE
NSW1,2011/8/29 18:30,10439.7,47.31,TRADE
NSW1,2011/8/29 19:00,10309.49,38.22,TRADE
NSW1,2011/8/29 19:30,10085.5,33.19,TRADE
NSW1,2011/8/29 20:00,9874.96,29.82,TRADE
NSW1,2011/8/29 20:30,9717.12,28.85,TRADE
NSW1,2011/8/29 21:00,9599.75,28.37,TRADE
NSW1,2011/8/29 21:30,9386.97,26.4,TRADE
NSW1,2011/8/29 22:00,9157.02,25.26,TRADE
NSW1,2011/8/29 22:30,9084.83,30.34,TRADE
NSW1,2011/8/29 23:00,8956.36,27.05,TRADE
NSW1,2011/8/29 23:30,8817.38,30.24,TRADE
NSW1,2011/8/30 0:00,8749.59,30.6,TRADE
NSW1,2011/8/30 0:30,8519.17,25.91,TRADE
NSW1,2011/8/30 1:00,8332.79,26.91,TRADE
NSW1,2011/8/30 1:30,8236.96,29.15,TRADE
NSW1,2011/8/30 2:00,7916.51,25.68,TRADE
NSW1,2011/8/30 2:30,7563.38,24.36,TRADE
NSW1,2011/8/30 3:00,7307.99,24.49,TRADE
NSW1,2011/8/30 3:30,7095.23,23.99,TRADE
NSW1,2011/8/30 4:00,6989.51,23.99,TRADE
NSW1,2011/8/30 4:30,6962.4,24.39,TRADE
NSW1,2011/8/30 5:00,7044.94,24.74,TRADE
NSW1,2011/8/30 5:30,7351.13,26.42,TRADE
NSW1,2011/8/30 6:00,7754.49,25.98,TRADE
NSW1,2011/8/30 6:30,8563.07,31.4,TRADE
NSW1,2011/8/30 7:00,9251.39,35.08,TRADE
NSW1,2011/8/30 7:30,9549.5,31.42,TRADE
NSW1,2011/8/30 8:00,9843.92,39.3,TRADE
NSW1,2011/8/30 8:30,9826.26,34.56,TRADE
NSW1,2011/8/30 9:00,9733.01,32.74,TRADE
NSW1,2011/8/30 9:30,9780.83,33.54,TRADE
NSW1,2011/8/30 10:00,9790.99,34.68,TRADE
NSW1,2011/8/30 10:30,9672.4,33.4,TRADE
NSW1,2011/8/30 11:00,9573.84,33.1,TRADE
NSW1,2011/8/30 11:30,9593.64,30.77,TRADE
NSW1,2011/8/30 12:00,9504.13,32.04,TRADE
NSW1,2011/8/30 12:30,9454.56,30.55,TRADE
NSW1,2011/8/30 13:00,9389.86,30.65,TRADE
NSW1,2011/8/30 13:30,9367.99,32.51,TRADE
NSW1,2011/8/30 14:00,9350,31.26,TRADE
NSW1,2011/8/30 14:30,9260.47,29.94,TRADE
NSW1,2011/8/30 15:00,9187.56,29.79,TRADE
NSW1,2011/8/30 15:30,9234.44,29.72,TRADE
NSW1,2011/8/30 16:00,9260.87,31.26,TRADE
NSW1,2011/8/30 16:30,9371.96,31.92,TRADE
NSW1,2011/8/30 17:00,9527.16,31.38,TRADE
NSW1,2011/8/30 17:30,9831.96,35.62,TRADE
NSW1,2011/8/30 18:00,10369.42,40.15,TRADE
NSW1,2011/8/30 18:30,10775.43,43.61,TRADE
NSW1,2011/8/30 19:00,10648.06,39.79,TRADE
NSW1,2011/8/30 19:30,10426.04,38.76,TRADE
NSW1,2011/8/30 20:00,10197.9,38.2,TRADE
NSW1,2011/8/30 20:30,10022.35,34.84,TRADE
NSW1,2011/8/30 21:00,9874.89,35.67,TRADE
NSW1,2011/8/30 21:30,9634.63,30.71,TRADE
NSW1,2011/8/30 22:00,9307.48,25.71,TRADE
NSW1,2011/8/30 22:30,9247.7,33.44,TRADE
NSW1,2011/8/30 23:00,9016.96,27.29,TRADE
NSW1,2011/8/30 23:30,8894.87,31.31,TRADE
NSW1,2011/8/31 0:00,8771.17,31.19,TRADE
NSW1,2011/8/31 0:30,8562.91,28.24,TRADE
NSW1,2011/8/31 1:00,8391.91,28.48,TRADE
NSW1,2011/8/31 1:30,8263.01,29.47,TRADE
NSW1,2011/8/31 2:00,8051.28,26.13,TRADE
NSW1,2011/8/31 2:30,7701.66,26.52,TRADE
NSW1,2011/8/31 3:00,7404.08,25.47,TRADE
NSW1,2011/8/31 3:30,7211.8,25.46,TRADE
NSW1,2011/8/31 4:00,7034.31,24.98,TRADE
NSW1,2011/8/31 4:30,7014.54,25.72,TRADE
NSW1,2011/8/31 5:00,7107.04,25.82,TRADE
NSW1,2011/8/31 5:30,7381.61,26.99,TRADE
NSW1,2011/8/31 6:00,7779.62,26.95,TRADE
NSW1,2011/8/31 6:30,8539.55,33.53,TRADE
NSW1,2011/8/31 7:00,9230.8,41.67,TRADE
NSW1,2011/8/31 7:30,9516.1,32.42,TRADE
NSW1,2011/8/31 8:00,9793.69,42.83,TRADE
NSW1,2011/8/31 8:30,9748.35,41.08,TRADE
NSW1,2011/8/31 9:00,9578.75,35.06,TRADE
NSW1,2011/8/31 9:30,9550.41,34.74,TRADE
NSW1,2011/8/31 10:00,9497.3,33.16,TRADE
NSW1,2011/8/31 10:30,9452.61,30.22,TRADE
NSW1,2011/8/31 11:00,9405.03,29.33,TRADE
NSW1,2011/8/31 11:30,9252.38,28.57,TRADE
NSW1,2011/8/31 12:00,9128.78,29.23,TRADE
NSW1,2011/8/31 12:30,9104.21,28.75,TRADE
NSW1,2011/8/31 13:00,9116.59,30.35,TRADE
NSW1,2011/8/31 13:30,9108.22,30.11,TRADE
NSW1,2011/8/31 14:00,9083.2,29.77,TRADE
NSW1,2011/8/31 14:30,9074.6,29.73,TRADE
NSW1,2011/8/31 15:00,8990.81,28.44,TRADE
NSW1,2011/8/31 15:30,8979.91,28.74,TRADE
NSW1,2011/8/31 16:00,9035.31,29.38,TRADE
NSW1,2011/8/31 16:30,9116.76,30.12,TRADE
NSW1,2011/8/31 17:00,9225.83,28.57,TRADE
NSW1,2011/8/31 17:30,9475.66,32.02,TRADE
NSW1,2011/8/31 18:00,10015.62,37.44,TRADE
NSW1,2011/8/31 18:30,10354.61,41.47,TRADE
NSW1,2011/8/31 19:00,10310.43,41.81,TRADE
NSW1,2011/8/31 19:30,10073.97,40.2,TRADE
NSW1,2011/8/31 20:00,9849.18,41.13,TRADE
NSW1,2011/8/31 20:30,9736.81,36.23,TRADE
NSW1,2011/8/31 21:00,9590.48,33.88,TRADE
NSW1,2011/8/31 21:30,9320.59,28.89,TRADE
NSW1,2011/8/31 22:00,9031.1,25.78,TRADE
NSW1,2011/8/31 22:30,9049.11,30.92,TRADE
NSW1,2011/8/31 23:00,8815.17,26.67,TRADE
NSW1,2011/8/31 23:30,8680.73,30.25,TRADE
NSW1,2011/9/1 0:00,8586.35,31.83,TRADE
?NSW1,2011/9/1 0:30,8415.79,30.25,TRADE
NSW1,2011/9/1 1:00,8252.3,28.76,TRADE
NSW1,2011/9/1 1:30,8088.36,30.54,TRADE
NSW1,2011/9/1 2:00,7896.01,26.45,TRADE
NSW1,2011/9/1 2:30,7566.56,25.72,TRADE
NSW1,2011/9/1 3:00,7273.52,24.87,TRADE
NSW1,2011/9/1 3:30,7081.55,24.5,TRADE
NSW1,2011/9/1 4:00,6973.71,24.2,TRADE
NSW1,2011/9/1 4:30,6931.36,24.87,TRADE
NSW1,2011/9/1 5:00,7012.32,26.03,TRADE
NSW1,2011/9/1 5:30,7281.74,27.16,TRADE
NSW1,2011/9/1 6:00,7681.79,27.67,TRADE
NSW1,2011/9/1 6:30,8444.58,32.54,TRADE
NSW1,2011/9/1 7:00,9062.76,38.97,TRADE
NSW1,2011/9/1 7:30,9305.79,32.09,TRADE
NSW1,2011/9/1 8:00,9522.96,35.46,TRADE
NSW1,2011/9/1 8:30,9508,35.2,TRADE
NSW1,2011/9/1 9:00,9357.2,36.82,TRADE
NSW1,2011/9/1 9:30,9324,34.38,TRADE
NSW1,2011/9/1 10:00,9339.08,33.72,TRADE
NSW1,2011/9/1 10:30,9354.68,33.78,TRADE
NSW1,2011/9/1 11:00,9304.38,32.8,TRADE
NSW1,2011/9/1 11:30,9209.95,30.95,TRADE
NSW1,2011/9/1 12:00,9124.32,30.83,TRADE
NSW1,2011/9/1 12:30,9018.89,30.44,TRADE
NSW1,2011/9/1 13:00,8915.81,30.15,TRADE
NSW1,2011/9/1 13:30,8983.03,33.36,TRADE
NSW1,2011/9/1 14:00,8959.31,32.43,TRADE
NSW1,2011/9/1 14:30,8953.58,30.59,TRADE
NSW1,2011/9/1 15:00,8889.67,30.04,TRADE
NSW1,2011/9/1 15:30,8885.71,29.48,TRADE
NSW1,2011/9/1 16:00,8933.91,29.43,TRADE
NSW1,2011/9/1 16:30,9011.09,29.56,TRADE
NSW1,2011/9/1 17:00,9169.49,29.77,TRADE
NSW1,2011/9/1 17:30,9384.32,31.72,TRADE
NSW1,2011/9/1 18:00,9870.64,32.61,TRADE
NSW1,2011/9/1 18:30,10211.69,45.39,TRADE
NSW1,2011/9/1 19:00,10133.28,44.37,TRADE
NSW1,2011/9/1 19:30,9918.35,32.3,TRADE
NSW1,2011/9/1 20:00,9747.12,35.4,TRADE
NSW1,2011/9/1 20:30,9611.36,31.16,TRADE
NSW1,2011/9/1 21:00,9443.78,29.5,TRADE
NSW1,2011/9/1 21:30,9090.26,29.36,TRADE
NSW1,2011/9/1 22:00,8766.28,26.41,TRADE
NSW1,2011/9/1 22:30,8919.38,34.72,TRADE
NSW1,2011/9/1 23:00,8747.87,27.14,TRADE
NSW1,2011/9/1 23:30,8631.4,34.49,TRADE
NSW1,2011/9/2 0:00,8515.27,32.23,TRADE
NSW1,2011/9/2 0:30,8320.63,31.27,TRADE
NSW1,2011/9/2 1:00,8169.75,29,TRADE
NSW1,2011/9/2 1:30,8031.35,27.66,TRADE
NSW1,2011/9/2 2:00,7794.95,25.53,TRADE
NSW1,2011/9/2 2:30,7435.49,24.04,TRADE
NSW1,2011/9/2 3:00,7131.53,23.83,TRADE
NSW1,2011/9/2 3:30,6934.78,23.68,TRADE
NSW1,2011/9/2 4:00,6812.84,23.34,TRADE
NSW1,2011/9/2 4:30,6795.8,23.68,TRADE
NSW1,2011/9/2 5:00,6838.85,24.34,TRADE
NSW1,2011/9/2 5:30,7124.7,24.75,TRADE
NSW1,2011/9/2 6:00,7518.44,26,TRADE
NSW1,2011/9/2 6:30,8234.28,33.82,TRADE
NSW1,2011/9/2 7:00,8868.16,34.88,TRADE
NSW1,2011/9/2 7:30,9148.69,27.22,TRADE
NSW1,2011/9/2 8:00,9453.54,28.95,TRADE
NSW1,2011/9/2 8:30,9565.99,32.82,TRADE
NSW1,2011/9/2 9:00,9433.64,31.07,TRADE
NSW1,2011/9/2 9:30,9362.35,28.74,TRADE
NSW1,2011/9/2 10:00,9348.77,27.47,TRADE
NSW1,2011/9/2 10:30,9467.98,29.84,TRADE
NSW1,2011/9/2 11:00,9464.09,30.98,TRADE
NSW1,2011/9/2 11:30,9467.82,29.82,TRADE
NSW1,2011/9/2 12:00,9317.61,29.88,TRADE
NSW1,2011/9/2 12:30,9282.65,29.63,TRADE
NSW1,2011/9/2 13:00,9181.18,28.85,TRADE
NSW1,2011/9/2 13:30,9122.72,27.68,TRADE
NSW1,2011/9/2 14:00,9027,27.88,TRADE
NSW1,2011/9/2 14:30,8976.81,28.07,TRADE
NSW1,2011/9/2 15:00,8884.99,26.99,TRADE
NSW1,2011/9/2 15:30,8820.83,27.03,TRADE
NSW1,2011/9/2 16:00,8914.85,27.16,TRADE
NSW1,2011/9/2 16:30,8984.15,26.67,TRADE
NSW1,2011/9/2 17:00,9182.33,27.84,TRADE
NSW1,2011/9/2 17:30,9354.67,26.71,TRADE
NSW1,2011/9/2 18:00,9728.44,27.6,TRADE
NSW1,2011/9/2 18:30,10058.84,28.9,TRADE
NSW1,2011/9/2 19:00,10111.38,29.42,TRADE
NSW1,2011/9/2 19:30,9888.31,27.24,TRADE
NSW1,2011/9/2 20:00,9756.8,26.84,TRADE
NSW1,2011/9/2 20:30,9580.07,28.22,TRADE
NSW1,2011/9/2 21:00,9506.72,26.47,TRADE
NSW1,2011/9/2 21:30,9231.3,25.73,TRADE
NSW1,2011/9/2 22:00,9045.3,24.43,TRADE
NSW1,2011/9/2 22:30,9137.94,28.94,TRADE
NSW1,2011/9/2 23:00,8985.51,26.28,TRADE
NSW1,2011/9/2 23:30,8923.79,30.23,TRADE
NSW1,2011/9/3 0:00,8814.89,33.38,TRADE
NSW1,2011/9/3 0:30,8604.35,28.21,TRADE
NSW1,2011/9/3 1:00,8315.68,24.49,TRADE
NSW1,2011/9/3 1:30,8181.77,25.73,TRADE
NSW1,2011/9/3 2:00,7848.12,24.3,TRADE
NSW1,2011/9/3 2:30,7475.88,23.5,TRADE
NSW1,2011/9/3 3:00,7182.1,23.22,TRADE
NSW1,2011/9/3 3:30,6935.26,21.35,TRADE
NSW1,2011/9/3 4:00,6814.47,23.31,TRADE
NSW1,2011/9/3 4:30,6717.13,22.65,TRADE
NSW1,2011/9/3 5:00,6716.45,23.83,TRADE
NSW1,2011/9/3 5:30,6831.93,23.03,TRADE
NSW1,2011/9/3 6:00,6925.31,22.19,TRADE
NSW1,2011/9/3 6:30,7220.37,23.81,TRADE
NSW1,2011/9/3 7:00,7554.5,24.78,TRADE
NSW1,2011/9/3 7:30,7944.54,25.26,TRADE
NSW1,2011/9/3 8:00,8364.82,26.05,TRADE
NSW1,2011/9/3 8:30,8704.27,26.91,TRADE
NSW1,2011/9/3 9:00,8863.1,26.73,TRADE
NSW1,2011/9/3 9:30,8989.07,25.84,TRADE
NSW1,2011/9/3 10:00,8837.5,24.85,TRADE
NSW1,2011/9/3 10:30,8795,25.05,TRADE
NSW1,2011/9/3 11:00,8621.96,25.83,TRADE
NSW1,2011/9/3 11:30,8486.3,24.88,TRADE
NSW1,2011/9/3 12:00,8370.96,25.18,TRADE
NSW1,2011/9/3 12:30,8244.15,25.01,TRADE
NSW1,2011/9/3 13:00,8126.48,24.75,TRADE
NSW1,2011/9/3 13:30,8027.12,24.73,TRADE
NSW1,2011/9/3 14:00,7932.78,24.72,TRADE
NSW1,2011/9/3 14:30,7861.86,24.73,TRADE
NSW1,2011/9/3 15:00,7752.77,24.14,TRADE
NSW1,2011/9/3 15:30,7851.18,24.83,TRADE
NSW1,2011/9/3 16:00,7913.2,24.66,TRADE
NSW1,2011/9/3 16:30,8002.17,24.62,TRADE
NSW1,2011/9/3 17:00,8196.87,24.98,TRADE
NSW1,2011/9/3 17:30,8354.68,25.31,TRADE
NSW1,2011/9/3 18:00,8931.42,28.21,TRADE
NSW1,2011/9/3 18:30,9431.07,27.8,TRADE
NSW1,2011/9/3 19:00,9420.67,26.46,TRADE
NSW1,2011/9/3 19:30,9234.99,25.99,TRADE
NSW1,2011/9/3 20:00,9028.9,25.83,TRADE
NSW1,2011/9/3 20:30,8878.78,25.24,TRADE
NSW1,2011/9/3 21:00,8715.41,25.05,TRADE
NSW1,2011/9/3 21:30,8639.73,24.84,TRADE
NSW1,2011/9/3 22:00,8461.61,24.71,TRADE
NSW1,2011/9/3 22:30,8509.68,25.76,TRADE
NSW1,2011/9/3 23:00,8317.45,25.04,TRADE
NSW1,2011/9/3 23:30,8280.74,25.05,TRADE
NSW1,2011/9/4 0:00,8099.95,26.51,TRADE
NSW1,2011/9/4 0:30,7889.51,25.04,TRADE
NSW1,2011/9/4 1:00,7682.86,23.95,TRADE
NSW1,2011/9/4 1:30,7485.02,23.07,TRADE
NSW1,2011/9/4 2:00,7252.93,20.79,TRADE
NSW1,2011/9/4 2:30,6942.37,20.31,TRADE
NSW1,2011/9/4 3:00,6693.79,20.31,TRADE
NSW1,2011/9/4 3:30,6563.4,19.78,TRADE
NSW1,2011/9/4 4:00,6458.8,18.64,TRADE
NSW1,2011/9/4 4:30,6419.79,18.83,TRADE
NSW1,2011/9/4 5:00,6408.14,19.65,TRADE
NSW1,2011/9/4 5:30,6486.79,19.7,TRADE
NSW1,2011/9/4 6:00,6586.42,19.62,TRADE
NSW1,2011/9/4 6:30,6749.45,19.72,TRADE
NSW1,2011/9/4 7:00,6951.68,20.66,TRADE
NSW1,2011/9/4 7:30,7261.37,21.23,TRADE
NSW1,2011/9/4 8:00,7677.1,25.06,TRADE
NSW1,2011/9/4 8:30,8060.31,24.91,TRADE
NSW1,2011/9/4 9:00,8264.39,24.83,TRADE
NSW1,2011/9/4 9:30,8408.22,24.96,TRADE
NSW1,2011/9/4 10:00,8381.52,24.8,TRADE
NSW1,2011/9/4 10:30,8299.83,24.58,TRADE
NSW1,2011/9/4 11:00,8118.23,24.28,TRADE
NSW1,2011/9/4 11:30,7973.74,24.28,TRADE
NSW1,2011/9/4 12:00,7887.88,23.65,TRADE
NSW1,2011/9/4 12:30,7764.69,23.96,TRADE
NSW1,2011/9/4 13:00,7663.64,23.92,TRADE
NSW1,2011/9/4 13:30,7500.86,23.55,TRADE
NSW1,2011/9/4 14:00,7487.84,23.79,TRADE
NSW1,2011/9/4 14:30,7430.36,23.74,TRADE
NSW1,2011/9/4 15:00,7436.46,24.74,TRADE
NSW1,2011/9/4 15:30,7579.96,24.43,TRADE
NSW1,2011/9/4 16:00,7676.27,24.75,TRADE
NSW1,2011/9/4 16:30,7781.21,24.84,TRADE
NSW1,2011/9/4 17:00,7936.78,24.91,TRADE
NSW1,2011/9/4 17:30,8223.63,25.46,TRADE
NSW1,2011/9/4 18:00,8704.63,29.95,TRADE
NSW1,2011/9/4 18:30,9208.77,29.41,TRADE
NSW1,2011/9/4 19:00,9237.76,26.99,TRADE
NSW1,2011/9/4 19:30,9104.12,26.69,TRADE
NSW1,2011/9/4 20:00,8925,26.58,TRADE
NSW1,2011/9/4 20:30,8793.7,27.3,TRADE
NSW1,2011/9/4 21:00,8697.98,26.01,TRADE
NSW1,2011/9/4 21:30,8524.36,24.96,TRADE
NSW1,2011/9/4 22:00,8291.46,24.69,TRADE
NSW1,2011/9/4 22:30,8206.59,26.49,TRADE
NSW1,2011/9/4 23:00,8019.64,25.27,TRADE
NSW1,2011/9/4 23:30,7989.86,26.14,TRADE
NSW1,2011/9/5 0:00,7727.35,25.46,TRADE
NSW1,2011/9/5 0:30,7509.21,23.69,TRADE
NSW1,2011/9/5 1:00,7392.94,24.33,TRADE
NSW1,2011/9/5 1:30,7286.73,24.7,TRADE
NSW1,2011/9/5 2:00,7164.13,23.9,TRADE
NSW1,2011/9/5 2:30,6898.55,23.36,TRADE
NSW1,2011/9/5 3:00,6736.09,22.97,TRADE
NSW1,2011/9/5 3:30,6539.11,20.94,TRADE
NSW1,2011/9/5 4:00,6507.22,22.95,TRADE
NSW1,2011/9/5 4:30,6580.35,23.08,TRADE
NSW1,2011/9/5 5:00,6670.85,23.67,TRADE
NSW1,2011/9/5 5:30,7011.32,23.95,TRADE
NSW1,2011/9/5 6:00,7386.36,24.83,TRADE
NSW1,2011/9/5 6:30,8126.69,26.55,TRADE
NSW1,2011/9/5 7:00,8826.5,29.97,TRADE
NSW1,2011/9/5 7:30,9222.27,26.82,TRADE
NSW1,2011/9/5 8:00,9452.33,29.42,TRADE
NSW1,2011/9/5 8:30,9528.58,28.42,TRADE
NSW1,2011/9/5 9:00,9438.64,27.02,TRADE
NSW1,2011/9/5 9:30,9515.9,27.06,TRADE
NSW1,2011/9/5 10:00,9433.4,27.4,TRADE
NSW1,2011/9/5 10:30,9417.83,29.22,TRADE
NSW1,2011/9/5 11:00,9371.63,29.24,TRADE
NSW1,2011/9/5 11:30,9350.97,28.53,TRADE
NSW1,2011/9/5 12:00,9238.86,26.72,TRADE
NSW1,2011/9/5 12:30,9233.86,27.13,TRADE
NSW1,2011/9/5 13:00,9114.36,26.34,TRADE
NSW1,2011/9/5 13:30,9036.35,26.2,TRADE
NSW1,2011/9/5 14:00,9074.02,25.56,TRADE
NSW1,2011/9/5 14:30,9066.58,26.18,TRADE
NSW1,2011/9/5 15:00,9027.73,26.16,TRADE
NSW1,2011/9/5 15:30,9055.96,25.62,TRADE
NSW1,2011/9/5 16:00,9007.81,25.77,TRADE
NSW1,2011/9/5 16:30,9049.19,25.03,TRADE
NSW1,2011/9/5 17:00,9203.31,25.67,TRADE
NSW1,2011/9/5 17:30,9365.76,26.27,TRADE
NSW1,2011/9/5 18:00,9761.25,28.57,TRADE
NSW1,2011/9/5 18:30,10169.53,29.6,TRADE
NSW1,2011/9/5 19:00,10121,28.19,TRADE
NSW1,2011/9/5 19:30,9840.28,27.35,TRADE
NSW1,2011/9/5 20:00,9592.48,26.61,TRADE
NSW1,2011/9/5 20:30,9364.57,25.61,TRADE
NSW1,2011/9/5 21:00,9224.53,25.59,TRADE
NSW1,2011/9/5 21:30,8974.1,24.82,TRADE
NSW1,2011/9/5 22:00,8677.25,24.48,TRADE
NSW1,2011/9/5 22:30,8743.49,26.65,TRADE
NSW1,2011/9/5 23:00,8424.76,25.72,TRADE
NSW1,2011/9/5 23:30,8318.1,26.88,TRADE
NSW1,2011/9/6 0:00,8366.63,26.79,TRADE
NSW1,2011/9/6 0:30,8158.14,24.68,TRADE
NSW1,2011/9/6 1:00,7963.73,24.18,TRADE
NSW1,2011/9/6 1:30,7832.02,24.28,TRADE
NSW1,2011/9/6 2:00,7561.89,23.26,TRADE
NSW1,2011/9/6 2:30,7158.19,19.79,TRADE
NSW1,2011/9/6 3:00,6906.83,17.12,TRADE
NSW1,2011/9/6 3:30,6679.05,20.19,TRADE
NSW1,2011/9/6 4:00,6583.89,19.35,TRADE
NSW1,2011/9/6 4:30,6548.41,19.61,TRADE
NSW1,2011/9/6 5:00,6682.26,22.81,TRADE
NSW1,2011/9/6 5:30,6961,22.93,TRADE
NSW1,2011/9/6 6:00,7334.39,24.49,TRADE
NSW1,2011/9/6 6:30,8100.95,26.43,TRADE
NSW1,2011/9/6 7:00,8645.68,26.39,TRADE
NSW1,2011/9/6 7:30,8946.85,25.24,TRADE
NSW1,2011/9/6 8:00,9187.38,25.74,TRADE
NSW1,2011/9/6 8:30,9248.33,25.92,TRADE
NSW1,2011/9/6 9:00,9108.22,24.99,TRADE
NSW1,2011/9/6 9:30,9160.17,25.49,TRADE
NSW1,2011/9/6 10:00,9177.63,23.69,TRADE
NSW1,2011/9/6 10:30,9150.69,24.37,TRADE
NSW1,2011/9/6 11:00,9188.6,26.29,TRADE
NSW1,2011/9/6 11:30,9116.25,25.43,TRADE
NSW1,2011/9/6 12:00,9082.01,25.94,TRADE
NSW1,2011/9/6 12:30,9084.21,26.44,TRADE
NSW1,2011/9/6 13:00,9067.24,26.35,TRADE
NSW1,2011/9/6 13:30,9103.98,30.08,TRADE
NSW1,2011/9/6 14:00,9159.7,29.97,TRADE
NSW1,2011/9/6 14:30,9111.58,30.98,TRADE
NSW1,2011/9/6 15:00,9069.09,31.08,TRADE
NSW1,2011/9/6 15:30,9063.61,26.62,TRADE
NSW1,2011/9/6 16:00,9115.21,24.65,TRADE
NSW1,2011/9/6 16:30,9207.2,26.44,TRADE
NSW1,2011/9/6 17:00,9337.86,27.06,TRADE
NSW1,2011/9/6 17:30,9524.19,28.52,TRADE
NSW1,2011/9/6 18:00,9902.14,32.33,TRADE
NSW1,2011/9/6 18:30,10160.6,38.04,TRADE
NSW1,2011/9/6 19:00,10077.47,37.49,TRADE
NSW1,2011/9/6 19:30,9731.66,28.6,TRADE
NSW1,2011/9/6 20:00,9467.43,27.7,TRADE
NSW1,2011/9/6 20:30,9282.11,26.78,TRADE
NSW1,2011/9/6 21:00,9072.96,26.2,TRADE
NSW1,2011/9/6 21:30,8803.67,26.4,TRADE
NSW1,2011/9/6 22:00,8602.11,24.83,TRADE
NSW1,2011/9/6 22:30,8678.56,27.1,TRADE
NSW1,2011/9/6 23:00,8508.2,26.01,TRADE
NSW1,2011/9/6 23:30,8420.96,29.11,TRADE
NSW1,2011/9/7 0:00,8260.69,27.73,TRADE
NSW1,2011/9/7 0:30,8053.97,26.09,TRADE
NSW1,2011/9/7 1:00,7923.02,26.03,TRADE
NSW1,2011/9/7 1:30,7790.08,27.67,TRADE
NSW1,2011/9/7 2:00,7623.32,25.32,TRADE
NSW1,2011/9/7 2:30,7280.49,25.19,TRADE
NSW1,2011/9/7 3:00,7020.31,25.12,TRADE
NSW1,2011/9/7 3:30,6812.98,24.25,TRADE
NSW1,2011/9/7 4:00,6726.17,24.26,TRADE
NSW1,2011/9/7 4:30,6691.69,24.34,TRADE
NSW1,2011/9/7 5:00,6832.88,24.88,TRADE
NSW1,2011/9/7 5:30,7125.41,26.15,TRADE
NSW1,2011/9/7 6:00,7496.57,27.1,TRADE
NSW1,2011/9/7 6:30,8226.75,30.89,TRADE
NSW1,2011/9/7 7:00,8853.27,32.97,TRADE
NSW1,2011/9/7 7:30,9152.38,28,TRADE
NSW1,2011/9/7 8:00,9431.69,30.29,TRADE
NSW1,2011/9/7 8:30,9473.15,31.15,TRADE
NSW1,2011/9/7 9:00,9353.01,29.55,TRADE
NSW1,2011/9/7 9:30,9370.68,30.37,TRADE
NSW1,2011/9/7 10:00,9335.78,28.23,TRADE
NSW1,2011/9/7 10:30,9288.61,27.37,TRADE
NSW1,2011/9/7 11:00,9201.59,27.14,TRADE
NSW1,2011/9/7 11:30,9106.9,27.01,TRADE
NSW1,2011/9/7 12:00,9006.16,27.01,TRADE
NSW1,2011/9/7 12:30,8977.97,25.9,TRADE
NSW1,2011/9/7 13:00,8846.61,27.16,TRADE
NSW1,2011/9/7 13:30,8811,27.16,TRADE
NSW1,2011/9/7 14:00,8912.41,27.16,TRADE
NSW1,2011/9/7 14:30,8936.34,27.37,TRADE
NSW1,2011/9/7 15:00,8874.83,26.45,TRADE
NSW1,2011/9/7 15:30,8884.62,27.21,TRADE
NSW1,2011/9/7 16:00,8896.89,27.16,TRADE
NSW1,2011/9/7 16:30,8937.26,27.38,TRADE
NSW1,2011/9/7 17:00,9084.46,26.53,TRADE
NSW1,2011/9/7 17:30,9290.49,27.99,TRADE
NSW1,2011/9/7 18:00,9761.91,30.66,TRADE
NSW1,2011/9/7 18:30,10119.63,37.06,TRADE
NSW1,2011/9/7 19:00,10160.66,40.73,TRADE
NSW1,2011/9/7 19:30,9921.02,31.28,TRADE
NSW1,2011/9/7 20:00,9762.74,29.49,TRADE
NSW1,2011/9/7 20:30,9609.39,28.03,TRADE
NSW1,2011/9/7 21:00,9370.52,27.86,TRADE
NSW1,2011/9/7 21:30,9158,26.11,TRADE
NSW1,2011/9/7 22:00,8847.93,24.74,TRADE
NSW1,2011/9/7 22:30,8920.39,28.27,TRADE
NSW1,2011/9/7 23:00,8709.7,25.96,TRADE
NSW1,2011/9/7 23:30,8608.79,28.7,TRADE
NSW1,2011/9/8 0:00,8508.07,30,TRADE
NSW1,2011/9/8 0:30,8320.01,28.22,TRADE
NSW1,2011/9/8 1:00,8150.77,28.98,TRADE
NSW1,2011/9/8 1:30,7984.69,29.24,TRADE
NSW1,2011/9/8 2:00,7766.95,26.69,TRADE
NSW1,2011/9/8 2:30,7434.58,25.24,TRADE
NSW1,2011/9/8 3:00,7109.42,23.43,TRADE
NSW1,2011/9/8 3:30,6904.93,24.32,TRADE
NSW1,2011/9/8 4:00,6778.38,24.27,TRADE
NSW1,2011/9/8 4:30,6782.09,24.43,TRADE
NSW1,2011/9/8 5:00,6885.87,24.87,TRADE
NSW1,2011/9/8 5:30,7149.88,24.52,TRADE
NSW1,2011/9/8 6:00,7557.86,25.46,TRADE
NSW1,2011/9/8 6:30,8275.91,28.67,TRADE
NSW1,2011/9/8 7:00,8826.79,30.4,TRADE
NSW1,2011/9/8 7:30,9124.4,29.65,TRADE
NSW1,2011/9/8 8:00,9454.03,37.01,TRADE
NSW1,2011/9/8 8:30,9570.65,34.05,TRADE
NSW1,2011/9/8 9:00,9537.57,29.88,TRADE
NSW1,2011/9/8 9:30,9584.28,39.89,TRADE
NSW1,2011/9/8 10:00,9582.39,46.12,TRADE
NSW1,2011/9/8 10:30,9611.2,34.85,TRADE
NSW1,2011/9/8 11:00,9536.98,33.35,TRADE
NSW1,2011/9/8 11:30,9406.73,30.38,TRADE
NSW1,2011/9/8 12:00,9329.95,29.72,TRADE
NSW1,2011/9/8 12:30,9264.48,29.51,TRADE
NSW1,2011/9/8 13:00,9259.08,30.55,TRADE
NSW1,2011/9/8 13:30,9197.63,29.21,TRADE
NSW1,2011/9/8 14:00,9127.7,30.13,TRADE
NSW1,2011/9/8 14:30,9133.28,27.69,TRADE
NSW1,2011/9/8 15:00,9073.47,28.12,TRADE
NSW1,2011/9/8 15:30,9117.51,28.62,TRADE
NSW1,2011/9/8 16:00,9209.36,28.91,TRADE
NSW1,2011/9/8 16:30,9301.31,29.08,TRADE
NSW1,2011/9/8 17:00,9464.37,28.85,TRADE
NSW1,2011/9/8 17:30,9646.69,29.34,TRADE
NSW1,2011/9/8 18:00,10126.7,32.93,TRADE
NSW1,2011/9/8 18:30,10401.83,38.94,TRADE
NSW1,2011/9/8 19:00,10318.85,40.87,TRADE
NSW1,2011/9/8 19:30,10105.51,33.77,TRADE
NSW1,2011/9/8 20:00,9943.04,32.71,TRADE
NSW1,2011/9/8 20:30,9761.47,30.51,TRADE
NSW1,2011/9/8 21:00,9551.96,29.85,TRADE
NSW1,2011/9/8 21:30,9252.05,27.85,TRADE
NSW1,2011/9/8 22:00,8964.73,25.29,TRADE
NSW1,2011/9/8 22:30,8996.03,27.63,TRADE
NSW1,2011/9/8 23:00,8738.28,26.37,TRADE
NSW1,2011/9/8 23:30,8661.61,28.19,TRADE
NSW1,2011/9/9 0:00,8550.23,31.94,TRADE
NSW1,2011/9/9 0:30,8349.39,27.88,TRADE
NSW1,2011/9/9 1:00,8145.97,25.64,TRADE
NSW1,2011/9/9 1:30,7949.31,25.68,TRADE
NSW1,2011/9/9 2:00,7708.97,24.78,TRADE
NSW1,2011/9/9 2:30,7369.09,24.39,TRADE
NSW1,2011/9/9 3:00,7082.74,24.05,TRADE
NSW1,2011/9/9 3:30,6834.61,23.53,TRADE
NSW1,2011/9/9 4:00,6692.56,23.2,TRADE
NSW1,2011/9/9 4:30,6690.1,23.43,TRADE
NSW1,2011/9/9 5:00,6741.98,24.15,TRADE
NSW1,2011/9/9 5:30,7032.6,24.36,TRADE
NSW1,2011/9/9 6:00,7436.06,24.6,TRADE
NSW1,2011/9/9 6:30,8167.14,28.17,TRADE
NSW1,2011/9/9 7:00,8863.89,33.27,TRADE
NSW1,2011/9/9 7:30,9249.75,28.65,TRADE
NSW1,2011/9/9 8:00,9725.52,38.09,TRADE
NSW1,2011/9/9 8:30,9864.13,36.61,TRADE
NSW1,2011/9/9 9:00,9905.5,35.44,TRADE
NSW1,2011/9/9 9:30,10013.77,37.7,TRADE
NSW1,2011/9/9 10:00,10061.09,39.89,TRADE
NSW1,2011/9/9 10:30,10086.61,38.26,TRADE
NSW1,2011/9/9 11:00,10084.74,37.68,TRADE
NSW1,2011/9/9 11:30,9966.41,36.52,TRADE
NSW1,2011/9/9 12:00,9940.2,35.32,TRADE
NSW1,2011/9/9 12:30,9988.37,37.08,TRADE
NSW1,2011/9/9 13:00,9913.23,34.44,TRADE
NSW1,2011/9/9 13:30,9821.07,35.45,TRADE
NSW1,2011/9/9 14:00,9727.53,33.27,TRADE
NSW1,2011/9/9 14:30,9632.5,33.36,TRADE
NSW1,2011/9/9 15:00,9491.22,30.76,TRADE
NSW1,2011/9/9 15:30,9440.01,29.61,TRADE
NSW1,2011/9/9 16:00,9465.06,29.47,TRADE
NSW1,2011/9/9 16:30,9566.02,29.43,TRADE
NSW1,2011/9/9 17:00,9796.42,28.6,TRADE
NSW1,2011/9/9 17:30,10061.76,30.27,TRADE
NSW1,2011/9/9 18:00,10523.55,33.62,TRADE
NSW1,2011/9/9 18:30,10809.74,39.79,TRADE
NSW1,2011/9/9 19:00,10787.93,39.69,TRADE
NSW1,2011/9/9 19:30,10496.47,33.6,TRADE
NSW1,2011/9/9 20:00,10377.15,35.05,TRADE
NSW1,2011/9/9 20:30,10256.38,34.18,TRADE
NSW1,2011/9/9 21:00,10081.72,34.6,TRADE
NSW1,2011/9/9 21:30,9887.12,31.49,TRADE
NSW1,2011/9/9 22:00,9619.31,28.35,TRADE
NSW1,2011/9/9 22:30,9634.31,41.13,TRADE
NSW1,2011/9/9 23:00,9446.08,36.67,TRADE
NSW1,2011/9/9 23:30,9273.76,39.07,TRADE
NSW1,2011/9/10 0:00,9159.22,36.68,TRADE
NSW1,2011/9/10 0:30,8832,33.19,TRADE
NSW1,2011/9/10 1:00,8671.31,32.75,TRADE
NSW1,2011/9/10 1:30,8451.89,31.81,TRADE
NSW1,2011/9/10 2:00,8175.47,28.07,TRADE
NSW1,2011/9/10 2:30,7778.99,25.31,TRADE
NSW1,2011/9/10 3:00,7466.43,24.45,TRADE
NSW1,2011/9/10 3:30,7158.12,23.96,TRADE
NSW1,2011/9/10 4:00,7018.15,23.93,TRADE
NSW1,2011/9/10 4:30,6888.78,24.14,TRADE
NSW1,2011/9/10 5:00,6883.12,24.39,TRADE
NSW1,2011/9/10 5:30,6978.27,24.24,TRADE
NSW1,2011/9/10 6:00,7054.94,23.23,TRADE
NSW1,2011/9/10 6:30,7397.15,24.55,TRADE
NSW1,2011/9/10 7:00,7805.02,25.31,TRADE
NSW1,2011/9/10 7:30,8161.72,25.57,TRADE
NSW1,2011/9/10 8:00,8713.24,29.14,TRADE
NSW1,2011/9/10 8:30,9015.08,29.65,TRADE
NSW1,2011/9/10 9:00,9282.37,33.67,TRADE
NSW1,2011/9/10 9:30,9438.87,34.62,TRADE
NSW1,2011/9/10 10:00,9308.25,31.49,TRADE
NSW1,2011/9/10 10:30,9159.75,29.1,TRADE
NSW1,2011/9/10 11:00,8919.09,27.67,TRADE
NSW1,2011/9/10 11:30,8794.52,27.16,TRADE
NSW1,2011/9/10 12:00,8663.99,26.37,TRADE
NSW1,2011/9/10 12:30,8521.91,24.94,TRADE
NSW1,2011/9/10 13:00,8432.57,24.36,TRADE
NSW1,2011/9/10 13:30,8406.28,24.43,TRADE
NSW1,2011/9/10 14:00,8370.57,24.3,TRADE
NSW1,2011/9/10 14:30,8339.37,24.29,TRADE
NSW1,2011/9/10 15:00,8394.23,24.22,TRADE
NSW1,2011/9/10 15:30,8451.21,24.32,TRADE
NSW1,2011/9/10 16:00,8571.58,24.93,TRADE
NSW1,2011/9/10 16:30,8713.21,26.17,TRADE
NSW1,2011/9/10 17:00,8983.84,26.69,TRADE
NSW1,2011/9/10 17:30,9159.91,28.28,TRADE
NSW1,2011/9/10 18:00,9650.59,33.83,TRADE
NSW1,2011/9/10 18:30,10157.7,44.84,TRADE
NSW1,2011/9/10 19:00,10110.21,47.18,TRADE
NSW1,2011/9/10 19:30,9909.2,36.33,TRADE
NSW1,2011/9/10 20:00,9709.91,33.78,TRADE
NSW1,2011/9/10 20:30,9591.16,32.16,TRADE
NSW1,2011/9/10 21:00,9418.1,34.29,TRADE
NSW1,2011/9/10 21:30,9290.18,31.87,TRADE
NSW1,2011/9/10 22:00,9105.89,29.35,TRADE
NSW1,2011/9/10 22:30,9109.32,34.08,TRADE
NSW1,2011/9/10 23:00,8879.2,32.41,TRADE
NSW1,2011/9/10 23:30,8662.52,32.38,TRADE
NSW1,2011/9/11 0:00,8361.06,31.6,TRADE
NSW1,2011/9/11 0:30,8094.15,26.81,TRADE
NSW1,2011/9/11 1:00,7859.03,26.49,TRADE
NSW1,2011/9/11 1:30,7628.67,25.37,TRADE
NSW1,2011/9/11 2:00,7459.79,25.33,TRADE
NSW1,2011/9/11 2:30,7185.3,24.04,TRADE
NSW1,2011/9/11 3:00,6881.09,24.21,TRADE
NSW1,2011/9/11 3:30,6693.79,23.39,TRADE
NSW1,2011/9/11 4:00,6602.37,23.43,TRADE
NSW1,2011/9/11 4:30,6533.71,23.43,TRADE
NSW1,2011/9/11 5:00,6585,24.16,TRADE
NSW1,2011/9/11 5:30,6663.96,23.13,TRADE
NSW1,2011/9/11 6:00,6756.04,23.43,TRADE
NSW1,2011/9/11 6:30,6963.45,23.79,TRADE
NSW1,2011/9/11 7:00,7240.59,24.35,TRADE
NSW1,2011/9/11 7:30,7546.85,24.69,TRADE
NSW1,2011/9/11 8:00,7930.99,24.76,TRADE
NSW1,2011/9/11 8:30,8275.37,24.74,TRADE
NSW1,2011/9/11 9:00,8463.58,25.2,TRADE
NSW1,2011/9/11 9:30,8579.43,26.4,TRADE
NSW1,2011/9/11 10:00,8583.04,26.64,TRADE
NSW1,2011/9/11 10:30,8528.94,25.52,TRADE
NSW1,2011/9/11 11:00,8442.58,24.6,TRADE
NSW1,2011/9/11 11:30,8318.8,24.75,TRADE
NSW1,2011/9/11 12:00,8230.19,25.2,TRADE
NSW1,2011/9/11 12:30,8125.03,24.43,TRADE
NSW1,2011/9/11 13:00,8051.17,24.1,TRADE
NSW1,2011/9/11 13:30,7975.9,24.25,TRADE
NSW1,2011/9/11 14:00,7895.11,24.11,TRADE
NSW1,2011/9/11 14:30,7857.36,24.21,TRADE
NSW1,2011/9/11 15:00,7868.5,24.32,TRADE
NSW1,2011/9/11 15:30,7951.58,24.8,TRADE
NSW1,2011/9/11 16:00,8116.26,24.66,TRADE
NSW1,2011/9/11 16:30,8328.91,25.67,TRADE
NSW1,2011/9/11 17:00,8599.88,26.27,TRADE
NSW1,2011/9/11 17:30,8856.96,28.12,TRADE
NSW1,2011/9/11 18:00,9505.09,40.93,TRADE
NSW1,2011/9/11 18:30,10050,79.61,TRADE
NSW1,2011/9/11 19:00,10139.17,84.05,TRADE
NSW1,2011/9/11 19:30,9956.76,61.63,TRADE
NSW1,2011/9/11 20:00,9849.63,55.08,TRADE
NSW1,2011/9/11 20:30,9682.87,44.27,TRADE
NSW1,2011/9/11 21:00,9529.96,43.62,TRADE
NSW1,2011/9/11 21:30,9332.87,36.93,TRADE
NSW1,2011/9/11 22:00,9000.21,29.02,TRADE
NSW1,2011/9/11 22:30,8885.87,29.88,TRADE
NSW1,2011/9/11 23:00,8605.84,28.72,TRADE
NSW1,2011/9/11 23:30,8463.76,32.37,TRADE
NSW1,2011/9/12 0:00,8254.05,30.52,TRADE
NSW1,2011/9/12 0:30,8002.55,28.66,TRADE
NSW1,2011/9/12 1:00,7747.49,25.36,TRADE
NSW1,2011/9/12 1:30,7664.31,25.83,TRADE
NSW1,2011/9/12 2:00,7490.79,25.02,TRADE
NSW1,2011/9/12 2:30,7211.86,24.82,TRADE
NSW1,2011/9/12 3:00,7018.59,25.83,TRADE
NSW1,2011/9/12 3:30,6870.85,25.11,TRADE
NSW1,2011/9/12 4:00,6846.4,24.93,TRADE
NSW1,2011/9/12 4:30,6882.33,24.92,TRADE
NSW1,2011/9/12 5:00,6988.33,25.09,TRADE
NSW1,2011/9/12 5:30,7287.02,25.81,TRADE
NSW1,2011/9/12 6:00,7761.98,26.96,TRADE
NSW1,2011/9/12 6:30,8576.33,32.4,TRADE
NSW1,2011/9/12 7:00,9387.01,41.48,TRADE
NSW1,2011/9/12 7:30,9722.25,34.75,TRADE
NSW1,2011/9/12 8:00,10030.39,44.99,TRADE
NSW1,2011/9/12 8:30,10029.12,45.28,TRADE
NSW1,2011/9/12 9:00,9942.84,41.24,TRADE
NSW1,2011/9/12 9:30,9883,39.83,TRADE
NSW1,2011/9/12 10:00,9811.11,36.83,TRADE
NSW1,2011/9/12 10:30,9737.11,34.3,TRADE
NSW1,2011/9/12 11:00,9677.15,33.02,TRADE
NSW1,2011/9/12 11:30,9521.59,33.99,TRADE
NSW1,2011/9/12 12:00,9393.51,31.81,TRADE
NSW1,2011/9/12 12:30,9392.58,31.47,TRADE
NSW1,2011/9/12 13:00,9263.87,28.81,TRADE
NSW1,2011/9/12 13:30,9157.6,29.19,TRADE
NSW1,2011/9/12 14:00,9119.5,29.33,TRADE
NSW1,2011/9/12 14:30,9077.65,27.43,TRADE
NSW1,2011/9/12 15:00,9011.78,26.78,TRADE
NSW1,2011/9/12 15:30,9008.87,27.16,TRADE
NSW1,2011/9/12 16:00,9007.65,27.39,TRADE
NSW1,2011/9/12 16:30,9089.97,27.92,TRADE
NSW1,2011/9/12 17:00,9298.62,29.5,TRADE
NSW1,2011/9/12 17:30,9506.08,30.85,TRADE
NSW1,2011/9/12 18:00,10101.57,36,TRADE
NSW1,2011/9/12 18:30,10670.56,44.53,TRADE
NSW1,2011/9/12 19:00,10694.88,43.88,TRADE
NSW1,2011/9/12 19:30,10557.95,40.48,TRADE
NSW1,2011/9/12 20:00,10359.11,41.75,TRADE
NSW1,2011/9/12 20:30,10150.34,37.18,TRADE
NSW1,2011/9/12 21:00,10042.07,34.97,TRADE
NSW1,2011/9/12 21:30,9736.07,33.15,TRADE
NSW1,2011/9/12 22:00,9430.4,27.11,TRADE
NSW1,2011/9/12 22:30,9377.21,36.05,TRADE
NSW1,2011/9/12 23:00,9111.61,29.18,TRADE
NSW1,2011/9/12 23:30,8995.15,33.05,TRADE
NSW1,2011/9/13 0:00,8824.71,33.39,TRADE
NSW1,2011/9/13 0:30,8613.25,31.45,TRADE
NSW1,2011/9/13 1:00,8449.52,29.9,TRADE
NSW1,2011/9/13 1:30,8271.99,28.28,TRADE
NSW1,2011/9/13 2:00,8046.41,26.08,TRADE
NSW1,2011/9/13 2:30,7692.15,25.59,TRADE
NSW1,2011/9/13 3:00,7438.58,24.53,TRADE
NSW1,2011/9/13 3:30,7156.26,24.1,TRADE
NSW1,2011/9/13 4:00,7047.62,24.45,TRADE
NSW1,2011/9/13 4:30,6985.34,24.09,TRADE
NSW1,2011/9/13 5:00,7091.1,24.56,TRADE
NSW1,2011/9/13 5:30,7397.44,26.78,TRADE
NSW1,2011/9/13 6:00,7838.13,27.34,TRADE
NSW1,2011/9/13 6:30,8686.37,32.06,TRADE
NSW1,2011/9/13 7:00,9419.3,38.12,TRADE
NSW1,2011/9/13 7:30,9749.57,30.27,TRADE
NSW1,2011/9/13 8:00,10010.35,34.46,TRADE
NSW1,2011/9/13 8:30,10004.57,33.59,TRADE
NSW1,2011/9/13 9:00,9835.72,30.76,TRADE
NSW1,2011/9/13 9:30,9703.02,31.77,TRADE
NSW1,2011/9/13 10:00,9483.2,29.4,TRADE
NSW1,2011/9/13 10:30,9495.52,29,TRADE
NSW1,2011/9/13 11:00,9418.38,28.64,TRADE
NSW1,2011/9/13 11:30,9227.36,27.51,TRADE
NSW1,2011/9/13 12:00,9119.85,27.32,TRADE
NSW1,2011/9/13 12:30,9075.14,25.99,TRADE
NSW1,2011/9/13 13:00,8924.77,25.85,TRADE
NSW1,2011/9/13 13:30,8913.83,27.9,TRADE
NSW1,2011/9/13 14:00,8938.88,27.33,TRADE
NSW1,2011/9/13 14:30,8922.02,27.25,TRADE
NSW1,2011/9/13 15:00,8902.95,27,TRADE
NSW1,2011/9/13 15:30,8811.68,26.47,TRADE
NSW1,2011/9/13 16:00,8876.61,27.36,TRADE
NSW1,2011/9/13 16:30,8968.54,27.02,TRADE
NSW1,2011/9/13 17:00,9085.17,26.9,TRADE
NSW1,2011/9/13 17:30,9290.57,28.83,TRADE
NSW1,2011/9/13 18:00,9675.7,30.76,TRADE
NSW1,2011/9/13 18:30,10206.75,33.72,TRADE
NSW1,2011/9/13 19:00,10244.11,35.84,TRADE
NSW1,2011/9/13 19:30,10091.86,32.49,TRADE
NSW1,2011/9/13 20:00,9903.53,29.64,TRADE
NSW1,2011/9/13 20:30,9735.49,33.85,TRADE
NSW1,2011/9/13 21:00,9577.86,31.39,TRADE
NSW1,2011/9/13 21:30,9331.47,29.08,TRADE
NSW1,2011/9/13 22:00,9100.53,27.76,TRADE
NSW1,2011/9/13 22:30,9121.25,32.78,TRADE
NSW1,2011/9/13 23:00,8855.51,29.79,TRADE
NSW1,2011/9/13 23:30,8751.49,34.3,TRADE
NSW1,2011/9/14 0:00,8560.61,34.95,TRADE
NSW1,2011/9/14 0:30,8380.55,33.1,TRADE
NSW1,2011/9/14 1:00,8272.99,31.91,TRADE
NSW1,2011/9/14 1:30,8082.59,29.66,TRADE
NSW1,2011/9/14 2:00,7954.76,29.61,TRADE
NSW1,2011/9/14 2:30,7665.76,25.69,TRADE
NSW1,2011/9/14 3:00,7332,24.91,TRADE
NSW1,2011/9/14 3:30,7081.77,24.69,TRADE
NSW1,2011/9/14 4:00,6899.41,24.59,TRADE
NSW1,2011/9/14 4:30,6910.34,25.1,TRADE
NSW1,2011/9/14 5:00,6997.69,25.41,TRADE
NSW1,2011/9/14 5:30,7293.81,27.42,TRADE
NSW1,2011/9/14 6:00,7716.38,32.03,TRADE
NSW1,2011/9/14 6:30,8461.99,38.07,TRADE
NSW1,2011/9/14 7:00,9119.39,41.53,TRADE
NSW1,2011/9/14 7:30,9371.8,33.64,TRADE
NSW1,2011/9/14 8:00,9564.27,41.14,TRADE
NSW1,2011/9/14 8:30,9538.77,36.86,TRADE
NSW1,2011/9/14 9:00,9335.73,33.24,TRADE
NSW1,2011/9/14 9:30,9263.17,31.82,TRADE
NSW1,2011/9/14 10:00,9204.17,32,TRADE
NSW1,2011/9/14 10:30,9135.94,29.9,TRADE
NSW1,2011/9/14 11:00,9076.07,29.36,TRADE
NSW1,2011/9/14 11:30,8966.47,28.43,TRADE
NSW1,2011/9/14 12:00,8801.29,27.51,TRADE
NSW1,2011/9/14 12:30,8877.03,28.8,TRADE
NSW1,2011/9/14 13:00,8871.25,28.97,TRADE
NSW1,2011/9/14 13:30,8920.03,28.51,TRADE
NSW1,2011/9/14 14:00,8961.08,28.86,TRADE
NSW1,2011/9/14 14:30,8900.36,27.96,TRADE
NSW1,2011/9/14 15:00,8855.29,26.89,TRADE
NSW1,2011/9/14 15:30,8729.77,26.57,TRADE
NSW1,2011/9/14 16:00,8778.48,26.93,TRADE
NSW1,2011/9/14 16:30,8837,27.92,TRADE
NSW1,2011/9/14 17:00,8976.68,26.47,TRADE
NSW1,2011/9/14 17:30,9093.29,28.33,TRADE
NSW1,2011/9/14 18:00,9380.35,29.91,TRADE
NSW1,2011/9/14 18:30,9741.65,31.73,TRADE
NSW1,2011/9/14 19:00,9789.78,34.23,TRADE
NSW1,2011/9/14 19:30,9558.89,30.35,TRADE
NSW1,2011/9/14 20:00,9378.46,29.17,TRADE
NSW1,2011/9/14 20:30,9230.71,29.72,TRADE
NSW1,2011/9/14 21:00,9056.5,28.77,TRADE
NSW1,2011/9/14 21:30,8873.6,27.74,TRADE
NSW1,2011/9/14 22:00,8646.18,25.92,TRADE
NSW1,2011/9/14 22:30,8775.9,30.2,TRADE
NSW1,2011/9/14 23:00,8587.89,28.62,TRADE
NSW1,2011/9/14 23:30,8519.55,31.25,TRADE
NSW1,2011/9/15 0:00,8395.56,33.4,TRADE
NSW1,2011/9/15 0:30,8201.89,30.45,TRADE
NSW1,2011/9/15 1:00,8079.44,27.82,TRADE
NSW1,2011/9/15 1:30,7933.68,28.35,TRADE
NSW1,2011/9/15 2:00,7712.1,26.52,TRADE
NSW1,2011/9/15 2:30,7376.28,24.72,TRADE
NSW1,2011/9/15 3:00,7080.74,24.52,TRADE
NSW1,2011/9/15 3:30,6871.85,24.16,TRADE
NSW1,2011/9/15 4:00,6741.41,24.29,TRADE
NSW1,2011/9/15 4:30,6711.83,24.12,TRADE
NSW1,2011/9/15 5:00,6805.96,24.57,TRADE
NSW1,2011/9/15 5:30,7123.18,25.98,TRADE
NSW1,2011/9/15 6:00,7503.5,26.31,TRADE
NSW1,2011/9/15 6:30,8165.07,29.64,TRADE
NSW1,2011/9/15 7:00,8739.24,31.93,TRADE
NSW1,2011/9/15 7:30,8968.37,28.92,TRADE
NSW1,2011/9/15 8:00,9242.71,33.96,TRADE
NSW1,2011/9/15 8:30,9253.28,32.47,TRADE
NSW1,2011/9/15 9:00,9099.03,30.87,TRADE
NSW1,2011/9/15 9:30,9070.95,29.15,TRADE
NSW1,2011/9/15 10:00,9060.2,29.03,TRADE
NSW1,2011/9/15 10:30,9028.76,28.97,TRADE
NSW1,2011/9/15 11:00,9044.21,32.4,TRADE
NSW1,2011/9/15 11:30,8953.6,29.65,TRADE
NSW1,2011/9/15 12:00,8899.27,29.44,TRADE
NSW1,2011/9/15 12:30,8829.93,30.63,TRADE
NSW1,2011/9/15 13:00,8779.8,29.6,TRADE
NSW1,2011/9/15 13:30,8774.82,29.48,TRADE
NSW1,2011/9/15 14:00,8749.63,30.46,TRADE
NSW1,2011/9/15 14:30,8820.4,29.6,TRADE
NSW1,2011/9/15 15:00,8755.96,29.23,TRADE
NSW1,2011/9/15 15:30,8715.46,29.09,TRADE
NSW1,2011/9/15 16:00,8751.34,29.21,TRADE
NSW1,2011/9/15 16:30,8817.22,29.66,TRADE
NSW1,2011/9/15 17:00,8912.93,30.54,TRADE
NSW1,2011/9/15 17:30,8968.49,29.87,TRADE
NSW1,2011/9/15 18:00,9309.22,36.2,TRADE
NSW1,2011/9/15 18:30,9737.17,40.09,TRADE
NSW1,2011/9/15 19:00,9802.14,42.36,TRADE
NSW1,2011/9/15 19:30,9620.98,42.22,TRADE
NSW1,2011/9/15 20:00,9435.41,38.56,TRADE
NSW1,2011/9/15 20:30,9262.07,36.73,TRADE
NSW1,2011/9/15 21:00,9089.03,35.21,TRADE
NSW1,2011/9/15 21:30,8841.24,30.84,TRADE
NSW1,2011/9/15 22:00,8651.02,29.99,TRADE
NSW1,2011/9/15 22:30,8702.13,36.02,TRADE
NSW1,2011/9/15 23:00,8584.09,32.59,TRADE
NSW1,2011/9/15 23:30,8508.64,33.72,TRADE
NSW1,2011/9/16 0:00,8451,33.46,TRADE
NSW1,2011/9/16 0:30,8241.3,30.01,TRADE
NSW1,2011/9/16 1:00,8048.27,28.76,TRADE
NSW1,2011/9/16 1:30,7866.61,28.02,TRADE
NSW1,2011/9/16 2:00,7633.83,25.81,TRADE
NSW1,2011/9/16 2:30,7278.79,24.79,TRADE
NSW1,2011/9/16 3:00,7010.6,24.71,TRADE
NSW1,2011/9/16 3:30,6810.23,24.13,TRADE
NSW1,2011/9/16 4:00,6692.99,24.22,TRADE
NSW1,2011/9/16 4:30,6665.41,24.23,TRADE
NSW1,2011/9/16 5:00,6732.17,24.61,TRADE
NSW1,2011/9/16 5:30,7022.57,27.35,TRADE
NSW1,2011/9/16 6:00,7444.02,28.58,TRADE
NSW1,2011/9/16 6:30,8105.02,31.06,TRADE
NSW1,2011/9/16 7:00,8723.73,38.5,TRADE
NSW1,2011/9/16 7:30,8922.63,34.28,TRADE
NSW1,2011/9/16 8:00,9192.22,44.25,TRADE
NSW1,2011/9/16 8:30,9194.7,44.22,TRADE
NSW1,2011/9/16 9:00,9183.37,44.5,TRADE
NSW1,2011/9/16 9:30,9229.01,45.66,TRADE
NSW1,2011/9/16 10:00,9262.75,45.38,TRADE
NSW1,2011/9/16 10:30,9298.79,42.59,TRADE
NSW1,2011/9/16 11:00,9181.58,39.71,TRADE
NSW1,2011/9/16 11:30,9054.88,34.43,TRADE
NSW1,2011/9/16 12:00,8979.38,33.99,TRADE
NSW1,2011/9/16 12:30,8924.95,32.54,TRADE
NSW1,2011/9/16 13:00,8875.82,30.83,TRADE
NSW1,2011/9/16 13:30,8874.93,31.34,TRADE
NSW1,2011/9/16 14:00,8868.56,30.78,TRADE
NSW1,2011/9/16 14:30,8875.01,30.24,TRADE
NSW1,2011/9/16 15:00,8830.87,30.35,TRADE
NSW1,2011/9/16 15:30,8838.39,30.43,TRADE
NSW1,2011/9/16 16:00,8790.98,30.3,TRADE
NSW1,2011/9/16 16:30,8836.26,32.5,TRADE
NSW1,2011/9/16 17:00,8901.18,34.03,TRADE
NSW1,2011/9/16 17:30,8904.62,33.29,TRADE
NSW1,2011/9/16 18:00,9099.68,33.22,TRADE
NSW1,2011/9/16 18:30,9334.38,39.65,TRADE
NSW1,2011/9/16 19:00,9372.8,43.77,TRADE
NSW1,2011/9/16 19:30,9127.69,34.93,TRADE
NSW1,2011/9/16 20:00,8980.68,33.58,TRADE
NSW1,2011/9/16 20:30,8843.75,32.06,TRADE
NSW1,2011/9/16 21:00,8682.46,32.77,TRADE
NSW1,2011/9/16 21:30,8567.51,29.78,TRADE
NSW1,2011/9/16 22:00,8318,27.99,TRADE
NSW1,2011/9/16 22:30,8405.87,34.18,TRADE
NSW1,2011/9/16 23:00,8288.23,30.22,TRADE
NSW1,2011/9/16 23:30,8167.11,32.02,TRADE
NSW1,2011/9/17 0:00,8159.78,33.46,TRADE
NSW1,2011/9/17 0:30,8143.81,28.16,TRADE
NSW1,2011/9/17 1:00,7933.05,26.12,TRADE
NSW1,2011/9/17 1:30,7789.13,25.85,TRADE
NSW1,2011/9/17 2:00,7477.97,23.76,TRADE
NSW1,2011/9/17 2:30,7128.64,23.43,TRADE
NSW1,2011/9/17 3:00,6846.35,23.4,TRADE
NSW1,2011/9/17 3:30,6569.79,22.72,TRADE
NSW1,2011/9/17 4:00,6422.97,22.94,TRADE
NSW1,2011/9/17 4:30,6357.01,22.44,TRADE
NSW1,2011/9/17 5:00,6369.95,23.41,TRADE
NSW1,2011/9/17 5:30,6481.5,23.36,TRADE
NSW1,2011/9/17 6:00,6479.9,22.79,TRADE
NSW1,2011/9/17 6:30,6732.88,23.47,TRADE
NSW1,2011/9/17 7:00,7097.43,24.02,TRADE
NSW1,2011/9/17 7:30,7420.59,25.05,TRADE
NSW1,2011/9/17 8:00,7759.15,24.71,TRADE
NSW1,2011/9/17 8:30,8043.9,25.29,TRADE
NSW1,2011/9/17 9:00,8245.58,25.6,TRADE
NSW1,2011/9/17 9:30,8410.84,26.32,TRADE
NSW1,2011/9/17 10:00,8394.57,25.65,TRADE
NSW1,2011/9/17 10:30,8379.07,25.05,TRADE
NSW1,2011/9/17 11:00,8298.29,24.77,TRADE
NSW1,2011/9/17 11:30,8220.71,24.81,TRADE
NSW1,2011/9/17 12:00,8180.39,24.74,TRADE
NSW1,2011/9/17 12:30,8103.58,24.82,TRADE
NSW1,2011/9/17 13:00,8096.12,24.94,TRADE
NSW1,2011/9/17 13:30,7990.29,24.72,TRADE
NSW1,2011/9/17 14:00,7886.42,24.27,TRADE
NSW1,2011/9/17 14:30,7866.2,24.54,TRADE
NSW1,2011/9/17 15:00,7830.2,24.84,TRADE
NSW1,2011/9/17 15:30,7849.73,24.92,TRADE
NSW1,2011/9/17 16:00,8042.36,25.37,TRADE
NSW1,2011/9/17 16:30,8060,25.67,TRADE
NSW1,2011/9/17 17:00,8112.34,25.56,TRADE
NSW1,2011/9/17 17:30,8142.58,26.24,TRADE
NSW1,2011/9/17 18:00,8492.9,29.11,TRADE
NSW1,2011/9/17 18:30,8939.25,32.29,TRADE
NSW1,2011/9/17 19:00,8867.63,31.7,TRADE
NSW1,2011/9/17 19:30,8683.21,29.19,TRADE
NSW1,2011/9/17 20:00,8441.73,27.85,TRADE
NSW1,2011/9/17 20:30,8190.96,27.36,TRADE
NSW1,2011/9/17 21:00,8023.64,25.52,TRADE
NSW1,2011/9/17 21:30,7784.93,25.11,TRADE
NSW1,2011/9/17 22:00,7677.23,24.91,TRADE
NSW1,2011/9/17 22:30,7842.12,27.53,TRADE
NSW1,2011/9/17 23:00,7746.64,25.66,TRADE
NSW1,2011/9/17 23:30,7747.13,28.07,TRADE
NSW1,2011/9/18 0:00,7588.68,27.4,TRADE
NSW1,2011/9/18 0:30,7339.98,25.48,TRADE
NSW1,2011/9/18 1:00,7113.15,23.93,TRADE
NSW1,2011/9/18 1:30,6933.22,24.75,TRADE
NSW1,2011/9/18 2:00,6780.03,24.16,TRADE
NSW1,2011/9/18 2:30,6475.03,23.22,TRADE
NSW1,2011/9/18 3:00,6258.32,23,TRADE
NSW1,2011/9/18 3:30,6101.17,23.43,TRADE
NSW1,2011/9/18 4:00,6012.14,23.33,TRADE
NSW1,2011/9/18 4:30,5958.17,22.75,TRADE
NSW1,2011/9/18 5:00,5982.4,23.43,TRADE
NSW1,2011/9/18 5:30,6055.64,22.88,TRADE
NSW1,2011/9/18 6:00,6113.42,20.99,TRADE
NSW1,2011/9/18 6:30,6247.5,23.27,TRADE
NSW1,2011/9/18 7:00,6550.75,23.81,TRADE
NSW1,2011/9/18 7:30,6826.92,24.13,TRADE
NSW1,2011/9/18 8:00,7192.22,26.22,TRADE
NSW1,2011/9/18 8:30,7498.15,25.55,TRADE
NSW1,2011/9/18 9:00,7742.83,25.53,TRADE
NSW1,2011/9/18 9:30,7879.41,25.96,TRADE
NSW1,2011/9/18 10:00,8018.27,27.48,TRADE
NSW1,2011/9/18 10:30,8018.44,27.48,TRADE
NSW1,2011/9/18 11:00,7995.25,27.08,TRADE
NSW1,2011/9/18 11:30,7977.8,27.16,TRADE
NSW1,2011/9/18 12:00,7930.19,27.16,TRADE
NSW1,2011/9/18 12:30,7892.81,27.16,TRADE
NSW1,2011/9/18 13:00,7831.67,26.39,TRADE
NSW1,2011/9/18 13:30,7756.15,24.69,TRADE
NSW1,2011/9/18 14:00,7712.32,24.91,TRADE
NSW1,2011/9/18 14:30,7671.99,25.18,TRADE
NSW1,2011/9/18 15:00,7680.05,25.32,TRADE
NSW1,2011/9/18 15:30,7732.12,26.04,TRADE
NSW1,2011/9/18 16:00,7809.65,26.02,TRADE
NSW1,2011/9/18 16:30,7846.01,25.28,TRADE
NSW1,2011/9/18 17:00,7999.14,27.13,TRADE
NSW1,2011/9/18 17:30,8202.15,28.31,TRADE
NSW1,2011/9/18 18:00,8560.83,32.17,TRADE
NSW1,2011/9/18 18:30,8918.24,34.4,TRADE
NSW1,2011/9/18 19:00,8965.39,35.06,TRADE
NSW1,2011/9/18 19:30,8716.57,31.16,TRADE
NSW1,2011/9/18 20:00,8562.34,29.79,TRADE
NSW1,2011/9/18 20:30,8375.87,29.7,TRADE
NSW1,2011/9/18 21:00,8261.34,27.73,TRADE
NSW1,2011/9/18 21:30,7983.41,25.48,TRADE
NSW1,2011/9/18 22:00,7794.45,24.62,TRADE
NSW1,2011/9/18 22:30,7781.4,25.58,TRADE
NSW1,2011/9/18 23:00,7629.63,24.32,TRADE
NSW1,2011/9/18 23:30,7601.65,24.86,TRADE
NSW1,2011/9/19 0:00,7476.71,24.97,TRADE
NSW1,2011/9/19 0:30,7261.3,23.95,TRADE
NSW1,2011/9/19 1:00,7126.67,24.04,TRADE
NSW1,2011/9/19 1:30,7003.79,23.84,TRADE
NSW1,2011/9/19 2:00,6870.39,23.04,TRADE
NSW1,2011/9/19 2:30,6606.51,22.39,TRADE
NSW1,2011/9/19 3:00,6457.23,22.66,TRADE
NSW1,2011/9/19 3:30,6340.22,21.38,TRADE
NSW1,2011/9/19 4:00,6165.48,19.44,TRADE
NSW1,2011/9/19 4:30,6260.23,20.28,TRADE
NSW1,2011/9/19 5:00,6351.02,22.92,TRADE
NSW1,2011/9/19 5:30,6656.34,23.67,TRADE
NSW1,2011/9/19 6:00,7000.63,24.42,TRADE
NSW1,2011/9/19 6:30,7645.41,27.72,TRADE
NSW1,2011/9/19 7:00,8233.3,28.09,TRADE
NSW1,2011/9/19 7:30,8505.72,25.33,TRADE
NSW1,2011/9/19 8:00,8809.64,27.99,TRADE
NSW1,2011/9/19 8:30,8972.21,27.16,TRADE
NSW1,2011/9/19 9:00,9044.52,28.3,TRADE
NSW1,2011/9/19 9:30,9214,29.17,TRADE
NSW1,2011/9/19 10:00,9298.88,29.29,TRADE
NSW1,2011/9/19 10:30,9326.18,28.26,TRADE
NSW1,2011/9/19 11:00,9328.88,28.2,TRADE
NSW1,2011/9/19 11:30,9280.91,27.95,TRADE
NSW1,2011/9/19 12:00,9241.46,29.07,TRADE
NSW1,2011/9/19 12:30,9237.99,29.04,TRADE
NSW1,2011/9/19 13:00,9194.86,28.87,TRADE
NSW1,2011/9/19 13:30,9217.71,28.87,TRADE
NSW1,2011/9/19 14:00,9188.08,29.04,TRADE
NSW1,2011/9/19 14:30,9198.49,29.09,TRADE
NSW1,2011/9/19 15:00,9183.86,29.13,TRADE
NSW1,2011/9/19 15:30,9169.19,30.42,TRADE
NSW1,2011/9/19 16:00,9177.97,28.83,TRADE
NSW1,2011/9/19 16:30,9247.99,29.34,TRADE
NSW1,2011/9/19 17:00,9176.1,28.87,TRADE
NSW1,2011/9/19 17:30,9331.8,29.72,TRADE
NSW1,2011/9/19 18:00,9495.66,31.1,TRADE
NSW1,2011/9/19 18:30,9767.35,32.85,TRADE
NSW1,2011/9/19 19:00,9732.13,32,TRADE
NSW1,2011/9/19 19:30,9408.84,28.37,TRADE
NSW1,2011/9/19 20:00,9091.26,27.48,TRADE
NSW1,2011/9/19 20:30,8873.22,27.07,TRADE
NSW1,2011/9/19 21:00,8664.78,26.84,TRADE
NSW1,2011/9/19 21:30,8450.68,25.59,TRADE
NSW1,2011/9/19 22:00,8240.18,24.89,TRADE
NSW1,2011/9/19 22:30,8259.86,26.45,TRADE
NSW1,2011/9/19 23:00,8098.86,26.82,TRADE
NSW1,2011/9/19 23:30,8064.79,29.96,TRADE
NSW1,2011/9/20 0:00,7995.55,31.06,TRADE
NSW1,2011/9/20 0:30,7802.23,27.47,TRADE
NSW1,2011/9/20 1:00,7610.62,24.59,TRADE
NSW1,2011/9/20 1:30,7451.65,25.41,TRADE
NSW1,2011/9/20 2:00,7225.81,23.97,TRADE
NSW1,2011/9/20 2:30,6882.4,24,TRADE
NSW1,2011/9/20 3:00,6601.22,23.23,TRADE
NSW1,2011/9/20 3:30,6406.66,22.66,TRADE
NSW1,2011/9/20 4:00,6302.17,23.11,TRADE
NSW1,2011/9/20 4:30,6334.95,23.43,TRADE
NSW1,2011/9/20 5:00,6444.26,24.01,TRADE
NSW1,2011/9/20 5:30,6676.64,24.36,TRADE
NSW1,2011/9/20 6:00,6970.14,25.22,TRADE
NSW1,2011/9/20 6:30,7598.47,29.06,TRADE
NSW1,2011/9/20 7:00,8213.27,27.89,TRADE
NSW1,2011/9/20 7:30,8430.88,27.23,TRADE
NSW1,2011/9/20 8:00,8809.86,29.48,TRADE
NSW1,2011/9/20 8:30,8908.97,29.93,TRADE
NSW1,2011/9/20 9:00,8954.04,31.39,TRADE
NSW1,2011/9/20 9:30,9088.41,34.28,TRADE
NSW1,2011/9/20 10:00,9161.6,33.91,TRADE
NSW1,2011/9/20 10:30,9273.92,35.59,TRADE
NSW1,2011/9/20 11:00,9278.43,35.36,TRADE
NSW1,2011/9/20 11:30,9254.66,34.81,TRADE
NSW1,2011/9/20 12:00,9217.98,34.18,TRADE
NSW1,2011/9/20 12:30,9142.09,32.84,TRADE
NSW1,2011/9/20 13:00,9143.42,34.81,TRADE
NSW1,2011/9/20 13:30,9165.41,34.33,TRADE
NSW1,2011/9/20 14:00,9078.52,33.32,TRADE
NSW1,2011/9/20 14:30,9026.98,30.55,TRADE
NSW1,2011/9/20 15:00,8989.53,33.78,TRADE
NSW1,2011/9/20 15:30,8936.61,29.15,TRADE
NSW1,2011/9/20 16:00,8963.5,29.23,TRADE
NSW1,2011/9/20 16:30,8936.14,29.77,TRADE
NSW1,2011/9/20 17:00,9017.36,30.14,TRADE
NSW1,2011/9/20 17:30,9031.7,31.86,TRADE
NSW1,2011/9/20 18:00,9290.58,37.46,TRADE
NSW1,2011/9/20 18:30,9616.23,38.8,TRADE
NSW1,2011/9/20 19:00,9692.28,45.34,TRADE
NSW1,2011/9/20 19:30,9432.53,33.73,TRADE
NSW1,2011/9/20 20:00,9228.34,30.55,TRADE
NSW1,2011/9/20 20:30,8991.2,30.78,TRADE
NSW1,2011/9/20 21:00,8768.49,29.18,TRADE
NSW1,2011/9/20 21:30,8634.34,28.56,TRADE
NSW1,2011/9/20 22:00,8412.23,26.06,TRADE
NSW1,2011/9/20 22:30,8452.42,29.77,TRADE
NSW1,2011/9/20 23:00,8204.35,26.2,TRADE
NSW1,2011/9/20 23:30,8199.42,28.25,TRADE
NSW1,2011/9/21 0:00,8100.08,28.49,TRADE
NSW1,2011/9/21 0:30,7997.85,28.22,TRADE
NSW1,2011/9/21 1:00,7837.28,26.46,TRADE
NSW1,2011/9/21 1:30,7690.76,25.95,TRADE
NSW1,2011/9/21 2:00,7524.11,25.87,TRADE
NSW1,2011/9/21 2:30,7136.63,23.87,TRADE
NSW1,2011/9/21 3:00,6879.6,24.18,TRADE
NSW1,2011/9/21 3:30,6621.83,23.62,TRADE
NSW1,2011/9/21 4:00,6486.88,23.56,TRADE
NSW1,2011/9/21 4:30,6487.97,23.91,TRADE
NSW1,2011/9/21 5:00,6589.41,24.23,TRADE
NSW1,2011/9/21 5:30,6871.89,24.84,TRADE
NSW1,2011/9/21 6:00,7255.89,26.25,TRADE
NSW1,2011/9/21 6:30,7929.88,30.02,TRADE
NSW1,2011/9/21 7:00,8517.59,30.71,TRADE
NSW1,2011/9/21 7:30,8741.18,32.73,TRADE
NSW1,2011/9/21 8:00,9016.41,43.09,TRADE
NSW1,2011/9/21 8:30,9069.09,43.09,TRADE
NSW1,2011/9/21 9:00,9054.39,41.95,TRADE
NSW1,2011/9/21 9:30,9078.92,37.88,TRADE
NSW1,2011/9/21 10:00,9059.24,32.81,TRADE
NSW1,2011/9/21 10:30,9043.16,36.39,TRADE
NSW1,2011/9/21 11:00,9042.64,34.35,TRADE
NSW1,2011/9/21 11:30,8939.41,34.33,TRADE
NSW1,2011/9/21 12:00,8955.77,38.08,TRADE
NSW1,2011/9/21 12:30,8919.41,33.09,TRADE
NSW1,2011/9/21 13:00,8891.7,32.97,TRADE
NSW1,2011/9/21 13:30,8883.68,33.67,TRADE
NSW1,2011/9/21 14:00,8823.89,33.08,TRADE
NSW1,2011/9/21 14:30,8751.36,32.34,TRADE
NSW1,2011/9/21 15:00,8741.62,31.65,TRADE
NSW1,2011/9/21 15:30,8740.54,31.49,TRADE
NSW1,2011/9/21 16:00,8761.57,32.44,TRADE
NSW1,2011/9/21 16:30,8839.86,33,TRADE
NSW1,2011/9/21 17:00,8892.73,33.51,TRADE
NSW1,2011/9/21 17:30,8938.81,30.8,TRADE
NSW1,2011/9/21 18:00,9169.54,31.98,TRADE
NSW1,2011/9/21 18:30,9477.01,56.31,TRADE
NSW1,2011/9/21 19:00,9582.52,53.11,TRADE
NSW1,2011/9/21 19:30,9360.59,32.73,TRADE
NSW1,2011/9/21 20:00,9178.6,32.24,TRADE
NSW1,2011/9/21 20:30,9039.35,33.9,TRADE
NSW1,2011/9/21 21:00,8871.78,30.67,TRADE
NSW1,2011/9/21 21:30,8688.46,29.23,TRADE
NSW1,2011/9/21 22:00,8457.64,26.93,TRADE
NSW1,2011/9/21 22:30,8494.19,29.88,TRADE
NSW1,2011/9/21 23:00,8350.65,28.79,TRADE
NSW1,2011/9/21 23:30,8308.85,30.65,TRADE
NSW1,2011/9/22 0:00,8224.29,30.27,TRADE
NSW1,2011/9/22 0:30,8070.62,29.34,TRADE
NSW1,2011/9/22 1:00,7893.87,27.72,TRADE
NSW1,2011/9/22 1:30,7741.92,26.65,TRADE
NSW1,2011/9/22 2:00,7537.65,24.99,TRADE
NSW1,2011/9/22 2:30,7182.22,24.09,TRADE
NSW1,2011/9/22 3:00,6901.09,23.5,TRADE
NSW1,2011/9/22 3:30,6714.7,23.05,TRADE
NSW1,2011/9/22 4:00,6591.46,23.26,TRADE
NSW1,2011/9/22 4:30,6566.08,23.43,TRADE
NSW1,2011/9/22 5:00,6669.43,23.43,TRADE
NSW1,2011/9/22 5:30,6964.94,24.79,TRADE
NSW1,2011/9/22 6:00,7342.76,25.52,TRADE
NSW1,2011/9/22 6:30,8001.76,26.66,TRADE
NSW1,2011/9/22 7:00,8630.51,28.77,TRADE
NSW1,2011/9/22 7:30,8796.75,26.55,TRADE
NSW1,2011/9/22 8:00,9091.19,29.09,TRADE
NSW1,2011/9/22 8:30,9153.99,29.86,TRADE
NSW1,2011/9/22 9:00,9070.51,30.66,TRADE
NSW1,2011/9/22 9:30,9142.45,30.03,TRADE
NSW1,2011/9/22 10:00,9155.33,28.76,TRADE
NSW1,2011/9/22 10:30,9167.29,28.4,TRADE
NSW1,2011/9/22 11:00,9168.08,28.19,TRADE
NSW1,2011/9/22 11:30,9074.01,29.83,TRADE
NSW1,2011/9/22 12:00,9003.64,28.84,TRADE
NSW1,2011/9/22 12:30,9051.68,28.07,TRADE
NSW1,2011/9/22 13:00,9021.16,28.85,TRADE
NSW1,2011/9/22 13:30,9038.22,29.66,TRADE
NSW1,2011/9/22 14:00,9038.56,30.71,TRADE
NSW1,2011/9/22 14:30,9055.17,30.12,TRADE
NSW1,2011/9/22 15:00,9004.35,29.39,TRADE
NSW1,2011/9/22 15:30,8958.33,28.51,TRADE
NSW1,2011/9/22 16:00,8991.48,29.25,TRADE
NSW1,2011/9/22 16:30,8986.45,30.09,TRADE
NSW1,2011/9/22 17:00,9040.94,29.82,TRADE
NSW1,2011/9/22 17:30,9052.49,29.98,TRADE
NSW1,2011/9/22 18:00,9304.25,31.28,TRADE
NSW1,2011/9/22 18:30,9606.12,37.84,TRADE
NSW1,2011/9/22 19:00,9648.56,41.44,TRADE
NSW1,2011/9/22 19:30,9427.78,31.8,TRADE
NSW1,2011/9/22 20:00,9261.91,30.18,TRADE
NSW1,2011/9/22 20:30,9108.72,29.9,TRADE
NSW1,2011/9/22 21:00,8904.21,25.51,TRADE
NSW1,2011/9/22 21:30,8622.19,24.42,TRADE
NSW1,2011/9/22 22:00,8371.95,23.61,TRADE
NSW1,2011/9/22 22:30,8421.2,26.21,TRADE
NSW1,2011/9/22 23:00,8244.78,24.73,TRADE
NSW1,2011/9/22 23:30,8236.48,27.91,TRADE
NSW1,2011/9/23 0:00,8133.97,26.36,TRADE
NSW1,2011/9/23 0:30,7905.34,24.32,TRADE
NSW1,2011/9/23 1:00,7668.81,24.1,TRADE
NSW1,2011/9/23 1:30,7518.13,24.02,TRADE
NSW1,2011/9/23 2:00,7251.55,23.3,TRADE
NSW1,2011/9/23 2:30,6916.77,22.33,TRADE
NSW1,2011/9/23 3:00,6676.74,23.35,TRADE
NSW1,2011/9/23 3:30,6496.74,23.43,TRADE
NSW1,2011/9/23 4:00,6389.14,22.82,TRADE
NSW1,2011/9/23 4:30,6374.61,23.43,TRADE
NSW1,2011/9/23 5:00,6474.1,23.43,TRADE
NSW1,2011/9/23 5:30,6763.68,23.69,TRADE
NSW1,2011/9/23 6:00,7079.41,24.54,TRADE
NSW1,2011/9/23 6:30,7746.95,28.61,TRADE
NSW1,2011/9/23 7:00,8309.57,29.11,TRADE
NSW1,2011/9/23 7:30,8513.09,25.61,TRADE
NSW1,2011/9/23 8:00,8768.98,29.25,TRADE
NSW1,2011/9/23 8:30,8891.63,29.36,TRADE
NSW1,2011/9/23 9:00,8932.86,29.16,TRADE
NSW1,2011/9/23 9:30,9059.99,29.6,TRADE
NSW1,2011/9/23 10:00,9128.07,30.02,TRADE
NSW1,2011/9/23 10:30,9163.87,30.12,TRADE
NSW1,2011/9/23 11:00,9226.71,32.82,TRADE
NSW1,2011/9/23 11:30,9174.93,31.36,TRADE
NSW1,2011/9/23 12:00,9150.27,33.5,TRADE
NSW1,2011/9/23 12:30,9244.41,31.44,TRADE
NSW1,2011/9/23 13:00,9249.13,31.46,TRADE
NSW1,2011/9/23 13:30,9179.27,30.35,TRADE
NSW1,2011/9/23 14:00,9184.28,29.27,TRADE
NSW1,2011/9/23 14:30,9163.47,31.68,TRADE
NSW1,2011/9/23 15:00,9170.37,31.17,TRADE
NSW1,2011/9/23 15:30,9098.16,30.34,TRADE
NSW1,2011/9/23 16:00,9127.27,30.56,TRADE
NSW1,2011/9/23 16:30,9094.87,30.23,TRADE
NSW1,2011/9/23 17:00,9001.15,28.84,TRADE
NSW1,2011/9/23 17:30,8882.57,29.01,TRADE
NSW1,2011/9/23 18:00,8984.74,29.56,TRADE
NSW1,2011/9/23 18:30,9272.15,34.28,TRADE
NSW1,2011/9/23 19:00,9210.24,37.1,TRADE
NSW1,2011/9/23 19:30,8986.66,31,TRADE
NSW1,2011/9/23 20:00,8770.34,28.35,TRADE
NSW1,2011/9/23 20:30,8562.29,28.42,TRADE
NSW1,2011/9/23 21:00,8368.41,26.77,TRADE
NSW1,2011/9/23 21:30,8198.97,24.96,TRADE
NSW1,2011/9/23 22:00,8067.76,24.93,TRADE
NSW1,2011/9/23 22:30,8242.1,28.66,TRADE
NSW1,2011/9/23 23:00,8159.35,26.81,TRADE
NSW1,2011/9/23 23:30,8152.02,28.58,TRADE
NSW1,2011/9/24 0:00,8108.09,31.03,TRADE
NSW1,2011/9/24 0:30,7898.35,28.08,TRADE
NSW1,2011/9/24 1:00,7708.33,26.96,TRADE
NSW1,2011/9/24 1:30,7529.72,26.02,TRADE
NSW1,2011/9/24 2:00,7310.83,24.77,TRADE
NSW1,2011/9/24 2:30,6950.53,23.42,TRADE
NSW1,2011/9/24 3:00,6610.43,23.43,TRADE
NSW1,2011/9/24 3:30,6367.65,23.11,TRADE
NSW1,2011/9/24 4:00,6263.09,23.43,TRADE
NSW1,2011/9/24 4:30,6191.95,23.43,TRADE
NSW1,2011/9/24 5:00,6181.28,23.43,TRADE
NSW1,2011/9/24 5:30,6270.93,22.81,TRADE
NSW1,2011/9/24 6:00,6386.83,23.15,TRADE
NSW1,2011/9/24 6:30,6580.12,23.43,TRADE
NSW1,2011/9/24 7:00,6858.2,23.93,TRADE
NSW1,2011/9/24 7:30,7175.04,24.43,TRADE
NSW1,2011/9/24 8:00,7588.48,25.29,TRADE
NSW1,2011/9/24 8:30,7946.36,27.16,TRADE
NSW1,2011/9/24 9:00,8232.63,30.65,TRADE
NSW1,2011/9/24 9:30,8485.21,33.63,TRADE
NSW1,2011/9/24 10:00,8492.83,30.03,TRADE
NSW1,2011/9/24 10:30,8541.25,31.08,TRADE
NSW1,2011/9/24 11:00,8471.04,31.24,TRADE
NSW1,2011/9/24 11:30,8426.66,29.09,TRADE
NSW1,2011/9/24 12:00,8358.17,28.73,TRADE
NSW1,2011/9/24 12:30,8294.18,27.16,TRADE
NSW1,2011/9/24 13:00,8207.41,27.24,TRADE
NSW1,2011/9/24 13:30,8132.98,26.57,TRADE
NSW1,2011/9/24 14:00,8000.13,26.21,TRADE
NSW1,2011/9/24 14:30,7956.68,26.39,TRADE
NSW1,2011/9/24 15:00,7936.67,25.62,TRADE
NSW1,2011/9/24 15:30,7946.16,26.42,TRADE
NSW1,2011/9/24 16:00,8062.09,27.03,TRADE
NSW1,2011/9/24 16:30,8169.16,27.16,TRADE
NSW1,2011/9/24 17:00,8395.33,28.2,TRADE
NSW1,2011/9/24 17:30,8527.56,27.93,TRADE
NSW1,2011/9/24 18:00,8809.39,29.54,TRADE
NSW1,2011/9/24 18:30,9034.74,31.67,TRADE
NSW1,2011/9/24 19:00,8925.09,30.14,TRADE
NSW1,2011/9/24 19:30,8701.11,27.81,TRADE
NSW1,2011/9/24 20:00,8517.36,27.53,TRADE
NSW1,2011/9/24 20:30,8351.72,25.89,TRADE
NSW1,2011/9/24 21:00,8197.84,26.26,TRADE
NSW1,2011/9/24 21:30,8014.47,24.88,TRADE
NSW1,2011/9/24 22:00,7948.01,24.82,TRADE
NSW1,2011/9/24 22:30,7982.61,27.09,TRADE
NSW1,2011/9/24 23:00,7862.51,25.73,TRADE
NSW1,2011/9/24 23:30,7771.56,28.61,TRADE
NSW1,2011/9/25 0:00,7652.78,27.3,TRADE
NSW1,2011/9/25 0:30,7402.4,24.07,TRADE
NSW1,2011/9/25 1:00,7189.73,24.28,TRADE
NSW1,2011/9/25 1:30,7049.22,24.33,TRADE
NSW1,2011/9/25 2:00,6799.34,21.5,TRADE
NSW1,2011/9/25 2:30,6507.05,19.72,TRADE
NSW1,2011/9/25 3:00,6298.79,18.36,TRADE
NSW1,2011/9/25 3:30,6159.36,18.43,TRADE
NSW1,2011/9/25 4:00,6024.7,18.16,TRADE
NSW1,2011/9/25 4:30,6028.84,19.73,TRADE
NSW1,2011/9/25 5:00,5992.43,19.69,TRADE
NSW1,2011/9/25 5:30,6044.22,19.77,TRADE
NSW1,2011/9/25 6:00,6091.75,19.66,TRADE
NSW1,2011/9/25 6:30,6213.41,19.59,TRADE
NSW1,2011/9/25 7:00,6465.57,20.33,TRADE
NSW1,2011/9/25 7:30,6744,22.99,TRADE
NSW1,2011/9/25 8:00,7096.16,23.57,TRADE
NSW1,2011/9/25 8:30,7527.38,24.84,TRADE
NSW1,2011/9/25 9:00,7976.12,26.81,TRADE
NSW1,2011/9/25 9:30,8265.06,26.35,TRADE
NSW1,2011/9/25 10:00,8473.78,26.99,TRADE
NSW1,2011/9/25 10:30,8621.27,27.04,TRADE
NSW1,2011/9/25 11:00,8626.32,27.34,TRADE
NSW1,2011/9/25 11:30,8645.4,27.16,TRADE
NSW1,2011/9/25 12:00,8642.49,26.72,TRADE
NSW1,2011/9/25 12:30,8674.8,26.95,TRADE
NSW1,2011/9/25 13:00,8621.87,25.35,TRADE
NSW1,2011/9/25 13:30,8560.11,25.7,TRADE
NSW1,2011/9/25 14:00,8493.7,24.9,TRADE
NSW1,2011/9/25 14:30,8462.16,24.96,TRADE
NSW1,2011/9/25 15:00,8398.22,24.82,TRADE
NSW1,2011/9/25 15:30,8423.24,25.09,TRADE
NSW1,2011/9/25 16:00,8449.88,25.29,TRADE
NSW1,2011/9/25 16:30,8507.61,25.47,TRADE
NSW1,2011/9/25 17:00,8580.93,25.65,TRADE
NSW1,2011/9/25 17:30,8670.38,25.49,TRADE
NSW1,2011/9/25 18:00,9011.26,27.69,TRADE
NSW1,2011/9/25 18:30,9573.52,31.46,TRADE
NSW1,2011/9/25 19:00,9644.48,33.07,TRADE
NSW1,2011/9/25 19:30,9435.85,28.22,TRADE
NSW1,2011/9/25 20:00,9257.56,27.51,TRADE
NSW1,2011/9/25 20:30,9078.63,27.36,TRADE
NSW1,2011/9/25 21:00,8962.56,26.57,TRADE
NSW1,2011/9/25 21:30,8673.06,24.78,TRADE
NSW1,2011/9/25 22:00,8441.58,24.24,TRADE
NSW1,2011/9/25 22:30,8354.62,25.11,TRADE
NSW1,2011/9/25 23:00,8060.39,24.42,TRADE
NSW1,2011/9/25 23:30,7973.95,24.79,TRADE
NSW1,2011/9/26 0:00,7741.47,25.18,TRADE
NSW1,2011/9/26 0:30,7495.38,24.32,TRADE
NSW1,2011/9/26 1:00,7263.81,23.62,TRADE
NSW1,2011/9/26 1:30,7077.31,23.35,TRADE
NSW1,2011/9/26 2:00,6924.67,22.98,TRADE
NSW1,2011/9/26 2:30,6629.15,22.63,TRADE
NSW1,2011/9/26 3:00,6398.8,19.86,TRADE
NSW1,2011/9/26 3:30,6285.51,19.16,TRADE
NSW1,2011/9/26 4:00,6236.93,19.79,TRADE
NSW1,2011/9/26 4:30,6286.19,19.77,TRADE
NSW1,2011/9/26 5:00,6422.08,23.08,TRADE
NSW1,2011/9/26 5:30,6738.27,23.43,TRADE
NSW1,2011/9/26 6:00,7050.68,24.83,TRADE
NSW1,2011/9/26 6:30,7695.91,27.16,TRADE
NSW1,2011/9/26 7:00,8266.99,27.13,TRADE
NSW1,2011/9/26 7:30,8573.83,26.18,TRADE
NSW1,2011/9/26 8:00,8911.39,27.24,TRADE
NSW1,2011/9/26 8:30,9103.79,29.08,TRADE
NSW1,2011/9/26 9:00,9161.4,29.08,TRADE
NSW1,2011/9/26 9:30,9226.81,29.47,TRADE
NSW1,2011/9/26 10:00,9326.41,29.09,TRADE
NSW1,2011/9/26 10:30,9317.86,29.54,TRADE
NSW1,2011/9/26 11:00,9312.72,29.09,TRADE
NSW1,2011/9/26 11:30,9242.62,29.09,TRADE
NSW1,2011/9/26 12:00,9179.67,29.09,TRADE
NSW1,2011/9/26 12:30,9151.97,29.08,TRADE
NSW1,2011/9/26 13:00,9046.52,28.58,TRADE
NSW1,2011/9/26 13:30,8981.41,28.58,TRADE
NSW1,2011/9/26 14:00,8977.32,28.94,TRADE
NSW1,2011/9/26 14:30,8922.57,27.59,TRADE
NSW1,2011/9/26 15:00,8866.64,27.15,TRADE
NSW1,2011/9/26 15:30,8862.94,27.17,TRADE
NSW1,2011/9/26 16:00,8850.8,27.06,TRADE
NSW1,2011/9/26 16:30,8858.76,27.64,TRADE
NSW1,2011/9/26 17:00,8991.64,28.2,TRADE
NSW1,2011/9/26 17:30,9155.7,27,TRADE
NSW1,2011/9/26 18:00,9520.93,30.29,TRADE
NSW1,2011/9/26 18:30,9940.5,37.28,TRADE
NSW1,2011/9/26 19:00,10014.74,40.58,TRADE
NSW1,2011/9/26 19:30,9808.23,36.9,TRADE
NSW1,2011/9/26 20:00,9575.87,36.62,TRADE
NSW1,2011/9/26 20:30,9411.82,33.75,TRADE
NSW1,2011/9/26 21:00,9213.94,31.34,TRADE
NSW1,2011/9/26 21:30,9025.76,28.21,TRADE
NSW1,2011/9/26 22:00,8715.13,26.55,TRADE
NSW1,2011/9/26 22:30,8771.22,29.01,TRADE
NSW1,2011/9/26 23:00,8560.76,28.03,TRADE
NSW1,2011/9/26 23:30,8451.49,31.73,TRADE
NSW1,2011/9/27 0:00,8353.41,30.15,TRADE
NSW1,2011/9/27 0:30,8166.2,28.57,TRADE
NSW1,2011/9/27 1:00,8027.62,27.46,TRADE
NSW1,2011/9/27 1:30,7875.25,25.6,TRADE
NSW1,2011/9/27 2:00,7608.46,24.45,TRADE
NSW1,2011/9/27 2:30,7281.48,24.22,TRADE
NSW1,2011/9/27 3:00,7028.07,23.68,TRADE
NSW1,2011/9/27 3:30,6779.3,22.84,TRADE
NSW1,2011/9/27 4:00,6662.12,23.43,TRADE
NSW1,2011/9/27 4:30,6699.7,24.15,TRADE
NSW1,2011/9/27 5:00,6796.06,24.26,TRADE
NSW1,2011/9/27 5:30,7060.74,24.49,TRADE
NSW1,2011/9/27 6:00,7339.05,25.45,TRADE
NSW1,2011/9/27 6:30,7964.69,29.44,TRADE
NSW1,2011/9/27 7:00,8464.33,31.82,TRADE
NSW1,2011/9/27 7:30,8615,27.46,TRADE
NSW1,2011/9/27 8:00,8933.39,28.44,TRADE
NSW1,2011/9/27 8:30,9068.86,29.08,TRADE
NSW1,2011/9/27 9:00,9090.59,29.38,TRADE
NSW1,2011/9/27 9:30,9194.22,31.02,TRADE
NSW1,2011/9/27 10:00,9147.94,30.44,TRADE
NSW1,2011/9/27 10:30,9167.83,32.78,TRADE
NSW1,2011/9/27 11:00,9153.07,33.54,TRADE
NSW1,2011/9/27 11:30,8959.06,34.22,TRADE
NSW1,2011/9/27 12:00,8955.32,31.23,TRADE
NSW1,2011/9/27 12:30,8912.82,29.08,TRADE
NSW1,2011/9/27 13:00,8898.96,29.08,TRADE
NSW1,2011/9/27 13:30,8850.05,29.92,TRADE
NSW1,2011/9/27 14:00,8834.91,29.08,TRADE
NSW1,2011/9/27 14:30,8720.9,29.07,TRADE
NSW1,2011/9/27 15:00,8756.98,29.05,TRADE
NSW1,2011/9/27 15:30,8781.32,29.07,TRADE
NSW1,2011/9/27 16:00,8767.83,29.07,TRADE
NSW1,2011/9/27 16:30,8807.03,29.07,TRADE
NSW1,2011/9/27 17:00,8868.8,28.62,TRADE
NSW1,2011/9/27 17:30,9004.46,29.41,TRADE
NSW1,2011/9/27 18:00,9352.56,31.54,TRADE
NSW1,2011/9/27 18:30,9688.64,40.02,TRADE
NSW1,2011/9/27 19:00,9793.67,43.58,TRADE
NSW1,2011/9/27 19:30,9536.41,32.16,TRADE
NSW1,2011/9/27 20:00,9313.89,28.57,TRADE
NSW1,2011/9/27 20:30,9099.79,27.45,TRADE
NSW1,2011/9/27 21:00,8945.7,26.64,TRADE
NSW1,2011/9/27 21:30,8714.47,25.95,TRADE
NSW1,2011/9/27 22:00,8505.01,24.62,TRADE
NSW1,2011/9/27 22:30,8567.7,27.47,TRADE
NSW1,2011/9/27 23:00,8365.15,25.95,TRADE
NSW1,2011/9/27 23:30,8264.99,28.4,TRADE
NSW1,2011/9/28 0:00,8178.73,29.52,TRADE
NSW1,2011/9/28 0:30,7995.3,31.09,TRADE
NSW1,2011/9/28 1:00,7895.97,28.74,TRADE
NSW1,2011/9/28 1:30,7763.84,27.54,TRADE
NSW1,2011/9/28 2:00,7528.59,25.27,TRADE
NSW1,2011/9/28 2:30,7144.51,24.04,TRADE
NSW1,2011/9/28 3:00,6899.11,24.15,TRADE
NSW1,2011/9/28 3:30,6668.88,22.18,TRADE
NSW1,2011/9/28 4:00,6528.72,23.43,TRADE
NSW1,2011/9/28 4:30,6517.34,23.43,TRADE
NSW1,2011/9/28 5:00,6599.7,24.27,TRADE
NSW1,2011/9/28 5:30,6907.61,24.46,TRADE
NSW1,2011/9/28 6:00,7160.26,25.03,TRADE
NSW1,2011/9/28 6:30,7771.83,30.56,TRADE
NSW1,2011/9/28 7:00,8307.88,33.22,TRADE
NSW1,2011/9/28 7:30,8512.53,26.82,TRADE
NSW1,2011/9/28 8:00,8856.11,27.8,TRADE
NSW1,2011/9/28 8:30,9033.43,29.07,TRADE
NSW1,2011/9/28 9:00,9106.47,31.17,TRADE
NSW1,2011/9/28 9:30,9293.43,31.16,TRADE
NSW1,2011/9/28 10:00,9335.23,32.06,TRADE
NSW1,2011/9/28 10:30,9353.57,31.08,TRADE
NSW1,2011/9/28 11:00,9328.08,30.42,TRADE
NSW1,2011/9/28 11:30,9276.39,30,TRADE
NSW1,2011/9/28 12:00,9305.85,31.35,TRADE
NSW1,2011/9/28 12:30,9297.88,29.71,TRADE
NSW1,2011/9/28 13:00,9253.87,34.14,TRADE
NSW1,2011/9/28 13:30,9282.96,31.71,TRADE
NSW1,2011/9/28 14:00,9248.53,29.57,TRADE
NSW1,2011/9/28 14:30,9288.38,30.25,TRADE
NSW1,2011/9/28 15:00,9297.17,29.18,TRADE
NSW1,2011/9/28 15:30,9257.79,29.09,TRADE
NSW1,2011/9/28 16:00,9301.22,32.25,TRADE
NSW1,2011/9/28 16:30,9432.57,33.77,TRADE
NSW1,2011/9/28 17:00,9652.46,43.81,TRADE
NSW1,2011/9/28 17:30,9903.56,44.1,TRADE
NSW1,2011/9/28 18:00,10160.05,47.67,TRADE
NSW1,2011/9/28 18:30,10276.79,47.84,TRADE
NSW1,2011/9/28 19:00,10098.66,47.52,TRADE
NSW1,2011/9/28 19:30,9749.12,36.61,TRADE
NSW1,2011/9/28 20:00,9444.26,29.18,TRADE
NSW1,2011/9/28 20:30,9281.19,31.7,TRADE
NSW1,2011/9/28 21:00,9018.99,27.55,TRADE
NSW1,2011/9/28 21:30,8768.84,26.91,TRADE
NSW1,2011/9/28 22:00,8473.52,25.43,TRADE
NSW1,2011/9/28 22:30,8464.71,27.04,TRADE
NSW1,2011/9/28 23:00,8391.9,26.32,TRADE
NSW1,2011/9/28 23:30,8266.13,27.86,TRADE
NSW1,2011/9/29 0:00,8143.91,28.32,TRADE
NSW1,2011/9/29 0:30,7977.17,26.64,TRADE
NSW1,2011/9/29 1:00,7799.95,24.51,TRADE
NSW1,2011/9/29 1:30,7644.25,24.72,TRADE
NSW1,2011/9/29 2:00,7399.03,23.79,TRADE
NSW1,2011/9/29 2:30,7057.54,22.53,TRADE
NSW1,2011/9/29 3:00,6747.21,19.54,TRADE
NSW1,2011/9/29 3:30,6551.1,20.01,TRADE
NSW1,2011/9/29 4:00,6419.26,17.28,TRADE
NSW1,2011/9/29 4:30,6338.73,19.18,TRADE
NSW1,2011/9/29 5:00,6377.28,19.87,TRADE
NSW1,2011/9/29 5:30,6668.24,23.36,TRADE
NSW1,2011/9/29 6:00,6995.19,24.01,TRADE
NSW1,2011/9/29 6:30,7605.88,26.77,TRADE
NSW1,2011/9/29 7:00,8121.41,26.81,TRADE
NSW1,2011/9/29 7:30,8416.62,26.62,TRADE
NSW1,2011/9/29 8:00,8842.23,27.28,TRADE
NSW1,2011/9/29 8:30,9075.81,28.82,TRADE
NSW1,2011/9/29 9:00,9221.47,29.9,TRADE
NSW1,2011/9/29 9:30,9372.61,32.43,TRADE
NSW1,2011/9/29 10:00,9358.92,30.14,TRADE
NSW1,2011/9/29 10:30,9329.94,29.28,TRADE
NSW1,2011/9/29 11:00,9292.97,29.09,TRADE
NSW1,2011/9/29 11:30,9213.76,29.08,TRADE
NSW1,2011/9/29 12:00,9072.33,28.24,TRADE
NSW1,2011/9/29 12:30,8988.83,27.87,TRADE
NSW1,2011/9/29 13:00,9036.49,27.16,TRADE
NSW1,2011/9/29 13:30,8935.18,27.16,TRADE
NSW1,2011/9/29 14:00,8863.1,27.11,TRADE
NSW1,2011/9/29 14:30,8853.46,27.48,TRADE
NSW1,2011/9/29 15:00,8864.49,27.54,TRADE
NSW1,2011/9/29 15:30,8803.64,27.16,TRADE
NSW1,2011/9/29 16:00,8781.83,26.37,TRADE
NSW1,2011/9/29 16:30,8800.75,26.98,TRADE
NSW1,2011/9/29 17:00,8950,27.44,TRADE
NSW1,2011/9/29 17:30,9049.57,27.72,TRADE
NSW1,2011/9/29 18:00,9458.48,30.27,TRADE
NSW1,2011/9/29 18:30,9947.05,37.88,TRADE
NSW1,2011/9/29 19:00,10083.41,42.19,TRADE
NSW1,2011/9/29 19:30,9895.7,33.43,TRADE
NSW1,2011/9/29 20:00,9751.22,30.58,TRADE
NSW1,2011/9/29 20:30,9587.03,31.99,TRADE
NSW1,2011/9/29 21:00,9417.12,29.18,TRADE
NSW1,2011/9/29 21:30,9091.29,27.02,TRADE
NSW1,2011/9/29 22:00,8829.55,26.3,TRADE
NSW1,2011/9/29 22:30,8904.81,28.38,TRADE
NSW1,2011/9/29 23:00,8641.73,26.75,TRADE
NSW1,2011/9/29 23:30,8521.96,32.31,TRADE
NSW1,2011/9/30 0:00,8385.44,33.48,TRADE
NSW1,2011/9/30 0:30,8148.53,32.04,TRADE
NSW1,2011/9/30 1:00,7916.92,27.64,TRADE
NSW1,2011/9/30 1:30,7730.97,27.99,TRADE
NSW1,2011/9/30 2:00,7498.85,24.82,TRADE
NSW1,2011/9/30 2:30,7146.71,24.33,TRADE
NSW1,2011/9/30 3:00,6849.05,23.98,TRADE
NSW1,2011/9/30 3:30,6603.51,23.35,TRADE
NSW1,2011/9/30 4:00,6503.17,23.81,TRADE
NSW1,2011/9/30 4:30,6488.04,24.14,TRADE
NSW1,2011/9/30 5:00,6578.36,24.24,TRADE
NSW1,2011/9/30 5:30,6847.83,33.84,TRADE
NSW1,2011/9/30 6:00,7081.76,31.19,TRADE
NSW1,2011/9/30 6:30,7721.73,38.03,TRADE
NSW1,2011/9/30 7:00,8269.33,43.13,TRADE
NSW1,2011/9/30 7:30,8483.34,30.28,TRADE
NSW1,2011/9/30 8:00,8848.56,36.33,TRADE
NSW1,2011/9/30 8:30,8966.18,34.97,TRADE
NSW1,2011/9/30 9:00,9052.4,34.69,TRADE
NSW1,2011/9/30 9:30,9138.17,35.89,TRADE
NSW1,2011/9/30 10:00,9135.18,32.09,TRADE
NSW1,2011/9/30 10:30,9099.56,30.74,TRADE
NSW1,2011/9/30 11:00,9007.85,28.76,TRADE
NSW1,2011/9/30 11:30,8869.57,28.44,TRADE
NSW1,2011/9/30 12:00,8811.16,28.12,TRADE
NSW1,2011/9/30 12:30,8716.21,27.82,TRADE
NSW1,2011/9/30 13:00,8666.84,27.02,TRADE
NSW1,2011/9/30 13:30,8601.06,27.08,TRADE
NSW1,2011/9/30 14:00,8600.62,27.16,TRADE
NSW1,2011/9/30 14:30,8569.65,27.16,TRADE
NSW1,2011/9/30 15:00,8487.75,27.05,TRADE
NSW1,2011/9/30 15:30,8454.01,26.15,TRADE
NSW1,2011/9/30 16:00,8493.78,26.85,TRADE
NSW1,2011/9/30 16:30,8539.28,27.13,TRADE
NSW1,2011/9/30 17:00,8594.23,25.1,TRADE
NSW1,2011/9/30 17:30,8704.49,25.22,TRADE
NSW1,2011/9/30 18:00,8880.94,26.66,TRADE
NSW1,2011/9/30 18:30,9343.6,29.15,TRADE
NSW1,2011/9/30 19:00,9457.91,30.76,TRADE
NSW1,2011/9/30 19:30,9312.04,28.89,TRADE
NSW1,2011/9/30 20:00,9183.58,29.67,TRADE
NSW1,2011/9/30 20:30,9063.82,29.35,TRADE
NSW1,2011/9/30 21:00,8927.4,27.45,TRADE
NSW1,2011/9/30 21:30,8698.19,25.8,TRADE
NSW1,2011/9/30 22:00,8558.03,25.47,TRADE
NSW1,2011/9/30 22:30,8684.26,28.35,TRADE
NSW1,2011/9/30 23:00,8559.26,26.71,TRADE
NSW1,2011/9/30 23:30,8564.84,31.33,TRADE
NSW1,2011/10/1 0:00,8448.29,31.15,TRADE
?NSW1,2011/10/1 0:30,8255.24,35.78,TRADE
NSW1,2011/10/1 1:00,8046.92,26.55,TRADE
NSW1,2011/10/1 1:30,7862.88,25.73,TRADE
NSW1,2011/10/1 2:00,7554.9,23.9,TRADE
NSW1,2011/10/1 2:30,7161.45,23.43,TRADE
NSW1,2011/10/1 3:00,6892.96,22.73,TRADE
NSW1,2011/10/1 3:30,6639.95,22.92,TRADE
NSW1,2011/10/1 4:00,6539.13,23.43,TRADE
NSW1,2011/10/1 4:30,6438.76,23.43,TRADE
NSW1,2011/10/1 5:00,6465.88,23.43,TRADE
NSW1,2011/10/1 5:30,6537.99,23.43,TRADE
NSW1,2011/10/1 6:00,6599.7,23.48,TRADE
NSW1,2011/10/1 6:30,6832.31,23.7,TRADE
NSW1,2011/10/1 7:00,7151.29,25.54,TRADE
NSW1,2011/10/1 7:30,7428.7,25.04,TRADE
NSW1,2011/10/1 8:00,7838.04,27.43,TRADE
NSW1,2011/10/1 8:30,8221.37,30.62,TRADE
NSW1,2011/10/1 9:00,8486.94,33.1,TRADE
NSW1,2011/10/1 9:30,8745.22,41.48,TRADE
NSW1,2011/10/1 10:00,8668.04,38.43,TRADE
NSW1,2011/10/1 10:30,8693.63,39.84,TRADE
NSW1,2011/10/1 11:00,8578.96,36.36,TRADE
NSW1,2011/10/1 11:30,8469.2,33.38,TRADE
NSW1,2011/10/1 12:00,8412.67,31.62,TRADE
NSW1,2011/10/1 12:30,8379.68,31.91,TRADE
NSW1,2011/10/1 13:00,8267.79,29.04,TRADE
NSW1,2011/10/1 13:30,8172.02,29.52,TRADE
NSW1,2011/10/1 14:00,8100.67,28.95,TRADE
NSW1,2011/10/1 14:30,8059.86,27.52,TRADE
NSW1,2011/10/1 15:00,8022.5,24.4,TRADE
NSW1,2011/10/1 15:30,7971.35,24.96,TRADE
NSW1,2011/10/1 16:00,8056.49,27.47,TRADE
NSW1,2011/10/1 16:30,8160.83,29.78,TRADE
NSW1,2011/10/1 17:00,8309.41,30.21,TRADE
NSW1,2011/10/1 17:30,8349.7,30.16,TRADE
NSW1,2011/10/1 18:00,8708.74,39.16,TRADE
NSW1,2011/10/1 18:30,9110.57,49.14,TRADE
NSW1,2011/10/1 19:00,9185.15,52.8,TRADE
NSW1,2011/10/1 19:30,8994.86,40.42,TRADE
NSW1,2011/10/1 20:00,8793.91,33.75,TRADE
NSW1,2011/10/1 20:30,8654.23,31.92,TRADE
NSW1,2011/10/1 21:00,8490.29,31.11,TRADE
NSW1,2011/10/1 21:30,8405.45,36.32,TRADE
NSW1,2011/10/1 22:00,8276.79,31.12,TRADE
NSW1,2011/10/1 22:30,8257.75,37.56,TRADE
NSW1,2011/10/1 23:00,8126.47,33.42,TRADE
NSW1,2011/10/1 23:30,8084.19,37.3,TRADE
NSW1,2011/10/2 0:00,7908.95,33.72,TRADE
NSW1,2011/10/2 0:30,7649.73,29.87,TRADE
NSW1,2011/10/2 1:00,7430.92,26.54,TRADE
NSW1,2011/10/2 1:30,7253.55,25.55,TRADE
NSW1,2011/10/2 2:00,7041.87,23.69,TRADE
NSW1,2011/10/2 2:30,6697.43,23.2,TRADE
NSW1,2011/10/2 3:00,6485.71,23.43,TRADE
NSW1,2011/10/2 3:30,6336.34,23.43,TRADE
NSW1,2011/10/2 4:00,6267.21,23.31,TRADE
NSW1,2011/10/2 4:30,6248.93,23.43,TRADE
NSW1,2011/10/2 5:00,6208.43,23.43,TRADE
NSW1,2011/10/2 5:30,6305.25,23.43,TRADE
NSW1,2011/10/2 6:00,6393.08,23.43,TRADE
NSW1,2011/10/2 6:30,6642.6,23.7,TRADE
NSW1,2011/10/2 7:00,7006.04,24.45,TRADE
NSW1,2011/10/2 7:30,7382.35,25.81,TRADE
NSW1,2011/10/2 8:00,7778.85,25.83,TRADE
NSW1,2011/10/2 8:30,8142.17,30.37,TRADE
NSW1,2011/10/2 9:00,8447.8,30.28,TRADE
NSW1,2011/10/2 9:30,8633.6,30.96,TRADE
NSW1,2011/10/2 10:00,8749.58,32.19,TRADE
NSW1,2011/10/2 10:30,8727.88,31.12,TRADE
NSW1,2011/10/2 11:00,8718.28,31.19,TRADE
NSW1,2011/10/2 11:30,8663.94,32.5,TRADE
NSW1,2011/10/2 12:00,8656.54,30.73,TRADE
NSW1,2011/10/2 12:30,8574.75,30.37,TRADE
NSW1,2011/10/2 13:00,8453.03,30.37,TRADE
NSW1,2011/10/2 13:30,8306.52,29.54,TRADE
NSW1,2011/10/2 14:00,8284.03,28.87,TRADE
NSW1,2011/10/2 14:30,8184.75,28.73,TRADE
NSW1,2011/10/2 15:00,8240.95,29.37,TRADE
NSW1,2011/10/2 15:30,8263.62,30.16,TRADE
NSW1,2011/10/2 16:00,8300.67,30.37,TRADE
NSW1,2011/10/2 16:30,8277.17,30.37,TRADE
NSW1,2011/10/2 17:00,8333.08,31.4,TRADE
NSW1,2011/10/2 17:30,8529.21,37.23,TRADE
NSW1,2011/10/2 18:00,8631.05,39.51,TRADE
NSW1,2011/10/2 18:30,8919.61,41.91,TRADE
NSW1,2011/10/2 19:00,9120.34,46.54,TRADE
NSW1,2011/10/2 19:30,9005.6,42.37,TRADE
NSW1,2011/10/2 20:00,8862.91,37.89,TRADE
NSW1,2011/10/2 20:30,8683.06,35.57,TRADE
NSW1,2011/10/2 21:00,8528.66,35.63,TRADE
NSW1,2011/10/2 21:30,8391.37,34.72,TRADE
NSW1,2011/10/2 22:00,8252.19,30.26,TRADE
NSW1,2011/10/2 22:30,8162.83,31.2,TRADE
NSW1,2011/10/2 23:00,7875.77,27.47,TRADE
NSW1,2011/10/2 23:30,7640.63,26.8,TRADE
NSW1,2011/10/3 0:00,7412.51,26.75,TRADE
NSW1,2011/10/3 0:30,7221.4,24.14,TRADE
NSW1,2011/10/3 1:00,7055.14,23.95,TRADE
NSW1,2011/10/3 1:30,6819.62,23.68,TRADE
NSW1,2011/10/3 2:00,6587.71,23.43,TRADE
NSW1,2011/10/3 2:30,6401.21,23.31,TRADE
NSW1,2011/10/3 3:00,6345.66,23.43,TRADE
NSW1,2011/10/3 3:30,6312.18,23.35,TRADE
NSW1,2011/10/3 4:00,6286.49,23.17,TRADE
NSW1,2011/10/3 4:30,6368.66,23.43,TRADE
NSW1,2011/10/3 5:00,6409.85,24.09,TRADE
NSW1,2011/10/3 5:30,6646.84,30.37,TRADE
NSW1,2011/10/3 6:00,6734.8,26.63,TRADE
NSW1,2011/10/3 6:30,6935.58,29.67,TRADE
NSW1,2011/10/3 7:00,7275.55,32.32,TRADE
NSW1,2011/10/3 7:30,7595.31,33.01,TRADE
NSW1,2011/10/3 8:00,7872.35,37.05,TRADE
NSW1,2011/10/3 8:30,8155.04,36.96,TRADE
NSW1,2011/10/3 9:00,8331.96,35.53,TRADE
NSW1,2011/10/3 9:30,8400.03,33.06,TRADE
NSW1,2011/10/3 10:00,8371.35,32.64,TRADE
NSW1,2011/10/3 10:30,8292.46,32.54,TRADE
NSW1,2011/10/3 11:00,8220.7,31.84,TRADE
NSW1,2011/10/3 11:30,8140.19,31.83,TRADE
NSW1,2011/10/3 12:00,7987,31.53,TRADE
NSW1,2011/10/3 12:30,7931.66,31.69,TRADE
NSW1,2011/10/3 13:00,7808.05,30.78,TRADE
NSW1,2011/10/3 13:30,7727.44,30.16,TRADE
NSW1,2011/10/3 14:00,7653.11,30.31,TRADE
NSW1,2011/10/3 14:30,7618.79,30.37,TRADE
NSW1,2011/10/3 15:00,7642.48,30.37,TRADE
NSW1,2011/10/3 15:30,7675.5,30.37,TRADE
NSW1,2011/10/3 16:00,7760.67,30.37,TRADE
NSW1,2011/10/3 16:30,7950.72,31.17,TRADE
NSW1,2011/10/3 17:00,8231.05,33.77,TRADE
NSW1,2011/10/3 17:30,8396.19,33.87,TRADE
NSW1,2011/10/3 18:00,8603.66,40.02,TRADE
NSW1,2011/10/3 18:30,8942.22,45.41,TRADE
NSW1,2011/10/3 19:00,8997.73,50.94,TRADE
NSW1,2011/10/3 19:30,8895.9,46.93,TRADE
NSW1,2011/10/3 20:00,8792.75,40.69,TRADE
NSW1,2011/10/3 20:30,8635.8,36.28,TRADE
NSW1,2011/10/3 21:00,8482.25,31.58,TRADE
NSW1,2011/10/3 21:30,8356.07,30.16,TRADE
NSW1,2011/10/3 22:00,8259.39,26.78,TRADE
NSW1,2011/10/3 22:30,8238.19,28.6,TRADE
NSW1,2011/10/3 23:00,8121.83,26.89,TRADE
NSW1,2011/10/3 23:30,7948.82,31.35,TRADE
NSW1,2011/10/4 0:00,7881.11,29.65,TRADE
NSW1,2011/10/4 0:30,7790.05,28.02,TRADE
NSW1,2011/10/4 1:00,7635.6,26.51,TRADE
NSW1,2011/10/4 1:30,7336.22,24.11,TRADE
NSW1,2011/10/4 2:00,7074.55,23.62,TRADE
NSW1,2011/10/4 2:30,6793.3,23.12,TRADE
NSW1,2011/10/4 3:00,6653.11,23.43,TRADE
NSW1,2011/10/4 3:30,6579.85,23.4,TRADE
NSW1,2011/10/4 4:00,6611.15,23.3,TRADE
NSW1,2011/10/4 4:30,6800.48,24.2,TRADE
NSW1,2011/10/4 5:00,7159.46,26.26,TRADE
NSW1,2011/10/4 5:30,7727.89,40.61,TRADE
NSW1,2011/10/4 6:00,8239.95,43.81,TRADE
NSW1,2011/10/4 6:30,8717.25,44,TRADE
NSW1,2011/10/4 7:00,9129.39,45.07,TRADE
NSW1,2011/10/4 7:30,9284.21,28.81,TRADE
NSW1,2011/10/4 8:00,9345.31,29.63,TRADE
NSW1,2011/10/4 8:30,9463.21,29.94,TRADE
NSW1,2011/10/4 9:00,9435.78,29.07,TRADE
NSW1,2011/10/4 9:30,9425.84,29.75,TRADE
NSW1,2011/10/4 10:00,9347.55,29.08,TRADE
NSW1,2011/10/4 10:30,9250.66,29.52,TRADE
NSW1,2011/10/4 11:00,9237.42,29.73,TRADE
NSW1,2011/10/4 11:30,9074.39,27.94,TRADE
NSW1,2011/10/4 12:00,8985.42,28.07,TRADE
NSW1,2011/10/4 12:30,9053.92,29.21,TRADE
NSW1,2011/10/4 13:00,8932.98,26.75,TRADE
NSW1,2011/10/4 13:30,8905.28,27.04,TRADE
NSW1,2011/10/4 14:00,8829.3,26.51,TRADE
NSW1,2011/10/4 14:30,8752.46,26.62,TRADE
NSW1,2011/10/4 15:00,8741.88,25.65,TRADE
NSW1,2011/10/4 15:30,8749.98,28.07,TRADE
NSW1,2011/10/4 16:00,8762.56,28.48,TRADE
NSW1,2011/10/4 16:30,8870.72,29.42,TRADE
NSW1,2011/10/4 17:00,8948.79,28.25,TRADE
NSW1,2011/10/4 17:30,8965.06,25.17,TRADE
NSW1,2011/10/4 18:00,9151.56,28.41,TRADE
NSW1,2011/10/4 18:30,9385.86,29.73,TRADE
NSW1,2011/10/4 19:00,9537.59,30.62,TRADE
NSW1,2011/10/4 19:30,9371.19,29.51,TRADE
NSW1,2011/10/4 20:00,9219.69,29,TRADE
NSW1,2011/10/4 20:30,9046.33,28.21,TRADE
NSW1,2011/10/4 21:00,8808.81,26.3,TRADE
NSW1,2011/10/4 21:30,8772.23,25.66,TRADE
NSW1,2011/10/4 22:00,8594.87,24.7,TRADE
NSW1,2011/10/4 22:30,8597.74,30.77,TRADE
NSW1,2011/10/4 23:00,8419.51,29.87,TRADE
NSW1,2011/10/4 23:30,8273.63,30.72,TRADE
NSW1,2011/10/5 0:00,8108.81,29.67,TRADE
NSW1,2011/10/5 0:30,8017.37,28.84,TRADE
NSW1,2011/10/5 1:00,7824.29,26.35,TRADE
NSW1,2011/10/5 1:30,7521.16,24.8,TRADE
NSW1,2011/10/5 2:00,7251.29,24.41,TRADE
NSW1,2011/10/5 2:30,6935.34,23.79,TRADE
NSW1,2011/10/5 3:00,6783.27,24.19,TRADE
NSW1,2011/10/5 3:30,6726.94,23.95,TRADE
NSW1,2011/10/5 4:00,6798.54,24.3,TRADE
NSW1,2011/10/5 4:30,7034.43,24.26,TRADE
NSW1,2011/10/5 5:00,7327.48,25.45,TRADE
NSW1,2011/10/5 5:30,7906.24,31.93,TRADE
NSW1,2011/10/5 6:00,8372.48,29.9,TRADE
NSW1,2011/10/5 6:30,8725.6,38.49,TRADE
NSW1,2011/10/5 7:00,9092.81,39.32,TRADE
NSW1,2011/10/5 7:30,9232.2,28.59,TRADE
NSW1,2011/10/5 8:00,9276.9,30.32,TRADE
NSW1,2011/10/5 8:30,9327.91,29.31,TRADE
NSW1,2011/10/5 9:00,9280.61,27.6,TRADE
NSW1,2011/10/5 9:30,9181.03,27.15,TRADE
NSW1,2011/10/5 10:00,9118.84,24.98,TRADE
NSW1,2011/10/5 10:30,9000.56,25.83,TRADE
NSW1,2011/10/5 11:00,8891.3,26.42,TRADE
NSW1,2011/10/5 11:30,8864.99,26.24,TRADE
NSW1,2011/10/5 12:00,8854.35,25.98,TRADE
NSW1,2011/10/5 12:30,8862.71,25.36,TRADE
NSW1,2011/10/5 13:00,8879.79,25.42,TRADE
NSW1,2011/10/5 13:30,8879.45,25.45,TRADE
NSW1,2011/10/5 14:00,8820.43,25.26,TRADE
NSW1,2011/10/5 14:30,8786.15,25.15,TRADE
NSW1,2011/10/5 15:00,8737.78,25.02,TRADE
NSW1,2011/10/5 15:30,8779.9,25.17,TRADE
NSW1,2011/10/5 16:00,8850.8,25.78,TRADE
NSW1,2011/10/5 16:30,8924.63,26.83,TRADE
NSW1,2011/10/5 17:00,9049.82,26.15,TRADE
NSW1,2011/10/5 17:30,9064.25,25.05,TRADE
NSW1,2011/10/5 18:00,9298.75,26.47,TRADE
NSW1,2011/10/5 18:30,9480.77,28.67,TRADE
NSW1,2011/10/5 19:00,9473.87,30.61,TRADE
NSW1,2011/10/5 19:30,9307.51,28.62,TRADE
NSW1,2011/10/5 20:00,9124.93,26.19,TRADE
NSW1,2011/10/5 20:30,8954.97,25.57,TRADE
NSW1,2011/10/5 21:00,8688.39,24.28,TRADE
NSW1,2011/10/5 21:30,8631.18,24.2,TRADE
NSW1,2011/10/5 22:00,8435.09,23.68,TRADE
NSW1,2011/10/5 22:30,8430.86,28.84,TRADE
NSW1,2011/10/5 23:00,8306.27,27.96,TRADE
NSW1,2011/10/5 23:30,8119.47,26.34,TRADE
NSW1,2011/10/6 0:00,8024.34,27.17,TRADE
NSW1,2011/10/6 0:30,7870.17,25.78,TRADE
NSW1,2011/10/6 1:00,7709.46,24.5,TRADE
NSW1,2011/10/6 1:30,7404.85,24.35,TRADE
NSW1,2011/10/6 2:00,7071.74,23.58,TRADE
NSW1,2011/10/6 2:30,6806.98,22.99,TRADE
NSW1,2011/10/6 3:00,6637.91,23.43,TRADE
NSW1,2011/10/6 3:30,6577.18,23.43,TRADE
NSW1,2011/10/6 4:00,6611.05,23.83,TRADE
NSW1,2011/10/6 4:30,6796.11,24.13,TRADE
NSW1,2011/10/6 5:00,7108.92,24.98,TRADE
NSW1,2011/10/6 5:30,7690.12,29.37,TRADE
NSW1,2011/10/6 6:00,8138.26,28.32,TRADE
NSW1,2011/10/6 6:30,8477.85,33.46,TRADE
NSW1,2011/10/6 7:00,8927.48,38.93,TRADE
NSW1,2011/10/6 7:30,9133.24,29.98,TRADE
NSW1,2011/10/6 8:00,9232.78,31.11,TRADE
NSW1,2011/10/6 8:30,9356.26,31.36,TRADE
NSW1,2011/10/6 9:00,9356.89,30.46,TRADE
NSW1,2011/10/6 9:30,9374.13,31.21,TRADE
NSW1,2011/10/6 10:00,9357.57,31.52,TRADE
NSW1,2011/10/6 10:30,9308.51,30.73,TRADE
NSW1,2011/10/6 11:00,9204.87,31.67,TRADE
NSW1,2011/10/6 11:30,9180.82,31.23,TRADE
NSW1,2011/10/6 12:00,9234.82,31.18,TRADE
NSW1,2011/10/6 12:30,9192.86,30.58,TRADE
NSW1,2011/10/6 13:00,9185.22,30.3,TRADE
NSW1,2011/10/6 13:30,9169.24,30.15,TRADE
NSW1,2011/10/6 14:00,9104,30.33,TRADE
NSW1,2011/10/6 14:30,9105.05,30.18,TRADE
NSW1,2011/10/6 15:00,9106.04,29.21,TRADE
NSW1,2011/10/6 15:30,9151.47,28.67,TRADE
NSW1,2011/10/6 16:00,9255.21,29.84,TRADE
NSW1,2011/10/6 16:30,9388.29,30.37,TRADE
NSW1,2011/10/6 17:00,9658.32,30.42,TRADE
NSW1,2011/10/6 17:30,9751.12,30.54,TRADE
NSW1,2011/10/6 18:00,9811.07,30.36,TRADE
NSW1,2011/10/6 18:30,9837.67,35.61,TRADE
NSW1,2011/10/6 19:00,9697.66,31.22,TRADE
NSW1,2011/10/6 19:30,9547.25,31.15,TRADE
NSW1,2011/10/6 20:00,9364.82,30.32,TRADE
NSW1,2011/10/6 20:30,9083.03,30.42,TRADE
NSW1,2011/10/6 21:00,8763.02,28.46,TRADE
NSW1,2011/10/6 21:30,8706.94,26.72,TRADE
NSW1,2011/10/6 22:00,8511.67,24.62,TRADE
NSW1,2011/10/6 22:30,8476.87,28.83,TRADE
NSW1,2011/10/6 23:00,8315.06,29.93,TRADE
NSW1,2011/10/6 23:30,8126.29,30.37,TRADE
NSW1,2011/10/7 0:00,7969.67,30.17,TRADE
NSW1,2011/10/7 0:30,7823.09,27.07,TRADE
NSW1,2011/10/7 1:00,7617.91,24.84,TRADE
NSW1,2011/10/7 1:30,7320.48,24.67,TRADE
NSW1,2011/10/7 2:00,6996.22,23.79,TRADE
NSW1,2011/10/7 2:30,6737.52,23.93,TRADE
NSW1,2011/10/7 3:00,6590.17,23.95,TRADE
NSW1,2011/10/7 3:30,6502.42,23.67,TRADE
NSW1,2011/10/7 4:00,6556.93,24.24,TRADE
NSW1,2011/10/7 4:30,6789.39,24.32,TRADE
NSW1,2011/10/7 5:00,7057.76,25.82,TRADE
NSW1,2011/10/7 5:30,7627.36,37,TRADE
NSW1,2011/10/7 6:00,8083.81,34.29,TRADE
NSW1,2011/10/7 6:30,8461.86,37.76,TRADE
NSW1,2011/10/7 7:00,8869.13,48.99,TRADE
NSW1,2011/10/7 7:30,9060.56,32.66,TRADE
NSW1,2011/10/7 8:00,9208.94,33.69,TRADE
NSW1,2011/10/7 8:30,9325.42,42.15,TRADE
NSW1,2011/10/7 9:00,9334.94,40.72,TRADE
NSW1,2011/10/7 9:30,9363.79,40.98,TRADE
NSW1,2011/10/7 10:00,9333.94,32.33,TRADE
NSW1,2011/10/7 10:30,9208.76,33.77,TRADE
NSW1,2011/10/7 11:00,9092.84,34.88,TRADE
NSW1,2011/10/7 11:30,9149.76,31.97,TRADE
NSW1,2011/10/7 12:00,9079.45,29.99,TRADE
NSW1,2011/10/7 12:30,9017.26,30.31,TRADE
NSW1,2011/10/7 13:00,8970.64,30.6,TRADE
NSW1,2011/10/7 13:30,8982.94,29.93,TRADE
NSW1,2011/10/7 14:00,8876.02,29.94,TRADE
NSW1,2011/10/7 14:30,8785.64,28.98,TRADE
NSW1,2011/10/7 15:00,8772.66,28.16,TRADE
NSW1,2011/10/7 15:30,8780.24,27.5,TRADE
NSW1,2011/10/7 16:00,8852,27.67,TRADE
NSW1,2011/10/7 16:30,8898.45,29.04,TRADE
NSW1,2011/10/7 17:00,8922.34,28.93,TRADE
NSW1,2011/10/7 17:30,8889.92,27.59,TRADE
NSW1,2011/10/7 18:00,8919.99,27.14,TRADE
NSW1,2011/10/7 18:30,9034.63,28.68,TRADE
NSW1,2011/10/7 19:00,9054.85,30.73,TRADE
NSW1,2011/10/7 19:30,8952.26,30.72,TRADE
NSW1,2011/10/7 20:00,8776.33,30.64,TRADE
NSW1,2011/10/7 20:30,8577.92,29.61,TRADE
NSW1,2011/10/7 21:00,8383.01,28.01,TRADE
NSW1,2011/10/7 21:30,8412.37,26.48,TRADE
NSW1,2011/10/7 22:00,8368.74,24.51,TRADE
NSW1,2011/10/7 22:30,8340.93,29.96,TRADE
NSW1,2011/10/7 23:00,8219.23,29.16,TRADE
NSW1,2011/10/7 23:30,8064.35,29.56,TRADE
NSW1,2011/10/8 0:00,7940.26,28.27,TRADE
NSW1,2011/10/8 0:30,7837.7,26.47,TRADE
NSW1,2011/10/8 1:00,7613.11,25.5,TRADE
NSW1,2011/10/8 1:30,7258.71,24.13,TRADE
NSW1,2011/10/8 2:00,6926.39,24.14,TRADE
NSW1,2011/10/8 2:30,6684.05,23.56,TRADE
NSW1,2011/10/8 3:00,6494.73,23.87,TRADE
NSW1,2011/10/8 3:30,6428.01,23.68,TRADE
NSW1,2011/10/8 4:00,6411.22,23.9,TRADE
NSW1,2011/10/8 4:30,6426.7,23.69,TRADE
NSW1,2011/10/8 5:00,6541.1,23.55,TRADE
NSW1,2011/10/8 5:30,6736.1,23.81,TRADE
NSW1,2011/10/8 6:00,6880.61,23.07,TRADE
NSW1,2011/10/8 6:30,7184.95,24.29,TRADE
NSW1,2011/10/8 7:00,7570.54,25.95,TRADE
NSW1,2011/10/8 7:30,7887.41,28.4,TRADE
NSW1,2011/10/8 8:00,8243.91,30.72,TRADE
NSW1,2011/10/8 8:30,8435.1,33.27,TRADE
NSW1,2011/10/8 9:00,8532.9,35.05,TRADE
NSW1,2011/10/8 9:30,8684.4,39.02,TRADE
NSW1,2011/10/8 10:00,8571.39,33.49,TRADE
NSW1,2011/10/8 10:30,8544.15,33.54,TRADE
NSW1,2011/10/8 11:00,8433.9,33.12,TRADE
NSW1,2011/10/8 11:30,8376.8,30.73,TRADE
NSW1,2011/10/8 12:00,8295.16,30.37,TRADE
NSW1,2011/10/8 12:30,8229.07,27.89,TRADE
NSW1,2011/10/8 13:00,8163.54,25.45,TRADE
NSW1,2011/10/8 13:30,8174.19,30.21,TRADE
NSW1,2011/10/8 14:00,8106.42,30.31,TRADE
NSW1,2011/10/8 14:30,8080.49,29.82,TRADE
NSW1,2011/10/8 15:00,8085.7,27.97,TRADE
NSW1,2011/10/8 15:30,8066.27,28.72,TRADE
NSW1,2011/10/8 16:00,8119.24,29.51,TRADE
NSW1,2011/10/8 16:30,8101.68,30.37,TRADE
NSW1,2011/10/8 17:00,8175.94,30.41,TRADE
NSW1,2011/10/8 17:30,8271.01,31.59,TRADE
NSW1,2011/10/8 18:00,8394.92,33.29,TRADE
NSW1,2011/10/8 18:30,8490.42,35,TRADE
NSW1,2011/10/8 19:00,8517.14,38.11,TRADE
NSW1,2011/10/8 19:30,8336.72,32.76,TRADE
NSW1,2011/10/8 20:00,8231.09,31.46,TRADE
NSW1,2011/10/8 20:30,8116.03,30.37,TRADE
NSW1,2011/10/8 21:00,7905.82,29.47,TRADE
NSW1,2011/10/8 21:30,7945.62,26.1,TRADE
NSW1,2011/10/8 22:00,7904.32,24.33,TRADE
NSW1,2011/10/8 22:30,7911.09,31.89,TRADE
NSW1,2011/10/8 23:00,7734.72,27.91,TRADE
NSW1,2011/10/8 23:30,7529.07,27.21,TRADE
NSW1,2011/10/9 0:00,7347.04,27.3,TRADE
NSW1,2011/10/9 0:30,7167.41,24.84,TRADE
NSW1,2011/10/9 1:00,7019.41,24.08,TRADE
NSW1,2011/10/9 1:30,6709.04,24.16,TRADE
NSW1,2011/10/9 2:00,6482.42,23.56,TRADE
NSW1,2011/10/9 2:30,6267.44,23.07,TRADE
NSW1,2011/10/9 3:00,6150.83,23.13,TRADE
NSW1,2011/10/9 3:30,6050.48,23.15,TRADE
NSW1,2011/10/9 4:00,5992.27,23.16,TRADE
NSW1,2011/10/9 4:30,6061.92,21.1,TRADE
NSW1,2011/10/9 5:00,6172.59,23.49,TRADE
NSW1,2011/10/9 5:30,6293.38,21.23,TRADE
NSW1,2011/10/9 6:00,6369.47,19.62,TRADE
NSW1,2011/10/9 6:30,6639.53,20.79,TRADE
NSW1,2011/10/9 7:00,6948.02,23.62,TRADE
NSW1,2011/10/9 7:30,7257.17,23.92,TRADE
NSW1,2011/10/9 8:00,7588.56,24.59,TRADE
NSW1,2011/10/9 8:30,7904.04,25.09,TRADE
NSW1,2011/10/9 9:00,8029.65,25.77,TRADE
NSW1,2011/10/9 9:30,8104.69,24.94,TRADE
NSW1,2011/10/9 10:00,8013.44,24.93,TRADE
NSW1,2011/10/9 10:30,7962.5,25.69,TRADE
NSW1,2011/10/9 11:00,7981.54,24.94,TRADE
NSW1,2011/10/9 11:30,7860.31,24.64,TRADE
NSW1,2011/10/9 12:00,7879.47,24.5,TRADE
NSW1,2011/10/9 12:30,7784.14,24.1,TRADE
NSW1,2011/10/9 13:00,7693.46,24.11,TRADE
NSW1,2011/10/9 13:30,7633.11,23.99,TRADE
NSW1,2011/10/9 14:00,7649.01,24.33,TRADE
NSW1,2011/10/9 14:30,7661.34,24.27,TRADE
NSW1,2011/10/9 15:00,7674.12,24.25,TRADE
NSW1,2011/10/9 15:30,7606.36,24.32,TRADE
NSW1,2011/10/9 16:00,7706.4,24.94,TRADE
NSW1,2011/10/9 16:30,7686.71,25.07,TRADE
NSW1,2011/10/9 17:00,7889.89,28.63,TRADE
NSW1,2011/10/9 17:30,8011.87,28.66,TRADE
NSW1,2011/10/9 18:00,8142.3,30.44,TRADE
NSW1,2011/10/9 18:30,8414.64,36.24,TRADE
NSW1,2011/10/9 19:00,8583.44,42.79,TRADE
NSW1,2011/10/9 19:30,8518.58,37.49,TRADE
NSW1,2011/10/9 20:00,8404.12,33.64,TRADE
NSW1,2011/10/9 20:30,8182.53,31.92,TRADE
NSW1,2011/10/9 21:00,8005.12,29.07,TRADE
NSW1,2011/10/9 21:30,7915.16,26.38,TRADE
NSW1,2011/10/9 22:00,7716,24.3,TRADE
NSW1,2011/10/9 22:30,7692.2,25.61,TRADE
NSW1,2011/10/9 23:00,7429.7,23.78,TRADE
NSW1,2011/10/9 23:30,7295.66,25.02,TRADE
NSW1,2011/10/10 0:00,7182.41,26.32,TRADE
NSW1,2011/10/10 0:30,7091.28,24.99,TRADE
NSW1,2011/10/10 1:00,6997.57,24.52,TRADE
NSW1,2011/10/10 1:30,6724.17,24.14,TRADE
NSW1,2011/10/10 2:00,6574.41,24.3,TRADE
NSW1,2011/10/10 2:30,6430.8,23.59,TRADE
NSW1,2011/10/10 3:00,6353.92,23.8,TRADE
NSW1,2011/10/10 3:30,6367.07,23.93,TRADE
NSW1,2011/10/10 4:00,6428.42,24.2,TRADE
NSW1,2011/10/10 4:30,6707.49,24.88,TRADE
NSW1,2011/10/10 5:00,7016.97,28.37,TRADE
NSW1,2011/10/10 5:30,7621.44,32.97,TRADE
NSW1,2011/10/10 6:00,8192.09,33.35,TRADE
NSW1,2011/10/10 6:30,8567.41,39.21,TRADE
NSW1,2011/10/10 7:00,8987.19,43.9,TRADE
NSW1,2011/10/10 7:30,9083.3,34.77,TRADE
NSW1,2011/10/10 8:00,9076.2,32.48,TRADE
NSW1,2011/10/10 8:30,9130.25,34.67,TRADE
NSW1,2011/10/10 9:00,9153.39,35.23,TRADE
NSW1,2011/10/10 9:30,9147.97,34.15,TRADE
NSW1,2011/10/10 10:00,9087.61,33.72,TRADE
NSW1,2011/10/10 10:30,9039.47,32.29,TRADE
NSW1,2011/10/10 11:00,8936.41,31.11,TRADE
NSW1,2011/10/10 11:30,8859.54,30,TRADE
NSW1,2011/10/10 12:00,8751,29.66,TRADE
NSW1,2011/10/10 12:30,8716,29.32,TRADE
NSW1,2011/10/10 13:00,8670.29,28.29,TRADE
NSW1,2011/10/10 13:30,8691.2,28.75,TRADE
NSW1,2011/10/10 14:00,8665.77,29.28,TRADE
NSW1,2011/10/10 14:30,8604.59,27.71,TRADE
NSW1,2011/10/10 15:00,8645.43,26.55,TRADE
NSW1,2011/10/10 15:30,8713.18,26.91,TRADE
NSW1,2011/10/10 16:00,8775.15,29.84,TRADE
NSW1,2011/10/10 16:30,8824.71,30.21,TRADE
NSW1,2011/10/10 17:00,8929.92,30.63,TRADE
NSW1,2011/10/10 17:30,8907.28,30.28,TRADE
NSW1,2011/10/10 18:00,9063.47,32.18,TRADE
NSW1,2011/10/10 18:30,9220.89,36.07,TRADE
NSW1,2011/10/10 19:00,9262.05,35.26,TRADE
NSW1,2011/10/10 19:30,9021.03,30.67,TRADE
NSW1,2011/10/10 20:00,8871.31,29.79,TRADE
NSW1,2011/10/10 20:30,8689.21,26.29,TRADE
NSW1,2011/10/10 21:00,8455.11,25.14,TRADE
NSW1,2011/10/10 21:30,8398.47,24.83,TRADE
NSW1,2011/10/10 22:00,8221.66,23.85,TRADE
NSW1,2011/10/10 22:30,8193.99,26.27,TRADE
NSW1,2011/10/10 23:00,8023.08,25.55,TRADE
NSW1,2011/10/10 23:30,7918.02,27.2,TRADE
NSW1,2011/10/11 0:00,7843.04,27.26,TRADE
NSW1,2011/10/11 0:30,7801.38,26.14,TRADE
NSW1,2011/10/11 1:00,7560.35,24.75,TRADE
NSW1,2011/10/11 1:30,7239.3,24.65,TRADE
NSW1,2011/10/11 2:00,6953.49,23.55,TRADE
NSW1,2011/10/11 2:30,6678.39,23.02,TRADE
NSW1,2011/10/11 3:00,6504.31,23.43,TRADE
NSW1,2011/10/11 3:30,6476.56,23.43,TRADE
NSW1,2011/10/11 4:00,6521.9,23.67,TRADE
NSW1,2011/10/11 4:30,6732.99,25.18,TRADE
NSW1,2011/10/11 5:00,7122.02,27.7,TRADE
NSW1,2011/10/11 5:30,7748.71,35.88,TRADE
NSW1,2011/10/11 6:00,8343.1,44.99,TRADE
NSW1,2011/10/11 6:30,8712.74,46.01,TRADE
NSW1,2011/10/11 7:00,9070.45,53.65,TRADE
NSW1,2011/10/11 7:30,9008.25,32.15,TRADE
NSW1,2011/10/11 8:00,9042.11,31.91,TRADE
NSW1,2011/10/11 8:30,9066.44,31.41,TRADE
NSW1,2011/10/11 9:00,9117.95,30.24,TRADE
NSW1,2011/10/11 9:30,9070.87,30.62,TRADE
NSW1,2011/10/11 10:00,9082.39,31.31,TRADE
NSW1,2011/10/11 10:30,8945.75,31.36,TRADE
NSW1,2011/10/11 11:00,8932,31.84,TRADE
NSW1,2011/10/11 11:30,8879.89,30.72,TRADE
NSW1,2011/10/11 12:00,8808.6,30.72,TRADE
NSW1,2011/10/11 12:30,8824.54,32.05,TRADE
NSW1,2011/10/11 13:00,8761.02,31.35,TRADE
NSW1,2011/10/11 13:30,8765.92,30.57,TRADE
NSW1,2011/10/11 14:00,8636.6,29.51,TRADE
NSW1,2011/10/11 14:30,8598.19,30.24,TRADE
NSW1,2011/10/11 15:00,8625.65,30.37,TRADE
NSW1,2011/10/11 15:30,8667.27,30.37,TRADE
NSW1,2011/10/11 16:00,8724.89,30.37,TRADE
NSW1,2011/10/11 16:30,8752.41,30.37,TRADE
NSW1,2011/10/11 17:00,8842.08,31.07,TRADE
NSW1,2011/10/11 17:30,8803.5,30.43,TRADE
NSW1,2011/10/11 18:00,8955.42,31.27,TRADE
NSW1,2011/10/11 18:30,9124.49,32.54,TRADE
NSW1,2011/10/11 19:00,9213.07,34.18,TRADE
NSW1,2011/10/11 19:30,9127.17,31.4,TRADE
NSW1,2011/10/11 20:00,8995.52,30.66,TRADE
NSW1,2011/10/11 20:30,8784.33,30.61,TRADE
NSW1,2011/10/11 21:00,8543.53,30.08,TRADE
NSW1,2011/10/11 21:30,8521.07,28.68,TRADE
NSW1,2011/10/11 22:00,8388.21,24.81,TRADE
NSW1,2011/10/11 22:30,8402.42,31.13,TRADE
NSW1,2011/10/11 23:00,8235.15,30.35,TRADE
NSW1,2011/10/11 23:30,8116.36,32.87,TRADE
NSW1,2011/10/12 0:00,8057.5,33.59,TRADE
NSW1,2011/10/12 0:30,7862.75,29.14,TRADE
NSW1,2011/10/12 1:00,7708.98,27.29,TRADE
NSW1,2011/10/12 1:30,7354.57,25.79,TRADE
NSW1,2011/10/12 2:00,7026.57,24.09,TRADE
NSW1,2011/10/12 2:30,6762.32,23.9,TRADE
NSW1,2011/10/12 3:00,6602.62,23.62,TRADE
NSW1,2011/10/12 3:30,6561.05,24.2,TRADE
NSW1,2011/10/12 4:00,6654.46,24.24,TRADE
NSW1,2011/10/12 4:30,6931.03,25,TRADE
NSW1,2011/10/12 5:00,7293.09,27.76,TRADE
NSW1,2011/10/12 5:30,7919.9,34.54,TRADE
NSW1,2011/10/12 6:00,8578.03,38.44,TRADE
NSW1,2011/10/12 6:30,8969.42,37.75,TRADE
NSW1,2011/10/12 7:00,9271.04,42.86,TRADE
NSW1,2011/10/12 7:30,9260.57,33.11,TRADE
NSW1,2011/10/12 8:00,9224.35,32.57,TRADE
NSW1,2011/10/12 8:30,9239.53,33.49,TRADE
NSW1,2011/10/12 9:00,9187.97,31.46,TRADE
NSW1,2011/10/12 9:30,9205.31,31.77,TRADE
NSW1,2011/10/12 10:00,9141.99,30.66,TRADE
NSW1,2011/10/12 10:30,9063.62,30.37,TRADE
NSW1,2011/10/12 11:00,9003.64,30.31,TRADE
NSW1,2011/10/12 11:30,8931.57,30.37,TRADE
NSW1,2011/10/12 12:00,8907.99,31.22,TRADE
NSW1,2011/10/12 12:30,8861.81,33.01,TRADE
NSW1,2011/10/12 13:00,8853.5,30.58,TRADE
NSW1,2011/10/12 13:30,8860.73,30.6,TRADE
NSW1,2011/10/12 14:00,8827.82,30.96,TRADE
NSW1,2011/10/12 14:30,8765.46,31.41,TRADE
NSW1,2011/10/12 15:00,8760.07,30.37,TRADE
NSW1,2011/10/12 15:30,8797.09,30.35,TRADE
NSW1,2011/10/12 16:00,8873.86,30.88,TRADE
NSW1,2011/10/12 16:30,8931.02,32.5,TRADE
NSW1,2011/10/12 17:00,8974.28,31.71,TRADE
NSW1,2011/10/12 17:30,8900.94,30.4,TRADE
NSW1,2011/10/12 18:00,9000.29,30.75,TRADE
NSW1,2011/10/12 18:30,9092.25,31.42,TRADE
NSW1,2011/10/12 19:00,9161.23,34.63,TRADE
NSW1,2011/10/12 19:30,9084.34,32.53,TRADE
NSW1,2011/10/12 20:00,8897.01,30.49,TRADE
NSW1,2011/10/12 20:30,8620.32,29.64,TRADE
NSW1,2011/10/12 21:00,8307.38,25.49,TRADE
NSW1,2011/10/12 21:30,8326.92,27.47,TRADE
NSW1,2011/10/12 22:00,8245.99,25.1,TRADE
NSW1,2011/10/12 22:30,8232.28,30.43,TRADE
NSW1,2011/10/12 23:00,8067.78,28.79,TRADE
NSW1,2011/10/12 23:30,7864.38,28.73,TRADE
NSW1,2011/10/13 0:00,7755.85,28.41,TRADE
NSW1,2011/10/13 0:30,7670.39,25.98,TRADE
NSW1,2011/10/13 1:00,7503.97,25.18,TRADE
NSW1,2011/10/13 1:30,7238.88,24.54,TRADE
NSW1,2011/10/13 2:00,6914.72,23.69,TRADE
NSW1,2011/10/13 2:30,6680.62,23.95,TRADE
NSW1,2011/10/13 3:00,6524.1,24.06,TRADE
NSW1,2011/10/13 3:30,6480.11,23.95,TRADE
NSW1,2011/10/13 4:00,6553.62,24.09,TRADE
NSW1,2011/10/13 4:30,6801.86,24.2,TRADE
NSW1,2011/10/13 5:00,7136.16,26.07,TRADE
NSW1,2011/10/13 5:30,7755.22,27.57,TRADE
NSW1,2011/10/13 6:00,8257.23,31.37,TRADE
NSW1,2011/10/13 6:30,8760.49,35.01,TRADE
NSW1,2011/10/13 7:00,9081.93,39.18,TRADE
NSW1,2011/10/13 7:30,9064.14,31.48,TRADE
NSW1,2011/10/13 8:00,9020.76,31.48,TRADE
NSW1,2011/10/13 8:30,9088.26,31.84,TRADE
NSW1,2011/10/13 9:00,9161.41,31.72,TRADE
NSW1,2011/10/13 9:30,9188.62,31.47,TRADE
NSW1,2011/10/13 10:00,9171.66,31.19,TRADE
NSW1,2011/10/13 10:30,9121.79,30.75,TRADE
NSW1,2011/10/13 11:00,9060.64,30.88,TRADE
NSW1,2011/10/13 11:30,9013.49,30.43,TRADE
NSW1,2011/10/13 12:00,8975.94,30.47,TRADE
NSW1,2011/10/13 12:30,8981.3,32.11,TRADE
NSW1,2011/10/13 13:00,8928.22,31.68,TRADE
NSW1,2011/10/13 13:30,8901.39,31.76,TRADE
NSW1,2011/10/13 14:00,8877.36,30.7,TRADE
NSW1,2011/10/13 14:30,8847.25,30.37,TRADE
NSW1,2011/10/13 15:00,8816.44,30.36,TRADE
NSW1,2011/10/13 15:30,8846.34,30.37,TRADE
NSW1,2011/10/13 16:00,8910.21,30.37,TRADE
NSW1,2011/10/13 16:30,8911.63,30.34,TRADE
NSW1,2011/10/13 17:00,8993.19,31.69,TRADE
NSW1,2011/10/13 17:30,8924.25,30.62,TRADE
NSW1,2011/10/13 18:00,8992.51,30.8,TRADE
NSW1,2011/10/13 18:30,9099.32,31.99,TRADE
NSW1,2011/10/13 19:00,9174.92,33.11,TRADE
NSW1,2011/10/13 19:30,9109.45,31.75,TRADE
NSW1,2011/10/13 20:00,8953.9,31.64,TRADE
NSW1,2011/10/13 20:30,8652.68,30.4,TRADE
NSW1,2011/10/13 21:00,8413.81,29.79,TRADE
NSW1,2011/10/13 21:30,8424.68,28.43,TRADE
NSW1,2011/10/13 22:00,8312.98,24.88,TRADE
NSW1,2011/10/13 22:30,8303.47,31.8,TRADE
NSW1,2011/10/13 23:00,8192.14,29.57,TRADE
NSW1,2011/10/13 23:30,8022.67,29.53,TRADE
NSW1,2011/10/14 0:00,7870.59,28.37,TRADE
NSW1,2011/10/14 0:30,7723.96,24.38,TRADE
NSW1,2011/10/14 1:00,7522.79,25.03,TRADE
NSW1,2011/10/14 1:30,7204.71,24.47,TRADE
NSW1,2011/10/14 2:00,6878.14,23.56,TRADE
NSW1,2011/10/14 2:30,6619.6,23.61,TRADE
NSW1,2011/10/14 3:00,6513.34,23.99,TRADE
NSW1,2011/10/14 3:30,6465.49,24.1,TRADE
NSW1,2011/10/14 4:00,6532.09,24.23,TRADE
NSW1,2011/10/14 4:30,6759.43,24.19,TRADE
NSW1,2011/10/14 5:00,7073.8,24.4,TRADE
NSW1,2011/10/14 5:30,7713,26.89,TRADE
NSW1,2011/10/14 6:00,8233.76,29.51,TRADE
NSW1,2011/10/14 6:30,8673.51,34.39,TRADE
NSW1,2011/10/14 7:00,9109.67,37.91,TRADE
NSW1,2011/10/14 7:30,9164.93,29.4,TRADE
NSW1,2011/10/14 8:00,9197.52,30.46,TRADE
NSW1,2011/10/14 8:30,9306.53,31.26,TRADE
NSW1,2011/10/14 9:00,9342.09,31.45,TRADE
NSW1,2011/10/14 9:30,9395.98,33.17,TRADE
NSW1,2011/10/14 10:00,9416.13,34.89,TRADE
NSW1,2011/10/14 10:30,9345.17,34.52,TRADE
NSW1,2011/10/14 11:00,9362.62,37.16,TRADE
NSW1,2011/10/14 11:30,9341.86,32.29,TRADE
NSW1,2011/10/14 12:00,9228.23,31.37,TRADE
NSW1,2011/10/14 12:30,9241.76,36.15,TRADE
NSW1,2011/10/14 13:00,9172.42,32.69,TRADE
NSW1,2011/10/14 13:30,9157.68,33.13,TRADE
NSW1,2011/10/14 14:00,9077.52,31.14,TRADE
NSW1,2011/10/14 14:30,9011.29,30.98,TRADE
NSW1,2011/10/14 15:00,9028.12,30.55,TRADE
NSW1,2011/10/14 15:30,8992.27,30.39,TRADE
NSW1,2011/10/14 16:00,9070.29,31.02,TRADE
NSW1,2011/10/14 16:30,9104.65,30.26,TRADE
NSW1,2011/10/14 17:00,9137.83,30.49,TRADE
NSW1,2011/10/14 17:30,9087.85,29.97,TRADE
NSW1,2011/10/14 18:00,9076.54,28.99,TRADE
NSW1,2011/10/14 18:30,9004.39,29.5,TRADE
NSW1,2011/10/14 19:00,8988.99,30.03,TRADE
NSW1,2011/10/14 19:30,8828.53,28.23,TRADE
NSW1,2011/10/14 20:00,8690.67,26.76,TRADE
NSW1,2011/10/14 20:30,8490.39,25.03,TRADE
NSW1,2011/10/14 21:00,8277.81,24.18,TRADE
NSW1,2011/10/14 21:30,8285.14,24.09,TRADE
NSW1,2011/10/14 22:00,8195.29,23.93,TRADE
NSW1,2011/10/14 22:30,8175,27.22,TRADE
NSW1,2011/10/14 23:00,8085.23,26.6,TRADE
NSW1,2011/10/14 23:30,7894.15,26.99,TRADE
NSW1,2011/10/15 0:00,7762.65,27.9,TRADE
NSW1,2011/10/15 0:30,7612.44,25.11,TRADE
NSW1,2011/10/15 1:00,7391.51,24.51,TRADE
NSW1,2011/10/15 1:30,7071.61,24.15,TRADE
NSW1,2011/10/15 2:00,6767.76,22.74,TRADE
NSW1,2011/10/15 2:30,6524.07,23.43,TRADE
NSW1,2011/10/15 3:00,6336.95,22.93,TRADE
NSW1,2011/10/15 3:30,6253.56,23.38,TRADE
NSW1,2011/10/15 4:00,6251.51,23.21,TRADE
NSW1,2011/10/15 4:30,6321.45,23.24,TRADE
NSW1,2011/10/15 5:00,6476.42,23.43,TRADE
NSW1,2011/10/15 5:30,6644.96,23.43,TRADE
NSW1,2011/10/15 6:00,6865.36,23.45,TRADE
NSW1,2011/10/15 6:30,7199.2,24.58,TRADE
NSW1,2011/10/15 7:00,7613.82,25.94,TRADE
NSW1,2011/10/15 7:30,8016.79,27.11,TRADE
NSW1,2011/10/15 8:00,8308.39,29.16,TRADE
NSW1,2011/10/15 8:30,8619.77,30.21,TRADE
NSW1,2011/10/15 9:00,8565.02,30.1,TRADE
NSW1,2011/10/15 9:30,8580.1,30.26,TRADE
NSW1,2011/10/15 10:00,8541.23,30.05,TRADE
NSW1,2011/10/15 10:30,8512.1,31.2,TRADE
NSW1,2011/10/15 11:00,8390.27,30.81,TRADE
NSW1,2011/10/15 11:30,8239.71,28.3,TRADE
NSW1,2011/10/15 12:00,8245.35,29.11,TRADE
NSW1,2011/10/15 12:30,8151.25,25.76,TRADE
NSW1,2011/10/15 13:00,7981.01,24.31,TRADE
NSW1,2011/10/15 13:30,7937.81,24.29,TRADE
NSW1,2011/10/15 14:00,7839.73,24.8,TRADE
NSW1,2011/10/15 14:30,7850.37,24.22,TRADE
NSW1,2011/10/15 15:00,7823.07,24.08,TRADE
NSW1,2011/10/15 15:30,7830.42,24.27,TRADE
NSW1,2011/10/15 16:00,7888.92,24.48,TRADE
NSW1,2011/10/15 16:30,7832.15,24.93,TRADE
NSW1,2011/10/15 17:00,7945.01,25.14,TRADE
NSW1,2011/10/15 17:30,7969.17,24.01,TRADE
NSW1,2011/10/15 18:00,8025.93,27.02,TRADE
NSW1,2011/10/15 18:30,8173.07,28.08,TRADE
NSW1,2011/10/15 19:00,8233.76,28.72,TRADE
NSW1,2011/10/15 19:30,8165.98,26.6,TRADE
NSW1,2011/10/15 20:00,7993.12,24.06,TRADE
NSW1,2011/10/15 20:30,7885,24.66,TRADE
NSW1,2011/10/15 21:00,7703.58,24,TRADE
NSW1,2011/10/15 21:30,7655.77,23.83,TRADE
NSW1,2011/10/15 22:00,7554.91,23.34,TRADE
NSW1,2011/10/15 22:30,7545.44,24.23,TRADE
NSW1,2011/10/15 23:00,7413.27,23.65,TRADE
NSW1,2011/10/15 23:30,7201.11,24.12,TRADE
NSW1,2011/10/16 0:00,7067.3,24.01,TRADE
NSW1,2011/10/16 0:30,6962.58,23.52,TRADE
NSW1,2011/10/16 1:00,6708.12,23.37,TRADE
NSW1,2011/10/16 1:30,6501.19,21.7,TRADE
NSW1,2011/10/16 2:00,6232.32,18.31,TRADE
NSW1,2011/10/16 2:30,6116.5,19.4,TRADE
NSW1,2011/10/16 3:00,6006.26,16.74,TRADE
NSW1,2011/10/16 3:30,5942.24,19.77,TRADE
NSW1,2011/10/16 4:00,5941.78,19.06,TRADE
NSW1,2011/10/16 4:30,6031.84,22.94,TRADE
NSW1,2011/10/16 5:00,6106.03,21.88,TRADE
NSW1,2011/10/16 5:30,6139.23,16.23,TRADE
NSW1,2011/10/16 6:00,6257.36,21.9,TRADE
NSW1,2011/10/16 6:30,6540.14,23.43,TRADE
NSW1,2011/10/16 7:00,6890.46,23.52,TRADE
NSW1,2011/10/16 7:30,7273.55,24.48,TRADE
NSW1,2011/10/16 8:00,7500.21,24.95,TRADE
NSW1,2011/10/16 8:30,7691.92,28.12,TRADE
NSW1,2011/10/16 9:00,7809.47,27.58,TRADE
NSW1,2011/10/16 9:30,7913.47,27.97,TRADE
NSW1,2011/10/16 10:00,7866.62,27.08,TRADE
NSW1,2011/10/16 10:30,7769.01,25.72,TRADE
NSW1,2011/10/16 11:00,7727.82,25.23,TRADE
NSW1,2011/10/16 11:30,7664.22,25.82,TRADE
NSW1,2011/10/16 12:00,7630.81,25.54,TRADE
NSW1,2011/10/16 12:30,7563.07,24.96,TRADE
NSW1,2011/10/16 13:00,7487.26,24.63,TRADE
NSW1,2011/10/16 13:30,7473.05,24.36,TRADE
NSW1,2011/10/16 14:00,7413.81,24.54,TRADE
NSW1,2011/10/16 14:30,7428.47,24.48,TRADE
NSW1,2011/10/16 15:00,7470.06,25.29,TRADE
NSW1,2011/10/16 15:30,7522.03,26.24,TRADE
NSW1,2011/10/16 16:00,7581.92,27.05,TRADE
NSW1,2011/10/16 16:30,7612.67,26.84,TRADE
NSW1,2011/10/16 17:00,7792.79,28.21,TRADE
NSW1,2011/10/16 17:30,7894.86,28.4,TRADE
NSW1,2011/10/16 18:00,8009.1,29.59,TRADE
NSW1,2011/10/16 18:30,8122.79,30.65,TRADE
NSW1,2011/10/16 19:00,8338.06,33.66,TRADE
NSW1,2011/10/16 19:30,8328.49,32.25,TRADE
NSW1,2011/10/16 20:00,8151.51,30.37,TRADE
NSW1,2011/10/16 20:30,7973.17,31.13,TRADE
NSW1,2011/10/16 21:00,7765.22,24.87,TRADE
NSW1,2011/10/16 21:30,7642.36,24.25,TRADE
NSW1,2011/10/16 22:00,7496.93,23.98,TRADE
NSW1,2011/10/16 22:30,7489.02,28,TRADE
NSW1,2011/10/16 23:00,7292.45,23.83,TRADE
NSW1,2011/10/16 23:30,7152.19,25.77,TRADE
NSW1,2011/10/17 0:00,7045.64,26.87,TRADE
NSW1,2011/10/17 0:30,7006.85,26.26,TRADE
NSW1,2011/10/17 1:00,6897.45,23.76,TRADE
NSW1,2011/10/17 1:30,6717.93,24.35,TRADE
NSW1,2011/10/17 2:00,6512.35,23.43,TRADE
NSW1,2011/10/17 2:30,6357.88,23.16,TRADE
NSW1,2011/10/17 3:00,6272.64,23.43,TRADE
NSW1,2011/10/17 3:30,6303.28,23.7,TRADE
NSW1,2011/10/17 4:00,6418.9,24.47,TRADE
NSW1,2011/10/17 4:30,6617.99,25.34,TRADE
NSW1,2011/10/17 5:00,6992.49,27.81,TRADE
NSW1,2011/10/17 5:30,7603.03,30.53,TRADE
NSW1,2011/10/17 6:00,8206.41,33.07,TRADE
NSW1,2011/10/17 6:30,8664.21,41.65,TRADE
NSW1,2011/10/17 7:00,9058.44,40.33,TRADE
NSW1,2011/10/17 7:30,9109.47,32.36,TRADE
NSW1,2011/10/17 8:00,9137.64,37.3,TRADE
NSW1,2011/10/17 8:30,9201.08,38.98,TRADE
NSW1,2011/10/17 9:00,9299.03,38.86,TRADE
NSW1,2011/10/17 9:30,9307.79,38.84,TRADE
NSW1,2011/10/17 10:00,9253,34.19,TRADE
NSW1,2011/10/17 10:30,9194.34,36.78,TRADE
NSW1,2011/10/17 11:00,9126.63,35.98,TRADE
NSW1,2011/10/17 11:30,9103.87,32.7,TRADE
NSW1,2011/10/17 12:00,9045.8,33,TRADE
NSW1,2011/10/17 12:30,9013.83,31.84,TRADE
NSW1,2011/10/17 13:00,8952.16,30.87,TRADE
NSW1,2011/10/17 13:30,8948.05,30.88,TRADE
NSW1,2011/10/17 14:00,8874.87,30.25,TRADE
NSW1,2011/10/17 14:30,8833.26,30.74,TRADE
NSW1,2011/10/17 15:00,8841.7,30.65,TRADE
NSW1,2011/10/17 15:30,8878.95,31.16,TRADE
NSW1,2011/10/17 16:00,8973.48,31.33,TRADE
NSW1,2011/10/17 16:30,9020.48,31.77,TRADE
NSW1,2011/10/17 17:00,9032.15,31.78,TRADE
NSW1,2011/10/17 17:30,8901.13,31.65,TRADE
NSW1,2011/10/17 18:00,8915.36,31.61,TRADE
NSW1,2011/10/17 18:30,9001.54,32.78,TRADE
NSW1,2011/10/17 19:00,9150.22,36.88,TRADE
NSW1,2011/10/17 19:30,9040.63,33.13,TRADE
NSW1,2011/10/17 20:00,8924.08,31.69,TRADE
NSW1,2011/10/17 20:30,8671.39,30.12,TRADE
NSW1,2011/10/17 21:00,8406.21,26.86,TRADE
NSW1,2011/10/17 21:30,8309.46,25.42,TRADE
NSW1,2011/10/17 22:00,8156.49,25.28,TRADE
NSW1,2011/10/17 22:30,8153.07,30.03,TRADE
NSW1,2011/10/17 23:00,8033.93,26.83,TRADE
NSW1,2011/10/17 23:30,7893.13,28.87,TRADE
NSW1,2011/10/18 0:00,7810.91,28.31,TRADE
NSW1,2011/10/18 0:30,7677.11,27.96,TRADE
NSW1,2011/10/18 1:00,7455.73,25.46,TRADE
NSW1,2011/10/18 1:30,7189.37,26.77,TRADE
NSW1,2011/10/18 2:00,6897.61,24.72,TRADE
NSW1,2011/10/18 2:30,6648.01,24.24,TRADE
NSW1,2011/10/18 3:00,6555.11,23.86,TRADE
NSW1,2011/10/18 3:30,6545.99,24.17,TRADE
NSW1,2011/10/18 4:00,6616.23,24.29,TRADE
NSW1,2011/10/18 4:30,6810.19,24.55,TRADE
NSW1,2011/10/18 5:00,7169.06,29.08,TRADE
NSW1,2011/10/18 5:30,7854.53,40.35,TRADE
NSW1,2011/10/18 6:00,8461.96,58.88,TRADE
NSW1,2011/10/18 6:30,8876.93,71.75,TRADE
NSW1,2011/10/18 7:00,9109.98,39.58,TRADE
NSW1,2011/10/18 7:30,9142.05,29.33,TRADE
NSW1,2011/10/18 8:00,9127.6,30.79,TRADE
NSW1,2011/10/18 8:30,9139.49,46.85,TRADE
NSW1,2011/10/18 9:00,9225.94,31.23,TRADE
NSW1,2011/10/18 9:30,9218.22,31.43,TRADE
NSW1,2011/10/18 10:00,9172.84,31.84,TRADE
NSW1,2011/10/18 10:30,9125.45,31.4,TRADE
NSW1,2011/10/18 11:00,9071.66,31.58,TRADE
NSW1,2011/10/18 11:30,9077.83,31,TRADE
NSW1,2011/10/18 12:00,8999.25,30.37,TRADE
NSW1,2011/10/18 12:30,9019.53,33.45,TRADE
NSW1,2011/10/18 13:00,8995.76,31.41,TRADE
NSW1,2011/10/18 13:30,8964.27,30.3,TRADE
NSW1,2011/10/18 14:00,8814.66,30.01,TRADE
NSW1,2011/10/18 14:30,8860.25,30.43,TRADE
NSW1,2011/10/18 15:00,8913.36,31.15,TRADE
NSW1,2011/10/18 15:30,8976.3,31.49,TRADE
NSW1,2011/10/18 16:00,9019.15,35.25,TRADE
NSW1,2011/10/18 16:30,9028.09,32.33,TRADE
NSW1,2011/10/18 17:00,9070.03,31.06,TRADE
NSW1,2011/10/18 17:30,8913.77,28.86,TRADE
NSW1,2011/10/18 18:00,8906.64,28.56,TRADE
NSW1,2011/10/18 18:30,9003.88,30.49,TRADE
NSW1,2011/10/18 19:00,9171.51,33.21,TRADE
NSW1,2011/10/18 19:30,9049.83,31.89,TRADE
NSW1,2011/10/18 20:00,8860.3,30.43,TRADE
NSW1,2011/10/18 20:30,8595.51,30.33,TRADE
NSW1,2011/10/18 21:00,8427.42,27.41,TRADE
NSW1,2011/10/18 21:30,8379.46,25.94,TRADE
NSW1,2011/10/18 22:00,8171.7,24.71,TRADE
NSW1,2011/10/18 22:30,8213.31,32.48,TRADE
NSW1,2011/10/18 23:00,8121.71,29.39,TRADE
NSW1,2011/10/18 23:30,7981.23,29.94,TRADE
NSW1,2011/10/19 0:00,7860.01,30.43,TRADE
NSW1,2011/10/19 0:30,7745.34,27.41,TRADE
NSW1,2011/10/19 1:00,7496.54,25.25,TRADE
NSW1,2011/10/19 1:30,7220.13,24.28,TRADE
NSW1,2011/10/19 2:00,6887.96,23.43,TRADE
NSW1,2011/10/19 2:30,6692.57,23.41,TRADE
NSW1,2011/10/19 3:00,6528.15,23.19,TRADE
NSW1,2011/10/19 3:30,6511.87,23.43,TRADE
NSW1,2011/10/19 4:00,6551.48,23.43,TRADE
NSW1,2011/10/19 4:30,6780.1,23.43,TRADE
NSW1,2011/10/19 5:00,7096.57,26.55,TRADE
NSW1,2011/10/19 5:30,7721.82,30.83,TRADE
NSW1,2011/10/19 6:00,8341.27,41.75,TRADE
NSW1,2011/10/19 6:30,8704.85,37.94,TRADE
NSW1,2011/10/19 7:00,9000.38,43.6,TRADE
NSW1,2011/10/19 7:30,9016.73,25.1,TRADE
NSW1,2011/10/19 8:00,8925.15,26.18,TRADE
NSW1,2011/10/19 8:30,8950.55,29.5,TRADE
NSW1,2011/10/19 9:00,9011.22,29.56,TRADE
NSW1,2011/10/19 9:30,9018.9,29.89,TRADE
NSW1,2011/10/19 10:00,9024.55,28.87,TRADE
NSW1,2011/10/19 10:30,8936.64,28.99,TRADE
NSW1,2011/10/19 11:00,8948.09,29.31,TRADE
NSW1,2011/10/19 11:30,8945.24,30.28,TRADE
NSW1,2011/10/19 12:00,8917.79,29.79,TRADE
NSW1,2011/10/19 12:30,8923.08,30.19,TRADE
NSW1,2011/10/19 13:00,8943.14,29.92,TRADE
NSW1,2011/10/19 13:30,8976.25,30.37,TRADE
NSW1,2011/10/19 14:00,8964.36,30.37,TRADE
NSW1,2011/10/19 14:30,8901.31,29.04,TRADE
NSW1,2011/10/19 15:00,8937.47,29.73,TRADE
NSW1,2011/10/19 15:30,9026.17,30.37,TRADE
NSW1,2011/10/19 16:00,9049.23,30.37,TRADE
NSW1,2011/10/19 16:30,9056.08,30.16,TRADE
NSW1,2011/10/19 17:00,9036.24,29.86,TRADE
NSW1,2011/10/19 17:30,8885.31,27.12,TRADE
NSW1,2011/10/19 18:00,8896.32,27.69,TRADE
NSW1,2011/10/19 18:30,8882.21,26.93,TRADE
NSW1,2011/10/19 19:00,9043.74,29.87,TRADE
NSW1,2011/10/19 19:30,8986.11,28.76,TRADE
NSW1,2011/10/19 20:00,8808.42,25.75,TRADE
NSW1,2011/10/19 20:30,8577.12,24.92,TRADE
NSW1,2011/10/19 21:00,8335.46,24.45,TRADE
NSW1,2011/10/19 21:30,8285.86,25.04,TRADE
NSW1,2011/10/19 22:00,8134.02,23.87,TRADE
NSW1,2011/10/19 22:30,8059.67,26.3,TRADE
NSW1,2011/10/19 23:00,7964.09,24.89,TRADE
NSW1,2011/10/19 23:30,7793.49,25.12,TRADE
NSW1,2011/10/20 0:00,7735.7,27.15,TRADE
NSW1,2011/10/20 0:30,7583.6,24.25,TRADE
NSW1,2011/10/20 1:00,7363.68,23.77,TRADE
NSW1,2011/10/20 1:30,7099.79,24.02,TRADE
NSW1,2011/10/20 2:00,6784.62,18.67,TRADE
NSW1,2011/10/20 2:30,6541.04,17.27,TRADE
NSW1,2011/10/20 3:00,6444.17,15.13,TRADE
NSW1,2011/10/20 3:30,6421.08,15.35,TRADE
NSW1,2011/10/20 4:00,6476.12,20.78,TRADE
NSW1,2011/10/20 4:30,6701.39,20.43,TRADE
NSW1,2011/10/20 5:00,7046.06,21.87,TRADE
NSW1,2011/10/20 5:30,7634.71,23.73,TRADE
NSW1,2011/10/20 6:00,8247.84,27.5,TRADE
NSW1,2011/10/20 6:30,8629.1,27.31,TRADE
NSW1,2011/10/20 7:00,8933.91,26.17,TRADE
NSW1,2011/10/20 7:30,9005,24.73,TRADE
NSW1,2011/10/20 8:00,8956.02,25.06,TRADE
NSW1,2011/10/20 8:30,9016.77,26.92,TRADE
NSW1,2011/10/20 9:00,9174.57,28.93,TRADE
NSW1,2011/10/20 9:30,9219.87,28.93,TRADE
NSW1,2011/10/20 10:00,9205.42,28.71,TRADE
NSW1,2011/10/20 10:30,9146.16,27.44,TRADE
NSW1,2011/10/20 11:00,9105.95,29.15,TRADE
NSW1,2011/10/20 11:30,9075.06,29.09,TRADE
NSW1,2011/10/20 12:00,9087.51,29.33,TRADE
NSW1,2011/10/20 12:30,9101.59,29.77,TRADE
NSW1,2011/10/20 13:00,9102.93,29.02,TRADE
NSW1,2011/10/20 13:30,9147.78,28.26,TRADE
NSW1,2011/10/20 14:00,9154.44,28.86,TRADE
NSW1,2011/10/20 14:30,9038.7,27.86,TRADE
NSW1,2011/10/20 15:00,9089.06,29.7,TRADE
NSW1,2011/10/20 15:30,9126.98,29.14,TRADE
NSW1,2011/10/20 16:00,9250.57,29.76,TRADE
NSW1,2011/10/20 16:30,9229.85,30.15,TRADE
NSW1,2011/10/20 17:00,9267.37,31.17,TRADE
NSW1,2011/10/20 17:30,9147.51,30.63,TRADE
NSW1,2011/10/20 18:00,9088.18,29.06,TRADE
NSW1,2011/10/20 18:30,9099.52,30.15,TRADE
NSW1,2011/10/20 19:00,9234.5,31.73,TRADE
NSW1,2011/10/20 19:30,9156.2,29.4,TRADE
NSW1,2011/10/20 20:00,8929.39,26.52,TRADE
NSW1,2011/10/20 20:30,8590.55,25.07,TRADE
NSW1,2011/10/20 21:00,8301.67,24.72,TRADE
NSW1,2011/10/20 21:30,8300.63,25.01,TRADE
NSW1,2011/10/20 22:00,8150.55,24.1,TRADE
NSW1,2011/10/20 22:30,8145.61,26.39,TRADE
NSW1,2011/10/20 23:00,8002.51,25.24,TRADE
NSW1,2011/10/20 23:30,7810.11,26.01,TRADE
NSW1,2011/10/21 0:00,7717.85,27.7,TRADE
NSW1,2011/10/21 0:30,7575.39,24.87,TRADE
NSW1,2011/10/21 1:00,7386.23,23.95,TRADE
NSW1,2011/10/21 1:30,7093.32,23.95,TRADE
NSW1,2011/10/21 2:00,6781.87,23.43,TRADE
NSW1,2011/10/21 2:30,6550.82,23.19,TRADE
NSW1,2011/10/21 3:00,6449.72,23.37,TRADE
NSW1,2011/10/21 3:30,6411.44,23.2,TRADE
NSW1,2011/10/21 4:00,6454.33,23.43,TRADE
NSW1,2011/10/21 4:30,6676.54,23.43,TRADE
NSW1,2011/10/21 5:00,7010.56,23.59,TRADE
NSW1,2011/10/21 5:30,7552.31,23.43,TRADE
NSW1,2011/10/21 6:00,8119.39,28.84,TRADE
NSW1,2011/10/21 6:30,8498.11,28.31,TRADE
NSW1,2011/10/21 7:00,8833.34,27.02,TRADE
NSW1,2011/10/21 7:30,8943.21,24.64,TRADE
NSW1,2011/10/21 8:00,9048.1,25.47,TRADE
NSW1,2011/10/21 8:30,9152.64,27.81,TRADE
NSW1,2011/10/21 9:00,9262.51,27.56,TRADE
NSW1,2011/10/21 9:30,9343.27,28.64,TRADE
NSW1,2011/10/21 10:00,9408.56,28.2,TRADE
NSW1,2011/10/21 10:30,9424.2,30.43,TRADE
NSW1,2011/10/21 11:00,9452.45,29.57,TRADE
NSW1,2011/10/21 11:30,9453.44,28.01,TRADE
NSW1,2011/10/21 12:00,9390.75,28.13,TRADE
NSW1,2011/10/21 12:30,9413.26,28.15,TRADE
NSW1,2011/10/21 13:00,9380.71,28.07,TRADE
NSW1,2011/10/21 13:30,9401.86,27.93,TRADE
NSW1,2011/10/21 14:00,9407.54,29.09,TRADE
NSW1,2011/10/21 14:30,9384.39,29.71,TRADE
NSW1,2011/10/21 15:00,9441.95,30.92,TRADE
NSW1,2011/10/21 15:30,9483.25,29.66,TRADE
NSW1,2011/10/21 16:00,9535.75,30.05,TRADE
NSW1,2011/10/21 16:30,9471.56,29.4,TRADE
NSW1,2011/10/21 17:00,9324.21,28.16,TRADE
NSW1,2011/10/21 17:30,9038.8,25.09,TRADE
NSW1,2011/10/21 18:00,8903.07,25.07,TRADE
NSW1,2011/10/21 18:30,8890.84,25.89,TRADE
NSW1,2011/10/21 19:00,8922.62,26.07,TRADE
NSW1,2011/10/21 19:30,8770.86,25.51,TRADE
NSW1,2011/10/21 20:00,8657.3,26.08,TRADE
NSW1,2011/10/21 20:30,8389.74,25.17,TRADE
NSW1,2011/10/21 21:00,8212.2,24.98,TRADE
NSW1,2011/10/21 21:30,8179.9,24.97,TRADE
NSW1,2011/10/21 22:00,8138.35,24.67,TRADE
NSW1,2011/10/21 22:30,8164.45,29.73,TRADE
NSW1,2011/10/21 23:00,8077.13,27.53,TRADE
NSW1,2011/10/21 23:30,7908.08,29.94,TRADE
NSW1,2011/10/22 0:00,7730.59,28.25,TRADE
NSW1,2011/10/22 0:30,7511.82,25.8,TRADE
NSW1,2011/10/22 1:00,7239.39,26.28,TRADE
NSW1,2011/10/22 1:30,6993.68,25.5,TRADE
NSW1,2011/10/22 2:00,6664.59,25.19,TRADE
NSW1,2011/10/22 2:30,6523.38,24.92,TRADE
NSW1,2011/10/22 3:00,6392.99,24.83,TRADE
NSW1,2011/10/22 3:30,6282.95,24.55,TRADE
NSW1,2011/10/22 4:00,6342.58,24.99,TRADE
NSW1,2011/10/22 4:30,6413.32,24.14,TRADE
NSW1,2011/10/22 5:00,6501.93,25.14,TRADE
NSW1,2011/10/22 5:30,6682.76,23.15,TRADE
NSW1,2011/10/22 6:00,6886.66,23.43,TRADE
NSW1,2011/10/22 6:30,7206.93,24.69,TRADE
NSW1,2011/10/22 7:00,7592.33,25.47,TRADE
NSW1,2011/10/22 7:30,7929.05,28.23,TRADE
NSW1,2011/10/22 8:00,8230.72,30.51,TRADE
NSW1,2011/10/22 8:30,8477.65,31.96,TRADE
NSW1,2011/10/22 9:00,8456.89,30.57,TRADE
NSW1,2011/10/22 9:30,8561.87,31.08,TRADE
NSW1,2011/10/22 10:00,8513.4,30.41,TRADE
NSW1,2011/10/22 10:30,8490.84,30.45,TRADE
NSW1,2011/10/22 11:00,8409.91,29.92,TRADE
NSW1,2011/10/22 11:30,8453.93,29.72,TRADE
NSW1,2011/10/22 12:00,8362.02,25.19,TRADE
NSW1,2011/10/22 12:30,8336.1,26.34,TRADE
NSW1,2011/10/22 13:00,8296.18,26.31,TRADE
NSW1,2011/10/22 13:30,8267.85,25.63,TRADE
NSW1,2011/10/22 14:00,8260.28,26.07,TRADE
NSW1,2011/10/22 14:30,8239.96,26.21,TRADE
NSW1,2011/10/22 15:00,8279.46,26.62,TRADE
NSW1,2011/10/22 15:30,8322.09,26.37,TRADE
NSW1,2011/10/22 16:00,8327.55,25.47,TRADE
NSW1,2011/10/22 16:30,8269.48,25.74,TRADE
NSW1,2011/10/22 17:00,8303.23,26.01,TRADE
NSW1,2011/10/22 17:30,8291.92,26.46,TRADE
NSW1,2011/10/22 18:00,8184.72,26.06,TRADE
NSW1,2011/10/22 18:30,8260.28,26.86,TRADE
NSW1,2011/10/22 19:00,8362.94,26.93,TRADE
NSW1,2011/10/22 19:30,8230.57,26.05,TRADE
NSW1,2011/10/22 20:00,8047.53,25.47,TRADE
NSW1,2011/10/22 20:30,7950.11,25.97,TRADE
NSW1,2011/10/22 21:00,7789.41,25.05,TRADE
NSW1,2011/10/22 21:30,7748.74,24.89,TRADE
NSW1,2011/10/22 22:00,7673.45,24.48,TRADE
NSW1,2011/10/22 22:30,7597.09,26.86,TRADE
NSW1,2011/10/22 23:00,7455.08,25.19,TRADE
NSW1,2011/10/22 23:30,7228.51,25.98,TRADE
NSW1,2011/10/23 0:00,7095.68,25.97,TRADE
NSW1,2011/10/23 0:30,6977.86,24.31,TRADE
NSW1,2011/10/23 1:00,6787.46,23.73,TRADE
NSW1,2011/10/23 1:30,6578.93,23.48,TRADE
NSW1,2011/10/23 2:00,6329.29,22.84,TRADE
NSW1,2011/10/23 2:30,6165.33,22.58,TRADE
NSW1,2011/10/23 3:00,6122.61,23.36,TRADE
NSW1,2011/10/23 3:30,6065.27,23.3,TRADE
NSW1,2011/10/23 4:00,6064.62,21.83,TRADE
NSW1,2011/10/23 4:30,6087.56,19.71,TRADE
NSW1,2011/10/23 5:00,6129.87,19.79,TRADE
NSW1,2011/10/23 5:30,6174.41,20.4,TRADE
NSW1,2011/10/23 6:00,6315.11,20.27,TRADE
NSW1,2011/10/23 6:30,6479.7,22.67,TRADE
NSW1,2011/10/23 7:00,6780.69,22.26,TRADE
NSW1,2011/10/23 7:30,7198.3,24.38,TRADE
NSW1,2011/10/23 8:00,7462.99,24.31,TRADE
NSW1,2011/10/23 8:30,7715.79,24.97,TRADE
NSW1,2011/10/23 9:00,7857.88,24.21,TRADE
NSW1,2011/10/23 9:30,7985.68,25.21,TRADE
NSW1,2011/10/23 10:00,8012.23,24.94,TRADE
NSW1,2011/10/23 10:30,8015.78,24.76,TRADE
NSW1,2011/10/23 11:00,7938.5,24.47,TRADE
NSW1,2011/10/23 11:30,7952.48,24.7,TRADE
NSW1,2011/10/23 12:00,8034.47,24.93,TRADE
NSW1,2011/10/23 12:30,8045.48,25.24,TRADE
NSW1,2011/10/23 13:00,8068.93,25.16,TRADE
NSW1,2011/10/23 13:30,8017.5,25,TRADE
NSW1,2011/10/23 14:00,8077.19,25.79,TRADE
NSW1,2011/10/23 14:30,8155.5,25.47,TRADE
NSW1,2011/10/23 15:00,8170.43,25.82,TRADE
NSW1,2011/10/23 15:30,8294.43,26.62,TRADE
NSW1,2011/10/23 16:00,8369.85,26.59,TRADE
NSW1,2011/10/23 16:30,8396.83,30.16,TRADE
NSW1,2011/10/23 17:00,8565.37,30.71,TRADE
NSW1,2011/10/23 17:30,8562.6,30.81,TRADE
NSW1,2011/10/23 18:00,8484.08,30.63,TRADE
NSW1,2011/10/23 18:30,8509.12,31.01,TRADE
NSW1,2011/10/23 19:00,8776.53,35.85,TRADE
NSW1,2011/10/23 19:30,8709.2,30.89,TRADE
NSW1,2011/10/23 20:00,8475.32,27.95,TRADE
NSW1,2011/10/23 20:30,8306.53,27.24,TRADE
NSW1,2011/10/23 21:00,8049.41,24.92,TRADE
NSW1,2011/10/23 21:30,7918.8,24.84,TRADE
NSW1,2011/10/23 22:00,7688.74,23.76,TRADE
NSW1,2011/10/23 22:30,7604.14,25.4,TRADE
NSW1,2011/10/23 23:00,7431.39,24.28,TRADE
NSW1,2011/10/23 23:30,7204.54,24.69,TRADE
NSW1,2011/10/24 0:00,7073.33,25.4,TRADE
NSW1,2011/10/24 0:30,6995.9,24.36,TRADE
NSW1,2011/10/24 1:00,6778.29,23.25,TRADE
NSW1,2011/10/24 1:30,6574.56,22.66,TRADE
NSW1,2011/10/24 2:00,6393.55,21.62,TRADE
NSW1,2011/10/24 2:30,6279.58,23.43,TRADE
NSW1,2011/10/24 3:00,6102.83,23.2,TRADE
NSW1,2011/10/24 3:30,6158.77,23.37,TRADE
NSW1,2011/10/24 4:00,6237.67,23.19,TRADE
NSW1,2011/10/24 4:30,6383.65,19.94,TRADE
NSW1,2011/10/24 5:00,6721.7,21.94,TRADE
NSW1,2011/10/24 5:30,7240.76,23.59,TRADE
NSW1,2011/10/24 6:00,7840.33,22.8,TRADE
NSW1,2011/10/24 6:30,8261.22,26.31,TRADE
NSW1,2011/10/24 7:00,8697.54,27.6,TRADE
NSW1,2011/10/24 7:30,8893.27,27.42,TRADE
NSW1,2011/10/24 8:00,9067.79,29.35,TRADE
NSW1,2011/10/24 8:30,9303.05,31.03,TRADE
NSW1,2011/10/24 9:00,9480.9,33.74,TRADE
NSW1,2011/10/24 9:30,9601.5,31.79,TRADE
NSW1,2011/10/24 10:00,9684.11,30.95,TRADE
NSW1,2011/10/24 10:30,9667.62,30.37,TRADE
NSW1,2011/10/24 11:00,9720.33,32.18,TRADE
NSW1,2011/10/24 11:30,9751.87,33.16,TRADE
NSW1,2011/10/24 12:00,9831.87,36.82,TRADE
NSW1,2011/10/24 12:30,9911.14,35.91,TRADE
NSW1,2011/10/24 13:00,9966.13,34.41,TRADE
NSW1,2011/10/24 13:30,10028.56,35.99,TRADE
NSW1,2011/10/24 14:00,10028.49,37.14,TRADE
NSW1,2011/10/24 14:30,10091.26,40.36,TRADE
NSW1,2011/10/24 15:00,10182.12,39.81,TRADE
NSW1,2011/10/24 15:30,10297.02,35.55,TRADE
NSW1,2011/10/24 16:00,10337.52,33.85,TRADE
NSW1,2011/10/24 16:30,10330.33,34.99,TRADE
NSW1,2011/10/24 17:00,10223.93,33.66,TRADE
NSW1,2011/10/24 17:30,9944.13,30.43,TRADE
NSW1,2011/10/24 18:00,9870.67,30.36,TRADE
NSW1,2011/10/24 18:30,9723.86,30.28,TRADE
NSW1,2011/10/24 19:00,9778.6,30.63,TRADE
NSW1,2011/10/24 19:30,9568.33,29.6,TRADE
NSW1,2011/10/24 20:00,9358.25,28.68,TRADE
NSW1,2011/10/24 20:30,9098.92,27.09,TRADE
NSW1,2011/10/24 21:00,8729.23,24.58,TRADE
NSW1,2011/10/24 21:30,8583.69,25.03,TRADE
NSW1,2011/10/24 22:00,8380.8,24.28,TRADE
NSW1,2011/10/24 22:30,8274.65,26.42,TRADE
NSW1,2011/10/24 23:00,8067.01,25.71,TRADE
NSW1,2011/10/24 23:30,7830.88,24.94,TRADE
NSW1,2011/10/25 0:00,7714.37,26.47,TRADE
NSW1,2011/10/25 0:30,7544,24.66,TRADE
NSW1,2011/10/25 1:00,7333.39,23.97,TRADE
NSW1,2011/10/25 1:30,7030.01,23.31,TRADE
NSW1,2011/10/25 2:00,6747.89,23.3,TRADE
NSW1,2011/10/25 2:30,6527.19,23.04,TRADE
NSW1,2011/10/25 3:00,6478.34,22.74,TRADE
NSW1,2011/10/25 3:30,6494.02,23.43,TRADE
NSW1,2011/10/25 4:00,6576.75,23.19,TRADE
NSW1,2011/10/25 4:30,6742.91,20.92,TRADE
NSW1,2011/10/25 5:00,6988.41,21.4,TRADE
NSW1,2011/10/25 5:30,7619.49,23.74,TRADE
NSW1,2011/10/25 6:00,8145.32,25.92,TRADE
NSW1,2011/10/25 6:30,8599.87,29.81,TRADE
NSW1,2011/10/25 7:00,9017.13,31.66,TRADE
NSW1,2011/10/25 7:30,9082.68,26.42,TRADE
NSW1,2011/10/25 8:00,9120.59,27.36,TRADE
NSW1,2011/10/25 8:30,9267.88,29.86,TRADE
NSW1,2011/10/25 9:00,9344.06,30.01,TRADE
NSW1,2011/10/25 9:30,9348.93,30.91,TRADE
NSW1,2011/10/25 10:00,9310.6,30.39,TRADE
NSW1,2011/10/25 10:30,9317.43,30.99,TRADE
NSW1,2011/10/25 11:00,9276.12,30.01,TRADE
NSW1,2011/10/25 11:30,9228.35,30.37,TRADE
NSW1,2011/10/25 12:00,9243.21,30.32,TRADE
NSW1,2011/10/25 12:30,9245.92,30.42,TRADE
NSW1,2011/10/25 13:00,9203.6,30.27,TRADE
NSW1,2011/10/25 13:30,9194.5,30.25,TRADE
NSW1,2011/10/25 14:00,9080.54,30.22,TRADE
NSW1,2011/10/25 14:30,9020.95,29.84,TRADE
NSW1,2011/10/25 15:00,9021.36,30.01,TRADE
NSW1,2011/10/25 15:30,9030.6,30.34,TRADE
NSW1,2011/10/25 16:00,9110.3,30.37,TRADE
NSW1,2011/10/25 16:30,9110.43,30.03,TRADE
NSW1,2011/10/25 17:00,9141.16,30.24,TRADE
NSW1,2011/10/25 17:30,8994.58,28.64,TRADE
NSW1,2011/10/25 18:00,8954.53,28.26,TRADE
NSW1,2011/10/25 18:30,8943.31,29.51,TRADE
NSW1,2011/10/25 19:00,8890.53,30.33,TRADE
NSW1,2011/10/25 19:30,8768.11,29.57,TRADE
NSW1,2011/10/25 20:00,8531.94,28.59,TRADE
NSW1,2011/10/25 20:30,8343.19,26.34,TRADE
NSW1,2011/10/25 21:00,8069.16,25.15,TRADE
NSW1,2011/10/25 21:30,7994.33,25.26,TRADE
NSW1,2011/10/25 22:00,7834.25,24.51,TRADE
NSW1,2011/10/25 22:30,7831.86,26.89,TRADE
NSW1,2011/10/25 23:00,7686.86,26.58,TRADE
NSW1,2011/10/25 23:30,7549.49,27.87,TRADE
NSW1,2011/10/26 0:00,7408.77,28.51,TRADE
NSW1,2011/10/26 0:30,7264.97,25.04,TRADE
NSW1,2011/10/26 1:00,7050.84,24.43,TRADE
NSW1,2011/10/26 1:30,6769.18,23.85,TRADE
NSW1,2011/10/26 2:00,6512.9,23.43,TRADE
NSW1,2011/10/26 2:30,6305.39,23.42,TRADE
NSW1,2011/10/26 3:00,6186.54,23.28,TRADE
NSW1,2011/10/26 3:30,6180.98,23.43,TRADE
NSW1,2011/10/26 4:00,6226.32,23.43,TRADE
NSW1,2011/10/26 4:30,6459.06,23.43,TRADE
NSW1,2011/10/26 5:00,6761.91,23.31,TRADE
NSW1,2011/10/26 5:30,7369.06,24.66,TRADE
NSW1,2011/10/26 6:00,7974.39,26.69,TRADE
NSW1,2011/10/26 6:30,8423.71,29.38,TRADE
NSW1,2011/10/26 7:00,8793.68,35.81,TRADE
NSW1,2011/10/26 7:30,8856.38,27.13,TRADE
NSW1,2011/10/26 8:00,8851.01,26.5,TRADE
NSW1,2011/10/26 8:30,8965.03,28.23,TRADE
NSW1,2011/10/26 9:00,8985.81,28.88,TRADE
NSW1,2011/10/26 9:30,9026.3,29.01,TRADE
NSW1,2011/10/26 10:00,8941.99,28.5,TRADE
NSW1,2011/10/26 10:30,8916.03,28.59,TRADE
NSW1,2011/10/26 11:00,8971.03,29,TRADE
NSW1,2011/10/26 11:30,8927.11,28.81,TRADE
NSW1,2011/10/26 12:00,8908.88,28.67,TRADE
NSW1,2011/10/26 12:30,8902.12,29.26,TRADE
NSW1,2011/10/26 13:00,8864.81,28.97,TRADE
NSW1,2011/10/26 13:30,8857.13,28.46,TRADE
NSW1,2011/10/26 14:00,8805.7,29.04,TRADE
NSW1,2011/10/26 14:30,8743.95,28.16,TRADE
NSW1,2011/10/26 15:00,8819.12,29.72,TRADE
NSW1,2011/10/26 15:30,8841.5,29.4,TRADE
NSW1,2011/10/26 16:00,8923.14,29.82,TRADE
NSW1,2011/10/26 16:30,8999.8,34.21,TRADE
NSW1,2011/10/26 17:00,9082.57,28.37,TRADE
NSW1,2011/10/26 17:30,9017.54,27.83,TRADE
NSW1,2011/10/26 18:00,9043.5,28.54,TRADE
NSW1,2011/10/26 18:30,8991.61,27.81,TRADE
NSW1,2011/10/26 19:00,9046.49,29.12,TRADE
NSW1,2011/10/26 19:30,8988.35,26.39,TRADE
NSW1,2011/10/26 20:00,8762.43,26.1,TRADE
NSW1,2011/10/26 20:30,8502.75,25.73,TRADE
NSW1,2011/10/26 21:00,8265.16,25.76,TRADE
NSW1,2011/10/26 21:30,8200.61,25.69,TRADE
NSW1,2011/10/26 22:00,8060.65,24.77,TRADE
NSW1,2011/10/26 22:30,8023.33,29.66,TRADE
NSW1,2011/10/26 23:00,7881.09,27.4,TRADE
NSW1,2011/10/26 23:30,7717.4,28.09,TRADE
NSW1,2011/10/27 0:00,7590.39,29.12,TRADE
NSW1,2011/10/27 0:30,7497.29,25.23,TRADE
NSW1,2011/10/27 1:00,7262.67,24.53,TRADE
NSW1,2011/10/27 1:30,6913.08,24.25,TRADE
NSW1,2011/10/27 2:00,6590.92,23.16,TRADE
NSW1,2011/10/27 2:30,6344.45,23.43,TRADE
NSW1,2011/10/27 3:00,6244.84,23.97,TRADE
NSW1,2011/10/27 3:30,6225.43,23.44,TRADE
NSW1,2011/10/27 4:00,6275.06,24.02,TRADE
NSW1,2011/10/27 4:30,6509,23.58,TRADE
NSW1,2011/10/27 5:00,6816.32,23.57,TRADE
NSW1,2011/10/27 5:30,7374.05,27.88,TRADE
NSW1,2011/10/27 6:00,8004.09,28.2,TRADE
NSW1,2011/10/27 6:30,8426.86,29.33,TRADE
NSW1,2011/10/27 7:00,8785.44,32.23,TRADE
NSW1,2011/10/27 7:30,8822.29,27.27,TRADE
NSW1,2011/10/27 8:00,8758.91,27.98,TRADE
NSW1,2011/10/27 8:30,8827.11,28.49,TRADE
NSW1,2011/10/27 9:00,8917.25,29.96,TRADE
NSW1,2011/10/27 9:30,8947.73,30.09,TRADE
NSW1,2011/10/27 10:00,8974.28,30.37,TRADE
NSW1,2011/10/27 10:30,8906.29,28.94,TRADE
NSW1,2011/10/27 11:00,8860.46,29.01,TRADE
NSW1,2011/10/27 11:30,8842.97,28.9,TRADE
NSW1,2011/10/27 12:00,8807.99,28.41,TRADE
NSW1,2011/10/27 12:30,8795.85,28.11,TRADE
NSW1,2011/10/27 13:00,8749.01,27.74,TRADE
NSW1,2011/10/27 13:30,8744.3,28.97,TRADE
NSW1,2011/10/27 14:00,8707.7,28.11,TRADE
NSW1,2011/10/27 14:30,8686.15,26.6,TRADE
NSW1,2011/10/27 15:00,8703.86,26.56,TRADE
NSW1,2011/10/27 15:30,8749.81,29.06,TRADE
NSW1,2011/10/27 16:00,8845.69,29.1,TRADE
NSW1,2011/10/27 16:30,8864.82,28.98,TRADE
NSW1,2011/10/27 17:00,8966.91,30.19,TRADE
NSW1,2011/10/27 17:30,8939.94,29.13,TRADE
NSW1,2011/10/27 18:00,8983.57,28.82,TRADE
NSW1,2011/10/27 18:30,9016.52,29.74,TRADE
NSW1,2011/10/27 19:00,9083.63,30.37,TRADE
NSW1,2011/10/27 19:30,9014.63,30.23,TRADE
NSW1,2011/10/27 20:00,8732.14,28.78,TRADE
NSW1,2011/10/27 20:30,8531.38,25.71,TRADE
NSW1,2011/10/27 21:00,8282.73,25.84,TRADE
NSW1,2011/10/27 21:30,8230.96,26.09,TRADE
NSW1,2011/10/27 22:00,8071.81,24.84,TRADE
NSW1,2011/10/27 22:30,8086.49,34.31,TRADE
NSW1,2011/10/27 23:00,7967.4,29.18,TRADE
NSW1,2011/10/27 23:30,7823.91,29.36,TRADE
NSW1,2011/10/28 0:00,7644.41,28.37,TRADE
NSW1,2011/10/28 0:30,7513.63,25.21,TRADE
NSW1,2011/10/28 1:00,7310.56,25.91,TRADE
NSW1,2011/10/28 1:30,6882.87,24.71,TRADE
NSW1,2011/10/28 2:00,6388.63,24.49,TRADE
NSW1,2011/10/28 2:30,6306.56,24.45,TRADE
NSW1,2011/10/28 3:00,6268.91,24.09,TRADE
NSW1,2011/10/28 3:30,6265.77,24.14,TRADE
NSW1,2011/10/28 4:00,6375.58,24.45,TRADE
NSW1,2011/10/28 4:30,6624.97,25.82,TRADE
NSW1,2011/10/28 5:00,6952.16,27.65,TRADE
NSW1,2011/10/28 5:30,7511.4,39.59,TRADE
NSW1,2011/10/28 6:00,8094.53,45.42,TRADE
NSW1,2011/10/28 6:30,8479.45,43.27,TRADE
NSW1,2011/10/28 7:00,8874.73,38.04,TRADE
NSW1,2011/10/28 7:30,8927.83,30.5,TRADE
NSW1,2011/10/28 8:00,8971.45,32.27,TRADE
NSW1,2011/10/28 8:30,9083.59,32.77,TRADE
NSW1,2011/10/28 9:00,9206.36,36.16,TRADE
NSW1,2011/10/28 9:30,9247.1,36.86,TRADE
NSW1,2011/10/28 10:00,9295.5,38.02,TRADE
NSW1,2011/10/28 10:30,9243.63,39.63,TRADE
NSW1,2011/10/28 11:00,9216.48,39.15,TRADE
NSW1,2011/10/28 11:30,9150.3,39.05,TRADE
NSW1,2011/10/28 12:00,9132.15,38.66,TRADE
NSW1,2011/10/28 12:30,9074.74,39.05,TRADE
NSW1,2011/10/28 13:00,9084.57,38.13,TRADE
NSW1,2011/10/28 13:30,9046.89,38.78,TRADE
NSW1,2011/10/28 14:00,9003.49,40,TRADE
NSW1,2011/10/28 14:30,8976.4,33.79,TRADE
NSW1,2011/10/28 15:00,9008.39,31.32,TRADE
NSW1,2011/10/28 15:30,9061.11,36.9,TRADE
NSW1,2011/10/28 16:00,9051.42,41.59,TRADE
NSW1,2011/10/28 16:30,9024.33,37.55,TRADE
NSW1,2011/10/28 17:00,8917.87,37.63,TRADE
NSW1,2011/10/28 17:30,8734.79,32.95,TRADE
NSW1,2011/10/28 18:00,8707.28,29.54,TRADE
NSW1,2011/10/28 18:30,8682.07,29.92,TRADE
NSW1,2011/10/28 19:00,8810.6,30.16,TRADE
NSW1,2011/10/28 19:30,8764.31,34.47,TRADE
NSW1,2011/10/28 20:00,8630.07,30.55,TRADE
NSW1,2011/10/28 20:30,8393.49,28.66,TRADE
NSW1,2011/10/28 21:00,8162.01,27.76,TRADE
NSW1,2011/10/28 21:30,8196.37,28.42,TRADE
NSW1,2011/10/28 22:00,8129.5,26.21,TRADE
NSW1,2011/10/28 22:30,8138.51,34.18,TRADE
NSW1,2011/10/28 23:00,8041.64,29.4,TRADE
NSW1,2011/10/28 23:30,7840.36,30.16,TRADE
NSW1,2011/10/29 0:00,7719.98,28.98,TRADE
NSW1,2011/10/29 0:30,7525.65,27.19,TRADE
NSW1,2011/10/29 1:00,7264.48,25.53,TRADE
NSW1,2011/10/29 1:30,6975.3,24.73,TRADE
NSW1,2011/10/29 2:00,6629.13,24.47,TRADE
NSW1,2011/10/29 2:30,6444.69,24.11,TRADE
NSW1,2011/10/29 3:00,6291.19,23.7,TRADE
NSW1,2011/10/29 3:30,6271.56,23.86,TRADE
NSW1,2011/10/29 4:00,6290.22,24.05,TRADE
NSW1,2011/10/29 4:30,6340.86,22.18,TRADE
NSW1,2011/10/29 5:00,6406.78,23.43,TRADE
NSW1,2011/10/29 5:30,6554.54,23.43,TRADE
NSW1,2011/10/29 6:00,6788.65,24.43,TRADE
NSW1,2011/10/29 6:30,7054.65,24.96,TRADE
NSW1,2011/10/29 7:00,7399.4,24.56,TRADE
NSW1,2011/10/29 7:30,7794.23,25.27,TRADE
NSW1,2011/10/29 8:00,8090.78,27.38,TRADE
NSW1,2011/10/29 8:30,8471.72,30.55,TRADE
NSW1,2011/10/29 9:00,8498.06,30.05,TRADE
NSW1,2011/10/29 9:30,8604.03,33.1,TRADE
NSW1,2011/10/29 10:00,8554.37,30.54,TRADE
NSW1,2011/10/29 10:30,8455.53,29.61,TRADE
NSW1,2011/10/29 11:00,8337.37,28.73,TRADE
NSW1,2011/10/29 11:30,8390.48,29.25,TRADE
NSW1,2011/10/29 12:00,8383.41,28.31,TRADE
NSW1,2011/10/29 12:30,8343.27,28.65,TRADE
NSW1,2011/10/29 13:00,8377.48,29.29,TRADE
NSW1,2011/10/29 13:30,8330.98,28.63,TRADE
NSW1,2011/10/29 14:00,8258.93,27.88,TRADE
NSW1,2011/10/29 14:30,8213.18,26.7,TRADE
NSW1,2011/10/29 15:00,8266.84,27.01,TRADE
NSW1,2011/10/29 15:30,8277.78,26.98,TRADE
NSW1,2011/10/29 16:00,8310.8,27.67,TRADE
NSW1,2011/10/29 16:30,8313.61,27.85,TRADE
NSW1,2011/10/29 17:00,8372.75,29.13,TRADE
NSW1,2011/10/29 17:30,8375.97,27.59,TRADE
NSW1,2011/10/29 18:00,8349.7,29.51,TRADE
NSW1,2011/10/29 18:30,8346.01,31.34,TRADE
NSW1,2011/10/29 19:00,8462.46,38.42,TRADE
NSW1,2011/10/29 19:30,8477.41,32.49,TRADE
NSW1,2011/10/29 20:00,8385.5,30.53,TRADE
NSW1,2011/10/29 20:30,8180.02,26.83,TRADE
NSW1,2011/10/29 21:00,8017.96,26.31,TRADE
NSW1,2011/10/29 21:30,7978.77,25.93,TRADE
NSW1,2011/10/29 22:00,7839.03,24.86,TRADE
NSW1,2011/10/29 22:30,7812.09,31.71,TRADE
NSW1,2011/10/29 23:00,7612.61,27.23,TRADE
NSW1,2011/10/29 23:30,7372.65,26.58,TRADE
NSW1,2011/10/30 0:00,7238.47,27.3,TRADE
NSW1,2011/10/30 0:30,7097.72,25.96,TRADE
NSW1,2011/10/30 1:00,6878.94,26.68,TRADE
NSW1,2011/10/30 1:30,6662.97,23.87,TRADE
NSW1,2011/10/30 2:00,6405.33,23.19,TRADE
NSW1,2011/10/30 2:30,6275.71,22.99,TRADE
NSW1,2011/10/30 3:00,6203.65,23.43,TRADE
NSW1,2011/10/30 3:30,6128.31,22.7,TRADE
NSW1,2011/10/30 4:00,6127.92,22.01,TRADE
NSW1,2011/10/30 4:30,6174.5,22.78,TRADE
NSW1,2011/10/30 5:00,6165.29,22.94,TRADE
NSW1,2011/10/30 5:30,6222.78,22.63,TRADE
NSW1,2011/10/30 6:00,6369.81,23.31,TRADE
NSW1,2011/10/30 6:30,6579.7,23.82,TRADE
NSW1,2011/10/30 7:00,6891.73,23.67,TRADE
NSW1,2011/10/30 7:30,7287.78,24.95,TRADE
NSW1,2011/10/30 8:00,7525.57,25.97,TRADE
NSW1,2011/10/30 8:30,7843.36,26.86,TRADE
NSW1,2011/10/30 9:00,7955.62,26.71,TRADE
NSW1,2011/10/30 9:30,8018.81,26.26,TRADE
NSW1,2011/10/30 10:00,8017.11,26.37,TRADE
NSW1,2011/10/30 10:30,8013.74,26.23,TRADE
NSW1,2011/10/30 11:00,7932.95,26.2,TRADE
NSW1,2011/10/30 11:30,7992.6,26.37,TRADE
NSW1,2011/10/30 12:00,7930.67,26.27,TRADE
NSW1,2011/10/30 12:30,7822.81,25.87,TRADE
NSW1,2011/10/30 13:00,7796.49,25.09,TRADE
NSW1,2011/10/30 13:30,7766.68,24.94,TRADE
NSW1,2011/10/30 14:00,7749.34,24.91,TRADE
NSW1,2011/10/30 14:30,7806.56,25.19,TRADE
NSW1,2011/10/30 15:00,7811.45,25.2,TRADE
NSW1,2011/10/30 15:30,7829.9,25.74,TRADE
NSW1,2011/10/30 16:00,7904.71,26.85,TRADE
NSW1,2011/10/30 16:30,7947.53,28.13,TRADE
NSW1,2011/10/30 17:00,8079.29,28.63,TRADE
NSW1,2011/10/30 17:30,8204.37,30.62,TRADE
NSW1,2011/10/30 18:00,8252.41,30.37,TRADE
NSW1,2011/10/30 18:30,8312.65,32.34,TRADE
NSW1,2011/10/30 19:00,8560.64,33.93,TRADE
NSW1,2011/10/30 19:30,8542.21,32.81,TRADE
NSW1,2011/10/30 20:00,8459.85,31.23,TRADE
NSW1,2011/10/30 20:30,8154.2,27.39,TRADE
NSW1,2011/10/30 21:00,7868.04,25.77,TRADE
NSW1,2011/10/30 21:30,7704.25,25.02,TRADE
NSW1,2011/10/30 22:00,7530.86,24.41,TRADE
NSW1,2011/10/30 22:30,7443.08,27.41,TRADE
NSW1,2011/10/30 23:00,7289.08,25.11,TRADE
NSW1,2011/10/30 23:30,7084.7,26.21,TRADE
NSW1,2011/10/31 0:00,6986.66,27.16,TRADE
NSW1,2011/10/31 0:30,6839.85,24.37,TRADE
NSW1,2011/10/31 1:00,6688.28,23.65,TRADE
NSW1,2011/10/31 1:30,6500.9,23.62,TRADE
NSW1,2011/10/31 2:00,6325.04,23.43,TRADE
NSW1,2011/10/31 2:30,6162.42,20,TRADE
NSW1,2011/10/31 3:00,6103.93,15.59,TRADE
NSW1,2011/10/31 3:30,6125.01,14.91,TRADE
NSW1,2011/10/31 4:00,6241.91,18.95,TRADE
NSW1,2011/10/31 4:30,6500.75,19.82,TRADE
NSW1,2011/10/31 5:00,6786.14,25.2,TRADE
NSW1,2011/10/31 5:30,7322.22,29.74,TRADE
NSW1,2011/10/31 6:00,7968.61,29.02,TRADE
NSW1,2011/10/31 6:30,8337.72,28.58,TRADE
NSW1,2011/10/31 7:00,8704.56,29.25,TRADE
NSW1,2011/10/31 7:30,8847.97,26.36,TRADE
NSW1,2011/10/31 8:00,8892.5,27.36,TRADE
NSW1,2011/10/31 8:30,8979.17,27.95,TRADE
NSW1,2011/10/31 9:00,9090.95,30.59,TRADE
NSW1,2011/10/31 9:30,9070.99,33.19,TRADE
NSW1,2011/10/31 10:00,9067.86,32.25,TRADE
NSW1,2011/10/31 10:30,9109.43,33.25,TRADE
NSW1,2011/10/31 11:00,9076.32,35.64,TRADE
NSW1,2011/10/31 11:30,9100.27,35.96,TRADE
NSW1,2011/10/31 12:00,9033.57,33.23,TRADE
NSW1,2011/10/31 12:30,9053.49,35.8,TRADE
NSW1,2011/10/31 13:00,9031.77,32.65,TRADE
NSW1,2011/10/31 13:30,8986.98,35.58,TRADE
NSW1,2011/10/31 14:00,8955.88,35.77,TRADE
NSW1,2011/10/31 14:30,8889.35,31.96,TRADE
NSW1,2011/10/31 15:00,8867.05,32.81,TRADE
NSW1,2011/10/31 15:30,8940.01,33.58,TRADE
NSW1,2011/10/31 16:00,8947.6,34.77,TRADE
NSW1,2011/10/31 16:30,8960.88,35.27,TRADE
NSW1,2011/10/31 17:00,8837.71,31.52,TRADE
NSW1,2011/10/31 17:30,8717.75,30.15,TRADE
NSW1,2011/10/31 18:00,8723.96,30.52,TRADE
NSW1,2011/10/31 18:30,8753.26,34.81,TRADE
NSW1,2011/10/31 19:00,8849.86,34.72,TRADE
NSW1,2011/10/31 19:30,8728.99,31.39,TRADE
NSW1,2011/10/31 20:00,8543.22,30.17,TRADE
NSW1,2011/10/31 20:30,8325.36,29.52,TRADE
NSW1,2011/10/31 21:00,8061.33,25.91,TRADE
NSW1,2011/10/31 21:30,8011.86,25.67,TRADE
NSW1,2011/10/31 22:00,7867.94,25,TRADE
NSW1,2011/10/31 22:30,7822.47,33.05,TRADE
NSW1,2011/10/31 23:00,7733.24,26.9,TRADE
NSW1,2011/10/31 23:30,7597.92,27.63,TRADE
NSW1,2011/11/1 0:00,7481.58,28.01,TRADE
?NSW1,2011/11/1 0:30,7335.32,25.41,TRADE
NSW1,2011/11/1 1:00,7142.54,24.86,TRADE
NSW1,2011/11/1 1:30,6817.69,24.87,TRADE
NSW1,2011/11/1 2:00,6582.96,23.74,TRADE
NSW1,2011/11/1 2:30,6390.67,23.43,TRADE
NSW1,2011/11/1 3:00,6277.81,23.43,TRADE
NSW1,2011/11/1 3:30,6223.73,23.43,TRADE
NSW1,2011/11/1 4:00,6320.63,23.43,TRADE
NSW1,2011/11/1 4:30,6494.78,23.7,TRADE
NSW1,2011/11/1 5:00,6839,23.7,TRADE
NSW1,2011/11/1 5:30,7382.69,29.73,TRADE
NSW1,2011/11/1 6:00,7940.5,29.87,TRADE
NSW1,2011/11/1 6:30,8317.13,29,TRADE
NSW1,2011/11/1 7:00,8658.91,28.51,TRADE
NSW1,2011/11/1 7:30,8801.38,25.73,TRADE
NSW1,2011/11/1 8:00,8848.26,27.39,TRADE
NSW1,2011/11/1 8:30,8925.78,28.54,TRADE
NSW1,2011/11/1 9:00,8998.43,30.15,TRADE
NSW1,2011/11/1 9:30,9023.88,30.15,TRADE
NSW1,2011/11/1 10:00,9036.1,30.72,TRADE
NSW1,2011/11/1 10:30,9014.2,30.45,TRADE
NSW1,2011/11/1 11:00,8960.73,30.33,TRADE
NSW1,2011/11/1 11:30,8921.93,29.56,TRADE
NSW1,2011/11/1 12:00,8880.33,29.49,TRADE
NSW1,2011/11/1 12:30,8818.29,27.32,TRADE
NSW1,2011/11/1 13:00,8792.33,26.45,TRADE
NSW1,2011/11/1 13:30,8738.5,26.36,TRADE
NSW1,2011/11/1 14:00,8708.89,26.35,TRADE
NSW1,2011/11/1 14:30,8502.06,25.43,TRADE
NSW1,2011/11/1 15:00,8638.94,26.57,TRADE
NSW1,2011/11/1 15:30,8646.74,26.18,TRADE
NSW1,2011/11/1 16:00,8615.39,26.17,TRADE
NSW1,2011/11/1 16:30,8594.69,26.37,TRADE
NSW1,2011/11/1 17:00,8566.62,25.96,TRADE
NSW1,2011/11/1 17:30,8463.33,26.11,TRADE
NSW1,2011/11/1 18:00,8436.88,26.41,TRADE
NSW1,2011/11/1 18:30,8447.04,26.19,TRADE
NSW1,2011/11/1 19:00,8668.83,27.57,TRADE
NSW1,2011/11/1 19:30,8701.76,26.89,TRADE
NSW1,2011/11/1 20:00,8482.97,26.33,TRADE
NSW1,2011/11/1 20:30,8247.03,26.17,TRADE
NSW1,2011/11/1 21:00,8002.9,25.43,TRADE
NSW1,2011/11/1 21:30,7972.49,24.22,TRADE
NSW1,2011/11/1 22:00,7843.55,24.22,TRADE
NSW1,2011/11/1 22:30,7850.93,28.68,TRADE
NSW1,2011/11/1 23:00,7736.21,27.91,TRADE
NSW1,2011/11/1 23:30,7579.98,27.81,TRADE
NSW1,2011/11/2 0:00,7450.21,27.43,TRADE
NSW1,2011/11/2 0:30,7304.7,24.67,TRADE
NSW1,2011/11/2 1:00,7066.9,24.68,TRADE
NSW1,2011/11/2 1:30,6777.51,24.62,TRADE
NSW1,2011/11/2 2:00,6517.68,23.79,TRADE
NSW1,2011/11/2 2:30,6299.7,23.7,TRADE
NSW1,2011/11/2 3:00,6203.37,23.7,TRADE
NSW1,2011/11/2 3:30,6182.91,23.69,TRADE
NSW1,2011/11/2 4:00,6223.17,23.7,TRADE
NSW1,2011/11/2 4:30,6425.59,23.27,TRADE
NSW1,2011/11/2 5:00,6740.52,24.17,TRADE
NSW1,2011/11/2 5:30,7269.2,30,TRADE
NSW1,2011/11/2 6:00,7839.65,30.21,TRADE
NSW1,2011/11/2 6:30,8195.34,30.67,TRADE
NSW1,2011/11/2 7:00,8567,30.31,TRADE
NSW1,2011/11/2 7:30,8688.42,25.1,TRADE
NSW1,2011/11/2 8:00,8773.53,26.54,TRADE
NSW1,2011/11/2 8:30,8970.31,26.42,TRADE
NSW1,2011/11/2 9:00,9044.21,26.67,TRADE
NSW1,2011/11/2 9:30,9042.08,26.84,TRADE
NSW1,2011/11/2 10:00,9067.17,27.82,TRADE
NSW1,2011/11/2 10:30,9027.73,27.63,TRADE
NSW1,2011/11/2 11:00,8886.4,25.48,TRADE
NSW1,2011/11/2 11:30,8959.25,27.01,TRADE
NSW1,2011/11/2 12:00,8939.14,27.66,TRADE
NSW1,2011/11/2 12:30,8949.26,27.03,TRADE
NSW1,2011/11/2 13:00,8914.05,27.51,TRADE
NSW1,2011/11/2 13:30,8927.48,27.06,TRADE
NSW1,2011/11/2 14:00,8889.75,27.95,TRADE
NSW1,2011/11/2 14:30,8843.2,31.2,TRADE
NSW1,2011/11/2 15:00,8818.41,30.8,TRADE
NSW1,2011/11/2 15:30,8811.55,29.11,TRADE
NSW1,2011/11/2 16:00,8921.77,30.76,TRADE
NSW1,2011/11/2 16:30,8882.9,30.3,TRADE
NSW1,2011/11/2 17:00,8911.31,30.7,TRADE
NSW1,2011/11/2 17:30,8764.18,30.66,TRADE
NSW1,2011/11/2 18:00,8811.86,31.1,TRADE
NSW1,2011/11/2 18:30,8800.55,30.76,TRADE
NSW1,2011/11/2 19:00,8843.76,31.51,TRADE
NSW1,2011/11/2 19:30,8795.42,30.68,TRADE
NSW1,2011/11/2 20:00,8582.19,29.55,TRADE
NSW1,2011/11/2 20:30,8345.09,27.32,TRADE
NSW1,2011/11/2 21:00,8038.14,25.01,TRADE
NSW1,2011/11/2 21:30,8013.51,25.12,TRADE
NSW1,2011/11/2 22:00,7870.4,24.5,TRADE
NSW1,2011/11/2 22:30,7851.19,30.15,TRADE
NSW1,2011/11/2 23:00,7764.08,28,TRADE
NSW1,2011/11/2 23:30,7579.15,28.32,TRADE
NSW1,2011/11/3 0:00,7468.88,28.17,TRADE
NSW1,2011/11/3 0:30,7215.45,24.87,TRADE
NSW1,2011/11/3 1:00,7118.89,25.42,TRADE
NSW1,2011/11/3 1:30,6804.13,24.47,TRADE
NSW1,2011/11/3 2:00,6557.29,23.72,TRADE
NSW1,2011/11/3 2:30,6400.2,24.6,TRADE
NSW1,2011/11/3 3:00,6321.18,24.2,TRADE
NSW1,2011/11/3 3:30,6320.51,24.18,TRADE
NSW1,2011/11/3 4:00,6368.83,24.12,TRADE
NSW1,2011/11/3 4:30,6583.56,25.46,TRADE
NSW1,2011/11/3 5:00,6880.3,27.99,TRADE
NSW1,2011/11/3 5:30,7458.96,33.32,TRADE
NSW1,2011/11/3 6:00,8001.68,30.1,TRADE
NSW1,2011/11/3 6:30,8360.37,30.21,TRADE
NSW1,2011/11/3 7:00,8715.09,31.52,TRADE
NSW1,2011/11/3 7:30,8839.8,26.63,TRADE
NSW1,2011/11/3 8:00,8863.88,27.54,TRADE
NSW1,2011/11/3 8:30,8921.32,28.81,TRADE
NSW1,2011/11/3 9:00,9022.82,30.47,TRADE
NSW1,2011/11/3 9:30,9041.9,30.72,TRADE
NSW1,2011/11/3 10:00,9040.48,30.72,TRADE
NSW1,2011/11/3 10:30,8983.35,29.17,TRADE
NSW1,2011/11/3 11:00,8972.98,28.94,TRADE
NSW1,2011/11/3 11:30,8913.36,28.89,TRADE
NSW1,2011/11/3 12:00,8870.93,28.85,TRADE
NSW1,2011/11/3 12:30,8844.72,29.36,TRADE
NSW1,2011/11/3 13:00,8788.63,30.04,TRADE
NSW1,2011/11/3 13:30,8791.11,30.41,TRADE
NSW1,2011/11/3 14:00,8775.41,28.58,TRADE
NSW1,2011/11/3 14:30,8725.39,28.85,TRADE
NSW1,2011/11/3 15:00,8761.88,29.73,TRADE
NSW1,2011/11/3 15:30,8840.47,30.54,TRADE
NSW1,2011/11/3 16:00,8827.15,31.15,TRADE
NSW1,2011/11/3 16:30,8829.74,30.67,TRADE
NSW1,2011/11/3 17:00,8880.48,30.8,TRADE
NSW1,2011/11/3 17:30,8816.3,30.72,TRADE
NSW1,2011/11/3 18:00,8823.95,30.72,TRADE
NSW1,2011/11/3 18:30,8793.38,30.66,TRADE
NSW1,2011/11/3 19:00,8850.37,31.7,TRADE
NSW1,2011/11/3 19:30,8882.25,31.09,TRADE
NSW1,2011/11/3 20:00,8671.74,30.66,TRADE
NSW1,2011/11/3 20:30,8378.41,27.49,TRADE
NSW1,2011/11/3 21:00,8104.55,25,TRADE
NSW1,2011/11/3 21:30,8090.99,24.53,TRADE
NSW1,2011/11/3 22:00,7971.59,24.33,TRADE
NSW1,2011/11/3 22:30,7935.19,28.42,TRADE
NSW1,2011/11/3 23:00,7818.41,29.45,TRADE
NSW1,2011/11/3 23:30,7685.45,29.07,TRADE
NSW1,2011/11/4 0:00,7529.82,28.38,TRADE
NSW1,2011/11/4 0:30,7368.92,24.95,TRADE
NSW1,2011/11/4 1:00,7169.37,27.09,TRADE
NSW1,2011/11/4 1:30,6858.46,25.08,TRADE
NSW1,2011/11/4 2:00,6641.07,24.24,TRADE
NSW1,2011/11/4 2:30,6414.23,23.76,TRADE
NSW1,2011/11/4 3:00,6324.78,23.79,TRADE
NSW1,2011/11/4 3:30,6295.63,24.11,TRADE
NSW1,2011/11/4 4:00,6403.17,24.3,TRADE
NSW1,2011/11/4 4:30,6629.55,24.63,TRADE
NSW1,2011/11/4 5:00,6975.45,29.05,TRADE
NSW1,2011/11/4 5:30,7508.51,41.06,TRADE
NSW1,2011/11/4 6:00,8077.26,34.83,TRADE
NSW1,2011/11/4 6:30,8433.22,35.18,TRADE
NSW1,2011/11/4 7:00,8774.42,42.83,TRADE
NSW1,2011/11/4 7:30,8905.48,34.83,TRADE
NSW1,2011/11/4 8:00,8942.26,33.11,TRADE
NSW1,2011/11/4 8:30,8977.19,34.15,TRADE
NSW1,2011/11/4 9:00,9053.82,33.38,TRADE
NSW1,2011/11/4 9:30,9104.67,36.32,TRADE
NSW1,2011/11/4 10:00,9129.88,33.53,TRADE
NSW1,2011/11/4 10:30,9074.34,34.41,TRADE
NSW1,2011/11/4 11:00,9060.19,34.71,TRADE
NSW1,2011/11/4 11:30,8978.73,39.66,TRADE
NSW1,2011/11/4 12:00,8943.42,37.36,TRADE
NSW1,2011/11/4 12:30,8925.88,36.22,TRADE
NSW1,2011/11/4 13:00,8878.43,30.82,TRADE
NSW1,2011/11/4 13:30,8882.63,35.69,TRADE
NSW1,2011/11/4 14:00,8835.85,30.45,TRADE
NSW1,2011/11/4 14:30,8776.27,30.23,TRADE
NSW1,2011/11/4 15:00,8830.94,31.18,TRADE
NSW1,2011/11/4 15:30,8883.75,37.87,TRADE
NSW1,2011/11/4 16:00,8903.38,32.87,TRADE
NSW1,2011/11/4 16:30,8878.89,37.82,TRADE
NSW1,2011/11/4 17:00,8821.85,34.55,TRADE
NSW1,2011/11/4 17:30,8607.13,30.67,TRADE
NSW1,2011/11/4 18:00,8535,29.65,TRADE
NSW1,2011/11/4 18:30,8420.4,29.02,TRADE
NSW1,2011/11/4 19:00,8459.67,29.75,TRADE
NSW1,2011/11/4 19:30,8541.4,30.74,TRADE
NSW1,2011/11/4 20:00,8436.88,30.28,TRADE
NSW1,2011/11/4 20:30,8191.29,29.96,TRADE
NSW1,2011/11/4 21:00,8006.64,27.59,TRADE
NSW1,2011/11/4 21:30,8058.39,28.2,TRADE
NSW1,2011/11/4 22:00,8016.91,24.99,TRADE
NSW1,2011/11/4 22:30,8037.76,31.04,TRADE
NSW1,2011/11/4 23:00,7965.59,30.64,TRADE
NSW1,2011/11/4 23:30,7798.28,30.84,TRADE
NSW1,2011/11/5 0:00,7631.57,30.87,TRADE
NSW1,2011/11/5 0:30,7461.68,30.56,TRADE
NSW1,2011/11/5 1:00,7193.37,28.68,TRADE
NSW1,2011/11/5 1:30,6877.98,26.57,TRADE
NSW1,2011/11/5 2:00,6574.54,23.81,TRADE
NSW1,2011/11/5 2:30,6402.7,23.87,TRADE
NSW1,2011/11/5 3:00,6294.41,24.16,TRADE
NSW1,2011/11/5 3:30,6267.28,23.94,TRADE
NSW1,2011/11/5 4:00,6192.34,23.14,TRADE
NSW1,2011/11/5 4:30,6333.81,23.58,TRADE
NSW1,2011/11/5 5:00,6372.71,23.72,TRADE
NSW1,2011/11/5 5:30,6530.01,23.92,TRADE
NSW1,2011/11/5 6:00,6803.66,24.43,TRADE
NSW1,2011/11/5 6:30,7155.42,24.93,TRADE
NSW1,2011/11/5 7:00,7564.55,25.81,TRADE
NSW1,2011/11/5 7:30,7872.19,26.5,TRADE
NSW1,2011/11/5 8:00,8130.96,28.44,TRADE
NSW1,2011/11/5 8:30,8410.24,30.72,TRADE
NSW1,2011/11/5 9:00,8454.01,30.66,TRADE
NSW1,2011/11/5 9:30,8545.1,29.96,TRADE
NSW1,2011/11/5 10:00,8374.43,27.84,TRADE
NSW1,2011/11/5 10:30,8324.03,25.96,TRADE
NSW1,2011/11/5 11:00,8275.72,27.22,TRADE
NSW1,2011/11/5 11:30,8258.26,28.35,TRADE
NSW1,2011/11/5 12:00,8193.67,27.36,TRADE
NSW1,2011/11/5 12:30,8137.25,24.62,TRADE
NSW1,2011/11/5 13:00,8101.78,24.92,TRADE
NSW1,2011/11/5 13:30,8029.54,25.21,TRADE
NSW1,2011/11/5 14:00,8074.31,25.95,TRADE
NSW1,2011/11/5 14:30,8094.52,25.7,TRADE
NSW1,2011/11/5 15:00,8217.16,27.01,TRADE
NSW1,2011/11/5 15:30,8218.69,27.22,TRADE
NSW1,2011/11/5 16:00,8310.91,29.81,TRADE
NSW1,2011/11/5 16:30,8262.34,30.63,TRADE
NSW1,2011/11/5 17:00,8321.57,30.72,TRADE
NSW1,2011/11/5 17:30,8336.58,30.34,TRADE
NSW1,2011/11/5 18:00,8305.69,30.45,TRADE
NSW1,2011/11/5 18:30,8304.38,29.78,TRADE
NSW1,2011/11/5 19:00,8429.13,30.68,TRADE
NSW1,2011/11/5 19:30,8430.06,30.35,TRADE
NSW1,2011/11/5 20:00,8290.27,29.05,TRADE
NSW1,2011/11/5 20:30,8118,27.24,TRADE
NSW1,2011/11/5 21:00,7997.05,25.59,TRADE
NSW1,2011/11/5 21:30,7882.74,25.17,TRADE
NSW1,2011/11/5 22:00,7768.06,24.56,TRADE
NSW1,2011/11/5 22:30,7722.19,28.65,TRADE
NSW1,2011/11/5 23:00,7568.28,26.49,TRADE
NSW1,2011/11/5 23:30,7356.16,27.01,TRADE
NSW1,2011/11/6 0:00,7186.41,26.76,TRADE
NSW1,2011/11/6 0:30,7004.65,25.8,TRADE
NSW1,2011/11/6 1:00,6833.76,24.93,TRADE
NSW1,2011/11/6 1:30,6603.42,25.16,TRADE
NSW1,2011/11/6 2:00,6335.93,23.8,TRADE
NSW1,2011/11/6 2:30,6207.19,22.04,TRADE
NSW1,2011/11/6 3:00,6082.24,23.18,TRADE
NSW1,2011/11/6 3:30,6084.6,23.48,TRADE
NSW1,2011/11/6 4:00,6032.53,23.21,TRADE
NSW1,2011/11/6 4:30,6121.12,23.15,TRADE
NSW1,2011/11/6 5:00,6151.3,21.22,TRADE
NSW1,2011/11/6 5:30,6214.29,20,TRADE
NSW1,2011/11/6 6:00,6357.78,20.54,TRADE
NSW1,2011/11/6 6:30,6672.53,22.39,TRADE
NSW1,2011/11/6 7:00,7004.27,23.7,TRADE
NSW1,2011/11/6 7:30,7291.77,23.86,TRADE
NSW1,2011/11/6 8:00,7604.31,25.51,TRADE
NSW1,2011/11/6 8:30,7851.69,25.11,TRADE
NSW1,2011/11/6 9:00,8059.93,25.9,TRADE
NSW1,2011/11/6 9:30,8215.36,26.68,TRADE
NSW1,2011/11/6 10:00,8283.82,27.05,TRADE
NSW1,2011/11/6 10:30,8349.78,27.91,TRADE
NSW1,2011/11/6 11:00,8444.71,30.41,TRADE
NSW1,2011/11/6 11:30,8421.03,28.57,TRADE
NSW1,2011/11/6 12:00,8514.42,29.98,TRADE
NSW1,2011/11/6 12:30,8465.62,28.05,TRADE
NSW1,2011/11/6 13:00,8468.89,28.89,TRADE
NSW1,2011/11/6 13:30,8537.81,29.09,TRADE
NSW1,2011/11/6 14:00,8504.48,28.88,TRADE
NSW1,2011/11/6 14:30,8480.36,27.35,TRADE
NSW1,2011/11/6 15:00,8511.15,27.96,TRADE
NSW1,2011/11/6 15:30,8475.84,28.85,TRADE
NSW1,2011/11/6 16:00,8533.94,30.07,TRADE
NSW1,2011/11/6 16:30,8485.02,30.27,TRADE
NSW1,2011/11/6 17:00,8609.03,30.74,TRADE
NSW1,2011/11/6 17:30,8700.94,30.6,TRADE
NSW1,2011/11/6 18:00,8659.57,30.66,TRADE
NSW1,2011/11/6 18:30,8664.27,29.95,TRADE
NSW1,2011/11/6 19:00,8734.81,29.93,TRADE
NSW1,2011/11/6 19:30,8761.23,29.72,TRADE
NSW1,2011/11/6 20:00,8612.29,29.47,TRADE
NSW1,2011/11/6 20:30,8352.71,28.97,TRADE
NSW1,2011/11/6 21:00,8025.95,24.76,TRADE
NSW1,2011/11/6 21:30,7920.17,24.72,TRADE
NSW1,2011/11/6 22:00,7688.9,24.21,TRADE
NSW1,2011/11/6 22:30,7624.87,28.47,TRADE
NSW1,2011/11/6 23:00,7454.94,25.27,TRADE
NSW1,2011/11/6 23:30,7228.48,28.38,TRADE
NSW1,2011/11/7 0:00,7128.01,27.2,TRADE
NSW1,2011/11/7 0:30,7031.09,26.06,TRADE
NSW1,2011/11/7 1:00,6914.64,25.27,TRADE
NSW1,2011/11/7 1:30,6672.65,25.79,TRADE
NSW1,2011/11/7 2:00,6477.51,24.01,TRADE
NSW1,2011/11/7 2:30,6338.88,22.98,TRADE
NSW1,2011/11/7 3:00,6268.85,23.7,TRADE
NSW1,2011/11/7 3:30,6259.45,23.7,TRADE
NSW1,2011/11/7 4:00,6330.77,23.7,TRADE
NSW1,2011/11/7 4:30,6583.22,23.7,TRADE
NSW1,2011/11/7 5:00,6860.4,24.17,TRADE
NSW1,2011/11/7 5:30,7456.85,29.96,TRADE
NSW1,2011/11/7 6:00,8003.15,30.73,TRADE
NSW1,2011/11/7 6:30,8431.44,32,TRADE
NSW1,2011/11/7 7:00,8899.08,31.46,TRADE
NSW1,2011/11/7 7:30,9141.27,29.3,TRADE
NSW1,2011/11/7 8:00,9352.12,30.98,TRADE
NSW1,2011/11/7 8:30,9666.21,31.12,TRADE
NSW1,2011/11/7 9:00,9859.01,37.03,TRADE
NSW1,2011/11/7 9:30,9963.24,39.64,TRADE
NSW1,2011/11/7 10:00,10124.03,42.59,TRADE
NSW1,2011/11/7 10:30,10156.53,37.12,TRADE
NSW1,2011/11/7 11:00,10259.37,41.74,TRADE
NSW1,2011/11/7 11:30,10298.65,41.94,TRADE
NSW1,2011/11/7 12:00,10273.35,37.46,TRADE
NSW1,2011/11/7 12:30,10363.3,52.77,TRADE
NSW1,2011/11/7 13:00,10475.4,65.26,TRADE
NSW1,2011/11/7 13:30,10475.87,36.91,TRADE
NSW1,2011/11/7 14:00,10357.42,38.19,TRADE
NSW1,2011/11/7 14:30,10257.38,32.98,TRADE
NSW1,2011/11/7 15:00,10229.95,32.3,TRADE
NSW1,2011/11/7 15:30,10171.62,33.84,TRADE
NSW1,2011/11/7 16:00,10117.06,34.91,TRADE
NSW1,2011/11/7 16:30,10056.06,33.33,TRADE
NSW1,2011/11/7 17:00,9965.58,32.27,TRADE
NSW1,2011/11/7 17:30,9751.87,31.09,TRADE
NSW1,2011/11/7 18:00,9598.16,30.14,TRADE
NSW1,2011/11/7 18:30,9395.68,28.36,TRADE
NSW1,2011/11/7 19:00,9416.18,31.12,TRADE
NSW1,2011/11/7 19:30,9362.44,31.05,TRADE
NSW1,2011/11/7 20:00,9152.45,30.85,TRADE
NSW1,2011/11/7 20:30,8842.22,29.81,TRADE
NSW1,2011/11/7 21:00,8553.79,28.54,TRADE
NSW1,2011/11/7 21:30,8502.96,27.97,TRADE
NSW1,2011/11/7 22:00,8326.74,25.56,TRADE
NSW1,2011/11/7 22:30,8219.56,29.4,TRADE
NSW1,2011/11/7 23:00,8051.82,29.17,TRADE
NSW1,2011/11/7 23:30,7850.17,27.72,TRADE
NSW1,2011/11/8 0:00,7714.3,27.25,TRADE
NSW1,2011/11/8 0:30,7493.62,24.87,TRADE
NSW1,2011/11/8 1:00,7299.19,25.22,TRADE
NSW1,2011/11/8 1:30,6987.32,25.25,TRADE
NSW1,2011/11/8 2:00,6798.49,25.04,TRADE
NSW1,2011/11/8 2:30,6615.17,23.74,TRADE
NSW1,2011/11/8 3:00,6563.4,24.34,TRADE
NSW1,2011/11/8 3:30,6527.18,24.57,TRADE
NSW1,2011/11/8 4:00,6604.19,24.09,TRADE
NSW1,2011/11/8 4:30,6836.62,26.16,TRADE
NSW1,2011/11/8 5:00,7073.47,26.25,TRADE
NSW1,2011/11/8 5:30,7624.05,32.57,TRADE
NSW1,2011/11/8 6:00,8154.83,33.84,TRADE
NSW1,2011/11/8 6:30,8623.99,37.55,TRADE
NSW1,2011/11/8 7:00,9001.95,40.31,TRADE
NSW1,2011/11/8 7:30,9209.37,30.14,TRADE
NSW1,2011/11/8 8:00,9338.55,31.01,TRADE
NSW1,2011/11/8 8:30,9612.64,31.86,TRADE
NSW1,2011/11/8 9:00,9700.99,30.95,TRADE
NSW1,2011/11/8 9:30,9905.34,34.99,TRADE
NSW1,2011/11/8 10:00,10041.54,36.62,TRADE
NSW1,2011/11/8 10:30,10125.89,33.07,TRADE
NSW1,2011/11/8 11:00,10254.63,32.81,TRADE
NSW1,2011/11/8 11:30,10295.54,40.83,TRADE
NSW1,2011/11/8 12:00,10377.11,48.71,TRADE
NSW1,2011/11/8 12:30,10522.27,48.75,TRADE
NSW1,2011/11/8 13:00,10660.33,51.95,TRADE
NSW1,2011/11/8 13:30,10722.57,43.68,TRADE
NSW1,2011/11/8 14:00,10831.63,40.57,TRADE
NSW1,2011/11/8 14:30,10813.61,44.29,TRADE
NSW1,2011/11/8 15:00,10972.9,46.94,TRADE
NSW1,2011/11/8 15:30,11038.81,57.01,TRADE
NSW1,2011/11/8 16:00,10974,63.22,TRADE
NSW1,2011/11/8 16:30,10679.91,92.11,TRADE
NSW1,2011/11/8 17:00,10479.34,45.46,TRADE
NSW1,2011/11/8 17:30,10056.24,34.08,TRADE
NSW1,2011/11/8 18:00,9948.69,33.71,TRADE
NSW1,2011/11/8 18:30,9803.85,31.9,TRADE
NSW1,2011/11/8 19:00,9802.02,38.74,TRADE
NSW1,2011/11/8 19:30,9653.99,40.83,TRADE
NSW1,2011/11/8 20:00,9402.04,38.29,TRADE
NSW1,2011/11/8 20:30,9152.23,33.68,TRADE
NSW1,2011/11/8 21:00,8776.9,29.89,TRADE
NSW1,2011/11/8 21:30,8726.75,29.68,TRADE
NSW1,2011/11/8 22:00,8452.42,26.33,TRADE
NSW1,2011/11/8 22:30,8376.72,32.9,TRADE
NSW1,2011/11/8 23:00,8203.88,31.9,TRADE
NSW1,2011/11/8 23:30,7945.02,31.92,TRADE
NSW1,2011/11/9 0:00,7736.47,31.51,TRADE
NSW1,2011/11/9 0:30,7594.52,31.15,TRADE
NSW1,2011/11/9 1:00,7397.72,33.21,TRADE
NSW1,2011/11/9 1:30,7109.07,36.34,TRADE
NSW1,2011/11/9 2:00,6837.3,32.07,TRADE
NSW1,2011/11/9 2:30,6600.23,27.12,TRADE
NSW1,2011/11/9 3:00,6515.31,25.62,TRADE
NSW1,2011/11/9 3:30,6522.58,25.09,TRADE
NSW1,2011/11/9 4:00,6612.45,25.16,TRADE
NSW1,2011/11/9 4:30,6865.09,25.7,TRADE
NSW1,2011/11/9 5:00,7135.43,28.69,TRADE
NSW1,2011/11/9 5:30,7682.65,29.25,TRADE
NSW1,2011/11/9 6:00,8249.98,32,TRADE
NSW1,2011/11/9 6:30,8688.05,36.28,TRADE
NSW1,2011/11/9 7:00,9128.34,36.52,TRADE
NSW1,2011/11/9 7:30,9384.1,28.05,TRADE
NSW1,2011/11/9 8:00,9571.89,31.58,TRADE
NSW1,2011/11/9 8:30,9886.79,32.13,TRADE
NSW1,2011/11/9 9:00,10039.71,34.14,TRADE
NSW1,2011/11/9 9:30,10148.34,34.37,TRADE
NSW1,2011/11/9 10:00,10077.76,32.53,TRADE
NSW1,2011/11/9 10:30,10142.85,35.3,TRADE
NSW1,2011/11/9 11:00,10303,35.74,TRADE
NSW1,2011/11/9 11:30,10435.58,34.4,TRADE
NSW1,2011/11/9 12:00,10434.27,40.65,TRADE
NSW1,2011/11/9 12:30,10678.11,80.89,TRADE
NSW1,2011/11/9 13:00,10877.78,34.26,TRADE
NSW1,2011/11/9 13:30,11024.34,39.55,TRADE
NSW1,2011/11/9 14:00,11073.56,39.37,TRADE
NSW1,2011/11/9 14:30,11118.25,43.34,TRADE
NSW1,2011/11/9 15:00,11388.8,132.09,TRADE
NSW1,2011/11/9 15:30,11492.71,6497.76,TRADE
NSW1,2011/11/9 16:00,11464.87,28.2,TRADE
NSW1,2011/11/9 16:30,11446.4,29.06,TRADE
NSW1,2011/11/9 17:00,11261.61,31.88,TRADE
NSW1,2011/11/9 17:30,10912.6,26.11,TRADE
NSW1,2011/11/9 18:00,10790.75,29.07,TRADE
NSW1,2011/11/9 18:30,10557.32,27.02,TRADE
NSW1,2011/11/9 19:00,10533.7,30.81,TRADE
NSW1,2011/11/9 19:30,10421.61,30.92,TRADE
NSW1,2011/11/9 20:00,10133.92,30.03,TRADE
NSW1,2011/11/9 20:30,9845.9,28.44,TRADE
NSW1,2011/11/9 21:00,9423.56,26.12,TRADE
NSW1,2011/11/9 21:30,9185.72,25.1,TRADE
NSW1,2011/11/9 22:00,8854.78,24.98,TRADE
NSW1,2011/11/9 22:30,8588.79,26.45,TRADE
NSW1,2011/11/9 23:00,8330.53,25.74,TRADE
NSW1,2011/11/9 23:30,8053.86,25.52,TRADE
NSW1,2011/11/10 0:00,7826.67,25.84,TRADE
NSW1,2011/11/10 0:30,7688.85,24.75,TRADE
NSW1,2011/11/10 1:00,7443.96,24.18,TRADE
NSW1,2011/11/10 1:30,7123,23.86,TRADE
NSW1,2011/11/10 2:00,6846.86,23.63,TRADE
NSW1,2011/11/10 2:30,6676.21,23.7,TRADE
NSW1,2011/11/10 3:00,6597.65,23.83,TRADE
NSW1,2011/11/10 3:30,6598.82,23.78,TRADE
NSW1,2011/11/10 4:00,6728.03,24.26,TRADE
NSW1,2011/11/10 4:30,6923.73,24.51,TRADE
NSW1,2011/11/10 5:00,7265.97,24.93,TRADE
NSW1,2011/11/10 5:30,7838.93,29.2,TRADE
NSW1,2011/11/10 6:00,8460.19,30.41,TRADE
NSW1,2011/11/10 6:30,8947.64,36.15,TRADE
NSW1,2011/11/10 7:00,9464.21,35.25,TRADE
NSW1,2011/11/10 7:30,9627.09,29.76,TRADE
NSW1,2011/11/10 8:00,9660.26,30.56,TRADE
NSW1,2011/11/10 8:30,9823.01,30.91,TRADE
NSW1,2011/11/10 9:00,9880.26,31.27,TRADE
NSW1,2011/11/10 9:30,9932.05,32.53,TRADE
NSW1,2011/11/10 10:00,9860.95,29.39,TRADE
NSW1,2011/11/10 10:30,9751.48,28.37,TRADE
NSW1,2011/11/10 11:00,9720.26,28.61,TRADE
NSW1,2011/11/10 11:30,9707.46,30.02,TRADE
NSW1,2011/11/10 12:00,9765.82,30.75,TRADE
NSW1,2011/11/10 12:30,9808.74,31.04,TRADE
NSW1,2011/11/10 13:00,9848.6,33.61,TRADE
NSW1,2011/11/10 13:30,9883.71,32.68,TRADE
NSW1,2011/11/10 14:00,9921.78,32.19,TRADE
NSW1,2011/11/10 14:30,9904.88,32.36,TRADE
NSW1,2011/11/10 15:00,9956.47,33.41,TRADE
NSW1,2011/11/10 15:30,9955.78,31.03,TRADE
NSW1,2011/11/10 16:00,9954.96,31.03,TRADE
NSW1,2011/11/10 16:30,9874.19,30.16,TRADE
NSW1,2011/11/10 17:00,9858.74,31.66,TRADE
NSW1,2011/11/10 17:30,9598.23,28.86,TRADE
NSW1,2011/11/10 18:00,9426.87,28.11,TRADE
NSW1,2011/11/10 18:30,9202.5,28.05,TRADE
NSW1,2011/11/10 19:00,9209.9,30.41,TRADE
NSW1,2011/11/10 19:30,9262,30.75,TRADE
NSW1,2011/11/10 20:00,9029.22,29.41,TRADE
NSW1,2011/11/10 20:30,8756.72,27.16,TRADE
NSW1,2011/11/10 21:00,8487.52,25.85,TRADE
NSW1,2011/11/10 21:30,8437.78,25.73,TRADE
NSW1,2011/11/10 22:00,8291.66,24.42,TRADE
NSW1,2011/11/10 22:30,8219.16,29.72,TRADE
NSW1,2011/11/10 23:00,8041.29,28.48,TRADE
NSW1,2011/11/10 23:30,7827.69,28.67,TRADE
NSW1,2011/11/11 0:00,7644.56,28.16,TRADE
NSW1,2011/11/11 0:30,7438.71,25.46,TRADE
NSW1,2011/11/11 1:00,7224.03,27.52,TRADE
NSW1,2011/11/11 1:30,6918.64,28.34,TRADE
NSW1,2011/11/11 2:00,6668.04,24.02,TRADE
NSW1,2011/11/11 2:30,6473.04,24.18,TRADE
NSW1,2011/11/11 3:00,6396.47,24.25,TRADE
NSW1,2011/11/11 3:30,6390.2,24.2,TRADE
NSW1,2011/11/11 4:00,6478.72,24.2,TRADE
NSW1,2011/11/11 4:30,6740.01,26.54,TRADE
NSW1,2011/11/11 5:00,6994.71,26.11,TRADE
NSW1,2011/11/11 5:30,7571.67,35.31,TRADE
NSW1,2011/11/11 6:00,8151.28,36.02,TRADE
NSW1,2011/11/11 6:30,8536.66,38.37,TRADE
NSW1,2011/11/11 7:00,8919.16,39.62,TRADE
NSW1,2011/11/11 7:30,9111.75,29.03,TRADE
NSW1,2011/11/11 8:00,9197.08,31.17,TRADE
NSW1,2011/11/11 8:30,9425.6,33.47,TRADE
NSW1,2011/11/11 9:00,9546.76,34.86,TRADE
NSW1,2011/11/11 9:30,9589.73,35.89,TRADE
NSW1,2011/11/11 10:00,9631.06,36.83,TRADE
NSW1,2011/11/11 10:30,9602.98,35.32,TRADE
NSW1,2011/11/11 11:00,9606.24,37.53,TRADE
NSW1,2011/11/11 11:30,9574.33,33.53,TRADE
NSW1,2011/11/11 12:00,9463.7,34.06,TRADE
NSW1,2011/11/11 12:30,9433.41,32.96,TRADE
NSW1,2011/11/11 13:00,9415.67,37.34,TRADE
NSW1,2011/11/11 13:30,9390.2,42.52,TRADE
NSW1,2011/11/11 14:00,9406.62,47.05,TRADE
NSW1,2011/11/11 14:30,9329.57,35.73,TRADE
NSW1,2011/11/11 15:00,9401.71,39.16,TRADE
NSW1,2011/11/11 15:30,9404.51,37.99,TRADE
NSW1,2011/11/11 16:00,9376.5,39.74,TRADE
NSW1,2011/11/11 16:30,9292.59,35.06,TRADE
NSW1,2011/11/11 17:00,9100.68,31.88,TRADE
NSW1,2011/11/11 17:30,8849,27.93,TRADE
NSW1,2011/11/11 18:00,8674.7,29.74,TRADE
NSW1,2011/11/11 18:30,8557.45,26.62,TRADE
NSW1,2011/11/11 19:00,8601.73,29.03,TRADE
NSW1,2011/11/11 19:30,8688.75,30.1,TRADE
NSW1,2011/11/11 20:00,8575.18,30.97,TRADE
NSW1,2011/11/11 20:30,8339.64,29.39,TRADE
NSW1,2011/11/11 21:00,8107.79,27.24,TRADE
NSW1,2011/11/11 21:30,8156.62,28.01,TRADE
NSW1,2011/11/11 22:00,8126.69,26.45,TRADE
NSW1,2011/11/11 22:30,8129.65,31.9,TRADE
NSW1,2011/11/11 23:00,8024.54,31.05,TRADE
NSW1,2011/11/11 23:30,7838.18,32.52,TRADE
NSW1,2011/11/12 0:00,7733.07,31.21,TRADE
NSW1,2011/11/12 0:30,7497.38,30.54,TRADE
NSW1,2011/11/12 1:00,7205.89,26.87,TRADE
NSW1,2011/11/12 1:30,6930.42,28.76,TRADE
NSW1,2011/11/12 2:00,6658.48,24.12,TRADE
NSW1,2011/11/12 2:30,6462.77,23.99,TRADE
NSW1,2011/11/12 3:00,6324.45,23.94,TRADE
NSW1,2011/11/12 3:30,6274.21,24.2,TRADE
NSW1,2011/11/12 4:00,6270.56,24.04,TRADE
NSW1,2011/11/12 4:30,6340.05,23.52,TRADE
NSW1,2011/11/12 5:00,6412.55,23.7,TRADE
NSW1,2011/11/12 5:30,6573.59,23.72,TRADE
NSW1,2011/11/12 6:00,6844.1,23.7,TRADE
NSW1,2011/11/12 6:30,7121.28,23.79,TRADE
NSW1,2011/11/12 7:00,7550.79,23.67,TRADE
NSW1,2011/11/12 7:30,7911.71,24.62,TRADE
NSW1,2011/11/12 8:00,8214.71,26.9,TRADE
NSW1,2011/11/12 8:30,8457.74,28.71,TRADE
NSW1,2011/11/12 9:00,8512.19,30.29,TRADE
NSW1,2011/11/12 9:30,8601.81,30.92,TRADE
NSW1,2011/11/12 10:00,8394.55,27.47,TRADE
NSW1,2011/11/12 10:30,8352.35,29,TRADE
NSW1,2011/11/12 11:00,8507.61,33.47,TRADE
NSW1,2011/11/12 11:30,8508.2,31.8,TRADE
NSW1,2011/11/12 12:00,8438.28,31.66,TRADE
NSW1,2011/11/12 12:30,8449.14,34.47,TRADE
NSW1,2011/11/12 13:00,8467.05,35.44,TRADE
NSW1,2011/11/12 13:30,8478.5,35.41,TRADE
NSW1,2011/11/12 14:00,8513.68,36.06,TRADE
NSW1,2011/11/12 14:30,8544.39,33.43,TRADE
NSW1,2011/11/12 15:00,8564.07,34.25,TRADE
NSW1,2011/11/12 15:30,8555.38,31.77,TRADE
NSW1,2011/11/12 16:00,8593.04,31.23,TRADE
NSW1,2011/11/12 16:30,8475.38,30.65,TRADE
NSW1,2011/11/12 17:00,8412.09,30.64,TRADE
NSW1,2011/11/12 17:30,8314.29,29.05,TRADE
NSW1,2011/11/12 18:00,8246.81,26.84,TRADE
NSW1,2011/11/12 18:30,8123.81,27.91,TRADE
NSW1,2011/11/12 19:00,8156.6,29.58,TRADE
NSW1,2011/11/12 19:30,8244.18,30.2,TRADE
NSW1,2011/11/12 20:00,8112.42,29.76,TRADE
NSW1,2011/11/12 20:30,7965.22,27.43,TRADE
NSW1,2011/11/12 21:00,7845.32,27.12,TRADE
NSW1,2011/11/12 21:30,7826.73,26.89,TRADE
NSW1,2011/11/12 22:00,7702.77,24.89,TRADE
NSW1,2011/11/12 22:30,7664.17,27.45,TRADE
NSW1,2011/11/12 23:00,7471.23,28.01,TRADE
NSW1,2011/11/12 23:30,7272.78,28.83,TRADE
NSW1,2011/11/13 0:00,7141.22,27.81,TRADE
NSW1,2011/11/13 0:30,6941.21,25.58,TRADE
NSW1,2011/11/13 1:00,6761.89,27.39,TRADE
NSW1,2011/11/13 1:30,6505.13,25.24,TRADE
NSW1,2011/11/13 2:00,6341.95,22.16,TRADE
NSW1,2011/11/13 2:30,6178.86,22.55,TRADE
NSW1,2011/11/13 3:00,6097.2,23.46,TRADE
NSW1,2011/11/13 3:30,6042.15,23.7,TRADE
NSW1,2011/11/13 4:00,6054.5,23.49,TRADE
NSW1,2011/11/13 4:30,6098.13,21.73,TRADE
NSW1,2011/11/13 5:00,6130.44,20.65,TRADE
NSW1,2011/11/13 5:30,6192.61,20.45,TRADE
NSW1,2011/11/13 6:00,6339.49,19.78,TRADE
NSW1,2011/11/13 6:30,6608.16,23.46,TRADE
NSW1,2011/11/13 7:00,6931.07,23.74,TRADE
NSW1,2011/11/13 7:30,7276.27,24.19,TRADE
NSW1,2011/11/13 8:00,7562.42,26.63,TRADE
NSW1,2011/11/13 8:30,7802.74,26.16,TRADE
NSW1,2011/11/13 9:00,7999.95,27.79,TRADE
NSW1,2011/11/13 9:30,8113.94,29.42,TRADE
NSW1,2011/11/13 10:00,8150.16,27.19,TRADE
NSW1,2011/11/13 10:30,8119.39,27.09,TRADE
NSW1,2011/11/13 11:00,8137.4,26.92,TRADE
NSW1,2011/11/13 11:30,8156.44,27.04,TRADE
NSW1,2011/11/13 12:00,8181.13,26.82,TRADE
NSW1,2011/11/13 12:30,8233.31,27.88,TRADE
NSW1,2011/11/13 13:00,8162.2,27.81,TRADE
NSW1,2011/11/13 13:30,8184.36,27.67,TRADE
NSW1,2011/11/13 14:00,8205.82,30.67,TRADE
NSW1,2011/11/13 14:30,8228.5,30.72,TRADE
NSW1,2011/11/13 15:00,8278.56,30.72,TRADE
NSW1,2011/11/13 15:30,8265.05,30.47,TRADE
NSW1,2011/11/13 16:00,8273.98,30.61,TRADE
NSW1,2011/11/13 16:30,8248.55,30.59,TRADE
NSW1,2011/11/13 17:00,8352.82,30.94,TRADE
NSW1,2011/11/13 17:30,8401.6,30.77,TRADE
NSW1,2011/11/13 18:00,8372.21,30.14,TRADE
NSW1,2011/11/13 18:30,8384.29,30.72,TRADE
NSW1,2011/11/13 19:00,8505.54,33.61,TRADE
NSW1,2011/11/13 19:30,8595.65,36.01,TRADE
NSW1,2011/11/13 20:00,8509.7,34.03,TRADE
NSW1,2011/11/13 20:30,8258.93,29.7,TRADE
NSW1,2011/11/13 21:00,7994.31,28.16,TRADE
NSW1,2011/11/13 21:30,7889.02,28.15,TRADE
NSW1,2011/11/13 22:00,7740.07,25.95,TRADE
NSW1,2011/11/13 22:30,7686.06,26.04,TRADE
NSW1,2011/11/13 23:00,7471.87,26.98,TRADE
NSW1,2011/11/13 23:30,7327.49,27.5,TRADE
NSW1,2011/11/14 0:00,7159.78,27.31,TRADE
NSW1,2011/11/14 0:30,7076.21,27.68,TRADE
NSW1,2011/11/14 1:00,6907.02,25.77,TRADE
NSW1,2011/11/14 1:30,6687.12,26.88,TRADE
NSW1,2011/11/14 2:00,6462.57,23.95,TRADE
NSW1,2011/11/14 2:30,6344.36,21.7,TRADE
NSW1,2011/11/14 3:00,6312.13,23.7,TRADE
NSW1,2011/11/14 3:30,6325.45,23.88,TRADE
NSW1,2011/11/14 4:00,6415.89,23.99,TRADE
NSW1,2011/11/14 4:30,6656.54,24.55,TRADE
NSW1,2011/11/14 5:00,6900.42,24.27,TRADE
NSW1,2011/11/14 5:30,7480.31,30.83,TRADE
NSW1,2011/11/14 6:00,8070.06,30.71,TRADE
NSW1,2011/11/14 6:30,8501.53,34.69,TRADE
NSW1,2011/11/14 7:00,8971.21,35.24,TRADE
NSW1,2011/11/14 7:30,9248.57,26.78,TRADE
NSW1,2011/11/14 8:00,9472.57,30.19,TRADE
NSW1,2011/11/14 8:30,9697.19,30.85,TRADE
NSW1,2011/11/14 9:00,9885.47,30.93,TRADE
NSW1,2011/11/14 9:30,9955.16,31.34,TRADE
NSW1,2011/11/14 10:00,10031.89,31.59,TRADE
NSW1,2011/11/14 10:30,10174.01,40.3,TRADE
NSW1,2011/11/14 11:00,10436.77,41.26,TRADE
NSW1,2011/11/14 11:30,10625.59,38.02,TRADE
NSW1,2011/11/14 12:00,10750.95,107.46,TRADE
NSW1,2011/11/14 12:30,10846.4,95.12,TRADE
NSW1,2011/11/14 13:00,11022.47,104.28,TRADE
NSW1,2011/11/14 13:30,11171.74,101.48,TRADE
NSW1,2011/11/14 14:00,11265.43,99.1,TRADE
NSW1,2011/11/14 14:30,11299.79,97.8,TRADE
NSW1,2011/11/14 15:00,11443.92,102.25,TRADE
NSW1,2011/11/14 15:30,11580.61,101.34,TRADE
NSW1,2011/11/14 16:00,11716.76,117.33,TRADE
NSW1,2011/11/14 16:30,11702.67,101.38,TRADE
NSW1,2011/11/14 17:00,11690.24,103.45,TRADE
NSW1,2011/11/14 17:30,11405.49,54.44,TRADE
NSW1,2011/11/14 18:00,11262.2,68.52,TRADE
NSW1,2011/11/14 18:30,11009.49,44.4,TRADE
NSW1,2011/11/14 19:00,10908.37,95.42,TRADE
NSW1,2011/11/14 19:30,10811.05,77.43,TRADE
NSW1,2011/11/14 20:00,10609.43,38.09,TRADE
NSW1,2011/11/14 20:30,10235.36,30.51,TRADE
NSW1,2011/11/14 21:00,9679.72,28.27,TRADE
NSW1,2011/11/14 21:30,9292.65,28.48,TRADE
NSW1,2011/11/14 22:00,8781.65,26.66,TRADE
NSW1,2011/11/14 22:30,8507.38,31,TRADE
NSW1,2011/11/14 23:00,8211.91,30.63,TRADE
NSW1,2011/11/14 23:30,7977.06,30.51,TRADE
NSW1,2011/11/15 0:00,7781.76,29.84,TRADE
NSW1,2011/11/15 0:30,7558.55,27.84,TRADE
NSW1,2011/11/15 1:00,7367.08,29.23,TRADE
NSW1,2011/11/15 1:30,7037.26,26.62,TRADE
NSW1,2011/11/15 2:00,6847.53,23.99,TRADE
NSW1,2011/11/15 2:30,6654.97,23.98,TRADE
NSW1,2011/11/15 3:00,6597.12,24.07,TRADE
NSW1,2011/11/15 3:30,6580.8,23.98,TRADE
NSW1,2011/11/15 4:00,6649.07,24.88,TRADE
NSW1,2011/11/15 4:30,6856.95,24.52,TRADE
NSW1,2011/11/15 5:00,7121.84,24.92,TRADE
NSW1,2011/11/15 5:30,7663.94,31.52,TRADE
NSW1,2011/11/15 6:00,8187.83,35.08,TRADE
NSW1,2011/11/15 6:30,8629.37,35.21,TRADE
NSW1,2011/11/15 7:00,9038.44,37.81,TRADE
NSW1,2011/11/15 7:30,9266.31,30.14,TRADE
NSW1,2011/11/15 8:00,9414.54,32.99,TRADE
NSW1,2011/11/15 8:30,9746.48,39.49,TRADE
NSW1,2011/11/15 9:00,9850.09,42.29,TRADE
NSW1,2011/11/15 9:30,9931.51,68.05,TRADE
NSW1,2011/11/15 10:00,9994.03,38.02,TRADE
NSW1,2011/11/15 10:30,9986.44,36.24,TRADE
NSW1,2011/11/15 11:00,10031.53,41.44,TRADE
NSW1,2011/11/15 11:30,9984.54,41,TRADE
NSW1,2011/11/15 12:00,10021.59,74.21,TRADE
NSW1,2011/11/15 12:30,10054.73,51.73,TRADE
NSW1,2011/11/15 13:00,10067.38,43.81,TRADE
NSW1,2011/11/15 13:30,10139.38,47.61,TRADE
NSW1,2011/11/15 14:00,10140.85,43.13,TRADE
NSW1,2011/11/15 14:30,10163.44,40.67,TRADE
NSW1,2011/11/15 15:00,10258.22,52.11,TRADE
NSW1,2011/11/15 15:30,10331.27,74.82,TRADE
NSW1,2011/11/15 16:00,10346.73,41.12,TRADE
NSW1,2011/11/15 16:30,10268.75,44.74,TRADE
NSW1,2011/11/15 17:00,10164.72,39.79,TRADE
NSW1,2011/11/15 17:30,9802.62,30.57,TRADE
NSW1,2011/11/15 18:00,9662.81,32.59,TRADE
NSW1,2011/11/15 18:30,9455.39,30.58,TRADE
NSW1,2011/11/15 19:00,9457.06,32.22,TRADE
NSW1,2011/11/15 19:30,9506.24,34.9,TRADE
NSW1,2011/11/15 20:00,9310.45,32.7,TRADE
NSW1,2011/11/15 20:30,9054.43,31.51,TRADE
NSW1,2011/11/15 21:00,8731.31,30.28,TRADE
NSW1,2011/11/15 21:30,8601,30.25,TRADE
NSW1,2011/11/15 22:00,8405.61,27.85,TRADE
NSW1,2011/11/15 22:30,8302.16,35.23,TRADE
NSW1,2011/11/15 23:00,8069.25,30.09,TRADE
NSW1,2011/11/15 23:30,7871.41,30.59,TRADE
NSW1,2011/11/16 0:00,7682.04,30.4,TRADE
NSW1,2011/11/16 0:30,7482.06,28.61,TRADE
NSW1,2011/11/16 1:00,7243.72,27.14,TRADE
NSW1,2011/11/16 1:30,6938.01,25.04,TRADE
NSW1,2011/11/16 2:00,6750.4,24.49,TRADE
NSW1,2011/11/16 2:30,6544.08,23.84,TRADE
NSW1,2011/11/16 3:00,6415.51,22.99,TRADE
NSW1,2011/11/16 3:30,6480.13,24.58,TRADE
NSW1,2011/11/16 4:00,6608.22,24.58,TRADE
NSW1,2011/11/16 4:30,6802.34,24.79,TRADE
NSW1,2011/11/16 5:00,7026.87,27.3,TRADE
NSW1,2011/11/16 5:30,7627.24,35.74,TRADE
NSW1,2011/11/16 6:00,8166.09,39.49,TRADE
NSW1,2011/11/16 6:30,8447.66,35.26,TRADE
NSW1,2011/11/16 7:00,8851.03,41.45,TRADE
NSW1,2011/11/16 7:30,9094.81,29.89,TRADE
NSW1,2011/11/16 8:00,9267.08,29.09,TRADE
NSW1,2011/11/16 8:30,9453.26,30.26,TRADE
NSW1,2011/11/16 9:00,9568.67,30.83,TRADE
NSW1,2011/11/16 9:30,9595.44,30.78,TRADE
NSW1,2011/11/16 10:00,9648.11,31.52,TRADE
NSW1,2011/11/16 10:30,9636.2,34.55,TRADE
NSW1,2011/11/16 11:00,9631.1,31.87,TRADE
NSW1,2011/11/16 11:30,9594.32,34.55,TRADE
NSW1,2011/11/16 12:00,9524.8,31.03,TRADE
NSW1,2011/11/16 12:30,9543.58,30.76,TRADE
NSW1,2011/11/16 13:00,9510.39,30.87,TRADE
NSW1,2011/11/16 13:30,9484.87,30.99,TRADE
NSW1,2011/11/16 14:00,9448.85,30.94,TRADE
NSW1,2011/11/16 14:30,9391.49,30.84,TRADE
NSW1,2011/11/16 15:00,9383.71,30.86,TRADE
NSW1,2011/11/16 15:30,9396.79,31.26,TRADE
NSW1,2011/11/16 16:00,9437.88,39.81,TRADE
NSW1,2011/11/16 16:30,9433.75,40.51,TRADE
NSW1,2011/11/16 17:00,9408.88,37.07,TRADE
NSW1,2011/11/16 17:30,9189.33,28.74,TRADE
NSW1,2011/11/16 18:00,9111.36,30.67,TRADE
NSW1,2011/11/16 18:30,9001.17,31.39,TRADE
NSW1,2011/11/16 19:00,9008.64,34.96,TRADE
NSW1,2011/11/16 19:30,8961.09,30.99,TRADE
NSW1,2011/11/16 20:00,8824.16,29.28,TRADE
NSW1,2011/11/16 20:30,8538.91,26.66,TRADE
NSW1,2011/11/16 21:00,8223.37,25.97,TRADE
NSW1,2011/11/16 21:30,8177.49,25.1,TRADE
NSW1,2011/11/16 22:00,8047.39,24.73,TRADE
NSW1,2011/11/16 22:30,7957.8,29.06,TRADE
NSW1,2011/11/16 23:00,7829.53,29.55,TRADE
NSW1,2011/11/16 23:30,7648.44,28.79,TRADE
NSW1,2011/11/17 0:00,7506.49,27.85,TRADE
NSW1,2011/11/17 0:30,7360.42,27.4,TRADE
NSW1,2011/11/17 1:00,7123.01,26.05,TRADE
NSW1,2011/11/17 1:30,6831.44,25.04,TRADE
NSW1,2011/11/17 2:00,6546.31,24.08,TRADE
NSW1,2011/11/17 2:30,6353.9,23.74,TRADE
NSW1,2011/11/17 3:00,6270.84,23.99,TRADE
NSW1,2011/11/17 3:30,6302.27,24.08,TRADE
NSW1,2011/11/17 4:00,6365.96,24.49,TRADE
NSW1,2011/11/17 4:30,6617.88,25.77,TRADE
NSW1,2011/11/17 5:00,6913.29,25.57,TRADE
NSW1,2011/11/17 5:30,7428.15,30.98,TRADE
NSW1,2011/11/17 6:00,7974.86,32.64,TRADE
NSW1,2011/11/17 6:30,8353.26,32.95,TRADE
NSW1,2011/11/17 7:00,8785.81,35.08,TRADE
NSW1,2011/11/17 7:30,8941.65,29.58,TRADE
NSW1,2011/11/17 8:00,8988.38,31.1,TRADE
NSW1,2011/11/17 8:30,9165.98,31.06,TRADE
NSW1,2011/11/17 9:00,9296.53,30.98,TRADE
NSW1,2011/11/17 9:30,9242.5,29.96,TRADE
NSW1,2011/11/17 10:00,9237.45,30.79,TRADE
NSW1,2011/11/17 10:30,9287.13,31.14,TRADE
NSW1,2011/11/17 11:00,9248.26,31.13,TRADE
NSW1,2011/11/17 11:30,9291.49,31.74,TRADE
NSW1,2011/11/17 12:00,9291.97,32.86,TRADE
NSW1,2011/11/17 12:30,9308.58,36.33,TRADE
NSW1,2011/11/17 13:00,9326.95,30.77,TRADE
NSW1,2011/11/17 13:30,9324.54,34.12,TRADE
NSW1,2011/11/17 14:00,9291.91,43.62,TRADE
NSW1,2011/11/17 14:30,9260.15,38.87,TRADE
NSW1,2011/11/17 15:00,9291.49,40.96,TRADE
NSW1,2011/11/17 15:30,9293.88,38.99,TRADE
NSW1,2011/11/17 16:00,9246.31,38.23,TRADE
NSW1,2011/11/17 16:30,9272.11,34.12,TRADE
NSW1,2011/11/17 17:00,9257.88,33.75,TRADE
NSW1,2011/11/17 17:30,9117.82,30.53,TRADE
NSW1,2011/11/17 18:00,9107.24,30.94,TRADE
NSW1,2011/11/17 18:30,8998.35,33.03,TRADE
NSW1,2011/11/17 19:00,9041.38,37.61,TRADE
NSW1,2011/11/17 19:30,9006.34,36.47,TRADE
NSW1,2011/11/17 20:00,8838.99,32.4,TRADE
NSW1,2011/11/17 20:30,8527.16,29.07,TRADE
NSW1,2011/11/17 21:00,8201.94,28.67,TRADE
NSW1,2011/11/17 21:30,8196.14,28.68,TRADE
NSW1,2011/11/17 22:00,8075.38,25.34,TRADE
NSW1,2011/11/17 22:30,8018.54,31.54,TRADE
NSW1,2011/11/17 23:00,7899.19,29.63,TRADE
NSW1,2011/11/17 23:30,7700.44,30.54,TRADE
NSW1,2011/11/18 0:00,7548.79,29.92,TRADE
NSW1,2011/11/18 0:30,7376.44,27.16,TRADE
NSW1,2011/11/18 1:00,7135.97,26.05,TRADE
NSW1,2011/11/18 1:30,6848.02,25.18,TRADE
NSW1,2011/11/18 2:00,6580.29,23.93,TRADE
NSW1,2011/11/18 2:30,6410.64,23.8,TRADE
NSW1,2011/11/18 3:00,6344.79,23.97,TRADE
NSW1,2011/11/18 3:30,6342.72,24.24,TRADE
NSW1,2011/11/18 4:00,6400.74,24.27,TRADE
NSW1,2011/11/18 4:30,6631.49,24.02,TRADE
NSW1,2011/11/18 5:00,6888.68,25.25,TRADE
NSW1,2011/11/18 5:30,7461.6,30.14,TRADE
NSW1,2011/11/18 6:00,7998.57,35.72,TRADE
NSW1,2011/11/18 6:30,8400.01,34.15,TRADE
NSW1,2011/11/18 7:00,8843.9,36.54,TRADE
NSW1,2011/11/18 7:30,9044.21,27.19,TRADE
NSW1,2011/11/18 8:00,9171.22,29.72,TRADE
NSW1,2011/11/18 8:30,9342.48,32.1,TRADE
NSW1,2011/11/18 9:00,9451.13,31.24,TRADE
NSW1,2011/11/18 9:30,9548.35,36.5,TRADE
NSW1,2011/11/18 10:00,9529.32,34.82,TRADE
NSW1,2011/11/18 10:30,9565.41,32.92,TRADE
NSW1,2011/11/18 11:00,9613.47,34.76,TRADE
NSW1,2011/11/18 11:30,9587.28,36.25,TRADE
NSW1,2011/11/18 12:00,9619.97,35.83,TRADE
NSW1,2011/11/18 12:30,9649.97,36.14,TRADE
NSW1,2011/11/18 13:00,9674.33,32.99,TRADE
NSW1,2011/11/18 13:30,9675.76,39.63,TRADE
NSW1,2011/11/18 14:00,9681.22,40.41,TRADE
NSW1,2011/11/18 14:30,9672.71,40.63,TRADE
NSW1,2011/11/18 15:00,9795.18,42.92,TRADE
NSW1,2011/11/18 15:30,9808.78,43.18,TRADE
NSW1,2011/11/18 16:00,9852.57,44.51,TRADE
NSW1,2011/11/18 16:30,9783.75,40.29,TRADE
NSW1,2011/11/18 17:00,9623.54,38.82,TRADE
NSW1,2011/11/18 17:30,9314.39,29.55,TRADE
NSW1,2011/11/18 18:00,9141.53,30.96,TRADE
NSW1,2011/11/18 18:30,8935.08,28.7,TRADE
NSW1,2011/11/18 19:00,8953.78,31.28,TRADE
NSW1,2011/11/18 19:30,9059.3,31.19,TRADE
NSW1,2011/11/18 20:00,8901.92,31.32,TRADE
NSW1,2011/11/18 20:30,8622.94,27.59,TRADE
NSW1,2011/11/18 21:00,8373,25.7,TRADE
NSW1,2011/11/18 21:30,8332.81,27.43,TRADE
NSW1,2011/11/18 22:00,8360.9,26.44,TRADE
NSW1,2011/11/18 22:30,8309.2,37.01,TRADE
NSW1,2011/11/18 23:00,8208.93,32.81,TRADE
NSW1,2011/11/18 23:30,7981.44,34.35,TRADE
NSW1,2011/11/19 0:00,7795.51,32.98,TRADE
NSW1,2011/11/19 0:30,7613.61,33.79,TRADE
NSW1,2011/11/19 1:00,7262.14,31.12,TRADE
NSW1,2011/11/19 1:30,7045.73,28.36,TRADE
NSW1,2011/11/19 2:00,6710.94,22.92,TRADE
NSW1,2011/11/19 2:30,6513.9,23.86,TRADE
NSW1,2011/11/19 3:00,6389,24.02,TRADE
NSW1,2011/11/19 3:30,6382.79,24.12,TRADE
NSW1,2011/11/19 4:00,6327.06,23.98,TRADE
NSW1,2011/11/19 4:30,6441.21,24.26,TRADE
NSW1,2011/11/19 5:00,6498.06,25.23,TRADE
NSW1,2011/11/19 5:30,6709.29,25.41,TRADE
NSW1,2011/11/19 6:00,6893.19,25.26,TRADE
NSW1,2011/11/19 6:30,7255.26,27.11,TRADE
NSW1,2011/11/19 7:00,7653.14,27.25,TRADE
NSW1,2011/11/19 7:30,8047.37,29.53,TRADE
NSW1,2011/11/19 8:00,8364.74,32.74,TRADE
NSW1,2011/11/19 8:30,8605.78,32.14,TRADE
NSW1,2011/11/19 9:00,8675.74,30.66,TRADE
NSW1,2011/11/19 9:30,8858.34,30.92,TRADE
NSW1,2011/11/19 10:00,8872.9,30.92,TRADE
NSW1,2011/11/19 10:30,8938.74,32.63,TRADE
NSW1,2011/11/19 11:00,9054.39,31.12,TRADE
NSW1,2011/11/19 11:30,9075.78,31.21,TRADE
NSW1,2011/11/19 12:00,9136.87,35.87,TRADE
NSW1,2011/11/19 12:30,9269.8,48.75,TRADE
NSW1,2011/11/19 13:00,9348.22,46.46,TRADE
NSW1,2011/11/19 13:30,9453.14,47.72,TRADE
NSW1,2011/11/19 14:00,9574.89,61.75,TRADE
NSW1,2011/11/19 14:30,9605.92,46.17,TRADE
NSW1,2011/11/19 15:00,9712.69,48.41,TRADE
NSW1,2011/11/19 15:30,9751.44,45.67,TRADE
NSW1,2011/11/19 16:00,9873.39,43.46,TRADE
NSW1,2011/11/19 16:30,9754.66,42.59,TRADE
NSW1,2011/11/19 17:00,9744.48,43,TRADE
NSW1,2011/11/19 17:30,9676.3,39.41,TRADE
NSW1,2011/11/19 18:00,9533.38,38.97,TRADE
NSW1,2011/11/19 18:30,9350.74,38.14,TRADE
NSW1,2011/11/19 19:00,9293.33,44.26,TRADE
NSW1,2011/11/19 19:30,9337.81,44.92,TRADE
NSW1,2011/11/19 20:00,9218.01,41.82,TRADE
NSW1,2011/11/19 20:30,9043.49,34.19,TRADE
NSW1,2011/11/19 21:00,8772.98,30.85,TRADE
NSW1,2011/11/19 21:30,8764.15,30.92,TRADE
NSW1,2011/11/19 22:00,8525.76,30.17,TRADE
NSW1,2011/11/19 22:30,8424.38,36.68,TRADE
NSW1,2011/11/19 23:00,8131.42,30.69,TRADE
NSW1,2011/11/19 23:30,7817.94,30.68,TRADE
NSW1,2011/11/20 0:00,7658.13,32.7,TRADE
NSW1,2011/11/20 0:30,7365.88,30.91,TRADE
NSW1,2011/11/20 1:00,7139.67,30.57,TRADE
NSW1,2011/11/20 1:30,6862.8,30.28,TRADE
NSW1,2011/11/20 2:00,6595.08,25.05,TRADE
NSW1,2011/11/20 2:30,6468.4,24.18,TRADE
NSW1,2011/11/20 3:00,6389.01,24.09,TRADE
NSW1,2011/11/20 3:30,6364.89,24.09,TRADE
NSW1,2011/11/20 4:00,6374.18,24.2,TRADE
NSW1,2011/11/20 4:30,6352.63,23.7,TRADE
NSW1,2011/11/20 5:00,6364.06,23.79,TRADE
NSW1,2011/11/20 5:30,6447.91,24.37,TRADE
NSW1,2011/11/20 6:00,6609.12,23.7,TRADE
NSW1,2011/11/20 6:30,6850.83,23.76,TRADE
NSW1,2011/11/20 7:00,7215.96,23.96,TRADE
NSW1,2011/11/20 7:30,7539.93,25.85,TRADE
NSW1,2011/11/20 8:00,7934.4,28.01,TRADE
NSW1,2011/11/20 8:30,8125.46,27.01,TRADE
NSW1,2011/11/20 9:00,8282.43,28.84,TRADE
NSW1,2011/11/20 9:30,8528.24,30.85,TRADE
NSW1,2011/11/20 10:00,8689.48,31.11,TRADE
NSW1,2011/11/20 10:30,8787.09,30.99,TRADE
NSW1,2011/11/20 11:00,8987.17,32.11,TRADE
NSW1,2011/11/20 11:30,9107.8,32.23,TRADE
NSW1,2011/11/20 12:00,9147.49,36.3,TRADE
NSW1,2011/11/20 12:30,9139,31.62,TRADE
NSW1,2011/11/20 13:00,9282.73,31.04,TRADE
NSW1,2011/11/20 13:30,9280.78,31.25,TRADE
NSW1,2011/11/20 14:00,9272.51,35.14,TRADE
NSW1,2011/11/20 14:30,9176.22,33.68,TRADE
NSW1,2011/11/20 15:00,9182.78,33.19,TRADE
NSW1,2011/11/20 15:30,9023.21,30.49,TRADE
NSW1,2011/11/20 16:00,9004.57,30.72,TRADE
NSW1,2011/11/20 16:30,8826.17,30.67,TRADE
NSW1,2011/11/20 17:00,8839,31.05,TRADE
NSW1,2011/11/20 17:30,8881.06,31.18,TRADE
NSW1,2011/11/20 18:00,8749.42,30.72,TRADE
NSW1,2011/11/20 18:30,8716.97,30.98,TRADE
NSW1,2011/11/20 19:00,8766.06,35.47,TRADE
NSW1,2011/11/20 19:30,8724.4,39.95,TRADE
NSW1,2011/11/20 20:00,8557.33,37.21,TRADE
NSW1,2011/11/20 20:30,8298.56,31.66,TRADE
NSW1,2011/11/20 21:00,8056.81,28.86,TRADE
NSW1,2011/11/20 21:30,7945.11,28.67,TRADE
NSW1,2011/11/20 22:00,7685.27,25.06,TRADE
NSW1,2011/11/20 22:30,7589.14,26.09,TRADE
NSW1,2011/11/20 23:00,7361.52,25.75,TRADE
NSW1,2011/11/20 23:30,7178.07,27.92,TRADE
NSW1,2011/11/21 0:00,7060.39,29.37,TRADE
NSW1,2011/11/21 0:30,6911.46,28.57,TRADE
NSW1,2011/11/21 1:00,6803.08,28.06,TRADE
NSW1,2011/11/21 1:30,6584.3,27.89,TRADE
NSW1,2011/11/21 2:00,6408.95,24.6,TRADE
NSW1,2011/11/21 2:30,6319.24,24.08,TRADE
NSW1,2011/11/21 3:00,6228.01,24.12,TRADE
NSW1,2011/11/21 3:30,6251.53,24.33,TRADE
NSW1,2011/11/21 4:00,6326.22,25.15,TRADE
NSW1,2011/11/21 4:30,6609.02,27.5,TRADE
NSW1,2011/11/21 5:00,6817.45,27.57,TRADE
NSW1,2011/11/21 5:30,7417.01,30.24,TRADE
NSW1,2011/11/21 6:00,7924.31,31.02,TRADE
NSW1,2011/11/21 6:30,8406.94,32.05,TRADE
NSW1,2011/11/21 7:00,8784.08,33.1,TRADE
NSW1,2011/11/21 7:30,9002.91,26.51,TRADE
NSW1,2011/11/21 8:00,9078.09,28.04,TRADE
NSW1,2011/11/21 8:30,9287.88,31.11,TRADE
NSW1,2011/11/21 9:00,9476.14,31.69,TRADE
NSW1,2011/11/21 9:30,9527.27,28.55,TRADE
NSW1,2011/11/21 10:00,9541.55,30.66,TRADE
NSW1,2011/11/21 10:30,9503.24,30.02,TRADE
NSW1,2011/11/21 11:00,9453.11,31.22,TRADE
NSW1,2011/11/21 11:30,9409.35,31.82,TRADE
NSW1,2011/11/21 12:00,9299.51,31.74,TRADE
NSW1,2011/11/21 12:30,9385.97,37.49,TRADE
NSW1,2011/11/21 13:00,9402.84,36.28,TRADE
NSW1,2011/11/21 13:30,9399.4,45.84,TRADE
NSW1,2011/11/21 14:00,9385.92,47.91,TRADE
NSW1,2011/11/21 14:30,9300.77,33.27,TRADE
NSW1,2011/11/21 15:00,9348.15,35.18,TRADE
NSW1,2011/11/21 15:30,9375.16,35.09,TRADE
NSW1,2011/11/21 16:00,9397.6,33.18,TRADE
NSW1,2011/11/21 16:30,9421.9,33.3,TRADE
NSW1,2011/11/21 17:00,9431.95,33.27,TRADE
NSW1,2011/11/21 17:30,9267.88,29.92,TRADE
NSW1,2011/11/21 18:00,9174.84,30.1,TRADE
NSW1,2011/11/21 18:30,9009.38,27.59,TRADE
NSW1,2011/11/21 19:00,8973.41,30.53,TRADE
NSW1,2011/11/21 19:30,8986.82,32.1,TRADE
NSW1,2011/11/21 20:00,8792.26,30.91,TRADE
NSW1,2011/11/21 20:30,8524.14,28.01,TRADE
NSW1,2011/11/21 21:00,8294.66,26.59,TRADE
NSW1,2011/11/21 21:30,8285.07,28.51,TRADE
NSW1,2011/11/21 22:00,8093.39,24.85,TRADE
NSW1,2011/11/21 22:30,8021.68,33.59,TRADE
NSW1,2011/11/21 23:00,7932.01,30.79,TRADE
NSW1,2011/11/21 23:30,7692.65,31.54,TRADE
NSW1,2011/11/22 0:00,7612.96,31.36,TRADE
NSW1,2011/11/22 0:30,7409.69,29.7,TRADE
NSW1,2011/11/22 1:00,7184.88,29.3,TRADE
NSW1,2011/11/22 1:30,6893.8,27.68,TRADE
NSW1,2011/11/22 2:00,6667.89,24.25,TRADE
NSW1,2011/11/22 2:30,6465.9,23.63,TRADE
NSW1,2011/11/22 3:00,6410.79,24.18,TRADE
NSW1,2011/11/22 3:30,6412.04,23.98,TRADE
NSW1,2011/11/22 4:00,6493.47,22.81,TRADE
NSW1,2011/11/22 4:30,6724.28,29.45,TRADE
NSW1,2011/11/22 5:00,6999.16,29.9,TRADE
NSW1,2011/11/22 5:30,7557.66,29.85,TRADE
NSW1,2011/11/22 6:00,8126.26,31.54,TRADE
NSW1,2011/11/22 6:30,8531.79,31.95,TRADE
NSW1,2011/11/22 7:00,8898.38,31.12,TRADE
NSW1,2011/11/22 7:30,9129.73,28.47,TRADE
NSW1,2011/11/22 8:00,9215.79,28.91,TRADE
NSW1,2011/11/22 8:30,9411.26,32.26,TRADE
NSW1,2011/11/22 9:00,9434.24,30.9,TRADE
NSW1,2011/11/22 9:30,9482.68,31.18,TRADE
NSW1,2011/11/22 10:00,9539.93,31.38,TRADE
NSW1,2011/11/22 10:30,9486.61,31.16,TRADE
NSW1,2011/11/22 11:00,9591.2,35.48,TRADE
NSW1,2011/11/22 11:30,9541.26,34.81,TRADE
NSW1,2011/11/22 12:00,9473.76,32.53,TRADE
NSW1,2011/11/22 12:30,9499.04,33.73,TRADE
NSW1,2011/11/22 13:00,9522.4,34.61,TRADE
NSW1,2011/11/22 13:30,9465.3,32.9,TRADE
NSW1,2011/11/22 14:00,9383.81,30.7,TRADE
NSW1,2011/11/22 14:30,9340.77,30.24,TRADE
NSW1,2011/11/22 15:00,9479.1,31.9,TRADE
NSW1,2011/11/22 15:30,9497.61,34.38,TRADE
NSW1,2011/11/22 16:00,9549.9,39.09,TRADE
NSW1,2011/11/22 16:30,9558.51,36.55,TRADE
NSW1,2011/11/22 17:00,9594.61,39.68,TRADE
NSW1,2011/11/22 17:30,9389.2,30.91,TRADE
NSW1,2011/11/22 18:00,9284.46,31.01,TRADE
NSW1,2011/11/22 18:30,9172.54,31.37,TRADE
NSW1,2011/11/22 19:00,9102.98,30.56,TRADE
NSW1,2011/11/22 19:30,9059.36,30.02,TRADE
NSW1,2011/11/22 20:00,8835.65,30.37,TRADE
NSW1,2011/11/22 20:30,8621.69,28.45,TRADE
NSW1,2011/11/22 21:00,8284.38,27.13,TRADE
NSW1,2011/11/22 21:30,8267.07,26.15,TRADE
NSW1,2011/11/22 22:00,8113.13,24.74,TRADE
NSW1,2011/11/22 22:30,8107.33,31.16,TRADE
NSW1,2011/11/22 23:00,7939.74,27.67,TRADE
NSW1,2011/11/22 23:30,7722.22,28.6,TRADE
NSW1,2011/11/23 0:00,7655.46,32.18,TRADE
NSW1,2011/11/23 0:30,7451.25,28.47,TRADE
NSW1,2011/11/23 1:00,7246.11,26.98,TRADE
NSW1,2011/11/23 1:30,6959.91,27.79,TRADE
NSW1,2011/11/23 2:00,6722.96,24.03,TRADE
NSW1,2011/11/23 2:30,6495.82,23.7,TRADE
NSW1,2011/11/23 3:00,6383.56,23.34,TRADE
NSW1,2011/11/23 3:30,6381.26,23.72,TRADE
NSW1,2011/11/23 4:00,6434.4,24.19,TRADE
NSW1,2011/11/23 4:30,6647.1,25.59,TRADE
NSW1,2011/11/23 5:00,6962.44,26.22,TRADE
NSW1,2011/11/23 5:30,7518.48,28.63,TRADE
NSW1,2011/11/23 6:00,8139.35,34.15,TRADE
NSW1,2011/11/23 6:30,8529.14,35.78,TRADE
NSW1,2011/11/23 7:00,8921.94,36.88,TRADE
NSW1,2011/11/23 7:30,9114.74,31.7,TRADE
NSW1,2011/11/23 8:00,9110.84,31.52,TRADE
NSW1,2011/11/23 8:30,9232.81,35.02,TRADE
NSW1,2011/11/23 9:00,9331.49,35.47,TRADE
NSW1,2011/11/23 9:30,9383.1,37.08,TRADE
NSW1,2011/11/23 10:00,9367.62,38.33,TRADE
NSW1,2011/11/23 10:30,9402.73,38.03,TRADE
NSW1,2011/11/23 11:00,9370.09,37.99,TRADE
NSW1,2011/11/23 11:30,9331.24,35.05,TRADE
NSW1,2011/11/23 12:00,9255.38,34,TRADE
NSW1,2011/11/23 12:30,9258.02,30.04,TRADE
NSW1,2011/11/23 13:00,9187.78,30.25,TRADE
NSW1,2011/11/23 13:30,9182.19,30.34,TRADE
NSW1,2011/11/23 14:00,9105.33,27.97,TRADE
NSW1,2011/11/23 14:30,9002.25,27,TRADE
NSW1,2011/11/23 15:00,9054.03,29.91,TRADE
NSW1,2011/11/23 15:30,9089.75,35.99,TRADE
NSW1,2011/11/23 16:00,9123.36,38.7,TRADE
NSW1,2011/11/23 16:30,9087.38,37.18,TRADE
NSW1,2011/11/23 17:00,9083.2,32.75,TRADE
NSW1,2011/11/23 17:30,8879.27,27.95,TRADE
NSW1,2011/11/23 18:00,8854.84,30.73,TRADE
NSW1,2011/11/23 18:30,8739.73,27.34,TRADE
NSW1,2011/11/23 19:00,8728.68,29.97,TRADE
NSW1,2011/11/23 19:30,8762.09,33.56,TRADE
NSW1,2011/11/23 20:00,8609.05,32.75,TRADE
NSW1,2011/11/23 20:30,8364.75,30.33,TRADE
NSW1,2011/11/23 21:00,8114.08,26.36,TRADE
NSW1,2011/11/23 21:30,8081.31,27.43,TRADE
NSW1,2011/11/23 22:00,7933.75,25.05,TRADE
NSW1,2011/11/23 22:30,7901.92,32.3,TRADE
NSW1,2011/11/23 23:00,7762.26,27.67,TRADE
NSW1,2011/11/23 23:30,7562.56,28.46,TRADE
NSW1,2011/11/24 0:00,7417.44,26.41,TRADE
NSW1,2011/11/24 0:30,7255.47,25.3,TRADE
NSW1,2011/11/24 1:00,6996.02,24.31,TRADE
NSW1,2011/11/24 1:30,6728.47,24.51,TRADE
NSW1,2011/11/24 2:00,6451.92,23.69,TRADE
NSW1,2011/11/24 2:30,6236.44,23.74,TRADE
NSW1,2011/11/24 3:00,6137.23,23.82,TRADE
NSW1,2011/11/24 3:30,6143.52,24.04,TRADE
NSW1,2011/11/24 4:00,6215.47,23.98,TRADE
NSW1,2011/11/24 4:30,6455.5,24.82,TRADE
NSW1,2011/11/24 5:00,6760.45,28.35,TRADE
NSW1,2011/11/24 5:30,7299.45,29.6,TRADE
NSW1,2011/11/24 6:00,7935.63,33.9,TRADE
NSW1,2011/11/24 6:30,8373.94,54.03,TRADE
NSW1,2011/11/24 7:00,8764.88,41.55,TRADE
NSW1,2011/11/24 7:30,8881.96,34.08,TRADE
NSW1,2011/11/24 8:00,8848.39,33.4,TRADE
NSW1,2011/11/24 8:30,9070.11,36.52,TRADE
NSW1,2011/11/24 9:00,9180.46,37.88,TRADE
NSW1,2011/11/24 9:30,9200.22,36.78,TRADE
NSW1,2011/11/24 10:00,9151.62,38,TRADE
NSW1,2011/11/24 10:30,9081.48,38.08,TRADE
NSW1,2011/11/24 11:00,9048.4,38.1,TRADE
NSW1,2011/11/24 11:30,8971.11,38,TRADE
NSW1,2011/11/24 12:00,8832.08,37.79,TRADE
NSW1,2011/11/24 12:30,8869.91,38,TRADE
NSW1,2011/11/24 13:00,8853.77,40.32,TRADE
NSW1,2011/11/24 13:30,8864.62,43.31,TRADE
NSW1,2011/11/24 14:00,8801.16,47.47,TRADE
NSW1,2011/11/24 14:30,8735.56,42.09,TRADE
NSW1,2011/11/24 15:00,8799.56,41.32,TRADE
NSW1,2011/11/24 15:30,8854.88,41.37,TRADE
NSW1,2011/11/24 16:00,8932.98,42.4,TRADE
NSW1,2011/11/24 16:30,9043.6,43.06,TRADE
NSW1,2011/11/24 17:00,9160.14,43.63,TRADE
NSW1,2011/11/24 17:30,9053.36,35.92,TRADE
NSW1,2011/11/24 18:00,8975.23,35.78,TRADE
NSW1,2011/11/24 18:30,8873.75,30.97,TRADE
NSW1,2011/11/24 19:00,8866.03,36.77,TRADE
NSW1,2011/11/24 19:30,8878.17,40.25,TRADE
NSW1,2011/11/24 20:00,8717.24,40.08,TRADE
NSW1,2011/11/24 20:30,8414.4,34.55,TRADE
NSW1,2011/11/24 21:00,8128.76,28.38,TRADE
NSW1,2011/11/24 21:30,8173.59,30.52,TRADE
NSW1,2011/11/24 22:00,8001.46,25.7,TRADE
NSW1,2011/11/24 22:30,7951.16,35.96,TRADE
NSW1,2011/11/24 23:00,7806.4,32.06,TRADE
NSW1,2011/11/24 23:30,7652.8,33.34,TRADE
NSW1,2011/11/25 0:00,7521.48,29.24,TRADE
NSW1,2011/11/25 0:30,7351.57,27.29,TRADE
NSW1,2011/11/25 1:00,7137.31,28.11,TRADE
NSW1,2011/11/25 1:30,6851.59,27.81,TRADE
NSW1,2011/11/25 2:00,6590.55,24.49,TRADE
NSW1,2011/11/25 2:30,6352.6,23.95,TRADE
NSW1,2011/11/25 3:00,6236.42,24.19,TRADE
NSW1,2011/11/25 3:30,6217.63,24.2,TRADE
NSW1,2011/11/25 4:00,6282.12,24.23,TRADE
NSW1,2011/11/25 4:30,6482.56,24.18,TRADE
NSW1,2011/11/25 5:00,6798.49,24.44,TRADE
NSW1,2011/11/25 5:30,7387.77,32.24,TRADE
NSW1,2011/11/25 6:00,7983.83,41.01,TRADE
NSW1,2011/11/25 6:30,8438.36,38.83,TRADE
NSW1,2011/11/25 7:00,8877.95,56.87,TRADE
NSW1,2011/11/25 7:30,9092.72,39.18,TRADE
NSW1,2011/11/25 8:00,9186.41,43.02,TRADE
NSW1,2011/11/25 8:30,9339.26,46.09,TRADE
NSW1,2011/11/25 9:00,9395.82,42.26,TRADE
NSW1,2011/11/25 9:30,9470.3,45.22,TRADE
NSW1,2011/11/25 10:00,9401.95,43.75,TRADE
NSW1,2011/11/25 10:30,9353.53,41.39,TRADE
NSW1,2011/11/25 11:00,9230.05,40.79,TRADE
NSW1,2011/11/25 11:30,9245.66,42.26,TRADE
NSW1,2011/11/25 12:00,9264.84,41.4,TRADE
NSW1,2011/11/25 12:30,9186.12,40.65,TRADE
NSW1,2011/11/25 13:00,9132.23,40.41,TRADE
NSW1,2011/11/25 13:30,9088.42,40.18,TRADE
NSW1,2011/11/25 14:00,9015.13,40.54,TRADE
NSW1,2011/11/25 14:30,8956.78,40.42,TRADE
NSW1,2011/11/25 15:00,8942.35,40.58,TRADE
NSW1,2011/11/25 15:30,8961.55,39.68,TRADE
NSW1,2011/11/25 16:00,8980.5,39.68,TRADE
NSW1,2011/11/25 16:30,9016.03,40,TRADE
NSW1,2011/11/25 17:00,9025.89,36.29,TRADE
NSW1,2011/11/25 17:30,8880.35,32.95,TRADE
NSW1,2011/11/25 18:00,8844.98,31.44,TRADE
NSW1,2011/11/25 18:30,8685.72,30.54,TRADE
NSW1,2011/11/25 19:00,8731.23,32.8,TRADE
NSW1,2011/11/25 19:30,8704.11,32.41,TRADE
NSW1,2011/11/25 20:00,8563.02,32.42,TRADE
NSW1,2011/11/25 20:30,8362.62,31.3,TRADE
NSW1,2011/11/25 21:00,8125.36,28.5,TRADE
NSW1,2011/11/25 21:30,8172.96,32.35,TRADE
NSW1,2011/11/25 22:00,8144.71,30.34,TRADE
NSW1,2011/11/25 22:30,8184.17,36.2,TRADE
NSW1,2011/11/25 23:00,8067.24,33.57,TRADE
NSW1,2011/11/25 23:30,7918.56,33.93,TRADE
NSW1,2011/11/26 0:00,7719.37,29.97,TRADE
NSW1,2011/11/26 0:30,7519.25,30.13,TRADE
NSW1,2011/11/26 1:00,7226.64,25.78,TRADE
NSW1,2011/11/26 1:30,6896.12,26.44,TRADE
NSW1,2011/11/26 2:00,6556.66,23.83,TRADE
NSW1,2011/11/26 2:30,6321.65,23.74,TRADE
NSW1,2011/11/26 3:00,6235.94,23.78,TRADE
NSW1,2011/11/26 3:30,6222.16,23.74,TRADE
NSW1,2011/11/26 4:00,6172.96,23.76,TRADE
NSW1,2011/11/26 4:30,6256.15,23.57,TRADE
NSW1,2011/11/26 5:00,6410.08,23.98,TRADE
NSW1,2011/11/26 5:30,6651.36,23.98,TRADE
NSW1,2011/11/26 6:00,6872.83,23.75,TRADE
NSW1,2011/11/26 6:30,7229.44,25.41,TRADE
NSW1,2011/11/26 7:00,7708.08,30.13,TRADE
NSW1,2011/11/26 7:30,8014.1,31.38,TRADE
NSW1,2011/11/26 8:00,8369.03,31.47,TRADE
NSW1,2011/11/26 8:30,8684.04,36.31,TRADE
NSW1,2011/11/26 9:00,8805.93,36.5,TRADE
NSW1,2011/11/26 9:30,8924.59,41.43,TRADE
NSW1,2011/11/26 10:00,8823.14,34.98,TRADE
NSW1,2011/11/26 10:30,8706.84,31.04,TRADE
NSW1,2011/11/26 11:00,8586.4,36.64,TRADE
NSW1,2011/11/26 11:30,8474.72,39.61,TRADE
NSW1,2011/11/26 12:00,8334.99,30.79,TRADE
NSW1,2011/11/26 12:30,8201.27,30.61,TRADE
NSW1,2011/11/26 13:00,8159.25,27.33,TRADE
NSW1,2011/11/26 13:30,8117.42,26.08,TRADE
NSW1,2011/11/26 14:00,8119.99,28.22,TRADE
NSW1,2011/11/26 14:30,8107.24,26.93,TRADE
NSW1,2011/11/26 15:00,8179.59,26.84,TRADE
NSW1,2011/11/26 15:30,8145.52,26.52,TRADE
NSW1,2011/11/26 16:00,8136.38,28.41,TRADE
NSW1,2011/11/26 16:30,8095.04,30.03,TRADE
NSW1,2011/11/26 17:00,8138.72,30.64,TRADE
NSW1,2011/11/26 17:30,8152.5,30.26,TRADE
NSW1,2011/11/26 18:00,8022.76,30.4,TRADE
NSW1,2011/11/26 18:30,7936.49,30.15,TRADE
NSW1,2011/11/26 19:00,7940.63,30.35,TRADE
NSW1,2011/11/26 19:30,8053.79,30.54,TRADE
NSW1,2011/11/26 20:00,8002.63,29.62,TRADE
NSW1,2011/11/26 20:30,7831.59,27.05,TRADE
NSW1,2011/11/26 21:00,7709.46,25.66,TRADE
NSW1,2011/11/26 21:30,7606.62,25.14,TRADE
NSW1,2011/11/26 22:00,7522.83,24.64,TRADE
NSW1,2011/11/26 22:30,7514.24,30.86,TRADE
NSW1,2011/11/26 23:00,7332.92,30.34,TRADE
NSW1,2011/11/26 23:30,7111.23,27.35,TRADE
NSW1,2011/11/27 0:00,6971.3,26.38,TRADE
NSW1,2011/11/27 0:30,6796.42,26.87,TRADE
NSW1,2011/11/27 1:00,6601.38,25.65,TRADE
NSW1,2011/11/27 1:30,6390.41,24.76,TRADE
NSW1,2011/11/27 2:00,6153.28,20.12,TRADE
NSW1,2011/11/27 2:30,6002.85,21,TRADE
NSW1,2011/11/27 3:00,5919.37,21,TRADE
NSW1,2011/11/27 3:30,5896.35,20.74,TRADE
NSW1,2011/11/27 4:00,5856.35,20.96,TRADE
NSW1,2011/11/27 4:30,5924.01,23.54,TRADE
NSW1,2011/11/27 5:00,5868.76,19.23,TRADE
NSW1,2011/11/27 5:30,5972.97,19.8,TRADE
NSW1,2011/11/27 6:00,6143.18,20.02,TRADE
NSW1,2011/11/27 6:30,6400,21.79,TRADE
NSW1,2011/11/27 7:00,6751.22,23.72,TRADE
NSW1,2011/11/27 7:30,7105.88,24.83,TRADE
NSW1,2011/11/27 8:00,7443.87,25.19,TRADE
NSW1,2011/11/27 8:30,7673.88,26.17,TRADE
NSW1,2011/11/27 9:00,7825.86,29.16,TRADE
NSW1,2011/11/27 9:30,7948.66,30.21,TRADE
NSW1,2011/11/27 10:00,7921.85,29.05,TRADE
NSW1,2011/11/27 10:30,7939.65,27.6,TRADE
NSW1,2011/11/27 11:00,7943.2,27.99,TRADE
NSW1,2011/11/27 11:30,7934.91,27.94,TRADE
NSW1,2011/11/27 12:00,7913.26,29.44,TRADE
NSW1,2011/11/27 12:30,7892.84,28.01,TRADE
NSW1,2011/11/27 13:00,7912.96,27.53,TRADE
NSW1,2011/11/27 13:30,7871.28,25.42,TRADE
NSW1,2011/11/27 14:00,7824.25,26,TRADE
NSW1,2011/11/27 14:30,8036.54,31.91,TRADE
NSW1,2011/11/27 15:00,8104.98,32.69,TRADE
NSW1,2011/11/27 15:30,8211.68,30.79,TRADE
NSW1,2011/11/27 16:00,8280.8,31.21,TRADE
NSW1,2011/11/27 16:30,8280.76,31.07,TRADE
NSW1,2011/11/27 17:00,8416.26,38.21,TRADE
NSW1,2011/11/27 17:30,8448.93,33.69,TRADE
NSW1,2011/11/27 18:00,8424.69,35.39,TRADE
NSW1,2011/11/27 18:30,8374.23,31.08,TRADE
NSW1,2011/11/27 19:00,8347.86,31.44,TRADE
NSW1,2011/11/27 19:30,8401.55,35.63,TRADE
NSW1,2011/11/27 20:00,8392.93,34.73,TRADE
NSW1,2011/11/27 20:30,8257.81,31.32,TRADE
NSW1,2011/11/27 21:00,8079.44,29.2,TRADE
NSW1,2011/11/27 21:30,7912.23,26.69,TRADE
NSW1,2011/11/27 22:00,7756.15,25.88,TRADE
NSW1,2011/11/27 22:30,7599.32,26.74,TRADE
NSW1,2011/11/27 23:00,7424.63,25.81,TRADE
NSW1,2011/11/27 23:30,7215.95,25.64,TRADE
NSW1,2011/11/28 0:00,7076.67,25.56,TRADE
NSW1,2011/11/28 0:30,6944.11,25.16,TRADE
NSW1,2011/11/28 1:00,6780.4,23.97,TRADE
NSW1,2011/11/28 1:30,6443.29,22.01,TRADE
NSW1,2011/11/28 2:00,6236.09,21.69,TRADE
NSW1,2011/11/28 2:30,6121.21,23.33,TRADE
NSW1,2011/11/28 3:00,6102.46,23.57,TRADE
NSW1,2011/11/28 3:30,6196.62,23.7,TRADE
NSW1,2011/11/28 4:00,6279.72,23.7,TRADE
NSW1,2011/11/28 4:30,6492.6,23.37,TRADE
NSW1,2011/11/28 5:00,6691.34,23.81,TRADE
NSW1,2011/11/28 5:30,7295.28,28.28,TRADE
NSW1,2011/11/28 6:00,7893.76,29.23,TRADE
NSW1,2011/11/28 6:30,8264.5,32.36,TRADE
NSW1,2011/11/28 7:00,8726.92,33.46,TRADE
NSW1,2011/11/28 7:30,8973.74,29.34,TRADE
NSW1,2011/11/28 8:00,9082.23,33.49,TRADE
NSW1,2011/11/28 8:30,9343.5,41.16,TRADE
NSW1,2011/11/28 9:00,9558.97,45.26,TRADE
NSW1,2011/11/28 9:30,9640.1,43.67,TRADE
NSW1,2011/11/28 10:00,9742.57,49.12,TRADE
NSW1,2011/11/28 10:30,9807.29,73.05,TRADE
NSW1,2011/11/28 11:00,9847.81,63.43,TRADE
NSW1,2011/11/28 11:30,9893.01,46.35,TRADE
NSW1,2011/11/28 12:00,9926.87,61.98,TRADE
NSW1,2011/11/28 12:30,10077.04,95.52,TRADE
NSW1,2011/11/28 13:00,10091.05,68.99,TRADE
NSW1,2011/11/28 13:30,10234.57,93.28,TRADE
NSW1,2011/11/28 14:00,10242.63,95.02,TRADE
NSW1,2011/11/28 14:30,10270.72,90.9,TRADE
NSW1,2011/11/28 15:00,10367.99,76.76,TRADE
NSW1,2011/11/28 15:30,10425.12,77.26,TRADE
NSW1,2011/11/28 16:00,10438.1,69.33,TRADE
NSW1,2011/11/28 16:30,10355.85,80.85,TRADE
NSW1,2011/11/28 17:00,10206.7,55.09,TRADE
NSW1,2011/11/28 17:30,9926.2,40.75,TRADE
NSW1,2011/11/28 18:00,9695.6,37.96,TRADE
NSW1,2011/11/28 18:30,9413.04,31.81,TRADE
NSW1,2011/11/28 19:00,9252.97,32.51,TRADE
NSW1,2011/11/28 19:30,9200.06,38.59,TRADE
NSW1,2011/11/28 20:00,9097.73,44.32,TRADE
NSW1,2011/11/28 20:30,8903.59,36.12,TRADE
NSW1,2011/11/28 21:00,8600.91,29.96,TRADE
NSW1,2011/11/28 21:30,8494.8,29.3,TRADE
NSW1,2011/11/28 22:00,8273.62,26.94,TRADE
NSW1,2011/11/28 22:30,8104.5,32.13,TRADE
NSW1,2011/11/28 23:00,7982.72,29.9,TRADE
NSW1,2011/11/28 23:30,7760.38,30.59,TRADE
NSW1,2011/11/29 0:00,7626.2,29.3,TRADE
NSW1,2011/11/29 0:30,7452.77,28.34,TRADE
NSW1,2011/11/29 1:00,7195.82,26.59,TRADE
NSW1,2011/11/29 1:30,6941.15,26.22,TRADE
NSW1,2011/11/29 2:00,6672.58,23.23,TRADE
NSW1,2011/11/29 2:30,6515.31,23.39,TRADE
NSW1,2011/11/29 3:00,6415.65,23.71,TRADE
NSW1,2011/11/29 3:30,6423.31,23.74,TRADE
NSW1,2011/11/29 4:00,6523.61,23.77,TRADE
NSW1,2011/11/29 4:30,6724.54,24.72,TRADE
NSW1,2011/11/29 5:00,6942.83,26.81,TRADE
NSW1,2011/11/29 5:30,7528.81,31.73,TRADE
NSW1,2011/11/29 6:00,8046.29,32.03,TRADE
NSW1,2011/11/29 6:30,8562.84,34.75,TRADE
NSW1,2011/11/29 7:00,8971.76,38.95,TRADE
NSW1,2011/11/29 7:30,9239.36,29.24,TRADE
NSW1,2011/11/29 8:00,9437.88,35.34,TRADE
NSW1,2011/11/29 8:30,9747.29,43.14,TRADE
NSW1,2011/11/29 9:00,9922.96,45.89,TRADE
NSW1,2011/11/29 9:30,10120.51,45.79,TRADE
NSW1,2011/11/29 10:00,10181.22,76.9,TRADE
NSW1,2011/11/29 10:30,10330.54,99.24,TRADE
NSW1,2011/11/29 11:00,10378.73,83.63,TRADE
NSW1,2011/11/29 11:30,10483.21,107.39,TRADE
NSW1,2011/11/29 12:00,10464.97,103.57,TRADE
NSW1,2011/11/29 12:30,10645.67,134.28,TRADE
NSW1,2011/11/29 13:00,10700.76,109.04,TRADE
NSW1,2011/11/29 13:30,10792.28,102.22,TRADE
NSW1,2011/11/29 14:00,10809.06,110.93,TRADE
NSW1,2011/11/29 14:30,10779.58,111.72,TRADE
NSW1,2011/11/29 15:00,10880.01,113.81,TRADE
NSW1,2011/11/29 15:30,10842.34,113.38,TRADE
NSW1,2011/11/29 16:00,10834.03,118.18,TRADE
NSW1,2011/11/29 16:30,10668.09,97.51,TRADE
NSW1,2011/11/29 17:00,10555.37,74.56,TRADE
NSW1,2011/11/29 17:30,10221.73,57.85,TRADE
NSW1,2011/11/29 18:00,9991.17,38.89,TRADE
NSW1,2011/11/29 18:30,9839.53,37.96,TRADE
NSW1,2011/11/29 19:00,9745.75,33.59,TRADE
NSW1,2011/11/29 19:30,9775.16,38.06,TRADE
NSW1,2011/11/29 20:00,9566.9,33.06,TRADE
NSW1,2011/11/29 20:30,9314.78,29.9,TRADE
NSW1,2011/11/29 21:00,8917.3,25.59,TRADE
NSW1,2011/11/29 21:30,8807.78,26.2,TRADE
NSW1,2011/11/29 22:00,8535.56,25.63,TRADE
NSW1,2011/11/29 22:30,8345.47,34.02,TRADE
NSW1,2011/11/29 23:00,8088.11,29.15,TRADE
NSW1,2011/11/29 23:30,7912.66,30.52,TRADE
NSW1,2011/11/30 0:00,7805.01,28.97,TRADE
NSW1,2011/11/30 0:30,7569.4,25.77,TRADE
NSW1,2011/11/30 1:00,7363.93,26.44,TRADE
NSW1,2011/11/30 1:30,7115.72,25.28,TRADE
NSW1,2011/11/30 2:00,6844.78,23.73,TRADE
NSW1,2011/11/30 2:30,6655.8,23.71,TRADE
NSW1,2011/11/30 3:00,6573.72,23.72,TRADE
NSW1,2011/11/30 3:30,6554.05,23.72,TRADE
NSW1,2011/11/30 4:00,6629.77,23.77,TRADE
NSW1,2011/11/30 4:30,6820.7,23.79,TRADE
NSW1,2011/11/30 5:00,7095.3,23.99,TRADE
NSW1,2011/11/30 5:30,7665.73,29.85,TRADE
NSW1,2011/11/30 6:00,8223.08,35.51,TRADE
NSW1,2011/11/30 6:30,8674.73,33.75,TRADE
NSW1,2011/11/30 7:00,9121.73,31.56,TRADE
NSW1,2011/11/30 7:30,9363.64,28.22,TRADE
NSW1,2011/11/30 8:00,9436.44,29.69,TRADE
NSW1,2011/11/30 8:30,9687.57,33.17,TRADE
NSW1,2011/11/30 9:00,9882.18,34.19,TRADE
NSW1,2011/11/30 9:30,10014.39,37.79,TRADE
NSW1,2011/11/30 10:00,10130.14,39.17,TRADE
NSW1,2011/11/30 10:30,10248.04,41.4,TRADE
NSW1,2011/11/30 11:00,10343.59,36.91,TRADE
NSW1,2011/11/30 11:30,10300.66,31.8,TRADE
NSW1,2011/11/30 12:00,10228.1,31.03,TRADE
NSW1,2011/11/30 12:30,10225.69,30.81,TRADE
NSW1,2011/11/30 13:00,10227.53,31.31,TRADE
NSW1,2011/11/30 13:30,10257.57,31.88,TRADE
NSW1,2011/11/30 14:00,10225.88,33.6,TRADE
NSW1,2011/11/30 14:30,10193.56,31.82,TRADE
NSW1,2011/11/30 15:00,10318.37,38.77,TRADE
NSW1,2011/11/30 15:30,10371.48,43.94,TRADE
NSW1,2011/11/30 16:00,10364.08,35.71,TRADE
NSW1,2011/11/30 16:30,10283.41,49.08,TRADE
NSW1,2011/11/30 17:00,10212.21,47.39,TRADE
NSW1,2011/11/30 17:30,9768.99,28.1,TRADE
NSW1,2011/11/30 18:00,9588.86,27.14,TRADE
NSW1,2011/11/30 18:30,9429.61,28.1,TRADE
NSW1,2011/11/30 19:00,9345.95,29.61,TRADE
NSW1,2011/11/30 19:30,9373.65,30.76,TRADE
NSW1,2011/11/30 20:00,9261.7,30.94,TRADE
NSW1,2011/11/30 20:30,9059.77,30.49,TRADE
NSW1,2011/11/30 21:00,8752.27,27.85,TRADE
NSW1,2011/11/30 21:30,8675.34,26.3,TRADE
NSW1,2011/11/30 22:00,8386.37,24.44,TRADE
NSW1,2011/11/30 22:30,8232.13,27.76,TRADE
NSW1,2011/11/30 23:00,8034.86,28.14,TRADE
NSW1,2011/11/30 23:30,7814.19,25.99,TRADE
NSW1,2011/12/1 0:00,7641.74,25.79,TRADE
?NSW1,2011/12/1 0:30,7424.23,23.77,TRADE
NSW1,2011/12/1 1:00,7195.42,23.98,TRADE
NSW1,2011/12/1 1:30,6854.15,23.34,TRADE
NSW1,2011/12/1 2:00,6622.23,23.7,TRADE
NSW1,2011/12/1 2:30,6389.65,23.41,TRADE
NSW1,2011/12/1 3:00,6343.84,23.7,TRADE
NSW1,2011/12/1 3:30,6340.07,23.7,TRADE
NSW1,2011/12/1 4:00,6405.75,23.7,TRADE
NSW1,2011/12/1 4:30,6626.15,23.96,TRADE
NSW1,2011/12/1 5:00,6881.02,23.54,TRADE
NSW1,2011/12/1 5:30,7425.39,25.88,TRADE
NSW1,2011/12/1 6:00,7970.6,29.6,TRADE
NSW1,2011/12/1 6:30,8373.24,30.2,TRADE
NSW1,2011/12/1 7:00,8747.61,32.85,TRADE
NSW1,2011/12/1 7:30,8842.87,28.01,TRADE
NSW1,2011/12/1 8:00,8917,28.03,TRADE
NSW1,2011/12/1 8:30,9011.03,28.66,TRADE
NSW1,2011/12/1 9:00,9075.28,28.9,TRADE
NSW1,2011/12/1 9:30,9061.73,30.3,TRADE
NSW1,2011/12/1 10:00,9098.75,30.69,TRADE
NSW1,2011/12/1 10:30,9075.9,31.01,TRADE
NSW1,2011/12/1 11:00,9085.44,30.94,TRADE
NSW1,2011/12/1 11:30,8994.76,28.91,TRADE
NSW1,2011/12/1 12:00,8897.42,27.45,TRADE
NSW1,2011/12/1 12:30,8881.45,27.08,TRADE
NSW1,2011/12/1 13:00,8873.53,27,TRADE
NSW1,2011/12/1 13:30,8890.05,26.41,TRADE
NSW1,2011/12/1 14:00,8798.48,26.87,TRADE
NSW1,2011/12/1 14:30,8743.19,26.76,TRADE
NSW1,2011/12/1 15:00,8803.7,26.99,TRADE
NSW1,2011/12/1 15:30,8808.25,26.89,TRADE
NSW1,2011/12/1 16:00,8804.1,26.78,TRADE
NSW1,2011/12/1 16:30,8781.52,27.34,TRADE
NSW1,2011/12/1 17:00,8731.25,26.32,TRADE
NSW1,2011/12/1 17:30,8606.9,25.34,TRADE
NSW1,2011/12/1 18:00,8502.42,25.29,TRADE
NSW1,2011/12/1 18:30,8383.12,25.02,TRADE
NSW1,2011/12/1 19:00,8412.39,25.07,TRADE
NSW1,2011/12/1 19:30,8541.06,25.52,TRADE
NSW1,2011/12/1 20:00,8554.01,24.95,TRADE
NSW1,2011/12/1 20:30,8323.27,24.75,TRADE
NSW1,2011/12/1 21:00,8040.14,24.81,TRADE
NSW1,2011/12/1 21:30,8044.7,24.52,TRADE
NSW1,2011/12/1 22:00,7913.52,23.78,TRADE
NSW1,2011/12/1 22:30,7858.08,26.52,TRADE
NSW1,2011/12/1 23:00,7743.64,26.4,TRADE
NSW1,2011/12/1 23:30,7548.94,25.4,TRADE
NSW1,2011/12/2 0:00,7417.26,25.49,TRADE
NSW1,2011/12/2 0:30,7268.25,24.43,TRADE
NSW1,2011/12/2 1:00,7023.72,23.23,TRADE
NSW1,2011/12/2 1:30,6728.04,21.13,TRADE
NSW1,2011/12/2 2:00,6460.25,18.47,TRADE
NSW1,2011/12/2 2:30,6268.29,18.86,TRADE
NSW1,2011/12/2 3:00,6200.9,18.36,TRADE
NSW1,2011/12/2 3:30,6200.26,18.22,TRADE
NSW1,2011/12/2 4:00,6260.85,18.92,TRADE
NSW1,2011/12/2 4:30,6468.97,21.72,TRADE
NSW1,2011/12/2 5:00,6751.83,22.46,TRADE
NSW1,2011/12/2 5:30,7300.36,24.55,TRADE
NSW1,2011/12/2 6:00,7844.48,26.76,TRADE
NSW1,2011/12/2 6:30,8195.58,30.07,TRADE
NSW1,2011/12/2 7:00,8616.33,31.6,TRADE
NSW1,2011/12/2 7:30,8761.99,28.68,TRADE
NSW1,2011/12/2 8:00,8794.65,26.7,TRADE
NSW1,2011/12/2 8:30,8863.37,27.43,TRADE
NSW1,2011/12/2 9:00,8936.66,29.46,TRADE
NSW1,2011/12/2 9:30,9018.85,29.01,TRADE
NSW1,2011/12/2 10:00,9005.75,29.24,TRADE
NSW1,2011/12/2 10:30,8952.49,29.85,TRADE
NSW1,2011/12/2 11:00,8897.44,30.65,TRADE
NSW1,2011/12/2 11:30,8809.92,28.82,TRADE
NSW1,2011/12/2 12:00,8805.42,28.87,TRADE
NSW1,2011/12/2 12:30,8767.39,28.87,TRADE
NSW1,2011/12/2 13:00,8739.89,28,TRADE
NSW1,2011/12/2 13:30,8704.26,27.14,TRADE
NSW1,2011/12/2 14:00,8660.61,27.87,TRADE
NSW1,2011/12/2 14:30,8601.9,26.37,TRADE
NSW1,2011/12/2 15:00,8669.14,28.41,TRADE
NSW1,2011/12/2 15:30,8672.1,26.96,TRADE
NSW1,2011/12/2 16:00,8707.86,26.72,TRADE
NSW1,2011/12/2 16:30,8614.4,26.9,TRADE
NSW1,2011/12/2 17:00,8533.75,27.01,TRADE
NSW1,2011/12/2 17:30,8344.57,24.82,TRADE
NSW1,2011/12/2 18:00,8200.75,24.85,TRADE
NSW1,2011/12/2 18:30,8060.23,25.49,TRADE
NSW1,2011/12/2 19:00,8056.46,25.18,TRADE
NSW1,2011/12/2 19:30,8148.67,25.13,TRADE
NSW1,2011/12/2 20:00,8207.18,25.51,TRADE
NSW1,2011/12/2 20:30,8076.55,25.32,TRADE
NSW1,2011/12/2 21:00,7865.56,24.13,TRADE
NSW1,2011/12/2 21:30,7953.04,25.03,TRADE
NSW1,2011/12/2 22:00,7867.81,24.45,TRADE
NSW1,2011/12/2 22:30,7882.75,25.54,TRADE
NSW1,2011/12/2 23:00,7801.46,26.3,TRADE
NSW1,2011/12/2 23:30,7593.76,24.98,TRADE
NSW1,2011/12/3 0:00,7466.63,25.22,TRADE
NSW1,2011/12/3 0:30,7254.49,24.15,TRADE
NSW1,2011/12/3 1:00,7052.43,23.66,TRADE
NSW1,2011/12/3 1:30,6754.06,23.18,TRADE
NSW1,2011/12/3 2:00,6481.92,23.49,TRADE
NSW1,2011/12/3 2:30,6229.88,20.09,TRADE
NSW1,2011/12/3 3:00,6163.43,19.49,TRADE
NSW1,2011/12/3 3:30,6113.71,18.85,TRADE
NSW1,2011/12/3 4:00,6118.69,21,TRADE
NSW1,2011/12/3 4:30,6202.35,21.65,TRADE
NSW1,2011/12/3 5:00,6219.73,20.57,TRADE
NSW1,2011/12/3 5:30,6463.17,24.38,TRADE
NSW1,2011/12/3 6:00,6688.22,24.09,TRADE
NSW1,2011/12/3 6:30,6979.57,24.4,TRADE
NSW1,2011/12/3 7:00,7343.7,24.44,TRADE
NSW1,2011/12/3 7:30,7692.64,28.9,TRADE
NSW1,2011/12/3 8:00,7943.94,30.96,TRADE
NSW1,2011/12/3 8:30,8127.39,30.23,TRADE
NSW1,2011/12/3 9:00,8228.18,31.79,TRADE
NSW1,2011/12/3 9:30,8248.24,26.12,TRADE
NSW1,2011/12/3 10:00,8143.04,26.51,TRADE
NSW1,2011/12/3 10:30,8087.22,25.55,TRADE
NSW1,2011/12/3 11:00,8021.73,26.46,TRADE
NSW1,2011/12/3 11:30,7992.26,25.94,TRADE
NSW1,2011/12/3 12:00,7871.91,25.55,TRADE
NSW1,2011/12/3 12:30,7850.12,25.66,TRADE
NSW1,2011/12/3 13:00,7767.32,24.81,TRADE
NSW1,2011/12/3 13:30,7741.43,25.35,TRADE
NSW1,2011/12/3 14:00,7708.83,24.93,TRADE
NSW1,2011/12/3 14:30,7719.68,24.63,TRADE
NSW1,2011/12/3 15:00,7745.49,26.18,TRADE
NSW1,2011/12/3 15:30,7767.82,25.42,TRADE
NSW1,2011/12/3 16:00,7785.81,25.66,TRADE
NSW1,2011/12/3 16:30,7764.53,24.91,TRADE
NSW1,2011/12/3 17:00,7780.18,25.96,TRADE
NSW1,2011/12/3 17:30,7758.47,24.78,TRADE
NSW1,2011/12/3 18:00,7655.03,24.37,TRADE
NSW1,2011/12/3 18:30,7609.53,24.76,TRADE
NSW1,2011/12/3 19:00,7629.26,25.71,TRADE
NSW1,2011/12/3 19:30,7736.61,26.01,TRADE
NSW1,2011/12/3 20:00,7827.51,26.15,TRADE
NSW1,2011/12/3 20:30,7719.09,25.07,TRADE
NSW1,2011/12/3 21:00,7599.79,24.22,TRADE
NSW1,2011/12/3 21:30,7535.75,25.27,TRADE
NSW1,2011/12/3 22:00,7469.02,25.25,TRADE
NSW1,2011/12/3 22:30,7434.05,28.24,TRADE
NSW1,2011/12/3 23:00,7288.11,26.31,TRADE
NSW1,2011/12/3 23:30,7042.57,25.59,TRADE
NSW1,2011/12/4 0:00,6915.94,25.04,TRADE
NSW1,2011/12/4 0:30,6748.76,23.83,TRADE
NSW1,2011/12/4 1:00,6600.46,23.78,TRADE
NSW1,2011/12/4 1:30,6346.56,20.6,TRADE
NSW1,2011/12/4 2:00,6127.25,23.64,TRADE
NSW1,2011/12/4 2:30,5994.49,23.2,TRADE
NSW1,2011/12/4 3:00,5930.1,20.82,TRADE
NSW1,2011/12/4 3:30,5863.14,22,TRADE
NSW1,2011/12/4 4:00,5849.89,20.06,TRADE
NSW1,2011/12/4 4:30,5906.55,16.35,TRADE
NSW1,2011/12/4 5:00,5852.9,13.45,TRADE
NSW1,2011/12/4 5:30,5988.52,17.79,TRADE
NSW1,2011/12/4 6:00,6130,19.45,TRADE
NSW1,2011/12/4 6:30,6336.82,20.5,TRADE
NSW1,2011/12/4 7:00,6684.72,22.52,TRADE
NSW1,2011/12/4 7:30,7055.23,23.15,TRADE
NSW1,2011/12/4 8:00,7373.94,24.16,TRADE
NSW1,2011/12/4 8:30,7595.09,24.25,TRADE
NSW1,2011/12/4 9:00,7657.2,24.11,TRADE
NSW1,2011/12/4 9:30,7757.69,24.21,TRADE
NSW1,2011/12/4 10:00,7853.7,24.16,TRADE
NSW1,2011/12/4 10:30,7869.21,24.17,TRADE
NSW1,2011/12/4 11:00,7867.06,24.15,TRADE
NSW1,2011/12/4 11:30,7820.8,24.05,TRADE
NSW1,2011/12/4 12:00,7747.54,24.1,TRADE
NSW1,2011/12/4 12:30,7715.53,24.36,TRADE
NSW1,2011/12/4 13:00,7649.81,24.36,TRADE
NSW1,2011/12/4 13:30,7541.71,22.89,TRADE
NSW1,2011/12/4 14:00,7416.78,24.03,TRADE
NSW1,2011/12/4 14:30,7458,24.08,TRADE
NSW1,2011/12/4 15:00,7525,24.1,TRADE
NSW1,2011/12/4 15:30,7608.47,24.13,TRADE
NSW1,2011/12/4 16:00,7652.46,24.1,TRADE
NSW1,2011/12/4 16:30,7678.4,24.12,TRADE
NSW1,2011/12/4 17:00,7854.72,25.05,TRADE
NSW1,2011/12/4 17:30,7926.08,25.15,TRADE
NSW1,2011/12/4 18:00,7941.91,25.05,TRADE
NSW1,2011/12/4 18:30,7899.31,25.34,TRADE
NSW1,2011/12/4 19:00,7919.94,25.91,TRADE
NSW1,2011/12/4 19:30,8080.59,26.25,TRADE
NSW1,2011/12/4 20:00,8012.85,26.16,TRADE
NSW1,2011/12/4 20:30,7791.02,25.12,TRADE
NSW1,2011/12/4 21:00,7561.32,24.08,TRADE
NSW1,2011/12/4 21:30,7376.75,24.04,TRADE
NSW1,2011/12/4 22:00,7235.48,24.03,TRADE
NSW1,2011/12/4 22:30,7223.26,25.18,TRADE
NSW1,2011/12/4 23:00,7069.79,24.98,TRADE
NSW1,2011/12/4 23:30,6892.7,24.84,TRADE
NSW1,2011/12/5 0:00,6794.95,25.05,TRADE
NSW1,2011/12/5 0:30,6715.06,23.18,TRADE
NSW1,2011/12/5 1:00,6543.12,22.26,TRADE
NSW1,2011/12/5 1:30,6309.19,23.5,TRADE
NSW1,2011/12/5 2:00,6138.72,19.47,TRADE
NSW1,2011/12/5 2:30,6037.13,18.01,TRADE
NSW1,2011/12/5 3:00,5945.6,17.91,TRADE
NSW1,2011/12/5 3:30,6011.53,19.45,TRADE
NSW1,2011/12/5 4:00,6127.66,19.83,TRADE
NSW1,2011/12/5 4:30,6317.82,20.81,TRADE
NSW1,2011/12/5 5:00,6548.89,21.48,TRADE
NSW1,2011/12/5 5:30,7197.84,24.33,TRADE
NSW1,2011/12/5 6:00,7788.38,27.41,TRADE
NSW1,2011/12/5 6:30,8158.77,29.55,TRADE
NSW1,2011/12/5 7:00,8494.72,31.05,TRADE
NSW1,2011/12/5 7:30,8627.89,24.92,TRADE
NSW1,2011/12/5 8:00,8635.43,24.78,TRADE
NSW1,2011/12/5 8:30,8660.17,25.37,TRADE
NSW1,2011/12/5 9:00,8769.37,25.33,TRADE
NSW1,2011/12/5 9:30,8817.62,25.05,TRADE
NSW1,2011/12/5 10:00,8792.5,25.09,TRADE
NSW1,2011/12/5 10:30,8769.37,25.05,TRADE
NSW1,2011/12/5 11:00,8789.42,25.32,TRADE
NSW1,2011/12/5 11:30,8715.62,24.95,TRADE
NSW1,2011/12/5 12:00,8634.06,25.13,TRADE
NSW1,2011/12/5 12:30,8626.98,26.18,TRADE
NSW1,2011/12/5 13:00,8630.19,24.81,TRADE
NSW1,2011/12/5 13:30,8654.55,25.14,TRADE
NSW1,2011/12/5 14:00,8490.3,24.47,TRADE
NSW1,2011/12/5 14:30,8362.7,24.89,TRADE
NSW1,2011/12/5 15:00,8467.03,25.05,TRADE
NSW1,2011/12/5 15:30,8575.44,24.88,TRADE
NSW1,2011/12/5 16:00,8647.98,25.39,TRADE
NSW1,2011/12/5 16:30,8686.81,24.74,TRADE
NSW1,2011/12/5 17:00,8737.75,25.16,TRADE
NSW1,2011/12/5 17:30,8618.82,24.98,TRADE
NSW1,2011/12/5 18:00,8610.93,25.08,TRADE
NSW1,2011/12/5 18:30,8567.76,25.29,TRADE
NSW1,2011/12/5 19:00,8638.21,26.13,TRADE
NSW1,2011/12/5 19:30,8672.22,26.34,TRADE
NSW1,2011/12/5 20:00,8644.18,25.88,TRADE
NSW1,2011/12/5 20:30,8382.23,25.15,TRADE
NSW1,2011/12/5 21:00,8183.23,24.93,TRADE
NSW1,2011/12/5 21:30,8110.6,24.71,TRADE
NSW1,2011/12/5 22:00,7944.98,24.37,TRADE
NSW1,2011/12/5 22:30,7870.13,27.12,TRADE
NSW1,2011/12/5 23:00,7802.42,27.56,TRADE
NSW1,2011/12/5 23:30,7654.19,26,TRADE
NSW1,2011/12/6 0:00,7524.68,26.39,TRADE
NSW1,2011/12/6 0:30,7312.33,23.89,TRADE
NSW1,2011/12/6 1:00,7119.39,23.79,TRADE
NSW1,2011/12/6 1:30,6763.11,21.27,TRADE
NSW1,2011/12/6 2:00,6527.64,21.28,TRADE
NSW1,2011/12/6 2:30,6293.5,18.12,TRADE
NSW1,2011/12/6 3:00,6192.97,18.79,TRADE
NSW1,2011/12/6 3:30,6197.34,23.28,TRADE
NSW1,2011/12/6 4:00,6279.84,23.85,TRADE
NSW1,2011/12/6 4:30,6505.77,24.54,TRADE
NSW1,2011/12/6 5:00,6672.42,23.85,TRADE
NSW1,2011/12/6 5:30,7181.25,26.17,TRADE
NSW1,2011/12/6 6:00,7859.26,30.7,TRADE
NSW1,2011/12/6 6:30,8311.31,30.57,TRADE
NSW1,2011/12/6 7:00,8608.06,27.66,TRADE
NSW1,2011/12/6 7:30,8737.47,24.2,TRADE
NSW1,2011/12/6 8:00,8779.73,27.04,TRADE
NSW1,2011/12/6 8:30,8772.06,26.92,TRADE
NSW1,2011/12/6 9:00,8849.66,26.84,TRADE
NSW1,2011/12/6 9:30,8880.77,28.79,TRADE
NSW1,2011/12/6 10:00,8878.07,29.31,TRADE
NSW1,2011/12/6 10:30,8868.81,31.02,TRADE
NSW1,2011/12/6 11:00,8907.36,31.09,TRADE
NSW1,2011/12/6 11:30,8818.35,31.06,TRADE
NSW1,2011/12/6 12:00,8835.85,31.46,TRADE
NSW1,2011/12/6 12:30,8823.99,30.87,TRADE
NSW1,2011/12/6 13:00,8793.83,30.5,TRADE
NSW1,2011/12/6 13:30,8773.49,28.14,TRADE
NSW1,2011/12/6 14:00,8710.67,29.81,TRADE
NSW1,2011/12/6 14:30,8683.46,26.57,TRADE
NSW1,2011/12/6 15:00,8683.81,26.12,TRADE
NSW1,2011/12/6 15:30,8709.8,26.89,TRADE
NSW1,2011/12/6 16:00,8754.41,27,TRADE
NSW1,2011/12/6 16:30,8800.68,28.8,TRADE
NSW1,2011/12/6 17:00,8822,31.01,TRADE
NSW1,2011/12/6 17:30,8708.58,27.56,TRADE
NSW1,2011/12/6 18:00,8673.62,25.73,TRADE
NSW1,2011/12/6 18:30,8566.39,26.11,TRADE
NSW1,2011/12/6 19:00,8534.84,29.13,TRADE
NSW1,2011/12/6 19:30,8684.63,30.17,TRADE
NSW1,2011/12/6 20:00,8662.55,33.01,TRADE
NSW1,2011/12/6 20:30,8523.38,27.71,TRADE
NSW1,2011/12/6 21:00,8234.69,25.52,TRADE
NSW1,2011/12/6 21:30,8215.67,25.04,TRADE
NSW1,2011/12/6 22:00,8046.05,24.06,TRADE
NSW1,2011/12/6 22:30,7981.69,26.24,TRADE
NSW1,2011/12/6 23:00,7908.68,27.09,TRADE
NSW1,2011/12/6 23:30,7755.16,28.09,TRADE
NSW1,2011/12/7 0:00,7591.5,26.33,TRADE
NSW1,2011/12/7 0:30,7401.74,25.39,TRADE
NSW1,2011/12/7 1:00,7183.54,24.43,TRADE
NSW1,2011/12/7 1:30,6871.4,20.41,TRADE
NSW1,2011/12/7 2:00,6580.52,17.16,TRADE
NSW1,2011/12/7 2:30,6378.16,17.4,TRADE
NSW1,2011/12/7 3:00,6223.75,21.21,TRADE
NSW1,2011/12/7 3:30,6234.66,22.45,TRADE
NSW1,2011/12/7 4:00,6301.61,23.88,TRADE
NSW1,2011/12/7 4:30,6539.59,23.68,TRADE
NSW1,2011/12/7 5:00,6787.71,24.01,TRADE
NSW1,2011/12/7 5:30,7418.27,28.33,TRADE
NSW1,2011/12/7 6:00,7980.35,29.07,TRADE
NSW1,2011/12/7 6:30,8414.06,34.76,TRADE
NSW1,2011/12/7 7:00,8745.23,31.34,TRADE
NSW1,2011/12/7 7:30,8782.68,23.99,TRADE
NSW1,2011/12/7 8:00,8805.78,29.02,TRADE
NSW1,2011/12/7 8:30,8906.08,30.9,TRADE
NSW1,2011/12/7 9:00,8968.69,31.03,TRADE
NSW1,2011/12/7 9:30,8955.97,30.08,TRADE
NSW1,2011/12/7 10:00,8958.17,30.48,TRADE
NSW1,2011/12/7 10:30,8936.99,30.62,TRADE
NSW1,2011/12/7 11:00,8844.68,28.78,TRADE
NSW1,2011/12/7 11:30,8785.72,28.86,TRADE
NSW1,2011/12/7 12:00,8826.72,29.21,TRADE
NSW1,2011/12/7 12:30,8878.65,29.03,TRADE
NSW1,2011/12/7 13:00,8897.01,30.17,TRADE
NSW1,2011/12/7 13:30,8787.67,30.45,TRADE
NSW1,2011/12/7 14:00,8783.86,31.1,TRADE
NSW1,2011/12/7 14:30,8684.04,30,TRADE
NSW1,2011/12/7 15:00,8783.79,29.77,TRADE
NSW1,2011/12/7 15:30,8884.59,31.4,TRADE
NSW1,2011/12/7 16:00,8968.44,31.47,TRADE
NSW1,2011/12/7 16:30,9041.29,31.44,TRADE
NSW1,2011/12/7 17:00,9049.84,30.06,TRADE
NSW1,2011/12/7 17:30,8880.55,27.29,TRADE
NSW1,2011/12/7 18:00,8818.47,29.46,TRADE
NSW1,2011/12/7 18:30,8686.43,28.94,TRADE
NSW1,2011/12/7 19:00,8705.85,27.35,TRADE
NSW1,2011/12/7 19:30,8754.53,28.97,TRADE
NSW1,2011/12/7 20:00,8688.24,33.01,TRADE
NSW1,2011/12/7 20:30,8528.99,28.16,TRADE
NSW1,2011/12/7 21:00,8257.27,26.11,TRADE
NSW1,2011/12/7 21:30,8208.56,24.72,TRADE
NSW1,2011/12/7 22:00,8049.51,24.33,TRADE
NSW1,2011/12/7 22:30,8034.49,26.9,TRADE
NSW1,2011/12/7 23:00,7907.76,26.74,TRADE
NSW1,2011/12/7 23:30,7743.62,25.59,TRADE
NSW1,2011/12/8 0:00,7602.91,25.72,TRADE
NSW1,2011/12/8 0:30,7427.55,24.37,TRADE
NSW1,2011/12/8 1:00,7206.25,23.64,TRADE
NSW1,2011/12/8 1:30,6874.57,22.7,TRADE
NSW1,2011/12/8 2:00,6584.54,22.85,TRADE
NSW1,2011/12/8 2:30,6387.76,18.93,TRADE
NSW1,2011/12/8 3:00,6289.04,19.22,TRADE
NSW1,2011/12/8 3:30,6299.5,21.16,TRADE
NSW1,2011/12/8 4:00,6361.97,23.08,TRADE
NSW1,2011/12/8 4:30,6585.67,23.96,TRADE
NSW1,2011/12/8 5:00,6879.06,23.98,TRADE
NSW1,2011/12/8 5:30,7449.06,25.72,TRADE
NSW1,2011/12/8 6:00,8003.52,25.67,TRADE
NSW1,2011/12/8 6:30,8396.98,28.93,TRADE
NSW1,2011/12/8 7:00,8741.47,31.2,TRADE
NSW1,2011/12/8 7:30,8884.33,24.09,TRADE
NSW1,2011/12/8 8:00,8955.82,24.81,TRADE
NSW1,2011/12/8 8:30,9079.3,27.73,TRADE
NSW1,2011/12/8 9:00,9133.36,26.14,TRADE
NSW1,2011/12/8 9:30,9110.6,26.4,TRADE
NSW1,2011/12/8 10:00,9202.11,26.92,TRADE
NSW1,2011/12/8 10:30,9201.92,29.46,TRADE
NSW1,2011/12/8 11:00,9204.87,29.33,TRADE
NSW1,2011/12/8 11:30,9156.14,30.01,TRADE
NSW1,2011/12/8 12:00,9105.66,30.75,TRADE
NSW1,2011/12/8 12:30,9099.08,30.15,TRADE
NSW1,2011/12/8 13:00,9067.85,30.58,TRADE
NSW1,2011/12/8 13:30,9076.5,30.94,TRADE
NSW1,2011/12/8 14:00,9032.02,30.97,TRADE
NSW1,2011/12/8 14:30,9020.91,31,TRADE
NSW1,2011/12/8 15:00,9017.71,30.78,TRADE
NSW1,2011/12/8 15:30,9040.45,30.22,TRADE
NSW1,2011/12/8 16:00,9039.11,30.75,TRADE
NSW1,2011/12/8 16:30,8992.93,30.5,TRADE
NSW1,2011/12/8 17:00,9028.58,30.72,TRADE
NSW1,2011/12/8 17:30,8910.73,30.36,TRADE
NSW1,2011/12/8 18:00,8820.78,26.43,TRADE
NSW1,2011/12/8 18:30,8756.24,27.21,TRADE
NSW1,2011/12/8 19:00,8778.05,28.57,TRADE
NSW1,2011/12/8 19:30,8899.12,29.76,TRADE
NSW1,2011/12/8 20:00,8852.38,29.66,TRADE
NSW1,2011/12/8 20:30,8610.53,27.37,TRADE
NSW1,2011/12/8 21:00,8349.88,25.39,TRADE
NSW1,2011/12/8 21:30,8376.37,25.83,TRADE
NSW1,2011/12/8 22:00,8223.1,24.78,TRADE
NSW1,2011/12/8 22:30,8196.78,28.95,TRADE
NSW1,2011/12/8 23:00,8079.64,27.34,TRADE
NSW1,2011/12/8 23:30,7901.08,30.59,TRADE
NSW1,2011/12/9 0:00,7733.48,28.83,TRADE
NSW1,2011/12/9 0:30,7505.14,25.51,TRADE
NSW1,2011/12/9 1:00,7255.47,26.38,TRADE
NSW1,2011/12/9 1:30,6937.88,24.81,TRADE
NSW1,2011/12/9 2:00,6623.17,23.81,TRADE
NSW1,2011/12/9 2:30,6387.96,23.28,TRADE
NSW1,2011/12/9 3:00,6265.73,23.35,TRADE
NSW1,2011/12/9 3:30,6284.96,23.66,TRADE
NSW1,2011/12/9 4:00,6350.55,23.73,TRADE
NSW1,2011/12/9 4:30,6559.54,23.96,TRADE
NSW1,2011/12/9 5:00,6840.23,24.05,TRADE
NSW1,2011/12/9 5:30,7394.79,29.12,TRADE
NSW1,2011/12/9 6:00,7928.06,29.48,TRADE
NSW1,2011/12/9 6:30,8285.48,29.27,TRADE
NSW1,2011/12/9 7:00,8682.88,30.96,TRADE
NSW1,2011/12/9 7:30,8777.62,27.14,TRADE
NSW1,2011/12/9 8:00,8899.09,28.51,TRADE
NSW1,2011/12/9 8:30,9085.51,31.01,TRADE
NSW1,2011/12/9 9:00,9135.65,30.98,TRADE
NSW1,2011/12/9 9:30,9273.16,31.54,TRADE
NSW1,2011/12/9 10:00,9272.42,34.43,TRADE
NSW1,2011/12/9 10:30,9282.49,36.26,TRADE
NSW1,2011/12/9 11:00,9250.64,31.02,TRADE
NSW1,2011/12/9 11:30,9276.75,33.73,TRADE
NSW1,2011/12/9 12:00,9214.09,36.23,TRADE
NSW1,2011/12/9 12:30,9187,40.08,TRADE
NSW1,2011/12/9 13:00,9173.57,42,TRADE
NSW1,2011/12/9 13:30,9180.95,36.52,TRADE
NSW1,2011/12/9 14:00,9147.75,33.84,TRADE
NSW1,2011/12/9 14:30,8960.66,33.11,TRADE
NSW1,2011/12/9 15:00,9054.52,33.27,TRADE
NSW1,2011/12/9 15:30,9088.27,29.68,TRADE
NSW1,2011/12/9 16:00,9049.17,29.38,TRADE
NSW1,2011/12/9 16:30,8976.14,29.05,TRADE
NSW1,2011/12/9 17:00,8858.34,27.44,TRADE
NSW1,2011/12/9 17:30,8585.6,25.3,TRADE
NSW1,2011/12/9 18:00,8394.93,25.41,TRADE
NSW1,2011/12/9 18:30,8276.13,26.24,TRADE
NSW1,2011/12/9 19:00,8292.86,29.12,TRADE
NSW1,2011/12/9 19:30,8454.1,28.62,TRADE
NSW1,2011/12/9 20:00,8443.51,29.43,TRADE
NSW1,2011/12/9 20:30,8252.57,25.99,TRADE
NSW1,2011/12/9 21:00,8012.2,25.21,TRADE
NSW1,2011/12/9 21:30,8086.82,25.24,TRADE
NSW1,2011/12/9 22:00,8009.15,24.74,TRADE
NSW1,2011/12/9 22:30,8044.93,28.52,TRADE
NSW1,2011/12/9 23:00,7913.31,28.44,TRADE
NSW1,2011/12/9 23:30,7707.05,28.18,TRADE
NSW1,2011/12/10 0:00,7550.1,27.62,TRADE
NSW1,2011/12/10 0:30,7357.23,25.57,TRADE
NSW1,2011/12/10 1:00,7083.84,24.67,TRADE
NSW1,2011/12/10 1:30,6765.17,23.93,TRADE
NSW1,2011/12/10 2:00,6468.64,23.45,TRADE
NSW1,2011/12/10 2:30,6273.38,23.25,TRADE
NSW1,2011/12/10 3:00,6191.1,23.77,TRADE
NSW1,2011/12/10 3:30,6143.73,23.75,TRADE
NSW1,2011/12/10 4:00,6169.37,23.77,TRADE
NSW1,2011/12/10 4:30,6234.69,23.87,TRADE
NSW1,2011/12/10 5:00,6272.03,23.79,TRADE
NSW1,2011/12/10 5:30,6503.74,23.95,TRADE
NSW1,2011/12/10 6:00,6725.3,23.99,TRADE
NSW1,2011/12/10 6:30,6995,23.95,TRADE
NSW1,2011/12/10 7:00,7435.55,25.75,TRADE
NSW1,2011/12/10 7:30,7800.57,26.61,TRADE
NSW1,2011/12/10 8:00,8153.34,29.21,TRADE
NSW1,2011/12/10 8:30,8479.94,31.07,TRADE
NSW1,2011/12/10 9:00,8571.07,31.02,TRADE
NSW1,2011/12/10 9:30,8648.45,31.84,TRADE
NSW1,2011/12/10 10:00,8644.54,31.4,TRADE
NSW1,2011/12/10 10:30,8625.75,31.33,TRADE
NSW1,2011/12/10 11:00,8571.51,31.46,TRADE
NSW1,2011/12/10 11:30,8435.27,30.52,TRADE
NSW1,2011/12/10 12:00,8222.87,30.23,TRADE
NSW1,2011/12/10 12:30,8206.13,30.57,TRADE
NSW1,2011/12/10 13:00,8225.86,30.97,TRADE
NSW1,2011/12/10 13:30,8193.69,30.88,TRADE
NSW1,2011/12/10 14:00,8113.04,29.63,TRADE
NSW1,2011/12/10 14:30,8109.03,28.1,TRADE
NSW1,2011/12/10 15:00,8124.91,30.05,TRADE
NSW1,2011/12/10 15:30,8104.84,27.98,TRADE
NSW1,2011/12/10 16:00,8119.77,28.97,TRADE
NSW1,2011/12/10 16:30,8061.94,27.31,TRADE
NSW1,2011/12/10 17:00,8113.33,29.3,TRADE
NSW1,2011/12/10 17:30,8036.93,26.56,TRADE
NSW1,2011/12/10 18:00,7967.4,25.71,TRADE
NSW1,2011/12/10 18:30,7875.54,26.38,TRADE
NSW1,2011/12/10 19:00,7864.88,26.1,TRADE
NSW1,2011/12/10 19:30,7982.76,26.38,TRADE
NSW1,2011/12/10 20:00,8023.76,26.15,TRADE
NSW1,2011/12/10 20:30,7889.13,25.41,TRADE
NSW1,2011/12/10 21:00,7758.98,25.12,TRADE
NSW1,2011/12/10 21:30,7741.75,25.07,TRADE
NSW1,2011/12/10 22:00,7678.27,24.57,TRADE
NSW1,2011/12/10 22:30,7643.47,27.23,TRADE
NSW1,2011/12/10 23:00,7450.26,25.92,TRADE
NSW1,2011/12/10 23:30,7212.14,25.13,TRADE
NSW1,2011/12/11 0:00,7065.64,24.73,TRADE
NSW1,2011/12/11 0:30,6890.62,25.19,TRADE
NSW1,2011/12/11 1:00,6725.47,22.13,TRADE
NSW1,2011/12/11 1:30,6439.42,22.3,TRADE
NSW1,2011/12/11 2:00,6187.53,20.26,TRADE
NSW1,2011/12/11 2:30,6028.94,19.35,TRADE
NSW1,2011/12/11 3:00,5965.07,23.08,TRADE
NSW1,2011/12/11 3:30,5923.86,20.32,TRADE
NSW1,2011/12/11 4:00,5939.02,16.11,TRADE
NSW1,2011/12/11 4:30,5948.23,15.34,TRADE
NSW1,2011/12/11 5:00,5942.16,20.28,TRADE
NSW1,2011/12/11 5:30,6073.9,19.56,TRADE
NSW1,2011/12/11 6:00,6227.1,19.99,TRADE
NSW1,2011/12/11 6:30,6448.57,21.3,TRADE
NSW1,2011/12/11 7:00,6802.9,20.42,TRADE
NSW1,2011/12/11 7:30,7150.77,22.79,TRADE
NSW1,2011/12/11 8:00,7492.28,23.98,TRADE
NSW1,2011/12/11 8:30,7775.46,24.1,TRADE
NSW1,2011/12/11 9:00,7932.61,24.75,TRADE
NSW1,2011/12/11 9:30,8132.6,26.1,TRADE
NSW1,2011/12/11 10:00,8137.15,25.9,TRADE
NSW1,2011/12/11 10:30,8160.79,26.37,TRADE
NSW1,2011/12/11 11:00,8192.76,26.38,TRADE
NSW1,2011/12/11 11:30,8257.27,26,TRADE
NSW1,2011/12/11 12:00,8290.3,26.32,TRADE
NSW1,2011/12/11 12:30,8232.07,27.89,TRADE
NSW1,2011/12/11 13:00,8141.13,24.95,TRADE
NSW1,2011/12/11 13:30,8036.29,26.42,TRADE
NSW1,2011/12/11 14:00,8016.93,26.83,TRADE
NSW1,2011/12/11 14:30,8038.69,24.43,TRADE
NSW1,2011/12/11 15:00,8005.4,26.33,TRADE
NSW1,2011/12/11 15:30,7973.21,26.2,TRADE
NSW1,2011/12/11 16:00,8026.21,26.38,TRADE
NSW1,2011/12/11 16:30,7972.19,24.97,TRADE
NSW1,2011/12/11 17:00,8034.37,28.04,TRADE
NSW1,2011/12/11 17:30,8027.24,25.13,TRADE
NSW1,2011/12/11 18:00,8018.15,24.28,TRADE
NSW1,2011/12/11 18:30,8008.69,24.18,TRADE
NSW1,2011/12/11 19:00,8049.82,28.14,TRADE
NSW1,2011/12/11 19:30,8191.45,29.18,TRADE
NSW1,2011/12/11 20:00,8163.64,26.5,TRADE
NSW1,2011/12/11 20:30,7975.67,25.4,TRADE
NSW1,2011/12/11 21:00,7787.53,24.05,TRADE
NSW1,2011/12/11 21:30,7669.65,24.33,TRADE
NSW1,2011/12/11 22:00,7565.14,24.06,TRADE
NSW1,2011/12/11 22:30,7475.35,24.06,TRADE
NSW1,2011/12/11 23:00,7245.84,23.74,TRADE
NSW1,2011/12/11 23:30,7051.85,23.98,TRADE
NSW1,2011/12/12 0:00,6951.43,23.36,TRADE
NSW1,2011/12/12 0:30,6834.43,21.15,TRADE
NSW1,2011/12/12 1:00,6706.74,19.65,TRADE
NSW1,2011/12/12 1:30,6470.49,22.12,TRADE
NSW1,2011/12/12 2:00,6349.78,19.79,TRADE
NSW1,2011/12/12 2:30,6195.8,15.06,TRADE
NSW1,2011/12/12 3:00,6162.75,17.94,TRADE
NSW1,2011/12/12 3:30,6220.32,19.88,TRADE
NSW1,2011/12/12 4:00,6322.73,22.8,TRADE
NSW1,2011/12/12 4:30,6516.54,23.78,TRADE
NSW1,2011/12/12 5:00,6812.36,23.96,TRADE
NSW1,2011/12/12 5:30,7357.73,27.63,TRADE
NSW1,2011/12/12 6:00,7904.45,28.21,TRADE
NSW1,2011/12/12 6:30,8325.86,29.98,TRADE
NSW1,2011/12/12 7:00,8812.7,31.73,TRADE
NSW1,2011/12/12 7:30,9031.83,26.54,TRADE
NSW1,2011/12/12 8:00,9143.27,25.76,TRADE
NSW1,2011/12/12 8:30,9331.91,29.48,TRADE
NSW1,2011/12/12 9:00,9446.16,31.09,TRADE
NSW1,2011/12/12 9:30,9510.31,30.38,TRADE
NSW1,2011/12/12 10:00,9525.99,30.25,TRADE
NSW1,2011/12/12 10:30,9467.37,28.47,TRADE
NSW1,2011/12/12 11:00,9458.05,30.63,TRADE
NSW1,2011/12/12 11:30,9365.81,28.07,TRADE
NSW1,2011/12/12 12:00,9338.73,28.69,TRADE
NSW1,2011/12/12 12:30,9324,28.48,TRADE
NSW1,2011/12/12 13:00,9322.96,30.2,TRADE
NSW1,2011/12/12 13:30,9313.51,29.21,TRADE
NSW1,2011/12/12 14:00,9244.13,28.43,TRADE
NSW1,2011/12/12 14:30,9235.53,27.16,TRADE
NSW1,2011/12/12 15:00,9273.24,28.94,TRADE
NSW1,2011/12/12 15:30,9234.17,27.44,TRADE
NSW1,2011/12/12 16:00,9262.46,29.14,TRADE
NSW1,2011/12/12 16:30,9295.71,27.99,TRADE
NSW1,2011/12/12 17:00,9293.43,27.88,TRADE
NSW1,2011/12/12 17:30,9134.77,27.27,TRADE
NSW1,2011/12/12 18:00,8986.67,26.85,TRADE
NSW1,2011/12/12 18:30,8830.62,25.82,TRADE
NSW1,2011/12/12 19:00,8679.59,27.35,TRADE
NSW1,2011/12/12 19:30,8801.89,28.49,TRADE
NSW1,2011/12/12 20:00,8779.95,28.87,TRADE
NSW1,2011/12/12 20:30,8582.93,26.73,TRADE
NSW1,2011/12/12 21:00,8335.05,25.52,TRADE
NSW1,2011/12/12 21:30,8265.57,25.31,TRADE
NSW1,2011/12/12 22:00,8099.47,24.21,TRADE
NSW1,2011/12/12 22:30,8052.71,28.49,TRADE
NSW1,2011/12/12 23:00,7961.66,28.55,TRADE
NSW1,2011/12/12 23:30,7738.46,32.42,TRADE
NSW1,2011/12/13 0:00,7658.9,29.36,TRADE
NSW1,2011/12/13 0:30,7433.18,27.08,TRADE
NSW1,2011/12/13 1:00,7237.15,25.21,TRADE
NSW1,2011/12/13 1:30,6920.02,22.74,TRADE
NSW1,2011/12/13 2:00,6661.55,21.43,TRADE
NSW1,2011/12/13 2:30,6476.51,20.58,TRADE
NSW1,2011/12/13 3:00,6374,17.59,TRADE
NSW1,2011/12/13 3:30,6366.96,18.88,TRADE
NSW1,2011/12/13 4:00,6392.51,20.41,TRADE
NSW1,2011/12/13 4:30,6603.09,23.96,TRADE
NSW1,2011/12/13 5:00,6916.35,23.96,TRADE
NSW1,2011/12/13 5:30,7496.36,25.34,TRADE
NSW1,2011/12/13 6:00,8027.08,29.38,TRADE
NSW1,2011/12/13 6:30,8383.72,31.58,TRADE
NSW1,2011/12/13 7:00,8718.47,30.37,TRADE
NSW1,2011/12/13 7:30,8870.67,25.52,TRADE
NSW1,2011/12/13 8:00,8788.91,25.05,TRADE
NSW1,2011/12/13 8:30,9030.94,30.95,TRADE
NSW1,2011/12/13 9:00,9094.28,30.32,TRADE
NSW1,2011/12/13 9:30,9134.12,29.57,TRADE
NSW1,2011/12/13 10:00,9174.99,29.49,TRADE
NSW1,2011/12/13 10:30,9047.39,25.53,TRADE
NSW1,2011/12/13 11:00,8971.55,28.61,TRADE
NSW1,2011/12/13 11:30,8966.13,30.33,TRADE
NSW1,2011/12/13 12:00,9012.82,28.9,TRADE
NSW1,2011/12/13 12:30,9040.53,31.06,TRADE
NSW1,2011/12/13 13:00,9055.27,31.05,TRADE
NSW1,2011/12/13 13:30,9123.11,30.41,TRADE
NSW1,2011/12/13 14:00,9063.9,27.85,TRADE
NSW1,2011/12/13 14:30,8994.61,26.89,TRADE
NSW1,2011/12/13 15:00,9006.06,28.39,TRADE
NSW1,2011/12/13 15:30,8959.25,27.8,TRADE
NSW1,2011/12/13 16:00,8994.65,27.57,TRADE
NSW1,2011/12/13 16:30,9036.25,28.03,TRADE
NSW1,2011/12/13 17:00,9009.13,27.3,TRADE
NSW1,2011/12/13 17:30,8827.2,25.42,TRADE
NSW1,2011/12/13 18:00,8768.19,25.13,TRADE
NSW1,2011/12/13 18:30,8656.9,25.17,TRADE
NSW1,2011/12/13 19:00,8607.38,25.1,TRADE
NSW1,2011/12/13 19:30,8665.66,26.38,TRADE
NSW1,2011/12/13 20:00,8635.37,30.92,TRADE
NSW1,2011/12/13 20:30,8468.43,26.53,TRADE
NSW1,2011/12/13 21:00,8228.17,25.37,TRADE
NSW1,2011/12/13 21:30,8273.96,24.79,TRADE
NSW1,2011/12/13 22:00,8057.07,24.34,TRADE
NSW1,2011/12/13 22:30,8017.36,27.41,TRADE
NSW1,2011/12/13 23:00,7913.53,28.28,TRADE
NSW1,2011/12/13 23:30,7701.45,27.29,TRADE
NSW1,2011/12/14 0:00,7552.01,25.23,TRADE
NSW1,2011/12/14 0:30,7374.23,23.09,TRADE
NSW1,2011/12/14 1:00,7177.68,20,TRADE
NSW1,2011/12/14 1:30,6836.59,19.65,TRADE
NSW1,2011/12/14 2:00,6556.09,15.96,TRADE
NSW1,2011/12/14 2:30,6371.67,13.15,TRADE
NSW1,2011/12/14 3:00,6273.21,15.21,TRADE
NSW1,2011/12/14 3:30,6260.11,14.85,TRADE
NSW1,2011/12/14 4:00,6295.38,17.8,TRADE
NSW1,2011/12/14 4:30,6559.6,22.31,TRADE
NSW1,2011/12/14 5:00,6824.1,23.96,TRADE
NSW1,2011/12/14 5:30,7396.78,23.66,TRADE
NSW1,2011/12/14 6:00,7891.19,26.83,TRADE
NSW1,2011/12/14 6:30,8248.88,31.31,TRADE
NSW1,2011/12/14 7:00,8599,30.95,TRADE
NSW1,2011/12/14 7:30,8728.02,25.08,TRADE
NSW1,2011/12/14 8:00,8811.39,26.3,TRADE
NSW1,2011/12/14 8:30,8955.77,29.48,TRADE
NSW1,2011/12/14 9:00,9033.61,30.31,TRADE
NSW1,2011/12/14 9:30,9119.14,31.34,TRADE
NSW1,2011/12/14 10:00,9148.45,34.6,TRADE
NSW1,2011/12/14 10:30,9069.15,31.25,TRADE
NSW1,2011/12/14 11:00,9012.34,29.56,TRADE
NSW1,2011/12/14 11:30,9012.81,31.97,TRADE
NSW1,2011/12/14 12:00,8927.38,30.7,TRADE
NSW1,2011/12/14 12:30,8950.44,32.2,TRADE
NSW1,2011/12/14 13:00,8954.58,32.84,TRADE
NSW1,2011/12/14 13:30,8975.44,32.18,TRADE
NSW1,2011/12/14 14:00,8919.2,31.97,TRADE
NSW1,2011/12/14 14:30,8899.54,30.03,TRADE
NSW1,2011/12/14 15:00,8917.56,30.07,TRADE
NSW1,2011/12/14 15:30,8960.82,29.47,TRADE
NSW1,2011/12/14 16:00,9001.62,28.94,TRADE
NSW1,2011/12/14 16:30,8916.8,26.7,TRADE
NSW1,2011/12/14 17:00,8857.47,26.25,TRADE
NSW1,2011/12/14 17:30,8677.43,25.3,TRADE
NSW1,2011/12/14 18:00,8550.02,25.1,TRADE
NSW1,2011/12/14 18:30,8430.4,25.09,TRADE
NSW1,2011/12/14 19:00,8399.45,25.1,TRADE
NSW1,2011/12/14 19:30,8477.67,27.82,TRADE
NSW1,2011/12/14 20:00,8545.75,28.58,TRADE
NSW1,2011/12/14 20:30,8336.14,26.47,TRADE
NSW1,2011/12/14 21:00,8141.36,25.1,TRADE
NSW1,2011/12/14 21:30,8130.15,24.64,TRADE
NSW1,2011/12/14 22:00,7967.09,23.91,TRADE
NSW1,2011/12/14 22:30,7910.96,27.87,TRADE
NSW1,2011/12/14 23:00,7786.87,28.05,TRADE
NSW1,2011/12/14 23:30,7611.33,27.03,TRADE
NSW1,2011/12/15 0:00,7445.31,25.15,TRADE
NSW1,2011/12/15 0:30,7239.77,22.8,TRADE
NSW1,2011/12/15 1:00,7009.2,20.75,TRADE
NSW1,2011/12/15 1:30,6708.39,20.85,TRADE
NSW1,2011/12/15 2:00,6390.08,17.34,TRADE
NSW1,2011/12/15 2:30,6240.83,19.97,TRADE
NSW1,2011/12/15 3:00,6137.75,17.27,TRADE
NSW1,2011/12/15 3:30,6200.36,19.22,TRADE
NSW1,2011/12/15 4:00,6300.27,19.88,TRADE
NSW1,2011/12/15 4:30,6542.08,23.26,TRADE
NSW1,2011/12/15 5:00,6792.83,23.67,TRADE
NSW1,2011/12/15 5:30,7309.25,25.42,TRADE
NSW1,2011/12/15 6:00,7842.96,29.94,TRADE
NSW1,2011/12/15 6:30,8161.45,31.62,TRADE
NSW1,2011/12/15 7:00,8560.71,31.33,TRADE
NSW1,2011/12/15 7:30,8761.81,25.6,TRADE
NSW1,2011/12/15 8:00,8901,26.61,TRADE
NSW1,2011/12/15 8:30,9040.1,27.55,TRADE
NSW1,2011/12/15 9:00,9046.66,29.44,TRADE
NSW1,2011/12/15 9:30,9119.1,30.59,TRADE
NSW1,2011/12/15 10:00,9172.88,28.62,TRADE
NSW1,2011/12/15 10:30,9112.17,27.4,TRADE
NSW1,2011/12/15 11:00,9071.49,27.93,TRADE
NSW1,2011/12/15 11:30,9011.34,27.97,TRADE
NSW1,2011/12/15 12:00,9036.55,28.37,TRADE
NSW1,2011/12/15 12:30,9043.85,30.37,TRADE
NSW1,2011/12/15 13:00,8995.41,30.26,TRADE
NSW1,2011/12/15 13:30,9006.78,30.72,TRADE
NSW1,2011/12/15 14:00,8986.85,29.65,TRADE
NSW1,2011/12/15 14:30,8890.97,26.82,TRADE
NSW1,2011/12/15 15:00,8935.67,26.92,TRADE
NSW1,2011/12/15 15:30,9034.31,27.81,TRADE
NSW1,2011/12/15 16:00,9021.83,27.99,TRADE
NSW1,2011/12/15 16:30,8902.5,26.96,TRADE
NSW1,2011/12/15 17:00,8904.13,28.88,TRADE
NSW1,2011/12/15 17:30,8848.08,26,TRADE
NSW1,2011/12/15 18:00,8708.17,25.1,TRADE
NSW1,2011/12/15 18:30,8551.91,24.93,TRADE
NSW1,2011/12/15 19:00,8458.04,25.9,TRADE
NSW1,2011/12/15 19:30,8569.36,28.07,TRADE
NSW1,2011/12/15 20:00,8623.39,27.35,TRADE
NSW1,2011/12/15 20:30,8477,26.64,TRADE
NSW1,2011/12/15 21:00,8256.37,24.84,TRADE
NSW1,2011/12/15 21:30,8232.97,24.44,TRADE
NSW1,2011/12/15 22:00,8088.51,23.97,TRADE
NSW1,2011/12/15 22:30,8050.16,24.42,TRADE
NSW1,2011/12/15 23:00,7948.56,25.39,TRADE
NSW1,2011/12/15 23:30,7718.77,24.98,TRADE
NSW1,2011/12/16 0:00,7602.85,26.09,TRADE
NSW1,2011/12/16 0:30,7370.44,23.98,TRADE
NSW1,2011/12/16 1:00,7193.8,22.7,TRADE
NSW1,2011/12/16 1:30,6912.78,23.59,TRADE
NSW1,2011/12/16 2:00,6629.48,20.62,TRADE
NSW1,2011/12/16 2:30,6402.43,16.95,TRADE
NSW1,2011/12/16 3:00,6327.62,17.58,TRADE
NSW1,2011/12/16 3:30,6263.65,19.05,TRADE
NSW1,2011/12/16 4:00,6376.28,22,TRADE
NSW1,2011/12/16 4:30,6605.06,23.56,TRADE
NSW1,2011/12/16 5:00,6821.44,23.96,TRADE
NSW1,2011/12/16 5:30,7373.78,28.6,TRADE
NSW1,2011/12/16 6:00,7885.14,31.26,TRADE
NSW1,2011/12/16 6:30,8234.64,31.79,TRADE
NSW1,2011/12/16 7:00,8618.4,30.35,TRADE
NSW1,2011/12/16 7:30,8811.79,24.89,TRADE
NSW1,2011/12/16 8:00,8944.59,25.23,TRADE
NSW1,2011/12/16 8:30,9057.11,26.87,TRADE
NSW1,2011/12/16 9:00,9136.05,29,TRADE
NSW1,2011/12/16 9:30,9225.96,28.18,TRADE
NSW1,2011/12/16 10:00,9204.8,27.23,TRADE
NSW1,2011/12/16 10:30,9110.51,26.45,TRADE
NSW1,2011/12/16 11:00,9079.45,29.7,TRADE
NSW1,2011/12/16 11:30,9019.11,27.96,TRADE
NSW1,2011/12/16 12:00,8937.13,29.29,TRADE
NSW1,2011/12/16 12:30,8905.49,26.87,TRADE
NSW1,2011/12/16 13:00,8851.23,27.5,TRADE
NSW1,2011/12/16 13:30,8817.74,27.79,TRADE
NSW1,2011/12/16 14:00,8751.96,25.21,TRADE
NSW1,2011/12/16 14:30,8742.7,25.89,TRADE
NSW1,2011/12/16 15:00,8761.94,26.67,TRADE
NSW1,2011/12/16 15:30,8739.7,26.8,TRADE
NSW1,2011/12/16 16:00,8775.85,27.03,TRADE
NSW1,2011/12/16 16:30,8719.93,25.8,TRADE
NSW1,2011/12/16 17:00,8697.49,25.58,TRADE
NSW1,2011/12/16 17:30,8505.31,25.03,TRADE
NSW1,2011/12/16 18:00,8395.19,25.08,TRADE
NSW1,2011/12/16 18:30,8265.21,24.79,TRADE
NSW1,2011/12/16 19:00,8234.34,25.34,TRADE
NSW1,2011/12/16 19:30,8358.15,25.57,TRADE
NSW1,2011/12/16 20:00,8377.1,25.1,TRADE
NSW1,2011/12/16 20:30,8216.38,25.1,TRADE
NSW1,2011/12/16 21:00,7984.26,24.28,TRADE
NSW1,2011/12/16 21:30,8066.45,25.1,TRADE
NSW1,2011/12/16 22:00,7984.37,24.74,TRADE
NSW1,2011/12/16 22:30,8017.44,28.92,TRADE
NSW1,2011/12/16 23:00,7909.3,28.73,TRADE
NSW1,2011/12/16 23:30,7749.04,29.54,TRADE
NSW1,2011/12/17 0:00,7624.83,28.02,TRADE
NSW1,2011/12/17 0:30,7422.51,27.41,TRADE
NSW1,2011/12/17 1:00,7183.08,26.45,TRADE
NSW1,2011/12/17 1:30,6949.85,26.7,TRADE
NSW1,2011/12/17 2:00,6611.29,24.11,TRADE
NSW1,2011/12/17 2:30,6397.08,23.13,TRADE
NSW1,2011/12/17 3:00,6242.83,22.81,TRADE
NSW1,2011/12/17 3:30,6188.28,23.6,TRADE
NSW1,2011/12/17 4:00,6193.71,23.87,TRADE
NSW1,2011/12/17 4:30,6267.41,23.98,TRADE
NSW1,2011/12/17 5:00,6316.37,23.98,TRADE
NSW1,2011/12/17 5:30,6530.25,23.96,TRADE
NSW1,2011/12/17 6:00,6743.42,23.98,TRADE
NSW1,2011/12/17 6:30,7112.05,23.58,TRADE
NSW1,2011/12/17 7:00,7486.97,25.3,TRADE
NSW1,2011/12/17 7:30,7822.62,25.69,TRADE
NSW1,2011/12/17 8:00,8086.81,25.82,TRADE
NSW1,2011/12/17 8:30,8341.19,26.25,TRADE
NSW1,2011/12/17 9:00,8416.56,27.06,TRADE
NSW1,2011/12/17 9:30,8493.85,30.27,TRADE
NSW1,2011/12/17 10:00,8427.82,26.38,TRADE
NSW1,2011/12/17 10:30,8361.11,26.16,TRADE
NSW1,2011/12/17 11:00,8305.06,26.38,TRADE
NSW1,2011/12/17 11:30,8187.34,25.77,TRADE
NSW1,2011/12/17 12:00,8109.33,25.96,TRADE
NSW1,2011/12/17 12:30,8034.52,26.18,TRADE
NSW1,2011/12/17 13:00,8009.34,25.73,TRADE
NSW1,2011/12/17 13:30,7934.6,25.88,TRADE
NSW1,2011/12/17 14:00,7932.78,25.45,TRADE
NSW1,2011/12/17 14:30,7901.4,24.58,TRADE
NSW1,2011/12/17 15:00,7953.11,25.91,TRADE
NSW1,2011/12/17 15:30,7964.69,25.4,TRADE
NSW1,2011/12/17 16:00,8043.52,26.98,TRADE
NSW1,2011/12/17 16:30,7951.38,26.38,TRADE
NSW1,2011/12/17 17:00,7985.72,26.38,TRADE
NSW1,2011/12/17 17:30,7897.64,24.5,TRADE
NSW1,2011/12/17 18:00,7844.56,24.66,TRADE
NSW1,2011/12/17 18:30,7722.21,24.01,TRADE
NSW1,2011/12/17 19:00,7706.87,24.11,TRADE
NSW1,2011/12/17 19:30,7851.46,25.98,TRADE
NSW1,2011/12/17 20:00,7957.05,28.73,TRADE
NSW1,2011/12/17 20:30,7909.5,25.02,TRADE
NSW1,2011/12/17 21:00,7775.77,25.84,TRADE
NSW1,2011/12/17 21:30,7722.8,24.85,TRADE
NSW1,2011/12/17 22:00,7708.02,24.75,TRADE
NSW1,2011/12/17 22:30,7623.13,25.49,TRADE
NSW1,2011/12/17 23:00,7450.16,23.99,TRADE
NSW1,2011/12/17 23:30,7234.45,23.97,TRADE
NSW1,2011/12/18 0:00,7053.82,23.68,TRADE
NSW1,2011/12/18 0:30,6887.99,22.98,TRADE
NSW1,2011/12/18 1:00,6679.15,22.01,TRADE
NSW1,2011/12/18 1:30,6446.78,21.6,TRADE
NSW1,2011/12/18 2:00,6227.84,21.55,TRADE
NSW1,2011/12/18 2:30,6091.77,22.71,TRADE
NSW1,2011/12/18 3:00,5984.49,20.48,TRADE
NSW1,2011/12/18 3:30,5950.73,21.11,TRADE
NSW1,2011/12/18 4:00,5955.15,21.77,TRADE
NSW1,2011/12/18 4:30,6035.73,21.06,TRADE
NSW1,2011/12/18 5:00,6007.88,19.77,TRADE
NSW1,2011/12/18 5:30,6136.35,21.1,TRADE
NSW1,2011/12/18 6:00,6268.92,21.33,TRADE
NSW1,2011/12/18 6:30,6512.75,21.95,TRADE
NSW1,2011/12/18 7:00,6860.91,24.04,TRADE
NSW1,2011/12/18 7:30,7181.41,24,TRADE
NSW1,2011/12/18 8:00,7472.42,24.29,TRADE
NSW1,2011/12/18 8:30,7772.32,25.73,TRADE
NSW1,2011/12/18 9:00,7884.43,25.8,TRADE
NSW1,2011/12/18 9:30,7984.21,26.37,TRADE
NSW1,2011/12/18 10:00,7981.97,25.87,TRADE
NSW1,2011/12/18 10:30,7921.02,25.08,TRADE
NSW1,2011/12/18 11:00,7910.48,24.21,TRADE
NSW1,2011/12/18 11:30,7878.73,24.12,TRADE
NSW1,2011/12/18 12:00,7816.46,24.03,TRADE
NSW1,2011/12/18 12:30,7788.98,24.05,TRADE
NSW1,2011/12/18 13:00,7712.54,24.61,TRADE
NSW1,2011/12/18 13:30,7638.04,23.8,TRADE
NSW1,2011/12/18 14:00,7643.14,24.17,TRADE
NSW1,2011/12/18 14:30,7638.42,24.1,TRADE
NSW1,2011/12/18 15:00,7684.04,24.49,TRADE
NSW1,2011/12/18 15:30,7794.84,24.1,TRADE
NSW1,2011/12/18 16:00,7781.1,24.05,TRADE
NSW1,2011/12/18 16:30,7784.18,24.47,TRADE
NSW1,2011/12/18 17:00,7868.53,25.11,TRADE
NSW1,2011/12/18 17:30,7917.08,26.02,TRADE
NSW1,2011/12/18 18:00,7869.01,25.15,TRADE
NSW1,2011/12/18 18:30,7829.27,24.05,TRADE
NSW1,2011/12/18 19:00,7863.11,25.79,TRADE
NSW1,2011/12/18 19:30,8028.41,26.77,TRADE
NSW1,2011/12/18 20:00,8162.64,27.48,TRADE
NSW1,2011/12/18 20:30,8004.97,25.75,TRADE
NSW1,2011/12/18 21:00,7852.98,25.14,TRADE
NSW1,2011/12/18 21:30,7733.36,24.01,TRADE
NSW1,2011/12/18 22:00,7634.48,23.73,TRADE
NSW1,2011/12/18 22:30,7527.41,26.41,TRADE
NSW1,2011/12/18 23:00,7311.76,24.69,TRADE
NSW1,2011/12/18 23:30,7133.96,24.36,TRADE
NSW1,2011/12/19 0:00,7060.87,25.74,TRADE
NSW1,2011/12/19 0:30,6918.11,25.19,TRADE
NSW1,2011/12/19 1:00,6789.09,23.75,TRADE
NSW1,2011/12/19 1:30,6548.12,23.71,TRADE
NSW1,2011/12/19 2:00,6338.59,22.47,TRADE
NSW1,2011/12/19 2:30,6236.51,20.66,TRADE
NSW1,2011/12/19 3:00,6181.12,19.92,TRADE
NSW1,2011/12/19 3:30,6214.91,21.83,TRADE
NSW1,2011/12/19 4:00,6291.93,22.78,TRADE
NSW1,2011/12/19 4:30,6511,23.84,TRADE
NSW1,2011/12/19 5:00,6743.84,24.26,TRADE
NSW1,2011/12/19 5:30,7183.88,27.88,TRADE
NSW1,2011/12/19 6:00,7695.46,28.99,TRADE
NSW1,2011/12/19 6:30,8144.97,34.11,TRADE
NSW1,2011/12/19 7:00,8604.67,29.66,TRADE
NSW1,2011/12/19 7:30,8876.67,25.32,TRADE
NSW1,2011/12/19 8:00,9077.93,27.08,TRADE
NSW1,2011/12/19 8:30,9290.66,30.68,TRADE
NSW1,2011/12/19 9:00,9398.08,29.9,TRADE
NSW1,2011/12/19 9:30,9469.34,29.87,TRADE
NSW1,2011/12/19 10:00,9521.17,30.76,TRADE
NSW1,2011/12/19 10:30,9464.98,33.34,TRADE
NSW1,2011/12/19 11:00,9484.33,32.85,TRADE
NSW1,2011/12/19 11:30,9467.27,32.5,TRADE
NSW1,2011/12/19 12:00,9429.52,31.28,TRADE
NSW1,2011/12/19 12:30,9380.16,29.36,TRADE
NSW1,2011/12/19 13:00,9371.59,29.83,TRADE
NSW1,2011/12/19 13:30,9347.83,29.83,TRADE
NSW1,2011/12/19 14:00,9384.38,28.84,TRADE
NSW1,2011/12/19 14:30,9340.25,28.12,TRADE
NSW1,2011/12/19 15:00,9383.35,28.51,TRADE
NSW1,2011/12/19 15:30,9356.24,28.41,TRADE
NSW1,2011/12/19 16:00,9360.27,28.38,TRADE
NSW1,2011/12/19 16:30,9363.09,28.18,TRADE
NSW1,2011/12/19 17:00,9491.46,29.02,TRADE
NSW1,2011/12/19 17:30,9386.23,28.14,TRADE
NSW1,2011/12/19 18:00,9285.19,25.47,TRADE
NSW1,2011/12/19 18:30,9009.88,25.1,TRADE
NSW1,2011/12/19 19:00,8891.92,26.8,TRADE
NSW1,2011/12/19 19:30,8894.77,26.4,TRADE
NSW1,2011/12/19 20:00,8818.89,26.21,TRADE
NSW1,2011/12/19 20:30,8584.58,25.1,TRADE
NSW1,2011/12/19 21:00,8328.16,25.1,TRADE
NSW1,2011/12/19 21:30,8360.66,25.1,TRADE
NSW1,2011/12/19 22:00,8195.78,24.59,TRADE
NSW1,2011/12/19 22:30,8146.96,27.15,TRADE
NSW1,2011/12/19 23:00,8007.29,27.33,TRADE
NSW1,2011/12/19 23:30,7831.67,27.58,TRADE
NSW1,2011/12/20 0:00,7653.12,27.8,TRADE
NSW1,2011/12/20 0:30,7468.49,27.58,TRADE
NSW1,2011/12/20 1:00,7231.09,27.09,TRADE
NSW1,2011/12/20 1:30,6915.82,24.91,TRADE
NSW1,2011/12/20 2:00,6641.9,23.93,TRADE
NSW1,2011/12/20 2:30,6452.64,22.97,TRADE
NSW1,2011/12/20 3:00,6363.24,22.38,TRADE
NSW1,2011/12/20 3:30,6328.26,22.1,TRADE
NSW1,2011/12/20 4:00,6434.99,22.8,TRADE
NSW1,2011/12/20 4:30,6652.31,23.23,TRADE
NSW1,2011/12/20 5:00,6872.84,23.98,TRADE
NSW1,2011/12/20 5:30,7389.75,25.03,TRADE
NSW1,2011/12/20 6:00,7874.66,25.8,TRADE
NSW1,2011/12/20 6:30,8194.46,27.04,TRADE
NSW1,2011/12/20 7:00,8615.34,27.85,TRADE
NSW1,2011/12/20 7:30,8829.14,24.94,TRADE
NSW1,2011/12/20 8:00,8997.08,25.09,TRADE
NSW1,2011/12/20 8:30,9227.56,26.43,TRADE
NSW1,2011/12/20 9:00,9245.02,26.2,TRADE
NSW1,2011/12/20 9:30,9304.48,27.56,TRADE
NSW1,2011/12/20 10:00,9308.97,27.47,TRADE
NSW1,2011/12/20 10:30,9231.91,26.5,TRADE
NSW1,2011/12/20 11:00,9201.1,27.07,TRADE
NSW1,2011/12/20 11:30,9234.29,26.3,TRADE
NSW1,2011/12/20 12:00,9092.16,25.95,TRADE
NSW1,2011/12/20 12:30,9178.59,28.82,TRADE
NSW1,2011/12/20 13:00,9268.32,30.61,TRADE
NSW1,2011/12/20 13:30,9293.49,28.78,TRADE
NSW1,2011/12/20 14:00,9294.19,26.16,TRADE
NSW1,2011/12/20 14:30,9230.57,25.76,TRADE
NSW1,2011/12/20 15:00,9180.65,26.51,TRADE
NSW1,2011/12/20 15:30,9189.38,25.15,TRADE
NSW1,2011/12/20 16:00,9216.96,28.26,TRADE
NSW1,2011/12/20 16:30,9177.05,25.75,TRADE
NSW1,2011/12/20 17:00,9144.41,27.55,TRADE
NSW1,2011/12/20 17:30,8956.62,24.35,TRADE
NSW1,2011/12/20 18:00,8863.09,24.64,TRADE
NSW1,2011/12/20 18:30,8667.74,24.89,TRADE
NSW1,2011/12/20 19:00,8607.37,25.1,TRADE
NSW1,2011/12/20 19:30,8669.78,26.86,TRADE
NSW1,2011/12/20 20:00,8732.54,26.27,TRADE
NSW1,2011/12/20 20:30,8615.56,25.95,TRADE
NSW1,2011/12/20 21:00,8364.82,25.1,TRADE
NSW1,2011/12/20 21:30,8368.34,24.72,TRADE
NSW1,2011/12/20 22:00,8238.72,23.75,TRADE
NSW1,2011/12/20 22:30,8179.9,26.98,TRADE
NSW1,2011/12/20 23:00,8043.76,28.23,TRADE
NSW1,2011/12/20 23:30,7833.12,26.53,TRADE
NSW1,2011/12/21 0:00,7568.6,25.45,TRADE
NSW1,2011/12/21 0:30,7328.37,23.52,TRADE
NSW1,2011/12/21 1:00,7139.58,22.66,TRADE
NSW1,2011/12/21 1:30,6889.13,22.28,TRADE
NSW1,2011/12/21 2:00,6311.76,13.03,TRADE
NSW1,2011/12/21 2:30,6110.57,12.1,TRADE
NSW1,2011/12/21 3:00,6209.2,17.86,TRADE
NSW1,2011/12/21 3:30,6301.75,14.99,TRADE
NSW1,2011/12/21 4:00,6363.53,18.99,TRADE
NSW1,2011/12/21 4:30,6580.41,23.29,TRADE
NSW1,2011/12/21 5:00,6817.92,23.96,TRADE
NSW1,2011/12/21 5:30,7322.51,26.46,TRADE
NSW1,2011/12/21 6:00,7777.04,27.8,TRADE
NSW1,2011/12/21 6:30,8094.22,28.68,TRADE
NSW1,2011/12/21 7:00,8470.76,27.64,TRADE
NSW1,2011/12/21 7:30,8719.8,25.36,TRADE
NSW1,2011/12/21 8:00,8924.75,26.54,TRADE
NSW1,2011/12/21 8:30,9095.35,27.28,TRADE
NSW1,2011/12/21 9:00,9187.65,28.29,TRADE
NSW1,2011/12/21 9:30,9298.21,30.25,TRADE
NSW1,2011/12/21 10:00,9370.19,30.72,TRADE
NSW1,2011/12/21 10:30,9349,30.64,TRADE
NSW1,2011/12/21 11:00,9355.26,31.18,TRADE
NSW1,2011/12/21 11:30,9296.81,31.05,TRADE
NSW1,2011/12/21 12:00,9286.02,32.43,TRADE
NSW1,2011/12/21 12:30,9279.11,29.52,TRADE
NSW1,2011/12/21 13:00,9252.59,31.08,TRADE
NSW1,2011/12/21 13:30,9276.01,31.74,TRADE
NSW1,2011/12/21 14:00,9240.04,29.59,TRADE
NSW1,2011/12/21 14:30,9191.15,29.89,TRADE
NSW1,2011/12/21 15:00,9184.08,31.12,TRADE
NSW1,2011/12/21 15:30,9131.28,31.52,TRADE
NSW1,2011/12/21 16:00,9103.66,32.26,TRADE
NSW1,2011/12/21 16:30,9053.27,34.96,TRADE
NSW1,2011/12/21 17:00,9065.48,38.11,TRADE
NSW1,2011/12/21 17:30,8907.16,31.18,TRADE
NSW1,2011/12/21 18:00,8798.5,28.58,TRADE
NSW1,2011/12/21 18:30,8657.34,28.07,TRADE
NSW1,2011/12/21 19:00,8608.99,27.48,TRADE
NSW1,2011/12/21 19:30,8665.53,30.42,TRADE
NSW1,2011/12/21 20:00,8678.72,29.92,TRADE
NSW1,2011/12/21 20:30,8504.21,26.82,TRADE
NSW1,2011/12/21 21:00,8309.17,25.72,TRADE
NSW1,2011/12/21 21:30,8287.82,24.96,TRADE
NSW1,2011/12/21 22:00,8106.31,23.87,TRADE
NSW1,2011/12/21 22:30,8093.4,28.26,TRADE
NSW1,2011/12/21 23:00,7978.25,27.39,TRADE
NSW1,2011/12/21 23:30,7704.59,29.33,TRADE
NSW1,2011/12/22 0:00,7541.51,27.89,TRADE
NSW1,2011/12/22 0:30,7357.53,27.9,TRADE
NSW1,2011/12/22 1:00,7147.82,23.73,TRADE
NSW1,2011/12/22 1:30,6834.33,22.42,TRADE
NSW1,2011/12/22 2:00,6502.76,20.54,TRADE
NSW1,2011/12/22 2:30,6310.81,20.23,TRADE
NSW1,2011/12/22 3:00,6249.14,21.08,TRADE
NSW1,2011/12/22 3:30,6240.48,21.73,TRADE
NSW1,2011/12/22 4:00,6357.93,21.94,TRADE
NSW1,2011/12/22 4:30,6554.81,22.77,TRADE
NSW1,2011/12/22 5:00,6775.52,23.56,TRADE
NSW1,2011/12/22 5:30,7224.27,24.04,TRADE
NSW1,2011/12/22 6:00,7663.27,24.55,TRADE
NSW1,2011/12/22 6:30,8027.03,28.56,TRADE
NSW1,2011/12/22 7:00,8419.55,27.22,TRADE
NSW1,2011/12/22 7:30,8694.75,24.71,TRADE
NSW1,2011/12/22 8:00,8900.47,25.59,TRADE
NSW1,2011/12/22 8:30,9142.9,25.63,TRADE
NSW1,2011/12/22 9:00,9278.33,28.48,TRADE
NSW1,2011/12/22 9:30,9279.81,29.23,TRADE
NSW1,2011/12/22 10:00,9238.64,29.4,TRADE
NSW1,2011/12/22 10:30,9248.76,29.25,TRADE
NSW1,2011/12/22 11:00,9202.16,29.61,TRADE
NSW1,2011/12/22 11:30,9204.56,30.5,TRADE
NSW1,2011/12/22 12:00,9101.61,30.86,TRADE
NSW1,2011/12/22 12:30,9050.83,28.89,TRADE
NSW1,2011/12/22 13:00,8994.64,29.12,TRADE
NSW1,2011/12/22 13:30,8946.36,29.56,TRADE
NSW1,2011/12/22 14:00,8931.68,29.19,TRADE
NSW1,2011/12/22 14:30,8892.65,28.56,TRADE
NSW1,2011/12/22 15:00,8861.06,29.64,TRADE
NSW1,2011/12/22 15:30,8841.69,29.44,TRADE
NSW1,2011/12/22 16:00,8849.54,30.33,TRADE
NSW1,2011/12/22 16:30,8864.34,30.08,TRADE
NSW1,2011/12/22 17:00,8930.23,30.09,TRADE
NSW1,2011/12/22 17:30,8772.55,28.53,TRADE
NSW1,2011/12/22 18:00,8657.94,29.75,TRADE
NSW1,2011/12/22 18:30,8495.02,29.21,TRADE
NSW1,2011/12/22 19:00,8489.79,28.73,TRADE
NSW1,2011/12/22 19:30,8589.41,27.21,TRADE
NSW1,2011/12/22 20:00,8638.98,27.29,TRADE
NSW1,2011/12/22 20:30,8444.06,26.46,TRADE
NSW1,2011/12/22 21:00,8260.2,27.45,TRADE
NSW1,2011/12/22 21:30,8302.97,25.82,TRADE
NSW1,2011/12/22 22:00,8213.98,25.09,TRADE
NSW1,2011/12/22 22:30,8202.62,30.64,TRADE
NSW1,2011/12/22 23:00,8075.27,30.68,TRADE
NSW1,2011/12/22 23:30,7794.9,30.77,TRADE
NSW1,2011/12/23 0:00,7604.26,30.77,TRADE
NSW1,2011/12/23 0:30,7435.24,30.6,TRADE
NSW1,2011/12/23 1:00,7219.16,27.69,TRADE
NSW1,2011/12/23 1:30,6884.25,24.93,TRADE
NSW1,2011/12/23 2:00,6583.54,23.77,TRADE
NSW1,2011/12/23 2:30,6380.59,23.96,TRADE
NSW1,2011/12/23 3:00,6300.64,23.22,TRADE
NSW1,2011/12/23 3:30,6244.51,23.56,TRADE
NSW1,2011/12/23 4:00,6294.71,23.5,TRADE
NSW1,2011/12/23 4:30,6449.27,23.92,TRADE
NSW1,2011/12/23 5:00,6627.47,24.01,TRADE
NSW1,2011/12/23 5:30,7041.55,28.14,TRADE
NSW1,2011/12/23 6:00,7420.49,28.85,TRADE
NSW1,2011/12/23 6:30,7742.93,28.9,TRADE
NSW1,2011/12/23 7:00,8197.42,28.95,TRADE
NSW1,2011/12/23 7:30,8531.72,25.1,TRADE
NSW1,2011/12/23 8:00,8690.55,25.22,TRADE
NSW1,2011/12/23 8:30,8849.31,26.78,TRADE
NSW1,2011/12/23 9:00,9003.14,27.9,TRADE
NSW1,2011/12/23 9:30,9064.34,28.85,TRADE
NSW1,2011/12/23 10:00,9077.98,29.72,TRADE
NSW1,2011/12/23 10:30,8978.11,29.01,TRADE
NSW1,2011/12/23 11:00,8953.57,27.58,TRADE
NSW1,2011/12/23 11:30,8998.64,27.01,TRADE
NSW1,2011/12/23 12:00,8975.17,26.94,TRADE
NSW1,2011/12/23 12:30,8964.37,28.29,TRADE
NSW1,2011/12/23 13:00,8921.71,28.4,TRADE
NSW1,2011/12/23 13:30,8898.82,28.22,TRADE
NSW1,2011/12/23 14:00,8820.89,27.68,TRADE
NSW1,2011/12/23 14:30,8870.63,28.51,TRADE
NSW1,2011/12/23 15:00,8850.02,29.39,TRADE
NSW1,2011/12/23 15:30,8869.46,29.53,TRADE
NSW1,2011/12/23 16:00,8842.54,29.32,TRADE
NSW1,2011/12/23 16:30,8838.86,30.14,TRADE
NSW1,2011/12/23 17:00,8796.87,29.86,TRADE
NSW1,2011/12/23 17:30,8561.4,26.75,TRADE
NSW1,2011/12/23 18:00,8457.62,26.96,TRADE
NSW1,2011/12/23 18:30,8333.22,25.31,TRADE
NSW1,2011/12/23 19:00,8228.42,26.64,TRADE
NSW1,2011/12/23 19:30,8305.59,26.4,TRADE
NSW1,2011/12/23 20:00,8432.31,26.53,TRADE
NSW1,2011/12/23 20:30,8334.17,26.5,TRADE
NSW1,2011/12/23 21:00,8187.77,25.09,TRADE
NSW1,2011/12/23 21:30,8289.65,25.08,TRADE
NSW1,2011/12/23 22:00,8166.02,24.77,TRADE
NSW1,2011/12/23 22:30,8159.08,29.71,TRADE
NSW1,2011/12/23 23:00,8069.66,29.94,TRADE
NSW1,2011/12/23 23:30,7812.04,29.3,TRADE
NSW1,2011/12/24 0:00,7609.98,27.16,TRADE
NSW1,2011/12/24 0:30,7367.13,25.15,TRADE
NSW1,2011/12/24 1:00,7071.08,25.02,TRADE
NSW1,2011/12/24 1:30,6773.68,25.77,TRADE
NSW1,2011/12/24 2:00,6487.73,24.07,TRADE
NSW1,2011/12/24 2:30,6266.48,24.01,TRADE
NSW1,2011/12/24 3:00,6147.32,23.96,TRADE
NSW1,2011/12/24 3:30,6104.8,23.57,TRADE
NSW1,2011/12/24 4:00,6091.38,23.96,TRADE
NSW1,2011/12/24 4:30,6160.62,23.96,TRADE
NSW1,2011/12/24 5:00,6174.6,23.96,TRADE
NSW1,2011/12/24 5:30,6305.37,24.01,TRADE
NSW1,2011/12/24 6:00,6534.55,23.96,TRADE
NSW1,2011/12/24 6:30,6805.79,22.99,TRADE
NSW1,2011/12/24 7:00,7184.84,23.98,TRADE
NSW1,2011/12/24 7:30,7556.35,24.64,TRADE
NSW1,2011/12/24 8:00,7918.26,26.33,TRADE
NSW1,2011/12/24 8:30,8271.91,30.39,TRADE
NSW1,2011/12/24 9:00,8385.98,30.82,TRADE
NSW1,2011/12/24 9:30,8460.46,30.61,TRADE
NSW1,2011/12/24 10:00,8376.37,30.19,TRADE
NSW1,2011/12/24 10:30,8438.11,30.31,TRADE
NSW1,2011/12/24 11:00,8505.17,31.05,TRADE
NSW1,2011/12/24 11:30,8537.53,31.05,TRADE
NSW1,2011/12/24 12:00,8531.11,31.73,TRADE
NSW1,2011/12/24 12:30,8510.29,31.1,TRADE
NSW1,2011/12/24 13:00,8514.09,32,TRADE
NSW1,2011/12/24 13:30,8519.95,32.33,TRADE
NSW1,2011/12/24 14:00,8554.85,31.35,TRADE
NSW1,2011/12/24 14:30,8592.48,31.48,TRADE
NSW1,2011/12/24 15:00,8644.5,31.55,TRADE
NSW1,2011/12/24 15:30,8639.2,31.47,TRADE
NSW1,2011/12/24 16:00,8668.75,31.48,TRADE
NSW1,2011/12/24 16:30,8500.12,30.5,TRADE
NSW1,2011/12/24 17:00,8467.16,31.65,TRADE
NSW1,2011/12/24 17:30,8362.29,29.55,TRADE
NSW1,2011/12/24 18:00,8210.71,28.74,TRADE
NSW1,2011/12/24 18:30,8076.37,26.08,TRADE
NSW1,2011/12/24 19:00,7951.2,25.49,TRADE
NSW1,2011/12/24 19:30,7950,25.69,TRADE
NSW1,2011/12/24 20:00,8096.47,26.38,TRADE
NSW1,2011/12/24 20:30,8068.63,26.38,TRADE
NSW1,2011/12/24 21:00,7966.89,26.09,TRADE
NSW1,2011/12/24 21:30,7928.3,26.03,TRADE
NSW1,2011/12/24 22:00,7821.67,24.77,TRADE
NSW1,2011/12/24 22:30,7754.79,26.41,TRADE
NSW1,2011/12/24 23:00,7502.77,24.94,TRADE
NSW1,2011/12/24 23:30,7177.17,24.01,TRADE
NSW1,2011/12/25 0:00,6966.62,24.27,TRADE
NSW1,2011/12/25 0:30,6749.85,22.56,TRADE
NSW1,2011/12/25 1:00,6515.76,21.46,TRADE
NSW1,2011/12/25 1:30,6245.17,16.82,TRADE
NSW1,2011/12/25 2:00,6001.18,21.6,TRADE
NSW1,2011/12/25 2:30,5816.73,19.94,TRADE
NSW1,2011/12/25 3:00,5702.42,15.5,TRADE
NSW1,2011/12/25 3:30,5660.71,16.74,TRADE
NSW1,2011/12/25 4:00,5655.09,21.76,TRADE
NSW1,2011/12/25 4:30,5677.37,18.62,TRADE
NSW1,2011/12/25 5:00,5661.67,18.43,TRADE
NSW1,2011/12/25 5:30,5762.77,19.72,TRADE
NSW1,2011/12/25 6:00,5980.69,19.61,TRADE
NSW1,2011/12/25 6:30,6253.21,18.98,TRADE
NSW1,2011/12/25 7:00,6572.16,23.22,TRADE
NSW1,2011/12/25 7:30,6883.08,21.41,TRADE
NSW1,2011/12/25 8:00,7122.41,23.98,TRADE
NSW1,2011/12/25 8:30,7330.15,23.96,TRADE
NSW1,2011/12/25 9:00,7449.68,23.98,TRADE
NSW1,2011/12/25 9:30,7535.39,23.88,TRADE
NSW1,2011/12/25 10:00,7633.67,23.98,TRADE
NSW1,2011/12/25 10:30,7684.56,24.25,TRADE
NSW1,2011/12/25 11:00,7681.47,24.29,TRADE
NSW1,2011/12/25 11:30,7615.36,23.97,TRADE
NSW1,2011/12/25 12:00,7526.51,23.88,TRADE
NSW1,2011/12/25 12:30,7378.18,23.91,TRADE
NSW1,2011/12/25 13:00,7245.08,23.88,TRADE
NSW1,2011/12/25 13:30,7202.63,23.96,TRADE
NSW1,2011/12/25 14:00,7214.38,23.96,TRADE
NSW1,2011/12/25 14:30,7240.87,23.96,TRADE
NSW1,2011/12/25 15:00,7266.18,23.96,TRADE
NSW1,2011/12/25 15:30,7260.02,23.96,TRADE
NSW1,2011/12/25 16:00,7241.14,23.96,TRADE
NSW1,2011/12/25 16:30,7219.82,23.96,TRADE
NSW1,2011/12/25 17:00,7239.63,23.96,TRADE
NSW1,2011/12/25 17:30,7133.36,23.96,TRADE
NSW1,2011/12/25 18:00,7084.47,23.84,TRADE
NSW1,2011/12/25 18:30,7062.06,23.18,TRADE
NSW1,2011/12/25 19:00,7029.09,23.5,TRADE
NSW1,2011/12/25 19:30,7171.29,23.95,TRADE
NSW1,2011/12/25 20:00,7342.16,23.98,TRADE
NSW1,2011/12/25 20:30,7286.06,23.96,TRADE
NSW1,2011/12/25 21:00,7196.38,23.96,TRADE
NSW1,2011/12/25 21:30,7222.36,23.96,TRADE
NSW1,2011/12/25 22:00,7191.6,24.4,TRADE
NSW1,2011/12/25 22:30,7137.58,24.41,TRADE
NSW1,2011/12/25 23:00,6898.03,23.87,TRADE
NSW1,2011/12/25 23:30,6595.94,23.96,TRADE
NSW1,2011/12/26 0:00,6496.44,23.92,TRADE
NSW1,2011/12/26 0:30,6380.07,18.46,TRADE
NSW1,2011/12/26 1:00,6201.38,15.15,TRADE
NSW1,2011/12/26 1:30,5975.31,13.94,TRADE
NSW1,2011/12/26 2:00,5806.13,15.22,TRADE
NSW1,2011/12/26 2:30,5651.96,16.11,TRADE
NSW1,2011/12/26 3:00,5551.38,12.06,TRADE
NSW1,2011/12/26 3:30,5514.77,13.9,TRADE
NSW1,2011/12/26 4:00,5548.71,14.11,TRADE
NSW1,2011/12/26 4:30,5626.7,11.46,TRADE
NSW1,2011/12/26 5:00,5644.93,7.26,TRADE
NSW1,2011/12/26 5:30,5739.3,10.99,TRADE
NSW1,2011/12/26 6:00,5846.55,9.26,TRADE
NSW1,2011/12/26 6:30,6038.98,17.08,TRADE
NSW1,2011/12/26 7:00,6266.1,19.13,TRADE
NSW1,2011/12/26 7:30,6522.21,18.24,TRADE
NSW1,2011/12/26 8:00,6789.96,20.69,TRADE
NSW1,2011/12/26 8:30,7043.61,23.83,TRADE
NSW1,2011/12/26 9:00,7226.36,23.96,TRADE
NSW1,2011/12/26 9:30,7418.62,23.96,TRADE
NSW1,2011/12/26 10:00,7488.7,23.96,TRADE
NSW1,2011/12/26 10:30,7486.59,23.96,TRADE
NSW1,2011/12/26 11:00,7470.91,23.96,TRADE
NSW1,2011/12/26 11:30,7460.1,23.96,TRADE
NSW1,2011/12/26 12:00,7431.61,23.96,TRADE
NSW1,2011/12/26 12:30,7378.74,23.96,TRADE
NSW1,2011/12/26 13:00,7399.29,23.96,TRADE
NSW1,2011/12/26 13:30,7377.86,23.96,TRADE
NSW1,2011/12/26 14:00,7392.46,23.96,TRADE
NSW1,2011/12/26 14:30,7420.72,23.96,TRADE
NSW1,2011/12/26 15:00,7479.19,23.96,TRADE
NSW1,2011/12/26 15:30,7581.91,23.96,TRADE
NSW1,2011/12/26 16:00,7677.84,23.96,TRADE
NSW1,2011/12/26 16:30,7731.42,23.98,TRADE
NSW1,2011/12/26 17:00,7843.28,24.33,TRADE
NSW1,2011/12/26 17:30,7782.17,24.05,TRADE
NSW1,2011/12/26 18:00,7812.22,24.24,TRADE
NSW1,2011/12/26 18:30,7697.41,23.9,TRADE
NSW1,2011/12/26 19:00,7653.22,23.96,TRADE
NSW1,2011/12/26 19:30,7780.51,24.28,TRADE
NSW1,2011/12/26 20:00,7793.46,24.28,TRADE
NSW1,2011/12/26 20:30,7634.78,24.02,TRADE
NSW1,2011/12/26 21:00,7410.1,23.81,TRADE
NSW1,2011/12/26 21:30,7449.74,23.97,TRADE
NSW1,2011/12/26 22:00,7337.32,23.52,TRADE
NSW1,2011/12/26 22:30,7359.4,24.99,TRADE
NSW1,2011/12/26 23:00,7266.09,23.75,TRADE
NSW1,2011/12/26 23:30,7109.16,23.7,TRADE
NSW1,2011/12/27 0:00,6990.69,23.08,TRADE
NSW1,2011/12/27 0:30,6828.45,23.12,TRADE
NSW1,2011/12/27 1:00,6594.6,22.69,TRADE
NSW1,2011/12/27 1:30,6353.05,20.24,TRADE
NSW1,2011/12/27 2:00,6115.5,18.11,TRADE
NSW1,2011/12/27 2:30,5942.08,21.26,TRADE
NSW1,2011/12/27 3:00,5856.35,20.09,TRADE
NSW1,2011/12/27 3:30,5793.79,19.34,TRADE
NSW1,2011/12/27 4:00,5802.56,18.96,TRADE
NSW1,2011/12/27 4:30,5891.91,19.05,TRADE
NSW1,2011/12/27 5:00,5901.79,18.83,TRADE
NSW1,2011/12/27 5:30,6046.38,20.71,TRADE
NSW1,2011/12/27 6:00,6174.5,19.36,TRADE
NSW1,2011/12/27 6:30,6335.2,18.86,TRADE
NSW1,2011/12/27 7:00,6574.04,21.24,TRADE
NSW1,2011/12/27 7:30,6833.79,23.73,TRADE
NSW1,2011/12/27 8:00,7109.78,23.96,TRADE
NSW1,2011/12/27 8:30,7351.25,23.96,TRADE
NSW1,2011/12/27 9:00,7518.31,23.98,TRADE
NSW1,2011/12/27 9:30,7657.98,23.96,TRADE
NSW1,2011/12/27 10:00,7621.35,23.96,TRADE
NSW1,2011/12/27 10:30,7627.84,23.96,TRADE
NSW1,2011/12/27 11:00,7583.67,23.94,TRADE
NSW1,2011/12/27 11:30,7560.36,23.96,TRADE
NSW1,2011/12/27 12:00,7551.32,23.96,TRADE
NSW1,2011/12/27 12:30,7496.71,23.9,TRADE
NSW1,2011/12/27 13:00,7455.59,23.96,TRADE
NSW1,2011/12/27 13:30,7444.13,23.96,TRADE
NSW1,2011/12/27 14:00,7440.1,23.96,TRADE
NSW1,2011/12/27 14:30,7397.96,23.96,TRADE
NSW1,2011/12/27 15:00,7439.8,23.96,TRADE
NSW1,2011/12/27 15:30,7453.99,23.96,TRADE
NSW1,2011/12/27 16:00,7509.53,23.96,TRADE
NSW1,2011/12/27 16:30,7578.92,23.88,TRADE
NSW1,2011/12/27 17:00,7679.13,24.03,TRADE
NSW1,2011/12/27 17:30,7654.95,24.83,TRADE
NSW1,2011/12/27 18:00,7619.49,24.21,TRADE
NSW1,2011/12/27 18:30,7526.26,23.81,TRADE
NSW1,2011/12/27 19:00,7479.91,23.96,TRADE
NSW1,2011/12/27 19:30,7568.35,23.98,TRADE
NSW1,2011/12/27 20:00,7612.17,23.96,TRADE
NSW1,2011/12/27 20:30,7519.09,23.9,TRADE
NSW1,2011/12/27 21:00,7367.95,23.81,TRADE
NSW1,2011/12/27 21:30,7344.01,23.88,TRADE
NSW1,2011/12/27 22:00,7336.71,23.73,TRADE
NSW1,2011/12/27 22:30,7360.65,24.11,TRADE
NSW1,2011/12/27 23:00,7276.17,23.67,TRADE
NSW1,2011/12/27 23:30,7114.07,23.86,TRADE
NSW1,2011/12/28 0:00,6993.24,23.26,TRADE
NSW1,2011/12/28 0:30,6844.14,23.32,TRADE
NSW1,2011/12/28 1:00,6618.5,22.78,TRADE
NSW1,2011/12/28 1:30,6369.85,20.73,TRADE
NSW1,2011/12/28 2:00,6077.49,13.12,TRADE
NSW1,2011/12/28 2:30,5916.6,12.79,TRADE
NSW1,2011/12/28 3:00,5858.42,16.02,TRADE
NSW1,2011/12/28 3:30,5792.86,17.48,TRADE
NSW1,2011/12/28 4:00,5823.75,17.59,TRADE
NSW1,2011/12/28 4:30,5914.22,18.41,TRADE
NSW1,2011/12/28 5:00,6018.83,20.09,TRADE
NSW1,2011/12/28 5:30,6253.1,23.96,TRADE
NSW1,2011/12/28 6:00,6462.1,22.67,TRADE
NSW1,2011/12/28 6:30,6699.39,23.04,TRADE
NSW1,2011/12/28 7:00,7023.21,23.98,TRADE
NSW1,2011/12/28 7:30,7327.33,24.43,TRADE
NSW1,2011/12/28 8:00,7582.36,23.96,TRADE
NSW1,2011/12/28 8:30,7851.33,24.45,TRADE
NSW1,2011/12/28 9:00,8001.85,26.24,TRADE
NSW1,2011/12/28 9:30,8059.23,26.66,TRADE
NSW1,2011/12/28 10:00,8113.98,25.46,TRADE
NSW1,2011/12/28 10:30,8096.81,25.66,TRADE
NSW1,2011/12/28 11:00,7951.82,25.14,TRADE
NSW1,2011/12/28 11:30,7969.61,25.13,TRADE
NSW1,2011/12/28 12:00,8030.65,25.63,TRADE
NSW1,2011/12/28 12:30,8028.45,25.5,TRADE
NSW1,2011/12/28 13:00,8003.62,25.39,TRADE
NSW1,2011/12/28 13:30,8007.45,26.14,TRADE
NSW1,2011/12/28 14:00,8020.76,26.16,TRADE
NSW1,2011/12/28 14:30,8050.86,26.41,TRADE
NSW1,2011/12/28 15:00,8064.64,26.14,TRADE
NSW1,2011/12/28 15:30,8100.21,26.34,TRADE
NSW1,2011/12/28 16:00,8176.1,26.38,TRADE
NSW1,2011/12/28 16:30,8267.34,26.38,TRADE
NSW1,2011/12/28 17:00,8254.92,26.1,TRADE
NSW1,2011/12/28 17:30,8099.09,24.51,TRADE
NSW1,2011/12/28 18:00,8049.48,24.3,TRADE
NSW1,2011/12/28 18:30,7893.26,24.04,TRADE
NSW1,2011/12/28 19:00,7806.88,24.04,TRADE
NSW1,2011/12/28 19:30,7840.93,24.4,TRADE
NSW1,2011/12/28 20:00,7943.25,24.52,TRADE
NSW1,2011/12/28 20:30,7838.77,24.12,TRADE
NSW1,2011/12/28 21:00,7638.19,23.96,TRADE
NSW1,2011/12/28 21:30,7691.26,24,TRADE
NSW1,2011/12/28 22:00,7557.92,23.48,TRADE
NSW1,2011/12/28 22:30,7561.7,24.55,TRADE
NSW1,2011/12/28 23:00,7488.83,25.15,TRADE
NSW1,2011/12/28 23:30,7318.01,24.83,TRADE
NSW1,2011/12/29 0:00,7065.72,23.75,TRADE
NSW1,2011/12/29 0:30,6958.59,23.96,TRADE
NSW1,2011/12/29 1:00,6775.62,23.01,TRADE
NSW1,2011/12/29 1:30,6450.66,22.38,TRADE
NSW1,2011/12/29 2:00,6179.28,19.85,TRADE
NSW1,2011/12/29 2:30,6011.24,21.01,TRADE
NSW1,2011/12/29 3:00,5928.55,21.42,TRADE
NSW1,2011/12/29 3:30,5908.62,21.57,TRADE
NSW1,2011/12/29 4:00,5909.47,22.38,TRADE
NSW1,2011/12/29 4:30,5984.26,23.98,TRADE
NSW1,2011/12/29 5:00,6091.37,23.98,TRADE
NSW1,2011/12/29 5:30,6318.59,24.27,TRADE
NSW1,2011/12/29 6:00,6558.32,24.09,TRADE
NSW1,2011/12/29 6:30,6804.07,24.06,TRADE
NSW1,2011/12/29 7:00,7119.5,23.98,TRADE
NSW1,2011/12/29 7:30,7388.65,23.96,TRADE
NSW1,2011/12/29 8:00,7699.04,24.38,TRADE
NSW1,2011/12/29 8:30,7952.95,26,TRADE
NSW1,2011/12/29 9:00,8102.68,26.39,TRADE
NSW1,2011/12/29 9:30,8141.64,26.39,TRADE
NSW1,2011/12/29 10:00,8225.26,26.39,TRADE
NSW1,2011/12/29 10:30,8159.58,26.23,TRADE
NSW1,2011/12/29 11:00,8078.11,26.23,TRADE
NSW1,2011/12/29 11:30,8145.26,26.41,TRADE
NSW1,2011/12/29 12:00,8119.6,26.4,TRADE
NSW1,2011/12/29 12:30,8111.11,26.35,TRADE
NSW1,2011/12/29 13:00,8099.21,26.4,TRADE
NSW1,2011/12/29 13:30,8069.13,26.39,TRADE
NSW1,2011/12/29 14:00,8010.68,26.38,TRADE
NSW1,2011/12/29 14:30,8036.65,26.4,TRADE
NSW1,2011/12/29 15:00,8094.67,26.4,TRADE
NSW1,2011/12/29 15:30,8173.64,27.08,TRADE
NSW1,2011/12/29 16:00,8232.48,29.63,TRADE
NSW1,2011/12/29 16:30,8291.91,30.6,TRADE
NSW1,2011/12/29 17:00,8339.79,30.89,TRADE
NSW1,2011/12/29 17:30,8177.45,26.83,TRADE
NSW1,2011/12/29 18:00,8112.1,28.31,TRADE
NSW1,2011/12/29 18:30,7994.01,26.42,TRADE
NSW1,2011/12/29 19:00,7909.31,26.42,TRADE
NSW1,2011/12/29 19:30,7954.6,26.4,TRADE
NSW1,2011/12/29 20:00,8051.25,26.38,TRADE
NSW1,2011/12/29 20:30,7898.88,26.26,TRADE
NSW1,2011/12/29 21:00,7663.77,25.89,TRADE
NSW1,2011/12/29 21:30,7641.52,25.58,TRADE
NSW1,2011/12/29 22:00,7599.47,24.19,TRADE
NSW1,2011/12/29 22:30,7531.66,27.86,TRADE
NSW1,2011/12/29 23:00,7494.35,26.96,TRADE
NSW1,2011/12/29 23:30,7289.89,27.14,TRADE
NSW1,2011/12/30 0:00,7187.93,27.59,TRADE
NSW1,2011/12/30 0:30,6979.52,25.77,TRADE
NSW1,2011/12/30 1:00,6765.73,24.65,TRADE
NSW1,2011/12/30 1:30,6468.09,24.24,TRADE
NSW1,2011/12/30 2:00,6193.8,21.78,TRADE
NSW1,2011/12/30 2:30,6034.13,21.99,TRADE
NSW1,2011/12/30 3:00,5948.04,19.76,TRADE
NSW1,2011/12/30 3:30,5889.76,20.41,TRADE
NSW1,2011/12/30 4:00,5894.99,20.88,TRADE
NSW1,2011/12/30 4:30,5992.26,22.24,TRADE
NSW1,2011/12/30 5:00,6090.21,23.16,TRADE
NSW1,2011/12/30 5:30,6294.32,23.96,TRADE
NSW1,2011/12/30 6:00,6493.68,23.96,TRADE
NSW1,2011/12/30 6:30,6728.55,24.19,TRADE
NSW1,2011/12/30 7:00,7086.46,25.22,TRADE
NSW1,2011/12/30 7:30,7373.92,25.42,TRADE
NSW1,2011/12/30 8:00,7658.44,26.41,TRADE
NSW1,2011/12/30 8:30,7955.83,26.41,TRADE
NSW1,2011/12/30 9:00,8111.98,26.42,TRADE
NSW1,2011/12/30 9:30,8103.84,26.42,TRADE
NSW1,2011/12/30 10:00,8150.87,28.34,TRADE
NSW1,2011/12/30 10:30,8145.57,27.08,TRADE
NSW1,2011/12/30 11:00,8170.35,28.88,TRADE
NSW1,2011/12/30 11:30,8166.67,30.41,TRADE
NSW1,2011/12/30 12:00,8091.82,26.98,TRADE
NSW1,2011/12/30 12:30,8093.86,27.08,TRADE
NSW1,2011/12/30 13:00,8073.25,28.55,TRADE
NSW1,2011/12/30 13:30,8068.1,28.83,TRADE
NSW1,2011/12/30 14:00,8057.59,28.92,TRADE
NSW1,2011/12/30 14:30,8078.07,29.78,TRADE
NSW1,2011/12/30 15:00,8104.34,29.69,TRADE
NSW1,2011/12/30 15:30,8116.25,30.68,TRADE
NSW1,2011/12/30 16:00,8192.74,30.35,TRADE
NSW1,2011/12/30 16:30,8242.15,31.12,TRADE
NSW1,2011/12/30 17:00,8269.52,31.42,TRADE
NSW1,2011/12/30 17:30,8122.55,31.67,TRADE
NSW1,2011/12/30 18:00,8008.48,30.96,TRADE
NSW1,2011/12/30 18:30,7863.71,26.82,TRADE
NSW1,2011/12/30 19:00,7818.28,26.42,TRADE
NSW1,2011/12/30 19:30,7856.62,27.23,TRADE
NSW1,2011/12/30 20:00,7996.83,28.11,TRADE
NSW1,2011/12/30 20:30,7875.75,29.14,TRADE
NSW1,2011/12/30 21:00,7726.36,26.41,TRADE
NSW1,2011/12/30 21:30,7808.48,26.03,TRADE
NSW1,2011/12/30 22:00,7764.89,25.51,TRADE
NSW1,2011/12/30 22:30,7798.67,29,TRADE
NSW1,2011/12/30 23:00,7684.18,27.46,TRADE
NSW1,2011/12/30 23:30,7476.96,27.02,TRADE
NSW1,2011/12/31 0:00,7313.84,28.12,TRADE
NSW1,2011/12/31 0:30,7070.08,26.33,TRADE
NSW1,2011/12/31 1:00,6798.58,25.48,TRADE
NSW1,2011/12/31 1:30,6476.87,24.4,TRADE
NSW1,2011/12/31 2:00,6259.45,22.98,TRADE
NSW1,2011/12/31 2:30,6073.11,23.96,TRADE
NSW1,2011/12/31 3:00,5957.29,23.42,TRADE
NSW1,2011/12/31 3:30,5921.71,23.96,TRADE
NSW1,2011/12/31 4:00,5955.49,23.96,TRADE
NSW1,2011/12/31 4:30,5982.03,23.96,TRADE
NSW1,2011/12/31 5:00,6006.38,23.96,TRADE
NSW1,2011/12/31 5:30,6118.22,24.1,TRADE
NSW1,2011/12/31 6:00,6261.02,23.96,TRADE
NSW1,2011/12/31 6:30,6485.84,23.97,TRADE
NSW1,2011/12/31 7:00,6769.46,23.97,TRADE
NSW1,2011/12/31 7:30,7130.5,24.36,TRADE
NSW1,2011/12/31 8:00,7470.24,26.17,TRADE
NSW1,2011/12/31 8:30,7787.24,27.3,TRADE
NSW1,2011/12/31 9:00,7919.7,26.43,TRADE
NSW1,2011/12/31 9:30,8002.76,26.48,TRADE
NSW1,2011/12/31 10:00,7985.53,29.26,TRADE
NSW1,2011/12/31 10:30,8016.84,31.01,TRADE
NSW1,2011/12/31 11:00,7997.05,30.68,TRADE
NSW1,2011/12/31 11:30,7981.48,31.05,TRADE
NSW1,2011/12/31 12:00,7907.54,31.05,TRADE
NSW1,2011/12/31 12:30,7861.77,31.05,TRADE
NSW1,2011/12/31 13:00,7840.51,30.49,TRADE
NSW1,2011/12/31 13:30,7791.91,31.05,TRADE
NSW1,2011/12/31 14:00,7762,30.9,TRADE
NSW1,2011/12/31 14:30,7791.08,31.05,TRADE
NSW1,2011/12/31 15:00,7823.79,31.05,TRADE
NSW1,2011/12/31 15:30,7855,31.02,TRADE
NSW1,2011/12/31 16:00,7930.36,31.02,TRADE
NSW1,2011/12/31 16:30,7823.22,30.78,TRADE
NSW1,2011/12/31 17:00,7858.88,31.05,TRADE
NSW1,2011/12/31 17:30,7822.1,30.93,TRADE
NSW1,2011/12/31 18:00,7698.95,28.48,TRADE
NSW1,2011/12/31 18:30,7564.01,26.93,TRADE
NSW1,2011/12/31 19:00,7417.08,26.2,TRADE
NSW1,2011/12/31 19:30,7293.69,26.38,TRADE
NSW1,2011/12/31 20:00,7344.94,26.19,TRADE
NSW1,2011/12/31 20:30,7387.69,26.11,TRADE
NSW1,2011/12/31 21:00,7293.78,25.28,TRADE
NSW1,2011/12/31 21:30,7363.03,26.24,TRADE
NSW1,2011/12/31 22:00,7414.68,26.06,TRADE
NSW1,2011/12/31 22:30,7453.93,28.13,TRADE
NSW1,2011/12/31 23:00,7363.56,25.68,TRADE
NSW1,2011/12/31 23:30,7137.39,25.94,TRADE
NSW1,2012/1/1 0:00,7079.08,26.18,TRADE
?NSW1,2012/1/1 0:30,6976.86,24.51,TRADE
NSW1,2012/1/1 1:00,6796.47,23.05,TRADE
NSW1,2012/1/1 1:30,6494.43,22.49,TRADE
NSW1,2012/1/1 2:00,6271.4,18.02,TRADE
NSW1,2012/1/1 2:30,6107.27,17.9,TRADE
NSW1,2012/1/1 3:00,5964.38,18.32,TRADE
NSW1,2012/1/1 3:30,5846.85,17.88,TRADE
NSW1,2012/1/1 4:00,5813.56,17.9,TRADE
NSW1,2012/1/1 4:30,5825.85,18.27,TRADE
NSW1,2012/1/1 5:00,5754.77,16.7,TRADE
NSW1,2012/1/1 5:30,5755.55,17.97,TRADE
NSW1,2012/1/1 6:00,5835.57,17.9,TRADE
NSW1,2012/1/1 6:30,5954.98,17.9,TRADE
NSW1,2012/1/1 7:00,6151.24,18.2,TRADE
NSW1,2012/1/1 7:30,6406.64,18.47,TRADE
NSW1,2012/1/1 8:00,6673.47,18.48,TRADE
NSW1,2012/1/1 8:30,6896.1,19.05,TRADE
NSW1,2012/1/1 9:00,7074.05,20.62,TRADE
NSW1,2012/1/1 9:30,7243.78,24.12,TRADE
NSW1,2012/1/1 10:00,7384.78,26.19,TRADE
NSW1,2012/1/1 10:30,7467.45,26.39,TRADE
NSW1,2012/1/1 11:00,7498.99,26.38,TRADE
NSW1,2012/1/1 11:30,7494.01,26.38,TRADE
NSW1,2012/1/1 12:00,7502.39,26.15,TRADE
NSW1,2012/1/1 12:30,7480.75,26.37,TRADE
NSW1,2012/1/1 13:00,7500.18,26.37,TRADE
NSW1,2012/1/1 13:30,7533.23,26.38,TRADE
NSW1,2012/1/1 14:00,7605.54,26.4,TRADE
NSW1,2012/1/1 14:30,7699.32,26.4,TRADE
NSW1,2012/1/1 15:00,7795.21,26.8,TRADE
NSW1,2012/1/1 15:30,7871.71,29.13,TRADE
NSW1,2012/1/1 16:00,7966.94,28.14,TRADE
NSW1,2012/1/1 16:30,7977,29.73,TRADE
NSW1,2012/1/1 17:00,8048.46,31.83,TRADE
NSW1,2012/1/1 17:30,8124.52,30.69,TRADE
NSW1,2012/1/1 18:00,8085.27,31.06,TRADE
NSW1,2012/1/1 18:30,7951.45,28.12,TRADE
NSW1,2012/1/1 19:00,7811.81,26.37,TRADE
NSW1,2012/1/1 19:30,7860.18,26.62,TRADE
NSW1,2012/1/1 20:00,7962.28,27.19,TRADE
NSW1,2012/1/1 20:30,7874.32,26.51,TRADE
NSW1,2012/1/1 21:00,7694.47,25.47,TRADE
NSW1,2012/1/1 21:30,7605.01,26.3,TRADE
NSW1,2012/1/1 22:00,7437.68,24.75,TRADE
NSW1,2012/1/1 22:30,7364.73,28.16,TRADE
NSW1,2012/1/1 23:00,7179.17,26.78,TRADE
NSW1,2012/1/1 23:30,6954.35,25.3,TRADE
NSW1,2012/1/2 0:00,6811.59,24.7,TRADE
NSW1,2012/1/2 0:30,6626.41,23.07,TRADE
NSW1,2012/1/2 1:00,6424.24,20.13,TRADE
NSW1,2012/1/2 1:30,6208.88,22.72,TRADE
NSW1,2012/1/2 2:00,5975.5,19.51,TRADE
NSW1,2012/1/2 2:30,5857.14,20.41,TRADE
NSW1,2012/1/2 3:00,5813.45,18.18,TRADE
NSW1,2012/1/2 3:30,5748.51,17.19,TRADE
NSW1,2012/1/2 4:00,5775.54,17.19,TRADE
NSW1,2012/1/2 4:30,5843.65,18.94,TRADE
NSW1,2012/1/2 5:00,5842.97,17.94,TRADE
NSW1,2012/1/2 5:30,5958.53,18.25,TRADE
NSW1,2012/1/2 6:00,6061.82,18.16,TRADE
NSW1,2012/1/2 6:30,6276.05,18.2,TRADE
NSW1,2012/1/2 7:00,6558.46,20,TRADE
NSW1,2012/1/2 7:30,6861,19.24,TRADE
NSW1,2012/1/2 8:00,7138.29,22.36,TRADE
NSW1,2012/1/2 8:30,7469.85,23.9,TRADE
NSW1,2012/1/2 9:00,7680.24,26.26,TRADE
NSW1,2012/1/2 9:30,7867.09,26.41,TRADE
NSW1,2012/1/2 10:00,7942.58,26.85,TRADE
NSW1,2012/1/2 10:30,7984.13,26.13,TRADE
NSW1,2012/1/2 11:00,8030.81,27.69,TRADE
NSW1,2012/1/2 11:30,8128.13,33.31,TRADE
NSW1,2012/1/2 12:00,8217.9,32.41,TRADE
NSW1,2012/1/2 12:30,8285.52,31.45,TRADE
NSW1,2012/1/2 13:00,8346.29,31.16,TRADE
NSW1,2012/1/2 13:30,8377.56,32.63,TRADE
NSW1,2012/1/2 14:00,8450.61,32.33,TRADE
NSW1,2012/1/2 14:30,8500.97,32.18,TRADE
NSW1,2012/1/2 15:00,8591.11,31.57,TRADE
NSW1,2012/1/2 15:30,8643.04,32.99,TRADE
NSW1,2012/1/2 16:00,8786.33,41.42,TRADE
NSW1,2012/1/2 16:30,8862.85,41.78,TRADE
NSW1,2012/1/2 17:00,8973.61,43.18,TRADE
NSW1,2012/1/2 17:30,8879.39,38.92,TRADE
NSW1,2012/1/2 18:00,8814.37,39.52,TRADE
NSW1,2012/1/2 18:30,8649.44,32.33,TRADE
NSW1,2012/1/2 19:00,8417.43,31.7,TRADE
NSW1,2012/1/2 19:30,8491.85,32.31,TRADE
NSW1,2012/1/2 20:00,8567.78,33.47,TRADE
NSW1,2012/1/2 20:30,8422.82,34.58,TRADE
NSW1,2012/1/2 21:00,8212.42,30.31,TRADE
NSW1,2012/1/2 21:30,8154.11,30.51,TRADE
NSW1,2012/1/2 22:00,8032.25,27.34,TRADE
NSW1,2012/1/2 22:30,7961.57,30.11,TRADE
NSW1,2012/1/2 23:00,7799.08,29.9,TRADE
NSW1,2012/1/2 23:30,7575.69,26.76,TRADE
NSW1,2012/1/3 0:00,7415.47,26.31,TRADE
NSW1,2012/1/3 0:30,7267.76,25.67,TRADE
NSW1,2012/1/3 1:00,7041.86,27,TRADE
NSW1,2012/1/3 1:30,6790.57,25.26,TRADE
NSW1,2012/1/3 2:00,6526.46,21.36,TRADE
NSW1,2012/1/3 2:30,6366.95,23.27,TRADE
NSW1,2012/1/3 3:00,6240.72,21.24,TRADE
NSW1,2012/1/3 3:30,6253,21.44,TRADE
NSW1,2012/1/3 4:00,6284.08,21.51,TRADE
NSW1,2012/1/3 4:30,6418.01,21.18,TRADE
NSW1,2012/1/3 5:00,6559.61,22.72,TRADE
NSW1,2012/1/3 5:30,6889.63,24.29,TRADE
NSW1,2012/1/3 6:00,7243.4,26.98,TRADE
NSW1,2012/1/3 6:30,7600.73,25.94,TRADE
NSW1,2012/1/3 7:00,8013.47,28.31,TRADE
NSW1,2012/1/3 7:30,8356.96,24.37,TRADE
NSW1,2012/1/3 8:00,8721.58,26.17,TRADE
NSW1,2012/1/3 8:30,9077.68,31.71,TRADE
NSW1,2012/1/3 9:00,9295.24,32.95,TRADE
NSW1,2012/1/3 9:30,9463.41,34.13,TRADE
NSW1,2012/1/3 10:00,9566.74,35.79,TRADE
NSW1,2012/1/3 10:30,9666.14,35.01,TRADE
NSW1,2012/1/3 11:00,9770.94,39.15,TRADE
NSW1,2012/1/3 11:30,9833.34,43.04,TRADE
NSW1,2012/1/3 12:00,9896.33,42.29,TRADE
NSW1,2012/1/3 12:30,9997.02,43.48,TRADE
NSW1,2012/1/3 13:00,10069.2,43.64,TRADE
NSW1,2012/1/3 13:30,10198.49,43.19,TRADE
NSW1,2012/1/3 14:00,10329.13,43.65,TRADE
NSW1,2012/1/3 14:30,10387.69,45.29,TRADE
NSW1,2012/1/3 15:00,10499.53,46.72,TRADE
NSW1,2012/1/3 15:30,10574.61,50.91,TRADE
NSW1,2012/1/3 16:00,10685.79,45.94,TRADE
NSW1,2012/1/3 16:30,10704.49,44.51,TRADE
NSW1,2012/1/3 17:00,10606.01,38.65,TRADE
NSW1,2012/1/3 17:30,10285.89,34.01,TRADE
NSW1,2012/1/3 18:00,10161.48,31.27,TRADE
NSW1,2012/1/3 18:30,9870.61,31.36,TRADE
NSW1,2012/1/3 19:00,9649.06,28.91,TRADE
NSW1,2012/1/3 19:30,9557.7,28.71,TRADE
NSW1,2012/1/3 20:00,9605.06,30.8,TRADE
NSW1,2012/1/3 20:30,9382.41,30.52,TRADE
NSW1,2012/1/3 21:00,9093.02,25.84,TRADE
NSW1,2012/1/3 21:30,8914.25,26.06,TRADE
NSW1,2012/1/3 22:00,8643.48,24.58,TRADE
NSW1,2012/1/3 22:30,8476.91,32.57,TRADE
NSW1,2012/1/3 23:00,8290.09,28.05,TRADE
NSW1,2012/1/3 23:30,8004.06,26.05,TRADE
NSW1,2012/1/4 0:00,7743.52,24.7,TRADE
NSW1,2012/1/4 0:30,7531.87,23.92,TRADE
NSW1,2012/1/4 1:00,7299.43,21.34,TRADE
NSW1,2012/1/4 1:30,7000.83,19.78,TRADE
NSW1,2012/1/4 2:00,6757.41,17.72,TRADE
NSW1,2012/1/4 2:30,6600.66,18.2,TRADE
NSW1,2012/1/4 3:00,6488.94,17.8,TRADE
NSW1,2012/1/4 3:30,6462.67,18.04,TRADE
NSW1,2012/1/4 4:00,6507.49,18.04,TRADE
NSW1,2012/1/4 4:30,6632.4,19.3,TRADE
NSW1,2012/1/4 5:00,6742.4,19.55,TRADE
NSW1,2012/1/4 5:30,7076.66,19.34,TRADE
NSW1,2012/1/4 6:00,7429.07,21.14,TRADE
NSW1,2012/1/4 6:30,7875.22,21.92,TRADE
NSW1,2012/1/4 7:00,8367.72,21.73,TRADE
NSW1,2012/1/4 7:30,8781.8,23.17,TRADE
NSW1,2012/1/4 8:00,9163.91,24.67,TRADE
NSW1,2012/1/4 8:30,9504.18,25.76,TRADE
NSW1,2012/1/4 9:00,9674.13,26.05,TRADE
NSW1,2012/1/4 9:30,9867.67,26.17,TRADE
NSW1,2012/1/4 10:00,10064.51,26.28,TRADE
NSW1,2012/1/4 10:30,10240.65,26.37,TRADE
NSW1,2012/1/4 11:00,10473.48,26.48,TRADE
NSW1,2012/1/4 11:30,10637.55,27.55,TRADE
NSW1,2012/1/4 12:00,10792.23,29.75,TRADE
NSW1,2012/1/4 12:30,10965.21,32.18,TRADE
NSW1,2012/1/4 13:00,11044.68,29.27,TRADE
NSW1,2012/1/4 13:30,11125.3,30.42,TRADE
NSW1,2012/1/4 14:00,11220.06,30.9,TRADE
NSW1,2012/1/4 14:30,11204.05,30.52,TRADE
NSW1,2012/1/4 15:00,11180.89,29.98,TRADE
NSW1,2012/1/4 15:30,11144.67,28.84,TRADE
NSW1,2012/1/4 16:00,11215.58,30.07,TRADE
NSW1,2012/1/4 16:30,11049.41,29.05,TRADE
NSW1,2012/1/4 17:00,10722.67,27.15,TRADE
NSW1,2012/1/4 17:30,10355.52,26.43,TRADE
NSW1,2012/1/4 18:00,10048.89,26.08,TRADE
NSW1,2012/1/4 18:30,9650.32,25.59,TRADE
NSW1,2012/1/4 19:00,9365.7,24.87,TRADE
NSW1,2012/1/4 19:30,9230.62,25.59,TRADE
NSW1,2012/1/4 20:00,9241,25.62,TRADE
NSW1,2012/1/4 20:30,9018.57,24.59,TRADE
NSW1,2012/1/4 21:00,8747.35,23.75,TRADE
NSW1,2012/1/4 21:30,8703.39,23.52,TRADE
NSW1,2012/1/4 22:00,8466.48,21.74,TRADE
NSW1,2012/1/4 22:30,8341.55,24.02,TRADE
NSW1,2012/1/4 23:00,8136.25,22.8,TRADE
NSW1,2012/1/4 23:30,7819.63,22.98,TRADE
NSW1,2012/1/5 0:00,7601.55,23.09,TRADE
NSW1,2012/1/5 0:30,7418.29,22.7,TRADE
NSW1,2012/1/5 1:00,7177.31,20.14,TRADE
NSW1,2012/1/5 1:30,6805.38,18.84,TRADE
NSW1,2012/1/5 2:00,6527.26,17.66,TRADE
NSW1,2012/1/5 2:30,6356.43,17.89,TRADE
NSW1,2012/1/5 3:00,6283.34,17.9,TRADE
NSW1,2012/1/5 3:30,6256.75,17.9,TRADE
NSW1,2012/1/5 4:00,6270.74,17.88,TRADE
NSW1,2012/1/5 4:30,6421.04,17.9,TRADE
NSW1,2012/1/5 5:00,6593.17,19.33,TRADE
NSW1,2012/1/5 5:30,6911.75,22.35,TRADE
NSW1,2012/1/5 6:00,7250,20.28,TRADE
NSW1,2012/1/5 6:30,7651.18,21.51,TRADE
NSW1,2012/1/5 7:00,8054.63,22.86,TRADE
NSW1,2012/1/5 7:30,8418.92,21.64,TRADE
NSW1,2012/1/5 8:00,8667.83,23.62,TRADE
NSW1,2012/1/5 8:30,8983.65,24.91,TRADE
NSW1,2012/1/5 9:00,9113.26,25.76,TRADE
NSW1,2012/1/5 9:30,9113.1,25.71,TRADE
NSW1,2012/1/5 10:00,9167.06,26.33,TRADE
NSW1,2012/1/5 10:30,9212.61,26.08,TRADE
NSW1,2012/1/5 11:00,9332.97,26.63,TRADE
NSW1,2012/1/5 11:30,9361.2,26.88,TRADE
NSW1,2012/1/5 12:00,9333.09,26.22,TRADE
NSW1,2012/1/5 12:30,9368.53,24.47,TRADE
NSW1,2012/1/5 13:00,9407.41,24.73,TRADE
NSW1,2012/1/5 13:30,9475.56,26.04,TRADE
NSW1,2012/1/5 14:00,9534.9,25.96,TRADE
NSW1,2012/1/5 14:30,9598.35,27.41,TRADE
NSW1,2012/1/5 15:00,9581.42,27.96,TRADE
NSW1,2012/1/5 15:30,9672.34,27.86,TRADE
NSW1,2012/1/5 16:00,9740.3,27.85,TRADE
NSW1,2012/1/5 16:30,9723.09,26.4,TRADE
NSW1,2012/1/5 17:00,9682.79,25.57,TRADE
NSW1,2012/1/5 17:30,9475.44,26.11,TRADE
NSW1,2012/1/5 18:00,9263.03,25.53,TRADE
NSW1,2012/1/5 18:30,9040.29,24.05,TRADE
NSW1,2012/1/5 19:00,8908.31,23.99,TRADE
NSW1,2012/1/5 19:30,8961.09,24.59,TRADE
NSW1,2012/1/5 20:00,8982.48,25.26,TRADE
NSW1,2012/1/5 20:30,8711.96,23.68,TRADE
NSW1,2012/1/5 21:00,8429.86,23.22,TRADE
NSW1,2012/1/5 21:30,8462.56,22.85,TRADE
NSW1,2012/1/5 22:00,8282.36,20.73,TRADE
NSW1,2012/1/5 22:30,8252.51,25.15,TRADE
NSW1,2012/1/5 23:00,8068.26,23.78,TRADE
NSW1,2012/1/5 23:30,7835.83,22.89,TRADE
NSW1,2012/1/6 0:00,7699.47,22.87,TRADE
NSW1,2012/1/6 0:30,7460.71,20.54,TRADE
NSW1,2012/1/6 1:00,7244.27,18.6,TRADE
NSW1,2012/1/6 1:30,6929.54,19.05,TRADE
NSW1,2012/1/6 2:00,6658.86,18.35,TRADE
NSW1,2012/1/6 2:30,6533.03,18.5,TRADE
NSW1,2012/1/6 3:00,6419.63,17.9,TRADE
NSW1,2012/1/6 3:30,6403.44,17.38,TRADE
NSW1,2012/1/6 4:00,6437.75,17.88,TRADE
NSW1,2012/1/6 4:30,6574.06,17.9,TRADE
NSW1,2012/1/6 5:00,6732.34,19.11,TRADE
NSW1,2012/1/6 5:30,7044.45,21.79,TRADE
NSW1,2012/1/6 6:00,7372.29,19.34,TRADE
NSW1,2012/1/6 6:30,7737.6,21.03,TRADE
NSW1,2012/1/6 7:00,8076.52,22.11,TRADE
NSW1,2012/1/6 7:30,8397.66,21.71,TRADE
NSW1,2012/1/6 8:00,8617.49,23.88,TRADE
NSW1,2012/1/6 8:30,8899.78,24.5,TRADE
NSW1,2012/1/6 9:00,9002.42,26.04,TRADE
NSW1,2012/1/6 9:30,9032.62,26.31,TRADE
NSW1,2012/1/6 10:00,9117.6,26.4,TRADE
NSW1,2012/1/6 10:30,9098.86,26.06,TRADE
NSW1,2012/1/6 11:00,9075.53,25.57,TRADE
NSW1,2012/1/6 11:30,9067.65,26.12,TRADE
NSW1,2012/1/6 12:00,9046.46,26.9,TRADE
NSW1,2012/1/6 12:30,9040.4,26.65,TRADE
NSW1,2012/1/6 13:00,8986.09,26.5,TRADE
NSW1,2012/1/6 13:30,8994.98,26.33,TRADE
NSW1,2012/1/6 14:00,8960.63,26.61,TRADE
NSW1,2012/1/6 14:30,8932.42,26.57,TRADE
NSW1,2012/1/6 15:00,8942.87,26.48,TRADE
NSW1,2012/1/6 15:30,8909.85,25.77,TRADE
NSW1,2012/1/6 16:00,8930.67,26.42,TRADE
NSW1,2012/1/6 16:30,8882.55,26.13,TRADE
NSW1,2012/1/6 17:00,8815.44,26.09,TRADE
NSW1,2012/1/6 17:30,8584.48,23.96,TRADE
NSW1,2012/1/6 18:00,8418.54,22.97,TRADE
NSW1,2012/1/6 18:30,8200,22.63,TRADE
NSW1,2012/1/6 19:00,8134.2,22.66,TRADE
NSW1,2012/1/6 19:30,8224.08,22.55,TRADE
NSW1,2012/1/6 20:00,8241.64,23.16,TRADE
NSW1,2012/1/6 20:30,8098.4,22.54,TRADE
NSW1,2012/1/6 21:00,7957.72,22.48,TRADE
NSW1,2012/1/6 21:30,8028.5,21.7,TRADE
NSW1,2012/1/6 22:00,7974.14,21.22,TRADE
NSW1,2012/1/6 22:30,8001.51,24.21,TRADE
NSW1,2012/1/6 23:00,7921.44,25.16,TRADE
NSW1,2012/1/6 23:30,7688.12,25.41,TRADE
NSW1,2012/1/7 0:00,7514.13,24.41,TRADE
NSW1,2012/1/7 0:30,7265.93,24.37,TRADE
NSW1,2012/1/7 1:00,7017.25,22.04,TRADE
NSW1,2012/1/7 1:30,6746.59,21.34,TRADE
NSW1,2012/1/7 2:00,6487.14,17.37,TRADE
NSW1,2012/1/7 2:30,6255.62,17.19,TRADE
NSW1,2012/1/7 3:00,6116.5,16.77,TRADE
NSW1,2012/1/7 3:30,6107.8,17.28,TRADE
NSW1,2012/1/7 4:00,6033.14,16.14,TRADE
NSW1,2012/1/7 4:30,6117.53,17.87,TRADE
NSW1,2012/1/7 5:00,6140.15,17.5,TRADE
NSW1,2012/1/7 5:30,6279.14,17.9,TRADE
NSW1,2012/1/7 6:00,6442.86,17.91,TRADE
NSW1,2012/1/7 6:30,6699.17,18.38,TRADE
NSW1,2012/1/7 7:00,7085.7,19.25,TRADE
NSW1,2012/1/7 7:30,7376.45,19.12,TRADE
NSW1,2012/1/7 8:00,7664.12,20.14,TRADE
NSW1,2012/1/7 8:30,7994.03,22.71,TRADE
NSW1,2012/1/7 9:00,8052.28,23.31,TRADE
NSW1,2012/1/7 9:30,8203.89,23.96,TRADE
NSW1,2012/1/7 10:00,8165.35,23.74,TRADE
NSW1,2012/1/7 10:30,8215.52,23.86,TRADE
NSW1,2012/1/7 11:00,8230.3,24.83,TRADE
NSW1,2012/1/7 11:30,8195.33,23.91,TRADE
NSW1,2012/1/7 12:00,8154.02,25.34,TRADE
NSW1,2012/1/7 12:30,8160.81,23.1,TRADE
NSW1,2012/1/7 13:00,8002.38,21.8,TRADE
NSW1,2012/1/7 13:30,8159,21.71,TRADE
NSW1,2012/1/7 14:00,8180.68,22.07,TRADE
NSW1,2012/1/7 14:30,8245.21,22.06,TRADE
NSW1,2012/1/7 15:00,8282.68,22.46,TRADE
NSW1,2012/1/7 15:30,8395.39,22.6,TRADE
NSW1,2012/1/7 16:00,8445.47,23.47,TRADE
NSW1,2012/1/7 16:30,8345.23,23.04,TRADE
NSW1,2012/1/7 17:00,8397.48,23.96,TRADE
NSW1,2012/1/7 17:30,8355.32,23.01,TRADE
NSW1,2012/1/7 18:00,8329.63,22.24,TRADE
NSW1,2012/1/7 18:30,8252.54,21.65,TRADE
NSW1,2012/1/7 19:00,8151.45,22.06,TRADE
NSW1,2012/1/7 19:30,8226.65,23.76,TRADE
NSW1,2012/1/7 20:00,8304.57,24.04,TRADE
NSW1,2012/1/7 20:30,8252.33,23.91,TRADE
NSW1,2012/1/7 21:00,8083.92,23.39,TRADE
NSW1,2012/1/7 21:30,8069.97,23.54,TRADE
NSW1,2012/1/7 22:00,7963.23,21.97,TRADE
NSW1,2012/1/7 22:30,7919.43,23.05,TRADE
NSW1,2012/1/7 23:00,7669.23,21.23,TRADE
NSW1,2012/1/7 23:30,7466.07,21.41,TRADE
NSW1,2012/1/8 0:00,7276.56,21.59,TRADE
NSW1,2012/1/8 0:30,7111.12,23.45,TRADE
NSW1,2012/1/8 1:00,6930.14,20.26,TRADE
NSW1,2012/1/8 1:30,6687.4,17.66,TRADE
NSW1,2012/1/8 2:00,6473.13,16.48,TRADE
NSW1,2012/1/8 2:30,6333.91,17.26,TRADE
NSW1,2012/1/8 3:00,6269.03,16.37,TRADE
NSW1,2012/1/8 3:30,6201.99,13.78,TRADE
NSW1,2012/1/8 4:00,6194.58,17.02,TRADE
NSW1,2012/1/8 4:30,6239.35,13.82,TRADE
NSW1,2012/1/8 5:00,6230.42,12.7,TRADE
NSW1,2012/1/8 5:30,6242.24,15.25,TRADE
NSW1,2012/1/8 6:00,6340.58,12.8,TRADE
NSW1,2012/1/8 6:30,6463.39,16.89,TRADE
NSW1,2012/1/8 7:00,6768.15,18.17,TRADE
NSW1,2012/1/8 7:30,7071.35,17.12,TRADE
NSW1,2012/1/8 8:00,7338.63,18.31,TRADE
NSW1,2012/1/8 8:30,7616.62,18.83,TRADE
NSW1,2012/1/8 9:00,7805.57,19.26,TRADE
NSW1,2012/1/8 9:30,8042.94,19.62,TRADE
NSW1,2012/1/8 10:00,8096.32,20.67,TRADE
NSW1,2012/1/8 10:30,8170.07,20.27,TRADE
NSW1,2012/1/8 11:00,8231.04,19.65,TRADE
NSW1,2012/1/8 11:30,8246.11,20.25,TRADE
NSW1,2012/1/8 12:00,8251.42,20.64,TRADE
NSW1,2012/1/8 12:30,8372.02,22.16,TRADE
NSW1,2012/1/8 13:00,8360.19,21.99,TRADE
NSW1,2012/1/8 13:30,8323.64,21.97,TRADE
NSW1,2012/1/8 14:00,8415.34,21.37,TRADE
NSW1,2012/1/8 14:30,8529.44,20.59,TRADE
NSW1,2012/1/8 15:00,8612.62,21.71,TRADE
NSW1,2012/1/8 15:30,8731.17,22.13,TRADE
NSW1,2012/1/8 16:00,8815.49,24,TRADE
NSW1,2012/1/8 16:30,8861.24,24.17,TRADE
NSW1,2012/1/8 17:00,9002.59,24.77,TRADE
NSW1,2012/1/8 17:30,9025.04,25.3,TRADE
NSW1,2012/1/8 18:00,8982.34,25.28,TRADE
NSW1,2012/1/8 18:30,8910.1,24.07,TRADE
NSW1,2012/1/8 19:00,8845.84,23.52,TRADE
NSW1,2012/1/8 19:30,8896.84,24.34,TRADE
NSW1,2012/1/8 20:00,8837.86,24.41,TRADE
NSW1,2012/1/8 20:30,8648.3,22.93,TRADE
NSW1,2012/1/8 21:00,8316.35,20.83,TRADE
NSW1,2012/1/8 21:30,8203.09,21.41,TRADE
NSW1,2012/1/8 22:00,7937.64,18.85,TRADE
NSW1,2012/1/8 22:30,7884.98,20.83,TRADE
NSW1,2012/1/8 23:00,7646.71,19.8,TRADE
NSW1,2012/1/8 23:30,7410.69,18.43,TRADE
NSW1,2012/1/9 0:00,7219.04,17.24,TRADE
NSW1,2012/1/9 0:30,7084.05,18.63,TRADE
NSW1,2012/1/9 1:00,6896.39,17.25,TRADE
NSW1,2012/1/9 1:30,6608.06,16.8,TRADE
NSW1,2012/1/9 2:00,6423.91,16.72,TRADE
NSW1,2012/1/9 2:30,6320.38,14.17,TRADE
NSW1,2012/1/9 3:00,6300.64,12.61,TRADE
NSW1,2012/1/9 3:30,6341.65,12.73,TRADE
NSW1,2012/1/9 4:00,6393.35,14.33,TRADE
NSW1,2012/1/9 4:30,6575.5,13.67,TRADE
NSW1,2012/1/9 5:00,6779.71,17.63,TRADE
NSW1,2012/1/9 5:30,7194.26,20.23,TRADE
NSW1,2012/1/9 6:00,7668.77,22.64,TRADE
NSW1,2012/1/9 6:30,8120.4,26.14,TRADE
NSW1,2012/1/9 7:00,8599.82,25.49,TRADE
NSW1,2012/1/9 7:30,9013.68,22.53,TRADE
NSW1,2012/1/9 8:00,9347.45,24.7,TRADE
NSW1,2012/1/9 8:30,9617.89,25.15,TRADE
NSW1,2012/1/9 9:00,9745.05,26.15,TRADE
NSW1,2012/1/9 9:30,9797.49,26.42,TRADE
NSW1,2012/1/9 10:00,9879.26,26.47,TRADE
NSW1,2012/1/9 10:30,9894.82,26.36,TRADE
NSW1,2012/1/9 11:00,9981.93,26.45,TRADE
NSW1,2012/1/9 11:30,9955.86,26.19,TRADE
NSW1,2012/1/9 12:00,9973.42,25.98,TRADE
NSW1,2012/1/9 12:30,10039.54,26.07,TRADE
NSW1,2012/1/9 13:00,10055.67,25.37,TRADE
NSW1,2012/1/9 13:30,10078.56,26.15,TRADE
NSW1,2012/1/9 14:00,10127.19,26.26,TRADE
NSW1,2012/1/9 14:30,10120.56,25.53,TRADE
NSW1,2012/1/9 15:00,10160.57,26.42,TRADE
NSW1,2012/1/9 15:30,10177.63,26.45,TRADE
NSW1,2012/1/9 16:00,10186.78,26.44,TRADE
NSW1,2012/1/9 16:30,10091.88,26.05,TRADE
NSW1,2012/1/9 17:00,10030.06,26.42,TRADE
NSW1,2012/1/9 17:30,9738.2,24.23,TRADE
NSW1,2012/1/9 18:00,9531.98,24.09,TRADE
NSW1,2012/1/9 18:30,9258.14,24.38,TRADE
NSW1,2012/1/9 19:00,9054.05,24.51,TRADE
NSW1,2012/1/9 19:30,9002.58,24.38,TRADE
NSW1,2012/1/9 20:00,9068.67,26.38,TRADE
NSW1,2012/1/9 20:30,8892.63,25.5,TRADE
NSW1,2012/1/9 21:00,8629.52,24.2,TRADE
NSW1,2012/1/9 21:30,8605.4,23.64,TRADE
NSW1,2012/1/9 22:00,8390.67,22.34,TRADE
NSW1,2012/1/9 22:30,8298.86,25.75,TRADE
NSW1,2012/1/9 23:00,8112.39,25.33,TRADE
NSW1,2012/1/9 23:30,7889.25,27.24,TRADE
NSW1,2012/1/10 0:00,7678.19,27.61,TRADE
NSW1,2012/1/10 0:30,7411.46,24.65,TRADE
NSW1,2012/1/10 1:00,7184.52,24.28,TRADE
NSW1,2012/1/10 1:30,6927.98,23.1,TRADE
NSW1,2012/1/10 2:00,6708.24,20.73,TRADE
NSW1,2012/1/10 2:30,6486.09,17.54,TRADE
NSW1,2012/1/10 3:00,6381.27,16.66,TRADE
NSW1,2012/1/10 3:30,6375.99,18.01,TRADE
NSW1,2012/1/10 4:00,6295.28,16.53,TRADE
NSW1,2012/1/10 4:30,6527.91,17.9,TRADE
NSW1,2012/1/10 5:00,6759.77,17.29,TRADE
NSW1,2012/1/10 5:30,7162.21,22.84,TRADE
NSW1,2012/1/10 6:00,7587.15,23.61,TRADE
NSW1,2012/1/10 6:30,7945.58,25.76,TRADE
NSW1,2012/1/10 7:00,8416.4,26.11,TRADE
NSW1,2012/1/10 7:30,8715.71,23.88,TRADE
NSW1,2012/1/10 8:00,8947.93,24.53,TRADE
NSW1,2012/1/10 8:30,9232.39,26.13,TRADE
NSW1,2012/1/10 9:00,9370.5,26.03,TRADE
NSW1,2012/1/10 9:30,9410.4,24.67,TRADE
NSW1,2012/1/10 10:00,9406.61,25.19,TRADE
NSW1,2012/1/10 10:30,9413.33,27.25,TRADE
NSW1,2012/1/10 11:00,9557.87,26.03,TRADE
NSW1,2012/1/10 11:30,9458.27,25.85,TRADE
NSW1,2012/1/10 12:00,9400.48,24.88,TRADE
NSW1,2012/1/10 12:30,9519.13,26.15,TRADE
NSW1,2012/1/10 13:00,9618.46,25.51,TRADE
NSW1,2012/1/10 13:30,9672.73,25.87,TRADE
NSW1,2012/1/10 14:00,9682.33,25.34,TRADE
NSW1,2012/1/10 14:30,9695.37,21.26,TRADE
NSW1,2012/1/10 15:00,9737.95,25.59,TRADE
NSW1,2012/1/10 15:30,9794.55,25.5,TRADE
NSW1,2012/1/10 16:00,9859.28,26.35,TRADE
NSW1,2012/1/10 16:30,9737.84,26.15,TRADE
NSW1,2012/1/10 17:00,9615.92,25.66,TRADE
NSW1,2012/1/10 17:30,9350.06,24.32,TRADE
NSW1,2012/1/10 18:00,9198.6,25.17,TRADE
NSW1,2012/1/10 18:30,8990.45,23.57,TRADE
NSW1,2012/1/10 19:00,8855.84,23.57,TRADE
NSW1,2012/1/10 19:30,8874.21,24.44,TRADE
NSW1,2012/1/10 20:00,8969.68,26.07,TRADE
NSW1,2012/1/10 20:30,8817.01,24.96,TRADE
NSW1,2012/1/10 21:00,8544.12,22.6,TRADE
NSW1,2012/1/10 21:30,8515.41,21.24,TRADE
NSW1,2012/1/10 22:00,8274.75,19.81,TRADE
NSW1,2012/1/10 22:30,8234.07,25.91,TRADE
NSW1,2012/1/10 23:00,8022.92,21.58,TRADE
NSW1,2012/1/10 23:30,7764.44,21.93,TRADE
NSW1,2012/1/11 0:00,7562.43,20.84,TRADE
NSW1,2012/1/11 0:30,7358.05,23.51,TRADE
NSW1,2012/1/11 1:00,7087.81,17.87,TRADE
NSW1,2012/1/11 1:30,6780.34,16.1,TRADE
NSW1,2012/1/11 2:00,6530.71,14.82,TRADE
NSW1,2012/1/11 2:30,6352.8,17.04,TRADE
NSW1,2012/1/11 3:00,6268.35,17.54,TRADE
NSW1,2012/1/11 3:30,6325.65,17.34,TRADE
NSW1,2012/1/11 4:00,6349,16.21,TRADE
NSW1,2012/1/11 4:30,6536.71,18.23,TRADE
NSW1,2012/1/11 5:00,6702.87,15.82,TRADE
NSW1,2012/1/11 5:30,7083.67,17.62,TRADE
NSW1,2012/1/11 6:00,7468.15,22.74,TRADE
NSW1,2012/1/11 6:30,7825.23,24.16,TRADE
NSW1,2012/1/11 7:00,8198.66,25.34,TRADE
NSW1,2012/1/11 7:30,8514.2,21.16,TRADE
NSW1,2012/1/11 8:00,8736.54,21.03,TRADE
NSW1,2012/1/11 8:30,8982.02,22.29,TRADE
NSW1,2012/1/11 9:00,9127.4,24.41,TRADE
NSW1,2012/1/11 9:30,9191.1,24.83,TRADE
NSW1,2012/1/11 10:00,9231.66,24.68,TRADE
NSW1,2012/1/11 10:30,9225.28,24.04,TRADE
NSW1,2012/1/11 11:00,9217.04,24.19,TRADE
NSW1,2012/1/11 11:30,9247.94,22.59,TRADE
NSW1,2012/1/11 12:00,9267.38,21.55,TRADE
NSW1,2012/1/11 12:30,9193.4,21.41,TRADE
NSW1,2012/1/11 13:00,9190.3,22.11,TRADE
NSW1,2012/1/11 13:30,9293.6,23.63,TRADE
NSW1,2012/1/11 14:00,9326.26,24.3,TRADE
NSW1,2012/1/11 14:30,9313.61,24.47,TRADE
NSW1,2012/1/11 15:00,9336.12,24.32,TRADE
NSW1,2012/1/11 15:30,9348.63,23.74,TRADE
NSW1,2012/1/11 16:00,9353.06,24.35,TRADE
NSW1,2012/1/11 16:30,9263.23,24.15,TRADE
NSW1,2012/1/11 17:00,9211.75,24.83,TRADE
NSW1,2012/1/11 17:30,8985.49,24.17,TRADE
NSW1,2012/1/11 18:00,8878.02,24.16,TRADE
NSW1,2012/1/11 18:30,8621.2,23.55,TRADE
NSW1,2012/1/11 19:00,8496.07,21.56,TRADE
NSW1,2012/1/11 19:30,8516.82,22.38,TRADE
NSW1,2012/1/11 20:00,8589.47,23.98,TRADE
NSW1,2012/1/11 20:30,8438.33,24.18,TRADE
NSW1,2012/1/11 21:00,8197.37,22.16,TRADE
NSW1,2012/1/11 21:30,8155.52,20.65,TRADE
NSW1,2012/1/11 22:00,7976.11,18.73,TRADE
NSW1,2012/1/11 22:30,7921.18,22.37,TRADE
NSW1,2012/1/11 23:00,7738.54,21.17,TRADE
NSW1,2012/1/11 23:30,7567.55,21.01,TRADE
NSW1,2012/1/12 0:00,7420.2,20.94,TRADE
NSW1,2012/1/12 0:30,7261.12,18.66,TRADE
NSW1,2012/1/12 1:00,7048.89,17.14,TRADE
NSW1,2012/1/12 1:30,6746.2,17.23,TRADE
NSW1,2012/1/12 2:00,6497.2,17.24,TRADE
NSW1,2012/1/12 2:30,6343.64,17.55,TRADE
NSW1,2012/1/12 3:00,6248.66,17.66,TRADE
NSW1,2012/1/12 3:30,6264.39,17.41,TRADE
NSW1,2012/1/12 4:00,6345.09,17.85,TRADE
NSW1,2012/1/12 4:30,6513.49,17.93,TRADE
NSW1,2012/1/12 5:00,6716.84,17.96,TRADE
NSW1,2012/1/12 5:30,7075.07,18.29,TRADE
NSW1,2012/1/12 6:00,7472.55,20.88,TRADE
NSW1,2012/1/12 6:30,7833.09,24.91,TRADE
NSW1,2012/1/12 7:00,8218.37,26.16,TRADE
NSW1,2012/1/12 7:30,8376.58,21.95,TRADE
NSW1,2012/1/12 8:00,8563.47,21.4,TRADE
NSW1,2012/1/12 8:30,8848.2,24.1,TRADE
NSW1,2012/1/12 9:00,8952.17,24.05,TRADE
NSW1,2012/1/12 9:30,8982.09,24.1,TRADE
NSW1,2012/1/12 10:00,8986.37,16.6,TRADE
NSW1,2012/1/12 10:30,8993.39,21.55,TRADE
NSW1,2012/1/12 11:00,9000.88,22.29,TRADE
NSW1,2012/1/12 11:30,8940.66,23.46,TRADE
NSW1,2012/1/12 12:00,8819.24,22.94,TRADE
NSW1,2012/1/12 12:30,8836.43,24.03,TRADE
NSW1,2012/1/12 13:00,8895.57,23.51,TRADE
NSW1,2012/1/12 13:30,8911.61,23.98,TRADE
NSW1,2012/1/12 14:00,8845.71,22.94,TRADE
NSW1,2012/1/12 14:30,8839.15,19.76,TRADE
NSW1,2012/1/12 15:00,8902.67,20.5,TRADE
NSW1,2012/1/12 15:30,8918.97,25.21,TRADE
NSW1,2012/1/12 16:00,8959.04,26.42,TRADE
NSW1,2012/1/12 16:30,8934.39,25.73,TRADE
NSW1,2012/1/12 17:00,8975.62,24.62,TRADE
NSW1,2012/1/12 17:30,8845.27,23.23,TRADE
NSW1,2012/1/12 18:00,8766.95,22.22,TRADE
NSW1,2012/1/12 18:30,8641.08,23.9,TRADE
NSW1,2012/1/12 19:00,8497.77,24.03,TRADE
NSW1,2012/1/12 19:30,8529.6,25.19,TRADE
NSW1,2012/1/12 20:00,8670.92,26.42,TRADE
NSW1,2012/1/12 20:30,8503.28,25.02,TRADE
NSW1,2012/1/12 21:00,8227.27,22.43,TRADE
NSW1,2012/1/12 21:30,8222.07,21.48,TRADE
NSW1,2012/1/12 22:00,8081.95,18.85,TRADE
NSW1,2012/1/12 22:30,8045.36,21.32,TRADE
NSW1,2012/1/12 23:00,7856.23,20.03,TRADE
NSW1,2012/1/12 23:30,7680.52,21.04,TRADE
NSW1,2012/1/13 0:00,7529.48,21.77,TRADE
NSW1,2012/1/13 0:30,7363.2,19.88,TRADE
NSW1,2012/1/13 1:00,7174.94,17.87,TRADE
NSW1,2012/1/13 1:30,6851.99,17.62,TRADE
NSW1,2012/1/13 2:00,6608.74,17.37,TRADE
NSW1,2012/1/13 2:30,6470.33,17.34,TRADE
NSW1,2012/1/13 3:00,6366.19,17.46,TRADE
NSW1,2012/1/13 3:30,6373.73,17.15,TRADE
NSW1,2012/1/13 4:00,6444.53,17.43,TRADE
NSW1,2012/1/13 4:30,6586.88,17.82,TRADE
NSW1,2012/1/13 5:00,6787.33,17.97,TRADE
NSW1,2012/1/13 5:30,7174.74,20.19,TRADE
NSW1,2012/1/13 6:00,7534.57,22.59,TRADE
NSW1,2012/1/13 6:30,7856.66,25.56,TRADE
NSW1,2012/1/13 7:00,8292.16,27.55,TRADE
NSW1,2012/1/13 7:30,8590.41,25.05,TRADE
NSW1,2012/1/13 8:00,8770.1,26.08,TRADE
NSW1,2012/1/13 8:30,8995.78,26.43,TRADE
NSW1,2012/1/13 9:00,9143.89,26.2,TRADE
NSW1,2012/1/13 9:30,9203.03,25.67,TRADE
NSW1,2012/1/13 10:00,9301.41,26.06,TRADE
NSW1,2012/1/13 10:30,9235.53,23.88,TRADE
NSW1,2012/1/13 11:00,9311.85,25.45,TRADE
NSW1,2012/1/13 11:30,9297.27,25.89,TRADE
NSW1,2012/1/13 12:00,9279.83,25.7,TRADE
NSW1,2012/1/13 12:30,9298.6,26.42,TRADE
NSW1,2012/1/13 13:00,9319.07,25.38,TRADE
NSW1,2012/1/13 13:30,9363.5,24.36,TRADE
NSW1,2012/1/13 14:00,9355.81,24.08,TRADE
NSW1,2012/1/13 14:30,9370.32,24.74,TRADE
NSW1,2012/1/13 15:00,9447.43,25.15,TRADE
NSW1,2012/1/13 15:30,9430.79,24.48,TRADE
NSW1,2012/1/13 16:00,9490.09,26.15,TRADE
NSW1,2012/1/13 16:30,9453.17,25.18,TRADE
NSW1,2012/1/13 17:00,9284.63,24.23,TRADE
NSW1,2012/1/13 17:30,9008.64,23.7,TRADE
NSW1,2012/1/13 18:00,8832.73,22.73,TRADE
NSW1,2012/1/13 18:30,8661.34,22.14,TRADE
NSW1,2012/1/13 19:00,8534.59,21.61,TRADE
NSW1,2012/1/13 19:30,8587.93,22.35,TRADE
NSW1,2012/1/13 20:00,8672.19,23.69,TRADE
NSW1,2012/1/13 20:30,8564.91,22.06,TRADE
NSW1,2012/1/13 21:00,8376.18,19.54,TRADE
NSW1,2012/1/13 21:30,8390.3,19.88,TRADE
NSW1,2012/1/13 22:00,8308.79,18.53,TRADE
NSW1,2012/1/13 22:30,8274.41,21.98,TRADE
NSW1,2012/1/13 23:00,8109.46,21.95,TRADE
NSW1,2012/1/13 23:30,7877.56,21.42,TRADE
NSW1,2012/1/14 0:00,7644.68,21,TRADE
NSW1,2012/1/14 0:30,7479.25,19.82,TRADE
NSW1,2012/1/14 1:00,7197.4,17.34,TRADE
NSW1,2012/1/14 1:30,6860.73,16.99,TRADE
NSW1,2012/1/14 2:00,6651.38,16.14,TRADE
NSW1,2012/1/14 2:30,6491.21,13.1,TRADE
NSW1,2012/1/14 3:00,6385,14.26,TRADE
NSW1,2012/1/14 3:30,6307.3,13.49,TRADE
NSW1,2012/1/14 4:00,6333.07,13.77,TRADE
NSW1,2012/1/14 4:30,6394.28,13.61,TRADE
NSW1,2012/1/14 5:00,6454.11,16.75,TRADE
NSW1,2012/1/14 5:30,6599.41,16.59,TRADE
NSW1,2012/1/14 6:00,6690.26,17.81,TRADE
NSW1,2012/1/14 6:30,6979.26,18.27,TRADE
NSW1,2012/1/14 7:00,7344.36,19.38,TRADE
NSW1,2012/1/14 7:30,7680.34,18.63,TRADE
NSW1,2012/1/14 8:00,8012.6,21.52,TRADE
NSW1,2012/1/14 8:30,8353.45,24.05,TRADE
NSW1,2012/1/14 9:00,8413.49,23.05,TRADE
NSW1,2012/1/14 9:30,8539.42,23.03,TRADE
NSW1,2012/1/14 10:00,8442.86,21.11,TRADE
NSW1,2012/1/14 10:30,8497.32,21.55,TRADE
NSW1,2012/1/14 11:00,8459.52,21.23,TRADE
NSW1,2012/1/14 11:30,8417.26,21.42,TRADE
NSW1,2012/1/14 12:00,8349.39,21.36,TRADE
NSW1,2012/1/14 12:30,8301.82,20.83,TRADE
NSW1,2012/1/14 13:00,8283.34,20.11,TRADE
NSW1,2012/1/14 13:30,8174.58,19.83,TRADE
NSW1,2012/1/14 14:00,8138.71,20.2,TRADE
NSW1,2012/1/14 14:30,8116.97,21.22,TRADE
NSW1,2012/1/14 15:00,8134.03,20.93,TRADE
NSW1,2012/1/14 15:30,8099.53,19.51,TRADE
NSW1,2012/1/14 16:00,8156.13,19.58,TRADE
NSW1,2012/1/14 16:30,8091.46,19.75,TRADE
NSW1,2012/1/14 17:00,8102.39,20.97,TRADE
NSW1,2012/1/14 17:30,8109.85,19.68,TRADE
NSW1,2012/1/14 18:00,8080.82,19.37,TRADE
NSW1,2012/1/14 18:30,7982.02,19.3,TRADE
NSW1,2012/1/14 19:00,7935.63,18.88,TRADE
NSW1,2012/1/14 19:30,7929.71,19.16,TRADE
NSW1,2012/1/14 20:00,7988.03,19.16,TRADE
NSW1,2012/1/14 20:30,7899.14,19.06,TRADE
NSW1,2012/1/14 21:00,7752.25,18.38,TRADE
NSW1,2012/1/14 21:30,7783.12,18.44,TRADE
NSW1,2012/1/14 22:00,7651.55,17.88,TRADE
NSW1,2012/1/14 22:30,7639.66,19.63,TRADE
NSW1,2012/1/14 23:00,7488.97,18.96,TRADE
NSW1,2012/1/14 23:30,7263.41,17.89,TRADE
NSW1,2012/1/15 0:00,7128.42,17.9,TRADE
NSW1,2012/1/15 0:30,7000.67,17.43,TRADE
NSW1,2012/1/15 1:00,6817.33,17.41,TRADE
NSW1,2012/1/15 1:30,6603.21,17.18,TRADE
NSW1,2012/1/15 2:00,6349.32,14.67,TRADE
NSW1,2012/1/15 2:30,6235.56,15.44,TRADE
NSW1,2012/1/15 3:00,6149.87,15.38,TRADE
NSW1,2012/1/15 3:30,6081.79,14.56,TRADE
NSW1,2012/1/15 4:00,6093.64,14.64,TRADE
NSW1,2012/1/15 4:30,6126.59,14.54,TRADE
NSW1,2012/1/15 5:00,6166.93,15,TRADE
NSW1,2012/1/15 5:30,6175.09,16.28,TRADE
NSW1,2012/1/15 6:00,6278.84,15.59,TRADE
NSW1,2012/1/15 6:30,6513.71,16.33,TRADE
NSW1,2012/1/15 7:00,6809.93,16.97,TRADE
NSW1,2012/1/15 7:30,7106.87,17.9,TRADE
NSW1,2012/1/15 8:00,7380.55,18.06,TRADE
NSW1,2012/1/15 8:30,7657.69,18.45,TRADE
NSW1,2012/1/15 9:00,7907.35,19.55,TRADE
NSW1,2012/1/15 9:30,8049,19.07,TRADE
NSW1,2012/1/15 10:00,8123.8,20.39,TRADE
NSW1,2012/1/15 10:30,8166.82,19.27,TRADE
NSW1,2012/1/15 11:00,8168.34,19.55,TRADE
NSW1,2012/1/15 11:30,8147.09,19.67,TRADE
NSW1,2012/1/15 12:00,8171.35,19.55,TRADE
NSW1,2012/1/15 12:30,8134.62,19.64,TRADE
NSW1,2012/1/15 13:00,8089.58,20.24,TRADE
NSW1,2012/1/15 13:30,8053.92,19.3,TRADE
NSW1,2012/1/15 14:00,8045.29,20.12,TRADE
NSW1,2012/1/15 14:30,8056.86,19.76,TRADE
NSW1,2012/1/15 15:00,8071.68,19.7,TRADE
NSW1,2012/1/15 15:30,8089.28,19.69,TRADE
NSW1,2012/1/15 16:00,8105.99,20.47,TRADE
NSW1,2012/1/15 16:30,8182.82,20.85,TRADE
NSW1,2012/1/15 17:00,8216.53,21,TRADE
NSW1,2012/1/15 17:30,8325.82,22.47,TRADE
NSW1,2012/1/15 18:00,8293.61,21.85,TRADE
NSW1,2012/1/15 18:30,8147.05,20.68,TRADE
NSW1,2012/1/15 19:00,8079.02,21.18,TRADE
NSW1,2012/1/15 19:30,8094.26,21.6,TRADE
NSW1,2012/1/15 20:00,8208.8,22.15,TRADE
NSW1,2012/1/15 20:30,8072.38,20.52,TRADE
NSW1,2012/1/15 21:00,7862.68,18.88,TRADE
NSW1,2012/1/15 21:30,7781.8,18.46,TRADE
NSW1,2012/1/15 22:00,7655.6,17.63,TRADE
NSW1,2012/1/15 22:30,7633.64,18.16,TRADE
NSW1,2012/1/15 23:00,7371.85,17.54,TRADE
NSW1,2012/1/15 23:30,7141.43,17.47,TRADE
NSW1,2012/1/16 0:00,7015.68,17.71,TRADE
NSW1,2012/1/16 0:30,6885.82,16.77,TRADE
NSW1,2012/1/16 1:00,6786.77,17.65,TRADE
NSW1,2012/1/16 1:30,6579.97,18.51,TRADE
NSW1,2012/1/16 2:00,6408.22,16.68,TRADE
NSW1,2012/1/16 2:30,6349.56,18.5,TRADE
NSW1,2012/1/16 3:00,6338.18,17.31,TRADE
NSW1,2012/1/16 3:30,6330.41,16.98,TRADE
NSW1,2012/1/16 4:00,6335.17,17.26,TRADE
NSW1,2012/1/16 4:30,6546.32,17.23,TRADE
NSW1,2012/1/16 5:00,6829.41,18.03,TRADE
NSW1,2012/1/16 5:30,7295.48,22.83,TRADE
NSW1,2012/1/16 6:00,7757.86,26.5,TRADE
NSW1,2012/1/16 6:30,8159.16,24.84,TRADE
NSW1,2012/1/16 7:00,8608.56,25.31,TRADE
NSW1,2012/1/16 7:30,8899.33,23.86,TRADE
NSW1,2012/1/16 8:00,9155.6,25.17,TRADE
NSW1,2012/1/16 8:30,9404.23,26.88,TRADE
NSW1,2012/1/16 9:00,9491.33,26.14,TRADE
NSW1,2012/1/16 9:30,9639.65,24.99,TRADE
NSW1,2012/1/16 10:00,9576.59,25.15,TRADE
NSW1,2012/1/16 10:30,9728.55,25.43,TRADE
NSW1,2012/1/16 11:00,9732.95,25.7,TRADE
NSW1,2012/1/16 11:30,9690.67,25.49,TRADE
NSW1,2012/1/16 12:00,9672.3,25.33,TRADE
NSW1,2012/1/16 12:30,9634.51,25.79,TRADE
NSW1,2012/1/16 13:00,9624.79,26.37,TRADE
NSW1,2012/1/16 13:30,9622.78,26.83,TRADE
NSW1,2012/1/16 14:00,9610.46,26.31,TRADE
NSW1,2012/1/16 14:30,9599.33,26.37,TRADE
NSW1,2012/1/16 15:00,9605.63,28,TRADE
NSW1,2012/1/16 15:30,9650.75,27.98,TRADE
NSW1,2012/1/16 16:00,9667.2,28.3,TRADE
NSW1,2012/1/16 16:30,9623.32,27.01,TRADE
NSW1,2012/1/16 17:00,9595.7,26.42,TRADE
NSW1,2012/1/16 17:30,9309.61,26.07,TRADE
NSW1,2012/1/16 18:00,9290.95,26.43,TRADE
NSW1,2012/1/16 18:30,9033.32,25.72,TRADE
NSW1,2012/1/16 19:00,8927.23,26.45,TRADE
NSW1,2012/1/16 19:30,8916.38,26.35,TRADE
NSW1,2012/1/16 20:00,8955.52,25.91,TRADE
NSW1,2012/1/16 20:30,8827.2,25.6,TRADE
NSW1,2012/1/16 21:00,8569.74,24.9,TRADE
NSW1,2012/1/16 21:30,8568.52,24.89,TRADE
NSW1,2012/1/16 22:00,8339.07,22.71,TRADE
NSW1,2012/1/16 22:30,8322.18,24.76,TRADE
NSW1,2012/1/16 23:00,8092.8,24.18,TRADE
NSW1,2012/1/16 23:30,7913.38,23.57,TRADE
NSW1,2012/1/17 0:00,7760.07,21.78,TRADE
NSW1,2012/1/17 0:30,7591.09,23.45,TRADE
NSW1,2012/1/17 1:00,7411.46,20.75,TRADE
NSW1,2012/1/17 1:30,7055.09,16.52,TRADE
NSW1,2012/1/17 2:00,6845.74,15.26,TRADE
NSW1,2012/1/17 2:30,6629.42,13.17,TRADE
NSW1,2012/1/17 3:00,6532.7,12.1,TRADE
NSW1,2012/1/17 3:30,6497.77,13.06,TRADE
NSW1,2012/1/17 4:00,6525.7,12.18,TRADE
NSW1,2012/1/17 4:30,6766.96,15.24,TRADE
NSW1,2012/1/17 5:00,6964.6,17.59,TRADE
NSW1,2012/1/17 5:30,7458.89,20.46,TRADE
NSW1,2012/1/17 6:00,7831.46,22.6,TRADE
NSW1,2012/1/17 6:30,8249.25,25.31,TRADE
NSW1,2012/1/17 7:00,8655.16,26.43,TRADE
NSW1,2012/1/17 7:30,9052.08,25.35,TRADE
NSW1,2012/1/17 8:00,9288.42,26.22,TRADE
NSW1,2012/1/17 8:30,9566.68,26.96,TRADE
NSW1,2012/1/17 9:00,9656.1,27.12,TRADE
NSW1,2012/1/17 9:30,9765.75,26.46,TRADE
NSW1,2012/1/17 10:00,9798.57,26.92,TRADE
NSW1,2012/1/17 10:30,9830.3,27.11,TRADE
NSW1,2012/1/17 11:00,9827.68,27.06,TRADE
NSW1,2012/1/17 11:30,9887.82,26.65,TRADE
NSW1,2012/1/17 12:00,9899.21,27.41,TRADE
NSW1,2012/1/17 12:30,9918.47,26.9,TRADE
NSW1,2012/1/17 13:00,9946.02,29.13,TRADE
NSW1,2012/1/17 13:30,9947.5,29.95,TRADE
NSW1,2012/1/17 14:00,10023.58,30.9,TRADE
NSW1,2012/1/17 14:30,9972.15,28.83,TRADE
NSW1,2012/1/17 15:00,10097.02,34.94,TRADE
NSW1,2012/1/17 15:30,10144.54,31.33,TRADE
NSW1,2012/1/17 16:00,10142.03,31.31,TRADE
NSW1,2012/1/17 16:30,10050.5,31.31,TRADE
NSW1,2012/1/17 17:00,9849.54,30.54,TRADE
NSW1,2012/1/17 17:30,9655.9,30.2,TRADE
NSW1,2012/1/17 18:00,9497.9,27.99,TRADE
NSW1,2012/1/17 18:30,9302.9,26.59,TRADE
NSW1,2012/1/17 19:00,9142,26.91,TRADE
NSW1,2012/1/17 19:30,9048.56,26.52,TRADE
NSW1,2012/1/17 20:00,9219.82,27.43,TRADE
NSW1,2012/1/17 20:30,9033.24,27.6,TRADE
NSW1,2012/1/17 21:00,8852.91,25.68,TRADE
NSW1,2012/1/17 21:30,8827.04,25.65,TRADE
NSW1,2012/1/17 22:00,8645.01,24.81,TRADE
NSW1,2012/1/17 22:30,8505.77,28.61,TRADE
NSW1,2012/1/17 23:00,8326.23,27.02,TRADE
NSW1,2012/1/17 23:30,8052.46,26.3,TRADE
NSW1,2012/1/18 0:00,7913.28,24.44,TRADE
NSW1,2012/1/18 0:30,7705.26,24.52,TRADE
NSW1,2012/1/18 1:00,7471.67,25.06,TRADE
NSW1,2012/1/18 1:30,7130.32,24.39,TRADE
NSW1,2012/1/18 2:00,6899.69,20.85,TRADE
NSW1,2012/1/18 2:30,6689.68,15.68,TRADE
NSW1,2012/1/18 3:00,6662.38,17.2,TRADE
NSW1,2012/1/18 3:30,6644.71,17.61,TRADE
NSW1,2012/1/18 4:00,6689.29,17.91,TRADE
NSW1,2012/1/18 4:30,6898.16,18.15,TRADE
NSW1,2012/1/18 5:00,7131.66,22.38,TRADE
NSW1,2012/1/18 5:30,7583.16,26.62,TRADE
NSW1,2012/1/18 6:00,8015.27,25.32,TRADE
NSW1,2012/1/18 6:30,8406.96,28.77,TRADE
NSW1,2012/1/18 7:00,8888.47,29.25,TRADE
NSW1,2012/1/18 7:30,9259.82,26.94,TRADE
NSW1,2012/1/18 8:00,9498.57,29.58,TRADE
NSW1,2012/1/18 8:30,9732.21,31.15,TRADE
NSW1,2012/1/18 9:00,9964.24,32.33,TRADE
NSW1,2012/1/18 9:30,10093.34,32.72,TRADE
NSW1,2012/1/18 10:00,10158.78,31.87,TRADE
NSW1,2012/1/18 10:30,10142.5,30.42,TRADE
NSW1,2012/1/18 11:00,10200.95,31.21,TRADE
NSW1,2012/1/18 11:30,10244.89,30.85,TRADE
NSW1,2012/1/18 12:00,10312.26,30.76,TRADE
NSW1,2012/1/18 12:30,10384.81,30.98,TRADE
NSW1,2012/1/18 13:00,10455.21,31.08,TRADE
NSW1,2012/1/18 13:30,10552.97,38.19,TRADE
NSW1,2012/1/18 14:00,10663.76,34.83,TRADE
NSW1,2012/1/18 14:30,10737.17,31.29,TRADE
NSW1,2012/1/18 15:00,10841.59,44.35,TRADE
NSW1,2012/1/18 15:30,10871.35,31.88,TRADE
NSW1,2012/1/18 16:00,10936.74,30.98,TRADE
NSW1,2012/1/18 16:30,10885.65,31.84,TRADE
NSW1,2012/1/18 17:00,10802.13,31.81,TRADE
NSW1,2012/1/18 17:30,10503.59,27.62,TRADE
NSW1,2012/1/18 18:00,10272.21,28.18,TRADE
NSW1,2012/1/18 18:30,9965.98,26.74,TRADE
NSW1,2012/1/18 19:00,9882.16,26.99,TRADE
NSW1,2012/1/18 19:30,9826.07,27.02,TRADE
NSW1,2012/1/18 20:00,9868.67,27.31,TRADE
NSW1,2012/1/18 20:30,9660.94,26.68,TRADE
NSW1,2012/1/18 21:00,9299.43,24.64,TRADE
NSW1,2012/1/18 21:30,9243.08,25.33,TRADE
NSW1,2012/1/18 22:00,8982.44,23.63,TRADE
NSW1,2012/1/18 22:30,8676.14,26.79,TRADE
NSW1,2012/1/18 23:00,8504.22,25.96,TRADE
NSW1,2012/1/18 23:30,8200.54,25.83,TRADE
NSW1,2012/1/19 0:00,7968.22,24.82,TRADE
NSW1,2012/1/19 0:30,7760.41,24.07,TRADE
NSW1,2012/1/19 1:00,7525.42,21.46,TRADE
NSW1,2012/1/19 1:30,7139.45,16.36,TRADE
NSW1,2012/1/19 2:00,6837.86,14.22,TRADE
NSW1,2012/1/19 2:30,6665.06,15.35,TRADE
NSW1,2012/1/19 3:00,6590.04,15.91,TRADE
NSW1,2012/1/19 3:30,6546.87,14.58,TRADE
NSW1,2012/1/19 4:00,6649.12,19.06,TRADE
NSW1,2012/1/19 4:30,6849.26,16.36,TRADE
NSW1,2012/1/19 5:00,7030.77,18.26,TRADE
NSW1,2012/1/19 5:30,7449.8,23.27,TRADE
NSW1,2012/1/19 6:00,7861.82,25.13,TRADE
NSW1,2012/1/19 6:30,8353.46,29.17,TRADE
NSW1,2012/1/19 7:00,8792.04,28.23,TRADE
NSW1,2012/1/19 7:30,9142.73,25.81,TRADE
NSW1,2012/1/19 8:00,9471.51,26.44,TRADE
NSW1,2012/1/19 8:30,9670.58,26.5,TRADE
NSW1,2012/1/19 9:00,9883.65,27.05,TRADE
NSW1,2012/1/19 9:30,10016.74,27.02,TRADE
NSW1,2012/1/19 10:00,10142.89,27.66,TRADE
NSW1,2012/1/19 10:30,10179.47,27.14,TRADE
NSW1,2012/1/19 11:00,10263.33,27.84,TRADE
NSW1,2012/1/19 11:30,10317.86,27.09,TRADE
NSW1,2012/1/19 12:00,10265.86,27.05,TRADE
NSW1,2012/1/19 12:30,10414.48,27.21,TRADE
NSW1,2012/1/19 13:00,10532.44,31.19,TRADE
NSW1,2012/1/19 13:30,10601.72,31.41,TRADE
NSW1,2012/1/19 14:00,10631.18,31.39,TRADE
NSW1,2012/1/19 14:30,10623.72,35.23,TRADE
NSW1,2012/1/19 15:00,10634.25,31.1,TRADE
NSW1,2012/1/19 15:30,10668.94,30.93,TRADE
NSW1,2012/1/19 16:00,10626.28,30.49,TRADE
NSW1,2012/1/19 16:30,10498.69,31.35,TRADE
NSW1,2012/1/19 17:00,10414.37,28.41,TRADE
NSW1,2012/1/19 17:30,10146.72,27.91,TRADE
NSW1,2012/1/19 18:00,9999.04,27.89,TRADE
NSW1,2012/1/19 18:30,9760.52,26.77,TRADE
NSW1,2012/1/19 19:00,9541.34,27.24,TRADE
NSW1,2012/1/19 19:30,9527.18,26.87,TRADE
NSW1,2012/1/19 20:00,9580.32,27.78,TRADE
NSW1,2012/1/19 20:30,9309.88,26.67,TRADE
NSW1,2012/1/19 21:00,9007.47,26,TRADE
NSW1,2012/1/19 21:30,8960.18,25.39,TRADE
NSW1,2012/1/19 22:00,8725.65,23.08,TRADE
NSW1,2012/1/19 22:30,8573.87,28.38,TRADE
NSW1,2012/1/19 23:00,8345.72,25.74,TRADE
NSW1,2012/1/19 23:30,8029.54,25.84,TRADE
NSW1,2012/1/20 0:00,7807.78,24.76,TRADE
NSW1,2012/1/20 0:30,7642.39,24.07,TRADE
NSW1,2012/1/20 1:00,7413.63,20.05,TRADE
NSW1,2012/1/20 1:30,7106.83,18.08,TRADE
NSW1,2012/1/20 2:00,6881.38,17.03,TRADE
NSW1,2012/1/20 2:30,6721.2,14.68,TRADE
NSW1,2012/1/20 3:00,6667.65,14.26,TRADE
NSW1,2012/1/20 3:30,6661.31,14.21,TRADE
NSW1,2012/1/20 4:00,6699.2,16.89,TRADE
NSW1,2012/1/20 4:30,6879.9,17.98,TRADE
NSW1,2012/1/20 5:00,7201.29,19.97,TRADE
NSW1,2012/1/20 5:30,7588.71,25.66,TRADE
NSW1,2012/1/20 6:00,7979.47,25.94,TRADE
NSW1,2012/1/20 6:30,8431.08,29.39,TRADE
NSW1,2012/1/20 7:00,8938.2,31.18,TRADE
NSW1,2012/1/20 7:30,9375.71,26.55,TRADE
NSW1,2012/1/20 8:00,9665.33,28.08,TRADE
NSW1,2012/1/20 8:30,9926.9,30.66,TRADE
NSW1,2012/1/20 9:00,10032.66,29.96,TRADE
NSW1,2012/1/20 9:30,10144.43,31.18,TRADE
NSW1,2012/1/20 10:00,10175.7,30.49,TRADE
NSW1,2012/1/20 10:30,10090,28.64,TRADE
NSW1,2012/1/20 11:00,10103.91,28.62,TRADE
NSW1,2012/1/20 11:30,10233.81,28.88,TRADE
NSW1,2012/1/20 12:00,10190.32,27.89,TRADE
NSW1,2012/1/20 12:30,10257.23,28.41,TRADE
NSW1,2012/1/20 13:00,10299.9,28.43,TRADE
NSW1,2012/1/20 13:30,10356.6,31.21,TRADE
NSW1,2012/1/20 14:00,10412.82,31.56,TRADE
NSW1,2012/1/20 14:30,10502.71,31.4,TRADE
NSW1,2012/1/20 15:00,10542.15,30.9,TRADE
NSW1,2012/1/20 15:30,10504.3,31.26,TRADE
NSW1,2012/1/20 16:00,10511.24,31.26,TRADE
NSW1,2012/1/20 16:30,10390.38,31.18,TRADE
NSW1,2012/1/20 17:00,10143.76,29.36,TRADE
NSW1,2012/1/20 17:30,9708.56,26.49,TRADE
NSW1,2012/1/20 18:00,9477.59,27.47,TRADE
NSW1,2012/1/20 18:30,9168.28,26.58,TRADE
NSW1,2012/1/20 19:00,9146.14,26.48,TRADE
NSW1,2012/1/20 19:30,9176.1,26.48,TRADE
NSW1,2012/1/20 20:00,9203.24,26.58,TRADE
NSW1,2012/1/20 20:30,9046.17,26.49,TRADE
NSW1,2012/1/20 21:00,8782.75,25.78,TRADE
NSW1,2012/1/20 21:30,8802.02,25.6,TRADE
NSW1,2012/1/20 22:00,8590.51,23.67,TRADE
NSW1,2012/1/20 22:30,8491.25,28.22,TRADE
NSW1,2012/1/20 23:00,8360.99,25.59,TRADE
NSW1,2012/1/20 23:30,8038.42,24.55,TRADE
NSW1,2012/1/21 0:00,7824.67,25.29,TRADE
NSW1,2012/1/21 0:30,7601.11,24.74,TRADE
NSW1,2012/1/21 1:00,7357.05,24.15,TRADE
NSW1,2012/1/21 1:30,7060.63,22.86,TRADE
NSW1,2012/1/21 2:00,6804.64,18.1,TRADE
NSW1,2012/1/21 2:30,6582.69,17.95,TRADE
NSW1,2012/1/21 3:00,6505.12,16.83,TRADE
NSW1,2012/1/21 3:30,6522.91,17.97,TRADE
NSW1,2012/1/21 4:00,6540.66,17.97,TRADE
NSW1,2012/1/21 4:30,6582.52,18.01,TRADE
NSW1,2012/1/21 5:00,6729.62,18.04,TRADE
NSW1,2012/1/21 5:30,6801.65,17.98,TRADE
NSW1,2012/1/21 6:00,6945.86,18.34,TRADE
NSW1,2012/1/21 6:30,7230.23,22.4,TRADE
NSW1,2012/1/21 7:00,7641.22,24.15,TRADE
NSW1,2012/1/21 7:30,8086.23,23.86,TRADE
NSW1,2012/1/21 8:00,8355.46,24.57,TRADE
NSW1,2012/1/21 8:30,8750.67,26.39,TRADE
NSW1,2012/1/21 9:00,8862.52,27.31,TRADE
NSW1,2012/1/21 9:30,8921.79,26.13,TRADE
NSW1,2012/1/21 10:00,8857.82,26.56,TRADE
NSW1,2012/1/21 10:30,8837.48,26.3,TRADE
NSW1,2012/1/21 11:00,8869.04,26.71,TRADE
NSW1,2012/1/21 11:30,8827.1,26.5,TRADE
NSW1,2012/1/21 12:00,8804.58,26.33,TRADE
NSW1,2012/1/21 12:30,8754.09,27.34,TRADE
NSW1,2012/1/21 13:00,8671.46,26.73,TRADE
NSW1,2012/1/21 13:30,8624.59,28.22,TRADE
NSW1,2012/1/21 14:00,8623.09,29.39,TRADE
NSW1,2012/1/21 14:30,8600.39,28.64,TRADE
NSW1,2012/1/21 15:00,8520.91,27.13,TRADE
NSW1,2012/1/21 15:30,8559.4,28.3,TRADE
NSW1,2012/1/21 16:00,8520.2,27.36,TRADE
NSW1,2012/1/21 16:30,8374.09,25.35,TRADE
NSW1,2012/1/21 17:00,8430.72,27.63,TRADE
NSW1,2012/1/21 17:30,8476.27,26.39,TRADE
NSW1,2012/1/21 18:00,8395.08,26.82,TRADE
NSW1,2012/1/21 18:30,8302.41,26.56,TRADE
NSW1,2012/1/21 19:00,8194.63,25.72,TRADE
NSW1,2012/1/21 19:30,8193.78,25.47,TRADE
NSW1,2012/1/21 20:00,8293.34,26.09,TRADE
NSW1,2012/1/21 20:30,8226.65,27.93,TRADE
NSW1,2012/1/21 21:00,8073.23,25.34,TRADE
NSW1,2012/1/21 21:30,8064.17,25.99,TRADE
NSW1,2012/1/21 22:00,7951.46,24.97,TRADE
NSW1,2012/1/21 22:30,7910.9,25.4,TRADE
NSW1,2012/1/21 23:00,7679.87,24.05,TRADE
NSW1,2012/1/21 23:30,7412.81,24.36,TRADE
NSW1,2012/1/22 0:00,7247.63,24.22,TRADE
NSW1,2012/1/22 0:30,7030.8,22.41,TRADE
NSW1,2012/1/22 1:00,6810.53,17.77,TRADE
NSW1,2012/1/22 1:30,6569.28,17.76,TRADE
NSW1,2012/1/22 2:00,6357.19,17.64,TRADE
NSW1,2012/1/22 2:30,6210.12,17.81,TRADE
NSW1,2012/1/22 3:00,6149.87,14.75,TRADE
NSW1,2012/1/22 3:30,6139.32,14.12,TRADE
NSW1,2012/1/22 4:00,6070.19,13.33,TRADE
NSW1,2012/1/22 4:30,6130.65,17.74,TRADE
NSW1,2012/1/22 5:00,6092.13,14.82,TRADE
NSW1,2012/1/22 5:30,6117.69,13.27,TRADE
NSW1,2012/1/22 6:00,6233.8,16.38,TRADE
NSW1,2012/1/22 6:30,6500.68,17.98,TRADE
NSW1,2012/1/22 7:00,6794.15,20.36,TRADE
NSW1,2012/1/22 7:30,7165.16,19.68,TRADE
NSW1,2012/1/22 8:00,7461.03,21.49,TRADE
NSW1,2012/1/22 8:30,7776.38,23.93,TRADE
NSW1,2012/1/22 9:00,7928.16,24.62,TRADE
NSW1,2012/1/22 9:30,8095.47,26.17,TRADE
NSW1,2012/1/22 10:00,8140.37,27.78,TRADE
NSW1,2012/1/22 10:30,8190.86,27.05,TRADE
NSW1,2012/1/22 11:00,8177.77,27.53,TRADE
NSW1,2012/1/22 11:30,8188.89,26.7,TRADE
NSW1,2012/1/22 12:00,8143.96,28.13,TRADE
NSW1,2012/1/22 12:30,8081.5,26.71,TRADE
NSW1,2012/1/22 13:00,8084.18,29.13,TRADE
NSW1,2012/1/22 13:30,8061.46,30.17,TRADE
NSW1,2012/1/22 14:00,8078.32,29.8,TRADE
NSW1,2012/1/22 14:30,8170,28.12,TRADE
NSW1,2012/1/22 15:00,8152.04,27.04,TRADE
NSW1,2012/1/22 15:30,8202.05,27.13,TRADE
NSW1,2012/1/22 16:00,8222.63,27.29,TRADE
NSW1,2012/1/22 16:30,8190.49,28.38,TRADE
NSW1,2012/1/22 17:00,8264.7,29,TRADE
NSW1,2012/1/22 17:30,8352.77,29.92,TRADE
NSW1,2012/1/22 18:00,8358.88,31.9,TRADE
NSW1,2012/1/22 18:30,8294.67,29.49,TRADE
NSW1,2012/1/22 19:00,8217.63,27.84,TRADE
NSW1,2012/1/22 19:30,8284.13,30.4,TRADE
NSW1,2012/1/22 20:00,8390.93,30.64,TRADE
NSW1,2012/1/22 20:30,8274.19,30.72,TRADE
NSW1,2012/1/22 21:00,8095,27.6,TRADE
NSW1,2012/1/22 21:30,7936.7,26.31,TRADE
NSW1,2012/1/22 22:00,7822.45,26.56,TRADE
NSW1,2012/1/22 22:30,7682.25,25.69,TRADE
NSW1,2012/1/22 23:00,7440.45,24.3,TRADE
NSW1,2012/1/22 23:30,7206.58,24.61,TRADE
NSW1,2012/1/23 0:00,7048,24.74,TRADE
NSW1,2012/1/23 0:30,6954.41,24.44,TRADE
NSW1,2012/1/23 1:00,6835.46,23.33,TRADE
NSW1,2012/1/23 1:30,6615.27,22.66,TRADE
NSW1,2012/1/23 2:00,6412.76,17.63,TRADE
NSW1,2012/1/23 2:30,6292.58,17.87,TRADE
NSW1,2012/1/23 3:00,6306.73,17.91,TRADE
NSW1,2012/1/23 3:30,6255.78,17.81,TRADE
NSW1,2012/1/23 4:00,6284.41,17.95,TRADE
NSW1,2012/1/23 4:30,6506.56,17.98,TRADE
NSW1,2012/1/23 5:00,6771.86,18.13,TRADE
NSW1,2012/1/23 5:30,7254.94,24.41,TRADE
NSW1,2012/1/23 6:00,7687.61,25.37,TRADE
NSW1,2012/1/23 6:30,8121.18,29.44,TRADE
NSW1,2012/1/23 7:00,8574.3,31.36,TRADE
NSW1,2012/1/23 7:30,8940.75,27.81,TRADE
NSW1,2012/1/23 8:00,9210.12,30.23,TRADE
NSW1,2012/1/23 8:30,9546.23,33.1,TRADE
NSW1,2012/1/23 9:00,9673.48,33.29,TRADE
NSW1,2012/1/23 9:30,9675.52,33.92,TRADE
NSW1,2012/1/23 10:00,9695.5,34.81,TRADE
NSW1,2012/1/23 10:30,9721.65,36.42,TRADE
NSW1,2012/1/23 11:00,9733.95,41.45,TRADE
NSW1,2012/1/23 11:30,9778.67,37.98,TRADE
NSW1,2012/1/23 12:00,9733.66,31.97,TRADE
NSW1,2012/1/23 12:30,9702.95,31.23,TRADE
NSW1,2012/1/23 13:00,9711.96,31.22,TRADE
NSW1,2012/1/23 13:30,9679.92,31.75,TRADE
NSW1,2012/1/23 14:00,9665.78,32.6,TRADE
NSW1,2012/1/23 14:30,9658,34.83,TRADE
NSW1,2012/1/23 15:00,9644.37,30.54,TRADE
NSW1,2012/1/23 15:30,9583.94,31.24,TRADE
NSW1,2012/1/23 16:00,9589.87,31.52,TRADE
NSW1,2012/1/23 16:30,9533.7,31.46,TRADE
NSW1,2012/1/23 17:00,9447.99,30.89,TRADE
NSW1,2012/1/23 17:30,9207.78,27.97,TRADE
NSW1,2012/1/23 18:00,9151.86,30.29,TRADE
NSW1,2012/1/23 18:30,8858.94,26.96,TRADE
NSW1,2012/1/23 19:00,8736.44,27.41,TRADE
NSW1,2012/1/23 19:30,8777.35,26.83,TRADE
NSW1,2012/1/23 20:00,8866.5,26.84,TRADE
NSW1,2012/1/23 20:30,8769.91,27.92,TRADE
NSW1,2012/1/23 21:00,8498.01,26.02,TRADE
NSW1,2012/1/23 21:30,8559.81,26.19,TRADE
NSW1,2012/1/23 22:00,8380.89,25.88,TRADE
NSW1,2012/1/23 22:30,8323.83,28.31,TRADE
NSW1,2012/1/23 23:00,8138.27,29.36,TRADE
NSW1,2012/1/23 23:30,7933.5,30.3,TRADE
NSW1,2012/1/24 0:00,7821.52,28.08,TRADE
NSW1,2012/1/24 0:30,7522.9,26.26,TRADE
NSW1,2012/1/24 1:00,7297.32,25.08,TRADE
NSW1,2012/1/24 1:30,6968.64,23.58,TRADE
NSW1,2012/1/24 2:00,6698.2,23.76,TRADE
NSW1,2012/1/24 2:30,6499.67,21.45,TRADE
NSW1,2012/1/24 3:00,6468.61,20,TRADE
NSW1,2012/1/24 3:30,6479.94,22.61,TRADE
NSW1,2012/1/24 4:00,6542.2,22.14,TRADE
NSW1,2012/1/24 4:30,6753.99,24.1,TRADE
NSW1,2012/1/24 5:00,7014.39,25.78,TRADE
NSW1,2012/1/24 5:30,7435.36,29.67,TRADE
NSW1,2012/1/24 6:00,7836.22,27.4,TRADE
NSW1,2012/1/24 6:30,8270.11,29.79,TRADE
NSW1,2012/1/24 7:00,8671.25,30.53,TRADE
NSW1,2012/1/24 7:30,9024.1,27.26,TRADE
NSW1,2012/1/24 8:00,9272.49,28.7,TRADE
NSW1,2012/1/24 8:30,9536.08,31.64,TRADE
NSW1,2012/1/24 9:00,9683.03,32.49,TRADE
NSW1,2012/1/24 9:30,9812.63,31.22,TRADE
NSW1,2012/1/24 10:00,9866.48,30.85,TRADE
NSW1,2012/1/24 10:30,9848.05,31.18,TRADE
NSW1,2012/1/24 11:00,9876.67,31.18,TRADE
NSW1,2012/1/24 11:30,9895.26,31.18,TRADE
NSW1,2012/1/24 12:00,9797.56,30.19,TRADE
NSW1,2012/1/24 12:30,9850.34,31.23,TRADE
NSW1,2012/1/24 13:00,9824.64,32.64,TRADE
NSW1,2012/1/24 13:30,9822.47,31.49,TRADE
NSW1,2012/1/24 14:00,9790.98,31.32,TRADE
NSW1,2012/1/24 14:30,9768.01,31.04,TRADE
NSW1,2012/1/24 15:00,9719.59,31.18,TRADE
NSW1,2012/1/24 15:30,9700.2,28.6,TRADE
NSW1,2012/1/24 16:00,9730.08,29.86,TRADE
NSW1,2012/1/24 16:30,9675.7,32.11,TRADE
NSW1,2012/1/24 17:00,9583.8,31.32,TRADE
NSW1,2012/1/24 17:30,9302.34,28.14,TRADE
NSW1,2012/1/24 18:00,9238.33,29.45,TRADE
NSW1,2012/1/24 18:30,9043.01,28.04,TRADE
NSW1,2012/1/24 19:00,8931.24,28.76,TRADE
NSW1,2012/1/24 19:30,9072.37,29.13,TRADE
NSW1,2012/1/24 20:00,9046.39,26.52,TRADE
NSW1,2012/1/24 20:30,8924.42,26.86,TRADE
NSW1,2012/1/24 21:00,8672.01,26.21,TRADE
NSW1,2012/1/24 21:30,8610.73,25.62,TRADE
NSW1,2012/1/24 22:00,8423.72,24.19,TRADE
NSW1,2012/1/24 22:30,8397.86,29.23,TRADE
NSW1,2012/1/24 23:00,8205.45,26.94,TRADE
NSW1,2012/1/24 23:30,7984.91,25.29,TRADE
NSW1,2012/1/25 0:00,7790.21,23.97,TRADE
NSW1,2012/1/25 0:30,7576.45,23.1,TRADE
NSW1,2012/1/25 1:00,7283.08,21.67,TRADE
NSW1,2012/1/25 1:30,7042.85,21.82,TRADE
NSW1,2012/1/25 2:00,6770.26,15.97,TRADE
NSW1,2012/1/25 2:30,6595.6,15.74,TRADE
NSW1,2012/1/25 3:00,6561.48,16.63,TRADE
NSW1,2012/1/25 3:30,6565.86,17.83,TRADE
NSW1,2012/1/25 4:00,6615.58,17.6,TRADE
NSW1,2012/1/25 4:30,6832.39,18.2,TRADE
NSW1,2012/1/25 5:00,7087.59,22.49,TRADE
NSW1,2012/1/25 5:30,7613.74,30.98,TRADE
NSW1,2012/1/25 6:00,8048.97,26.85,TRADE
NSW1,2012/1/25 6:30,8482.66,30.31,TRADE
NSW1,2012/1/25 7:00,8994.5,31.32,TRADE
NSW1,2012/1/25 7:30,9303.43,26.32,TRADE
NSW1,2012/1/25 8:00,9567,28.18,TRADE
NSW1,2012/1/25 8:30,9868.26,30.14,TRADE
NSW1,2012/1/25 9:00,10008.63,31.18,TRADE
NSW1,2012/1/25 9:30,10105.99,30.66,TRADE
NSW1,2012/1/25 10:00,10026.1,31.14,TRADE
NSW1,2012/1/25 10:30,10024.42,30.96,TRADE
NSW1,2012/1/25 11:00,10108.12,31.52,TRADE
NSW1,2012/1/25 11:30,10161.24,31.24,TRADE
NSW1,2012/1/25 12:00,10098.25,31.12,TRADE
NSW1,2012/1/25 12:30,10091.1,31.18,TRADE
NSW1,2012/1/25 13:00,10006.2,31.18,TRADE
NSW1,2012/1/25 13:30,9965.02,30.72,TRADE
NSW1,2012/1/25 14:00,9916.96,27.2,TRADE
NSW1,2012/1/25 14:30,9892.45,26.65,TRADE
NSW1,2012/1/25 15:00,9826.34,27.02,TRADE
NSW1,2012/1/25 15:30,9772.34,28.79,TRADE
NSW1,2012/1/25 16:00,9744.38,28.44,TRADE
NSW1,2012/1/25 16:30,9667.39,27.01,TRADE
NSW1,2012/1/25 17:00,9582.8,27.4,TRADE
NSW1,2012/1/25 17:30,9322.58,25.36,TRADE
NSW1,2012/1/25 18:00,9215.72,26.4,TRADE
NSW1,2012/1/25 18:30,9033.42,25.26,TRADE
NSW1,2012/1/25 19:00,8928.96,26.22,TRADE
NSW1,2012/1/25 19:30,8954.49,26.06,TRADE
NSW1,2012/1/25 20:00,8901,25.58,TRADE
NSW1,2012/1/25 20:30,8703.76,25.91,TRADE
NSW1,2012/1/25 21:00,8466.12,24.16,TRADE
NSW1,2012/1/25 21:30,8510.91,23.92,TRADE
NSW1,2012/1/25 22:00,8347.66,23.66,TRADE
NSW1,2012/1/25 22:30,8314.86,25.85,TRADE
NSW1,2012/1/25 23:00,8166.55,24.95,TRADE
NSW1,2012/1/25 23:30,7936.12,24.93,TRADE
NSW1,2012/1/26 0:00,7780,26.33,TRADE
NSW1,2012/1/26 0:30,7509.8,23.73,TRADE
NSW1,2012/1/26 1:00,7302.48,20.32,TRADE
NSW1,2012/1/26 1:30,6963.01,19.24,TRADE
NSW1,2012/1/26 2:00,6707.47,14.29,TRADE
NSW1,2012/1/26 2:30,6475.6,14,TRADE
NSW1,2012/1/26 3:00,6383.5,13.74,TRADE
NSW1,2012/1/26 3:30,6371.46,12.79,TRADE
NSW1,2012/1/26 4:00,6351.13,11.58,TRADE
NSW1,2012/1/26 4:30,6366.11,12.06,TRADE
NSW1,2012/1/26 5:00,6403.31,13.61,TRADE
NSW1,2012/1/26 5:30,6562.64,13.87,TRADE
NSW1,2012/1/26 6:00,6632.61,14.24,TRADE
NSW1,2012/1/26 6:30,6839.15,18,TRADE
NSW1,2012/1/26 7:00,7168.42,20.89,TRADE
NSW1,2012/1/26 7:30,7486.05,21.42,TRADE
NSW1,2012/1/26 8:00,7783.23,23.52,TRADE
NSW1,2012/1/26 8:30,8112.76,24.09,TRADE
NSW1,2012/1/26 9:00,8156.39,24.27,TRADE
NSW1,2012/1/26 9:30,8240.7,25.33,TRADE
NSW1,2012/1/26 10:00,8368.82,26.61,TRADE
NSW1,2012/1/26 10:30,8482.84,26.67,TRADE
NSW1,2012/1/26 11:00,8706.72,26.91,TRADE
NSW1,2012/1/26 11:30,8722.07,26.39,TRADE
NSW1,2012/1/26 12:00,8716.45,26.78,TRADE
NSW1,2012/1/26 12:30,8646.78,26.7,TRADE
NSW1,2012/1/26 13:00,8578.99,26.49,TRADE
NSW1,2012/1/26 13:30,8529.22,26.37,TRADE
NSW1,2012/1/26 14:00,8551.31,26.71,TRADE
NSW1,2012/1/26 14:30,8561.62,26.94,TRADE
NSW1,2012/1/26 15:00,8565.56,26.78,TRADE
NSW1,2012/1/26 15:30,8567.39,27.06,TRADE
NSW1,2012/1/26 16:00,8553.94,26.86,TRADE
NSW1,2012/1/26 16:30,8563.7,27.03,TRADE
NSW1,2012/1/26 17:00,8610.69,26.96,TRADE
NSW1,2012/1/26 17:30,8519.34,26.58,TRADE
NSW1,2012/1/26 18:00,8508.92,27.07,TRADE
NSW1,2012/1/26 18:30,8368.06,26.3,TRADE
NSW1,2012/1/26 19:00,8302.59,26.19,TRADE
NSW1,2012/1/26 19:30,8323.44,26.42,TRADE
NSW1,2012/1/26 20:00,8412.63,26.3,TRADE
NSW1,2012/1/26 20:30,8268.97,26.44,TRADE
NSW1,2012/1/26 21:00,8104.74,24.58,TRADE
NSW1,2012/1/26 21:30,8093.1,25.67,TRADE
NSW1,2012/1/26 22:00,8033.67,24.42,TRADE
NSW1,2012/1/26 22:30,8003.69,26.34,TRADE
NSW1,2012/1/26 23:00,7841.25,23.61,TRADE
NSW1,2012/1/26 23:30,7632.68,24.08,TRADE
NSW1,2012/1/27 0:00,7459.47,23.78,TRADE
NSW1,2012/1/27 0:30,7251.27,24.29,TRADE
NSW1,2012/1/27 1:00,7067.3,21.27,TRADE
NSW1,2012/1/27 1:30,6788.02,17.81,TRADE
NSW1,2012/1/27 2:00,6526.02,15.96,TRADE
NSW1,2012/1/27 2:30,6373.34,15.38,TRADE
NSW1,2012/1/27 3:00,6264.75,16.3,TRADE
NSW1,2012/1/27 3:30,6253.49,15.26,TRADE
NSW1,2012/1/27 4:00,6285.51,15.26,TRADE
NSW1,2012/1/27 4:30,6454.59,14.76,TRADE
NSW1,2012/1/27 5:00,6673.48,17.91,TRADE
NSW1,2012/1/27 5:30,7061.42,20.09,TRADE
NSW1,2012/1/27 6:00,7516.46,23.88,TRADE
NSW1,2012/1/27 6:30,7877.25,24.74,TRADE
NSW1,2012/1/27 7:00,8327.91,26.79,TRADE
NSW1,2012/1/27 7:30,8747.09,24.22,TRADE
NSW1,2012/1/27 8:00,9044.82,28.25,TRADE
NSW1,2012/1/27 8:30,9234.7,30.27,TRADE
NSW1,2012/1/27 9:00,9431.6,28.43,TRADE
NSW1,2012/1/27 9:30,9572.17,29.77,TRADE
NSW1,2012/1/27 10:00,9557.01,27.33,TRADE
NSW1,2012/1/27 10:30,9535.73,27.34,TRADE
NSW1,2012/1/27 11:00,9672.26,30.62,TRADE
NSW1,2012/1/27 11:30,9700.83,29.3,TRADE
NSW1,2012/1/27 12:00,9650.26,27.28,TRADE
NSW1,2012/1/27 12:30,9663.13,29.81,TRADE
NSW1,2012/1/27 13:00,9642.21,28.02,TRADE
NSW1,2012/1/27 13:30,9488.26,29.87,TRADE
NSW1,2012/1/27 14:00,9460.81,30.61,TRADE
NSW1,2012/1/27 14:30,9572.37,31.01,TRADE
NSW1,2012/1/27 15:00,9561.15,30.91,TRADE
NSW1,2012/1/27 15:30,9524.29,32.5,TRADE
NSW1,2012/1/27 16:00,9557.03,30.48,TRADE
NSW1,2012/1/27 16:30,9487.64,29.09,TRADE
NSW1,2012/1/27 17:00,9357.51,27.36,TRADE
NSW1,2012/1/27 17:30,9130.72,28.01,TRADE
NSW1,2012/1/27 18:00,8994.85,27.91,TRADE
NSW1,2012/1/27 18:30,8734.8,26.65,TRADE
NSW1,2012/1/27 19:00,8727.7,27.66,TRADE
NSW1,2012/1/27 19:30,8725.5,27.05,TRADE
NSW1,2012/1/27 20:00,8753.97,27.4,TRADE
NSW1,2012/1/27 20:30,8501.98,26.18,TRADE
NSW1,2012/1/27 21:00,8307.56,25.48,TRADE
NSW1,2012/1/27 21:30,8394.49,28.71,TRADE
NSW1,2012/1/27 22:00,8317.73,26.06,TRADE
NSW1,2012/1/27 22:30,8350.96,29,TRADE
NSW1,2012/1/27 23:00,8244.01,28.22,TRADE
NSW1,2012/1/27 23:30,8046.36,27.46,TRADE
NSW1,2012/1/28 0:00,7842.89,25.79,TRADE
NSW1,2012/1/28 0:30,7563.11,24.64,TRADE
NSW1,2012/1/28 1:00,7357.92,24.41,TRADE
NSW1,2012/1/28 1:30,7010.56,24.16,TRADE
NSW1,2012/1/28 2:00,6742.14,21.46,TRADE
NSW1,2012/1/28 2:30,6572.17,17.82,TRADE
NSW1,2012/1/28 3:00,6399.92,17.43,TRADE
NSW1,2012/1/28 3:30,6393.9,17.5,TRADE
NSW1,2012/1/28 4:00,6354.91,18.04,TRADE
NSW1,2012/1/28 4:30,6476.29,18.11,TRADE
NSW1,2012/1/28 5:00,6537.86,18.45,TRADE
NSW1,2012/1/28 5:30,6636.55,21.62,TRADE
NSW1,2012/1/28 6:00,6812.93,23.94,TRADE
NSW1,2012/1/28 6:30,7089.46,24.53,TRADE
NSW1,2012/1/28 7:00,7463.69,26.94,TRADE
NSW1,2012/1/28 7:30,7794.87,24.98,TRADE
NSW1,2012/1/28 8:00,8234.91,29.12,TRADE
NSW1,2012/1/28 8:30,8601.22,30.81,TRADE
NSW1,2012/1/28 9:00,8730.56,31.73,TRADE
NSW1,2012/1/28 9:30,8837.95,32.94,TRADE
NSW1,2012/1/28 10:00,8957.42,32.08,TRADE
NSW1,2012/1/28 10:30,8948.59,30.92,TRADE
NSW1,2012/1/28 11:00,8928.38,31.8,TRADE
NSW1,2012/1/28 11:30,8824.75,30.97,TRADE
NSW1,2012/1/28 12:00,8843.36,33.49,TRADE
NSW1,2012/1/28 12:30,8760.77,30.42,TRADE
NSW1,2012/1/28 13:00,8803.36,34.45,TRADE
NSW1,2012/1/28 13:30,8795.02,33,TRADE
NSW1,2012/1/28 14:00,8817.48,36.44,TRADE
NSW1,2012/1/28 14:30,8810.58,36.39,TRADE
NSW1,2012/1/28 15:00,8812.61,33.73,TRADE
NSW1,2012/1/28 15:30,8870.12,32.6,TRADE
NSW1,2012/1/28 16:00,8857.15,35.43,TRADE
NSW1,2012/1/28 16:30,8774.11,34.39,TRADE
NSW1,2012/1/28 17:00,8802.93,33.94,TRADE
NSW1,2012/1/28 17:30,8732.89,31.66,TRADE
NSW1,2012/1/28 18:00,8665.26,30.56,TRADE
NSW1,2012/1/28 18:30,8542.63,29.46,TRADE
NSW1,2012/1/28 19:00,8470.36,27.09,TRADE
NSW1,2012/1/28 19:30,8512.51,27.07,TRADE
NSW1,2012/1/28 20:00,8614.57,27.12,TRADE
NSW1,2012/1/28 20:30,8453.6,27.01,TRADE
NSW1,2012/1/28 21:00,8336.17,26.91,TRADE
NSW1,2012/1/28 21:30,8318.02,27.37,TRADE
NSW1,2012/1/28 22:00,8177.96,25.33,TRADE
NSW1,2012/1/28 22:30,8097.49,28.72,TRADE
NSW1,2012/1/28 23:00,7868.95,25.88,TRADE
NSW1,2012/1/28 23:30,7598.35,25.38,TRADE
NSW1,2012/1/29 0:00,7417.5,24.98,TRADE
NSW1,2012/1/29 0:30,7197.25,24.67,TRADE
NSW1,2012/1/29 1:00,7013.74,24.13,TRADE
NSW1,2012/1/29 1:30,6785.98,23.22,TRADE
NSW1,2012/1/29 2:00,6572.08,20.12,TRADE
NSW1,2012/1/29 2:30,6424,19.51,TRADE
NSW1,2012/1/29 3:00,6369.48,22.85,TRADE
NSW1,2012/1/29 3:30,6315.42,19.49,TRADE
NSW1,2012/1/29 4:00,6327.87,21,TRADE
NSW1,2012/1/29 4:30,6367.71,17.88,TRADE
NSW1,2012/1/29 5:00,6372.31,17.98,TRADE
NSW1,2012/1/29 5:30,6442.51,20.28,TRADE
NSW1,2012/1/29 6:00,6498.4,18.73,TRADE
NSW1,2012/1/29 6:30,6719.16,20.36,TRADE
NSW1,2012/1/29 7:00,7025.05,23.95,TRADE
NSW1,2012/1/29 7:30,7363.41,24.07,TRADE
NSW1,2012/1/29 8:00,7695.88,24.52,TRADE
NSW1,2012/1/29 8:30,7957.33,27.01,TRADE
NSW1,2012/1/29 9:00,8188.29,29.6,TRADE
NSW1,2012/1/29 9:30,8499.29,31.18,TRADE
NSW1,2012/1/29 10:00,8495.62,31.34,TRADE
NSW1,2012/1/29 10:30,8479.25,31.05,TRADE
NSW1,2012/1/29 11:00,8566.99,34.3,TRADE
NSW1,2012/1/29 11:30,8666.94,41.72,TRADE
NSW1,2012/1/29 12:00,8684.39,33.25,TRADE
NSW1,2012/1/29 12:30,8628.54,39.61,TRADE
NSW1,2012/1/29 13:00,8681.54,34.47,TRADE
NSW1,2012/1/29 13:30,8642.58,42.04,TRADE
NSW1,2012/1/29 14:00,8704.24,50.73,TRADE
NSW1,2012/1/29 14:30,8714.37,38.64,TRADE
NSW1,2012/1/29 15:00,8767.64,39.01,TRADE
NSW1,2012/1/29 15:30,8801.9,34.74,TRADE
NSW1,2012/1/29 16:00,8843.46,32.02,TRADE
NSW1,2012/1/29 16:30,8865.82,31.67,TRADE
NSW1,2012/1/29 17:00,8912.16,31.24,TRADE
NSW1,2012/1/29 17:30,8946.78,31.72,TRADE
NSW1,2012/1/29 18:00,8886.6,37.59,TRADE
NSW1,2012/1/29 18:30,8768.41,37.98,TRADE
NSW1,2012/1/29 19:00,8790.82,38.42,TRADE
NSW1,2012/1/29 19:30,8876.54,40.17,TRADE
NSW1,2012/1/29 20:00,8963.04,36.22,TRADE
NSW1,2012/1/29 20:30,8791.63,32.25,TRADE
NSW1,2012/1/29 21:00,8576.08,30.37,TRADE
NSW1,2012/1/29 21:30,8456.02,30.99,TRADE
NSW1,2012/1/29 22:00,8263.9,27.81,TRADE
NSW1,2012/1/29 22:30,8158.31,29.7,TRADE
NSW1,2012/1/29 23:00,7919.62,26.14,TRADE
NSW1,2012/1/29 23:30,7686.81,26.54,TRADE
NSW1,2012/1/30 0:00,7457.94,26.08,TRADE
NSW1,2012/1/30 0:30,7327.28,26.67,TRADE
NSW1,2012/1/30 1:00,7161.37,25.03,TRADE
NSW1,2012/1/30 1:30,6921.26,25.49,TRADE
NSW1,2012/1/30 2:00,6702.36,24.21,TRADE
NSW1,2012/1/30 2:30,6605.12,23.69,TRADE
NSW1,2012/1/30 3:00,6537.37,21.72,TRADE
NSW1,2012/1/30 3:30,6520.95,19.15,TRADE
NSW1,2012/1/30 4:00,6569.15,19.69,TRADE
NSW1,2012/1/30 4:30,6871.69,24.55,TRADE
NSW1,2012/1/30 5:00,7145.16,24.83,TRADE
NSW1,2012/1/30 5:30,7696.02,35.95,TRADE
NSW1,2012/1/30 6:00,8194.95,28.75,TRADE
NSW1,2012/1/30 6:30,8709.17,34.52,TRADE
NSW1,2012/1/30 7:00,9186.91,35.01,TRADE
NSW1,2012/1/30 7:30,9554.98,33.24,TRADE
NSW1,2012/1/30 8:00,9821.62,33.51,TRADE
NSW1,2012/1/30 8:30,10082.53,43.29,TRADE
NSW1,2012/1/30 9:00,10267.64,45.85,TRADE
NSW1,2012/1/30 9:30,10433.66,46.07,TRADE
NSW1,2012/1/30 10:00,10549.91,47.6,TRADE
NSW1,2012/1/30 10:30,10614.4,49.04,TRADE
NSW1,2012/1/30 11:00,10680.61,50.72,TRADE
NSW1,2012/1/30 11:30,10732.57,51.63,TRADE
NSW1,2012/1/30 12:00,10827.95,48.03,TRADE
NSW1,2012/1/30 12:30,10958.66,42.92,TRADE
NSW1,2012/1/30 13:00,11121.37,45.81,TRADE
NSW1,2012/1/30 13:30,11289.38,50.23,TRADE
NSW1,2012/1/30 14:00,11320.19,42.7,TRADE
NSW1,2012/1/30 14:30,11413.55,41.29,TRADE
NSW1,2012/1/30 15:00,11503.58,41.6,TRADE
NSW1,2012/1/30 15:30,11668.33,43.61,TRADE
NSW1,2012/1/30 16:00,11848.82,81.51,TRADE
NSW1,2012/1/30 16:30,11885.53,50.21,TRADE
NSW1,2012/1/30 17:00,11728.21,38.78,TRADE
NSW1,2012/1/30 17:30,11356.83,34.45,TRADE
NSW1,2012/1/30 18:00,11197.45,36.9,TRADE
NSW1,2012/1/30 18:30,10906.15,29.67,TRADE
NSW1,2012/1/30 19:00,10736.13,28.21,TRADE
NSW1,2012/1/30 19:30,10736.89,38.8,TRADE
NSW1,2012/1/30 20:00,10737.75,32.84,TRADE
NSW1,2012/1/30 20:30,10401.82,28.61,TRADE
NSW1,2012/1/30 21:00,10054.22,26.51,TRADE
NSW1,2012/1/30 21:30,9880.25,28.22,TRADE
NSW1,2012/1/30 22:00,9348.42,24.7,TRADE
NSW1,2012/1/30 22:30,9097.99,29.35,TRADE
NSW1,2012/1/30 23:00,8789.83,27.28,TRADE
NSW1,2012/1/30 23:30,8496.77,26.75,TRADE
NSW1,2012/1/31 0:00,8210.59,25.66,TRADE
NSW1,2012/1/31 0:30,7955.64,24.61,TRADE
NSW1,2012/1/31 1:00,7680.83,24.21,TRADE
NSW1,2012/1/31 1:30,7317.92,23.86,TRADE
NSW1,2012/1/31 2:00,7117.19,23.14,TRADE
NSW1,2012/1/31 2:30,6970.36,17.87,TRADE
NSW1,2012/1/31 3:00,6900.65,17.86,TRADE
NSW1,2012/1/31 3:30,6813.22,17.97,TRADE
NSW1,2012/1/31 4:00,6955.43,18.07,TRADE
NSW1,2012/1/31 4:30,7177.1,20.5,TRADE
NSW1,2012/1/31 5:00,7519.5,24.34,TRADE
NSW1,2012/1/31 5:30,8043.42,29.27,TRADE
NSW1,2012/1/31 6:00,8620.08,27.6,TRADE
NSW1,2012/1/31 6:30,9124.3,35.64,TRADE
NSW1,2012/1/31 7:00,9681.36,36.91,TRADE
NSW1,2012/1/31 7:30,10021.13,31.12,TRADE
NSW1,2012/1/31 8:00,10196.93,32,TRADE
NSW1,2012/1/31 8:30,10379.49,32.85,TRADE
NSW1,2012/1/31 9:00,10562.78,44.51,TRADE
NSW1,2012/1/31 9:30,10584.45,43.04,TRADE
NSW1,2012/1/31 10:00,10539.18,43.32,TRADE
NSW1,2012/1/31 10:30,10562.33,39.02,TRADE
NSW1,2012/1/31 11:00,10665.14,39.23,TRADE
NSW1,2012/1/31 11:30,10620.38,33.09,TRADE
NSW1,2012/1/31 12:00,10575.93,32.36,TRADE
NSW1,2012/1/31 12:30,10647.64,36.06,TRADE
NSW1,2012/1/31 13:00,10602.66,39.19,TRADE
NSW1,2012/1/31 13:30,10543.68,39.93,TRADE
NSW1,2012/1/31 14:00,10459.96,37.9,TRADE
NSW1,2012/1/31 14:30,10373.15,31.11,TRADE
NSW1,2012/1/31 15:00,10275.5,30.21,TRADE
NSW1,2012/1/31 15:30,10182.02,30.49,TRADE
NSW1,2012/1/31 16:00,10062.91,26.72,TRADE
NSW1,2012/1/31 16:30,9956.22,29.04,TRADE
NSW1,2012/1/31 17:00,9785.6,27.75,TRADE
NSW1,2012/1/31 17:30,9469.65,26.1,TRADE
NSW1,2012/1/31 18:00,9330.02,27.5,TRADE
NSW1,2012/1/31 18:30,9112.65,27.96,TRADE
NSW1,2012/1/31 19:00,9029.41,26.97,TRADE
NSW1,2012/1/31 19:30,8958.46,27.05,TRADE
NSW1,2012/1/31 20:00,8859.75,26.46,TRADE
NSW1,2012/1/31 20:30,8610.94,25.7,TRADE
NSW1,2012/1/31 21:00,8289.72,24.29,TRADE
NSW1,2012/1/31 21:30,8243.45,24.18,TRADE
NSW1,2012/1/31 22:00,8103.13,23,TRADE
NSW1,2012/1/31 22:30,7981.91,24.91,TRADE
NSW1,2012/1/31 23:00,7875.25,24.26,TRADE
NSW1,2012/1/31 23:30,7683.21,24.16,TRADE
NSW1,2012/2/1 0:00,7504.74,25.1,TRADE
?NSW1,2012/1/1 0:30,6976.86,24.51,TRADE
NSW1,2012/1/1 1:00,6796.47,23.05,TRADE
NSW1,2012/1/1 1:30,6494.43,22.49,TRADE
NSW1,2012/1/1 2:00,6271.4,18.02,TRADE
NSW1,2012/1/1 2:30,6107.27,17.9,TRADE
NSW1,2012/1/1 3:00,5964.38,18.32,TRADE
NSW1,2012/1/1 3:30,5846.85,17.88,TRADE
NSW1,2012/1/1 4:00,5813.56,17.9,TRADE
NSW1,2012/1/1 4:30,5825.85,18.27,TRADE
NSW1,2012/1/1 5:00,5754.77,16.7,TRADE
NSW1,2012/1/1 5:30,5755.55,17.97,TRADE
NSW1,2012/1/1 6:00,5835.57,17.9,TRADE
NSW1,2012/1/1 6:30,5954.98,17.9,TRADE
NSW1,2012/1/1 7:00,6151.24,18.2,TRADE
NSW1,2012/1/1 7:30,6406.64,18.47,TRADE
NSW1,2012/1/1 8:00,6673.47,18.48,TRADE
NSW1,2012/1/1 8:30,6896.1,19.05,TRADE
NSW1,2012/1/1 9:00,7074.05,20.62,TRADE
NSW1,2012/1/1 9:30,7243.78,24.12,TRADE
NSW1,2012/1/1 10:00,7384.78,26.19,TRADE
NSW1,2012/1/1 10:30,7467.45,26.39,TRADE
NSW1,2012/1/1 11:00,7498.99,26.38,TRADE
NSW1,2012/1/1 11:30,7494.01,26.38,TRADE
NSW1,2012/1/1 12:00,7502.39,26.15,TRADE
NSW1,2012/1/1 12:30,7480.75,26.37,TRADE
NSW1,2012/1/1 13:00,7500.18,26.37,TRADE
NSW1,2012/1/1 13:30,7533.23,26.38,TRADE
NSW1,2012/1/1 14:00,7605.54,26.4,TRADE
NSW1,2012/1/1 14:30,7699.32,26.4,TRADE
NSW1,2012/1/1 15:00,7795.21,26.8,TRADE
NSW1,2012/1/1 15:30,7871.71,29.13,TRADE
NSW1,2012/1/1 16:00,7966.94,28.14,TRADE
NSW1,2012/1/1 16:30,7977,29.73,TRADE
NSW1,2012/1/1 17:00,8048.46,31.83,TRADE
NSW1,2012/1/1 17:30,8124.52,30.69,TRADE
NSW1,2012/1/1 18:00,8085.27,31.06,TRADE
NSW1,2012/1/1 18:30,7951.45,28.12,TRADE
NSW1,2012/1/1 19:00,7811.81,26.37,TRADE
NSW1,2012/1/1 19:30,7860.18,26.62,TRADE
NSW1,2012/1/1 20:00,7962.28,27.19,TRADE
NSW1,2012/1/1 20:30,7874.32,26.51,TRADE
NSW1,2012/1/1 21:00,7694.47,25.47,TRADE
NSW1,2012/1/1 21:30,7605.01,26.3,TRADE
NSW1,2012/1/1 22:00,7437.68,24.75,TRADE
NSW1,2012/1/1 22:30,7364.73,28.16,TRADE
NSW1,2012/1/1 23:00,7179.17,26.78,TRADE
NSW1,2012/1/1 23:30,6954.35,25.3,TRADE
NSW1,2012/1/2 0:00,6811.59,24.7,TRADE
NSW1,2012/1/2 0:30,6626.41,23.07,TRADE
NSW1,2012/1/2 1:00,6424.24,20.13,TRADE
NSW1,2012/1/2 1:30,6208.88,22.72,TRADE
NSW1,2012/1/2 2:00,5975.5,19.51,TRADE
NSW1,2012/1/2 2:30,5857.14,20.41,TRADE
NSW1,2012/1/2 3:00,5813.45,18.18,TRADE
NSW1,2012/1/2 3:30,5748.51,17.19,TRADE
NSW1,2012/1/2 4:00,5775.54,17.19,TRADE
NSW1,2012/1/2 4:30,5843.65,18.94,TRADE
NSW1,2012/1/2 5:00,5842.97,17.94,TRADE
NSW1,2012/1/2 5:30,5958.53,18.25,TRADE
NSW1,2012/1/2 6:00,6061.82,18.16,TRADE
NSW1,2012/1/2 6:30,6276.05,18.2,TRADE
NSW1,2012/1/2 7:00,6558.46,20,TRADE
NSW1,2012/1/2 7:30,6861,19.24,TRADE
NSW1,2012/1/2 8:00,7138.29,22.36,TRADE
NSW1,2012/1/2 8:30,7469.85,23.9,TRADE
NSW1,2012/1/2 9:00,7680.24,26.26,TRADE
NSW1,2012/1/2 9:30,7867.09,26.41,TRADE
NSW1,2012/1/2 10:00,7942.58,26.85,TRADE
NSW1,2012/1/2 10:30,7984.13,26.13,TRADE
NSW1,2012/1/2 11:00,8030.81,27.69,TRADE
NSW1,2012/1/2 11:30,8128.13,33.31,TRADE
NSW1,2012/1/2 12:00,8217.9,32.41,TRADE
NSW1,2012/1/2 12:30,8285.52,31.45,TRADE
NSW1,2012/1/2 13:00,8346.29,31.16,TRADE
NSW1,2012/1/2 13:30,8377.56,32.63,TRADE
NSW1,2012/1/2 14:00,8450.61,32.33,TRADE
NSW1,2012/1/2 14:30,8500.97,32.18,TRADE
NSW1,2012/1/2 15:00,8591.11,31.57,TRADE
NSW1,2012/1/2 15:30,8643.04,32.99,TRADE
NSW1,2012/1/2 16:00,8786.33,41.42,TRADE
NSW1,2012/1/2 16:30,8862.85,41.78,TRADE
NSW1,2012/1/2 17:00,8973.61,43.18,TRADE
NSW1,2012/1/2 17:30,8879.39,38.92,TRADE
NSW1,2012/1/2 18:00,8814.37,39.52,TRADE
NSW1,2012/1/2 18:30,8649.44,32.33,TRADE
NSW1,2012/1/2 19:00,8417.43,31.7,TRADE
NSW1,2012/1/2 19:30,8491.85,32.31,TRADE
NSW1,2012/1/2 20:00,8567.78,33.47,TRADE
NSW1,2012/1/2 20:30,8422.82,34.58,TRADE
NSW1,2012/1/2 21:00,8212.42,30.31,TRADE
NSW1,2012/1/2 21:30,8154.11,30.51,TRADE
NSW1,2012/1/2 22:00,8032.25,27.34,TRADE
NSW1,2012/1/2 22:30,7961.57,30.11,TRADE
NSW1,2012/1/2 23:00,7799.08,29.9,TRADE
NSW1,2012/1/2 23:30,7575.69,26.76,TRADE
NSW1,2012/1/3 0:00,7415.47,26.31,TRADE
NSW1,2012/1/3 0:30,7267.76,25.67,TRADE
NSW1,2012/1/3 1:00,7041.86,27,TRADE
NSW1,2012/1/3 1:30,6790.57,25.26,TRADE
NSW1,2012/1/3 2:00,6526.46,21.36,TRADE
NSW1,2012/1/3 2:30,6366.95,23.27,TRADE
NSW1,2012/1/3 3:00,6240.72,21.24,TRADE
NSW1,2012/1/3 3:30,6253,21.44,TRADE
NSW1,2012/1/3 4:00,6284.08,21.51,TRADE
NSW1,2012/1/3 4:30,6418.01,21.18,TRADE
NSW1,2012/1/3 5:00,6559.61,22.72,TRADE
NSW1,2012/1/3 5:30,6889.63,24.29,TRADE
NSW1,2012/1/3 6:00,7243.4,26.98,TRADE
NSW1,2012/1/3 6:30,7600.73,25.94,TRADE
NSW1,2012/1/3 7:00,8013.47,28.31,TRADE
NSW1,2012/1/3 7:30,8356.96,24.37,TRADE
NSW1,2012/1/3 8:00,8721.58,26.17,TRADE
NSW1,2012/1/3 8:30,9077.68,31.71,TRADE
NSW1,2012/1/3 9:00,9295.24,32.95,TRADE
NSW1,2012/1/3 9:30,9463.41,34.13,TRADE
NSW1,2012/1/3 10:00,9566.74,35.79,TRADE
NSW1,2012/1/3 10:30,9666.14,35.01,TRADE
NSW1,2012/1/3 11:00,9770.94,39.15,TRADE
NSW1,2012/1/3 11:30,9833.34,43.04,TRADE
NSW1,2012/1/3 12:00,9896.33,42.29,TRADE
NSW1,2012/1/3 12:30,9997.02,43.48,TRADE
NSW1,2012/1/3 13:00,10069.2,43.64,TRADE
NSW1,2012/1/3 13:30,10198.49,43.19,TRADE
NSW1,2012/1/3 14:00,10329.13,43.65,TRADE
NSW1,2012/1/3 14:30,10387.69,45.29,TRADE
NSW1,2012/1/3 15:00,10499.53,46.72,TRADE
NSW1,2012/1/3 15:30,10574.61,50.91,TRADE
NSW1,2012/1/3 16:00,10685.79,45.94,TRADE
NSW1,2012/1/3 16:30,10704.49,44.51,TRADE
NSW1,2012/1/3 17:00,10606.01,38.65,TRADE
NSW1,2012/1/3 17:30,10285.89,34.01,TRADE
NSW1,2012/1/3 18:00,10161.48,31.27,TRADE
NSW1,2012/1/3 18:30,9870.61,31.36,TRADE
NSW1,2012/1/3 19:00,9649.06,28.91,TRADE
NSW1,2012/1/3 19:30,9557.7,28.71,TRADE
NSW1,2012/1/3 20:00,9605.06,30.8,TRADE
NSW1,2012/1/3 20:30,9382.41,30.52,TRADE
NSW1,2012/1/3 21:00,9093.02,25.84,TRADE
NSW1,2012/1/3 21:30,8914.25,26.06,TRADE
NSW1,2012/1/3 22:00,8643.48,24.58,TRADE
NSW1,2012/1/3 22:30,8476.91,32.57,TRADE
NSW1,2012/1/3 23:00,8290.09,28.05,TRADE
NSW1,2012/1/3 23:30,8004.06,26.05,TRADE
NSW1,2012/1/4 0:00,7743.52,24.7,TRADE
NSW1,2012/1/4 0:30,7531.87,23.92,TRADE
NSW1,2012/1/4 1:00,7299.43,21.34,TRADE
NSW1,2012/1/4 1:30,7000.83,19.78,TRADE
NSW1,2012/1/4 2:00,6757.41,17.72,TRADE
NSW1,2012/1/4 2:30,6600.66,18.2,TRADE
NSW1,2012/1/4 3:00,6488.94,17.8,TRADE
NSW1,2012/1/4 3:30,6462.67,18.04,TRADE
NSW1,2012/1/4 4:00,6507.49,18.04,TRADE
NSW1,2012/1/4 4:30,6632.4,19.3,TRADE
NSW1,2012/1/4 5:00,6742.4,19.55,TRADE
NSW1,2012/1/4 5:30,7076.66,19.34,TRADE
NSW1,2012/1/4 6:00,7429.07,21.14,TRADE
NSW1,2012/1/4 6:30,7875.22,21.92,TRADE
NSW1,2012/1/4 7:00,8367.72,21.73,TRADE
NSW1,2012/1/4 7:30,8781.8,23.17,TRADE
NSW1,2012/1/4 8:00,9163.91,24.67,TRADE
NSW1,2012/1/4 8:30,9504.18,25.76,TRADE
NSW1,2012/1/4 9:00,9674.13,26.05,TRADE
NSW1,2012/1/4 9:30,9867.67,26.17,TRADE
NSW1,2012/1/4 10:00,10064.51,26.28,TRADE
NSW1,2012/1/4 10:30,10240.65,26.37,TRADE
NSW1,2012/1/4 11:00,10473.48,26.48,TRADE
NSW1,2012/1/4 11:30,10637.55,27.55,TRADE
NSW1,2012/1/4 12:00,10792.23,29.75,TRADE
NSW1,2012/1/4 12:30,10965.21,32.18,TRADE
NSW1,2012/1/4 13:00,11044.68,29.27,TRADE
NSW1,2012/1/4 13:30,11125.3,30.42,TRADE
NSW1,2012/1/4 14:00,11220.06,30.9,TRADE
NSW1,2012/1/4 14:30,11204.05,30.52,TRADE
NSW1,2012/1/4 15:00,11180.89,29.98,TRADE
NSW1,2012/1/4 15:30,11144.67,28.84,TRADE
NSW1,2012/1/4 16:00,11215.58,30.07,TRADE
NSW1,2012/1/4 16:30,11049.41,29.05,TRADE
NSW1,2012/1/4 17:00,10722.67,27.15,TRADE
NSW1,2012/1/4 17:30,10355.52,26.43,TRADE
NSW1,2012/1/4 18:00,10048.89,26.08,TRADE
NSW1,2012/1/4 18:30,9650.32,25.59,TRADE
NSW1,2012/1/4 19:00,9365.7,24.87,TRADE
NSW1,2012/1/4 19:30,9230.62,25.59,TRADE
NSW1,2012/1/4 20:00,9241,25.62,TRADE
NSW1,2012/1/4 20:30,9018.57,24.59,TRADE
NSW1,2012/1/4 21:00,8747.35,23.75,TRADE
NSW1,2012/1/4 21:30,8703.39,23.52,TRADE
NSW1,2012/1/4 22:00,8466.48,21.74,TRADE
NSW1,2012/1/4 22:30,8341.55,24.02,TRADE
NSW1,2012/1/4 23:00,8136.25,22.8,TRADE
NSW1,2012/1/4 23:30,7819.63,22.98,TRADE
NSW1,2012/1/5 0:00,7601.55,23.09,TRADE
NSW1,2012/1/5 0:30,7418.29,22.7,TRADE
NSW1,2012/1/5 1:00,7177.31,20.14,TRADE
NSW1,2012/1/5 1:30,6805.38,18.84,TRADE
NSW1,2012/1/5 2:00,6527.26,17.66,TRADE
NSW1,2012/1/5 2:30,6356.43,17.89,TRADE
NSW1,2012/1/5 3:00,6283.34,17.9,TRADE
NSW1,2012/1/5 3:30,6256.75,17.9,TRADE
NSW1,2012/1/5 4:00,6270.74,17.88,TRADE
NSW1,2012/1/5 4:30,6421.04,17.9,TRADE
NSW1,2012/1/5 5:00,6593.17,19.33,TRADE
NSW1,2012/1/5 5:30,6911.75,22.35,TRADE
NSW1,2012/1/5 6:00,7250,20.28,TRADE
NSW1,2012/1/5 6:30,7651.18,21.51,TRADE
NSW1,2012/1/5 7:00,8054.63,22.86,TRADE
NSW1,2012/1/5 7:30,8418.92,21.64,TRADE
NSW1,2012/1/5 8:00,8667.83,23.62,TRADE
NSW1,2012/1/5 8:30,8983.65,24.91,TRADE
NSW1,2012/1/5 9:00,9113.26,25.76,TRADE
NSW1,2012/1/5 9:30,9113.1,25.71,TRADE
NSW1,2012/1/5 10:00,9167.06,26.33,TRADE
NSW1,2012/1/5 10:30,9212.61,26.08,TRADE
NSW1,2012/1/5 11:00,9332.97,26.63,TRADE
NSW1,2012/1/5 11:30,9361.2,26.88,TRADE
NSW1,2012/1/5 12:00,9333.09,26.22,TRADE
NSW1,2012/1/5 12:30,9368.53,24.47,TRADE
NSW1,2012/1/5 13:00,9407.41,24.73,TRADE
NSW1,2012/1/5 13:30,9475.56,26.04,TRADE
NSW1,2012/1/5 14:00,9534.9,25.96,TRADE
NSW1,2012/1/5 14:30,9598.35,27.41,TRADE
NSW1,2012/1/5 15:00,9581.42,27.96,TRADE
NSW1,2012/1/5 15:30,9672.34,27.86,TRADE
NSW1,2012/1/5 16:00,9740.3,27.85,TRADE
NSW1,2012/1/5 16:30,9723.09,26.4,TRADE
NSW1,2012/1/5 17:00,9682.79,25.57,TRADE
NSW1,2012/1/5 17:30,9475.44,26.11,TRADE
NSW1,2012/1/5 18:00,9263.03,25.53,TRADE
NSW1,2012/1/5 18:30,9040.29,24.05,TRADE
NSW1,2012/1/5 19:00,8908.31,23.99,TRADE
NSW1,2012/1/5 19:30,8961.09,24.59,TRADE
NSW1,2012/1/5 20:00,8982.48,25.26,TRADE
NSW1,2012/1/5 20:30,8711.96,23.68,TRADE
NSW1,2012/1/5 21:00,8429.86,23.22,TRADE
NSW1,2012/1/5 21:30,8462.56,22.85,TRADE
NSW1,2012/1/5 22:00,8282.36,20.73,TRADE
NSW1,2012/1/5 22:30,8252.51,25.15,TRADE
NSW1,2012/1/5 23:00,8068.26,23.78,TRADE
NSW1,2012/1/5 23:30,7835.83,22.89,TRADE
NSW1,2012/1/6 0:00,7699.47,22.87,TRADE
NSW1,2012/1/6 0:30,7460.71,20.54,TRADE
NSW1,2012/1/6 1:00,7244.27,18.6,TRADE
NSW1,2012/1/6 1:30,6929.54,19.05,TRADE
NSW1,2012/1/6 2:00,6658.86,18.35,TRADE
NSW1,2012/1/6 2:30,6533.03,18.5,TRADE
NSW1,2012/1/6 3:00,6419.63,17.9,TRADE
NSW1,2012/1/6 3:30,6403.44,17.38,TRADE
NSW1,2012/1/6 4:00,6437.75,17.88,TRADE
NSW1,2012/1/6 4:30,6574.06,17.9,TRADE
NSW1,2012/1/6 5:00,6732.34,19.11,TRADE
NSW1,2012/1/6 5:30,7044.45,21.79,TRADE
NSW1,2012/1/6 6:00,7372.29,19.34,TRADE
NSW1,2012/1/6 6:30,7737.6,21.03,TRADE
NSW1,2012/1/6 7:00,8076.52,22.11,TRADE
NSW1,2012/1/6 7:30,8397.66,21.71,TRADE
NSW1,2012/1/6 8:00,8617.49,23.88,TRADE
NSW1,2012/1/6 8:30,8899.78,24.5,TRADE
NSW1,2012/1/6 9:00,9002.42,26.04,TRADE
NSW1,2012/1/6 9:30,9032.62,26.31,TRADE
NSW1,2012/1/6 10:00,9117.6,26.4,TRADE
NSW1,2012/1/6 10:30,9098.86,26.06,TRADE
NSW1,2012/1/6 11:00,9075.53,25.57,TRADE
NSW1,2012/1/6 11:30,9067.65,26.12,TRADE
NSW1,2012/1/6 12:00,9046.46,26.9,TRADE
NSW1,2012/1/6 12:30,9040.4,26.65,TRADE
NSW1,2012/1/6 13:00,8986.09,26.5,TRADE
NSW1,2012/1/6 13:30,8994.98,26.33,TRADE
NSW1,2012/1/6 14:00,8960.63,26.61,TRADE
NSW1,2012/1/6 14:30,8932.42,26.57,TRADE
NSW1,2012/1/6 15:00,8942.87,26.48,TRADE
NSW1,2012/1/6 15:30,8909.85,25.77,TRADE
NSW1,2012/1/6 16:00,8930.67,26.42,TRADE
NSW1,2012/1/6 16:30,8882.55,26.13,TRADE
NSW1,2012/1/6 17:00,8815.44,26.09,TRADE
NSW1,2012/1/6 17:30,8584.48,23.96,TRADE
NSW1,2012/1/6 18:00,8418.54,22.97,TRADE
NSW1,2012/1/6 18:30,8200,22.63,TRADE
NSW1,2012/1/6 19:00,8134.2,22.66,TRADE
NSW1,2012/1/6 19:30,8224.08,22.55,TRADE
NSW1,2012/1/6 20:00,8241.64,23.16,TRADE
NSW1,2012/1/6 20:30,8098.4,22.54,TRADE
NSW1,2012/1/6 21:00,7957.72,22.48,TRADE
NSW1,2012/1/6 21:30,8028.5,21.7,TRADE
NSW1,2012/1/6 22:00,7974.14,21.22,TRADE
NSW1,2012/1/6 22:30,8001.51,24.21,TRADE
NSW1,2012/1/6 23:00,7921.44,25.16,TRADE
NSW1,2012/1/6 23:30,7688.12,25.41,TRADE
NSW1,2012/1/7 0:00,7514.13,24.41,TRADE
NSW1,2012/1/7 0:30,7265.93,24.37,TRADE
NSW1,2012/1/7 1:00,7017.25,22.04,TRADE
NSW1,2012/1/7 1:30,6746.59,21.34,TRADE
NSW1,2012/1/7 2:00,6487.14,17.37,TRADE
NSW1,2012/1/7 2:30,6255.62,17.19,TRADE
NSW1,2012/1/7 3:00,6116.5,16.77,TRADE
NSW1,2012/1/7 3:30,6107.8,17.28,TRADE
NSW1,2012/1/7 4:00,6033.14,16.14,TRADE
NSW1,2012/1/7 4:30,6117.53,17.87,TRADE
NSW1,2012/1/7 5:00,6140.15,17.5,TRADE
NSW1,2012/1/7 5:30,6279.14,17.9,TRADE
NSW1,2012/1/7 6:00,6442.86,17.91,TRADE
NSW1,2012/1/7 6:30,6699.17,18.38,TRADE
NSW1,2012/1/7 7:00,7085.7,19.25,TRADE
NSW1,2012/1/7 7:30,7376.45,19.12,TRADE
NSW1,2012/1/7 8:00,7664.12,20.14,TRADE
NSW1,2012/1/7 8:30,7994.03,22.71,TRADE
NSW1,2012/1/7 9:00,8052.28,23.31,TRADE
NSW1,2012/1/7 9:30,8203.89,23.96,TRADE
NSW1,2012/1/7 10:00,8165.35,23.74,TRADE
NSW1,2012/1/7 10:30,8215.52,23.86,TRADE
NSW1,2012/1/7 11:00,8230.3,24.83,TRADE
NSW1,2012/1/7 11:30,8195.33,23.91,TRADE
NSW1,2012/1/7 12:00,8154.02,25.34,TRADE
NSW1,2012/1/7 12:30,8160.81,23.1,TRADE
NSW1,2012/1/7 13:00,8002.38,21.8,TRADE
NSW1,2012/1/7 13:30,8159,21.71,TRADE
NSW1,2012/1/7 14:00,8180.68,22.07,TRADE
NSW1,2012/1/7 14:30,8245.21,22.06,TRADE
NSW1,2012/1/7 15:00,8282.68,22.46,TRADE
NSW1,2012/1/7 15:30,8395.39,22.6,TRADE
NSW1,2012/1/7 16:00,8445.47,23.47,TRADE
NSW1,2012/1/7 16:30,8345.23,23.04,TRADE
NSW1,2012/1/7 17:00,8397.48,23.96,TRADE
NSW1,2012/1/7 17:30,8355.32,23.01,TRADE
NSW1,2012/1/7 18:00,8329.63,22.24,TRADE
NSW1,2012/1/7 18:30,8252.54,21.65,TRADE
NSW1,2012/1/7 19:00,8151.45,22.06,TRADE
NSW1,2012/1/7 19:30,8226.65,23.76,TRADE
NSW1,2012/1/7 20:00,8304.57,24.04,TRADE
NSW1,2012/1/7 20:30,8252.33,23.91,TRADE
NSW1,2012/1/7 21:00,8083.92,23.39,TRADE
NSW1,2012/1/7 21:30,8069.97,23.54,TRADE
NSW1,2012/1/7 22:00,7963.23,21.97,TRADE
NSW1,2012/1/7 22:30,7919.43,23.05,TRADE
NSW1,2012/1/7 23:00,7669.23,21.23,TRADE
NSW1,2012/1/7 23:30,7466.07,21.41,TRADE
NSW1,2012/1/8 0:00,7276.56,21.59,TRADE
NSW1,2012/1/8 0:30,7111.12,23.45,TRADE
NSW1,2012/1/8 1:00,6930.14,20.26,TRADE
NSW1,2012/1/8 1:30,6687.4,17.66,TRADE
NSW1,2012/1/8 2:00,6473.13,16.48,TRADE
NSW1,2012/1/8 2:30,6333.91,17.26,TRADE
NSW1,2012/1/8 3:00,6269.03,16.37,TRADE
NSW1,2012/1/8 3:30,6201.99,13.78,TRADE
NSW1,2012/1/8 4:00,6194.58,17.02,TRADE
NSW1,2012/1/8 4:30,6239.35,13.82,TRADE
NSW1,2012/1/8 5:00,6230.42,12.7,TRADE
NSW1,2012/1/8 5:30,6242.24,15.25,TRADE
NSW1,2012/1/8 6:00,6340.58,12.8,TRADE
NSW1,2012/1/8 6:30,6463.39,16.89,TRADE
NSW1,2012/1/8 7:00,6768.15,18.17,TRADE
NSW1,2012/1/8 7:30,7071.35,17.12,TRADE
NSW1,2012/1/8 8:00,7338.63,18.31,TRADE
NSW1,2012/1/8 8:30,7616.62,18.83,TRADE
NSW1,2012/1/8 9:00,7805.57,19.26,TRADE
NSW1,2012/1/8 9:30,8042.94,19.62,TRADE
NSW1,2012/1/8 10:00,8096.32,20.67,TRADE
NSW1,2012/1/8 10:30,8170.07,20.27,TRADE
NSW1,2012/1/8 11:00,8231.04,19.65,TRADE
NSW1,2012/1/8 11:30,8246.11,20.25,TRADE
NSW1,2012/1/8 12:00,8251.42,20.64,TRADE
NSW1,2012/1/8 12:30,8372.02,22.16,TRADE
NSW1,2012/1/8 13:00,8360.19,21.99,TRADE
NSW1,2012/1/8 13:30,8323.64,21.97,TRADE
NSW1,2012/1/8 14:00,8415.34,21.37,TRADE
NSW1,2012/1/8 14:30,8529.44,20.59,TRADE
NSW1,2012/1/8 15:00,8612.62,21.71,TRADE
NSW1,2012/1/8 15:30,8731.17,22.13,TRADE
NSW1,2012/1/8 16:00,8815.49,24,TRADE
NSW1,2012/1/8 16:30,8861.24,24.17,TRADE
NSW1,2012/1/8 17:00,9002.59,24.77,TRADE
NSW1,2012/1/8 17:30,9025.04,25.3,TRADE
NSW1,2012/1/8 18:00,8982.34,25.28,TRADE
NSW1,2012/1/8 18:30,8910.1,24.07,TRADE
NSW1,2012/1/8 19:00,8845.84,23.52,TRADE
NSW1,2012/1/8 19:30,8896.84,24.34,TRADE
NSW1,2012/1/8 20:00,8837.86,24.41,TRADE
NSW1,2012/1/8 20:30,8648.3,22.93,TRADE
NSW1,2012/1/8 21:00,8316.35,20.83,TRADE
NSW1,2012/1/8 21:30,8203.09,21.41,TRADE
NSW1,2012/1/8 22:00,7937.64,18.85,TRADE
NSW1,2012/1/8 22:30,7884.98,20.83,TRADE
NSW1,2012/1/8 23:00,7646.71,19.8,TRADE
NSW1,2012/1/8 23:30,7410.69,18.43,TRADE
NSW1,2012/1/9 0:00,7219.04,17.24,TRADE
NSW1,2012/1/9 0:30,7084.05,18.63,TRADE
NSW1,2012/1/9 1:00,6896.39,17.25,TRADE
NSW1,2012/1/9 1:30,6608.06,16.8,TRADE
NSW1,2012/1/9 2:00,6423.91,16.72,TRADE
NSW1,2012/1/9 2:30,6320.38,14.17,TRADE
NSW1,2012/1/9 3:00,6300.64,12.61,TRADE
NSW1,2012/1/9 3:30,6341.65,12.73,TRADE
NSW1,2012/1/9 4:00,6393.35,14.33,TRADE
NSW1,2012/1/9 4:30,6575.5,13.67,TRADE
NSW1,2012/1/9 5:00,6779.71,17.63,TRADE
NSW1,2012/1/9 5:30,7194.26,20.23,TRADE
NSW1,2012/1/9 6:00,7668.77,22.64,TRADE
NSW1,2012/1/9 6:30,8120.4,26.14,TRADE
NSW1,2012/1/9 7:00,8599.82,25.49,TRADE
NSW1,2012/1/9 7:30,9013.68,22.53,TRADE
NSW1,2012/1/9 8:00,9347.45,24.7,TRADE
NSW1,2012/1/9 8:30,9617.89,25.15,TRADE
NSW1,2012/1/9 9:00,9745.05,26.15,TRADE
NSW1,2012/1/9 9:30,9797.49,26.42,TRADE
NSW1,2012/1/9 10:00,9879.26,26.47,TRADE
NSW1,2012/1/9 10:30,9894.82,26.36,TRADE
NSW1,2012/1/9 11:00,9981.93,26.45,TRADE
NSW1,2012/1/9 11:30,9955.86,26.19,TRADE
NSW1,2012/1/9 12:00,9973.42,25.98,TRADE
NSW1,2012/1/9 12:30,10039.54,26.07,TRADE
NSW1,2012/1/9 13:00,10055.67,25.37,TRADE
NSW1,2012/1/9 13:30,10078.56,26.15,TRADE
NSW1,2012/1/9 14:00,10127.19,26.26,TRADE
NSW1,2012/1/9 14:30,10120.56,25.53,TRADE
NSW1,2012/1/9 15:00,10160.57,26.42,TRADE
NSW1,2012/1/9 15:30,10177.63,26.45,TRADE
NSW1,2012/1/9 16:00,10186.78,26.44,TRADE
NSW1,2012/1/9 16:30,10091.88,26.05,TRADE
NSW1,2012/1/9 17:00,10030.06,26.42,TRADE
NSW1,2012/1/9 17:30,9738.2,24.23,TRADE
NSW1,2012/1/9 18:00,9531.98,24.09,TRADE
NSW1,2012/1/9 18:30,9258.14,24.38,TRADE
NSW1,2012/1/9 19:00,9054.05,24.51,TRADE
NSW1,2012/1/9 19:30,9002.58,24.38,TRADE
NSW1,2012/1/9 20:00,9068.67,26.38,TRADE
NSW1,2012/1/9 20:30,8892.63,25.5,TRADE
NSW1,2012/1/9 21:00,8629.52,24.2,TRADE
NSW1,2012/1/9 21:30,8605.4,23.64,TRADE
NSW1,2012/1/9 22:00,8390.67,22.34,TRADE
NSW1,2012/1/9 22:30,8298.86,25.75,TRADE
NSW1,2012/1/9 23:00,8112.39,25.33,TRADE
NSW1,2012/1/9 23:30,7889.25,27.24,TRADE
NSW1,2012/1/10 0:00,7678.19,27.61,TRADE
NSW1,2012/1/10 0:30,7411.46,24.65,TRADE
NSW1,2012/1/10 1:00,7184.52,24.28,TRADE
NSW1,2012/1/10 1:30,6927.98,23.1,TRADE
NSW1,2012/1/10 2:00,6708.24,20.73,TRADE
NSW1,2012/1/10 2:30,6486.09,17.54,TRADE
NSW1,2012/1/10 3:00,6381.27,16.66,TRADE
NSW1,2012/1/10 3:30,6375.99,18.01,TRADE
NSW1,2012/1/10 4:00,6295.28,16.53,TRADE
NSW1,2012/1/10 4:30,6527.91,17.9,TRADE
NSW1,2012/1/10 5:00,6759.77,17.29,TRADE
NSW1,2012/1/10 5:30,7162.21,22.84,TRADE
NSW1,2012/1/10 6:00,7587.15,23.61,TRADE
NSW1,2012/1/10 6:30,7945.58,25.76,TRADE
NSW1,2012/1/10 7:00,8416.4,26.11,TRADE
NSW1,2012/1/10 7:30,8715.71,23.88,TRADE
NSW1,2012/1/10 8:00,8947.93,24.53,TRADE
NSW1,2012/1/10 8:30,9232.39,26.13,TRADE
NSW1,2012/1/10 9:00,9370.5,26.03,TRADE
NSW1,2012/1/10 9:30,9410.4,24.67,TRADE
NSW1,2012/1/10 10:00,9406.61,25.19,TRADE
NSW1,2012/1/10 10:30,9413.33,27.25,TRADE
NSW1,2012/1/10 11:00,9557.87,26.03,TRADE
NSW1,2012/1/10 11:30,9458.27,25.85,TRADE
NSW1,2012/1/10 12:00,9400.48,24.88,TRADE
NSW1,2012/1/10 12:30,9519.13,26.15,TRADE
NSW1,2012/1/10 13:00,9618.46,25.51,TRADE
NSW1,2012/1/10 13:30,9672.73,25.87,TRADE
NSW1,2012/1/10 14:00,9682.33,25.34,TRADE
NSW1,2012/1/10 14:30,9695.37,21.26,TRADE
NSW1,2012/1/10 15:00,9737.95,25.59,TRADE
NSW1,2012/1/10 15:30,9794.55,25.5,TRADE
NSW1,2012/1/10 16:00,9859.28,26.35,TRADE
NSW1,2012/1/10 16:30,9737.84,26.15,TRADE
NSW1,2012/1/10 17:00,9615.92,25.66,TRADE
NSW1,2012/1/10 17:30,9350.06,24.32,TRADE
NSW1,2012/1/10 18:00,9198.6,25.17,TRADE
NSW1,2012/1/10 18:30,8990.45,23.57,TRADE
NSW1,2012/1/10 19:00,8855.84,23.57,TRADE
NSW1,2012/1/10 19:30,8874.21,24.44,TRADE
NSW1,2012/1/10 20:00,8969.68,26.07,TRADE
NSW1,2012/1/10 20:30,8817.01,24.96,TRADE
NSW1,2012/1/10 21:00,8544.12,22.6,TRADE
NSW1,2012/1/10 21:30,8515.41,21.24,TRADE
NSW1,2012/1/10 22:00,8274.75,19.81,TRADE
NSW1,2012/1/10 22:30,8234.07,25.91,TRADE
NSW1,2012/1/10 23:00,8022.92,21.58,TRADE
NSW1,2012/1/10 23:30,7764.44,21.93,TRADE
NSW1,2012/1/11 0:00,7562.43,20.84,TRADE
NSW1,2012/1/11 0:30,7358.05,23.51,TRADE
NSW1,2012/1/11 1:00,7087.81,17.87,TRADE
NSW1,2012/1/11 1:30,6780.34,16.1,TRADE
NSW1,2012/1/11 2:00,6530.71,14.82,TRADE
NSW1,2012/1/11 2:30,6352.8,17.04,TRADE
NSW1,2012/1/11 3:00,6268.35,17.54,TRADE
NSW1,2012/1/11 3:30,6325.65,17.34,TRADE
NSW1,2012/1/11 4:00,6349,16.21,TRADE
NSW1,2012/1/11 4:30,6536.71,18.23,TRADE
NSW1,2012/1/11 5:00,6702.87,15.82,TRADE
NSW1,2012/1/11 5:30,7083.67,17.62,TRADE
NSW1,2012/1/11 6:00,7468.15,22.74,TRADE
NSW1,2012/1/11 6:30,7825.23,24.16,TRADE
NSW1,2012/1/11 7:00,8198.66,25.34,TRADE
NSW1,2012/1/11 7:30,8514.2,21.16,TRADE
NSW1,2012/1/11 8:00,8736.54,21.03,TRADE
NSW1,2012/1/11 8:30,8982.02,22.29,TRADE
NSW1,2012/1/11 9:00,9127.4,24.41,TRADE
NSW1,2012/1/11 9:30,9191.1,24.83,TRADE
NSW1,2012/1/11 10:00,9231.66,24.68,TRADE
NSW1,2012/1/11 10:30,9225.28,24.04,TRADE
NSW1,2012/1/11 11:00,9217.04,24.19,TRADE
NSW1,2012/1/11 11:30,9247.94,22.59,TRADE
NSW1,2012/1/11 12:00,9267.38,21.55,TRADE
NSW1,2012/1/11 12:30,9193.4,21.41,TRADE
NSW1,2012/1/11 13:00,9190.3,22.11,TRADE
NSW1,2012/1/11 13:30,9293.6,23.63,TRADE
NSW1,2012/1/11 14:00,9326.26,24.3,TRADE
NSW1,2012/1/11 14:30,9313.61,24.47,TRADE
NSW1,2012/1/11 15:00,9336.12,24.32,TRADE
NSW1,2012/1/11 15:30,9348.63,23.74,TRADE
NSW1,2012/1/11 16:00,9353.06,24.35,TRADE
NSW1,2012/1/11 16:30,9263.23,24.15,TRADE
NSW1,2012/1/11 17:00,9211.75,24.83,TRADE
NSW1,2012/1/11 17:30,8985.49,24.17,TRADE
NSW1,2012/1/11 18:00,8878.02,24.16,TRADE
NSW1,2012/1/11 18:30,8621.2,23.55,TRADE
NSW1,2012/1/11 19:00,8496.07,21.56,TRADE
NSW1,2012/1/11 19:30,8516.82,22.38,TRADE
NSW1,2012/1/11 20:00,8589.47,23.98,TRADE
NSW1,2012/1/11 20:30,8438.33,24.18,TRADE
NSW1,2012/1/11 21:00,8197.37,22.16,TRADE
NSW1,2012/1/11 21:30,8155.52,20.65,TRADE
NSW1,2012/1/11 22:00,7976.11,18.73,TRADE
NSW1,2012/1/11 22:30,7921.18,22.37,TRADE
NSW1,2012/1/11 23:00,7738.54,21.17,TRADE
NSW1,2012/1/11 23:30,7567.55,21.01,TRADE
NSW1,2012/1/12 0:00,7420.2,20.94,TRADE
NSW1,2012/1/12 0:30,7261.12,18.66,TRADE
NSW1,2012/1/12 1:00,7048.89,17.14,TRADE
NSW1,2012/1/12 1:30,6746.2,17.23,TRADE
NSW1,2012/1/12 2:00,6497.2,17.24,TRADE
NSW1,2012/1/12 2:30,6343.64,17.55,TRADE
NSW1,2012/1/12 3:00,6248.66,17.66,TRADE
NSW1,2012/1/12 3:30,6264.39,17.41,TRADE
NSW1,2012/1/12 4:00,6345.09,17.85,TRADE
NSW1,2012/1/12 4:30,6513.49,17.93,TRADE
NSW1,2012/1/12 5:00,6716.84,17.96,TRADE
NSW1,2012/1/12 5:30,7075.07,18.29,TRADE
NSW1,2012/1/12 6:00,7472.55,20.88,TRADE
NSW1,2012/1/12 6:30,7833.09,24.91,TRADE
NSW1,2012/1/12 7:00,8218.37,26.16,TRADE
NSW1,2012/1/12 7:30,8376.58,21.95,TRADE
NSW1,2012/1/12 8:00,8563.47,21.4,TRADE
NSW1,2012/1/12 8:30,8848.2,24.1,TRADE
NSW1,2012/1/12 9:00,8952.17,24.05,TRADE
NSW1,2012/1/12 9:30,8982.09,24.1,TRADE
NSW1,2012/1/12 10:00,8986.37,16.6,TRADE
NSW1,2012/1/12 10:30,8993.39,21.55,TRADE
NSW1,2012/1/12 11:00,9000.88,22.29,TRADE
NSW1,2012/1/12 11:30,8940.66,23.46,TRADE
NSW1,2012/1/12 12:00,8819.24,22.94,TRADE
NSW1,2012/1/12 12:30,8836.43,24.03,TRADE
NSW1,2012/1/12 13:00,8895.57,23.51,TRADE
NSW1,2012/1/12 13:30,8911.61,23.98,TRADE
NSW1,2012/1/12 14:00,8845.71,22.94,TRADE
NSW1,2012/1/12 14:30,8839.15,19.76,TRADE
NSW1,2012/1/12 15:00,8902.67,20.5,TRADE
NSW1,2012/1/12 15:30,8918.97,25.21,TRADE
NSW1,2012/1/12 16:00,8959.04,26.42,TRADE
NSW1,2012/1/12 16:30,8934.39,25.73,TRADE
NSW1,2012/1/12 17:00,8975.62,24.62,TRADE
NSW1,2012/1/12 17:30,8845.27,23.23,TRADE
NSW1,2012/1/12 18:00,8766.95,22.22,TRADE
NSW1,2012/1/12 18:30,8641.08,23.9,TRADE
NSW1,2012/1/12 19:00,8497.77,24.03,TRADE
NSW1,2012/1/12 19:30,8529.6,25.19,TRADE
NSW1,2012/1/12 20:00,8670.92,26.42,TRADE
NSW1,2012/1/12 20:30,8503.28,25.02,TRADE
NSW1,2012/1/12 21:00,8227.27,22.43,TRADE
NSW1,2012/1/12 21:30,8222.07,21.48,TRADE
NSW1,2012/1/12 22:00,8081.95,18.85,TRADE
NSW1,2012/1/12 22:30,8045.36,21.32,TRADE
NSW1,2012/1/12 23:00,7856.23,20.03,TRADE
NSW1,2012/1/12 23:30,7680.52,21.04,TRADE
NSW1,2012/1/13 0:00,7529.48,21.77,TRADE
NSW1,2012/1/13 0:30,7363.2,19.88,TRADE
NSW1,2012/1/13 1:00,7174.94,17.87,TRADE
NSW1,2012/1/13 1:30,6851.99,17.62,TRADE
NSW1,2012/1/13 2:00,6608.74,17.37,TRADE
NSW1,2012/1/13 2:30,6470.33,17.34,TRADE
NSW1,2012/1/13 3:00,6366.19,17.46,TRADE
NSW1,2012/1/13 3:30,6373.73,17.15,TRADE
NSW1,2012/1/13 4:00,6444.53,17.43,TRADE
NSW1,2012/1/13 4:30,6586.88,17.82,TRADE
NSW1,2012/1/13 5:00,6787.33,17.97,TRADE
NSW1,2012/1/13 5:30,7174.74,20.19,TRADE
NSW1,2012/1/13 6:00,7534.57,22.59,TRADE
NSW1,2012/1/13 6:30,7856.66,25.56,TRADE
NSW1,2012/1/13 7:00,8292.16,27.55,TRADE
NSW1,2012/1/13 7:30,8590.41,25.05,TRADE
NSW1,2012/1/13 8:00,8770.1,26.08,TRADE
NSW1,2012/1/13 8:30,8995.78,26.43,TRADE
NSW1,2012/1/13 9:00,9143.89,26.2,TRADE
NSW1,2012/1/13 9:30,9203.03,25.67,TRADE
NSW1,2012/1/13 10:00,9301.41,26.06,TRADE
NSW1,2012/1/13 10:30,9235.53,23.88,TRADE
NSW1,2012/1/13 11:00,9311.85,25.45,TRADE
NSW1,2012/1/13 11:30,9297.27,25.89,TRADE
NSW1,2012/1/13 12:00,9279.83,25.7,TRADE
NSW1,2012/1/13 12:30,9298.6,26.42,TRADE
NSW1,2012/1/13 13:00,9319.07,25.38,TRADE
NSW1,2012/1/13 13:30,9363.5,24.36,TRADE
NSW1,2012/1/13 14:00,9355.81,24.08,TRADE
NSW1,2012/1/13 14:30,9370.32,24.74,TRADE
NSW1,2012/1/13 15:00,9447.43,25.15,TRADE
NSW1,2012/1/13 15:30,9430.79,24.48,TRADE
NSW1,2012/1/13 16:00,9490.09,26.15,TRADE
NSW1,2012/1/13 16:30,9453.17,25.18,TRADE
NSW1,2012/1/13 17:00,9284.63,24.23,TRADE
NSW1,2012/1/13 17:30,9008.64,23.7,TRADE
NSW1,2012/1/13 18:00,8832.73,22.73,TRADE
NSW1,2012/1/13 18:30,8661.34,22.14,TRADE
NSW1,2012/1/13 19:00,8534.59,21.61,TRADE
NSW1,2012/1/13 19:30,8587.93,22.35,TRADE
NSW1,2012/1/13 20:00,8672.19,23.69,TRADE
NSW1,2012/1/13 20:30,8564.91,22.06,TRADE
NSW1,2012/1/13 21:00,8376.18,19.54,TRADE
NSW1,2012/1/13 21:30,8390.3,19.88,TRADE
NSW1,2012/1/13 22:00,8308.79,18.53,TRADE
NSW1,2012/1/13 22:30,8274.41,21.98,TRADE
NSW1,2012/1/13 23:00,8109.46,21.95,TRADE
NSW1,2012/1/13 23:30,7877.56,21.42,TRADE
NSW1,2012/1/14 0:00,7644.68,21,TRADE
NSW1,2012/1/14 0:30,7479.25,19.82,TRADE
NSW1,2012/1/14 1:00,7197.4,17.34,TRADE
NSW1,2012/1/14 1:30,6860.73,16.99,TRADE
NSW1,2012/1/14 2:00,6651.38,16.14,TRADE
NSW1,2012/1/14 2:30,6491.21,13.1,TRADE
NSW1,2012/1/14 3:00,6385,14.26,TRADE
NSW1,2012/1/14 3:30,6307.3,13.49,TRADE
NSW1,2012/1/14 4:00,6333.07,13.77,TRADE
NSW1,2012/1/14 4:30,6394.28,13.61,TRADE
NSW1,2012/1/14 5:00,6454.11,16.75,TRADE
NSW1,2012/1/14 5:30,6599.41,16.59,TRADE
NSW1,2012/1/14 6:00,6690.26,17.81,TRADE
NSW1,2012/1/14 6:30,6979.26,18.27,TRADE
NSW1,2012/1/14 7:00,7344.36,19.38,TRADE
NSW1,2012/1/14 7:30,7680.34,18.63,TRADE
NSW1,2012/1/14 8:00,8012.6,21.52,TRADE
NSW1,2012/1/14 8:30,8353.45,24.05,TRADE
NSW1,2012/1/14 9:00,8413.49,23.05,TRADE
NSW1,2012/1/14 9:30,8539.42,23.03,TRADE
NSW1,2012/1/14 10:00,8442.86,21.11,TRADE
NSW1,2012/1/14 10:30,8497.32,21.55,TRADE
NSW1,2012/1/14 11:00,8459.52,21.23,TRADE
NSW1,2012/1/14 11:30,8417.26,21.42,TRADE
NSW1,2012/1/14 12:00,8349.39,21.36,TRADE
NSW1,2012/1/14 12:30,8301.82,20.83,TRADE
NSW1,2012/1/14 13:00,8283.34,20.11,TRADE
NSW1,2012/1/14 13:30,8174.58,19.83,TRADE
NSW1,2012/1/14 14:00,8138.71,20.2,TRADE
NSW1,2012/1/14 14:30,8116.97,21.22,TRADE
NSW1,2012/1/14 15:00,8134.03,20.93,TRADE
NSW1,2012/1/14 15:30,8099.53,19.51,TRADE
NSW1,2012/1/14 16:00,8156.13,19.58,TRADE
NSW1,2012/1/14 16:30,8091.46,19.75,TRADE
NSW1,2012/1/14 17:00,8102.39,20.97,TRADE
NSW1,2012/1/14 17:30,8109.85,19.68,TRADE
NSW1,2012/1/14 18:00,8080.82,19.37,TRADE
NSW1,2012/1/14 18:30,7982.02,19.3,TRADE
NSW1,2012/1/14 19:00,7935.63,18.88,TRADE
NSW1,2012/1/14 19:30,7929.71,19.16,TRADE
NSW1,2012/1/14 20:00,7988.03,19.16,TRADE
NSW1,2012/1/14 20:30,7899.14,19.06,TRADE
NSW1,2012/1/14 21:00,7752.25,18.38,TRADE
NSW1,2012/1/14 21:30,7783.12,18.44,TRADE
NSW1,2012/1/14 22:00,7651.55,17.88,TRADE
NSW1,2012/1/14 22:30,7639.66,19.63,TRADE
NSW1,2012/1/14 23:00,7488.97,18.96,TRADE
NSW1,2012/1/14 23:30,7263.41,17.89,TRADE
NSW1,2012/1/15 0:00,7128.42,17.9,TRADE
NSW1,2012/1/15 0:30,7000.67,17.43,TRADE
NSW1,2012/1/15 1:00,6817.33,17.41,TRADE
NSW1,2012/1/15 1:30,6603.21,17.18,TRADE
NSW1,2012/1/15 2:00,6349.32,14.67,TRADE
NSW1,2012/1/15 2:30,6235.56,15.44,TRADE
NSW1,2012/1/15 3:00,6149.87,15.38,TRADE
NSW1,2012/1/15 3:30,6081.79,14.56,TRADE
NSW1,2012/1/15 4:00,6093.64,14.64,TRADE
NSW1,2012/1/15 4:30,6126.59,14.54,TRADE
NSW1,2012/1/15 5:00,6166.93,15,TRADE
NSW1,2012/1/15 5:30,6175.09,16.28,TRADE
NSW1,2012/1/15 6:00,6278.84,15.59,TRADE
NSW1,2012/1/15 6:30,6513.71,16.33,TRADE
NSW1,2012/1/15 7:00,6809.93,16.97,TRADE
NSW1,2012/1/15 7:30,7106.87,17.9,TRADE
NSW1,2012/1/15 8:00,7380.55,18.06,TRADE
NSW1,2012/1/15 8:30,7657.69,18.45,TRADE
NSW1,2012/1/15 9:00,7907.35,19.55,TRADE
NSW1,2012/1/15 9:30,8049,19.07,TRADE
NSW1,2012/1/15 10:00,8123.8,20.39,TRADE
NSW1,2012/1/15 10:30,8166.82,19.27,TRADE
NSW1,2012/1/15 11:00,8168.34,19.55,TRADE
NSW1,2012/1/15 11:30,8147.09,19.67,TRADE
NSW1,2012/1/15 12:00,8171.35,19.55,TRADE
NSW1,2012/1/15 12:30,8134.62,19.64,TRADE
NSW1,2012/1/15 13:00,8089.58,20.24,TRADE
NSW1,2012/1/15 13:30,8053.92,19.3,TRADE
NSW1,2012/1/15 14:00,8045.29,20.12,TRADE
NSW1,2012/1/15 14:30,8056.86,19.76,TRADE
NSW1,2012/1/15 15:00,8071.68,19.7,TRADE
NSW1,2012/1/15 15:30,8089.28,19.69,TRADE
NSW1,2012/1/15 16:00,8105.99,20.47,TRADE
NSW1,2012/1/15 16:30,8182.82,20.85,TRADE
NSW1,2012/1/15 17:00,8216.53,21,TRADE
NSW1,2012/1/15 17:30,8325.82,22.47,TRADE
NSW1,2012/1/15 18:00,8293.61,21.85,TRADE
NSW1,2012/1/15 18:30,8147.05,20.68,TRADE
NSW1,2012/1/15 19:00,8079.02,21.18,TRADE
NSW1,2012/1/15 19:30,8094.26,21.6,TRADE
NSW1,2012/1/15 20:00,8208.8,22.15,TRADE
NSW1,2012/1/15 20:30,8072.38,20.52,TRADE
NSW1,2012/1/15 21:00,7862.68,18.88,TRADE
NSW1,2012/1/15 21:30,7781.8,18.46,TRADE
NSW1,2012/1/15 22:00,7655.6,17.63,TRADE
NSW1,2012/1/15 22:30,7633.64,18.16,TRADE
NSW1,2012/1/15 23:00,7371.85,17.54,TRADE
NSW1,2012/1/15 23:30,7141.43,17.47,TRADE
NSW1,2012/1/16 0:00,7015.68,17.71,TRADE
NSW1,2012/1/16 0:30,6885.82,16.77,TRADE
NSW1,2012/1/16 1:00,6786.77,17.65,TRADE
NSW1,2012/1/16 1:30,6579.97,18.51,TRADE
NSW1,2012/1/16 2:00,6408.22,16.68,TRADE
NSW1,2012/1/16 2:30,6349.56,18.5,TRADE
NSW1,2012/1/16 3:00,6338.18,17.31,TRADE
NSW1,2012/1/16 3:30,6330.41,16.98,TRADE
NSW1,2012/1/16 4:00,6335.17,17.26,TRADE
NSW1,2012/1/16 4:30,6546.32,17.23,TRADE
NSW1,2012/1/16 5:00,6829.41,18.03,TRADE
NSW1,2012/1/16 5:30,7295.48,22.83,TRADE
NSW1,2012/1/16 6:00,7757.86,26.5,TRADE
NSW1,2012/1/16 6:30,8159.16,24.84,TRADE
NSW1,2012/1/16 7:00,8608.56,25.31,TRADE
NSW1,2012/1/16 7:30,8899.33,23.86,TRADE
NSW1,2012/1/16 8:00,9155.6,25.17,TRADE
NSW1,2012/1/16 8:30,9404.23,26.88,TRADE
NSW1,2012/1/16 9:00,9491.33,26.14,TRADE
NSW1,2012/1/16 9:30,9639.65,24.99,TRADE
NSW1,2012/1/16 10:00,9576.59,25.15,TRADE
NSW1,2012/1/16 10:30,9728.55,25.43,TRADE
NSW1,2012/1/16 11:00,9732.95,25.7,TRADE
NSW1,2012/1/16 11:30,9690.67,25.49,TRADE
NSW1,2012/1/16 12:00,9672.3,25.33,TRADE
NSW1,2012/1/16 12:30,9634.51,25.79,TRADE
NSW1,2012/1/16 13:00,9624.79,26.37,TRADE
NSW1,2012/1/16 13:30,9622.78,26.83,TRADE
NSW1,2012/1/16 14:00,9610.46,26.31,TRADE
NSW1,2012/1/16 14:30,9599.33,26.37,TRADE
NSW1,2012/1/16 15:00,9605.63,28,TRADE
NSW1,2012/1/16 15:30,9650.75,27.98,TRADE
NSW1,2012/1/16 16:00,9667.2,28.3,TRADE
NSW1,2012/1/16 16:30,9623.32,27.01,TRADE
NSW1,2012/1/16 17:00,9595.7,26.42,TRADE
NSW1,2012/1/16 17:30,9309.61,26.07,TRADE
NSW1,2012/1/16 18:00,9290.95,26.43,TRADE
NSW1,2012/1/16 18:30,9033.32,25.72,TRADE
NSW1,2012/1/16 19:00,8927.23,26.45,TRADE
NSW1,2012/1/16 19:30,8916.38,26.35,TRADE
NSW1,2012/1/16 20:00,8955.52,25.91,TRADE
NSW1,2012/1/16 20:30,8827.2,25.6,TRADE
NSW1,2012/1/16 21:00,8569.74,24.9,TRADE
NSW1,2012/1/16 21:30,8568.52,24.89,TRADE
NSW1,2012/1/16 22:00,8339.07,22.71,TRADE
NSW1,2012/1/16 22:30,8322.18,24.76,TRADE
NSW1,2012/1/16 23:00,8092.8,24.18,TRADE
NSW1,2012/1/16 23:30,7913.38,23.57,TRADE
NSW1,2012/1/17 0:00,7760.07,21.78,TRADE
NSW1,2012/1/17 0:30,7591.09,23.45,TRADE
NSW1,2012/1/17 1:00,7411.46,20.75,TRADE
NSW1,2012/1/17 1:30,7055.09,16.52,TRADE
NSW1,2012/1/17 2:00,6845.74,15.26,TRADE
NSW1,2012/1/17 2:30,6629.42,13.17,TRADE
NSW1,2012/1/17 3:00,6532.7,12.1,TRADE
NSW1,2012/1/17 3:30,6497.77,13.06,TRADE
NSW1,2012/1/17 4:00,6525.7,12.18,TRADE
NSW1,2012/1/17 4:30,6766.96,15.24,TRADE
NSW1,2012/1/17 5:00,6964.6,17.59,TRADE
NSW1,2012/1/17 5:30,7458.89,20.46,TRADE
NSW1,2012/1/17 6:00,7831.46,22.6,TRADE
NSW1,2012/1/17 6:30,8249.25,25.31,TRADE
NSW1,2012/1/17 7:00,8655.16,26.43,TRADE
NSW1,2012/1/17 7:30,9052.08,25.35,TRADE
NSW1,2012/1/17 8:00,9288.42,26.22,TRADE
NSW1,2012/1/17 8:30,9566.68,26.96,TRADE
NSW1,2012/1/17 9:00,9656.1,27.12,TRADE
NSW1,2012/1/17 9:30,9765.75,26.46,TRADE
NSW1,2012/1/17 10:00,9798.57,26.92,TRADE
NSW1,2012/1/17 10:30,9830.3,27.11,TRADE
NSW1,2012/1/17 11:00,9827.68,27.06,TRADE
NSW1,2012/1/17 11:30,9887.82,26.65,TRADE
NSW1,2012/1/17 12:00,9899.21,27.41,TRADE
NSW1,2012/1/17 12:30,9918.47,26.9,TRADE
NSW1,2012/1/17 13:00,9946.02,29.13,TRADE
NSW1,2012/1/17 13:30,9947.5,29.95,TRADE
NSW1,2012/1/17 14:00,10023.58,30.9,TRADE
NSW1,2012/1/17 14:30,9972.15,28.83,TRADE
NSW1,2012/1/17 15:00,10097.02,34.94,TRADE
NSW1,2012/1/17 15:30,10144.54,31.33,TRADE
NSW1,2012/1/17 16:00,10142.03,31.31,TRADE
NSW1,2012/1/17 16:30,10050.5,31.31,TRADE
NSW1,2012/1/17 17:00,9849.54,30.54,TRADE
NSW1,2012/1/17 17:30,9655.9,30.2,TRADE
NSW1,2012/1/17 18:00,9497.9,27.99,TRADE
NSW1,2012/1/17 18:30,9302.9,26.59,TRADE
NSW1,2012/1/17 19:00,9142,26.91,TRADE
NSW1,2012/1/17 19:30,9048.56,26.52,TRADE
NSW1,2012/1/17 20:00,9219.82,27.43,TRADE
NSW1,2012/1/17 20:30,9033.24,27.6,TRADE
NSW1,2012/1/17 21:00,8852.91,25.68,TRADE
NSW1,2012/1/17 21:30,8827.04,25.65,TRADE
NSW1,2012/1/17 22:00,8645.01,24.81,TRADE
NSW1,2012/1/17 22:30,8505.77,28.61,TRADE
NSW1,2012/1/17 23:00,8326.23,27.02,TRADE
NSW1,2012/1/17 23:30,8052.46,26.3,TRADE
NSW1,2012/1/18 0:00,7913.28,24.44,TRADE
NSW1,2012/1/18 0:30,7705.26,24.52,TRADE
NSW1,2012/1/18 1:00,7471.67,25.06,TRADE
NSW1,2012/1/18 1:30,7130.32,24.39,TRADE
NSW1,2012/1/18 2:00,6899.69,20.85,TRADE
NSW1,2012/1/18 2:30,6689.68,15.68,TRADE
NSW1,2012/1/18 3:00,6662.38,17.2,TRADE
NSW1,2012/1/18 3:30,6644.71,17.61,TRADE
NSW1,2012/1/18 4:00,6689.29,17.91,TRADE
NSW1,2012/1/18 4:30,6898.16,18.15,TRADE
NSW1,2012/1/18 5:00,7131.66,22.38,TRADE
NSW1,2012/1/18 5:30,7583.16,26.62,TRADE
NSW1,2012/1/18 6:00,8015.27,25.32,TRADE
NSW1,2012/1/18 6:30,8406.96,28.77,TRADE
NSW1,2012/1/18 7:00,8888.47,29.25,TRADE
NSW1,2012/1/18 7:30,9259.82,26.94,TRADE
NSW1,2012/1/18 8:00,9498.57,29.58,TRADE
NSW1,2012/1/18 8:30,9732.21,31.15,TRADE
NSW1,2012/1/18 9:00,9964.24,32.33,TRADE
NSW1,2012/1/18 9:30,10093.34,32.72,TRADE
NSW1,2012/1/18 10:00,10158.78,31.87,TRADE
NSW1,2012/1/18 10:30,10142.5,30.42,TRADE
NSW1,2012/1/18 11:00,10200.95,31.21,TRADE
NSW1,2012/1/18 11:30,10244.89,30.85,TRADE
NSW1,2012/1/18 12:00,10312.26,30.76,TRADE
NSW1,2012/1/18 12:30,10384.81,30.98,TRADE
NSW1,2012/1/18 13:00,10455.21,31.08,TRADE
NSW1,2012/1/18 13:30,10552.97,38.19,TRADE
NSW1,2012/1/18 14:00,10663.76,34.83,TRADE
NSW1,2012/1/18 14:30,10737.17,31.29,TRADE
NSW1,2012/1/18 15:00,10841.59,44.35,TRADE
NSW1,2012/1/18 15:30,10871.35,31.88,TRADE
NSW1,2012/1/18 16:00,10936.74,30.98,TRADE
NSW1,2012/1/18 16:30,10885.65,31.84,TRADE
NSW1,2012/1/18 17:00,10802.13,31.81,TRADE
NSW1,2012/1/18 17:30,10503.59,27.62,TRADE
NSW1,2012/1/18 18:00,10272.21,28.18,TRADE
NSW1,2012/1/18 18:30,9965.98,26.74,TRADE
NSW1,2012/1/18 19:00,9882.16,26.99,TRADE
NSW1,2012/1/18 19:30,9826.07,27.02,TRADE
NSW1,2012/1/18 20:00,9868.67,27.31,TRADE
NSW1,2012/1/18 20:30,9660.94,26.68,TRADE
NSW1,2012/1/18 21:00,9299.43,24.64,TRADE
NSW1,2012/1/18 21:30,9243.08,25.33,TRADE
NSW1,2012/1/18 22:00,8982.44,23.63,TRADE
NSW1,2012/1/18 22:30,8676.14,26.79,TRADE
NSW1,2012/1/18 23:00,8504.22,25.96,TRADE
NSW1,2012/1/18 23:30,8200.54,25.83,TRADE
NSW1,2012/1/19 0:00,7968.22,24.82,TRADE
NSW1,2012/1/19 0:30,7760.41,24.07,TRADE
NSW1,2012/1/19 1:00,7525.42,21.46,TRADE
NSW1,2012/1/19 1:30,7139.45,16.36,TRADE
NSW1,2012/1/19 2:00,6837.86,14.22,TRADE
NSW1,2012/1/19 2:30,6665.06,15.35,TRADE
NSW1,2012/1/19 3:00,6590.04,15.91,TRADE
NSW1,2012/1/19 3:30,6546.87,14.58,TRADE
NSW1,2012/1/19 4:00,6649.12,19.06,TRADE
NSW1,2012/1/19 4:30,6849.26,16.36,TRADE
NSW1,2012/1/19 5:00,7030.77,18.26,TRADE
NSW1,2012/1/19 5:30,7449.8,23.27,TRADE
NSW1,2012/1/19 6:00,7861.82,25.13,TRADE
NSW1,2012/1/19 6:30,8353.46,29.17,TRADE
NSW1,2012/1/19 7:00,8792.04,28.23,TRADE
NSW1,2012/1/19 7:30,9142.73,25.81,TRADE
NSW1,2012/1/19 8:00,9471.51,26.44,TRADE
NSW1,2012/1/19 8:30,9670.58,26.5,TRADE
NSW1,2012/1/19 9:00,9883.65,27.05,TRADE
NSW1,2012/1/19 9:30,10016.74,27.02,TRADE
NSW1,2012/1/19 10:00,10142.89,27.66,TRADE
NSW1,2012/1/19 10:30,10179.47,27.14,TRADE
NSW1,2012/1/19 11:00,10263.33,27.84,TRADE
NSW1,2012/1/19 11:30,10317.86,27.09,TRADE
NSW1,2012/1/19 12:00,10265.86,27.05,TRADE
NSW1,2012/1/19 12:30,10414.48,27.21,TRADE
NSW1,2012/1/19 13:00,10532.44,31.19,TRADE
NSW1,2012/1/19 13:30,10601.72,31.41,TRADE
NSW1,2012/1/19 14:00,10631.18,31.39,TRADE
NSW1,2012/1/19 14:30,10623.72,35.23,TRADE
NSW1,2012/1/19 15:00,10634.25,31.1,TRADE
NSW1,2012/1/19 15:30,10668.94,30.93,TRADE
NSW1,2012/1/19 16:00,10626.28,30.49,TRADE
NSW1,2012/1/19 16:30,10498.69,31.35,TRADE
NSW1,2012/1/19 17:00,10414.37,28.41,TRADE
NSW1,2012/1/19 17:30,10146.72,27.91,TRADE
NSW1,2012/1/19 18:00,9999.04,27.89,TRADE
NSW1,2012/1/19 18:30,9760.52,26.77,TRADE
NSW1,2012/1/19 19:00,9541.34,27.24,TRADE
NSW1,2012/1/19 19:30,9527.18,26.87,TRADE
NSW1,2012/1/19 20:00,9580.32,27.78,TRADE
NSW1,2012/1/19 20:30,9309.88,26.67,TRADE
NSW1,2012/1/19 21:00,9007.47,26,TRADE
NSW1,2012/1/19 21:30,8960.18,25.39,TRADE
NSW1,2012/1/19 22:00,8725.65,23.08,TRADE
NSW1,2012/1/19 22:30,8573.87,28.38,TRADE
NSW1,2012/1/19 23:00,8345.72,25.74,TRADE
NSW1,2012/1/19 23:30,8029.54,25.84,TRADE
NSW1,2012/1/20 0:00,7807.78,24.76,TRADE
NSW1,2012/1/20 0:30,7642.39,24.07,TRADE
NSW1,2012/1/20 1:00,7413.63,20.05,TRADE
NSW1,2012/1/20 1:30,7106.83,18.08,TRADE
NSW1,2012/1/20 2:00,6881.38,17.03,TRADE
NSW1,2012/1/20 2:30,6721.2,14.68,TRADE
NSW1,2012/1/20 3:00,6667.65,14.26,TRADE
NSW1,2012/1/20 3:30,6661.31,14.21,TRADE
NSW1,2012/1/20 4:00,6699.2,16.89,TRADE
NSW1,2012/1/20 4:30,6879.9,17.98,TRADE
NSW1,2012/1/20 5:00,7201.29,19.97,TRADE
NSW1,2012/1/20 5:30,7588.71,25.66,TRADE
NSW1,2012/1/20 6:00,7979.47,25.94,TRADE
NSW1,2012/1/20 6:30,8431.08,29.39,TRADE
NSW1,2012/1/20 7:00,8938.2,31.18,TRADE
NSW1,2012/1/20 7:30,9375.71,26.55,TRADE
NSW1,2012/1/20 8:00,9665.33,28.08,TRADE
NSW1,2012/1/20 8:30,9926.9,30.66,TRADE
NSW1,2012/1/20 9:00,10032.66,29.96,TRADE
NSW1,2012/1/20 9:30,10144.43,31.18,TRADE
NSW1,2012/1/20 10:00,10175.7,30.49,TRADE
NSW1,2012/1/20 10:30,10090,28.64,TRADE
NSW1,2012/1/20 11:00,10103.91,28.62,TRADE
NSW1,2012/1/20 11:30,10233.81,28.88,TRADE
NSW1,2012/1/20 12:00,10190.32,27.89,TRADE
NSW1,2012/1/20 12:30,10257.23,28.41,TRADE
NSW1,2012/1/20 13:00,10299.9,28.43,TRADE
NSW1,2012/1/20 13:30,10356.6,31.21,TRADE
NSW1,2012/1/20 14:00,10412.82,31.56,TRADE
NSW1,2012/1/20 14:30,10502.71,31.4,TRADE
NSW1,2012/1/20 15:00,10542.15,30.9,TRADE
NSW1,2012/1/20 15:30,10504.3,31.26,TRADE
NSW1,2012/1/20 16:00,10511.24,31.26,TRADE
NSW1,2012/1/20 16:30,10390.38,31.18,TRADE
NSW1,2012/1/20 17:00,10143.76,29.36,TRADE
NSW1,2012/1/20 17:30,9708.56,26.49,TRADE
NSW1,2012/1/20 18:00,9477.59,27.47,TRADE
NSW1,2012/1/20 18:30,9168.28,26.58,TRADE
NSW1,2012/1/20 19:00,9146.14,26.48,TRADE
NSW1,2012/1/20 19:30,9176.1,26.48,TRADE
NSW1,2012/1/20 20:00,9203.24,26.58,TRADE
NSW1,2012/1/20 20:30,9046.17,26.49,TRADE
NSW1,2012/1/20 21:00,8782.75,25.78,TRADE
NSW1,2012/1/20 21:30,8802.02,25.6,TRADE
NSW1,2012/1/20 22:00,8590.51,23.67,TRADE
NSW1,2012/1/20 22:30,8491.25,28.22,TRADE
NSW1,2012/1/20 23:00,8360.99,25.59,TRADE
NSW1,2012/1/20 23:30,8038.42,24.55,TRADE
NSW1,2012/1/21 0:00,7824.67,25.29,TRADE
NSW1,2012/1/21 0:30,7601.11,24.74,TRADE
NSW1,2012/1/21 1:00,7357.05,24.15,TRADE
NSW1,2012/1/21 1:30,7060.63,22.86,TRADE
NSW1,2012/1/21 2:00,6804.64,18.1,TRADE
NSW1,2012/1/21 2:30,6582.69,17.95,TRADE
NSW1,2012/1/21 3:00,6505.12,16.83,TRADE
NSW1,2012/1/21 3:30,6522.91,17.97,TRADE
NSW1,2012/1/21 4:00,6540.66,17.97,TRADE
NSW1,2012/1/21 4:30,6582.52,18.01,TRADE
NSW1,2012/1/21 5:00,6729.62,18.04,TRADE
NSW1,2012/1/21 5:30,6801.65,17.98,TRADE
NSW1,2012/1/21 6:00,6945.86,18.34,TRADE
NSW1,2012/1/21 6:30,7230.23,22.4,TRADE
NSW1,2012/1/21 7:00,7641.22,24.15,TRADE
NSW1,2012/1/21 7:30,8086.23,23.86,TRADE
NSW1,2012/1/21 8:00,8355.46,24.57,TRADE
NSW1,2012/1/21 8:30,8750.67,26.39,TRADE
NSW1,2012/1/21 9:00,8862.52,27.31,TRADE
NSW1,2012/1/21 9:30,8921.79,26.13,TRADE
NSW1,2012/1/21 10:00,8857.82,26.56,TRADE
NSW1,2012/1/21 10:30,8837.48,26.3,TRADE
NSW1,2012/1/21 11:00,8869.04,26.71,TRADE
NSW1,2012/1/21 11:30,8827.1,26.5,TRADE
NSW1,2012/1/21 12:00,8804.58,26.33,TRADE
NSW1,2012/1/21 12:30,8754.09,27.34,TRADE
NSW1,2012/1/21 13:00,8671.46,26.73,TRADE
NSW1,2012/1/21 13:30,8624.59,28.22,TRADE
NSW1,2012/1/21 14:00,8623.09,29.39,TRADE
NSW1,2012/1/21 14:30,8600.39,28.64,TRADE
NSW1,2012/1/21 15:00,8520.91,27.13,TRADE
NSW1,2012/1/21 15:30,8559.4,28.3,TRADE
NSW1,2012/1/21 16:00,8520.2,27.36,TRADE
NSW1,2012/1/21 16:30,8374.09,25.35,TRADE
NSW1,2012/1/21 17:00,8430.72,27.63,TRADE
NSW1,2012/1/21 17:30,8476.27,26.39,TRADE
NSW1,2012/1/21 18:00,8395.08,26.82,TRADE
NSW1,2012/1/21 18:30,8302.41,26.56,TRADE
NSW1,2012/1/21 19:00,8194.63,25.72,TRADE
NSW1,2012/1/21 19:30,8193.78,25.47,TRADE
NSW1,2012/1/21 20:00,8293.34,26.09,TRADE
NSW1,2012/1/21 20:30,8226.65,27.93,TRADE
NSW1,2012/1/21 21:00,8073.23,25.34,TRADE
NSW1,2012/1/21 21:30,8064.17,25.99,TRADE
NSW1,2012/1/21 22:00,7951.46,24.97,TRADE
NSW1,2012/1/21 22:30,7910.9,25.4,TRADE
NSW1,2012/1/21 23:00,7679.87,24.05,TRADE
NSW1,2012/1/21 23:30,7412.81,24.36,TRADE
NSW1,2012/1/22 0:00,7247.63,24.22,TRADE
NSW1,2012/1/22 0:30,7030.8,22.41,TRADE
NSW1,2012/1/22 1:00,6810.53,17.77,TRADE
NSW1,2012/1/22 1:30,6569.28,17.76,TRADE
NSW1,2012/1/22 2:00,6357.19,17.64,TRADE
NSW1,2012/1/22 2:30,6210.12,17.81,TRADE
NSW1,2012/1/22 3:00,6149.87,14.75,TRADE
NSW1,2012/1/22 3:30,6139.32,14.12,TRADE
NSW1,2012/1/22 4:00,6070.19,13.33,TRADE
NSW1,2012/1/22 4:30,6130.65,17.74,TRADE
NSW1,2012/1/22 5:00,6092.13,14.82,TRADE
NSW1,2012/1/22 5:30,6117.69,13.27,TRADE
NSW1,2012/1/22 6:00,6233.8,16.38,TRADE
NSW1,2012/1/22 6:30,6500.68,17.98,TRADE
NSW1,2012/1/22 7:00,6794.15,20.36,TRADE
NSW1,2012/1/22 7:30,7165.16,19.68,TRADE
NSW1,2012/1/22 8:00,7461.03,21.49,TRADE
NSW1,2012/1/22 8:30,7776.38,23.93,TRADE
NSW1,2012/1/22 9:00,7928.16,24.62,TRADE
NSW1,2012/1/22 9:30,8095.47,26.17,TRADE
NSW1,2012/1/22 10:00,8140.37,27.78,TRADE
NSW1,2012/1/22 10:30,8190.86,27.05,TRADE
NSW1,2012/1/22 11:00,8177.77,27.53,TRADE
NSW1,2012/1/22 11:30,8188.89,26.7,TRADE
NSW1,2012/1/22 12:00,8143.96,28.13,TRADE
NSW1,2012/1/22 12:30,8081.5,26.71,TRADE
NSW1,2012/1/22 13:00,8084.18,29.13,TRADE
NSW1,2012/1/22 13:30,8061.46,30.17,TRADE
NSW1,2012/1/22 14:00,8078.32,29.8,TRADE
NSW1,2012/1/22 14:30,8170,28.12,TRADE
NSW1,2012/1/22 15:00,8152.04,27.04,TRADE
NSW1,2012/1/22 15:30,8202.05,27.13,TRADE
NSW1,2012/1/22 16:00,8222.63,27.29,TRADE
NSW1,2012/1/22 16:30,8190.49,28.38,TRADE
NSW1,2012/1/22 17:00,8264.7,29,TRADE
NSW1,2012/1/22 17:30,8352.77,29.92,TRADE
NSW1,2012/1/22 18:00,8358.88,31.9,TRADE
NSW1,2012/1/22 18:30,8294.67,29.49,TRADE
NSW1,2012/1/22 19:00,8217.63,27.84,TRADE
NSW1,2012/1/22 19:30,8284.13,30.4,TRADE
NSW1,2012/1/22 20:00,8390.93,30.64,TRADE
NSW1,2012/1/22 20:30,8274.19,30.72,TRADE
NSW1,2012/1/22 21:00,8095,27.6,TRADE
NSW1,2012/1/22 21:30,7936.7,26.31,TRADE
NSW1,2012/1/22 22:00,7822.45,26.56,TRADE
NSW1,2012/1/22 22:30,7682.25,25.69,TRADE
NSW1,2012/1/22 23:00,7440.45,24.3,TRADE
NSW1,2012/1/22 23:30,7206.58,24.61,TRADE
NSW1,2012/1/23 0:00,7048,24.74,TRADE
NSW1,2012/1/23 0:30,6954.41,24.44,TRADE
NSW1,2012/1/23 1:00,6835.46,23.33,TRADE
NSW1,2012/1/23 1:30,6615.27,22.66,TRADE
NSW1,2012/1/23 2:00,6412.76,17.63,TRADE
NSW1,2012/1/23 2:30,6292.58,17.87,TRADE
NSW1,2012/1/23 3:00,6306.73,17.91,TRADE
NSW1,2012/1/23 3:30,6255.78,17.81,TRADE
NSW1,2012/1/23 4:00,6284.41,17.95,TRADE
NSW1,2012/1/23 4:30,6506.56,17.98,TRADE
NSW1,2012/1/23 5:00,6771.86,18.13,TRADE
NSW1,2012/1/23 5:30,7254.94,24.41,TRADE
NSW1,2012/1/23 6:00,7687.61,25.37,TRADE
NSW1,2012/1/23 6:30,8121.18,29.44,TRADE
NSW1,2012/1/23 7:00,8574.3,31.36,TRADE
NSW1,2012/1/23 7:30,8940.75,27.81,TRADE
NSW1,2012/1/23 8:00,9210.12,30.23,TRADE
NSW1,2012/1/23 8:30,9546.23,33.1,TRADE
NSW1,2012/1/23 9:00,9673.48,33.29,TRADE
NSW1,2012/1/23 9:30,9675.52,33.92,TRADE
NSW1,2012/1/23 10:00,9695.5,34.81,TRADE
NSW1,2012/1/23 10:30,9721.65,36.42,TRADE
NSW1,2012/1/23 11:00,9733.95,41.45,TRADE
NSW1,2012/1/23 11:30,9778.67,37.98,TRADE
NSW1,2012/1/23 12:00,9733.66,31.97,TRADE
NSW1,2012/1/23 12:30,9702.95,31.23,TRADE
NSW1,2012/1/23 13:00,9711.96,31.22,TRADE
NSW1,2012/1/23 13:30,9679.92,31.75,TRADE
NSW1,2012/1/23 14:00,9665.78,32.6,TRADE
NSW1,2012/1/23 14:30,9658,34.83,TRADE
NSW1,2012/1/23 15:00,9644.37,30.54,TRADE
NSW1,2012/1/23 15:30,9583.94,31.24,TRADE
NSW1,2012/1/23 16:00,9589.87,31.52,TRADE
NSW1,2012/1/23 16:30,9533.7,31.46,TRADE
NSW1,2012/1/23 17:00,9447.99,30.89,TRADE
NSW1,2012/1/23 17:30,9207.78,27.97,TRADE
NSW1,2012/1/23 18:00,9151.86,30.29,TRADE
NSW1,2012/1/23 18:30,8858.94,26.96,TRADE
NSW1,2012/1/23 19:00,8736.44,27.41,TRADE
NSW1,2012/1/23 19:30,8777.35,26.83,TRADE
NSW1,2012/1/23 20:00,8866.5,26.84,TRADE
NSW1,2012/1/23 20:30,8769.91,27.92,TRADE
NSW1,2012/1/23 21:00,8498.01,26.02,TRADE
NSW1,2012/1/23 21:30,8559.81,26.19,TRADE
NSW1,2012/1/23 22:00,8380.89,25.88,TRADE
NSW1,2012/1/23 22:30,8323.83,28.31,TRADE
NSW1,2012/1/23 23:00,8138.27,29.36,TRADE
NSW1,2012/1/23 23:30,7933.5,30.3,TRADE
NSW1,2012/1/24 0:00,7821.52,28.08,TRADE
NSW1,2012/1/24 0:30,7522.9,26.26,TRADE
NSW1,2012/1/24 1:00,7297.32,25.08,TRADE
NSW1,2012/1/24 1:30,6968.64,23.58,TRADE
NSW1,2012/1/24 2:00,6698.2,23.76,TRADE
NSW1,2012/1/24 2:30,6499.67,21.45,TRADE
NSW1,2012/1/24 3:00,6468.61,20,TRADE
NSW1,2012/1/24 3:30,6479.94,22.61,TRADE
NSW1,2012/1/24 4:00,6542.2,22.14,TRADE
NSW1,2012/1/24 4:30,6753.99,24.1,TRADE
NSW1,2012/1/24 5:00,7014.39,25.78,TRADE
NSW1,2012/1/24 5:30,7435.36,29.67,TRADE
NSW1,2012/1/24 6:00,7836.22,27.4,TRADE
NSW1,2012/1/24 6:30,8270.11,29.79,TRADE
NSW1,2012/1/24 7:00,8671.25,30.53,TRADE
NSW1,2012/1/24 7:30,9024.1,27.26,TRADE
NSW1,2012/1/24 8:00,9272.49,28.7,TRADE
NSW1,2012/1/24 8:30,9536.08,31.64,TRADE
NSW1,2012/1/24 9:00,9683.03,32.49,TRADE
NSW1,2012/1/24 9:30,9812.63,31.22,TRADE
NSW1,2012/1/24 10:00,9866.48,30.85,TRADE
NSW1,2012/1/24 10:30,9848.05,31.18,TRADE
NSW1,2012/1/24 11:00,9876.67,31.18,TRADE
NSW1,2012/1/24 11:30,9895.26,31.18,TRADE
NSW1,2012/1/24 12:00,9797.56,30.19,TRADE
NSW1,2012/1/24 12:30,9850.34,31.23,TRADE
NSW1,2012/1/24 13:00,9824.64,32.64,TRADE
NSW1,2012/1/24 13:30,9822.47,31.49,TRADE
NSW1,2012/1/24 14:00,9790.98,31.32,TRADE
NSW1,2012/1/24 14:30,9768.01,31.04,TRADE
NSW1,2012/1/24 15:00,9719.59,31.18,TRADE
NSW1,2012/1/24 15:30,9700.2,28.6,TRADE
NSW1,2012/1/24 16:00,9730.08,29.86,TRADE
NSW1,2012/1/24 16:30,9675.7,32.11,TRADE
NSW1,2012/1/24 17:00,9583.8,31.32,TRADE
NSW1,2012/1/24 17:30,9302.34,28.14,TRADE
NSW1,2012/1/24 18:00,9238.33,29.45,TRADE
NSW1,2012/1/24 18:30,9043.01,28.04,TRADE
NSW1,2012/1/24 19:00,8931.24,28.76,TRADE
NSW1,2012/1/24 19:30,9072.37,29.13,TRADE
NSW1,2012/1/24 20:00,9046.39,26.52,TRADE
NSW1,2012/1/24 20:30,8924.42,26.86,TRADE
NSW1,2012/1/24 21:00,8672.01,26.21,TRADE
NSW1,2012/1/24 21:30,8610.73,25.62,TRADE
NSW1,2012/1/24 22:00,8423.72,24.19,TRADE
NSW1,2012/1/24 22:30,8397.86,29.23,TRADE
NSW1,2012/1/24 23:00,8205.45,26.94,TRADE
NSW1,2012/1/24 23:30,7984.91,25.29,TRADE
NSW1,2012/1/25 0:00,7790.21,23.97,TRADE
NSW1,2012/1/25 0:30,7576.45,23.1,TRADE
NSW1,2012/1/25 1:00,7283.08,21.67,TRADE
NSW1,2012/1/25 1:30,7042.85,21.82,TRADE
NSW1,2012/1/25 2:00,6770.26,15.97,TRADE
NSW1,2012/1/25 2:30,6595.6,15.74,TRADE
NSW1,2012/1/25 3:00,6561.48,16.63,TRADE
NSW1,2012/1/25 3:30,6565.86,17.83,TRADE
NSW1,2012/1/25 4:00,6615.58,17.6,TRADE
NSW1,2012/1/25 4:30,6832.39,18.2,TRADE
NSW1,2012/1/25 5:00,7087.59,22.49,TRADE
NSW1,2012/1/25 5:30,7613.74,30.98,TRADE
NSW1,2012/1/25 6:00,8048.97,26.85,TRADE
NSW1,2012/1/25 6:30,8482.66,30.31,TRADE
NSW1,2012/1/25 7:00,8994.5,31.32,TRADE
NSW1,2012/1/25 7:30,9303.43,26.32,TRADE
NSW1,2012/1/25 8:00,9567,28.18,TRADE
NSW1,2012/1/25 8:30,9868.26,30.14,TRADE
NSW1,2012/1/25 9:00,10008.63,31.18,TRADE
NSW1,2012/1/25 9:30,10105.99,30.66,TRADE
NSW1,2012/1/25 10:00,10026.1,31.14,TRADE
NSW1,2012/1/25 10:30,10024.42,30.96,TRADE
NSW1,2012/1/25 11:00,10108.12,31.52,TRADE
NSW1,2012/1/25 11:30,10161.24,31.24,TRADE
NSW1,2012/1/25 12:00,10098.25,31.12,TRADE
NSW1,2012/1/25 12:30,10091.1,31.18,TRADE
NSW1,2012/1/25 13:00,10006.2,31.18,TRADE
NSW1,2012/1/25 13:30,9965.02,30.72,TRADE
NSW1,2012/1/25 14:00,9916.96,27.2,TRADE
NSW1,2012/1/25 14:30,9892.45,26.65,TRADE
NSW1,2012/1/25 15:00,9826.34,27.02,TRADE
NSW1,2012/1/25 15:30,9772.34,28.79,TRADE
NSW1,2012/1/25 16:00,9744.38,28.44,TRADE
NSW1,2012/1/25 16:30,9667.39,27.01,TRADE
NSW1,2012/1/25 17:00,9582.8,27.4,TRADE
NSW1,2012/1/25 17:30,9322.58,25.36,TRADE
NSW1,2012/1/25 18:00,9215.72,26.4,TRADE
NSW1,2012/1/25 18:30,9033.42,25.26,TRADE
NSW1,2012/1/25 19:00,8928.96,26.22,TRADE
NSW1,2012/1/25 19:30,8954.49,26.06,TRADE
NSW1,2012/1/25 20:00,8901,25.58,TRADE
NSW1,2012/1/25 20:30,8703.76,25.91,TRADE
NSW1,2012/1/25 21:00,8466.12,24.16,TRADE
NSW1,2012/1/25 21:30,8510.91,23.92,TRADE
NSW1,2012/1/25 22:00,8347.66,23.66,TRADE
NSW1,2012/1/25 22:30,8314.86,25.85,TRADE
NSW1,2012/1/25 23:00,8166.55,24.95,TRADE
NSW1,2012/1/25 23:30,7936.12,24.93,TRADE
NSW1,2012/1/26 0:00,7780,26.33,TRADE
NSW1,2012/1/26 0:30,7509.8,23.73,TRADE
NSW1,2012/1/26 1:00,7302.48,20.32,TRADE
NSW1,2012/1/26 1:30,6963.01,19.24,TRADE
NSW1,2012/1/26 2:00,6707.47,14.29,TRADE
NSW1,2012/1/26 2:30,6475.6,14,TRADE
NSW1,2012/1/26 3:00,6383.5,13.74,TRADE
NSW1,2012/1/26 3:30,6371.46,12.79,TRADE
NSW1,2012/1/26 4:00,6351.13,11.58,TRADE
NSW1,2012/1/26 4:30,6366.11,12.06,TRADE
NSW1,2012/1/26 5:00,6403.31,13.61,TRADE
NSW1,2012/1/26 5:30,6562.64,13.87,TRADE
NSW1,2012/1/26 6:00,6632.61,14.24,TRADE
NSW1,2012/1/26 6:30,6839.15,18,TRADE
NSW1,2012/1/26 7:00,7168.42,20.89,TRADE
NSW1,2012/1/26 7:30,7486.05,21.42,TRADE
NSW1,2012/1/26 8:00,7783.23,23.52,TRADE
NSW1,2012/1/26 8:30,8112.76,24.09,TRADE
NSW1,2012/1/26 9:00,8156.39,24.27,TRADE
NSW1,2012/1/26 9:30,8240.7,25.33,TRADE
NSW1,2012/1/26 10:00,8368.82,26.61,TRADE
NSW1,2012/1/26 10:30,8482.84,26.67,TRADE
NSW1,2012/1/26 11:00,8706.72,26.91,TRADE
NSW1,2012/1/26 11:30,8722.07,26.39,TRADE
NSW1,2012/1/26 12:00,8716.45,26.78,TRADE
NSW1,2012/1/26 12:30,8646.78,26.7,TRADE
NSW1,2012/1/26 13:00,8578.99,26.49,TRADE
NSW1,2012/1/26 13:30,8529.22,26.37,TRADE
NSW1,2012/1/26 14:00,8551.31,26.71,TRADE
NSW1,2012/1/26 14:30,8561.62,26.94,TRADE
NSW1,2012/1/26 15:00,8565.56,26.78,TRADE
NSW1,2012/1/26 15:30,8567.39,27.06,TRADE
NSW1,2012/1/26 16:00,8553.94,26.86,TRADE
NSW1,2012/1/26 16:30,8563.7,27.03,TRADE
NSW1,2012/1/26 17:00,8610.69,26.96,TRADE
NSW1,2012/1/26 17:30,8519.34,26.58,TRADE
NSW1,2012/1/26 18:00,8508.92,27.07,TRADE
NSW1,2012/1/26 18:30,8368.06,26.3,TRADE
NSW1,2012/1/26 19:00,8302.59,26.19,TRADE
NSW1,2012/1/26 19:30,8323.44,26.42,TRADE
NSW1,2012/1/26 20:00,8412.63,26.3,TRADE
NSW1,2012/1/26 20:30,8268.97,26.44,TRADE
NSW1,2012/1/26 21:00,8104.74,24.58,TRADE
NSW1,2012/1/26 21:30,8093.1,25.67,TRADE
NSW1,2012/1/26 22:00,8033.67,24.42,TRADE
NSW1,2012/1/26 22:30,8003.69,26.34,TRADE
NSW1,2012/1/26 23:00,7841.25,23.61,TRADE
NSW1,2012/1/26 23:30,7632.68,24.08,TRADE
NSW1,2012/1/27 0:00,7459.47,23.78,TRADE
NSW1,2012/1/27 0:30,7251.27,24.29,TRADE
NSW1,2012/1/27 1:00,7067.3,21.27,TRADE
NSW1,2012/1/27 1:30,6788.02,17.81,TRADE
NSW1,2012/1/27 2:00,6526.02,15.96,TRADE
NSW1,2012/1/27 2:30,6373.34,15.38,TRADE
NSW1,2012/1/27 3:00,6264.75,16.3,TRADE
NSW1,2012/1/27 3:30,6253.49,15.26,TRADE
NSW1,2012/1/27 4:00,6285.51,15.26,TRADE
NSW1,2012/1/27 4:30,6454.59,14.76,TRADE
NSW1,2012/1/27 5:00,6673.48,17.91,TRADE
NSW1,2012/1/27 5:30,7061.42,20.09,TRADE
NSW1,2012/1/27 6:00,7516.46,23.88,TRADE
NSW1,2012/1/27 6:30,7877.25,24.74,TRADE
NSW1,2012/1/27 7:00,8327.91,26.79,TRADE
NSW1,2012/1/27 7:30,8747.09,24.22,TRADE
NSW1,2012/1/27 8:00,9044.82,28.25,TRADE
NSW1,2012/1/27 8:30,9234.7,30.27,TRADE
NSW1,2012/1/27 9:00,9431.6,28.43,TRADE
NSW1,2012/1/27 9:30,9572.17,29.77,TRADE
NSW1,2012/1/27 10:00,9557.01,27.33,TRADE
NSW1,2012/1/27 10:30,9535.73,27.34,TRADE
NSW1,2012/1/27 11:00,9672.26,30.62,TRADE
NSW1,2012/1/27 11:30,9700.83,29.3,TRADE
NSW1,2012/1/27 12:00,9650.26,27.28,TRADE
NSW1,2012/1/27 12:30,9663.13,29.81,TRADE
NSW1,2012/1/27 13:00,9642.21,28.02,TRADE
NSW1,2012/1/27 13:30,9488.26,29.87,TRADE
NSW1,2012/1/27 14:00,9460.81,30.61,TRADE
NSW1,2012/1/27 14:30,9572.37,31.01,TRADE
NSW1,2012/1/27 15:00,9561.15,30.91,TRADE
NSW1,2012/1/27 15:30,9524.29,32.5,TRADE
NSW1,2012/1/27 16:00,9557.03,30.48,TRADE
NSW1,2012/1/27 16:30,9487.64,29.09,TRADE
NSW1,2012/1/27 17:00,9357.51,27.36,TRADE
NSW1,2012/1/27 17:30,9130.72,28.01,TRADE
NSW1,2012/1/27 18:00,8994.85,27.91,TRADE
NSW1,2012/1/27 18:30,8734.8,26.65,TRADE
NSW1,2012/1/27 19:00,8727.7,27.66,TRADE
NSW1,2012/1/27 19:30,8725.5,27.05,TRADE
NSW1,2012/1/27 20:00,8753.97,27.4,TRADE
NSW1,2012/1/27 20:30,8501.98,26.18,TRADE
NSW1,2012/1/27 21:00,8307.56,25.48,TRADE
NSW1,2012/1/27 21:30,8394.49,28.71,TRADE
NSW1,2012/1/27 22:00,8317.73,26.06,TRADE
NSW1,2012/1/27 22:30,8350.96,29,TRADE
NSW1,2012/1/27 23:00,8244.01,28.22,TRADE
NSW1,2012/1/27 23:30,8046.36,27.46,TRADE
NSW1,2012/1/28 0:00,7842.89,25.79,TRADE
NSW1,2012/1/28 0:30,7563.11,24.64,TRADE
NSW1,2012/1/28 1:00,7357.92,24.41,TRADE
NSW1,2012/1/28 1:30,7010.56,24.16,TRADE
NSW1,2012/1/28 2:00,6742.14,21.46,TRADE
NSW1,2012/1/28 2:30,6572.17,17.82,TRADE
NSW1,2012/1/28 3:00,6399.92,17.43,TRADE
NSW1,2012/1/28 3:30,6393.9,17.5,TRADE
NSW1,2012/1/28 4:00,6354.91,18.04,TRADE
NSW1,2012/1/28 4:30,6476.29,18.11,TRADE
NSW1,2012/1/28 5:00,6537.86,18.45,TRADE
NSW1,2012/1/28 5:30,6636.55,21.62,TRADE
NSW1,2012/1/28 6:00,6812.93,23.94,TRADE
NSW1,2012/1/28 6:30,7089.46,24.53,TRADE
NSW1,2012/1/28 7:00,7463.69,26.94,TRADE
NSW1,2012/1/28 7:30,7794.87,24.98,TRADE
NSW1,2012/1/28 8:00,8234.91,29.12,TRADE
NSW1,2012/1/28 8:30,8601.22,30.81,TRADE
NSW1,2012/1/28 9:00,8730.56,31.73,TRADE
NSW1,2012/1/28 9:30,8837.95,32.94,TRADE
NSW1,2012/1/28 10:00,8957.42,32.08,TRADE
NSW1,2012/1/28 10:30,8948.59,30.92,TRADE
NSW1,2012/1/28 11:00,8928.38,31.8,TRADE
NSW1,2012/1/28 11:30,8824.75,30.97,TRADE
NSW1,2012/1/28 12:00,8843.36,33.49,TRADE
NSW1,2012/1/28 12:30,8760.77,30.42,TRADE
NSW1,2012/1/28 13:00,8803.36,34.45,TRADE
NSW1,2012/1/28 13:30,8795.02,33,TRADE
NSW1,2012/1/28 14:00,8817.48,36.44,TRADE
NSW1,2012/1/28 14:30,8810.58,36.39,TRADE
NSW1,2012/1/28 15:00,8812.61,33.73,TRADE
NSW1,2012/1/28 15:30,8870.12,32.6,TRADE
NSW1,2012/1/28 16:00,8857.15,35.43,TRADE
NSW1,2012/1/28 16:30,8774.11,34.39,TRADE
NSW1,2012/1/28 17:00,8802.93,33.94,TRADE
NSW1,2012/1/28 17:30,8732.89,31.66,TRADE
NSW1,2012/1/28 18:00,8665.26,30.56,TRADE
NSW1,2012/1/28 18:30,8542.63,29.46,TRADE
NSW1,2012/1/28 19:00,8470.36,27.09,TRADE
NSW1,2012/1/28 19:30,8512.51,27.07,TRADE
NSW1,2012/1/28 20:00,8614.57,27.12,TRADE
NSW1,2012/1/28 20:30,8453.6,27.01,TRADE
NSW1,2012/1/28 21:00,8336.17,26.91,TRADE
NSW1,2012/1/28 21:30,8318.02,27.37,TRADE
NSW1,2012/1/28 22:00,8177.96,25.33,TRADE
NSW1,2012/1/28 22:30,8097.49,28.72,TRADE
NSW1,2012/1/28 23:00,7868.95,25.88,TRADE
NSW1,2012/1/28 23:30,7598.35,25.38,TRADE
NSW1,2012/1/29 0:00,7417.5,24.98,TRADE
NSW1,2012/1/29 0:30,7197.25,24.67,TRADE
NSW1,2012/1/29 1:00,7013.74,24.13,TRADE
NSW1,2012/1/29 1:30,6785.98,23.22,TRADE
NSW1,2012/1/29 2:00,6572.08,20.12,TRADE
NSW1,2012/1/29 2:30,6424,19.51,TRADE
NSW1,2012/1/29 3:00,6369.48,22.85,TRADE
NSW1,2012/1/29 3:30,6315.42,19.49,TRADE
NSW1,2012/1/29 4:00,6327.87,21,TRADE
NSW1,2012/1/29 4:30,6367.71,17.88,TRADE
NSW1,2012/1/29 5:00,6372.31,17.98,TRADE
NSW1,2012/1/29 5:30,6442.51,20.28,TRADE
NSW1,2012/1/29 6:00,6498.4,18.73,TRADE
NSW1,2012/1/29 6:30,6719.16,20.36,TRADE
NSW1,2012/1/29 7:00,7025.05,23.95,TRADE
NSW1,2012/1/29 7:30,7363.41,24.07,TRADE
NSW1,2012/1/29 8:00,7695.88,24.52,TRADE
NSW1,2012/1/29 8:30,7957.33,27.01,TRADE
NSW1,2012/1/29 9:00,8188.29,29.6,TRADE
NSW1,2012/1/29 9:30,8499.29,31.18,TRADE
NSW1,2012/1/29 10:00,8495.62,31.34,TRADE
NSW1,2012/1/29 10:30,8479.25,31.05,TRADE
NSW1,2012/1/29 11:00,8566.99,34.3,TRADE
NSW1,2012/1/29 11:30,8666.94,41.72,TRADE
NSW1,2012/1/29 12:00,8684.39,33.25,TRADE
NSW1,2012/1/29 12:30,8628.54,39.61,TRADE
NSW1,2012/1/29 13:00,8681.54,34.47,TRADE
NSW1,2012/1/29 13:30,8642.58,42.04,TRADE
NSW1,2012/1/29 14:00,8704.24,50.73,TRADE
NSW1,2012/1/29 14:30,8714.37,38.64,TRADE
NSW1,2012/1/29 15:00,8767.64,39.01,TRADE
NSW1,2012/1/29 15:30,8801.9,34.74,TRADE
NSW1,2012/1/29 16:00,8843.46,32.02,TRADE
NSW1,2012/1/29 16:30,8865.82,31.67,TRADE
NSW1,2012/1/29 17:00,8912.16,31.24,TRADE
NSW1,2012/1/29 17:30,8946.78,31.72,TRADE
NSW1,2012/1/29 18:00,8886.6,37.59,TRADE
NSW1,2012/1/29 18:30,8768.41,37.98,TRADE
NSW1,2012/1/29 19:00,8790.82,38.42,TRADE
NSW1,2012/1/29 19:30,8876.54,40.17,TRADE
NSW1,2012/1/29 20:00,8963.04,36.22,TRADE
NSW1,2012/1/29 20:30,8791.63,32.25,TRADE
NSW1,2012/1/29 21:00,8576.08,30.37,TRADE
NSW1,2012/1/29 21:30,8456.02,30.99,TRADE
NSW1,2012/1/29 22:00,8263.9,27.81,TRADE
NSW1,2012/1/29 22:30,8158.31,29.7,TRADE
NSW1,2012/1/29 23:00,7919.62,26.14,TRADE
NSW1,2012/1/29 23:30,7686.81,26.54,TRADE
NSW1,2012/1/30 0:00,7457.94,26.08,TRADE
NSW1,2012/1/30 0:30,7327.28,26.67,TRADE
NSW1,2012/1/30 1:00,7161.37,25.03,TRADE
NSW1,2012/1/30 1:30,6921.26,25.49,TRADE
NSW1,2012/1/30 2:00,6702.36,24.21,TRADE
NSW1,2012/1/30 2:30,6605.12,23.69,TRADE
NSW1,2012/1/30 3:00,6537.37,21.72,TRADE
NSW1,2012/1/30 3:30,6520.95,19.15,TRADE
NSW1,2012/1/30 4:00,6569.15,19.69,TRADE
NSW1,2012/1/30 4:30,6871.69,24.55,TRADE
NSW1,2012/1/30 5:00,7145.16,24.83,TRADE
NSW1,2012/1/30 5:30,7696.02,35.95,TRADE
NSW1,2012/1/30 6:00,8194.95,28.75,TRADE
NSW1,2012/1/30 6:30,8709.17,34.52,TRADE
NSW1,2012/1/30 7:00,9186.91,35.01,TRADE
NSW1,2012/1/30 7:30,9554.98,33.24,TRADE
NSW1,2012/1/30 8:00,9821.62,33.51,TRADE
NSW1,2012/1/30 8:30,10082.53,43.29,TRADE
NSW1,2012/1/30 9:00,10267.64,45.85,TRADE
NSW1,2012/1/30 9:30,10433.66,46.07,TRADE
NSW1,2012/1/30 10:00,10549.91,47.6,TRADE
NSW1,2012/1/30 10:30,10614.4,49.04,TRADE
NSW1,2012/1/30 11:00,10680.61,50.72,TRADE
NSW1,2012/1/30 11:30,10732.57,51.63,TRADE
NSW1,2012/1/30 12:00,10827.95,48.03,TRADE
NSW1,2012/1/30 12:30,10958.66,42.92,TRADE
NSW1,2012/1/30 13:00,11121.37,45.81,TRADE
NSW1,2012/1/30 13:30,11289.38,50.23,TRADE
NSW1,2012/1/30 14:00,11320.19,42.7,TRADE
NSW1,2012/1/30 14:30,11413.55,41.29,TRADE
NSW1,2012/1/30 15:00,11503.58,41.6,TRADE
NSW1,2012/1/30 15:30,11668.33,43.61,TRADE
NSW1,2012/1/30 16:00,11848.82,81.51,TRADE
NSW1,2012/1/30 16:30,11885.53,50.21,TRADE
NSW1,2012/1/30 17:00,11728.21,38.78,TRADE
NSW1,2012/1/30 17:30,11356.83,34.45,TRADE
NSW1,2012/1/30 18:00,11197.45,36.9,TRADE
NSW1,2012/1/30 18:30,10906.15,29.67,TRADE
NSW1,2012/1/30 19:00,10736.13,28.21,TRADE
NSW1,2012/1/30 19:30,10736.89,38.8,TRADE
NSW1,2012/1/30 20:00,10737.75,32.84,TRADE
NSW1,2012/1/30 20:30,10401.82,28.61,TRADE
NSW1,2012/1/30 21:00,10054.22,26.51,TRADE
NSW1,2012/1/30 21:30,9880.25,28.22,TRADE
NSW1,2012/1/30 22:00,9348.42,24.7,TRADE
NSW1,2012/1/30 22:30,9097.99,29.35,TRADE
NSW1,2012/1/30 23:00,8789.83,27.28,TRADE
NSW1,2012/1/30 23:30,8496.77,26.75,TRADE
NSW1,2012/1/31 0:00,8210.59,25.66,TRADE
NSW1,2012/1/31 0:30,7955.64,24.61,TRADE
NSW1,2012/1/31 1:00,7680.83,24.21,TRADE
NSW1,2012/1/31 1:30,7317.92,23.86,TRADE
NSW1,2012/1/31 2:00,7117.19,23.14,TRADE
NSW1,2012/1/31 2:30,6970.36,17.87,TRADE
NSW1,2012/1/31 3:00,6900.65,17.86,TRADE
NSW1,2012/1/31 3:30,6813.22,17.97,TRADE
NSW1,2012/1/31 4:00,6955.43,18.07,TRADE
NSW1,2012/1/31 4:30,7177.1,20.5,TRADE
NSW1,2012/1/31 5:00,7519.5,24.34,TRADE
NSW1,2012/1/31 5:30,8043.42,29.27,TRADE
NSW1,2012/1/31 6:00,8620.08,27.6,TRADE
NSW1,2012/1/31 6:30,9124.3,35.64,TRADE
NSW1,2012/1/31 7:00,9681.36,36.91,TRADE
NSW1,2012/1/31 7:30,10021.13,31.12,TRADE
NSW1,2012/1/31 8:00,10196.93,32,TRADE
NSW1,2012/1/31 8:30,10379.49,32.85,TRADE
NSW1,2012/1/31 9:00,10562.78,44.51,TRADE
NSW1,2012/1/31 9:30,10584.45,43.04,TRADE
NSW1,2012/1/31 10:00,10539.18,43.32,TRADE
NSW1,2012/1/31 10:30,10562.33,39.02,TRADE
NSW1,2012/1/31 11:00,10665.14,39.23,TRADE
NSW1,2012/1/31 11:30,10620.38,33.09,TRADE
NSW1,2012/1/31 12:00,10575.93,32.36,TRADE
NSW1,2012/1/31 12:30,10647.64,36.06,TRADE
NSW1,2012/1/31 13:00,10602.66,39.19,TRADE
NSW1,2012/1/31 13:30,10543.68,39.93,TRADE
NSW1,2012/1/31 14:00,10459.96,37.9,TRADE
NSW1,2012/1/31 14:30,10373.15,31.11,TRADE
NSW1,2012/1/31 15:00,10275.5,30.21,TRADE
NSW1,2012/1/31 15:30,10182.02,30.49,TRADE
NSW1,2012/1/31 16:00,10062.91,26.72,TRADE
NSW1,2012/1/31 16:30,9956.22,29.04,TRADE
NSW1,2012/1/31 17:00,9785.6,27.75,TRADE
NSW1,2012/1/31 17:30,9469.65,26.1,TRADE
NSW1,2012/1/31 18:00,9330.02,27.5,TRADE
NSW1,2012/1/31 18:30,9112.65,27.96,TRADE
NSW1,2012/1/31 19:00,9029.41,26.97,TRADE
NSW1,2012/1/31 19:30,8958.46,27.05,TRADE
NSW1,2012/1/31 20:00,8859.75,26.46,TRADE
NSW1,2012/1/31 20:30,8610.94,25.7,TRADE
NSW1,2012/1/31 21:00,8289.72,24.29,TRADE
NSW1,2012/1/31 21:30,8243.45,24.18,TRADE
NSW1,2012/1/31 22:00,8103.13,23,TRADE
NSW1,2012/1/31 22:30,7981.91,24.91,TRADE
NSW1,2012/1/31 23:00,7875.25,24.26,TRADE
NSW1,2012/1/31 23:30,7683.21,24.16,TRADE
NSW1,2012/2/1 0:00,7504.74,25.1,TRADE
?NSW1,2012/2/1 0:30,7325.89,24.07,TRADE
NSW1,2012/2/1 1:00,7096.04,22.3,TRADE
NSW1,2012/2/1 1:30,6787.62,19.8,TRADE
NSW1,2012/2/1 2:00,6607.25,17.56,TRADE
NSW1,2012/2/1 2:30,6414.41,15.58,TRADE
NSW1,2012/2/1 3:00,6333.57,17.13,TRADE
NSW1,2012/2/1 3:30,6320.99,17.2,TRADE
NSW1,2012/2/1 4:00,6436.96,17.97,TRADE
NSW1,2012/2/1 4:30,6625.47,18.24,TRADE
NSW1,2012/2/1 5:00,6930.33,21.69,TRADE
NSW1,2012/2/1 5:30,7514.25,30.6,TRADE
NSW1,2012/2/1 6:00,8015.65,27.64,TRADE
NSW1,2012/2/1 6:30,8500.8,31.07,TRADE
NSW1,2012/2/1 7:00,8941.28,29.18,TRADE
NSW1,2012/2/1 7:30,9115.48,25.78,TRADE
NSW1,2012/2/1 8:00,9196.52,27.05,TRADE
NSW1,2012/2/1 8:30,9207.25,27.46,TRADE
NSW1,2012/2/1 9:00,9322.35,29,TRADE
NSW1,2012/2/1 9:30,9427.35,29.67,TRADE
NSW1,2012/2/1 10:00,9440.4,27.1,TRADE
NSW1,2012/2/1 10:30,9456.75,27.87,TRADE
NSW1,2012/2/1 11:00,9344.37,27.67,TRADE
NSW1,2012/2/1 11:30,9299.97,27.73,TRADE
NSW1,2012/2/1 12:00,9243.35,27.13,TRADE
NSW1,2012/2/1 12:30,9236.4,27.03,TRADE
NSW1,2012/2/1 13:00,9253.82,26.86,TRADE
NSW1,2012/2/1 13:30,9228.67,27.39,TRADE
NSW1,2012/2/1 14:00,9167.91,26.84,TRADE
NSW1,2012/2/1 14:30,9150.91,26.96,TRADE
NSW1,2012/2/1 15:00,9130.57,27.53,TRADE
NSW1,2012/2/1 15:30,9142.04,27.73,TRADE
NSW1,2012/2/1 16:00,9190.85,27.66,TRADE
NSW1,2012/2/1 16:30,9213.82,27.04,TRADE
NSW1,2012/2/1 17:00,9228.46,27.41,TRADE
NSW1,2012/2/1 17:30,8982.21,25.41,TRADE
NSW1,2012/2/1 18:00,8885.43,26.77,TRADE
NSW1,2012/2/1 18:30,8798.85,27.04,TRADE
NSW1,2012/2/1 19:00,8672.29,26.42,TRADE
NSW1,2012/2/1 19:30,8643.77,27.48,TRADE
NSW1,2012/2/1 20:00,8650.24,26.92,TRADE
NSW1,2012/2/1 20:30,8465.81,26.4,TRADE
NSW1,2012/2/1 21:00,8197.46,25.1,TRADE
NSW1,2012/2/1 21:30,8231.86,25.42,TRADE
NSW1,2012/2/1 22:00,8134.41,23.79,TRADE
NSW1,2012/2/1 22:30,8073.67,25.67,TRADE
NSW1,2012/2/1 23:00,7916.54,24.13,TRADE
NSW1,2012/2/1 23:30,7734.35,24.35,TRADE
NSW1,2012/2/2 0:00,7562.15,24.38,TRADE
NSW1,2012/2/2 0:30,7393.92,24.47,TRADE
NSW1,2012/2/2 1:00,7138.71,22.27,TRADE
NSW1,2012/2/2 1:30,6844.17,19.16,TRADE
NSW1,2012/2/2 2:00,6525.17,14.88,TRADE
NSW1,2012/2/2 2:30,6320.59,13.61,TRADE
NSW1,2012/2/2 3:00,6273.09,13.54,TRADE
NSW1,2012/2/2 3:30,6241.53,12.98,TRADE
NSW1,2012/2/2 4:00,6324.62,18.16,TRADE
NSW1,2012/2/2 4:30,6513.16,18.24,TRADE
NSW1,2012/2/2 5:00,6780.53,18.24,TRADE
NSW1,2012/2/2 5:30,7404.79,25.12,TRADE
NSW1,2012/2/2 6:00,7891.97,25.67,TRADE
NSW1,2012/2/2 6:30,8281.24,29.23,TRADE
NSW1,2012/2/2 7:00,8719.18,33.28,TRADE
NSW1,2012/2/2 7:30,8890.78,26.96,TRADE
NSW1,2012/2/2 8:00,8969.35,27.15,TRADE
NSW1,2012/2/2 8:30,9108.96,27.21,TRADE
NSW1,2012/2/2 9:00,9272.24,28.78,TRADE
NSW1,2012/2/2 9:30,9348.82,30.42,TRADE
NSW1,2012/2/2 10:00,9360.67,30.13,TRADE
NSW1,2012/2/2 10:30,9308.31,27.93,TRADE
NSW1,2012/2/2 11:00,9288.74,27.08,TRADE
NSW1,2012/2/2 11:30,9287.05,27.77,TRADE
NSW1,2012/2/2 12:00,9166.91,27.44,TRADE
NSW1,2012/2/2 12:30,9142.16,27.03,TRADE
NSW1,2012/2/2 13:00,9122.99,27.66,TRADE
NSW1,2012/2/2 13:30,9103.97,27.68,TRADE
NSW1,2012/2/2 14:00,9040.86,28.43,TRADE
NSW1,2012/2/2 14:30,9034.27,32.44,TRADE
NSW1,2012/2/2 15:00,9006.67,30.62,TRADE
NSW1,2012/2/2 15:30,9070.74,31.14,TRADE
NSW1,2012/2/2 16:00,9099.26,32.87,TRADE
NSW1,2012/2/2 16:30,9138.27,32.19,TRADE
NSW1,2012/2/2 17:00,9200.13,27.23,TRADE
NSW1,2012/2/2 17:30,9115.99,26.94,TRADE
NSW1,2012/2/2 18:00,9052.67,26.51,TRADE
NSW1,2012/2/2 18:30,8882,24.5,TRADE
NSW1,2012/2/2 19:00,8742.7,25.49,TRADE
NSW1,2012/2/2 19:30,8804.52,26.91,TRADE
NSW1,2012/2/2 20:00,8679.12,26.06,TRADE
NSW1,2012/2/2 20:30,8394,24.7,TRADE
NSW1,2012/2/2 21:00,8099.3,23.79,TRADE
NSW1,2012/2/2 21:30,8149.47,23.81,TRADE
NSW1,2012/2/2 22:00,8065.15,22.42,TRADE
NSW1,2012/2/2 22:30,7993.7,24.72,TRADE
NSW1,2012/2/2 23:00,7834.1,24.38,TRADE
NSW1,2012/2/2 23:30,7653.53,24.44,TRADE
NSW1,2012/2/3 0:00,7546.43,24.3,TRADE
NSW1,2012/2/3 0:30,7367.34,24.37,TRADE
NSW1,2012/2/3 1:00,7122.04,21,TRADE
NSW1,2012/2/3 1:30,6783.89,17.52,TRADE
NSW1,2012/2/3 2:00,6507.58,17.8,TRADE
NSW1,2012/2/3 2:30,6335.32,15.08,TRADE
NSW1,2012/2/3 3:00,6233.84,14.77,TRADE
NSW1,2012/2/3 3:30,6247.87,15.2,TRADE
NSW1,2012/2/3 4:00,6333.01,16.49,TRADE
NSW1,2012/2/3 4:30,6511.93,18.16,TRADE
NSW1,2012/2/3 5:00,6777.77,20.17,TRADE
NSW1,2012/2/3 5:30,7401.73,30,TRADE
NSW1,2012/2/3 6:00,7994.08,28.22,TRADE
NSW1,2012/2/3 6:30,8446.73,29.29,TRADE
NSW1,2012/2/3 7:00,8814.2,32.22,TRADE
NSW1,2012/2/3 7:30,9005.23,24.59,TRADE
NSW1,2012/2/3 8:00,9065.88,24.95,TRADE
NSW1,2012/2/3 8:30,9261.64,26.27,TRADE
NSW1,2012/2/3 9:00,9351.14,27.19,TRADE
NSW1,2012/2/3 9:30,9376.68,28.68,TRADE
NSW1,2012/2/3 10:00,9414.51,27.6,TRADE
NSW1,2012/2/3 10:30,9393.84,27.88,TRADE
NSW1,2012/2/3 11:00,9364.03,27.98,TRADE
NSW1,2012/2/3 11:30,9306.13,26.77,TRADE
NSW1,2012/2/3 12:00,9251.72,27,TRADE
NSW1,2012/2/3 12:30,9264.63,30.31,TRADE
NSW1,2012/2/3 13:00,9241.2,29.78,TRADE
NSW1,2012/2/3 13:30,9229.89,25.03,TRADE
NSW1,2012/2/3 14:00,9222.6,26.04,TRADE
NSW1,2012/2/3 14:30,9185.22,26.58,TRADE
NSW1,2012/2/3 15:00,9193.38,27.06,TRADE
NSW1,2012/2/3 15:30,9195.4,26.94,TRADE
NSW1,2012/2/3 16:00,9231.54,26.97,TRADE
NSW1,2012/2/3 16:30,9151.13,27.1,TRADE
NSW1,2012/2/3 17:00,9112.42,27.48,TRADE
NSW1,2012/2/3 17:30,8970.7,26.75,TRADE
NSW1,2012/2/3 18:00,8809.49,26.95,TRADE
NSW1,2012/2/3 18:30,8687.16,24.6,TRADE
NSW1,2012/2/3 19:00,8653.71,25.32,TRADE
NSW1,2012/2/3 19:30,8710.9,25.08,TRADE
NSW1,2012/2/3 20:00,8662.1,26.43,TRADE
NSW1,2012/2/3 20:30,8466.22,25.29,TRADE
NSW1,2012/2/3 21:00,8248.31,24.36,TRADE
NSW1,2012/2/3 21:30,8260.76,24.5,TRADE
NSW1,2012/2/3 22:00,8168.77,25.22,TRADE
NSW1,2012/2/3 22:30,8216.07,29.41,TRADE
NSW1,2012/2/3 23:00,8114.22,26.66,TRADE
NSW1,2012/2/3 23:30,7883.18,26.62,TRADE
NSW1,2012/2/4 0:00,7709.07,26.83,TRADE
NSW1,2012/2/4 0:30,7450.06,24.37,TRADE
NSW1,2012/2/4 1:00,7207.97,24.39,TRADE
NSW1,2012/2/4 1:30,6919.09,23.61,TRADE
NSW1,2012/2/4 2:00,6655.57,23.95,TRADE
NSW1,2012/2/4 2:30,6435.19,18.32,TRADE
NSW1,2012/2/4 3:00,6306,19.36,TRADE
NSW1,2012/2/4 3:30,6233.24,17.61,TRADE
NSW1,2012/2/4 4:00,6287.53,18.01,TRADE
NSW1,2012/2/4 4:30,6367.04,19.01,TRADE
NSW1,2012/2/4 5:00,6420.16,18.02,TRADE
NSW1,2012/2/4 5:30,6631.93,26.6,TRADE
NSW1,2012/2/4 6:00,6790.81,20.75,TRADE
NSW1,2012/2/4 6:30,7009.62,22.26,TRADE
NSW1,2012/2/4 7:00,7317.08,25.19,TRADE
NSW1,2012/2/4 7:30,7771.55,25.99,TRADE
NSW1,2012/2/4 8:00,8182.53,27.93,TRADE
NSW1,2012/2/4 8:30,8506.67,27.18,TRADE
NSW1,2012/2/4 9:00,8655.2,27.07,TRADE
NSW1,2012/2/4 9:30,8779.94,27.08,TRADE
NSW1,2012/2/4 10:00,8721.25,27.13,TRADE
NSW1,2012/2/4 10:30,8658.13,27.05,TRADE
NSW1,2012/2/4 11:00,8585.03,27,TRADE
NSW1,2012/2/4 11:30,8494.93,27.04,TRADE
NSW1,2012/2/4 12:00,8469.52,27.06,TRADE
NSW1,2012/2/4 12:30,8418.17,27.25,TRADE
NSW1,2012/2/4 13:00,8428.01,29.55,TRADE
NSW1,2012/2/4 13:30,8379.96,27.24,TRADE
NSW1,2012/2/4 14:00,8417.75,27.07,TRADE
NSW1,2012/2/4 14:30,8422.15,27.21,TRADE
NSW1,2012/2/4 15:00,8465.05,28.07,TRADE
NSW1,2012/2/4 15:30,8483.97,28.8,TRADE
NSW1,2012/2/4 16:00,8536.49,31.05,TRADE
NSW1,2012/2/4 16:30,8488.58,31.26,TRADE
NSW1,2012/2/4 17:00,8524.76,35.7,TRADE
NSW1,2012/2/4 17:30,8555.92,31.63,TRADE
NSW1,2012/2/4 18:00,8537.18,30.89,TRADE
NSW1,2012/2/4 18:30,8432.27,28.86,TRADE
NSW1,2012/2/4 19:00,8307.92,29.13,TRADE
NSW1,2012/2/4 19:30,8354.61,31.29,TRADE
NSW1,2012/2/4 20:00,8377.71,31.84,TRADE
NSW1,2012/2/4 20:30,8218.07,29.53,TRADE
NSW1,2012/2/4 21:00,8070.31,28.15,TRADE
NSW1,2012/2/4 21:30,8003.55,27.37,TRADE
NSW1,2012/2/4 22:00,7924.46,26.12,TRADE
NSW1,2012/2/4 22:30,7877.84,27.59,TRADE
NSW1,2012/2/4 23:00,7695.67,25.52,TRADE
NSW1,2012/2/4 23:30,7449.09,26.18,TRADE
NSW1,2012/2/5 0:00,7269.84,25.69,TRADE
NSW1,2012/2/5 0:30,7085.31,24.44,TRADE
NSW1,2012/2/5 1:00,6822.01,23.84,TRADE
NSW1,2012/2/5 1:30,6554.08,23.82,TRADE
NSW1,2012/2/5 2:00,6404.17,21.18,TRADE
NSW1,2012/2/5 2:30,6224.72,18.37,TRADE
NSW1,2012/2/5 3:00,6162.85,18.88,TRADE
NSW1,2012/2/5 3:30,6119.63,18.09,TRADE
NSW1,2012/2/5 4:00,6138.56,18.05,TRADE
NSW1,2012/2/5 4:30,6157.6,18.16,TRADE
NSW1,2012/2/5 5:00,6175.25,18.16,TRADE
NSW1,2012/2/5 5:30,6305.15,20.11,TRADE
NSW1,2012/2/5 6:00,6373.47,20.37,TRADE
NSW1,2012/2/5 6:30,6590.29,19.32,TRADE
NSW1,2012/2/5 7:00,6916.49,24.18,TRADE
NSW1,2012/2/5 7:30,7243.26,22.91,TRADE
NSW1,2012/2/5 8:00,7591.96,24.63,TRADE
NSW1,2012/2/5 8:30,7861.73,26.38,TRADE
NSW1,2012/2/5 9:00,8078.31,26.81,TRADE
NSW1,2012/2/5 9:30,8257.66,27.15,TRADE
NSW1,2012/2/5 10:00,8342.43,26.62,TRADE
NSW1,2012/2/5 10:30,8357.54,26.29,TRADE
NSW1,2012/2/5 11:00,8466.76,26.72,TRADE
NSW1,2012/2/5 11:30,8491.13,27.38,TRADE
NSW1,2012/2/5 12:00,8571.88,27.07,TRADE
NSW1,2012/2/5 12:30,8572,27.26,TRADE
NSW1,2012/2/5 13:00,8618.68,27.29,TRADE
NSW1,2012/2/5 13:30,8633.15,27.74,TRADE
NSW1,2012/2/5 14:00,8705.69,33.41,TRADE
NSW1,2012/2/5 14:30,8808.33,26.93,TRADE
NSW1,2012/2/5 15:00,8851.44,26.92,TRADE
NSW1,2012/2/5 15:30,8933.96,26.75,TRADE
NSW1,2012/2/5 16:00,9015.29,27.37,TRADE
NSW1,2012/2/5 16:30,9012.5,27.03,TRADE
NSW1,2012/2/5 17:00,9128,28.27,TRADE
NSW1,2012/2/5 17:30,9078.57,27.4,TRADE
NSW1,2012/2/5 18:00,9010.83,26.91,TRADE
NSW1,2012/2/5 18:30,8906.76,26.94,TRADE
NSW1,2012/2/5 19:00,8788.7,27.06,TRADE
NSW1,2012/2/5 19:30,8931.57,27.06,TRADE
NSW1,2012/2/5 20:00,9018.93,29.99,TRADE
NSW1,2012/2/5 20:30,8793.85,26.22,TRADE
NSW1,2012/2/5 21:00,8452.92,26.07,TRADE
NSW1,2012/2/5 21:30,8282.7,25.65,TRADE
NSW1,2012/2/5 22:00,7979.37,24.42,TRADE
NSW1,2012/2/5 22:30,7828.15,25.02,TRADE
NSW1,2012/2/5 23:00,7521.05,24.43,TRADE
NSW1,2012/2/5 23:30,7277.66,24.45,TRADE
NSW1,2012/2/6 0:00,7128.33,24.3,TRADE
NSW1,2012/2/6 0:30,7001.29,24.02,TRADE
NSW1,2012/2/6 1:00,6879.79,19.51,TRADE
NSW1,2012/2/6 1:30,6676.55,18.18,TRADE
NSW1,2012/2/6 2:00,6482.75,18.36,TRADE
NSW1,2012/2/6 2:30,6390.11,17.95,TRADE
NSW1,2012/2/6 3:00,6366.36,18.02,TRADE
NSW1,2012/2/6 3:30,6397.78,18.13,TRADE
NSW1,2012/2/6 4:00,6462.79,18.16,TRADE
NSW1,2012/2/6 4:30,6720.92,18.63,TRADE
NSW1,2012/2/6 5:00,7050.65,25.28,TRADE
NSW1,2012/2/6 5:30,7576.45,33.56,TRADE
NSW1,2012/2/6 6:00,8182.97,30.72,TRADE
NSW1,2012/2/6 6:30,8666.55,32.52,TRADE
NSW1,2012/2/6 7:00,9050.18,31.9,TRADE
NSW1,2012/2/6 7:30,9278.96,26.91,TRADE
NSW1,2012/2/6 8:00,9388.37,29.49,TRADE
NSW1,2012/2/6 8:30,9630.28,31.93,TRADE
NSW1,2012/2/6 9:00,9766.55,34.98,TRADE
NSW1,2012/2/6 9:30,9897.27,36.54,TRADE
NSW1,2012/2/6 10:00,9939.68,36.19,TRADE
NSW1,2012/2/6 10:30,9919.07,31.19,TRADE
NSW1,2012/2/6 11:00,9984.37,33.35,TRADE
NSW1,2012/2/6 11:30,9972.72,34.02,TRADE
NSW1,2012/2/6 12:00,9981.35,31.49,TRADE
NSW1,2012/2/6 12:30,9981.05,31.51,TRADE
NSW1,2012/2/6 13:00,9984.18,31.26,TRADE
NSW1,2012/2/6 13:30,9967.05,29.92,TRADE
NSW1,2012/2/6 14:00,9881.68,29.8,TRADE
NSW1,2012/2/6 14:30,9785.05,28.81,TRADE
NSW1,2012/2/6 15:00,9741.33,30.41,TRADE
NSW1,2012/2/6 15:30,9733.9,29,TRADE
NSW1,2012/2/6 16:00,9750.24,33.23,TRADE
NSW1,2012/2/6 16:30,9715.04,31.47,TRADE
NSW1,2012/2/6 17:00,9531.78,27.49,TRADE
NSW1,2012/2/6 17:30,9257.28,26.52,TRADE
NSW1,2012/2/6 18:00,9132.5,26.5,TRADE
NSW1,2012/2/6 18:30,8961.75,27.12,TRADE
NSW1,2012/2/6 19:00,8889.07,26.71,TRADE
NSW1,2012/2/6 19:30,8880.8,28.14,TRADE
NSW1,2012/2/6 20:00,8808.66,27.05,TRADE
NSW1,2012/2/6 20:30,8571.89,26.67,TRADE
NSW1,2012/2/6 21:00,8311.03,25.32,TRADE
NSW1,2012/2/6 21:30,8203.23,25.8,TRADE
NSW1,2012/2/6 22:00,8018.03,24.41,TRADE
NSW1,2012/2/6 22:30,7998.15,29.3,TRADE
NSW1,2012/2/6 23:00,7815.09,26.9,TRADE
NSW1,2012/2/6 23:30,7672.64,27.71,TRADE
NSW1,2012/2/7 0:00,7521.98,26.4,TRADE
NSW1,2012/2/7 0:30,7334.19,25.26,TRADE
NSW1,2012/2/7 1:00,7110.41,24.59,TRADE
NSW1,2012/2/7 1:30,6832.43,24.75,TRADE
NSW1,2012/2/7 2:00,6597.47,24.38,TRADE
NSW1,2012/2/7 2:30,6424.39,24.34,TRADE
NSW1,2012/2/7 3:00,6326.54,23.48,TRADE
NSW1,2012/2/7 3:30,6354.1,24.01,TRADE
NSW1,2012/2/7 4:00,6472.26,24.35,TRADE
NSW1,2012/2/7 4:30,6657.62,25.16,TRADE
NSW1,2012/2/7 5:00,6977.56,26.55,TRADE
NSW1,2012/2/7 5:30,7595.21,32.75,TRADE
NSW1,2012/2/7 6:00,8137.49,30.32,TRADE
NSW1,2012/2/7 6:30,8593.01,31.86,TRADE
NSW1,2012/2/7 7:00,9004.24,32.07,TRADE
NSW1,2012/2/7 7:30,9175.75,29.4,TRADE
NSW1,2012/2/7 8:00,9203.5,31.19,TRADE
NSW1,2012/2/7 8:30,9407.17,31.41,TRADE
NSW1,2012/2/7 9:00,9525.15,31.5,TRADE
NSW1,2012/2/7 9:30,9459,31.22,TRADE
NSW1,2012/2/7 10:00,9464.33,31.56,TRADE
NSW1,2012/2/7 10:30,9559.07,31.48,TRADE
NSW1,2012/2/7 11:00,9579.61,31.42,TRADE
NSW1,2012/2/7 11:30,9541.96,31.53,TRADE
NSW1,2012/2/7 12:00,9533.71,31.46,TRADE
NSW1,2012/2/7 12:30,9512.33,31.38,TRADE
NSW1,2012/2/7 13:00,9520.05,31.32,TRADE
NSW1,2012/2/7 13:30,9480.11,29.27,TRADE
NSW1,2012/2/7 14:00,9462.31,29.75,TRADE
NSW1,2012/2/7 14:30,9369.65,26.8,TRADE
NSW1,2012/2/7 15:00,9401.95,27.62,TRADE
NSW1,2012/2/7 15:30,9404.2,27.41,TRADE
NSW1,2012/2/7 16:00,9431.57,28.19,TRADE
NSW1,2012/2/7 16:30,9369.14,28.69,TRADE
NSW1,2012/2/7 17:00,9336.91,28.47,TRADE
NSW1,2012/2/7 17:30,9128.89,26.34,TRADE
NSW1,2012/2/7 18:00,9048.92,26.89,TRADE
NSW1,2012/2/7 18:30,8833.69,25.9,TRADE
NSW1,2012/2/7 19:00,8674.17,25.67,TRADE
NSW1,2012/2/7 19:30,8694.71,26,TRADE
NSW1,2012/2/7 20:00,8653.1,26.43,TRADE
NSW1,2012/2/7 20:30,8460.35,26.33,TRADE
NSW1,2012/2/7 21:00,8134.53,24.78,TRADE
NSW1,2012/2/7 21:30,8202.38,25.8,TRADE
NSW1,2012/2/7 22:00,8033.2,24.17,TRADE
NSW1,2012/2/7 22:30,7952.55,27.63,TRADE
NSW1,2012/2/7 23:00,7807.49,25.8,TRADE
NSW1,2012/2/7 23:30,7563.37,25.81,TRADE
NSW1,2012/2/8 0:00,7419.74,26.45,TRADE
NSW1,2012/2/8 0:30,7234.82,25.33,TRADE
NSW1,2012/2/8 1:00,7003.21,24.35,TRADE
NSW1,2012/2/8 1:30,6725.47,24.25,TRADE
NSW1,2012/2/8 2:00,6477.03,20.64,TRADE
NSW1,2012/2/8 2:30,6289.87,17.74,TRADE
NSW1,2012/2/8 3:00,6266.95,18.12,TRADE
NSW1,2012/2/8 3:30,6243.08,17.78,TRADE
NSW1,2012/2/8 4:00,6290.35,18.16,TRADE
NSW1,2012/2/8 4:30,6573.71,21.2,TRADE
NSW1,2012/2/8 5:00,6840.8,24.87,TRADE
NSW1,2012/2/8 5:30,7416.6,31.28,TRADE
NSW1,2012/2/8 6:00,7876.04,29.43,TRADE
NSW1,2012/2/8 6:30,8288.51,29.68,TRADE
NSW1,2012/2/8 7:00,8699.15,31.87,TRADE
NSW1,2012/2/8 7:30,8824.18,26.38,TRADE
NSW1,2012/2/8 8:00,8906.72,27.36,TRADE
NSW1,2012/2/8 8:30,9096.33,27.38,TRADE
NSW1,2012/2/8 9:00,9233.14,26.98,TRADE
NSW1,2012/2/8 9:30,9298.34,29.53,TRADE
NSW1,2012/2/8 10:00,9323.3,31.68,TRADE
NSW1,2012/2/8 10:30,9302.38,30.1,TRADE
NSW1,2012/2/8 11:00,9311.94,29.47,TRADE
NSW1,2012/2/8 11:30,9303.18,30.37,TRADE
NSW1,2012/2/8 12:00,9311.87,27.99,TRADE
NSW1,2012/2/8 12:30,9315.96,28.85,TRADE
NSW1,2012/2/8 13:00,9324.04,29.48,TRADE
NSW1,2012/2/8 13:30,9312.31,31.5,TRADE
NSW1,2012/2/8 14:00,9272.79,31.35,TRADE
NSW1,2012/2/8 14:30,9250.58,31.59,TRADE
NSW1,2012/2/8 15:00,9266.41,31.32,TRADE
NSW1,2012/2/8 15:30,9252.51,30.01,TRADE
NSW1,2012/2/8 16:00,9268.19,31.48,TRADE
NSW1,2012/2/8 16:30,9238.19,27.05,TRADE
NSW1,2012/2/8 17:00,9155.28,27.83,TRADE
NSW1,2012/2/8 17:30,8929.43,26.75,TRADE
NSW1,2012/2/8 18:00,8802.71,26.94,TRADE
NSW1,2012/2/8 18:30,8576.23,25.03,TRADE
NSW1,2012/2/8 19:00,8471.85,25.81,TRADE
NSW1,2012/2/8 19:30,8555.26,26.94,TRADE
NSW1,2012/2/8 20:00,8493.13,26.37,TRADE
NSW1,2012/2/8 20:30,8333.95,25.74,TRADE
NSW1,2012/2/8 21:00,8016.99,24.36,TRADE
NSW1,2012/2/8 21:30,8032.13,24.74,TRADE
NSW1,2012/2/8 22:00,7891.94,25.03,TRADE
NSW1,2012/2/8 22:30,7868.65,28.8,TRADE
NSW1,2012/2/8 23:00,7702.85,25.42,TRADE
NSW1,2012/2/8 23:30,7548.6,25.68,TRADE
NSW1,2012/2/9 0:00,7417.75,26.82,TRADE
NSW1,2012/2/9 0:30,7253.52,25,TRADE
NSW1,2012/2/9 1:00,7048.27,24.34,TRADE
NSW1,2012/2/9 1:30,6758.75,24.41,TRADE
NSW1,2012/2/9 2:00,6501.84,22.82,TRADE
NSW1,2012/2/9 2:30,6333.01,18.31,TRADE
NSW1,2012/2/9 3:00,6270.84,17.33,TRADE
NSW1,2012/2/9 3:30,6246.88,18.16,TRADE
NSW1,2012/2/9 4:00,6333.05,18.16,TRADE
NSW1,2012/2/9 4:30,6576.08,22.36,TRADE
NSW1,2012/2/9 5:00,6860.68,26.3,TRADE
NSW1,2012/2/9 5:30,7438.84,30.08,TRADE
NSW1,2012/2/9 6:00,7935.3,31.63,TRADE
NSW1,2012/2/9 6:30,8426.74,30.9,TRADE
NSW1,2012/2/9 7:00,8796.27,31.56,TRADE
NSW1,2012/2/9 7:30,8974.58,26.61,TRADE
NSW1,2012/2/9 8:00,9059.88,28.05,TRADE
NSW1,2012/2/9 8:30,9268.2,27.77,TRADE
NSW1,2012/2/9 9:00,9462.45,29.1,TRADE
NSW1,2012/2/9 9:30,9513.65,31.19,TRADE
NSW1,2012/2/9 10:00,9519.89,30.71,TRADE
NSW1,2012/2/9 10:30,9513.77,30.11,TRADE
NSW1,2012/2/9 11:00,9425.86,27.34,TRADE
NSW1,2012/2/9 11:30,9398.83,29.42,TRADE
NSW1,2012/2/9 12:00,9384.7,29.39,TRADE
NSW1,2012/2/9 12:30,9431.71,28.81,TRADE
NSW1,2012/2/9 13:00,9438.74,30.1,TRADE
NSW1,2012/2/9 13:30,9408.81,28.87,TRADE
NSW1,2012/2/9 14:00,9421.07,31.66,TRADE
NSW1,2012/2/9 14:30,9358.96,29.98,TRADE
NSW1,2012/2/9 15:00,9426.52,30.87,TRADE
NSW1,2012/2/9 15:30,9454.86,28.06,TRADE
NSW1,2012/2/9 16:00,9478.39,26.65,TRADE
NSW1,2012/2/9 16:30,9369.39,26.72,TRADE
NSW1,2012/2/9 17:00,9353.67,29.12,TRADE
NSW1,2012/2/9 17:30,9245.1,26.76,TRADE
NSW1,2012/2/9 18:00,9166.62,27.21,TRADE
NSW1,2012/2/9 18:30,9035.85,26.62,TRADE
NSW1,2012/2/9 19:00,8954.73,26.14,TRADE
NSW1,2012/2/9 19:30,8955.26,26.37,TRADE
NSW1,2012/2/9 20:00,8891.54,26.32,TRADE
NSW1,2012/2/9 20:30,8613.42,26.21,TRADE
NSW1,2012/2/9 21:00,8293.33,25.49,TRADE
NSW1,2012/2/9 21:30,8278.12,25.82,TRADE
NSW1,2012/2/9 22:00,8069.06,24.54,TRADE
NSW1,2012/2/9 22:30,7979.2,27.81,TRADE
NSW1,2012/2/9 23:00,7780.78,26.17,TRADE
NSW1,2012/2/9 23:30,7624.44,26.03,TRADE
NSW1,2012/2/10 0:00,7495.39,27.11,TRADE
NSW1,2012/2/10 0:30,7306.49,26.56,TRADE
NSW1,2012/2/10 1:00,7083.53,24.38,TRADE
NSW1,2012/2/10 1:30,6771.02,24.35,TRADE
NSW1,2012/2/10 2:00,6560.85,23.77,TRADE
NSW1,2012/2/10 2:30,6348.72,17.65,TRADE
NSW1,2012/2/10 3:00,6245.44,17.35,TRADE
NSW1,2012/2/10 3:30,6268.78,17.97,TRADE
NSW1,2012/2/10 4:00,6351.31,18.16,TRADE
NSW1,2012/2/10 4:30,6572.73,18.16,TRADE
NSW1,2012/2/10 5:00,6872.73,20.63,TRADE
NSW1,2012/2/10 5:30,7442.54,27.03,TRADE
NSW1,2012/2/10 6:00,7969.4,27.31,TRADE
NSW1,2012/2/10 6:30,8402.71,27.13,TRADE
NSW1,2012/2/10 7:00,8798.92,28.01,TRADE
NSW1,2012/2/10 7:30,8957.87,26.72,TRADE
NSW1,2012/2/10 8:00,9112.63,27.55,TRADE
NSW1,2012/2/10 8:30,9342.85,27.97,TRADE
NSW1,2012/2/10 9:00,9446.13,27.1,TRADE
NSW1,2012/2/10 9:30,9559.71,28.4,TRADE
NSW1,2012/2/10 10:00,9589.21,27.51,TRADE
NSW1,2012/2/10 10:30,9465.45,26.7,TRADE
NSW1,2012/2/10 11:00,9488.85,27.39,TRADE
NSW1,2012/2/10 11:30,9546.61,27.05,TRADE
NSW1,2012/2/10 12:00,9515.58,27.48,TRADE
NSW1,2012/2/10 12:30,9539.44,27.99,TRADE
NSW1,2012/2/10 13:00,9556.54,31.49,TRADE
NSW1,2012/2/10 13:30,9590.15,28.84,TRADE
NSW1,2012/2/10 14:00,9561.1,29.76,TRADE
NSW1,2012/2/10 14:30,9464.94,26.91,TRADE
NSW1,2012/2/10 15:00,9398.05,26.94,TRADE
NSW1,2012/2/10 15:30,9313.33,27.67,TRADE
NSW1,2012/2/10 16:00,9274.99,27.02,TRADE
NSW1,2012/2/10 16:30,9215.19,26.86,TRADE
NSW1,2012/2/10 17:00,9059.36,26.05,TRADE
NSW1,2012/2/10 17:30,8791.38,24.52,TRADE
NSW1,2012/2/10 18:00,8644.74,24.63,TRADE
NSW1,2012/2/10 18:30,8416.74,24.36,TRADE
NSW1,2012/2/10 19:00,8326.36,24.35,TRADE
NSW1,2012/2/10 19:30,8517.04,25.24,TRADE
NSW1,2012/2/10 20:00,8476.42,25.56,TRADE
NSW1,2012/2/10 20:30,8259.08,25.1,TRADE
NSW1,2012/2/10 21:00,8047.39,23.99,TRADE
NSW1,2012/2/10 21:30,8094.24,24.07,TRADE
NSW1,2012/2/10 22:00,7934.24,22.43,TRADE
NSW1,2012/2/10 22:30,7998.95,24.4,TRADE
NSW1,2012/2/10 23:00,7883.93,24.76,TRADE
NSW1,2012/2/10 23:30,7703.98,25.12,TRADE
NSW1,2012/2/11 0:00,7482.69,25.09,TRADE
NSW1,2012/2/11 0:30,7332.83,24.48,TRADE
NSW1,2012/2/11 1:00,7074.81,23.91,TRADE
NSW1,2012/2/11 1:30,6783.02,23.7,TRADE
NSW1,2012/2/11 2:00,6485.29,18.63,TRADE
NSW1,2012/2/11 2:30,6301.94,17.43,TRADE
NSW1,2012/2/11 3:00,6178.9,17.87,TRADE
NSW1,2012/2/11 3:30,6110.85,18.06,TRADE
NSW1,2012/2/11 4:00,6197.17,18.06,TRADE
NSW1,2012/2/11 4:30,6275.22,18.16,TRADE
NSW1,2012/2/11 5:00,6361,18.16,TRADE
NSW1,2012/2/11 5:30,6575.75,23.38,TRADE
NSW1,2012/2/11 6:00,6752.42,24.32,TRADE
NSW1,2012/2/11 6:30,6926.67,21.57,TRADE
NSW1,2012/2/11 7:00,7293.02,24.61,TRADE
NSW1,2012/2/11 7:30,7696.36,25.72,TRADE
NSW1,2012/2/11 8:00,8021.63,26.83,TRADE
NSW1,2012/2/11 8:30,8309.42,26.64,TRADE
NSW1,2012/2/11 9:00,8371.42,26.71,TRADE
NSW1,2012/2/11 9:30,8471.49,26.87,TRADE
NSW1,2012/2/11 10:00,8479.23,26.46,TRADE
NSW1,2012/2/11 10:30,8436.76,25.97,TRADE
NSW1,2012/2/11 11:00,8493.65,26.21,TRADE
NSW1,2012/2/11 11:30,8412.57,26.15,TRADE
NSW1,2012/2/11 12:00,8275.14,25.85,TRADE
NSW1,2012/2/11 12:30,8301.62,25.51,TRADE
NSW1,2012/2/11 13:00,8297.88,25.77,TRADE
NSW1,2012/2/11 13:30,8247.81,26.01,TRADE
NSW1,2012/2/11 14:00,8226.45,25.81,TRADE
NSW1,2012/2/11 14:30,8029.21,24.99,TRADE
NSW1,2012/2/11 15:00,7958.43,24.84,TRADE
NSW1,2012/2/11 15:30,8023.54,24.7,TRADE
NSW1,2012/2/11 16:00,8068.77,24.53,TRADE
NSW1,2012/2/11 16:30,8030.12,24.43,TRADE
NSW1,2012/2/11 17:00,8058.23,24.53,TRADE
NSW1,2012/2/11 17:30,8098.9,24.47,TRADE
NSW1,2012/2/11 18:00,8065.1,24.44,TRADE
NSW1,2012/2/11 18:30,7911.85,24.06,TRADE
NSW1,2012/2/11 19:00,7912.32,24.32,TRADE
NSW1,2012/2/11 19:30,8050.64,25.61,TRADE
NSW1,2012/2/11 20:00,8085.5,25.44,TRADE
NSW1,2012/2/11 20:30,7897.78,24.06,TRADE
NSW1,2012/2/11 21:00,7709.62,23.96,TRADE
NSW1,2012/2/11 21:30,7621.4,23.92,TRADE
NSW1,2012/2/11 22:00,7553.6,22.66,TRADE
NSW1,2012/2/11 22:30,7556.98,24.36,TRADE
NSW1,2012/2/11 23:00,7383,24.17,TRADE
NSW1,2012/2/11 23:30,7145.63,24.14,TRADE
NSW1,2012/2/12 0:00,6983.42,23.36,TRADE
NSW1,2012/2/12 0:30,6888.37,21.98,TRADE
NSW1,2012/2/12 1:00,6665.44,18.5,TRADE
NSW1,2012/2/12 1:30,6480.97,19.03,TRADE
NSW1,2012/2/12 2:00,6226.16,16.1,TRADE
NSW1,2012/2/12 2:30,6067.72,18.09,TRADE
NSW1,2012/2/12 3:00,5968.78,17.45,TRADE
NSW1,2012/2/12 3:30,5946.42,16.11,TRADE
NSW1,2012/2/12 4:00,5986.02,13.58,TRADE
NSW1,2012/2/12 4:30,6008.85,14.67,TRADE
NSW1,2012/2/12 5:00,6028.68,16.2,TRADE
NSW1,2012/2/12 5:30,6177.19,21.01,TRADE
NSW1,2012/2/12 6:00,6259.19,19.47,TRADE
NSW1,2012/2/12 6:30,6470.51,18.12,TRADE
NSW1,2012/2/12 7:00,6734.94,22.52,TRADE
NSW1,2012/2/12 7:30,7046.4,21.83,TRADE
NSW1,2012/2/12 8:00,7389.96,24.26,TRADE
NSW1,2012/2/12 8:30,7586.29,24.32,TRADE
NSW1,2012/2/12 9:00,7789.92,24.32,TRADE
NSW1,2012/2/12 9:30,7962.27,24.32,TRADE
NSW1,2012/2/12 10:00,7951.8,24.32,TRADE
NSW1,2012/2/12 10:30,7948.16,24.32,TRADE
NSW1,2012/2/12 11:00,7901.92,24.32,TRADE
NSW1,2012/2/12 11:30,7921.86,24.39,TRADE
NSW1,2012/2/12 12:00,7983.47,24.82,TRADE
NSW1,2012/2/12 12:30,7958.96,24.84,TRADE
NSW1,2012/2/12 13:00,7997.31,25.25,TRADE
NSW1,2012/2/12 13:30,8004.11,25.46,TRADE
NSW1,2012/2/12 14:00,8009.49,26.3,TRADE
NSW1,2012/2/12 14:30,8037.64,25.94,TRADE
NSW1,2012/2/12 15:00,8113.76,26.48,TRADE
NSW1,2012/2/12 15:30,8140.61,26.49,TRADE
NSW1,2012/2/12 16:00,8192.98,26.37,TRADE
NSW1,2012/2/12 16:30,8132.73,25.13,TRADE
NSW1,2012/2/12 17:00,8227.5,26.11,TRADE
NSW1,2012/2/12 17:30,8181.11,24.52,TRADE
NSW1,2012/2/12 18:00,8166.85,24.35,TRADE
NSW1,2012/2/12 18:30,8077.59,24.13,TRADE
NSW1,2012/2/12 19:00,8057.09,24.36,TRADE
NSW1,2012/2/12 19:30,8187.71,24.6,TRADE
NSW1,2012/2/12 20:00,8131.86,24.64,TRADE
NSW1,2012/2/12 20:30,7989.25,24.37,TRADE
NSW1,2012/2/12 21:00,7692.21,24.32,TRADE
NSW1,2012/2/12 21:30,7625.24,24.23,TRADE
NSW1,2012/2/12 22:00,7436.48,21.87,TRADE
NSW1,2012/2/12 22:30,7376.24,23.89,TRADE
NSW1,2012/2/12 23:00,7190.71,24.19,TRADE
NSW1,2012/2/12 23:30,7010.15,24.04,TRADE
NSW1,2012/2/13 0:00,6901.56,22.91,TRADE
NSW1,2012/2/13 0:30,6820.89,20.3,TRADE
NSW1,2012/2/13 1:00,6697.37,18.89,TRADE
NSW1,2012/2/13 1:30,6448.08,21.41,TRADE
NSW1,2012/2/13 2:00,6283.62,17,TRADE
NSW1,2012/2/13 2:30,6177.02,17.11,TRADE
NSW1,2012/2/13 3:00,6125.24,15.11,TRADE
NSW1,2012/2/13 3:30,6191.14,15.37,TRADE
NSW1,2012/2/13 4:00,6209.93,15.91,TRADE
NSW1,2012/2/13 4:30,6471.75,18.24,TRADE
NSW1,2012/2/13 5:00,6750.22,19.45,TRADE
NSW1,2012/2/13 5:30,7306.19,26.36,TRADE
NSW1,2012/2/13 6:00,7802.52,25.92,TRADE
NSW1,2012/2/13 6:30,8284.38,27.74,TRADE
NSW1,2012/2/13 7:00,8760,29.32,TRADE
NSW1,2012/2/13 7:30,8959.68,26.59,TRADE
NSW1,2012/2/13 8:00,9074.45,26.15,TRADE
NSW1,2012/2/13 8:30,9314.66,27.24,TRADE
NSW1,2012/2/13 9:00,9463.99,28.06,TRADE
NSW1,2012/2/13 9:30,9570.58,27.61,TRADE
NSW1,2012/2/13 10:00,9678.05,28.55,TRADE
NSW1,2012/2/13 10:30,9640.9,29.7,TRADE
NSW1,2012/2/13 11:00,9665.75,29.84,TRADE
NSW1,2012/2/13 11:30,9634.87,28.66,TRADE
NSW1,2012/2/13 12:00,9634.06,27.46,TRADE
NSW1,2012/2/13 12:30,9680.05,30.34,TRADE
NSW1,2012/2/13 13:00,9682.51,28.92,TRADE
NSW1,2012/2/13 13:30,9662.57,29.37,TRADE
NSW1,2012/2/13 14:00,9622.05,26.85,TRADE
NSW1,2012/2/13 14:30,9480.55,29.82,TRADE
NSW1,2012/2/13 15:00,9449.94,30.85,TRADE
NSW1,2012/2/13 15:30,9478.85,28.05,TRADE
NSW1,2012/2/13 16:00,9489.08,27.04,TRADE
NSW1,2012/2/13 16:30,9376.12,27.02,TRADE
NSW1,2012/2/13 17:00,9302.42,26.93,TRADE
NSW1,2012/2/13 17:30,9079.98,27.05,TRADE
NSW1,2012/2/13 18:00,8985.66,26.48,TRADE
NSW1,2012/2/13 18:30,8776.4,26.58,TRADE
NSW1,2012/2/13 19:00,8680.33,26.87,TRADE
NSW1,2012/2/13 19:30,8734.86,26.69,TRADE
NSW1,2012/2/13 20:00,8642.76,26.23,TRADE
NSW1,2012/2/13 20:30,8416.25,25.89,TRADE
NSW1,2012/2/13 21:00,8121.85,25.51,TRADE
NSW1,2012/2/13 21:30,8089.6,25.61,TRADE
NSW1,2012/2/13 22:00,7910.99,24.2,TRADE
NSW1,2012/2/13 22:30,7891.56,26.01,TRADE
NSW1,2012/2/13 23:00,7769.13,25.84,TRADE
NSW1,2012/2/13 23:30,7570.83,26.15,TRADE
NSW1,2012/2/14 0:00,7370.53,24.85,TRADE
NSW1,2012/2/14 0:30,7240.95,24.45,TRADE
NSW1,2012/2/14 1:00,7057.03,22.91,TRADE
NSW1,2012/2/14 1:30,6727.76,21.88,TRADE
NSW1,2012/2/14 2:00,6506.64,14.31,TRADE
NSW1,2012/2/14 2:30,6356.25,15.15,TRADE
NSW1,2012/2/14 3:00,6332.93,17.7,TRADE
NSW1,2012/2/14 3:30,6274.61,16.21,TRADE
NSW1,2012/2/14 4:00,6399.19,18.13,TRADE
NSW1,2012/2/14 4:30,6544.87,18.16,TRADE
NSW1,2012/2/14 5:00,6864.51,18.24,TRADE
NSW1,2012/2/14 5:30,7498.54,26.07,TRADE
NSW1,2012/2/14 6:00,7930.53,25.24,TRADE
NSW1,2012/2/14 6:30,8375.69,26.91,TRADE
NSW1,2012/2/14 7:00,8737.22,29.3,TRADE
NSW1,2012/2/14 7:30,8920.73,26.56,TRADE
NSW1,2012/2/14 8:00,9030.61,27.82,TRADE
NSW1,2012/2/14 8:30,9267.13,28.52,TRADE
NSW1,2012/2/14 9:00,9419.28,30.43,TRADE
NSW1,2012/2/14 9:30,9496.07,29.26,TRADE
NSW1,2012/2/14 10:00,9586.56,29.01,TRADE
NSW1,2012/2/14 10:30,9500.17,30.94,TRADE
NSW1,2012/2/14 11:00,9514.98,30.46,TRADE
NSW1,2012/2/14 11:30,9562.29,30.04,TRADE
NSW1,2012/2/14 12:00,9531.71,28.7,TRADE
NSW1,2012/2/14 12:30,9515.26,27.68,TRADE
NSW1,2012/2/14 13:00,9503.52,28.47,TRADE
NSW1,2012/2/14 13:30,9577.8,31.07,TRADE
NSW1,2012/2/14 14:00,9595.17,30.74,TRADE
NSW1,2012/2/14 14:30,9490.51,28.04,TRADE
NSW1,2012/2/14 15:00,9553.9,30.15,TRADE
NSW1,2012/2/14 15:30,9608.3,29.77,TRADE
NSW1,2012/2/14 16:00,9574.42,35.73,TRADE
NSW1,2012/2/14 16:30,9514.13,28.57,TRADE
NSW1,2012/2/14 17:00,9362,27.98,TRADE
NSW1,2012/2/14 17:30,9147.59,26.45,TRADE
NSW1,2012/2/14 18:00,8960.26,27.01,TRADE
NSW1,2012/2/14 18:30,8834.56,26.84,TRADE
NSW1,2012/2/14 19:00,8750.96,26.72,TRADE
NSW1,2012/2/14 19:30,8876.66,27.15,TRADE
NSW1,2012/2/14 20:00,8796.88,27.03,TRADE
NSW1,2012/2/14 20:30,8620.16,26.69,TRADE
NSW1,2012/2/14 21:00,8323.22,25.85,TRADE
NSW1,2012/2/14 21:30,8372.75,26.3,TRADE
NSW1,2012/2/14 22:00,8181.4,25.05,TRADE
NSW1,2012/2/14 22:30,8129.64,29.55,TRADE
NSW1,2012/2/14 23:00,7974.59,27.46,TRADE
NSW1,2012/2/14 23:30,7722.2,24.92,TRADE
NSW1,2012/2/15 0:00,7551.13,25.33,TRADE
NSW1,2012/2/15 0:30,7336.7,23.99,TRADE
NSW1,2012/2/15 1:00,7194.68,22.25,TRADE
NSW1,2012/2/15 1:30,6863.95,18.56,TRADE
NSW1,2012/2/15 2:00,6608.74,15.75,TRADE
NSW1,2012/2/15 2:30,6438.62,17.71,TRADE
NSW1,2012/2/15 3:00,6347.06,13.64,TRADE
NSW1,2012/2/15 3:30,6318.21,13.15,TRADE
NSW1,2012/2/15 4:00,6415.58,17.58,TRADE
NSW1,2012/2/15 4:30,6647.57,18.16,TRADE
NSW1,2012/2/15 5:00,6914.84,18.71,TRADE
NSW1,2012/2/15 5:30,7536.22,25.65,TRADE
NSW1,2012/2/15 6:00,8006.82,26.34,TRADE
NSW1,2012/2/15 6:30,8445.58,26.86,TRADE
NSW1,2012/2/15 7:00,8836.47,27.27,TRADE
NSW1,2012/2/15 7:30,8952.83,25.71,TRADE
NSW1,2012/2/15 8:00,9046.41,26.58,TRADE
NSW1,2012/2/15 8:30,9239.08,27.08,TRADE
NSW1,2012/2/15 9:00,9357.29,27.19,TRADE
NSW1,2012/2/15 9:30,9502.23,27.31,TRADE
NSW1,2012/2/15 10:00,9536.64,26.97,TRADE
NSW1,2012/2/15 10:30,9501.25,27.15,TRADE
NSW1,2012/2/15 11:00,9507.88,27.07,TRADE
NSW1,2012/2/15 11:30,9509.67,27,TRADE
NSW1,2012/2/15 12:00,9462.79,27.03,TRADE
NSW1,2012/2/15 12:30,9540.61,27.47,TRADE
NSW1,2012/2/15 13:00,9592,29.08,TRADE
NSW1,2012/2/15 13:30,9621.27,31.19,TRADE
NSW1,2012/2/15 14:00,9599.9,32.56,TRADE
NSW1,2012/2/15 14:30,9620.01,32.77,TRADE
NSW1,2012/2/15 15:00,9624.78,31.31,TRADE
NSW1,2012/2/15 15:30,9722.92,28.95,TRADE
NSW1,2012/2/15 16:00,9784.76,31.94,TRADE
NSW1,2012/2/15 16:30,9742.84,30.27,TRADE
NSW1,2012/2/15 17:00,9678.07,29.79,TRADE
NSW1,2012/2/15 17:30,9399.3,27.86,TRADE
NSW1,2012/2/15 18:00,9292.06,26.97,TRADE
NSW1,2012/2/15 18:30,9104.64,27.01,TRADE
NSW1,2012/2/15 19:00,9026.15,27.01,TRADE
NSW1,2012/2/15 19:30,9111.16,27.26,TRADE
NSW1,2012/2/15 20:00,9017.45,27.85,TRADE
NSW1,2012/2/15 20:30,8799.26,27.97,TRADE
NSW1,2012/2/15 21:00,8505.68,26.28,TRADE
NSW1,2012/2/15 21:30,8503.68,26.64,TRADE
NSW1,2012/2/15 22:00,8264.4,24.61,TRADE
NSW1,2012/2/15 22:30,8222.84,27.38,TRADE
NSW1,2012/2/15 23:00,8027.95,26.56,TRADE
NSW1,2012/2/15 23:30,7786.9,24.82,TRADE
NSW1,2012/2/16 0:00,7612.8,25.4,TRADE
NSW1,2012/2/16 0:30,7409.97,26.51,TRADE
NSW1,2012/2/16 1:00,7186.55,22.4,TRADE
NSW1,2012/2/16 1:30,6931.04,23.42,TRADE
NSW1,2012/2/16 2:00,6652.13,19.3,TRADE
NSW1,2012/2/16 2:30,6515.43,17.59,TRADE
NSW1,2012/2/16 3:00,6403.37,17.23,TRADE
NSW1,2012/2/16 3:30,6393.73,17.52,TRADE
NSW1,2012/2/16 4:00,6505.4,18.16,TRADE
NSW1,2012/2/16 4:30,6728.06,18.16,TRADE
NSW1,2012/2/16 5:00,7025.25,20.83,TRADE
NSW1,2012/2/16 5:30,7616.24,30.07,TRADE
NSW1,2012/2/16 6:00,8120.39,28.81,TRADE
NSW1,2012/2/16 6:30,8505.46,28,TRADE
NSW1,2012/2/16 7:00,8874.95,28.91,TRADE
NSW1,2012/2/16 7:30,9021.73,26.75,TRADE
NSW1,2012/2/16 8:00,9175.32,27.26,TRADE
NSW1,2012/2/16 8:30,9435.65,29.18,TRADE
NSW1,2012/2/16 9:00,9578.8,31.82,TRADE
NSW1,2012/2/16 9:30,9645.36,33.37,TRADE
NSW1,2012/2/16 10:00,9731.78,28.97,TRADE
NSW1,2012/2/16 10:30,9700.14,28.75,TRADE
NSW1,2012/2/16 11:00,9678.23,29.67,TRADE
NSW1,2012/2/16 11:30,9785.81,32.1,TRADE
NSW1,2012/2/16 12:00,9768.41,31.88,TRADE
NSW1,2012/2/16 12:30,9806,31.7,TRADE
NSW1,2012/2/16 13:00,9844.51,31.61,TRADE
NSW1,2012/2/16 13:30,9909.28,34.01,TRADE
NSW1,2012/2/16 14:00,9914.27,31.54,TRADE
NSW1,2012/2/16 14:30,9918.29,28.94,TRADE
NSW1,2012/2/16 15:00,9971.97,28.34,TRADE
NSW1,2012/2/16 15:30,10011.18,28.98,TRADE
NSW1,2012/2/16 16:00,10033.92,28.49,TRADE
NSW1,2012/2/16 16:30,10013.96,29.64,TRADE
NSW1,2012/2/16 17:00,9952.2,34.95,TRADE
NSW1,2012/2/16 17:30,9739.91,28.07,TRADE
NSW1,2012/2/16 18:00,9583.67,27.03,TRADE
NSW1,2012/2/16 18:30,9373.41,26.89,TRADE
NSW1,2012/2/16 19:00,9281.56,26.99,TRADE
NSW1,2012/2/16 19:30,9367.38,28.44,TRADE
NSW1,2012/2/16 20:00,9264.18,28.58,TRADE
NSW1,2012/2/16 20:30,8910.51,26.18,TRADE
NSW1,2012/2/16 21:00,8553.88,26.29,TRADE
NSW1,2012/2/16 21:30,8504.36,26.21,TRADE
NSW1,2012/2/16 22:00,8301.14,24.74,TRADE
NSW1,2012/2/16 22:30,8202.92,28.46,TRADE
NSW1,2012/2/16 23:00,8014.27,25.64,TRADE
NSW1,2012/2/16 23:30,7784.98,25.63,TRADE
NSW1,2012/2/17 0:00,7637.18,27.17,TRADE
NSW1,2012/2/17 0:30,7427.95,25,TRADE
NSW1,2012/2/17 1:00,7201.78,23.08,TRADE
NSW1,2012/2/17 1:30,6926.69,22.08,TRADE
NSW1,2012/2/17 2:00,6628.69,16.17,TRADE
NSW1,2012/2/17 2:30,6463.91,16.27,TRADE
NSW1,2012/2/17 3:00,6407.5,13.73,TRADE
NSW1,2012/2/17 3:30,6395.93,14.7,TRADE
NSW1,2012/2/17 4:00,6464.81,16.02,TRADE
NSW1,2012/2/17 4:30,6679.22,17.97,TRADE
NSW1,2012/2/17 5:00,6936.4,19.57,TRADE
NSW1,2012/2/17 5:30,7519.64,27.13,TRADE
NSW1,2012/2/17 6:00,7985.31,26.73,TRADE
NSW1,2012/2/17 6:30,8445.67,27.21,TRADE
NSW1,2012/2/17 7:00,8858.29,27.56,TRADE
NSW1,2012/2/17 7:30,9050.18,25.68,TRADE
NSW1,2012/2/17 8:00,9207.99,27.19,TRADE
NSW1,2012/2/17 8:30,9453.04,27.22,TRADE
NSW1,2012/2/17 9:00,9596.99,28.7,TRADE
NSW1,2012/2/17 9:30,9754.57,26.93,TRADE
NSW1,2012/2/17 10:00,9879.58,30.87,TRADE
NSW1,2012/2/17 10:30,9882.99,29.42,TRADE
NSW1,2012/2/17 11:00,9863.26,28.38,TRADE
NSW1,2012/2/17 11:30,9984.87,30.08,TRADE
NSW1,2012/2/17 12:00,10014.78,27.84,TRADE
NSW1,2012/2/17 12:30,10054.76,28.22,TRADE
NSW1,2012/2/17 13:00,10147.36,33.04,TRADE
NSW1,2012/2/17 13:30,10201.17,30.28,TRADE
NSW1,2012/2/17 14:00,10166.09,29.24,TRADE
NSW1,2012/2/17 14:30,9999.74,26.67,TRADE
NSW1,2012/2/17 15:00,9936.39,27.28,TRADE
NSW1,2012/2/17 15:30,9921.55,25.78,TRADE
NSW1,2012/2/17 16:00,9913.57,30.97,TRADE
NSW1,2012/2/17 16:30,9662.07,26.55,TRADE
NSW1,2012/2/17 17:00,9459.92,26.16,TRADE
NSW1,2012/2/17 17:30,9167.13,26.16,TRADE
NSW1,2012/2/17 18:00,8992.89,25.74,TRADE
NSW1,2012/2/17 18:30,8763.78,26.12,TRADE
NSW1,2012/2/17 19:00,8774.41,26.98,TRADE
NSW1,2012/2/17 19:30,8819.42,29.1,TRADE
NSW1,2012/2/17 20:00,8739.82,30.14,TRADE
NSW1,2012/2/17 20:30,8604.32,29.38,TRADE
NSW1,2012/2/17 21:00,8361.61,25.94,TRADE
NSW1,2012/2/17 21:30,8411.56,27.3,TRADE
NSW1,2012/2/17 22:00,8096.84,24.8,TRADE
NSW1,2012/2/17 22:30,8180.76,31.98,TRADE
NSW1,2012/2/17 23:00,8032.52,27.12,TRADE
NSW1,2012/2/17 23:30,7873.89,27.02,TRADE
NSW1,2012/2/18 0:00,7674.42,25.8,TRADE
NSW1,2012/2/18 0:30,7403.08,25.85,TRADE
NSW1,2012/2/18 1:00,7184.34,24.74,TRADE
NSW1,2012/2/18 1:30,6870.65,24.43,TRADE
NSW1,2012/2/18 2:00,6623.66,22.13,TRADE
NSW1,2012/2/18 2:30,6421.25,22.47,TRADE
NSW1,2012/2/18 3:00,6342.21,18.23,TRADE
NSW1,2012/2/18 3:30,6301.59,20.8,TRADE
NSW1,2012/2/18 4:00,6367.14,18.84,TRADE
NSW1,2012/2/18 4:30,6425.92,20.78,TRADE
NSW1,2012/2/18 5:00,6485.77,19.31,TRADE
NSW1,2012/2/18 5:30,6682.32,24.31,TRADE
NSW1,2012/2/18 6:00,6845.16,24.51,TRADE
NSW1,2012/2/18 6:30,7134.12,21.89,TRADE
NSW1,2012/2/18 7:00,7503.71,25.72,TRADE
NSW1,2012/2/18 7:30,7964.59,26.95,TRADE
NSW1,2012/2/18 8:00,8259.3,28.3,TRADE
NSW1,2012/2/18 8:30,8612.12,30.25,TRADE
NSW1,2012/2/18 9:00,8676.78,30.4,TRADE
NSW1,2012/2/18 9:30,8812.68,31.59,TRADE
NSW1,2012/2/18 10:00,8826.08,32.11,TRADE
NSW1,2012/2/18 10:30,8748.92,31.66,TRADE
NSW1,2012/2/18 11:00,8779.12,31.89,TRADE
NSW1,2012/2/18 11:30,8734.81,32.48,TRADE
NSW1,2012/2/18 12:00,8834.91,32.16,TRADE
NSW1,2012/2/18 12:30,8803.15,31.6,TRADE
NSW1,2012/2/18 13:00,8804.14,31.95,TRADE
NSW1,2012/2/18 13:30,8851.7,32.81,TRADE
NSW1,2012/2/18 14:00,8888.48,32.59,TRADE
NSW1,2012/2/18 14:30,8868.3,31.48,TRADE
NSW1,2012/2/18 15:00,8861.18,31.5,TRADE
NSW1,2012/2/18 15:30,8819.77,31.63,TRADE
NSW1,2012/2/18 16:00,8847.51,32.06,TRADE
NSW1,2012/2/18 16:30,8633.68,32.02,TRADE
NSW1,2012/2/18 17:00,8613.83,31.52,TRADE
NSW1,2012/2/18 17:30,8540.75,31.48,TRADE
NSW1,2012/2/18 18:00,8391.83,31.45,TRADE
NSW1,2012/2/18 18:30,8290.22,31.49,TRADE
NSW1,2012/2/18 19:00,8269.82,31.51,TRADE
NSW1,2012/2/18 19:30,8389.63,31.68,TRADE
NSW1,2012/2/18 20:00,8328.67,31.5,TRADE
NSW1,2012/2/18 20:30,8167.64,30.84,TRADE
NSW1,2012/2/18 21:00,7979.71,26.94,TRADE
NSW1,2012/2/18 21:30,7970.24,26.81,TRADE
NSW1,2012/2/18 22:00,7885.05,26.27,TRADE
NSW1,2012/2/18 22:30,7828.53,29.58,TRADE
NSW1,2012/2/18 23:00,7578.07,26.91,TRADE
NSW1,2012/2/18 23:30,7305.35,26.21,TRADE
NSW1,2012/2/19 0:00,7171.64,27.13,TRADE
NSW1,2012/2/19 0:30,7046.08,26.39,TRADE
NSW1,2012/2/19 1:00,6826.51,26.41,TRADE
NSW1,2012/2/19 1:30,6580.87,25.42,TRADE
NSW1,2012/2/19 2:00,6376.82,24.3,TRADE
NSW1,2012/2/19 2:30,6302.79,22.48,TRADE
NSW1,2012/2/19 3:00,6187.6,17.75,TRADE
NSW1,2012/2/19 3:30,6173.03,20.09,TRADE
NSW1,2012/2/19 4:00,6145.94,17.64,TRADE
NSW1,2012/2/19 4:30,6179.89,18.47,TRADE
NSW1,2012/2/19 5:00,6283.61,22.45,TRADE
NSW1,2012/2/19 5:30,6366.88,26.75,TRADE
NSW1,2012/2/19 6:00,6354.73,20.55,TRADE
NSW1,2012/2/19 6:30,6559.74,21.74,TRADE
NSW1,2012/2/19 7:00,6844.46,24.48,TRADE
NSW1,2012/2/19 7:30,7269.86,24.38,TRADE
NSW1,2012/2/19 8:00,7574.07,26.19,TRADE
NSW1,2012/2/19 8:30,7892.04,26.47,TRADE
NSW1,2012/2/19 9:00,8113.54,26.96,TRADE
NSW1,2012/2/19 9:30,8324.9,28.15,TRADE
NSW1,2012/2/19 10:00,8335.15,27.36,TRADE
NSW1,2012/2/19 10:30,8386.4,29.46,TRADE
NSW1,2012/2/19 11:00,8428.24,29.89,TRADE
NSW1,2012/2/19 11:30,8507.9,27.83,TRADE
NSW1,2012/2/19 12:00,8527.13,29.47,TRADE
NSW1,2012/2/19 12:30,8592.08,31.28,TRADE
NSW1,2012/2/19 13:00,8663.04,32.1,TRADE
NSW1,2012/2/19 13:30,8708.49,30.61,TRADE
NSW1,2012/2/19 14:00,8816.94,32.55,TRADE
NSW1,2012/2/19 14:30,8918.21,32.97,TRADE
NSW1,2012/2/19 15:00,9080.84,36.23,TRADE
NSW1,2012/2/19 15:30,9132.98,31.53,TRADE
NSW1,2012/2/19 16:00,9163.75,32.66,TRADE
NSW1,2012/2/19 16:30,9221.79,29.65,TRADE
NSW1,2012/2/19 17:00,9283.69,32.63,TRADE
NSW1,2012/2/19 17:30,9178.57,30.35,TRADE
NSW1,2012/2/19 18:00,9220.04,31.53,TRADE
NSW1,2012/2/19 18:30,9202.85,31.53,TRADE
NSW1,2012/2/19 19:00,9211.42,32.79,TRADE
NSW1,2012/2/19 19:30,9116.9,32,TRADE
NSW1,2012/2/19 20:00,8904.55,31.41,TRADE
NSW1,2012/2/19 20:30,8702.69,30.29,TRADE
NSW1,2012/2/19 21:00,8414.92,29.36,TRADE
NSW1,2012/2/19 21:30,8168.1,27.89,TRADE
NSW1,2012/2/19 22:00,7931.85,25.38,TRADE
NSW1,2012/2/19 22:30,7827.49,25.71,TRADE
NSW1,2012/2/19 23:00,7561.31,24.82,TRADE
NSW1,2012/2/19 23:30,7343.44,25.74,TRADE
NSW1,2012/2/20 0:00,7248.86,27.14,TRADE
NSW1,2012/2/20 0:30,7059.65,26.41,TRADE
NSW1,2012/2/20 1:00,6849.28,25.42,TRADE
NSW1,2012/2/20 1:30,6615.76,24.77,TRADE
NSW1,2012/2/20 2:00,6488.38,23.28,TRADE
NSW1,2012/2/20 2:30,6381.64,19.6,TRADE
NSW1,2012/2/20 3:00,6333.67,17.97,TRADE
NSW1,2012/2/20 3:30,6395.61,18.18,TRADE
NSW1,2012/2/20 4:00,6469.95,19.14,TRADE
NSW1,2012/2/20 4:30,6722.2,21.89,TRADE
NSW1,2012/2/20 5:00,6999.42,25.32,TRADE
NSW1,2012/2/20 5:30,7569.9,32.09,TRADE
NSW1,2012/2/20 6:00,8163.41,31.02,TRADE
NSW1,2012/2/20 6:30,8599.99,27.43,TRADE
NSW1,2012/2/20 7:00,9050.38,29.23,TRADE
NSW1,2012/2/20 7:30,9299.84,26.37,TRADE
NSW1,2012/2/20 8:00,9491.02,28.71,TRADE
NSW1,2012/2/20 8:30,9764.05,31.56,TRADE
NSW1,2012/2/20 9:00,9904.46,34.77,TRADE
NSW1,2012/2/20 9:30,9992.75,33.64,TRADE
NSW1,2012/2/20 10:00,10111.18,32.76,TRADE
NSW1,2012/2/20 10:30,10141.39,35.14,TRADE
NSW1,2012/2/20 11:00,10206.87,34.9,TRADE
NSW1,2012/2/20 11:30,10197.81,32.71,TRADE
NSW1,2012/2/20 12:00,10210.79,31.93,TRADE
NSW1,2012/2/20 12:30,10245.83,34.25,TRADE
NSW1,2012/2/20 13:00,10353.41,38.62,TRADE
NSW1,2012/2/20 13:30,10399.3,42.23,TRADE
NSW1,2012/2/20 14:00,10370.52,42.14,TRADE
NSW1,2012/2/20 14:30,10345.69,46.53,TRADE
NSW1,2012/2/20 15:00,10330.76,44.02,TRADE
NSW1,2012/2/20 15:30,10248.44,44.05,TRADE
NSW1,2012/2/20 16:00,10190.97,42.72,TRADE
NSW1,2012/2/20 16:30,10117.15,43.42,TRADE
NSW1,2012/2/20 17:00,9998.12,34.85,TRADE
NSW1,2012/2/20 17:30,9736.86,35.79,TRADE
NSW1,2012/2/20 18:00,9603.73,32.54,TRADE
NSW1,2012/2/20 18:30,9385.02,26.8,TRADE
NSW1,2012/2/20 19:00,9276.59,28.45,TRADE
NSW1,2012/2/20 19:30,9221.65,30.33,TRADE
NSW1,2012/2/20 20:00,9074.77,33.83,TRADE
NSW1,2012/2/20 20:30,8827.65,31.24,TRADE
NSW1,2012/2/20 21:00,8490.04,29.88,TRADE
NSW1,2012/2/20 21:30,8406.11,31.59,TRADE
NSW1,2012/2/20 22:00,8157.1,29.43,TRADE
NSW1,2012/2/20 22:30,8085.6,33.74,TRADE
NSW1,2012/2/20 23:00,7917.42,29.56,TRADE
NSW1,2012/2/20 23:30,7728.18,30.94,TRADE
NSW1,2012/2/21 0:00,7568.13,30.98,TRADE
NSW1,2012/2/21 0:30,7348.02,26.02,TRADE
NSW1,2012/2/21 1:00,7118.49,24.42,TRADE
NSW1,2012/2/21 1:30,6849.19,24.76,TRADE
NSW1,2012/2/21 2:00,6624.28,24.63,TRADE
NSW1,2012/2/21 2:30,6436.69,21.67,TRADE
NSW1,2012/2/21 3:00,6337.12,17.58,TRADE
NSW1,2012/2/21 3:30,6312.33,20.5,TRADE
NSW1,2012/2/21 4:00,6375.69,16.4,TRADE
NSW1,2012/2/21 4:30,6582.17,20.37,TRADE
NSW1,2012/2/21 5:00,6876.41,26.92,TRADE
NSW1,2012/2/21 5:30,7500.21,31.82,TRADE
NSW1,2012/2/21 6:00,8079.39,30.11,TRADE
NSW1,2012/2/21 6:30,8537.44,30.83,TRADE
NSW1,2012/2/21 7:00,8986.84,36.14,TRADE
NSW1,2012/2/21 7:30,9124.99,26.95,TRADE
NSW1,2012/2/21 8:00,9215.76,27.2,TRADE
NSW1,2012/2/21 8:30,9385.91,26.94,TRADE
NSW1,2012/2/21 9:00,9527.81,31.34,TRADE
NSW1,2012/2/21 9:30,9603.55,31.35,TRADE
NSW1,2012/2/21 10:00,9617.21,32.79,TRADE
NSW1,2012/2/21 10:30,9599.11,30.95,TRADE
NSW1,2012/2/21 11:00,9673.91,31.79,TRADE
NSW1,2012/2/21 11:30,9647.64,28.95,TRADE
NSW1,2012/2/21 12:00,9571.34,25.28,TRADE
NSW1,2012/2/21 12:30,9593.02,31.06,TRADE
NSW1,2012/2/21 13:00,9661.22,29.26,TRADE
NSW1,2012/2/21 13:30,9665.23,33.1,TRADE
NSW1,2012/2/21 14:00,9674.18,27.83,TRADE
NSW1,2012/2/21 14:30,9627.19,26.9,TRADE
NSW1,2012/2/21 15:00,9661.64,26.64,TRADE
NSW1,2012/2/21 15:30,9623.12,26.75,TRADE
NSW1,2012/2/21 16:00,9556.4,28.58,TRADE
NSW1,2012/2/21 16:30,9518.23,27.33,TRADE
NSW1,2012/2/21 17:00,9404.08,26.75,TRADE
NSW1,2012/2/21 17:30,9125.6,26.78,TRADE
NSW1,2012/2/21 18:00,9020.99,26.91,TRADE
NSW1,2012/2/21 18:30,8806.97,27.69,TRADE
NSW1,2012/2/21 19:00,8808.67,31.54,TRADE
NSW1,2012/2/21 19:30,8955.93,29.29,TRADE
NSW1,2012/2/21 20:00,8830.36,31.71,TRADE
NSW1,2012/2/21 20:30,8606.77,28.14,TRADE
NSW1,2012/2/21 21:00,8309.44,25.58,TRADE
NSW1,2012/2/21 21:30,8298.09,29.54,TRADE
NSW1,2012/2/21 22:00,8037.89,25.44,TRADE
NSW1,2012/2/21 22:30,7973.03,34.92,TRADE
NSW1,2012/2/21 23:00,7792.61,27.99,TRADE
NSW1,2012/2/21 23:30,7614.02,27.24,TRADE
NSW1,2012/2/22 0:00,7461.95,26.42,TRADE
NSW1,2012/2/22 0:30,7240.12,25.52,TRADE
NSW1,2012/2/22 1:00,7038.23,22.68,TRADE
NSW1,2012/2/22 1:30,6739,21.06,TRADE
NSW1,2012/2/22 2:00,6466.14,18.1,TRADE
NSW1,2012/2/22 2:30,6295.51,15.67,TRADE
NSW1,2012/2/22 3:00,6226.67,18.12,TRADE
NSW1,2012/2/22 3:30,6255.72,16.43,TRADE
NSW1,2012/2/22 4:00,6368.65,18.24,TRADE
NSW1,2012/2/22 4:30,6578.25,18.18,TRADE
NSW1,2012/2/22 5:00,6848.27,25.22,TRADE
NSW1,2012/2/22 5:30,7445.96,44.73,TRADE
NSW1,2012/2/22 6:00,7961.71,32.22,TRADE
NSW1,2012/2/22 6:30,8328.95,28.85,TRADE
NSW1,2012/2/22 7:00,8669.47,36.67,TRADE
NSW1,2012/2/22 7:30,8793.31,27.54,TRADE
NSW1,2012/2/22 8:00,8920.38,29.57,TRADE
NSW1,2012/2/22 8:30,9103.63,32.87,TRADE
NSW1,2012/2/22 9:00,9218.92,31.9,TRADE
NSW1,2012/2/22 9:30,9302.83,32.29,TRADE
NSW1,2012/2/22 10:00,9358.93,32.72,TRADE
NSW1,2012/2/22 10:30,9427.69,29.23,TRADE
NSW1,2012/2/22 11:00,9480.53,30.17,TRADE
NSW1,2012/2/22 11:30,9474.1,29.14,TRADE
NSW1,2012/2/22 12:00,9506.82,30.53,TRADE
NSW1,2012/2/22 12:30,9580.47,29.71,TRADE
NSW1,2012/2/22 13:00,9592.96,31.84,TRADE
NSW1,2012/2/22 13:30,9603.17,31.2,TRADE
NSW1,2012/2/22 14:00,9615.66,35.23,TRADE
NSW1,2012/2/22 14:30,9564.54,33.64,TRADE
NSW1,2012/2/22 15:00,9575.24,30.6,TRADE
NSW1,2012/2/22 15:30,9596.13,30.43,TRADE
NSW1,2012/2/22 16:00,9604.98,32.89,TRADE
NSW1,2012/2/22 16:30,9532.09,37.1,TRADE
NSW1,2012/2/22 17:00,9428.97,29.57,TRADE
NSW1,2012/2/22 17:30,9178.94,27.99,TRADE
NSW1,2012/2/22 18:00,9060.93,27.42,TRADE
NSW1,2012/2/22 18:30,8891.3,27.37,TRADE
NSW1,2012/2/22 19:00,8879.05,29.53,TRADE
NSW1,2012/2/22 19:30,9043.77,30.75,TRADE
NSW1,2012/2/22 20:00,8920.37,30.17,TRADE
NSW1,2012/2/22 20:30,8713.44,27.82,TRADE
NSW1,2012/2/22 21:00,8388.02,26.01,TRADE
NSW1,2012/2/22 21:30,8377.55,25.65,TRADE
NSW1,2012/2/22 22:00,8175,25.13,TRADE
NSW1,2012/2/22 22:30,8116.51,35.27,TRADE
NSW1,2012/2/22 23:00,7941.38,28.76,TRADE
NSW1,2012/2/22 23:30,7710.16,25.87,TRADE
NSW1,2012/2/23 0:00,7558.14,25.49,TRADE
NSW1,2012/2/23 0:30,7357.96,25.59,TRADE
NSW1,2012/2/23 1:00,7120.97,24.5,TRADE
NSW1,2012/2/23 1:30,6825.99,24.7,TRADE
NSW1,2012/2/23 2:00,6575.95,19.45,TRADE
NSW1,2012/2/23 2:30,6437.9,17.84,TRADE
NSW1,2012/2/23 3:00,6395.05,18.16,TRADE
NSW1,2012/2/23 3:30,6396.34,18.16,TRADE
NSW1,2012/2/23 4:00,6458.42,18.16,TRADE
NSW1,2012/2/23 4:30,6702.91,19.96,TRADE
NSW1,2012/2/23 5:00,7022.31,24.9,TRADE
NSW1,2012/2/23 5:30,7570.85,30.72,TRADE
NSW1,2012/2/23 6:00,8100.1,30.71,TRADE
NSW1,2012/2/23 6:30,8492.45,32.24,TRADE
NSW1,2012/2/23 7:00,8837.76,37.15,TRADE
NSW1,2012/2/23 7:30,8986.05,28.16,TRADE
NSW1,2012/2/23 8:00,9130.74,28.31,TRADE
NSW1,2012/2/23 8:30,9347.35,30.88,TRADE
NSW1,2012/2/23 9:00,9469.62,31.56,TRADE
NSW1,2012/2/23 9:30,9595.37,31.98,TRADE
NSW1,2012/2/23 10:00,9673.43,31.74,TRADE
NSW1,2012/2/23 10:30,9660.59,31.64,TRADE
NSW1,2012/2/23 11:00,9729.71,32.61,TRADE
NSW1,2012/2/23 11:30,9740.76,34,TRADE
NSW1,2012/2/23 12:00,9793.28,31.41,TRADE
NSW1,2012/2/23 12:30,9881.35,31.53,TRADE
NSW1,2012/2/23 13:00,9980.87,34.54,TRADE
NSW1,2012/2/23 13:30,10043.68,34.65,TRADE
NSW1,2012/2/23 14:00,10127.82,36.53,TRADE
NSW1,2012/2/23 14:30,10166.78,35.14,TRADE
NSW1,2012/2/23 15:00,10290.77,34.71,TRADE
NSW1,2012/2/23 15:30,10417.31,33.02,TRADE
NSW1,2012/2/23 16:00,10495.26,35,TRADE
NSW1,2012/2/23 16:30,10464.27,34.91,TRADE
NSW1,2012/2/23 17:00,10472.39,36.68,TRADE
NSW1,2012/2/23 17:30,10268.56,31.64,TRADE
NSW1,2012/2/23 18:00,10163.82,35.09,TRADE
NSW1,2012/2/23 18:30,9916.39,30.3,TRADE
NSW1,2012/2/23 19:00,9831.65,29.45,TRADE
NSW1,2012/2/23 19:30,9873.51,31.28,TRADE
NSW1,2012/2/23 20:00,9670.47,31.28,TRADE
NSW1,2012/2/23 20:30,9255.26,29.68,TRADE
NSW1,2012/2/23 21:00,8867.94,27.45,TRADE
NSW1,2012/2/23 21:30,8708.2,26.18,TRADE
NSW1,2012/2/23 22:00,8461.47,24.93,TRADE
NSW1,2012/2/23 22:30,8320.16,25.14,TRADE
NSW1,2012/2/23 23:00,8150.29,26.21,TRADE
NSW1,2012/2/23 23:30,7877.91,25.73,TRADE
NSW1,2012/2/24 0:00,7689.18,26.24,TRADE
NSW1,2012/2/24 0:30,7475.9,23.45,TRADE
NSW1,2012/2/24 1:00,7263.82,21.86,TRADE
NSW1,2012/2/24 1:30,6986.47,21.49,TRADE
NSW1,2012/2/24 2:00,6730.16,16.6,TRADE
NSW1,2012/2/24 2:30,6553.6,15.99,TRADE
NSW1,2012/2/24 3:00,6496.45,17.39,TRADE
NSW1,2012/2/24 3:30,6452.19,18.16,TRADE
NSW1,2012/2/24 4:00,6586.28,18.16,TRADE
NSW1,2012/2/24 4:30,6757.89,18.16,TRADE
NSW1,2012/2/24 5:00,7060.46,19.19,TRADE
NSW1,2012/2/24 5:30,7633.98,26.11,TRADE
NSW1,2012/2/24 6:00,8124.73,27.16,TRADE
NSW1,2012/2/24 6:30,8558.9,28.43,TRADE
NSW1,2012/2/24 7:00,8978.18,30.23,TRADE
NSW1,2012/2/24 7:30,9179.21,26.58,TRADE
NSW1,2012/2/24 8:00,9348.83,28.6,TRADE
NSW1,2012/2/24 8:30,9613.15,28.12,TRADE
NSW1,2012/2/24 9:00,9798.47,30.98,TRADE
NSW1,2012/2/24 9:30,9939.6,30.31,TRADE
NSW1,2012/2/24 10:00,10060.22,34.35,TRADE
NSW1,2012/2/24 10:30,10092.5,30.45,TRADE
NSW1,2012/2/24 11:00,10228.04,31.2,TRADE
NSW1,2012/2/24 11:30,10248.98,31.27,TRADE
NSW1,2012/2/24 12:00,10287.34,31.58,TRADE
NSW1,2012/2/24 12:30,10399.49,31.61,TRADE
NSW1,2012/2/24 13:00,10449.57,34.77,TRADE
NSW1,2012/2/24 13:30,10457.65,34.12,TRADE
NSW1,2012/2/24 14:00,10498.5,33.21,TRADE
NSW1,2012/2/24 14:30,10544.26,33.98,TRADE
NSW1,2012/2/24 15:00,10668.65,34.1,TRADE
NSW1,2012/2/24 15:30,10790.52,40.57,TRADE
NSW1,2012/2/24 16:00,10824.52,49.05,TRADE
NSW1,2012/2/24 16:30,10690.68,41.12,TRADE
NSW1,2012/2/24 17:00,10505.54,32.19,TRADE
NSW1,2012/2/24 17:30,10154.04,31.25,TRADE
NSW1,2012/2/24 18:00,9933.46,29.15,TRADE
NSW1,2012/2/24 18:30,9635.99,27.36,TRADE
NSW1,2012/2/24 19:00,9441.22,27.2,TRADE
NSW1,2012/2/24 19:30,9462.7,30.74,TRADE
NSW1,2012/2/24 20:00,9334.43,31.57,TRADE
NSW1,2012/2/24 20:30,9075.92,30.47,TRADE
NSW1,2012/2/24 21:00,8762.83,29.21,TRADE
NSW1,2012/2/24 21:30,8733.91,27.65,TRADE
NSW1,2012/2/24 22:00,8530.97,28.11,TRADE
NSW1,2012/2/24 22:30,8495.1,32.77,TRADE
NSW1,2012/2/24 23:00,8286.71,28.54,TRADE
NSW1,2012/2/24 23:30,8050.32,26.09,TRADE
NSW1,2012/2/25 0:00,7780.87,24.37,TRADE
NSW1,2012/2/25 0:30,7585.73,20.24,TRADE
NSW1,2012/2/25 1:00,7238.07,17.83,TRADE
NSW1,2012/2/25 1:30,6957.95,17.86,TRADE
NSW1,2012/2/25 2:00,6713.27,16.17,TRADE
NSW1,2012/2/25 2:30,6546.37,19.48,TRADE
NSW1,2012/2/25 3:00,6478.13,17.03,TRADE
NSW1,2012/2/25 3:30,6435.92,19.73,TRADE
NSW1,2012/2/25 4:00,6409.01,18.16,TRADE
NSW1,2012/2/25 4:30,6511.19,18.16,TRADE
NSW1,2012/2/25 5:00,6585.09,18.16,TRADE
NSW1,2012/2/25 5:30,6777.02,18.16,TRADE
NSW1,2012/2/25 6:00,6950.92,22.47,TRADE
NSW1,2012/2/25 6:30,7218.11,19.03,TRADE
NSW1,2012/2/25 7:00,7559.42,24.35,TRADE
NSW1,2012/2/25 7:30,7958.55,25.59,TRADE
NSW1,2012/2/25 8:00,8364.47,26.95,TRADE
NSW1,2012/2/25 8:30,8634.94,27.6,TRADE
NSW1,2012/2/25 9:00,8738.94,27.68,TRADE
NSW1,2012/2/25 9:30,8891.85,30.14,TRADE
NSW1,2012/2/25 10:00,8885.61,30.09,TRADE
NSW1,2012/2/25 10:30,8892.51,31.32,TRADE
NSW1,2012/2/25 11:00,8933.18,31.29,TRADE
NSW1,2012/2/25 11:30,8949.45,31.39,TRADE
NSW1,2012/2/25 12:00,8911.68,32.63,TRADE
NSW1,2012/2/25 12:30,8919.86,31.02,TRADE
NSW1,2012/2/25 13:00,8977.49,32.12,TRADE
NSW1,2012/2/25 13:30,9004.3,30.85,TRADE
NSW1,2012/2/25 14:00,9073.36,31.53,TRADE
NSW1,2012/2/25 14:30,9077.02,31.99,TRADE
NSW1,2012/2/25 15:00,9132.03,30.21,TRADE
NSW1,2012/2/25 15:30,9201.11,30.33,TRADE
NSW1,2012/2/25 16:00,9231.6,32.06,TRADE
NSW1,2012/2/25 16:30,9132.1,30.55,TRADE
NSW1,2012/2/25 17:00,9056.03,30.12,TRADE
NSW1,2012/2/25 17:30,8972.24,31.39,TRADE
NSW1,2012/2/25 18:00,8838.13,31.53,TRADE
NSW1,2012/2/25 18:30,8684.27,31.48,TRADE
NSW1,2012/2/25 19:00,8684.28,31.65,TRADE
NSW1,2012/2/25 19:30,8767.01,31.82,TRADE
NSW1,2012/2/25 20:00,8641.5,32.02,TRADE
NSW1,2012/2/25 20:30,8444.36,32.61,TRADE
NSW1,2012/2/25 21:00,8272.3,31.19,TRADE
NSW1,2012/2/25 21:30,8257.04,27.83,TRADE
NSW1,2012/2/25 22:00,8104.48,26.95,TRADE
NSW1,2012/2/25 22:30,7971.19,26.93,TRADE
NSW1,2012/2/25 23:00,7728.37,27.53,TRADE
NSW1,2012/2/25 23:30,7496.19,26.04,TRADE
NSW1,2012/2/26 0:00,7311.56,25.4,TRADE
NSW1,2012/2/26 0:30,7165.7,25.33,TRADE
NSW1,2012/2/26 1:00,6990.06,20.09,TRADE
NSW1,2012/2/26 1:30,6743.93,19.78,TRADE
NSW1,2012/2/26 2:00,6550.5,17.96,TRADE
NSW1,2012/2/26 2:30,6433.4,17.26,TRADE
NSW1,2012/2/26 3:00,6419.37,18.33,TRADE
NSW1,2012/2/26 3:30,6357.82,15.15,TRADE
NSW1,2012/2/26 4:00,6349.6,16.31,TRADE
NSW1,2012/2/26 4:30,6441.42,18.27,TRADE
NSW1,2012/2/26 5:00,6488.19,18.16,TRADE
NSW1,2012/2/26 5:30,6564.4,19.37,TRADE
NSW1,2012/2/26 6:00,6636.27,19.29,TRADE
NSW1,2012/2/26 6:30,6876.77,18.55,TRADE
NSW1,2012/2/26 7:00,7119.23,24.47,TRADE
NSW1,2012/2/26 7:30,7474.97,20.81,TRADE
NSW1,2012/2/26 8:00,7758.53,24.04,TRADE
NSW1,2012/2/26 8:30,8054.8,26.85,TRADE
NSW1,2012/2/26 9:00,8241.38,26.85,TRADE
NSW1,2012/2/26 9:30,8392.62,27.13,TRADE
NSW1,2012/2/26 10:00,8418.07,27.29,TRADE
NSW1,2012/2/26 10:30,8462.38,28.89,TRADE
NSW1,2012/2/26 11:00,8498.14,30.19,TRADE
NSW1,2012/2/26 11:30,8555.44,30.73,TRADE
NSW1,2012/2/26 12:00,8623.7,31.04,TRADE
NSW1,2012/2/26 12:30,8651.09,31.51,TRADE
NSW1,2012/2/26 13:00,8602.94,31.56,TRADE
NSW1,2012/2/26 13:30,8598.48,31.53,TRADE
NSW1,2012/2/26 14:00,8518.72,31.53,TRADE
NSW1,2012/2/26 14:30,8487.66,32.34,TRADE
NSW1,2012/2/26 15:00,8652.43,32.02,TRADE
NSW1,2012/2/26 15:30,8585.77,32.98,TRADE
NSW1,2012/2/26 16:00,8632.01,31.53,TRADE
NSW1,2012/2/26 16:30,8679.48,31.57,TRADE
NSW1,2012/2/26 17:00,8728.58,31.64,TRADE
NSW1,2012/2/26 17:30,8846.06,31.56,TRADE
NSW1,2012/2/26 18:00,8832.03,31.53,TRADE
NSW1,2012/2/26 18:30,8827.76,32.5,TRADE
NSW1,2012/2/26 19:00,8836.69,32.25,TRADE
NSW1,2012/2/26 19:30,8941.64,31.85,TRADE
NSW1,2012/2/26 20:00,8804.25,29.55,TRADE
NSW1,2012/2/26 20:30,8564.5,28.23,TRADE
NSW1,2012/2/26 21:00,8293.54,27.43,TRADE
NSW1,2012/2/26 21:30,8189.85,27.77,TRADE
NSW1,2012/2/26 22:00,7951.22,26.27,TRADE
NSW1,2012/2/26 22:30,7831.44,27.06,TRADE
NSW1,2012/2/26 23:00,7723.22,27.79,TRADE
NSW1,2012/2/26 23:30,7464.72,25.55,TRADE
NSW1,2012/2/27 0:00,7325.26,25.79,TRADE
NSW1,2012/2/27 0:30,7120.93,24.18,TRADE
NSW1,2012/2/27 1:00,6975.42,24.52,TRADE
NSW1,2012/2/27 1:30,6720.9,22.52,TRADE
NSW1,2012/2/27 2:00,6488.03,18.54,TRADE
NSW1,2012/2/27 2:30,6468.32,18.48,TRADE
NSW1,2012/2/27 3:00,6387.57,18.31,TRADE
NSW1,2012/2/27 3:30,6374.24,18.16,TRADE
NSW1,2012/2/27 4:00,6482.36,18.3,TRADE
NSW1,2012/2/27 4:30,6691.71,23.12,TRADE
NSW1,2012/2/27 5:00,7021.29,28.77,TRADE
NSW1,2012/2/27 5:30,7673.48,34.3,TRADE
NSW1,2012/2/27 6:00,8192.32,31.15,TRADE
NSW1,2012/2/27 6:30,8730.41,31.29,TRADE
NSW1,2012/2/27 7:00,9155.57,33.01,TRADE
NSW1,2012/2/27 7:30,9327.1,30.02,TRADE
NSW1,2012/2/27 8:00,9532.02,32.99,TRADE
NSW1,2012/2/27 8:30,9842.72,32.36,TRADE
NSW1,2012/2/27 9:00,10024.24,33.12,TRADE
NSW1,2012/2/27 9:30,10197.03,37.56,TRADE
NSW1,2012/2/27 10:00,10149.51,34.88,TRADE
NSW1,2012/2/27 10:30,10216.5,33.95,TRADE
NSW1,2012/2/27 11:00,10317.41,33.61,TRADE
NSW1,2012/2/27 11:30,10357.78,33.05,TRADE
NSW1,2012/2/27 12:00,10464.93,33.1,TRADE
NSW1,2012/2/27 12:30,10669.02,34.31,TRADE
NSW1,2012/2/27 13:00,10782.6,37.66,TRADE
NSW1,2012/2/27 13:30,10875.85,39.82,TRADE
NSW1,2012/2/27 14:00,10882.56,35.55,TRADE
NSW1,2012/2/27 14:30,10912.39,38.47,TRADE
NSW1,2012/2/27 15:00,11061.12,35.93,TRADE
NSW1,2012/2/27 15:30,11100.05,38.76,TRADE
NSW1,2012/2/27 16:00,11054.17,39.34,TRADE
NSW1,2012/2/27 16:30,10931.56,34.59,TRADE
NSW1,2012/2/27 17:00,10820.06,32.53,TRADE
NSW1,2012/2/27 17:30,10515.41,31.52,TRADE
NSW1,2012/2/27 18:00,10376.19,31.49,TRADE
NSW1,2012/2/27 18:30,10157.17,32.16,TRADE
NSW1,2012/2/27 19:00,10188.86,33.03,TRADE
NSW1,2012/2/27 19:30,10249.86,32.79,TRADE
NSW1,2012/2/27 20:00,10005.48,31.75,TRADE
NSW1,2012/2/27 20:30,9713.26,31.32,TRADE
NSW1,2012/2/27 21:00,9321.05,31.63,TRADE
NSW1,2012/2/27 21:30,9211.37,30.79,TRADE
NSW1,2012/2/27 22:00,8904.02,26.05,TRADE
NSW1,2012/2/27 22:30,8738.32,29.8,TRADE
NSW1,2012/2/27 23:00,8438.93,29.74,TRADE
NSW1,2012/2/27 23:30,8181.27,28.25,TRADE
NSW1,2012/2/28 0:00,7975.8,29.1,TRADE
NSW1,2012/2/28 0:30,7757.14,27.39,TRADE
NSW1,2012/2/28 1:00,7448.74,24.32,TRADE
NSW1,2012/2/28 1:30,7156.97,23.89,TRADE
NSW1,2012/2/28 2:00,6918.03,21.31,TRADE
NSW1,2012/2/28 2:30,6776.02,18.81,TRADE
NSW1,2012/2/28 3:00,6687.35,17.07,TRADE
NSW1,2012/2/28 3:30,6691.18,20.87,TRADE
NSW1,2012/2/28 4:00,6806.1,19.59,TRADE
NSW1,2012/2/28 4:30,6971.99,22.01,TRADE
NSW1,2012/2/28 5:00,7311.31,26.73,TRADE
NSW1,2012/2/28 5:30,7929.93,27.94,TRADE
NSW1,2012/2/28 6:00,8486.47,28.08,TRADE
NSW1,2012/2/28 6:30,9007.11,32.14,TRADE
NSW1,2012/2/28 7:00,9458.81,31.6,TRADE
NSW1,2012/2/28 7:30,9685.43,27.68,TRADE
NSW1,2012/2/28 8:00,9890.27,31.52,TRADE
NSW1,2012/2/28 8:30,10118.65,31.51,TRADE
NSW1,2012/2/28 9:00,10398.08,31.76,TRADE
NSW1,2012/2/28 9:30,10629.41,31.8,TRADE
NSW1,2012/2/28 10:00,10721.3,31.53,TRADE
NSW1,2012/2/28 10:30,10767.58,31.53,TRADE
NSW1,2012/2/28 11:00,10906.57,32.6,TRADE
NSW1,2012/2/28 11:30,10986.96,31.52,TRADE
NSW1,2012/2/28 12:00,11064.4,31.52,TRADE
NSW1,2012/2/28 12:30,11168.01,31.6,TRADE
NSW1,2012/2/28 13:00,11284.31,32.76,TRADE
NSW1,2012/2/28 13:30,11283.22,33.7,TRADE
NSW1,2012/2/28 14:00,11302.35,35.36,TRADE
NSW1,2012/2/28 14:30,11313.81,38.62,TRADE
NSW1,2012/2/28 15:00,11392.34,35.35,TRADE
NSW1,2012/2/28 15:30,11486.81,37.21,TRADE
NSW1,2012/2/28 16:00,11520.04,36.79,TRADE
NSW1,2012/2/28 16:30,11403.44,37.26,TRADE
NSW1,2012/2/28 17:00,11283.26,35.11,TRADE
NSW1,2012/2/28 17:30,10982.88,28.76,TRADE
NSW1,2012/2/28 18:00,10778.66,31.36,TRADE
NSW1,2012/2/28 18:30,10521.61,28.7,TRADE
NSW1,2012/2/28 19:00,10542.75,30.11,TRADE
NSW1,2012/2/28 19:30,10488.77,31.84,TRADE
NSW1,2012/2/28 20:00,10204.15,31.91,TRADE
NSW1,2012/2/28 20:30,9823.25,30.24,TRADE
NSW1,2012/2/28 21:00,9427.88,29.03,TRADE
NSW1,2012/2/28 21:30,9256.07,30.55,TRADE
NSW1,2012/2/28 22:00,8879.24,25.16,TRADE
NSW1,2012/2/28 22:30,8701.52,36.91,TRADE
NSW1,2012/2/28 23:00,8434.78,30.09,TRADE
NSW1,2012/2/28 23:30,8118.28,27.94,TRADE
NSW1,2012/2/29 0:00,7893.43,27.59,TRADE
NSW1,2012/2/29 0:30,7604.54,25.73,TRADE
NSW1,2012/2/29 1:00,7294.68,23.59,TRADE
NSW1,2012/2/29 1:30,7072.73,23.84,TRADE
NSW1,2012/2/29 2:00,6812.85,24.18,TRADE
NSW1,2012/2/29 2:30,6666.2,22.38,TRADE
NSW1,2012/2/29 3:00,6636.52,21.03,TRADE
NSW1,2012/2/29 3:30,6592.88,19.89,TRADE
NSW1,2012/2/29 4:00,6715.26,20.18,TRADE
NSW1,2012/2/29 4:30,6938.52,23.28,TRADE
NSW1,2012/2/29 5:00,7187.56,26.37,TRADE
NSW1,2012/2/29 5:30,7798.15,27.45,TRADE
NSW1,2012/2/29 6:00,8367.12,28.39,TRADE
NSW1,2012/2/29 6:30,8897.85,28.55,TRADE
NSW1,2012/2/29 7:00,9340.23,30.98,TRADE
NSW1,2012/2/29 7:30,9444.53,25.78,TRADE
NSW1,2012/2/29 8:00,9604.64,27.84,TRADE
NSW1,2012/2/29 8:30,9811.34,27.05,TRADE
NSW1,2012/2/29 9:00,9887.95,27.05,TRADE
NSW1,2012/2/29 9:30,9914.27,27.32,TRADE
NSW1,2012/2/29 10:00,9916,27.48,TRADE
NSW1,2012/2/29 10:30,9857.04,27.66,TRADE
NSW1,2012/2/29 11:00,9849.96,28.23,TRADE
NSW1,2012/2/29 11:30,9793.71,27.05,TRADE
NSW1,2012/2/29 12:00,9737.29,26.9,TRADE
NSW1,2012/2/29 12:30,9762.87,27.66,TRADE
NSW1,2012/2/29 13:00,9768.42,27.05,TRADE
NSW1,2012/2/29 13:30,9771.38,27.05,TRADE
NSW1,2012/2/29 14:00,9742.81,27.05,TRADE
NSW1,2012/2/29 14:30,9711.57,26.98,TRADE
NSW1,2012/2/29 15:00,9751.6,26.89,TRADE
NSW1,2012/2/29 15:30,9724.09,27.19,TRADE
NSW1,2012/2/29 16:00,9755.11,27.37,TRADE
NSW1,2012/2/29 16:30,9750.93,29.39,TRADE
NSW1,2012/2/29 17:00,9714.67,28.99,TRADE
NSW1,2012/2/29 17:30,9507.75,26.57,TRADE
NSW1,2012/2/29 18:00,9440.96,27.11,TRADE
NSW1,2012/2/29 18:30,9227.74,26.85,TRADE
NSW1,2012/2/29 19:00,9255,27.43,TRADE
NSW1,2012/2/29 19:30,9123.24,29.73,TRADE
NSW1,2012/2/29 20:00,8905.98,30.57,TRADE
NSW1,2012/2/29 20:30,8673.99,27.02,TRADE
NSW1,2012/2/29 21:00,8346.11,25.67,TRADE
NSW1,2012/2/29 21:30,8303.59,24.94,TRADE
NSW1,2012/2/29 22:00,8081.69,24.42,TRADE
NSW1,2012/2/29 22:30,7965.21,27.28,TRADE
NSW1,2012/2/29 23:00,7798.22,26.59,TRADE
NSW1,2012/2/29 23:30,7640.79,25.69,TRADE
NSW1,2012/3/1 0:00,7528.47,26.41,TRADE
?NSW1,2012/3/1 0:30,7340.94,25.45,TRADE
NSW1,2012/3/1 1:00,7078.22,20.96,TRADE
NSW1,2012/3/1 1:30,6810.94,17.14,TRADE
NSW1,2012/3/1 2:00,6526.77,13.35,TRADE
NSW1,2012/3/1 2:30,6376.42,15.22,TRADE
NSW1,2012/3/1 3:00,6301.31,13.4,TRADE
NSW1,2012/3/1 3:30,6338.35,15.6,TRADE
NSW1,2012/3/1 4:00,6391.31,17.61,TRADE
NSW1,2012/3/1 4:30,6600.13,16.89,TRADE
NSW1,2012/3/1 5:00,6917.85,20.6,TRADE
NSW1,2012/3/1 5:30,7608.53,26.38,TRADE
NSW1,2012/3/1 6:00,8216.34,27.2,TRADE
NSW1,2012/3/1 6:30,8722.77,28.19,TRADE
NSW1,2012/3/1 7:00,9118.82,29.7,TRADE
NSW1,2012/3/1 7:30,9323.04,26.64,TRADE
NSW1,2012/3/1 8:00,9444.63,27.4,TRADE
NSW1,2012/3/1 8:30,9664.35,28.65,TRADE
NSW1,2012/3/1 9:00,9793.68,28.9,TRADE
NSW1,2012/3/1 9:30,9893.24,29.05,TRADE
NSW1,2012/3/1 10:00,9946.75,29.43,TRADE
NSW1,2012/3/1 10:30,9979,29.23,TRADE
NSW1,2012/3/1 11:00,10014.29,28.8,TRADE
NSW1,2012/3/1 11:30,10020.2,27.04,TRADE
NSW1,2012/3/1 12:00,10058.52,27.01,TRADE
NSW1,2012/3/1 12:30,10138.56,27.01,TRADE
NSW1,2012/3/1 13:00,10176.44,26.83,TRADE
NSW1,2012/3/1 13:30,10248.65,26.56,TRADE
NSW1,2012/3/1 14:00,10240.66,26.79,TRADE
NSW1,2012/3/1 14:30,10390.15,27.01,TRADE
NSW1,2012/3/1 15:00,10554.68,27.82,TRADE
NSW1,2012/3/1 15:30,10620.76,26.86,TRADE
NSW1,2012/3/1 16:00,10581.54,26.94,TRADE
NSW1,2012/3/1 16:30,10556.02,27.22,TRADE
NSW1,2012/3/1 17:00,10523.18,26.84,TRADE
NSW1,2012/3/1 17:30,10289.73,26.75,TRADE
NSW1,2012/3/1 18:00,10259.85,26.87,TRADE
NSW1,2012/3/1 18:30,10067.62,26.59,TRADE
NSW1,2012/3/1 19:00,10065.87,26.87,TRADE
NSW1,2012/3/1 19:30,9981.4,26.83,TRADE
NSW1,2012/3/1 20:00,9715.02,26.22,TRADE
NSW1,2012/3/1 20:30,9266.31,26.16,TRADE
NSW1,2012/3/1 21:00,8891.6,22.81,TRADE
NSW1,2012/3/1 21:30,8772.96,21.46,TRADE
NSW1,2012/3/1 22:00,8464.03,18.5,TRADE
NSW1,2012/3/1 22:30,8229.11,23.35,TRADE
NSW1,2012/3/1 23:00,8041.52,20.48,TRADE
NSW1,2012/3/1 23:30,7749.95,18.54,TRADE
NSW1,2012/3/2 0:00,7561.43,22.13,TRADE
NSW1,2012/3/2 0:30,7305.15,14.13,TRADE
NSW1,2012/3/2 1:00,7073.49,14.59,TRADE
NSW1,2012/3/2 1:30,6813.69,16.9,TRADE
NSW1,2012/3/2 2:00,6518.49,12.83,TRADE
NSW1,2012/3/2 2:30,6379.32,11.19,TRADE
NSW1,2012/3/2 3:00,6353.72,9.71,TRADE
NSW1,2012/3/2 3:30,6356.86,8.05,TRADE
NSW1,2012/3/2 4:00,6426.55,12.38,TRADE
NSW1,2012/3/2 4:30,6631.83,19.91,TRADE
NSW1,2012/3/2 5:00,6905.37,20.29,TRADE
NSW1,2012/3/2 5:30,7453.05,22.59,TRADE
NSW1,2012/3/2 6:00,8064.13,26.27,TRADE
NSW1,2012/3/2 6:30,8515.13,25.89,TRADE
NSW1,2012/3/2 7:00,8905.02,26.44,TRADE
NSW1,2012/3/2 7:30,9097.34,26.27,TRADE
NSW1,2012/3/2 8:00,9238.88,20.58,TRADE
NSW1,2012/3/2 8:30,9380.98,22.86,TRADE
NSW1,2012/3/2 9:00,9489.43,24.13,TRADE
NSW1,2012/3/2 9:30,9562.44,22.63,TRADE
NSW1,2012/3/2 10:00,9571.54,21.67,TRADE
NSW1,2012/3/2 10:30,9526.95,20.05,TRADE
NSW1,2012/3/2 11:00,9467.22,19.93,TRADE
NSW1,2012/3/2 11:30,9424.99,20.2,TRADE
NSW1,2012/3/2 12:00,9370.17,19.82,TRADE
NSW1,2012/3/2 12:30,9307.11,17.35,TRADE
NSW1,2012/3/2 13:00,9288.26,20.81,TRADE
NSW1,2012/3/2 13:30,9229.84,23.43,TRADE
NSW1,2012/3/2 14:00,9179.82,19.84,TRADE
NSW1,2012/3/2 14:30,9055.52,22.01,TRADE
NSW1,2012/3/2 15:00,9115.69,24.61,TRADE
NSW1,2012/3/2 15:30,9126.87,21.23,TRADE
NSW1,2012/3/2 16:00,9146.99,21.22,TRADE
NSW1,2012/3/2 16:30,9112.2,21.74,TRADE
NSW1,2012/3/2 17:00,9042.77,21.04,TRADE
NSW1,2012/3/2 17:30,8817.59,21.23,TRADE
NSW1,2012/3/2 18:00,8742.39,22.93,TRADE
NSW1,2012/3/2 18:30,8641.84,22.37,TRADE
NSW1,2012/3/2 19:00,8620.84,22.33,TRADE
NSW1,2012/3/2 19:30,8555.9,22.63,TRADE
NSW1,2012/3/2 20:00,8378.29,21.42,TRADE
NSW1,2012/3/2 20:30,8149.12,19.77,TRADE
NSW1,2012/3/2 21:00,7928.53,19.69,TRADE
NSW1,2012/3/2 21:30,8031.03,18.98,TRADE
NSW1,2012/3/2 22:00,7918.17,18.09,TRADE
NSW1,2012/3/2 22:30,7939.45,21.83,TRADE
NSW1,2012/3/2 23:00,7832.4,18.64,TRADE
NSW1,2012/3/2 23:30,7661.08,19.57,TRADE
NSW1,2012/3/3 0:00,7468.75,23.48,TRADE
NSW1,2012/3/3 0:30,7297.03,16.81,TRADE
NSW1,2012/3/3 1:00,7032.05,22.23,TRADE
NSW1,2012/3/3 1:30,6709.3,20.79,TRADE
NSW1,2012/3/3 2:00,6417.54,15.85,TRADE
NSW1,2012/3/3 2:30,6236.04,18.88,TRADE
NSW1,2012/3/3 3:00,6108.41,18.43,TRADE
NSW1,2012/3/3 3:30,6070.6,19.2,TRADE
NSW1,2012/3/3 4:00,6069.15,17.1,TRADE
NSW1,2012/3/3 4:30,6133.06,19.47,TRADE
NSW1,2012/3/3 5:00,6303.68,20.38,TRADE
NSW1,2012/3/3 5:30,6407,17,TRADE
NSW1,2012/3/3 6:00,6661.06,20.69,TRADE
NSW1,2012/3/3 6:30,6906.15,21.72,TRADE
NSW1,2012/3/3 7:00,7280.12,23.43,TRADE
NSW1,2012/3/3 7:30,7695.28,19.82,TRADE
NSW1,2012/3/3 8:00,8062.61,24.26,TRADE
NSW1,2012/3/3 8:30,8362.23,24.91,TRADE
NSW1,2012/3/3 9:00,8530.34,26.44,TRADE
NSW1,2012/3/3 9:30,8644.75,26.75,TRADE
NSW1,2012/3/3 10:00,8602.5,26.29,TRADE
NSW1,2012/3/3 10:30,8564.87,26.24,TRADE
NSW1,2012/3/3 11:00,8546.02,26.06,TRADE
NSW1,2012/3/3 11:30,8480.79,25.52,TRADE
NSW1,2012/3/3 12:00,8450.35,25.19,TRADE
NSW1,2012/3/3 12:30,8405.67,25.02,TRADE
NSW1,2012/3/3 13:00,8285.29,24.58,TRADE
NSW1,2012/3/3 13:30,8129.97,24.05,TRADE
NSW1,2012/3/3 14:00,8160.01,23.59,TRADE
NSW1,2012/3/3 14:30,8121.06,22.22,TRADE
NSW1,2012/3/3 15:00,8051.95,21.24,TRADE
NSW1,2012/3/3 15:30,8102.11,22.13,TRADE
NSW1,2012/3/3 16:00,8172.63,23.64,TRADE
NSW1,2012/3/3 16:30,8191.06,23.93,TRADE
NSW1,2012/3/3 17:00,8257.23,24.24,TRADE
NSW1,2012/3/3 17:30,8282.5,23.47,TRADE
NSW1,2012/3/3 18:00,8252.29,19.74,TRADE
NSW1,2012/3/3 18:30,8210.35,23.11,TRADE
NSW1,2012/3/3 19:00,8223.02,24.28,TRADE
NSW1,2012/3/3 19:30,8138.42,25.08,TRADE
NSW1,2012/3/3 20:00,7963.37,23.58,TRADE
NSW1,2012/3/3 20:30,7802.03,21.04,TRADE
NSW1,2012/3/3 21:00,7674.88,21.66,TRADE
NSW1,2012/3/3 21:30,7608.68,20.09,TRADE
NSW1,2012/3/3 22:00,7551.87,18.72,TRADE
NSW1,2012/3/3 22:30,7566.67,22.04,TRADE
NSW1,2012/3/3 23:00,7403.23,19.66,TRADE
NSW1,2012/3/3 23:30,7210.58,17.84,TRADE
NSW1,2012/3/4 0:00,7042.3,16.53,TRADE
NSW1,2012/3/4 0:30,6901.37,15.21,TRADE
NSW1,2012/3/4 1:00,6715.32,13.5,TRADE
NSW1,2012/3/4 1:30,6417.45,13.28,TRADE
NSW1,2012/3/4 2:00,6263.72,10.37,TRADE
NSW1,2012/3/4 2:30,6125.11,6.22,TRADE
NSW1,2012/3/4 3:00,6074.14,8.24,TRADE
NSW1,2012/3/4 3:30,6047.58,8.21,TRADE
NSW1,2012/3/4 4:00,6005.38,6.65,TRADE
NSW1,2012/3/4 4:30,6058.11,8.34,TRADE
NSW1,2012/3/4 5:00,6126.77,10.78,TRADE
NSW1,2012/3/4 5:30,6243.33,11.68,TRADE
NSW1,2012/3/4 6:00,6319.41,12.33,TRADE
NSW1,2012/3/4 6:30,6518.43,15.95,TRADE
NSW1,2012/3/4 7:00,6792.22,21.02,TRADE
NSW1,2012/3/4 7:30,7157.87,17.35,TRADE
NSW1,2012/3/4 8:00,7507.97,19.27,TRADE
NSW1,2012/3/4 8:30,7867.53,21.32,TRADE
NSW1,2012/3/4 9:00,8025.61,22.14,TRADE
NSW1,2012/3/4 9:30,8176.31,22.53,TRADE
NSW1,2012/3/4 10:00,8213.71,22.44,TRADE
NSW1,2012/3/4 10:30,8251.45,21.97,TRADE
NSW1,2012/3/4 11:00,8292,22.27,TRADE
NSW1,2012/3/4 11:30,8337.13,22.08,TRADE
NSW1,2012/3/4 12:00,8329.66,21.75,TRADE
NSW1,2012/3/4 12:30,8344.29,24.03,TRADE
NSW1,2012/3/4 13:00,8312.8,19.32,TRADE
NSW1,2012/3/4 13:30,8428.18,21.22,TRADE
NSW1,2012/3/4 14:00,8487.46,22.22,TRADE
NSW1,2012/3/4 14:30,8595.19,21.31,TRADE
NSW1,2012/3/4 15:00,8714.72,25.2,TRADE
NSW1,2012/3/4 15:30,8771.2,26.26,TRADE
NSW1,2012/3/4 16:00,8909.76,25.92,TRADE
NSW1,2012/3/4 16:30,8877.52,26.47,TRADE
NSW1,2012/3/4 17:00,9014.01,27.14,TRADE
NSW1,2012/3/4 17:30,9115.92,26.65,TRADE
NSW1,2012/3/4 18:00,9072.7,26.81,TRADE
NSW1,2012/3/4 18:30,8976.41,26.64,TRADE
NSW1,2012/3/4 19:00,9040.15,28.23,TRADE
NSW1,2012/3/4 19:30,8965.56,26.76,TRADE
NSW1,2012/3/4 20:00,8750.82,26.51,TRADE
NSW1,2012/3/4 20:30,8430.82,24.88,TRADE
NSW1,2012/3/4 21:00,8237.04,24.8,TRADE
NSW1,2012/3/4 21:30,8094.57,24.28,TRADE
NSW1,2012/3/4 22:00,7942.65,20.45,TRADE
NSW1,2012/3/4 22:30,7775.16,26.21,TRADE
NSW1,2012/3/4 23:00,7487.45,24.69,TRADE
NSW1,2012/3/4 23:30,7265.41,24.87,TRADE
NSW1,2012/3/5 0:00,7190.06,26.45,TRADE
NSW1,2012/3/5 0:30,7046.75,24.52,TRADE
NSW1,2012/3/5 1:00,6888.83,26.16,TRADE
NSW1,2012/3/5 1:30,6634.85,24.82,TRADE
NSW1,2012/3/5 2:00,6470.82,18.51,TRADE
NSW1,2012/3/5 2:30,6362.32,13.44,TRADE
NSW1,2012/3/5 3:00,6291.88,13.66,TRADE
NSW1,2012/3/5 3:30,6233.35,14.01,TRADE
NSW1,2012/3/5 4:00,6359.87,14,TRADE
NSW1,2012/3/5 4:30,6557.74,20.28,TRADE
NSW1,2012/3/5 5:00,6860.45,21.82,TRADE
NSW1,2012/3/5 5:30,7526.38,27.37,TRADE
NSW1,2012/3/5 6:00,8134.2,26.5,TRADE
NSW1,2012/3/5 6:30,8577.14,27.32,TRADE
NSW1,2012/3/5 7:00,9021.27,27.55,TRADE
NSW1,2012/3/5 7:30,9194.75,26.06,TRADE
NSW1,2012/3/5 8:00,9312.74,26.92,TRADE
NSW1,2012/3/5 8:30,9496.15,27.05,TRADE
NSW1,2012/3/5 9:00,9593.71,27.18,TRADE
NSW1,2012/3/5 9:30,9657.68,28.03,TRADE
NSW1,2012/3/5 10:00,9670.38,26.75,TRADE
NSW1,2012/3/5 10:30,9603.97,26.66,TRADE
NSW1,2012/3/5 11:00,9607.37,26.83,TRADE
NSW1,2012/3/5 11:30,9631.99,26.17,TRADE
NSW1,2012/3/5 12:00,9521.2,26.56,TRADE
NSW1,2012/3/5 12:30,9704.35,26.01,TRADE
NSW1,2012/3/5 13:00,9689.56,25.92,TRADE
NSW1,2012/3/5 13:30,9696.46,25.71,TRADE
NSW1,2012/3/5 14:00,9664.73,25.8,TRADE
NSW1,2012/3/5 14:30,9666.25,25.71,TRADE
NSW1,2012/3/5 15:00,9736.7,26.62,TRADE
NSW1,2012/3/5 15:30,9638.76,26.19,TRADE
NSW1,2012/3/5 16:00,9631.51,24.83,TRADE
NSW1,2012/3/5 16:30,9598.66,26.94,TRADE
NSW1,2012/3/5 17:00,9581.8,25.83,TRADE
NSW1,2012/3/5 17:30,9328.81,26.38,TRADE
NSW1,2012/3/5 18:00,9213.01,26.33,TRADE
NSW1,2012/3/5 18:30,8978.2,26.31,TRADE
NSW1,2012/3/5 19:00,8972.88,26.48,TRADE
NSW1,2012/3/5 19:30,8967.16,26.07,TRADE
NSW1,2012/3/5 20:00,8787.24,25.96,TRADE
NSW1,2012/3/5 20:30,8549.34,25.97,TRADE
NSW1,2012/3/5 21:00,8250.47,25.34,TRADE
NSW1,2012/3/5 21:30,8207.85,24.79,TRADE
NSW1,2012/3/5 22:00,8020.08,24.26,TRADE
NSW1,2012/3/5 22:30,7925.75,26.32,TRADE
NSW1,2012/3/5 23:00,7748.48,26.42,TRADE
NSW1,2012/3/5 23:30,7565.74,25.93,TRADE
NSW1,2012/3/6 0:00,7427.79,23.61,TRADE
NSW1,2012/3/6 0:30,7272.71,21.18,TRADE
NSW1,2012/3/6 1:00,7046.31,18.94,TRADE
NSW1,2012/3/6 1:30,6829.02,19.61,TRADE
NSW1,2012/3/6 2:00,6563.8,15.26,TRADE
NSW1,2012/3/6 2:30,6413.6,13.55,TRADE
NSW1,2012/3/6 3:00,6315.75,14.93,TRADE
NSW1,2012/3/6 3:30,6353.11,15.06,TRADE
NSW1,2012/3/6 4:00,6405.16,16,TRADE
NSW1,2012/3/6 4:30,6573.19,19.42,TRADE
NSW1,2012/3/6 5:00,6925,20.07,TRADE
NSW1,2012/3/6 5:30,7457.92,27.02,TRADE
NSW1,2012/3/6 6:00,8042.91,26.88,TRADE
NSW1,2012/3/6 6:30,8477.81,27.4,TRADE
NSW1,2012/3/6 7:00,8915.58,27.05,TRADE
NSW1,2012/3/6 7:30,9032.05,23.35,TRADE
NSW1,2012/3/6 8:00,9054.86,23.41,TRADE
NSW1,2012/3/6 8:30,9223.72,26.22,TRADE
NSW1,2012/3/6 9:00,9363.07,26.52,TRADE
NSW1,2012/3/6 9:30,9407.06,25.32,TRADE
NSW1,2012/3/6 10:00,9359.61,24.03,TRADE
NSW1,2012/3/6 10:30,9392.36,22.4,TRADE
NSW1,2012/3/6 11:00,9385.46,22.56,TRADE
NSW1,2012/3/6 11:30,9363.69,21.04,TRADE
NSW1,2012/3/6 12:00,9334.4,21.28,TRADE
NSW1,2012/3/6 12:30,9266.52,20.19,TRADE
NSW1,2012/3/6 13:00,9281.06,20.53,TRADE
NSW1,2012/3/6 13:30,9280.38,22.68,TRADE
NSW1,2012/3/6 14:00,9245.26,21.98,TRADE
NSW1,2012/3/6 14:30,9180.27,20.57,TRADE
NSW1,2012/3/6 15:00,9252.2,19.95,TRADE
NSW1,2012/3/6 15:30,9277.19,24.62,TRADE
NSW1,2012/3/6 16:00,9256.09,24.09,TRADE
NSW1,2012/3/6 16:30,9235.18,25.06,TRADE
NSW1,2012/3/6 17:00,9128.34,23.9,TRADE
NSW1,2012/3/6 17:30,8896.9,21.46,TRADE
NSW1,2012/3/6 18:00,8765.23,22.96,TRADE
NSW1,2012/3/6 18:30,8614.69,23.31,TRADE
NSW1,2012/3/6 19:00,8687.79,25.16,TRADE
NSW1,2012/3/6 19:30,8683.64,24.31,TRADE
NSW1,2012/3/6 20:00,8496.34,22.68,TRADE
NSW1,2012/3/6 20:30,8302.83,22.11,TRADE
NSW1,2012/3/6 21:00,8079.31,20.66,TRADE
NSW1,2012/3/6 21:30,8018.7,19.54,TRADE
NSW1,2012/3/6 22:00,7803.88,18.54,TRADE
NSW1,2012/3/6 22:30,7833.07,24.19,TRADE
NSW1,2012/3/6 23:00,7677.77,21.99,TRADE
NSW1,2012/3/6 23:30,7540.68,21.9,TRADE
NSW1,2012/3/7 0:00,7407.63,20.06,TRADE
NSW1,2012/3/7 0:30,7247.84,19.62,TRADE
NSW1,2012/3/7 1:00,7014.48,15.87,TRADE
NSW1,2012/3/7 1:30,6761.35,16.42,TRADE
NSW1,2012/3/7 2:00,6489.17,11.21,TRADE
NSW1,2012/3/7 2:30,6333.25,3.85,TRADE
NSW1,2012/3/7 3:00,6250.76,10.93,TRADE
NSW1,2012/3/7 3:30,6221.78,11,TRADE
NSW1,2012/3/7 4:00,6271.68,11.12,TRADE
NSW1,2012/3/7 4:30,6469.27,12.39,TRADE
NSW1,2012/3/7 5:00,6783.73,15.5,TRADE
NSW1,2012/3/7 5:30,7403.27,24.23,TRADE
NSW1,2012/3/7 6:00,7990.51,26.33,TRADE
NSW1,2012/3/7 6:30,8323.95,26.49,TRADE
NSW1,2012/3/7 7:00,8666.97,26.96,TRADE
NSW1,2012/3/7 7:30,8700.33,24.73,TRADE
NSW1,2012/3/7 8:00,8734.89,25.39,TRADE
NSW1,2012/3/7 8:30,8865.51,22.55,TRADE
NSW1,2012/3/7 9:00,8965.05,24.99,TRADE
NSW1,2012/3/7 9:30,9017.7,24.7,TRADE
NSW1,2012/3/7 10:00,8973.9,22.58,TRADE
NSW1,2012/3/7 10:30,8909.53,19.43,TRADE
NSW1,2012/3/7 11:00,8883.27,21.66,TRADE
NSW1,2012/3/7 11:30,8848.71,22.9,TRADE
NSW1,2012/3/7 12:00,8852.79,21.67,TRADE
NSW1,2012/3/7 12:30,8861.72,19.23,TRADE
NSW1,2012/3/7 13:00,8806.41,20.25,TRADE
NSW1,2012/3/7 13:30,8828.24,22.1,TRADE
NSW1,2012/3/7 14:00,8774.15,24.96,TRADE
NSW1,2012/3/7 14:30,8762.88,24.57,TRADE
NSW1,2012/3/7 15:00,8772.98,23.82,TRADE
NSW1,2012/3/7 15:30,8811.59,22.04,TRADE
NSW1,2012/3/7 16:00,8842.29,25.68,TRADE
NSW1,2012/3/7 16:30,8849.85,24.57,TRADE
NSW1,2012/3/7 17:00,8936.62,24.55,TRADE
NSW1,2012/3/7 17:30,8830.43,23.87,TRADE
NSW1,2012/3/7 18:00,8805.22,25.42,TRADE
NSW1,2012/3/7 18:30,8711.65,26.54,TRADE
NSW1,2012/3/7 19:00,8709.72,26.83,TRADE
NSW1,2012/3/7 19:30,8610.37,25.79,TRADE
NSW1,2012/3/7 20:00,8387.44,25.59,TRADE
NSW1,2012/3/7 20:30,8154.48,24.39,TRADE
NSW1,2012/3/7 21:00,7854.28,22.55,TRADE
NSW1,2012/3/7 21:30,7873.67,21.47,TRADE
NSW1,2012/3/7 22:00,7707.26,19.93,TRADE
NSW1,2012/3/7 22:30,7628.2,27.03,TRADE
NSW1,2012/3/7 23:00,7508.83,26.65,TRADE
NSW1,2012/3/7 23:30,7357.34,26.42,TRADE
NSW1,2012/3/8 0:00,7282.39,26.17,TRADE
NSW1,2012/3/8 0:30,7106.54,22.3,TRADE
NSW1,2012/3/8 1:00,6913.13,18.21,TRADE
NSW1,2012/3/8 1:30,6596.2,16.16,TRADE
NSW1,2012/3/8 2:00,6303.29,10.87,TRADE
NSW1,2012/3/8 2:30,6142.61,8.91,TRADE
NSW1,2012/3/8 3:00,6104.71,13.06,TRADE
NSW1,2012/3/8 3:30,6145.73,13.98,TRADE
NSW1,2012/3/8 4:00,6202.25,11.28,TRADE
NSW1,2012/3/8 4:30,6406.15,15.07,TRADE
NSW1,2012/3/8 5:00,6700.41,20.09,TRADE
NSW1,2012/3/8 5:30,7313.32,26.39,TRADE
NSW1,2012/3/8 6:00,7951.5,26.83,TRADE
NSW1,2012/3/8 6:30,8374.05,26.81,TRADE
NSW1,2012/3/8 7:00,8853.11,27.3,TRADE
NSW1,2012/3/8 7:30,8968.54,24.47,TRADE
NSW1,2012/3/8 8:00,8928.46,25.14,TRADE
NSW1,2012/3/8 8:30,9053.44,25.54,TRADE
NSW1,2012/3/8 9:00,9117.37,25.79,TRADE
NSW1,2012/3/8 9:30,9148.31,25.84,TRADE
NSW1,2012/3/8 10:00,9123.47,25.61,TRADE
NSW1,2012/3/8 10:30,9003.15,25.38,TRADE
NSW1,2012/3/8 11:00,9055,26.16,TRADE
NSW1,2012/3/8 11:30,9046.79,26.56,TRADE
NSW1,2012/3/8 12:00,8909.32,25.58,TRADE
NSW1,2012/3/8 12:30,8951.83,26.39,TRADE
NSW1,2012/3/8 13:00,8984.47,25.2,TRADE
NSW1,2012/3/8 13:30,8939.35,24.66,TRADE
NSW1,2012/3/8 14:00,8914.98,25.29,TRADE
NSW1,2012/3/8 14:30,8891.53,28.29,TRADE
NSW1,2012/3/8 15:00,8865.79,24.89,TRADE
NSW1,2012/3/8 15:30,8902.84,25.99,TRADE
NSW1,2012/3/8 16:00,8932.47,25.8,TRADE
NSW1,2012/3/8 16:30,8976.7,26.26,TRADE
NSW1,2012/3/8 17:00,9027.99,26.26,TRADE
NSW1,2012/3/8 17:30,8890.05,25.16,TRADE
NSW1,2012/3/8 18:00,8810.04,26.28,TRADE
NSW1,2012/3/8 18:30,8764.53,26.51,TRADE
NSW1,2012/3/8 19:00,8884.37,26.83,TRADE
NSW1,2012/3/8 19:30,8826.83,26.83,TRADE
NSW1,2012/3/8 20:00,8642.21,25.96,TRADE
NSW1,2012/3/8 20:30,8384.38,24.51,TRADE
NSW1,2012/3/8 21:00,8088.97,25.64,TRADE
NSW1,2012/3/8 21:30,8080.79,25.19,TRADE
NSW1,2012/3/8 22:00,7928.1,23.44,TRADE
NSW1,2012/3/8 22:30,7819.82,26.81,TRADE
NSW1,2012/3/8 23:00,7720.85,26.95,TRADE
NSW1,2012/3/8 23:30,7550.43,26.76,TRADE
NSW1,2012/3/9 0:00,7455.17,26.13,TRADE
NSW1,2012/3/9 0:30,7278.06,23.68,TRADE
NSW1,2012/3/9 1:00,7055.95,21.85,TRADE
NSW1,2012/3/9 1:30,6730.66,21.77,TRADE
NSW1,2012/3/9 2:00,6489.58,15.83,TRADE
NSW1,2012/3/9 2:30,6298.23,13.4,TRADE
NSW1,2012/3/9 3:00,6225.57,13.76,TRADE
NSW1,2012/3/9 3:30,6212.33,13.32,TRADE
NSW1,2012/3/9 4:00,6259.64,15.13,TRADE
NSW1,2012/3/9 4:30,6494.39,20.03,TRADE
NSW1,2012/3/9 5:00,6800.3,22.21,TRADE
NSW1,2012/3/9 5:30,7397.76,27.48,TRADE
NSW1,2012/3/9 6:00,7987.98,26.82,TRADE
NSW1,2012/3/9 6:30,8313.06,27.87,TRADE
NSW1,2012/3/9 7:00,8670.1,27.5,TRADE
NSW1,2012/3/9 7:30,8752.86,24.85,TRADE
NSW1,2012/3/9 8:00,8840.3,26.39,TRADE
NSW1,2012/3/9 8:30,8965.85,26.66,TRADE
NSW1,2012/3/9 9:00,9079.77,27,TRADE
NSW1,2012/3/9 9:30,9098.37,26.57,TRADE
NSW1,2012/3/9 10:00,9089.49,25.93,TRADE
NSW1,2012/3/9 10:30,9047.86,26.09,TRADE
NSW1,2012/3/9 11:00,9089.96,26.68,TRADE
NSW1,2012/3/9 11:30,9082.17,26.73,TRADE
NSW1,2012/3/9 12:00,9093.99,24.57,TRADE
NSW1,2012/3/9 12:30,9161.69,26.04,TRADE
NSW1,2012/3/9 13:00,9177.88,24.53,TRADE
NSW1,2012/3/9 13:30,9172.18,23.14,TRADE
NSW1,2012/3/9 14:00,9088.89,26.21,TRADE
NSW1,2012/3/9 14:30,9017.06,22.61,TRADE
NSW1,2012/3/9 15:00,9054.83,24.5,TRADE
NSW1,2012/3/9 15:30,9051.48,26.21,TRADE
NSW1,2012/3/9 16:00,9096.49,26.25,TRADE
NSW1,2012/3/9 16:30,9049.4,26.47,TRADE
NSW1,2012/3/9 17:00,8880.74,25.01,TRADE
NSW1,2012/3/9 17:30,8682.28,25.26,TRADE
NSW1,2012/3/9 18:00,8536.46,26.59,TRADE
NSW1,2012/3/9 18:30,8427.01,26.49,TRADE
NSW1,2012/3/9 19:00,8514.36,26.84,TRADE
NSW1,2012/3/9 19:30,8479.49,26.8,TRADE
NSW1,2012/3/9 20:00,8404.1,26.72,TRADE
NSW1,2012/3/9 20:30,8192.39,26.41,TRADE
NSW1,2012/3/9 21:00,7915.79,25.83,TRADE
NSW1,2012/3/9 21:30,7994.37,26.22,TRADE
NSW1,2012/3/9 22:00,7900.61,24.15,TRADE
NSW1,2012/3/9 22:30,7960.47,26.99,TRADE
NSW1,2012/3/9 23:00,7775.49,26.48,TRADE
NSW1,2012/3/9 23:30,7599.87,26.61,TRADE
NSW1,2012/3/10 0:00,7406.45,25.47,TRADE
NSW1,2012/3/10 0:30,7241.8,22.77,TRADE
NSW1,2012/3/10 1:00,6994.9,21.64,TRADE
NSW1,2012/3/10 1:30,6732.23,22.46,TRADE
NSW1,2012/3/10 2:00,6433.42,19.25,TRADE
NSW1,2012/3/10 2:30,6222.72,16.95,TRADE
NSW1,2012/3/10 3:00,6153.71,17.38,TRADE
NSW1,2012/3/10 3:30,6121.34,15.46,TRADE
NSW1,2012/3/10 4:00,6128.06,14.08,TRADE
NSW1,2012/3/10 4:30,6179.93,19.46,TRADE
NSW1,2012/3/10 5:00,6306.43,20.27,TRADE
NSW1,2012/3/10 5:30,6532.67,21.65,TRADE
NSW1,2012/3/10 6:00,6734.46,21.56,TRADE
NSW1,2012/3/10 6:30,6975.98,24.4,TRADE
NSW1,2012/3/10 7:00,7299.62,25.67,TRADE
NSW1,2012/3/10 7:30,7690.65,25.58,TRADE
NSW1,2012/3/10 8:00,8010.62,26.82,TRADE
NSW1,2012/3/10 8:30,8301.23,26.86,TRADE
NSW1,2012/3/10 9:00,8364.88,26.65,TRADE
NSW1,2012/3/10 9:30,8452.36,26.72,TRADE
NSW1,2012/3/10 10:00,8390.76,25.52,TRADE
NSW1,2012/3/10 10:30,8294.96,25.97,TRADE
NSW1,2012/3/10 11:00,8251.18,26.38,TRADE
NSW1,2012/3/10 11:30,8249.1,25.23,TRADE
NSW1,2012/3/10 12:00,8212.02,25.1,TRADE
NSW1,2012/3/10 12:30,8235.75,23.82,TRADE
NSW1,2012/3/10 13:00,8135.73,22.67,TRADE
NSW1,2012/3/10 13:30,8121.6,23.2,TRADE
NSW1,2012/3/10 14:00,8097.6,25.37,TRADE
NSW1,2012/3/10 14:30,8074.24,24.79,TRADE
NSW1,2012/3/10 15:00,8106.83,22.26,TRADE
NSW1,2012/3/10 15:30,8086.82,23.29,TRADE
NSW1,2012/3/10 16:00,8172.93,26.23,TRADE
NSW1,2012/3/10 16:30,8099.4,25.98,TRADE
NSW1,2012/3/10 17:00,8117.55,24.73,TRADE
NSW1,2012/3/10 17:30,8094.16,25.58,TRADE
NSW1,2012/3/10 18:00,7953.68,26.52,TRADE
NSW1,2012/3/10 18:30,7985.49,26.76,TRADE
NSW1,2012/3/10 19:00,8070.87,27.87,TRADE
NSW1,2012/3/10 19:30,8000.1,26.62,TRADE
NSW1,2012/3/10 20:00,7898.06,26.63,TRADE
NSW1,2012/3/10 20:30,7786.82,25.78,TRADE
NSW1,2012/3/10 21:00,7623.78,25.98,TRADE
NSW1,2012/3/10 21:30,7578.64,26.26,TRADE
NSW1,2012/3/10 22:00,7513.79,25.91,TRADE
NSW1,2012/3/10 22:30,7491.59,26.48,TRADE
NSW1,2012/3/10 23:00,7314.59,26.1,TRADE
NSW1,2012/3/10 23:30,7098.7,25.98,TRADE
NSW1,2012/3/11 0:00,6960.53,26.43,TRADE
NSW1,2012/3/11 0:30,6816.67,25.8,TRADE
NSW1,2012/3/11 1:00,6597.87,22.07,TRADE
NSW1,2012/3/11 1:30,6381.6,21.54,TRADE
NSW1,2012/3/11 2:00,6173.88,15.03,TRADE
NSW1,2012/3/11 2:30,6089.44,18.43,TRADE
NSW1,2012/3/11 3:00,5960.57,19.15,TRADE
NSW1,2012/3/11 3:30,5933.37,18.88,TRADE
NSW1,2012/3/11 4:00,5914.36,18.67,TRADE
NSW1,2012/3/11 4:30,5959.98,19.91,TRADE
NSW1,2012/3/11 5:00,6029.25,19.91,TRADE
NSW1,2012/3/11 5:30,6162.28,19.8,TRADE
NSW1,2012/3/11 6:00,6246.38,19.8,TRADE
NSW1,2012/3/11 6:30,6392.48,16.8,TRADE
NSW1,2012/3/11 7:00,6702.32,22.59,TRADE
NSW1,2012/3/11 7:30,7090.46,24.1,TRADE
NSW1,2012/3/11 8:00,7349.47,25.77,TRADE
NSW1,2012/3/11 8:30,7544.42,26.55,TRADE
NSW1,2012/3/11 9:00,7784.81,26.81,TRADE
NSW1,2012/3/11 9:30,7901.24,26.15,TRADE
NSW1,2012/3/11 10:00,7892.81,25.38,TRADE
NSW1,2012/3/11 10:30,7942.95,23.87,TRADE
NSW1,2012/3/11 11:00,7925.52,24.43,TRADE
NSW1,2012/3/11 11:30,7943.39,23.28,TRADE
NSW1,2012/3/11 12:00,7892.15,23.27,TRADE
NSW1,2012/3/11 12:30,7881.95,23.45,TRADE
NSW1,2012/3/11 13:00,7850.07,23.68,TRADE
NSW1,2012/3/11 13:30,7820.67,24.18,TRADE
NSW1,2012/3/11 14:00,7807.74,25.21,TRADE
NSW1,2012/3/11 14:30,7881.26,24.22,TRADE
NSW1,2012/3/11 15:00,7924.16,26.3,TRADE
NSW1,2012/3/11 15:30,7952.63,22.84,TRADE
NSW1,2012/3/11 16:00,8005,25.67,TRADE
NSW1,2012/3/11 16:30,8019.5,26.38,TRADE
NSW1,2012/3/11 17:00,8087.36,26.05,TRADE
NSW1,2012/3/11 17:30,8131.22,26.68,TRADE
NSW1,2012/3/11 18:00,8173.11,26.41,TRADE
NSW1,2012/3/11 18:30,8168.74,26.57,TRADE
NSW1,2012/3/11 19:00,8308.83,27.21,TRADE
NSW1,2012/3/11 19:30,8292.65,26.47,TRADE
NSW1,2012/3/11 20:00,8104.58,26.5,TRADE
NSW1,2012/3/11 20:30,7918.61,26.6,TRADE
NSW1,2012/3/11 21:00,7666.31,25.79,TRADE
NSW1,2012/3/11 21:30,7539.46,25.7,TRADE
NSW1,2012/3/11 22:00,7409.3,26.26,TRADE
NSW1,2012/3/11 22:30,7307.72,26.52,TRADE
NSW1,2012/3/11 23:00,7081.31,25.82,TRADE
NSW1,2012/3/11 23:30,6926.44,26.35,TRADE
NSW1,2012/3/12 0:00,6835.7,25.49,TRADE
NSW1,2012/3/12 0:30,6682.12,22.14,TRADE
NSW1,2012/3/12 1:00,6584.04,21.77,TRADE
NSW1,2012/3/12 1:30,6335.62,22.23,TRADE
NSW1,2012/3/12 2:00,6179.22,19.91,TRADE
NSW1,2012/3/12 2:30,6001.45,17.87,TRADE
NSW1,2012/3/12 3:00,5925.28,16.2,TRADE
NSW1,2012/3/12 3:30,6038.89,16.97,TRADE
NSW1,2012/3/12 4:00,6061.52,17.49,TRADE
NSW1,2012/3/12 4:30,6319,20.27,TRADE
NSW1,2012/3/12 5:00,6627.47,22.5,TRADE
NSW1,2012/3/12 5:30,7224.02,26.81,TRADE
NSW1,2012/3/12 6:00,7720.38,26.75,TRADE
NSW1,2012/3/12 6:30,8105.49,26.54,TRADE
NSW1,2012/3/12 7:00,8547.4,26.73,TRADE
NSW1,2012/3/12 7:30,8714.37,27.51,TRADE
NSW1,2012/3/12 8:00,8915.07,28.13,TRADE
NSW1,2012/3/12 8:30,9056.34,31.5,TRADE
NSW1,2012/3/12 9:00,9300.81,32.31,TRADE
NSW1,2012/3/12 9:30,9400.5,31.17,TRADE
NSW1,2012/3/12 10:00,9374.06,31.42,TRADE
NSW1,2012/3/12 10:30,9402.6,30.17,TRADE
NSW1,2012/3/12 11:00,9398.36,31.15,TRADE
NSW1,2012/3/12 11:30,9414.06,31.6,TRADE
NSW1,2012/3/12 12:00,9448.73,30.17,TRADE
NSW1,2012/3/12 12:30,9402.44,29.96,TRADE
NSW1,2012/3/12 13:00,9360.4,28.56,TRADE
NSW1,2012/3/12 13:30,9355.82,30.5,TRADE
NSW1,2012/3/12 14:00,9281.54,30.21,TRADE
NSW1,2012/3/12 14:30,9216.94,30.11,TRADE
NSW1,2012/3/12 15:00,9184.72,28.39,TRADE
NSW1,2012/3/12 15:30,9228.85,29.94,TRADE
NSW1,2012/3/12 16:00,9253.9,29.91,TRADE
NSW1,2012/3/12 16:30,9229.67,30.84,TRADE
NSW1,2012/3/12 17:00,9208,31.83,TRADE
NSW1,2012/3/12 17:30,9016.19,30.62,TRADE
NSW1,2012/3/12 18:00,8860.73,30.63,TRADE
NSW1,2012/3/12 18:30,8769.59,29.77,TRADE
NSW1,2012/3/12 19:00,8884.01,31.54,TRADE
NSW1,2012/3/12 19:30,8837.01,32.36,TRADE
NSW1,2012/3/12 20:00,8652.54,30.72,TRADE
NSW1,2012/3/12 20:30,8418.98,29.43,TRADE
NSW1,2012/3/12 21:00,8107.83,26.67,TRADE
NSW1,2012/3/12 21:30,8045.4,26.21,TRADE
NSW1,2012/3/12 22:00,7856.54,25.74,TRADE
NSW1,2012/3/12 22:30,7797.27,26.6,TRADE
NSW1,2012/3/12 23:00,7667.99,26.64,TRADE
NSW1,2012/3/12 23:30,7522.85,26.84,TRADE
NSW1,2012/3/13 0:00,7395.6,26.52,TRADE
NSW1,2012/3/13 0:30,7251.03,26.08,TRADE
NSW1,2012/3/13 1:00,7035.05,22.99,TRADE
NSW1,2012/3/13 1:30,6781.57,25.66,TRADE
NSW1,2012/3/13 2:00,6517.66,23.6,TRADE
NSW1,2012/3/13 2:30,6300.26,21.72,TRADE
NSW1,2012/3/13 3:00,6254.38,20.01,TRADE
NSW1,2012/3/13 3:30,6264.13,19.99,TRADE
NSW1,2012/3/13 4:00,6354.77,20.86,TRADE
NSW1,2012/3/13 4:30,6543.85,23.78,TRADE
NSW1,2012/3/13 5:00,6841.42,26.03,TRADE
NSW1,2012/3/13 5:30,7462.25,27.43,TRADE
NSW1,2012/3/13 6:00,7979.29,28.42,TRADE
NSW1,2012/3/13 6:30,8386.08,28.27,TRADE
NSW1,2012/3/13 7:00,8714.62,29.46,TRADE
NSW1,2012/3/13 7:30,8780.2,26.08,TRADE
NSW1,2012/3/13 8:00,8840.08,26.71,TRADE
NSW1,2012/3/13 8:30,9088.79,26.85,TRADE
NSW1,2012/3/13 9:00,9199.67,27.26,TRADE
NSW1,2012/3/13 9:30,9275.27,27.09,TRADE
NSW1,2012/3/13 10:00,9296.62,27.05,TRADE
NSW1,2012/3/13 10:30,9277.72,27.56,TRADE
NSW1,2012/3/13 11:00,9308.91,30.57,TRADE
NSW1,2012/3/13 11:30,9388.89,31.15,TRADE
NSW1,2012/3/13 12:00,9437.45,30.37,TRADE
NSW1,2012/3/13 12:30,9437.61,29.36,TRADE
NSW1,2012/3/13 13:00,9527.81,27.85,TRADE
NSW1,2012/3/13 13:30,9543.45,27.19,TRADE
NSW1,2012/3/13 14:00,9533.24,27.09,TRADE
NSW1,2012/3/13 14:30,9584.15,27.31,TRADE
NSW1,2012/3/13 15:00,9635.11,28.47,TRADE
NSW1,2012/3/13 15:30,9709.46,29.41,TRADE
NSW1,2012/3/13 16:00,9783.38,29.35,TRADE
NSW1,2012/3/13 16:30,9714.88,29.97,TRADE
NSW1,2012/3/13 17:00,9574.17,30.92,TRADE
NSW1,2012/3/13 17:30,9343.75,29.33,TRADE
NSW1,2012/3/13 18:00,9195.12,29.22,TRADE
NSW1,2012/3/13 18:30,9078.39,29.03,TRADE
NSW1,2012/3/13 19:00,9184.97,31.62,TRADE
NSW1,2012/3/13 19:30,9066.57,32.17,TRADE
NSW1,2012/3/13 20:00,8838.83,30.62,TRADE
NSW1,2012/3/13 20:30,8597.56,27.66,TRADE
NSW1,2012/3/13 21:00,8247.49,26.71,TRADE
NSW1,2012/3/13 21:30,8184.4,26.45,TRADE
NSW1,2012/3/13 22:00,7924.03,24.56,TRADE
NSW1,2012/3/13 22:30,7876.74,26.41,TRADE
NSW1,2012/3/13 23:00,7724.42,26.15,TRADE
NSW1,2012/3/13 23:30,7569.04,26.09,TRADE
NSW1,2012/3/14 0:00,7393.82,25.22,TRADE
NSW1,2012/3/14 0:30,7230.45,23.01,TRADE
NSW1,2012/3/14 1:00,7016.92,20.77,TRADE
NSW1,2012/3/14 1:30,6737.07,18.73,TRADE
NSW1,2012/3/14 2:00,6521.32,14.34,TRADE
NSW1,2012/3/14 2:30,6308.02,19.74,TRADE
NSW1,2012/3/14 3:00,6231.56,13.33,TRADE
NSW1,2012/3/14 3:30,6232.03,19.33,TRADE
NSW1,2012/3/14 4:00,6310.63,14.96,TRADE
NSW1,2012/3/14 4:30,6541.94,19.91,TRADE
NSW1,2012/3/14 5:00,6845.06,22.01,TRADE
NSW1,2012/3/14 5:30,7494.46,28.47,TRADE
NSW1,2012/3/14 6:00,8049.36,27.38,TRADE
NSW1,2012/3/14 6:30,8420.76,26.88,TRADE
NSW1,2012/3/14 7:00,8737,27.84,TRADE
NSW1,2012/3/14 7:30,8854.28,26.27,TRADE
NSW1,2012/3/14 8:00,8952.5,26.82,TRADE
NSW1,2012/3/14 8:30,9191.54,26.83,TRADE
NSW1,2012/3/14 9:00,9336.64,27.06,TRADE
NSW1,2012/3/14 9:30,9474.07,27.13,TRADE
NSW1,2012/3/14 10:00,9554.28,29.39,TRADE
NSW1,2012/3/14 10:30,9551.35,28.98,TRADE
NSW1,2012/3/14 11:00,9593.79,30.28,TRADE
NSW1,2012/3/14 11:30,9617.4,32.52,TRADE
NSW1,2012/3/14 12:00,9607.05,31.29,TRADE
NSW1,2012/3/14 12:30,9621.33,29.08,TRADE
NSW1,2012/3/14 13:00,9655.24,31.68,TRADE
NSW1,2012/3/14 13:30,9711.14,31.99,TRADE
NSW1,2012/3/14 14:00,9739.14,35.65,TRADE
NSW1,2012/3/14 14:30,9740.5,35.49,TRADE
NSW1,2012/3/14 15:00,9792.63,41.19,TRADE
NSW1,2012/3/14 15:30,9806.38,32.46,TRADE
NSW1,2012/3/14 16:00,9814.85,32.3,TRADE
NSW1,2012/3/14 16:30,9762.37,32.12,TRADE
NSW1,2012/3/14 17:00,9605.86,31.71,TRADE
NSW1,2012/3/14 17:30,9247.55,27.52,TRADE
NSW1,2012/3/14 18:00,9149.76,27.33,TRADE
NSW1,2012/3/14 18:30,9109.45,27.74,TRADE
NSW1,2012/3/14 19:00,9203.08,29.53,TRADE
NSW1,2012/3/14 19:30,9099.74,28.78,TRADE
NSW1,2012/3/14 20:00,8884.45,26.84,TRADE
NSW1,2012/3/14 20:30,8660.69,26.64,TRADE
NSW1,2012/3/14 21:00,8368.54,26.69,TRADE
NSW1,2012/3/14 21:30,8337,26.76,TRADE
NSW1,2012/3/14 22:00,8118.55,25.78,TRADE
NSW1,2012/3/14 22:30,8044.51,29.74,TRADE
NSW1,2012/3/14 23:00,7868.29,29.02,TRADE
NSW1,2012/3/14 23:30,7656.06,27.46,TRADE
NSW1,2012/3/15 0:00,7493.33,26.25,TRADE
NSW1,2012/3/15 0:30,7315.39,23.6,TRADE
NSW1,2012/3/15 1:00,7104.47,21.88,TRADE
NSW1,2012/3/15 1:30,6800.24,23.72,TRADE
NSW1,2012/3/15 2:00,6593.91,23.88,TRADE
NSW1,2012/3/15 2:30,6481.45,23.81,TRADE
NSW1,2012/3/15 3:00,6384.64,20.46,TRADE
NSW1,2012/3/15 3:30,6371.76,20.37,TRADE
NSW1,2012/3/15 4:00,6472.07,22.87,TRADE
NSW1,2012/3/15 4:30,6693.25,26.35,TRADE
NSW1,2012/3/15 5:00,6997.5,29.4,TRADE
NSW1,2012/3/15 5:30,7667.56,28.31,TRADE
NSW1,2012/3/15 6:00,8227.56,30.67,TRADE
NSW1,2012/3/15 6:30,8624.64,30.57,TRADE
NSW1,2012/3/15 7:00,8976.67,33.37,TRADE
NSW1,2012/3/15 7:30,9093.78,26.52,TRADE
NSW1,2012/3/15 8:00,9231.31,27.93,TRADE
NSW1,2012/3/15 8:30,9451.95,30.55,TRADE
NSW1,2012/3/15 9:00,9599.99,31.1,TRADE
NSW1,2012/3/15 9:30,9628.85,30.18,TRADE
NSW1,2012/3/15 10:00,9619.49,29.09,TRADE
NSW1,2012/3/15 10:30,9643.94,28.08,TRADE
NSW1,2012/3/15 11:00,9739.31,31.78,TRADE
NSW1,2012/3/15 11:30,9729.16,30.4,TRADE
NSW1,2012/3/15 12:00,9787.15,31.29,TRADE
NSW1,2012/3/15 12:30,9903.08,32.51,TRADE
NSW1,2012/3/15 13:00,9961.89,33.83,TRADE
NSW1,2012/3/15 13:30,10024.49,32.57,TRADE
NSW1,2012/3/15 14:00,10044.02,34.72,TRADE
NSW1,2012/3/15 14:30,9994.75,28.39,TRADE
NSW1,2012/3/15 15:00,10109.64,31.68,TRADE
NSW1,2012/3/15 15:30,10142.13,31.63,TRADE
NSW1,2012/3/15 16:00,10181.22,30.88,TRADE
NSW1,2012/3/15 16:30,10078.12,32.12,TRADE
NSW1,2012/3/15 17:00,9989.77,31.92,TRADE
NSW1,2012/3/15 17:30,9737.15,28.17,TRADE
NSW1,2012/3/15 18:00,9647.31,31.24,TRADE
NSW1,2012/3/15 18:30,9526.6,31.61,TRADE
NSW1,2012/3/15 19:00,9610.72,32.01,TRADE
NSW1,2012/3/15 19:30,9511.19,31.43,TRADE
NSW1,2012/3/15 20:00,9231.9,29.95,TRADE
NSW1,2012/3/15 20:30,8907.89,27.61,TRADE
NSW1,2012/3/15 21:00,8511.72,26.58,TRADE
NSW1,2012/3/15 21:30,8458.63,26.27,TRADE
NSW1,2012/3/15 22:00,8272.33,25.51,TRADE
NSW1,2012/3/15 22:30,8197.24,27.24,TRADE
NSW1,2012/3/15 23:00,7895.47,27.73,TRADE
NSW1,2012/3/15 23:30,7704.02,26.83,TRADE
NSW1,2012/3/16 0:00,7620.44,26.82,TRADE
NSW1,2012/3/16 0:30,7434.92,25.94,TRADE
NSW1,2012/3/16 1:00,7190.06,23.83,TRADE
NSW1,2012/3/16 1:30,6879.57,24.95,TRADE
NSW1,2012/3/16 2:00,6632.54,22.31,TRADE
NSW1,2012/3/16 2:30,6486.44,20.8,TRADE
NSW1,2012/3/16 3:00,6402.49,19.91,TRADE
NSW1,2012/3/16 3:30,6407.41,19.91,TRADE
NSW1,2012/3/16 4:00,6487.2,20.49,TRADE
NSW1,2012/3/16 4:30,6685.15,23.9,TRADE
NSW1,2012/3/16 5:00,7014.25,27.1,TRADE
NSW1,2012/3/16 5:30,7627.22,30.99,TRADE
NSW1,2012/3/16 6:00,8207.7,31.04,TRADE
NSW1,2012/3/16 6:30,8630.25,30.98,TRADE
NSW1,2012/3/16 7:00,8997.24,32.38,TRADE
NSW1,2012/3/16 7:30,9149.58,26.47,TRADE
NSW1,2012/3/16 8:00,9366.26,28.2,TRADE
NSW1,2012/3/16 8:30,9603.29,30.17,TRADE
NSW1,2012/3/16 9:00,9687.09,29.65,TRADE
NSW1,2012/3/16 9:30,9780.49,31.68,TRADE
NSW1,2012/3/16 10:00,9947.07,30.98,TRADE
NSW1,2012/3/16 10:30,9936.48,29.71,TRADE
NSW1,2012/3/16 11:00,10062.25,31.15,TRADE
NSW1,2012/3/16 11:30,10109.8,31.51,TRADE
NSW1,2012/3/16 12:00,10151.42,30.44,TRADE
NSW1,2012/3/16 12:30,10210.46,29.54,TRADE
NSW1,2012/3/16 13:00,10297.72,30.48,TRADE
NSW1,2012/3/16 13:30,10423.76,32.91,TRADE
NSW1,2012/3/16 14:00,10461.15,32.2,TRADE
NSW1,2012/3/16 14:30,10420.4,32.69,TRADE
NSW1,2012/3/16 15:00,10497.7,32.78,TRADE
NSW1,2012/3/16 15:30,10548.99,33.92,TRADE
NSW1,2012/3/16 16:00,10584.64,37.32,TRADE
NSW1,2012/3/16 16:30,10434.83,33.51,TRADE
NSW1,2012/3/16 17:00,10158.35,31.35,TRADE
NSW1,2012/3/16 17:30,9788.12,29.9,TRADE
NSW1,2012/3/16 18:00,9609.45,30.64,TRADE
NSW1,2012/3/16 18:30,9497.97,30.76,TRADE
NSW1,2012/3/16 19:00,9470.16,31.95,TRADE
NSW1,2012/3/16 19:30,9315.95,31.79,TRADE
NSW1,2012/3/16 20:00,9144.53,30.95,TRADE
NSW1,2012/3/16 20:30,8915.54,29.97,TRADE
NSW1,2012/3/16 21:00,8657.85,29.16,TRADE
NSW1,2012/3/16 21:30,8618.12,29.5,TRADE
NSW1,2012/3/16 22:00,8479.02,27.53,TRADE
NSW1,2012/3/16 22:30,8454.49,33.53,TRADE
NSW1,2012/3/16 23:00,8233.66,32.89,TRADE
NSW1,2012/3/16 23:30,7960.04,32.33,TRADE
NSW1,2012/3/17 0:00,7745.96,31.75,TRADE
NSW1,2012/3/17 0:30,7538.72,32.71,TRADE
NSW1,2012/3/17 1:00,7219.87,28.52,TRADE
NSW1,2012/3/17 1:30,6984.26,30.38,TRADE
NSW1,2012/3/17 2:00,6683.64,27.95,TRADE
NSW1,2012/3/17 2:30,6521,27.29,TRADE
NSW1,2012/3/17 3:00,6388.56,26.96,TRADE
NSW1,2012/3/17 3:30,6335.35,27.06,TRADE
NSW1,2012/3/17 4:00,6393.48,26.71,TRADE
NSW1,2012/3/17 4:30,6401.06,26.98,TRADE
NSW1,2012/3/17 5:00,6541.55,26.41,TRADE
NSW1,2012/3/17 5:30,6668.72,26.23,TRADE
NSW1,2012/3/17 6:00,6900.1,26.1,TRADE
NSW1,2012/3/17 6:30,7126.99,24.87,TRADE
NSW1,2012/3/17 7:00,7504.12,26.7,TRADE
NSW1,2012/3/17 7:30,7979.08,27.58,TRADE
NSW1,2012/3/17 8:00,8305.76,27.52,TRADE
NSW1,2012/3/17 8:30,8612.74,30.92,TRADE
NSW1,2012/3/17 9:00,8699.08,31.76,TRADE
NSW1,2012/3/17 9:30,8768.48,31.23,TRADE
NSW1,2012/3/17 10:00,8656.17,31.25,TRADE
NSW1,2012/3/17 10:30,8665.57,29.99,TRADE
NSW1,2012/3/17 11:00,8621.17,28.91,TRADE
NSW1,2012/3/17 11:30,8528.78,29.1,TRADE
NSW1,2012/3/17 12:00,8463.83,27.26,TRADE
NSW1,2012/3/17 12:30,8339.37,27.58,TRADE
NSW1,2012/3/17 13:00,8261.33,27.07,TRADE
NSW1,2012/3/17 13:30,8163.7,27.04,TRADE
NSW1,2012/3/17 14:00,8090.85,26.82,TRADE
NSW1,2012/3/17 14:30,8071.67,26.83,TRADE
NSW1,2012/3/17 15:00,8105.27,26.83,TRADE
NSW1,2012/3/17 15:30,8112.98,26.58,TRADE
NSW1,2012/3/17 16:00,8146.7,26.96,TRADE
NSW1,2012/3/17 16:30,8019.72,25.84,TRADE
NSW1,2012/3/17 17:00,8072.59,27.09,TRADE
NSW1,2012/3/17 17:30,8091.66,26.6,TRADE
NSW1,2012/3/17 18:00,8103.28,27.65,TRADE
NSW1,2012/3/17 18:30,8126.76,29.8,TRADE
NSW1,2012/3/17 19:00,8176.81,32.21,TRADE
NSW1,2012/3/17 19:30,8025.56,31.67,TRADE
NSW1,2012/3/17 20:00,7864.35,29.63,TRADE
NSW1,2012/3/17 20:30,7679.09,27.45,TRADE
NSW1,2012/3/17 21:00,7468.66,26.75,TRADE
NSW1,2012/3/17 21:30,7440.17,26.83,TRADE
NSW1,2012/3/17 22:00,7389.26,26.78,TRADE
NSW1,2012/3/17 22:30,7405.84,28.03,TRADE
NSW1,2012/3/17 23:00,7245.08,26.6,TRADE
NSW1,2012/3/17 23:30,7032.92,25.4,TRADE
NSW1,2012/3/18 0:00,6920.68,26.1,TRADE
NSW1,2012/3/18 0:30,6755.57,22.53,TRADE
NSW1,2012/3/18 1:00,6596.94,21.23,TRADE
NSW1,2012/3/18 1:30,6379.88,21.33,TRADE
NSW1,2012/3/18 2:00,6148.48,16.12,TRADE
NSW1,2012/3/18 2:30,6037.46,19.79,TRADE
NSW1,2012/3/18 3:00,5933.7,19.18,TRADE
NSW1,2012/3/18 3:30,5883.34,19.91,TRADE
NSW1,2012/3/18 4:00,5881.38,20.47,TRADE
NSW1,2012/3/18 4:30,5955.61,19.91,TRADE
NSW1,2012/3/18 5:00,5953.48,19.91,TRADE
NSW1,2012/3/18 5:30,6126.96,20.08,TRADE
NSW1,2012/3/18 6:00,6262.21,24.96,TRADE
NSW1,2012/3/18 6:30,6408.73,19.47,TRADE
NSW1,2012/3/18 7:00,6671.39,25.57,TRADE
NSW1,2012/3/18 7:30,7117.13,27.16,TRADE
NSW1,2012/3/18 8:00,7348.24,26.23,TRADE
NSW1,2012/3/18 8:30,7586.92,27.32,TRADE
NSW1,2012/3/18 9:00,7788.03,31.4,TRADE
NSW1,2012/3/18 9:30,7819.33,28.75,TRADE
NSW1,2012/3/18 10:00,7909.31,28.76,TRADE
NSW1,2012/3/18 10:30,7825.26,26.99,TRADE
NSW1,2012/3/18 11:00,7866.58,26.52,TRADE
NSW1,2012/3/18 11:30,7800.67,25.94,TRADE
NSW1,2012/3/18 12:00,7749.98,26.85,TRADE
NSW1,2012/3/18 12:30,7715.57,26.21,TRADE
NSW1,2012/3/18 13:00,7671.14,25.29,TRADE
NSW1,2012/3/18 13:30,7610.89,24.37,TRADE
NSW1,2012/3/18 14:00,7628.13,24.45,TRADE
NSW1,2012/3/18 14:30,7605.38,22.03,TRADE
NSW1,2012/3/18 15:00,7642.01,25.09,TRADE
NSW1,2012/3/18 15:30,7690.27,24.34,TRADE
NSW1,2012/3/18 16:00,7739.49,25.33,TRADE
NSW1,2012/3/18 16:30,7787.69,25.85,TRADE
NSW1,2012/3/18 17:00,7898.1,26.48,TRADE
NSW1,2012/3/18 17:30,8009.28,27.63,TRADE
NSW1,2012/3/18 18:00,8056.86,27.07,TRADE
NSW1,2012/3/18 18:30,8192.1,27.17,TRADE
NSW1,2012/3/18 19:00,8257.84,27.3,TRADE
NSW1,2012/3/18 19:30,8095.67,26.23,TRADE
NSW1,2012/3/18 20:00,7933.31,25.37,TRADE
NSW1,2012/3/18 20:30,7728.9,23.04,TRADE
NSW1,2012/3/18 21:00,7489.77,20.1,TRADE
NSW1,2012/3/18 21:30,7379.82,24.17,TRADE
NSW1,2012/3/18 22:00,7249.08,20.98,TRADE
NSW1,2012/3/18 22:30,7287,25.09,TRADE
NSW1,2012/3/18 23:00,7044.69,23.4,TRADE
NSW1,2012/3/18 23:30,6834.15,23.75,TRADE
NSW1,2012/3/19 0:00,6796.79,22.62,TRADE
NSW1,2012/3/19 0:30,6725.89,22.14,TRADE
NSW1,2012/3/19 1:00,6539.68,19.1,TRADE
NSW1,2012/3/19 1:30,6286.44,17.04,TRADE
NSW1,2012/3/19 2:00,6124.29,16.41,TRADE
NSW1,2012/3/19 2:30,6007.81,13.34,TRADE
NSW1,2012/3/19 3:00,5911.95,10.36,TRADE
NSW1,2012/3/19 3:30,5959.13,10.54,TRADE
NSW1,2012/3/19 4:00,6052.43,12.2,TRADE
NSW1,2012/3/19 4:30,6280.34,18.96,TRADE
NSW1,2012/3/19 5:00,6647.04,22.71,TRADE
NSW1,2012/3/19 5:30,7287.39,29,TRADE
NSW1,2012/3/19 6:00,7911.12,32.94,TRADE
NSW1,2012/3/19 6:30,8313.27,29.37,TRADE
NSW1,2012/3/19 7:00,8611.64,28.66,TRADE
NSW1,2012/3/19 7:30,8756.47,25.93,TRADE
NSW1,2012/3/19 8:00,8819.41,26.52,TRADE
NSW1,2012/3/19 8:30,9008.37,26.9,TRADE
NSW1,2012/3/19 9:00,9146.39,27.08,TRADE
NSW1,2012/3/19 9:30,9226.65,27.26,TRADE
NSW1,2012/3/19 10:00,9127.77,26.63,TRADE
NSW1,2012/3/19 10:30,9095.33,27.77,TRADE
NSW1,2012/3/19 11:00,9130.21,26.77,TRADE
NSW1,2012/3/19 11:30,9087.22,26.77,TRADE
NSW1,2012/3/19 12:00,9103.51,27.45,TRADE
NSW1,2012/3/19 12:30,9081.42,28.49,TRADE
NSW1,2012/3/19 13:00,9103,28.72,TRADE
NSW1,2012/3/19 13:30,9101.12,28.91,TRADE
NSW1,2012/3/19 14:00,9066.26,27.59,TRADE
NSW1,2012/3/19 14:30,9018.84,27.35,TRADE
NSW1,2012/3/19 15:00,9050.9,27.79,TRADE
NSW1,2012/3/19 15:30,9088.59,28.99,TRADE
NSW1,2012/3/19 16:00,9127.09,29.63,TRADE
NSW1,2012/3/19 16:30,9155.5,30.81,TRADE
NSW1,2012/3/19 17:00,9115.76,28.9,TRADE
NSW1,2012/3/19 17:30,8951.49,27.59,TRADE
NSW1,2012/3/19 18:00,8975.68,28.15,TRADE
NSW1,2012/3/19 18:30,8934.56,29.04,TRADE
NSW1,2012/3/19 19:00,8922.5,30.77,TRADE
NSW1,2012/3/19 19:30,8704.44,29.08,TRADE
NSW1,2012/3/19 20:00,8551.43,26.78,TRADE
NSW1,2012/3/19 20:30,8275.24,25.99,TRADE
NSW1,2012/3/19 21:00,8012.11,24.89,TRADE
NSW1,2012/3/19 21:30,7991.46,25.36,TRADE
NSW1,2012/3/19 22:00,7847.28,22.62,TRADE
NSW1,2012/3/19 22:30,7831.79,27.16,TRADE
NSW1,2012/3/19 23:00,7699.37,26.31,TRADE
NSW1,2012/3/19 23:30,7491.98,25.75,TRADE
NSW1,2012/3/20 0:00,7366.62,25.59,TRADE
NSW1,2012/3/20 0:30,7227.73,23.33,TRADE
NSW1,2012/3/20 1:00,6997.8,20.06,TRADE
NSW1,2012/3/20 1:30,6692.71,18.34,TRADE
NSW1,2012/3/20 2:00,6449.88,14.55,TRADE
NSW1,2012/3/20 2:30,6258.28,10.86,TRADE
NSW1,2012/3/20 3:00,6175.99,10.74,TRADE
NSW1,2012/3/20 3:30,6191.6,11.45,TRADE
NSW1,2012/3/20 4:00,6260.54,11.73,TRADE
NSW1,2012/3/20 4:30,6465.82,18.98,TRADE
NSW1,2012/3/20 5:00,6757.84,20.15,TRADE
NSW1,2012/3/20 5:30,7384.3,28.72,TRADE
NSW1,2012/3/20 6:00,8005.46,33.5,TRADE
NSW1,2012/3/20 6:30,8350.16,28.35,TRADE
NSW1,2012/3/20 7:00,8717.89,31.41,TRADE
NSW1,2012/3/20 7:30,8823.22,26.37,TRADE
NSW1,2012/3/20 8:00,8896.26,26.9,TRADE
NSW1,2012/3/20 8:30,9076.39,28.66,TRADE
NSW1,2012/3/20 9:00,9143.72,27.07,TRADE
NSW1,2012/3/20 9:30,9205.03,26.75,TRADE
NSW1,2012/3/20 10:00,9270.92,27.62,TRADE
NSW1,2012/3/20 10:30,9274.31,26.87,TRADE
NSW1,2012/3/20 11:00,9278.44,27.13,TRADE
NSW1,2012/3/20 11:30,9238.69,27,TRADE
NSW1,2012/3/20 12:00,9178.94,27.62,TRADE
NSW1,2012/3/20 12:30,9270.86,28.46,TRADE
NSW1,2012/3/20 13:00,9280.18,30.18,TRADE
NSW1,2012/3/20 13:30,9308,28.57,TRADE
NSW1,2012/3/20 14:00,9299.67,27.14,TRADE
NSW1,2012/3/20 14:30,9252.24,26.79,TRADE
NSW1,2012/3/20 15:00,9261.27,27.52,TRADE
NSW1,2012/3/20 15:30,9290.88,26.96,TRADE
NSW1,2012/3/20 16:00,9280.97,31.67,TRADE
NSW1,2012/3/20 16:30,9268.44,32.94,TRADE
NSW1,2012/3/20 17:00,9209.94,34.13,TRADE
NSW1,2012/3/20 17:30,8981.38,29.86,TRADE
NSW1,2012/3/20 18:00,8945.51,31.19,TRADE
NSW1,2012/3/20 18:30,8921.45,32.06,TRADE
NSW1,2012/3/20 19:00,9001.38,33.37,TRADE
NSW1,2012/3/20 19:30,8865.75,31.05,TRADE
NSW1,2012/3/20 20:00,8640.49,27.38,TRADE
NSW1,2012/3/20 20:30,8360.16,26.57,TRADE
NSW1,2012/3/20 21:00,8077.91,26.01,TRADE
NSW1,2012/3/20 21:30,8059.19,25.85,TRADE
NSW1,2012/3/20 22:00,7883.35,25.58,TRADE
NSW1,2012/3/20 22:30,7889.88,27.73,TRADE
NSW1,2012/3/20 23:00,7723.59,26.68,TRADE
NSW1,2012/3/20 23:30,7586.69,26.51,TRADE
NSW1,2012/3/21 0:00,7447.13,27.56,TRADE
NSW1,2012/3/21 0:30,7278.51,25.27,TRADE
NSW1,2012/3/21 1:00,7067.53,23.84,TRADE
NSW1,2012/3/21 1:30,6760.81,23.01,TRADE
NSW1,2012/3/21 2:00,6518.89,20.08,TRADE
NSW1,2012/3/21 2:30,6315.19,16.74,TRADE
NSW1,2012/3/21 3:00,6218.85,14.85,TRADE
NSW1,2012/3/21 3:30,6213.31,14.75,TRADE
NSW1,2012/3/21 4:00,6299.84,14.32,TRADE
NSW1,2012/3/21 4:30,6518.97,20.07,TRADE
NSW1,2012/3/21 5:00,6773.97,20.17,TRADE
NSW1,2012/3/21 5:30,7428.69,28.97,TRADE
NSW1,2012/3/21 6:00,8032.84,31.86,TRADE
NSW1,2012/3/21 6:30,8424.88,29.17,TRADE
NSW1,2012/3/21 7:00,8806.48,30.62,TRADE
NSW1,2012/3/21 7:30,8924.52,26.36,TRADE
NSW1,2012/3/21 8:00,9005.83,26.46,TRADE
NSW1,2012/3/21 8:30,9147.84,27.41,TRADE
NSW1,2012/3/21 9:00,9298.16,28.38,TRADE
NSW1,2012/3/21 9:30,9343.06,29.46,TRADE
NSW1,2012/3/21 10:00,9350.58,26.8,TRADE
NSW1,2012/3/21 10:30,9301.46,27,TRADE
NSW1,2012/3/21 11:00,9372.98,28.41,TRADE
NSW1,2012/3/21 11:30,9373.89,29.34,TRADE
NSW1,2012/3/21 12:00,9341.64,28.67,TRADE
NSW1,2012/3/21 12:30,9401.63,29.99,TRADE
NSW1,2012/3/21 13:00,9476.78,31.25,TRADE
NSW1,2012/3/21 13:30,9527.43,29.44,TRADE
NSW1,2012/3/21 14:00,9568.23,30.14,TRADE
NSW1,2012/3/21 14:30,9493.83,29.22,TRADE
NSW1,2012/3/21 15:00,9500.09,30.29,TRADE
NSW1,2012/3/21 15:30,9546.32,31.69,TRADE
NSW1,2012/3/21 16:00,9587.85,31.27,TRADE
NSW1,2012/3/21 16:30,9621.12,33.96,TRADE
NSW1,2012/3/21 17:00,9561.94,33.54,TRADE
NSW1,2012/3/21 17:30,9327.26,29.25,TRADE
NSW1,2012/3/21 18:00,9212.12,34.3,TRADE
NSW1,2012/3/21 18:30,9221.73,36.33,TRADE
NSW1,2012/3/21 19:00,9329.77,36.81,TRADE
NSW1,2012/3/21 19:30,9135.23,31.79,TRADE
NSW1,2012/3/21 20:00,8972.85,33.6,TRADE
NSW1,2012/3/21 20:30,8709.75,30.05,TRADE
NSW1,2012/3/21 21:00,8416.94,27.45,TRADE
NSW1,2012/3/21 21:30,8339.77,27.3,TRADE
NSW1,2012/3/21 22:00,8121.03,25.84,TRADE
NSW1,2012/3/21 22:30,8033.78,32.04,TRADE
NSW1,2012/3/21 23:00,7843.52,29.27,TRADE
NSW1,2012/3/21 23:30,7656.91,29.22,TRADE
NSW1,2012/3/22 0:00,7514.71,29.67,TRADE
NSW1,2012/3/22 0:30,7412.9,28.26,TRADE
NSW1,2012/3/22 1:00,7136.26,26.18,TRADE
NSW1,2012/3/22 1:30,6834.96,26.56,TRADE
NSW1,2012/3/22 2:00,6565.14,24.68,TRADE
NSW1,2012/3/22 2:30,6360.64,22.91,TRADE
NSW1,2012/3/22 3:00,6258.6,20.05,TRADE
NSW1,2012/3/22 3:30,6274.14,22.66,TRADE
NSW1,2012/3/22 4:00,6355.27,21.66,TRADE
NSW1,2012/3/22 4:30,6570.04,26.1,TRADE
NSW1,2012/3/22 5:00,6878.46,27.53,TRADE
NSW1,2012/3/22 5:30,7486.51,33.52,TRADE
NSW1,2012/3/22 6:00,8027.09,38.44,TRADE
NSW1,2012/3/22 6:30,8433.14,34.2,TRADE
NSW1,2012/3/22 7:00,8815.54,37.22,TRADE
NSW1,2012/3/22 7:30,8935.72,28.18,TRADE
NSW1,2012/3/22 8:00,8966.48,27.81,TRADE
NSW1,2012/3/22 8:30,9119.64,32.24,TRADE
NSW1,2012/3/22 9:00,9171.48,30.19,TRADE
NSW1,2012/3/22 9:30,9216.88,33.07,TRADE
NSW1,2012/3/22 10:00,9003.19,30.05,TRADE
NSW1,2012/3/22 10:30,8880.14,27.89,TRADE
NSW1,2012/3/22 11:00,8871.37,27.51,TRADE
NSW1,2012/3/22 11:30,8965.18,28.68,TRADE
NSW1,2012/3/22 12:00,9028.85,26.97,TRADE
NSW1,2012/3/22 12:30,9082.51,28.44,TRADE
NSW1,2012/3/22 13:00,9079.23,29.71,TRADE
NSW1,2012/3/22 13:30,9083.27,30.03,TRADE
NSW1,2012/3/22 14:00,8987.7,29.23,TRADE
NSW1,2012/3/22 14:30,8980.7,29.42,TRADE
NSW1,2012/3/22 15:00,8970.16,26.83,TRADE
NSW1,2012/3/22 15:30,9010.48,27.43,TRADE
NSW1,2012/3/22 16:00,9067.99,28.16,TRADE
NSW1,2012/3/22 16:30,9066.91,28.09,TRADE
NSW1,2012/3/22 17:00,9139.8,29.42,TRADE
NSW1,2012/3/22 17:30,9073.84,28.95,TRADE
NSW1,2012/3/22 18:00,9080.99,30.71,TRADE
NSW1,2012/3/22 18:30,9097.2,31.57,TRADE
NSW1,2012/3/22 19:00,9070.93,31.8,TRADE
NSW1,2012/3/22 19:30,8938.43,30.13,TRADE
NSW1,2012/3/22 20:00,8752.65,28.74,TRADE
NSW1,2012/3/22 20:30,8417.26,26.45,TRADE
NSW1,2012/3/22 21:00,8114.31,25.76,TRADE
NSW1,2012/3/22 21:30,8121.87,26.26,TRADE
NSW1,2012/3/22 22:00,7900.9,22.67,TRADE
NSW1,2012/3/22 22:30,7863.36,26.68,TRADE
NSW1,2012/3/22 23:00,7702.04,26.29,TRADE
NSW1,2012/3/22 23:30,7521.96,26.46,TRADE
NSW1,2012/3/23 0:00,7376.51,25.88,TRADE
NSW1,2012/3/23 0:30,7177.38,23.78,TRADE
NSW1,2012/3/23 1:00,6930.62,22.41,TRADE
NSW1,2012/3/23 1:30,6691.44,26.44,TRADE
NSW1,2012/3/23 2:00,6416.64,17.65,TRADE
NSW1,2012/3/23 2:30,6239.97,15.24,TRADE
NSW1,2012/3/23 3:00,6154.65,14.4,TRADE
NSW1,2012/3/23 3:30,6132.17,14.3,TRADE
NSW1,2012/3/23 4:00,6207.03,15.69,TRADE
NSW1,2012/3/23 4:30,6426.55,19.91,TRADE
NSW1,2012/3/23 5:00,6710.64,20.44,TRADE
NSW1,2012/3/23 5:30,7378.3,30,TRADE
NSW1,2012/3/23 6:00,7966,31.33,TRADE
NSW1,2012/3/23 6:30,8323.82,28.85,TRADE
NSW1,2012/3/23 7:00,8707.13,30.86,TRADE
NSW1,2012/3/23 7:30,8830.85,28.45,TRADE
NSW1,2012/3/23 8:00,8857.2,28.1,TRADE
NSW1,2012/3/23 8:30,8945.91,29.15,TRADE
NSW1,2012/3/23 9:00,9029.89,30.67,TRADE
NSW1,2012/3/23 9:30,9111.35,31.41,TRADE
NSW1,2012/3/23 10:00,9119.44,31.47,TRADE
NSW1,2012/3/23 10:30,9091.13,28.39,TRADE
NSW1,2012/3/23 11:00,9052.66,26.31,TRADE
NSW1,2012/3/23 11:30,8950.28,27.15,TRADE
NSW1,2012/3/23 12:00,8950,25.93,TRADE
NSW1,2012/3/23 12:30,8881.78,27.86,TRADE
NSW1,2012/3/23 13:00,8919.22,25.84,TRADE
NSW1,2012/3/23 13:30,8883.38,25.51,TRADE
NSW1,2012/3/23 14:00,8894.96,26.94,TRADE
NSW1,2012/3/23 14:30,8833.46,26.49,TRADE
NSW1,2012/3/23 15:00,8882.58,26.13,TRADE
NSW1,2012/3/23 15:30,8914.34,32.93,TRADE
NSW1,2012/3/23 16:00,8898.11,25.15,TRADE
NSW1,2012/3/23 16:30,8834.96,23.4,TRADE
NSW1,2012/3/23 17:00,8701.08,23.63,TRADE
NSW1,2012/3/23 17:30,8462.3,24.62,TRADE
NSW1,2012/3/23 18:00,8486.07,25.22,TRADE
NSW1,2012/3/23 18:30,8530.79,29.79,TRADE
NSW1,2012/3/23 19:00,8605.24,35.52,TRADE
NSW1,2012/3/23 19:30,8382.61,31.38,TRADE
NSW1,2012/3/23 20:00,8268.49,30.08,TRADE
NSW1,2012/3/23 20:30,8044.69,27.98,TRADE
NSW1,2012/3/23 21:00,7812.82,25.84,TRADE
NSW1,2012/3/23 21:30,7857.29,26,TRADE
NSW1,2012/3/23 22:00,7678.32,24.5,TRADE
NSW1,2012/3/23 22:30,7720.03,28.82,TRADE
NSW1,2012/3/23 23:00,7628.85,26.52,TRADE
NSW1,2012/3/23 23:30,7455.86,26.48,TRADE
NSW1,2012/3/24 0:00,7293.65,25.38,TRADE
NSW1,2012/3/24 0:30,7115.85,23.62,TRADE
NSW1,2012/3/24 1:00,6863.32,23.2,TRADE
NSW1,2012/3/24 1:30,6598.22,25.59,TRADE
NSW1,2012/3/24 2:00,6317.18,22.03,TRADE
NSW1,2012/3/24 2:30,6177.97,21.52,TRADE
NSW1,2012/3/24 3:00,6028.57,17.73,TRADE
NSW1,2012/3/24 3:30,5985.7,19.08,TRADE
NSW1,2012/3/24 4:00,5967.3,18.05,TRADE
NSW1,2012/3/24 4:30,6035.55,19.91,TRADE
NSW1,2012/3/24 5:00,6169.69,20.29,TRADE
NSW1,2012/3/24 5:30,6384.45,22.84,TRADE
NSW1,2012/3/24 6:00,6633.93,22.02,TRADE
NSW1,2012/3/24 6:30,6884.5,24.87,TRADE
NSW1,2012/3/24 7:00,7271.78,26.69,TRADE
NSW1,2012/3/24 7:30,7655.32,26.78,TRADE
NSW1,2012/3/24 8:00,7923.23,27.09,TRADE
NSW1,2012/3/24 8:30,8091.94,26.71,TRADE
NSW1,2012/3/24 9:00,8146.19,29.38,TRADE
NSW1,2012/3/24 9:30,8093.5,28.24,TRADE
NSW1,2012/3/24 10:00,8030.98,26.59,TRADE
NSW1,2012/3/24 10:30,7952.85,25.23,TRADE
NSW1,2012/3/24 11:00,7876.05,25.71,TRADE
NSW1,2012/3/24 11:30,7758.61,26.13,TRADE
NSW1,2012/3/24 12:00,7706.22,26.07,TRADE
NSW1,2012/3/24 12:30,7626.61,24.62,TRADE
NSW1,2012/3/24 13:00,7563.11,24.12,TRADE
NSW1,2012/3/24 13:30,7536.82,23.3,TRADE
NSW1,2012/3/24 14:00,7500.07,22.38,TRADE
NSW1,2012/3/24 14:30,7514.72,20.29,TRADE
NSW1,2012/3/24 15:00,7582.11,21.77,TRADE
NSW1,2012/3/24 15:30,7578.52,21.72,TRADE
NSW1,2012/3/24 16:00,7659.61,22.34,TRADE
NSW1,2012/3/24 16:30,7635.06,22.53,TRADE
NSW1,2012/3/24 17:00,7780.33,22.99,TRADE
NSW1,2012/3/24 17:30,7747.64,22.71,TRADE
NSW1,2012/3/24 18:00,7792.21,23.97,TRADE
NSW1,2012/3/24 18:30,7906.39,27.99,TRADE
NSW1,2012/3/24 19:00,8012.77,28.82,TRADE
NSW1,2012/3/24 19:30,7885,26.33,TRADE
NSW1,2012/3/24 20:00,7771.09,26.38,TRADE
NSW1,2012/3/24 20:30,7619.35,25.7,TRADE
NSW1,2012/3/24 21:00,7509.8,24.9,TRADE
NSW1,2012/3/24 21:30,7494.92,25.5,TRADE
NSW1,2012/3/24 22:00,7449.73,23.92,TRADE
NSW1,2012/3/24 22:30,7465.07,26.97,TRADE
NSW1,2012/3/24 23:00,7252.57,23.93,TRADE
NSW1,2012/3/24 23:30,7037.13,25.08,TRADE
NSW1,2012/3/25 0:00,6926.86,23.44,TRADE
NSW1,2012/3/25 0:30,6759.37,22.79,TRADE
NSW1,2012/3/25 1:00,6621.18,21.79,TRADE
NSW1,2012/3/25 1:30,6361.57,22.06,TRADE
NSW1,2012/3/25 2:00,6206.07,15.82,TRADE
NSW1,2012/3/25 2:30,6020.72,18.7,TRADE
NSW1,2012/3/25 3:00,5935.11,18.27,TRADE
NSW1,2012/3/25 3:30,5935.06,18.75,TRADE
NSW1,2012/3/25 4:00,5909.51,18.88,TRADE
NSW1,2012/3/25 4:30,5923.89,19.82,TRADE
NSW1,2012/3/25 5:00,5966.81,19.91,TRADE
NSW1,2012/3/25 5:30,6110.65,20.29,TRADE
NSW1,2012/3/25 6:00,6251.93,19.84,TRADE
NSW1,2012/3/25 6:30,6437.21,18.52,TRADE
NSW1,2012/3/25 7:00,6781.78,22.57,TRADE
NSW1,2012/3/25 7:30,7080.21,24.1,TRADE
NSW1,2012/3/25 8:00,7394.54,23.67,TRADE
NSW1,2012/3/25 8:30,7542.96,25.83,TRADE
NSW1,2012/3/25 9:00,7715.34,27.67,TRADE
NSW1,2012/3/25 9:30,7776.16,26.7,TRADE
NSW1,2012/3/25 10:00,7728.32,25.73,TRADE
NSW1,2012/3/25 10:30,7740.85,26.49,TRADE
NSW1,2012/3/25 11:00,7702.36,23.29,TRADE
NSW1,2012/3/25 11:30,7683.94,22.33,TRADE
NSW1,2012/3/25 12:00,7629.53,23.42,TRADE
NSW1,2012/3/25 12:30,7545.4,21.79,TRADE
NSW1,2012/3/25 13:00,7516.75,22.19,TRADE
NSW1,2012/3/25 13:30,7433.32,22.13,TRADE
NSW1,2012/3/25 14:00,7450.17,22.14,TRADE
NSW1,2012/3/25 14:30,7382.34,22.08,TRADE
NSW1,2012/3/25 15:00,7459.97,22.55,TRADE
NSW1,2012/3/25 15:30,7472.64,23.36,TRADE
NSW1,2012/3/25 16:00,7589.02,24.94,TRADE
NSW1,2012/3/25 16:30,7565.5,25.56,TRADE
NSW1,2012/3/25 17:00,7763.05,26.69,TRADE
NSW1,2012/3/25 17:30,7863.32,26.6,TRADE
NSW1,2012/3/25 18:00,7986.57,26.95,TRADE
NSW1,2012/3/25 18:30,8093.63,26.58,TRADE
NSW1,2012/3/25 19:00,8157.52,27.06,TRADE
NSW1,2012/3/25 19:30,8043.5,26.74,TRADE
NSW1,2012/3/25 20:00,7824.3,25.59,TRADE
NSW1,2012/3/25 20:30,7638.88,25.37,TRADE
NSW1,2012/3/25 21:00,7443.15,23.03,TRADE
NSW1,2012/3/25 21:30,7287.93,22.6,TRADE
NSW1,2012/3/25 22:00,7193.43,22.97,TRADE
NSW1,2012/3/25 22:30,7164.1,23.8,TRADE
NSW1,2012/3/25 23:00,6969.52,23.23,TRADE
NSW1,2012/3/25 23:30,6755.48,23.55,TRADE
NSW1,2012/3/26 0:00,6688.17,23.22,TRADE
NSW1,2012/3/26 0:30,6577.14,21.34,TRADE
NSW1,2012/3/26 1:00,6464.36,19.69,TRADE
NSW1,2012/3/26 1:30,6243.44,19.72,TRADE
NSW1,2012/3/26 2:00,6072.23,17.38,TRADE
NSW1,2012/3/26 2:30,5962.58,15.27,TRADE
NSW1,2012/3/26 3:00,5877.78,15.62,TRADE
NSW1,2012/3/26 3:30,5902.39,19.03,TRADE
NSW1,2012/3/26 4:00,6017.67,19.86,TRADE
NSW1,2012/3/26 4:30,6254.77,20.87,TRADE
NSW1,2012/3/26 5:00,6553.02,24.72,TRADE
NSW1,2012/3/26 5:30,7235.48,31.23,TRADE
NSW1,2012/3/26 6:00,7823.71,31.07,TRADE
NSW1,2012/3/26 6:30,8238.44,31.43,TRADE
NSW1,2012/3/26 7:00,8607.25,30.7,TRADE
NSW1,2012/3/26 7:30,8708.8,27.3,TRADE
NSW1,2012/3/26 8:00,8760.79,31.4,TRADE
NSW1,2012/3/26 8:30,8872.1,30.34,TRADE
NSW1,2012/3/26 9:00,8971.51,31.17,TRADE
NSW1,2012/3/26 9:30,9003.9,31,TRADE
NSW1,2012/3/26 10:00,9064.8,31.25,TRADE
NSW1,2012/3/26 10:30,9049.2,31.22,TRADE
NSW1,2012/3/26 11:00,9049.34,31.3,TRADE
NSW1,2012/3/26 11:30,9047.94,30.99,TRADE
NSW1,2012/3/26 12:00,9042.35,30.42,TRADE
NSW1,2012/3/26 12:30,9031.17,30.51,TRADE
NSW1,2012/3/26 13:00,9017.16,30.01,TRADE
NSW1,2012/3/26 13:30,9000.84,30.31,TRADE
NSW1,2012/3/26 14:00,8959.48,29.54,TRADE
NSW1,2012/3/26 14:30,8927.89,28.86,TRADE
NSW1,2012/3/26 15:00,8966.84,30.04,TRADE
NSW1,2012/3/26 15:30,9024.33,31.29,TRADE
NSW1,2012/3/26 16:00,9039.38,31.35,TRADE
NSW1,2012/3/26 16:30,9023.78,31.82,TRADE
NSW1,2012/3/26 17:00,9052.88,31.62,TRADE
NSW1,2012/3/26 17:30,8955.31,30.78,TRADE
NSW1,2012/3/26 18:00,8953.21,32.21,TRADE
NSW1,2012/3/26 18:30,8971.98,33.13,TRADE
NSW1,2012/3/26 19:00,8930.8,34.58,TRADE
NSW1,2012/3/26 19:30,8706.67,31.4,TRADE
NSW1,2012/3/26 20:00,8480.81,28.95,TRADE
NSW1,2012/3/26 20:30,8247.5,26.29,TRADE
NSW1,2012/3/26 21:00,7952.56,25.61,TRADE
NSW1,2012/3/26 21:30,7904.49,25.96,TRADE
NSW1,2012/3/26 22:00,7759.43,25.21,TRADE
NSW1,2012/3/26 22:30,7725.27,27.73,TRADE
NSW1,2012/3/26 23:00,7611.19,26.09,TRADE
NSW1,2012/3/26 23:30,7414.69,26.13,TRADE
NSW1,2012/3/27 0:00,7300.27,25.83,TRADE
NSW1,2012/3/27 0:30,7177.33,24.46,TRADE
NSW1,2012/3/27 1:00,6966.38,22.01,TRADE
NSW1,2012/3/27 1:30,6674.4,22.48,TRADE
NSW1,2012/3/27 2:00,6470.26,19.41,TRADE
NSW1,2012/3/27 2:30,6268.63,19.47,TRADE
NSW1,2012/3/27 3:00,6176.93,20.28,TRADE
NSW1,2012/3/27 3:30,6193.31,20.07,TRADE
NSW1,2012/3/27 4:00,6223.63,20.84,TRADE
NSW1,2012/3/27 4:30,6445.96,23.6,TRADE
NSW1,2012/3/27 5:00,6783.14,29.42,TRADE
NSW1,2012/3/27 5:30,7434.02,29.71,TRADE
NSW1,2012/3/27 6:00,7971.55,29.68,TRADE
NSW1,2012/3/27 6:30,8346.69,30.14,TRADE
NSW1,2012/3/27 7:00,8667.49,31.43,TRADE
NSW1,2012/3/27 7:30,8766.11,31.21,TRADE
NSW1,2012/3/27 8:00,8808.01,30.7,TRADE
NSW1,2012/3/27 8:30,8955.12,31.41,TRADE
NSW1,2012/3/27 9:00,9084.31,31.46,TRADE
NSW1,2012/3/27 9:30,9157.47,30.56,TRADE
NSW1,2012/3/27 10:00,9172.25,31.3,TRADE
NSW1,2012/3/27 10:30,9155.56,30.38,TRADE
NSW1,2012/3/27 11:00,9164.85,31.15,TRADE
NSW1,2012/3/27 11:30,9165.52,31.51,TRADE
NSW1,2012/3/27 12:00,9162.2,31.51,TRADE
NSW1,2012/3/27 12:30,9236.88,31.41,TRADE
NSW1,2012/3/27 13:00,9262,31.27,TRADE
NSW1,2012/3/27 13:30,9269.32,31.46,TRADE
NSW1,2012/3/27 14:00,9231.67,31.25,TRADE
NSW1,2012/3/27 14:30,9219.94,31.28,TRADE
NSW1,2012/3/27 15:00,9236.44,31.02,TRADE
NSW1,2012/3/27 15:30,9258.22,31.32,TRADE
NSW1,2012/3/27 16:00,9272.5,30.23,TRADE
NSW1,2012/3/27 16:30,9208.82,30.1,TRADE
NSW1,2012/3/27 17:00,9191.48,30.88,TRADE
NSW1,2012/3/27 17:30,9047.26,28.49,TRADE
NSW1,2012/3/27 18:00,9001.25,29.03,TRADE
NSW1,2012/3/27 18:30,9043.26,30.65,TRADE
NSW1,2012/3/27 19:00,8987.93,30.96,TRADE
NSW1,2012/3/27 19:30,8755.91,29.48,TRADE
NSW1,2012/3/27 20:00,8566.42,29.62,TRADE
NSW1,2012/3/27 20:30,8322.67,26.74,TRADE
NSW1,2012/3/27 21:00,8039.26,26.14,TRADE
NSW1,2012/3/27 21:30,8046.1,26.03,TRADE
NSW1,2012/3/27 22:00,7842.49,25.44,TRADE
NSW1,2012/3/27 22:30,7832.55,27.39,TRADE
NSW1,2012/3/27 23:00,7659.47,26.52,TRADE
NSW1,2012/3/27 23:30,7430.82,26.72,TRADE
NSW1,2012/3/28 0:00,7327.96,26.14,TRADE
NSW1,2012/3/28 0:30,7163.4,25.92,TRADE
NSW1,2012/3/28 1:00,6970.13,25.61,TRADE
NSW1,2012/3/28 1:30,6722.05,26.2,TRADE
NSW1,2012/3/28 2:00,6436.87,23.03,TRADE
NSW1,2012/3/28 2:30,6257.46,21.64,TRADE
NSW1,2012/3/28 3:00,6147.1,20.65,TRADE
NSW1,2012/3/28 3:30,6155.24,19.91,TRADE
NSW1,2012/3/28 4:00,6260.54,23.48,TRADE
NSW1,2012/3/28 4:30,6459.93,22.54,TRADE
NSW1,2012/3/28 5:00,6772.56,25.5,TRADE
NSW1,2012/3/28 5:30,7394.72,28.68,TRADE
NSW1,2012/3/28 6:00,7992.34,29.67,TRADE
NSW1,2012/3/28 6:30,8450.83,29.77,TRADE
NSW1,2012/3/28 7:00,8832.93,30.76,TRADE
NSW1,2012/3/28 7:30,8936.2,26.52,TRADE
NSW1,2012/3/28 8:00,8974.14,26.53,TRADE
NSW1,2012/3/28 8:30,9114.58,28.57,TRADE
NSW1,2012/3/28 9:00,9252.31,29.5,TRADE
NSW1,2012/3/28 9:30,9304.9,31.04,TRADE
NSW1,2012/3/28 10:00,9350.44,31.3,TRADE
NSW1,2012/3/28 10:30,9344.91,31.12,TRADE
NSW1,2012/3/28 11:00,9346.89,29.89,TRADE
NSW1,2012/3/28 11:30,9292.39,28.94,TRADE
NSW1,2012/3/28 12:00,9228.71,28.86,TRADE
NSW1,2012/3/28 12:30,9207.72,28.45,TRADE
NSW1,2012/3/28 13:00,9174.42,27.02,TRADE
NSW1,2012/3/28 13:30,9171.94,28.71,TRADE
NSW1,2012/3/28 14:00,9113.12,28.55,TRADE
NSW1,2012/3/28 14:30,9014.74,26.33,TRADE
NSW1,2012/3/28 15:00,9079.48,28.57,TRADE
NSW1,2012/3/28 15:30,9073.49,28.2,TRADE
NSW1,2012/3/28 16:00,9127.38,28.69,TRADE
NSW1,2012/3/28 16:30,9063.7,28.86,TRADE
NSW1,2012/3/28 17:00,9046.85,29.03,TRADE
NSW1,2012/3/28 17:30,8846.24,26.48,TRADE
NSW1,2012/3/28 18:00,8898.86,27.63,TRADE
NSW1,2012/3/28 18:30,9020.42,30.25,TRADE
NSW1,2012/3/28 19:00,8975.56,32.03,TRADE
NSW1,2012/3/28 19:30,8787.4,31.83,TRADE
NSW1,2012/3/28 20:00,8623.74,31.98,TRADE
NSW1,2012/3/28 20:30,8316.91,28.26,TRADE
NSW1,2012/3/28 21:00,8063.78,26.84,TRADE
NSW1,2012/3/28 21:30,8063.39,27.79,TRADE
NSW1,2012/3/28 22:00,7871.62,25.9,TRADE
NSW1,2012/3/28 22:30,7839.58,29.64,TRADE
NSW1,2012/3/28 23:00,7716.51,26.28,TRADE
NSW1,2012/3/28 23:30,7516.14,26.91,TRADE
NSW1,2012/3/29 0:00,7379.98,25.6,TRADE
NSW1,2012/3/29 0:30,7191.82,24.6,TRADE
NSW1,2012/3/29 1:00,6988.78,24.75,TRADE
NSW1,2012/3/29 1:30,6674.76,24.29,TRADE
NSW1,2012/3/29 2:00,6404.96,19.2,TRADE
NSW1,2012/3/29 2:30,6235.08,16.99,TRADE
NSW1,2012/3/29 3:00,6150.79,14.65,TRADE
NSW1,2012/3/29 3:30,6148.81,17.56,TRADE
NSW1,2012/3/29 4:00,6234.2,18.24,TRADE
NSW1,2012/3/29 4:30,6451.97,22,TRADE
NSW1,2012/3/29 5:00,6741.36,26.08,TRADE
NSW1,2012/3/29 5:30,7398.63,32.35,TRADE
NSW1,2012/3/29 6:00,7992.64,31.77,TRADE
NSW1,2012/3/29 6:30,8388.94,34.06,TRADE
NSW1,2012/3/29 7:00,8687.52,42.06,TRADE
NSW1,2012/3/29 7:30,8765.46,30.65,TRADE
NSW1,2012/3/29 8:00,8796.31,31.15,TRADE
NSW1,2012/3/29 8:30,8934.82,31.75,TRADE
NSW1,2012/3/29 9:00,9037.67,31.46,TRADE
NSW1,2012/3/29 9:30,9085.89,31.44,TRADE
NSW1,2012/3/29 10:00,9067.9,31.44,TRADE
NSW1,2012/3/29 10:30,9109.6,31.45,TRADE
NSW1,2012/3/29 11:00,9146.13,31.55,TRADE
NSW1,2012/3/29 11:30,9199.69,32.16,TRADE
NSW1,2012/3/29 12:00,9172.22,31.03,TRADE
NSW1,2012/3/29 12:30,9211.32,31.38,TRADE
NSW1,2012/3/29 13:00,9244.88,31.5,TRADE
NSW1,2012/3/29 13:30,9273.11,32.61,TRADE
NSW1,2012/3/29 14:00,9268.61,34.52,TRADE
NSW1,2012/3/29 14:30,9223.65,34.25,TRADE
NSW1,2012/3/29 15:00,9193.7,31.89,TRADE
NSW1,2012/3/29 15:30,9184.61,31.49,TRADE
NSW1,2012/3/29 16:00,9136.3,33.05,TRADE
NSW1,2012/3/29 16:30,9134.26,31.46,TRADE
NSW1,2012/3/29 17:00,9130.17,31.46,TRADE
NSW1,2012/3/29 17:30,9000.28,28.13,TRADE
NSW1,2012/3/29 18:00,9016,30.39,TRADE
NSW1,2012/3/29 18:30,9067.28,32.26,TRADE
NSW1,2012/3/29 19:00,8996.54,30.89,TRADE
NSW1,2012/3/29 19:30,8834,27.63,TRADE
NSW1,2012/3/29 20:00,8595.19,26.93,TRADE
NSW1,2012/3/29 20:30,8246.54,25.57,TRADE
NSW1,2012/3/29 21:00,7984.89,26.67,TRADE
NSW1,2012/3/29 21:30,7997.17,27.75,TRADE
NSW1,2012/3/29 22:00,7831.02,26.05,TRADE
NSW1,2012/3/29 22:30,7794.29,27.38,TRADE
NSW1,2012/3/29 23:00,7644.52,25.61,TRADE
NSW1,2012/3/29 23:30,7447.15,25.76,TRADE
NSW1,2012/3/30 0:00,7313.1,24.44,TRADE
NSW1,2012/3/30 0:30,7151.85,22.45,TRADE
NSW1,2012/3/30 1:00,6980.39,24.14,TRADE
NSW1,2012/3/30 1:30,6697.9,23.27,TRADE
NSW1,2012/3/30 2:00,6457.31,20.1,TRADE
NSW1,2012/3/30 2:30,6236.6,16.37,TRADE
NSW1,2012/3/30 3:00,6180.21,19.73,TRADE
NSW1,2012/3/30 3:30,6175.93,19.88,TRADE
NSW1,2012/3/30 4:00,6237.35,15.95,TRADE
NSW1,2012/3/30 4:30,6466.65,21.78,TRADE
NSW1,2012/3/30 5:00,6744.96,25.58,TRADE
NSW1,2012/3/30 5:30,7407.54,31.03,TRADE
NSW1,2012/3/30 6:00,7963.78,32.59,TRADE
NSW1,2012/3/30 6:30,8356.81,32.55,TRADE
NSW1,2012/3/30 7:00,8722.98,37.69,TRADE
NSW1,2012/3/30 7:30,8759.87,31.51,TRADE
NSW1,2012/3/30 8:00,8765.49,32.48,TRADE
NSW1,2012/3/30 8:30,8931.45,33.83,TRADE
NSW1,2012/3/30 9:00,8991.68,34.83,TRADE
NSW1,2012/3/30 9:30,9083.16,38.16,TRADE
NSW1,2012/3/30 10:00,9107.54,32.08,TRADE
NSW1,2012/3/30 10:30,9082.57,31.63,TRADE
NSW1,2012/3/30 11:00,9102.27,34.17,TRADE
NSW1,2012/3/30 11:30,9128.76,34.29,TRADE
NSW1,2012/3/30 12:00,9125.19,31,TRADE
NSW1,2012/3/30 12:30,9063.34,28.88,TRADE
NSW1,2012/3/30 13:00,9061.03,29.62,TRADE
NSW1,2012/3/30 13:30,9089.66,28.68,TRADE
NSW1,2012/3/30 14:00,9036.25,28.53,TRADE
NSW1,2012/3/30 14:30,9049.78,29.59,TRADE
NSW1,2012/3/30 15:00,9037.82,30.31,TRADE
NSW1,2012/3/30 15:30,9045.96,29.59,TRADE
NSW1,2012/3/30 16:00,9044.83,29.85,TRADE
NSW1,2012/3/30 16:30,8944.25,29.36,TRADE
NSW1,2012/3/30 17:00,8880.1,29.1,TRADE
NSW1,2012/3/30 17:30,8702.41,28.02,TRADE
NSW1,2012/3/30 18:00,8682.37,29.16,TRADE
NSW1,2012/3/30 18:30,8768.89,30.26,TRADE
NSW1,2012/3/30 19:00,8688.36,28.65,TRADE
NSW1,2012/3/30 19:30,8538.61,28.42,TRADE
NSW1,2012/3/30 20:00,8312.04,27.59,TRADE
NSW1,2012/3/30 20:30,8096.03,27.06,TRADE
NSW1,2012/3/30 21:00,7872.23,26.51,TRADE
NSW1,2012/3/30 21:30,7844.66,26.78,TRADE
NSW1,2012/3/30 22:00,7752.07,26.01,TRADE
NSW1,2012/3/30 22:30,7781.38,37.38,TRADE
NSW1,2012/3/30 23:00,7685.43,29.86,TRADE
NSW1,2012/3/30 23:30,7452.09,28.12,TRADE
NSW1,2012/3/31 0:00,7308.06,24.59,TRADE
NSW1,2012/3/31 0:30,7118.9,22.98,TRADE
NSW1,2012/3/31 1:00,6854.18,21.04,TRADE
NSW1,2012/3/31 1:30,6628.11,23.11,TRADE
NSW1,2012/3/31 2:00,6341.61,17.06,TRADE
NSW1,2012/3/31 2:30,6122.33,16.48,TRADE
NSW1,2012/3/31 3:00,6029.86,17.77,TRADE
NSW1,2012/3/31 3:30,5973.19,16.76,TRADE
NSW1,2012/3/31 4:00,6008.35,14.2,TRADE
NSW1,2012/3/31 4:30,5957.15,18.2,TRADE
NSW1,2012/3/31 5:00,6037.68,20.44,TRADE
NSW1,2012/3/31 5:30,6326.75,25.75,TRADE
NSW1,2012/3/31 6:00,6622.59,25.29,TRADE
NSW1,2012/3/31 6:30,6885.71,24.39,TRADE
NSW1,2012/3/31 7:00,7255.22,28.07,TRADE
NSW1,2012/3/31 7:30,7602.39,27.05,TRADE
NSW1,2012/3/31 8:00,7859.31,28.76,TRADE
NSW1,2012/3/31 8:30,8114.36,34.77,TRADE
NSW1,2012/3/31 9:00,8160.04,28.33,TRADE
NSW1,2012/3/31 9:30,8194.8,26.61,TRADE
NSW1,2012/3/31 10:00,8174.69,26.83,TRADE
NSW1,2012/3/31 10:30,8130.7,26.08,TRADE
NSW1,2012/3/31 11:00,8102.41,26.35,TRADE
NSW1,2012/3/31 11:30,8008,26.37,TRADE
NSW1,2012/3/31 12:00,7974.32,26.41,TRADE
NSW1,2012/3/31 12:30,7964.99,27.21,TRADE
NSW1,2012/3/31 13:00,7908.67,27.73,TRADE
NSW1,2012/3/31 13:30,7903.4,27.5,TRADE
NSW1,2012/3/31 14:00,7851.7,26.75,TRADE
NSW1,2012/3/31 14:30,7893.42,26.85,TRADE
NSW1,2012/3/31 15:00,7932.98,26.73,TRADE
NSW1,2012/3/31 15:30,7982.66,26.14,TRADE
NSW1,2012/3/31 16:00,8008.6,26.42,TRADE
NSW1,2012/3/31 16:30,7964.32,26.17,TRADE
NSW1,2012/3/31 17:00,8118.54,26.52,TRADE
NSW1,2012/3/31 17:30,8048.35,26.49,TRADE
NSW1,2012/3/31 18:00,8081.46,26.98,TRADE
NSW1,2012/3/31 18:30,8260.91,28.75,TRADE
NSW1,2012/3/31 19:00,8179.98,28.54,TRADE
NSW1,2012/3/31 19:30,8032.27,27.51,TRADE
NSW1,2012/3/31 20:00,7779.97,25.7,TRADE
NSW1,2012/3/31 20:30,7602.82,25.86,TRADE
NSW1,2012/3/31 21:00,7465.35,26.36,TRADE
NSW1,2012/3/31 21:30,7495.98,27.51,TRADE
NSW1,2012/3/31 22:00,7375.86,26.06,TRADE
NSW1,2012/3/31 22:30,7396.22,27.17,TRADE
NSW1,2012/3/31 23:00,7218.99,26.27,TRADE
NSW1,2012/3/31 23:30,6998.05,26.18,TRADE
NSW1,2012/4/1 0:00,6887.59,25.5,TRADE
?NSW1,2012/4/1 0:30,6720,25.15,TRADE
NSW1,2012/4/1 1:00,6546.77,23.08,TRADE
NSW1,2012/4/1 1:30,6288.25,23,TRADE
NSW1,2012/4/1 2:00,6065.28,15,TRADE
NSW1,2012/4/1 2:30,5973.85,20.83,TRADE
NSW1,2012/4/1 3:00,5867.59,18.47,TRADE
NSW1,2012/4/1 3:30,5827.61,16.49,TRADE
NSW1,2012/4/1 4:00,5842.1,19.14,TRADE
NSW1,2012/4/1 4:30,5820.1,23.25,TRADE
NSW1,2012/4/1 5:00,5887.73,24.09,TRADE
NSW1,2012/4/1 5:30,5923.78,24.47,TRADE
NSW1,2012/4/1 6:00,6015.97,14.77,TRADE
NSW1,2012/4/1 6:30,6205.81,23.16,TRADE
NSW1,2012/4/1 7:00,6446.38,24.29,TRADE
NSW1,2012/4/1 7:30,6722.17,25.18,TRADE
NSW1,2012/4/1 8:00,7017.32,25.68,TRADE
NSW1,2012/4/1 8:30,7288.05,26.84,TRADE
NSW1,2012/4/1 9:00,7476.46,26.94,TRADE
NSW1,2012/4/1 9:30,7664.01,27.15,TRADE
NSW1,2012/4/1 10:00,7718.02,26.96,TRADE
NSW1,2012/4/1 10:30,7801.79,27.24,TRADE
NSW1,2012/4/1 11:00,7764.82,27.51,TRADE
NSW1,2012/4/1 11:30,7784.08,27.68,TRADE
NSW1,2012/4/1 12:00,7788.38,28.42,TRADE
NSW1,2012/4/1 12:30,7780.62,26.35,TRADE
NSW1,2012/4/1 13:00,7758.41,26.91,TRADE
NSW1,2012/4/1 13:30,7705.05,26.33,TRADE
NSW1,2012/4/1 14:00,7660.11,26.29,TRADE
NSW1,2012/4/1 14:30,7718.97,26.4,TRADE
NSW1,2012/4/1 15:00,7768.18,26.45,TRADE
NSW1,2012/4/1 15:30,7796.45,26.79,TRADE
NSW1,2012/4/1 16:00,7884.58,26.45,TRADE
NSW1,2012/4/1 16:30,7950.23,26.68,TRADE
NSW1,2012/4/1 17:00,8205.74,27.88,TRADE
NSW1,2012/4/1 17:30,8341.62,29.94,TRADE
NSW1,2012/4/1 18:00,8509.67,32.63,TRADE
NSW1,2012/4/1 18:30,8742.11,38.39,TRADE
NSW1,2012/4/1 19:00,8642.44,35.49,TRADE
NSW1,2012/4/1 19:30,8358.95,30.58,TRADE
NSW1,2012/4/1 20:00,8151.46,29.01,TRADE
NSW1,2012/4/1 20:30,7947.99,26.9,TRADE
NSW1,2012/4/1 21:00,7735.3,26.01,TRADE
NSW1,2012/4/1 21:30,7493.61,25.63,TRADE
NSW1,2012/4/1 22:00,7294.07,26.17,TRADE
NSW1,2012/4/1 22:30,7242.77,28.49,TRADE
NSW1,2012/4/1 23:00,7093.59,26.59,TRADE
NSW1,2012/4/1 23:30,7028.81,27.87,TRADE
NSW1,2012/4/2 0:00,6938.49,26.96,TRADE
NSW1,2012/4/2 0:30,6768.83,26.03,TRADE
NSW1,2012/4/2 1:00,6607.62,25.83,TRADE
NSW1,2012/4/2 1:30,6469.92,26.8,TRADE
NSW1,2012/4/2 2:00,6344.42,25.51,TRADE
NSW1,2012/4/2 2:30,6149.42,25.61,TRADE
NSW1,2012/4/2 3:00,6063.3,25.04,TRADE
NSW1,2012/4/2 3:30,6029.35,25,TRADE
NSW1,2012/4/2 4:00,5991.35,24.57,TRADE
NSW1,2012/4/2 4:30,6026.41,23.64,TRADE
NSW1,2012/4/2 5:00,6147.88,25.47,TRADE
NSW1,2012/4/2 5:30,6522.12,27.4,TRADE
NSW1,2012/4/2 6:00,6837.44,26.66,TRADE
NSW1,2012/4/2 6:30,7418.71,26.85,TRADE
NSW1,2012/4/2 7:00,8009,28.3,TRADE
NSW1,2012/4/2 7:30,8309.58,29.42,TRADE
NSW1,2012/4/2 8:00,8544.91,30.86,TRADE
NSW1,2012/4/2 8:30,8710.3,33.01,TRADE
NSW1,2012/4/2 9:00,8825.02,33.42,TRADE
NSW1,2012/4/2 9:30,9062.59,35.26,TRADE
NSW1,2012/4/2 10:00,9201.51,38.57,TRADE
NSW1,2012/4/2 10:30,9327.67,36.92,TRADE
NSW1,2012/4/2 11:00,9380.35,39.32,TRADE
NSW1,2012/4/2 11:30,9346.13,35.84,TRADE
NSW1,2012/4/2 12:00,9393.96,41.36,TRADE
NSW1,2012/4/2 12:30,9398.35,36.48,TRADE
NSW1,2012/4/2 13:00,9194.99,34.14,TRADE
NSW1,2012/4/2 13:30,9194.12,35.07,TRADE
NSW1,2012/4/2 14:00,9498.22,39.29,TRADE
NSW1,2012/4/2 14:30,9521.22,36.75,TRADE
NSW1,2012/4/2 15:00,9509.15,38.56,TRADE
NSW1,2012/4/2 15:30,9447.69,34.12,TRADE
NSW1,2012/4/2 16:00,9475.86,32.46,TRADE
NSW1,2012/4/2 16:30,9478.23,34.88,TRADE
NSW1,2012/4/2 17:00,9497.01,38.02,TRADE
NSW1,2012/4/2 17:30,9391.35,34.17,TRADE
NSW1,2012/4/2 18:00,9445.21,32.52,TRADE
NSW1,2012/4/2 18:30,9602.4,35.57,TRADE
NSW1,2012/4/2 19:00,9547.58,34.74,TRADE
NSW1,2012/4/2 19:30,9177.86,30.02,TRADE
NSW1,2012/4/2 20:00,8881.31,29.77,TRADE
NSW1,2012/4/2 20:30,8675.32,30.04,TRADE
NSW1,2012/4/2 21:00,8462.49,31.02,TRADE
NSW1,2012/4/2 21:30,8260.04,29.69,TRADE
NSW1,2012/4/2 22:00,8063.48,30.09,TRADE
NSW1,2012/4/2 22:30,8048.54,33.25,TRADE
NSW1,2012/4/2 23:00,7892.18,31.67,TRADE
NSW1,2012/4/2 23:30,7910.53,33.76,TRADE
NSW1,2012/4/3 0:00,7750.19,31.3,TRADE
NSW1,2012/4/3 0:30,7581.93,29.83,TRADE
NSW1,2012/4/3 1:00,7346.09,27.09,TRADE
NSW1,2012/4/3 1:30,7185.5,27.81,TRADE
NSW1,2012/4/3 2:00,6962.06,24.83,TRADE
NSW1,2012/4/3 2:30,6631.52,25.71,TRADE
NSW1,2012/4/3 3:00,6399.43,25.41,TRADE
NSW1,2012/4/3 3:30,6339.25,25.53,TRADE
NSW1,2012/4/3 4:00,6244.14,25.32,TRADE
NSW1,2012/4/3 4:30,6337.23,26.04,TRADE
NSW1,2012/4/3 5:00,6364.07,25.99,TRADE
NSW1,2012/4/3 5:30,6676.16,28.63,TRADE
NSW1,2012/4/3 6:00,7007.7,29.97,TRADE
NSW1,2012/4/3 6:30,7643.07,32.21,TRADE
NSW1,2012/4/3 7:00,8154.66,33.1,TRADE
NSW1,2012/4/3 7:30,8407.99,33.71,TRADE
NSW1,2012/4/3 8:00,8723.24,38.99,TRADE
NSW1,2012/4/3 8:30,8859.95,37.38,TRADE
NSW1,2012/4/3 9:00,8916.61,35.89,TRADE
NSW1,2012/4/3 9:30,9073.25,34.25,TRADE
NSW1,2012/4/3 10:00,9203.21,35.56,TRADE
NSW1,2012/4/3 10:30,9277.02,35.06,TRADE
NSW1,2012/4/3 11:00,9370.75,35.38,TRADE
NSW1,2012/4/3 11:30,9433.48,38.17,TRADE
NSW1,2012/4/3 12:00,9510.03,38.46,TRADE
NSW1,2012/4/3 12:30,9550.24,37.61,TRADE
NSW1,2012/4/3 13:00,9527.02,38.13,TRADE
NSW1,2012/4/3 13:30,9581.31,46.92,TRADE
NSW1,2012/4/3 14:00,9620.13,48.08,TRADE
NSW1,2012/4/3 14:30,9734.88,42.49,TRADE
NSW1,2012/4/3 15:00,9730.36,66.95,TRADE
NSW1,2012/4/3 15:30,9757.65,53.41,TRADE
NSW1,2012/4/3 16:00,9755.98,41.13,TRADE
NSW1,2012/4/3 16:30,9777.25,41.78,TRADE
NSW1,2012/4/3 17:00,9700.42,41.09,TRADE
NSW1,2012/4/3 17:30,9579.41,33.12,TRADE
NSW1,2012/4/3 18:00,9653.88,32.32,TRADE
NSW1,2012/4/3 18:30,9853.97,38.76,TRADE
NSW1,2012/4/3 19:00,9744.86,40.21,TRADE
NSW1,2012/4/3 19:30,9422.26,33.2,TRADE
NSW1,2012/4/3 20:00,9178.21,31.96,TRADE
NSW1,2012/4/3 20:30,8956.5,31.71,TRADE
NSW1,2012/4/3 21:00,8749.6,34.59,TRADE
NSW1,2012/4/3 21:30,8486,31.91,TRADE
NSW1,2012/4/3 22:00,8266.97,29.39,TRADE
NSW1,2012/4/3 22:30,8292.45,34.67,TRADE
NSW1,2012/4/3 23:00,8095.46,31.87,TRADE
NSW1,2012/4/3 23:30,7975.51,33.26,TRADE
NSW1,2012/4/4 0:00,7911.81,34.16,TRADE
NSW1,2012/4/4 0:30,7680.39,31.83,TRADE
NSW1,2012/4/4 1:00,7500.39,30.16,TRADE
NSW1,2012/4/4 1:30,7295.35,30.36,TRADE
NSW1,2012/4/4 2:00,7069.83,30.04,TRADE
NSW1,2012/4/4 2:30,6725.4,30.33,TRADE
NSW1,2012/4/4 3:00,6582.22,27.43,TRADE
NSW1,2012/4/4 3:30,6418.6,26.58,TRADE
NSW1,2012/4/4 4:00,6290.5,26.93,TRADE
NSW1,2012/4/4 4:30,6340.68,27.26,TRADE
NSW1,2012/4/4 5:00,6430.82,27.58,TRADE
NSW1,2012/4/4 5:30,6718.64,30.28,TRADE
NSW1,2012/4/4 6:00,7036.55,30.6,TRADE
NSW1,2012/4/4 6:30,7573.95,31.87,TRADE
NSW1,2012/4/4 7:00,8153.76,35.54,TRADE
NSW1,2012/4/4 7:30,8433.29,31.12,TRADE
NSW1,2012/4/4 8:00,8757.6,31.65,TRADE
NSW1,2012/4/4 8:30,8960.76,35.05,TRADE
NSW1,2012/4/4 9:00,9085.92,36.58,TRADE
NSW1,2012/4/4 9:30,9280.53,38.84,TRADE
NSW1,2012/4/4 10:00,9447.78,39.71,TRADE
NSW1,2012/4/4 10:30,9495.3,40.49,TRADE
NSW1,2012/4/4 11:00,9567.73,44.79,TRADE
NSW1,2012/4/4 11:30,9546.54,38.2,TRADE
NSW1,2012/4/4 12:00,9561.79,38.1,TRADE
NSW1,2012/4/4 12:30,9605.27,38.73,TRADE
NSW1,2012/4/4 13:00,9628.17,38.9,TRADE
NSW1,2012/4/4 13:30,9672.62,43.23,TRADE
NSW1,2012/4/4 14:00,9732.1,42.19,TRADE
NSW1,2012/4/4 14:30,9723.41,40.13,TRADE
NSW1,2012/4/4 15:00,9710.79,61.53,TRADE
NSW1,2012/4/4 15:30,9680.63,40.02,TRADE
NSW1,2012/4/4 16:00,9628.47,38.13,TRADE
NSW1,2012/4/4 16:30,9632.57,38.02,TRADE
NSW1,2012/4/4 17:00,9569.16,38.02,TRADE
NSW1,2012/4/4 17:30,9443.99,39.2,TRADE
NSW1,2012/4/4 18:00,9499.85,47.5,TRADE
NSW1,2012/4/4 18:30,9631.14,48.62,TRADE
NSW1,2012/4/4 19:00,9611.5,43.75,TRADE
NSW1,2012/4/4 19:30,9292.87,39.55,TRADE
NSW1,2012/4/4 20:00,9082.52,36.2,TRADE
NSW1,2012/4/4 20:30,8897.82,37.43,TRADE
NSW1,2012/4/4 21:00,8676.45,34.51,TRADE
NSW1,2012/4/4 21:30,8414.5,31.6,TRADE
NSW1,2012/4/4 22:00,8247.86,30.91,TRADE
NSW1,2012/4/4 22:30,8284.67,42.9,TRADE
NSW1,2012/4/4 23:00,8073.66,37.41,TRADE
NSW1,2012/4/4 23:30,7974.08,39.47,TRADE
NSW1,2012/4/5 0:00,7887.32,36.49,TRADE
NSW1,2012/4/5 0:30,7631.99,32.03,TRADE
NSW1,2012/4/5 1:00,7394.88,31.47,TRADE
NSW1,2012/4/5 1:30,7181.04,31.27,TRADE
NSW1,2012/4/5 2:00,6979.88,31.45,TRADE
NSW1,2012/4/5 2:30,6658.53,30.22,TRADE
NSW1,2012/4/5 3:00,6445.88,26.44,TRADE
NSW1,2012/4/5 3:30,6302.28,26.23,TRADE
NSW1,2012/4/5 4:00,6281.8,26.37,TRADE
NSW1,2012/4/5 4:30,6316.06,26.36,TRADE
NSW1,2012/4/5 5:00,6422.1,26.54,TRADE
NSW1,2012/4/5 5:30,6707.66,28.37,TRADE
NSW1,2012/4/5 6:00,7029.73,31.33,TRADE
NSW1,2012/4/5 6:30,7629.02,31.85,TRADE
NSW1,2012/4/5 7:00,8113.33,34.92,TRADE
NSW1,2012/4/5 7:30,8412.87,31.41,TRADE
NSW1,2012/4/5 8:00,8776.41,38.01,TRADE
NSW1,2012/4/5 8:30,8986.14,42.47,TRADE
NSW1,2012/4/5 9:00,9139.17,41.3,TRADE
NSW1,2012/4/5 9:30,9313.82,42.66,TRADE
NSW1,2012/4/5 10:00,9430.55,44.22,TRADE
NSW1,2012/4/5 10:30,9442.76,44.85,TRADE
NSW1,2012/4/5 11:00,9467.54,41.3,TRADE
NSW1,2012/4/5 11:30,9472.03,36.3,TRADE
NSW1,2012/4/5 12:00,9476.1,38.5,TRADE
NSW1,2012/4/5 12:30,9439.94,44.64,TRADE
NSW1,2012/4/5 13:00,9435.36,40.86,TRADE
NSW1,2012/4/5 13:30,9459.61,38.95,TRADE
NSW1,2012/4/5 14:00,9478.4,43.93,TRADE
NSW1,2012/4/5 14:30,9463.78,50.08,TRADE
NSW1,2012/4/5 15:00,9427.02,39.25,TRADE
NSW1,2012/4/5 15:30,9316.99,39.68,TRADE
NSW1,2012/4/5 16:00,9296.52,43.67,TRADE
NSW1,2012/4/5 16:30,9306.92,38.83,TRADE
NSW1,2012/4/5 17:00,9277.42,38.57,TRADE
NSW1,2012/4/5 17:30,9154.69,34.17,TRADE
NSW1,2012/4/5 18:00,9245.35,37.25,TRADE
NSW1,2012/4/5 18:30,9404.46,39.51,TRADE
NSW1,2012/4/5 19:00,9347.18,35.79,TRADE
NSW1,2012/4/5 19:30,9062.65,31.47,TRADE
NSW1,2012/4/5 20:00,8793.43,30.32,TRADE
NSW1,2012/4/5 20:30,8599.19,30.96,TRADE
NSW1,2012/4/5 21:00,8372.16,29.58,TRADE
NSW1,2012/4/5 21:30,8144.02,29.77,TRADE
NSW1,2012/4/5 22:00,7944.04,25.96,TRADE
NSW1,2012/4/5 22:30,7947.78,30.43,TRADE
NSW1,2012/4/5 23:00,7793.74,32.96,TRADE
NSW1,2012/4/5 23:30,7758.23,34.05,TRADE
NSW1,2012/4/6 0:00,7687.92,33.53,TRADE
NSW1,2012/4/6 0:30,7449.44,32.29,TRADE
NSW1,2012/4/6 1:00,7179.3,27.72,TRADE
NSW1,2012/4/6 1:30,6942.69,26.57,TRADE
NSW1,2012/4/6 2:00,6699.18,26.56,TRADE
NSW1,2012/4/6 2:30,6375.04,25.42,TRADE
NSW1,2012/4/6 3:00,6130.32,25.18,TRADE
NSW1,2012/4/6 3:30,5987.47,25.13,TRADE
NSW1,2012/4/6 4:00,5929.36,25.05,TRADE
NSW1,2012/4/6 4:30,5905.74,25.25,TRADE
NSW1,2012/4/6 5:00,5913.71,25.11,TRADE
NSW1,2012/4/6 5:30,5976.22,25.18,TRADE
NSW1,2012/4/6 6:00,6065.46,24.65,TRADE
NSW1,2012/4/6 6:30,6205.68,25.26,TRADE
NSW1,2012/4/6 7:00,6329.89,25.51,TRADE
NSW1,2012/4/6 7:30,6471.85,25.09,TRADE
NSW1,2012/4/6 8:00,6666.91,25.62,TRADE
NSW1,2012/4/6 8:30,6897.02,28.8,TRADE
NSW1,2012/4/6 9:00,7112.58,27.5,TRADE
NSW1,2012/4/6 9:30,7281.58,27.17,TRADE
NSW1,2012/4/6 10:00,7423.62,28.63,TRADE
NSW1,2012/4/6 10:30,7499.63,29.06,TRADE
NSW1,2012/4/6 11:00,7483.2,27.59,TRADE
NSW1,2012/4/6 11:30,7452.47,27.47,TRADE
NSW1,2012/4/6 12:00,7512.09,28.66,TRADE
NSW1,2012/4/6 12:30,7541.44,29.95,TRADE
NSW1,2012/4/6 13:00,7498.97,29.65,TRADE
NSW1,2012/4/6 13:30,7491.29,32.45,TRADE
NSW1,2012/4/6 14:00,7407.31,29.99,TRADE
NSW1,2012/4/6 14:30,7382.12,27.56,TRADE
NSW1,2012/4/6 15:00,7401.42,27.92,TRADE
NSW1,2012/4/6 15:30,7416.53,26.96,TRADE
NSW1,2012/4/6 16:00,7477.33,29.94,TRADE
NSW1,2012/4/6 16:30,7551.91,31.22,TRADE
NSW1,2012/4/6 17:00,7635.78,31.06,TRADE
NSW1,2012/4/6 17:30,7743.77,32.4,TRADE
NSW1,2012/4/6 18:00,7954.62,43,TRADE
NSW1,2012/4/6 18:30,8273.17,43.97,TRADE
NSW1,2012/4/6 19:00,8205.04,32.3,TRADE
NSW1,2012/4/6 19:30,7970.35,25.46,TRADE
NSW1,2012/4/6 20:00,7695.83,25.8,TRADE
NSW1,2012/4/6 20:30,7593.58,27.37,TRADE
NSW1,2012/4/6 21:00,7447.21,26.46,TRADE
NSW1,2012/4/6 21:30,7217.64,25.67,TRADE
NSW1,2012/4/6 22:00,7193.69,25.38,TRADE
NSW1,2012/4/6 22:30,7293.01,27.05,TRADE
NSW1,2012/4/6 23:00,7237.96,27.87,TRADE
NSW1,2012/4/6 23:30,7366.35,32.78,TRADE
NSW1,2012/4/7 0:00,7328.43,30.94,TRADE
NSW1,2012/4/7 0:30,7141.51,26.95,TRADE
NSW1,2012/4/7 1:00,6921.43,25.27,TRADE
NSW1,2012/4/7 1:30,6735.79,25.85,TRADE
NSW1,2012/4/7 2:00,6493.54,24.45,TRADE
NSW1,2012/4/7 2:30,6151.56,23.62,TRADE
NSW1,2012/4/7 3:00,5930.09,22.05,TRADE
NSW1,2012/4/7 3:30,5810.26,18.73,TRADE
NSW1,2012/4/7 4:00,5728.77,17.27,TRADE
NSW1,2012/4/7 4:30,5704.03,21.2,TRADE
NSW1,2012/4/7 5:00,5690.54,24.27,TRADE
NSW1,2012/4/7 5:30,5793.15,24.07,TRADE
NSW1,2012/4/7 6:00,5890.13,24.56,TRADE
NSW1,2012/4/7 6:30,6022.53,25.04,TRADE
NSW1,2012/4/7 7:00,6213.8,25.18,TRADE
NSW1,2012/4/7 7:30,6483.75,25.51,TRADE
NSW1,2012/4/7 8:00,6855.46,27.11,TRADE
NSW1,2012/4/7 8:30,7206.54,28.32,TRADE
NSW1,2012/4/7 9:00,7498.91,29.88,TRADE
NSW1,2012/4/7 9:30,7748.46,30.41,TRADE
NSW1,2012/4/7 10:00,7733.6,30.23,TRADE
NSW1,2012/4/7 10:30,7820.62,30.64,TRADE
NSW1,2012/4/7 11:00,7734.7,29.45,TRADE
NSW1,2012/4/7 11:30,7697.87,28.35,TRADE
NSW1,2012/4/7 12:00,7703.53,27.85,TRADE
NSW1,2012/4/7 12:30,7697.1,27.19,TRADE
NSW1,2012/4/7 13:00,7663.15,27.49,TRADE
NSW1,2012/4/7 13:30,7646.58,27.53,TRADE
NSW1,2012/4/7 14:00,7601.62,27.52,TRADE
NSW1,2012/4/7 14:30,7576.31,27.83,TRADE
NSW1,2012/4/7 15:00,7560.15,27.47,TRADE
NSW1,2012/4/7 15:30,7574.08,28.03,TRADE
NSW1,2012/4/7 16:00,7647.72,28.95,TRADE
NSW1,2012/4/7 16:30,7704.72,29.69,TRADE
NSW1,2012/4/7 17:00,7759.04,30.4,TRADE
NSW1,2012/4/7 17:30,7823.21,30.67,TRADE
NSW1,2012/4/7 18:00,8091.76,31.98,TRADE
NSW1,2012/4/7 18:30,8342.88,33.85,TRADE
NSW1,2012/4/7 19:00,8204.06,31.72,TRADE
NSW1,2012/4/7 19:30,7952.58,31.2,TRADE
NSW1,2012/4/7 20:00,7765.55,29.58,TRADE
NSW1,2012/4/7 20:30,7623.31,26.72,TRADE
NSW1,2012/4/7 21:00,7430.73,26.31,TRADE
NSW1,2012/4/7 21:30,7323.33,26.43,TRADE
NSW1,2012/4/7 22:00,7206.4,25.95,TRADE
NSW1,2012/4/7 22:30,7283.46,27.25,TRADE
NSW1,2012/4/7 23:00,7188.95,28.73,TRADE
NSW1,2012/4/7 23:30,7225.56,29.84,TRADE
NSW1,2012/4/8 0:00,7030.53,27.78,TRADE
NSW1,2012/4/8 0:30,6793.94,26.49,TRADE
NSW1,2012/4/8 1:00,6636.34,26.01,TRADE
NSW1,2012/4/8 1:30,6481.07,26.64,TRADE
NSW1,2012/4/8 2:00,6302.72,26.23,TRADE
NSW1,2012/4/8 2:30,6069.59,24.79,TRADE
NSW1,2012/4/8 3:00,5900.71,24.67,TRADE
NSW1,2012/4/8 3:30,5786.3,24.13,TRADE
NSW1,2012/4/8 4:00,5728.89,22.85,TRADE
NSW1,2012/4/8 4:30,5714.86,23.6,TRADE
NSW1,2012/4/8 5:00,5746.37,23.06,TRADE
NSW1,2012/4/8 5:30,5801.48,24.31,TRADE
NSW1,2012/4/8 6:00,5855.81,23.65,TRADE
NSW1,2012/4/8 6:30,5984.83,25.03,TRADE
NSW1,2012/4/8 7:00,6164.35,25.2,TRADE
NSW1,2012/4/8 7:30,6329.87,25.13,TRADE
NSW1,2012/4/8 8:00,6668.33,25.88,TRADE
NSW1,2012/4/8 8:30,6987.55,26.91,TRADE
NSW1,2012/4/8 9:00,7242.92,27.24,TRADE
NSW1,2012/4/8 9:30,7437.24,27.39,TRADE
NSW1,2012/4/8 10:00,7519.29,27.36,TRADE
NSW1,2012/4/8 10:30,7515.01,27.26,TRADE
NSW1,2012/4/8 11:00,7475.81,26.33,TRADE
NSW1,2012/4/8 11:30,7469.71,25.73,TRADE
NSW1,2012/4/8 12:00,7443.27,25.77,TRADE
NSW1,2012/4/8 12:30,7382.11,26.22,TRADE
NSW1,2012/4/8 13:00,7278.8,26.31,TRADE
NSW1,2012/4/8 13:30,7174.85,25.97,TRADE
NSW1,2012/4/8 14:00,7141.15,25.14,TRADE
NSW1,2012/4/8 14:30,7077.49,25.26,TRADE
NSW1,2012/4/8 15:00,7116,25.51,TRADE
NSW1,2012/4/8 15:30,7100.53,25.82,TRADE
NSW1,2012/4/8 16:00,7155.04,26.35,TRADE
NSW1,2012/4/8 16:30,7235.02,26.69,TRADE
NSW1,2012/4/8 17:00,7339.48,27.42,TRADE
NSW1,2012/4/8 17:30,7480.63,27.56,TRADE
NSW1,2012/4/8 18:00,7792.82,28.19,TRADE
NSW1,2012/4/8 18:30,8094.94,31.22,TRADE
NSW1,2012/4/8 19:00,8002.52,29.99,TRADE
NSW1,2012/4/8 19:30,7747.63,27.75,TRADE
NSW1,2012/4/8 20:00,7579.33,26.65,TRADE
NSW1,2012/4/8 20:30,7444.68,26.44,TRADE
NSW1,2012/4/8 21:00,7299.81,25.81,TRADE
NSW1,2012/4/8 21:30,7142.37,26.28,TRADE
NSW1,2012/4/8 22:00,7054.19,25.31,TRADE
NSW1,2012/4/8 22:30,7125.58,26.82,TRADE
NSW1,2012/4/8 23:00,6988.09,26.66,TRADE
NSW1,2012/4/8 23:30,6918.58,26.39,TRADE
NSW1,2012/4/9 0:00,6798.35,26.9,TRADE
NSW1,2012/4/9 0:30,6547.77,25.34,TRADE
NSW1,2012/4/9 1:00,6387.57,25.11,TRADE
NSW1,2012/4/9 1:30,6252.07,24.98,TRADE
NSW1,2012/4/9 2:00,6109.73,24.37,TRADE
NSW1,2012/4/9 2:30,5899.96,22.6,TRADE
NSW1,2012/4/9 3:00,5707.24,17.44,TRADE
NSW1,2012/4/9 3:30,5591.28,17.07,TRADE
NSW1,2012/4/9 4:00,5589.64,18,TRADE
NSW1,2012/4/9 4:30,5598,21.79,TRADE
NSW1,2012/4/9 5:00,5630.61,24.39,TRADE
NSW1,2012/4/9 5:30,5727.9,25.11,TRADE
NSW1,2012/4/9 6:00,5830.63,24.78,TRADE
NSW1,2012/4/9 6:30,5991.14,25.11,TRADE
NSW1,2012/4/9 7:00,6058.56,25.02,TRADE
NSW1,2012/4/9 7:30,6229.04,24.63,TRADE
NSW1,2012/4/9 8:00,6490.76,25.79,TRADE
NSW1,2012/4/9 8:30,6761.33,27.43,TRADE
NSW1,2012/4/9 9:00,6999.31,27.41,TRADE
NSW1,2012/4/9 9:30,7163.3,27.34,TRADE
NSW1,2012/4/9 10:00,7285.98,27.33,TRADE
NSW1,2012/4/9 10:30,7379.61,27.53,TRADE
NSW1,2012/4/9 11:00,7390.58,27.8,TRADE
NSW1,2012/4/9 11:30,7372.48,27.67,TRADE
NSW1,2012/4/9 12:00,7322.64,27.48,TRADE
NSW1,2012/4/9 12:30,7322.71,27.57,TRADE
NSW1,2012/4/9 13:00,7270.85,26.67,TRADE
NSW1,2012/4/9 13:30,7245.14,26.78,TRADE
NSW1,2012/4/9 14:00,7222.02,26.34,TRADE
NSW1,2012/4/9 14:30,7185.59,25.89,TRADE
NSW1,2012/4/9 15:00,7213.57,26.45,TRADE
NSW1,2012/4/9 15:30,7311.54,26.83,TRADE
NSW1,2012/4/9 16:00,7362.31,27.27,TRADE
NSW1,2012/4/9 16:30,7429.22,27.86,TRADE
NSW1,2012/4/9 17:00,7610.51,29.61,TRADE
NSW1,2012/4/9 17:30,7767.15,30.79,TRADE
NSW1,2012/4/9 18:00,8129.86,33.03,TRADE
NSW1,2012/4/9 18:30,8470.58,37.06,TRADE
NSW1,2012/4/9 19:00,8365.59,34,TRADE
NSW1,2012/4/9 19:30,8139.29,31.17,TRADE
NSW1,2012/4/9 20:00,7879.2,30.51,TRADE
NSW1,2012/4/9 20:30,7792.86,30.43,TRADE
NSW1,2012/4/9 21:00,7610.25,29.01,TRADE
NSW1,2012/4/9 21:30,7407.54,29.32,TRADE
NSW1,2012/4/9 22:00,7296.26,26.54,TRADE
NSW1,2012/4/9 22:30,7299.97,26.84,TRADE
NSW1,2012/4/9 23:00,7204.01,27.81,TRADE
NSW1,2012/4/9 23:30,7217.45,29.82,TRADE
NSW1,2012/4/10 0:00,7212.71,29.16,TRADE
NSW1,2012/4/10 0:30,7053.62,31.82,TRADE
NSW1,2012/4/10 1:00,6860.95,29.39,TRADE
NSW1,2012/4/10 1:30,6713.42,28.27,TRADE
NSW1,2012/4/10 2:00,6494.25,26.92,TRADE
NSW1,2012/4/10 2:30,6208.94,26.65,TRADE
NSW1,2012/4/10 3:00,5998.99,25.39,TRADE
NSW1,2012/4/10 3:30,5852.38,25.32,TRADE
NSW1,2012/4/10 4:00,5747.83,24.88,TRADE
NSW1,2012/4/10 4:30,5765.23,25.11,TRADE
NSW1,2012/4/10 5:00,5837.41,25.32,TRADE
NSW1,2012/4/10 5:30,6110.33,27.42,TRADE
NSW1,2012/4/10 6:00,6490.64,27.17,TRADE
NSW1,2012/4/10 6:30,6992.65,30.44,TRADE
NSW1,2012/4/10 7:00,7496.92,32.21,TRADE
NSW1,2012/4/10 7:30,7784.02,28.32,TRADE
NSW1,2012/4/10 8:00,8155.68,30.59,TRADE
NSW1,2012/4/10 8:30,8339.57,32.39,TRADE
NSW1,2012/4/10 9:00,8414.12,30.71,TRADE
NSW1,2012/4/10 9:30,8534.46,32.8,TRADE
NSW1,2012/4/10 10:00,8581.19,31.82,TRADE
NSW1,2012/4/10 10:30,8586.57,31.56,TRADE
NSW1,2012/4/10 11:00,8547.88,31.68,TRADE
NSW1,2012/4/10 11:30,8490.23,31.37,TRADE
NSW1,2012/4/10 12:00,8449.11,31.38,TRADE
NSW1,2012/4/10 12:30,8433.41,31.45,TRADE
NSW1,2012/4/10 13:00,8397.55,31.42,TRADE
NSW1,2012/4/10 13:30,8413.28,31.48,TRADE
NSW1,2012/4/10 14:00,8388.97,31.68,TRADE
NSW1,2012/4/10 14:30,8384.39,31.58,TRADE
NSW1,2012/4/10 15:00,8349.24,31.38,TRADE
NSW1,2012/4/10 15:30,8341.57,31.78,TRADE
NSW1,2012/4/10 16:00,8373.88,31.12,TRADE
NSW1,2012/4/10 16:30,8406.04,30.46,TRADE
NSW1,2012/4/10 17:00,8548.52,30.21,TRADE
NSW1,2012/4/10 17:30,8705.11,30.55,TRADE
NSW1,2012/4/10 18:00,9146.13,35.18,TRADE
NSW1,2012/4/10 18:30,9510.65,41.49,TRADE
NSW1,2012/4/10 19:00,9468.84,39.83,TRADE
NSW1,2012/4/10 19:30,9160.68,34.24,TRADE
NSW1,2012/4/10 20:00,8895.71,32.35,TRADE
NSW1,2012/4/10 20:30,8663.91,30.54,TRADE
NSW1,2012/4/10 21:00,8518.25,29.81,TRADE
NSW1,2012/4/10 21:30,8233.19,27.81,TRADE
NSW1,2012/4/10 22:00,7985.04,26.58,TRADE
NSW1,2012/4/10 22:30,8050.1,31.22,TRADE
NSW1,2012/4/10 23:00,7870.93,28.74,TRADE
NSW1,2012/4/10 23:30,7801.72,31.76,TRADE
NSW1,2012/4/11 0:00,7711.77,31.33,TRADE
NSW1,2012/4/11 0:30,7492.13,31.2,TRADE
NSW1,2012/4/11 1:00,7327,31.4,TRADE
NSW1,2012/4/11 1:30,7144.18,30.92,TRADE
NSW1,2012/4/11 2:00,6938.54,28.59,TRADE
NSW1,2012/4/11 2:30,6621.24,27.6,TRADE
NSW1,2012/4/11 3:00,6419.31,26.47,TRADE
NSW1,2012/4/11 3:30,6162.5,25.13,TRADE
NSW1,2012/4/11 4:00,6099.61,25.56,TRADE
NSW1,2012/4/11 4:30,6075.28,24.62,TRADE
NSW1,2012/4/11 5:00,6151.5,25.32,TRADE
NSW1,2012/4/11 5:30,6469.64,27.56,TRADE
NSW1,2012/4/11 6:00,6776.65,28.02,TRADE
NSW1,2012/4/11 6:30,7373.21,29.74,TRADE
NSW1,2012/4/11 7:00,7893.6,30.77,TRADE
NSW1,2012/4/11 7:30,8215.08,28.75,TRADE
NSW1,2012/4/11 8:00,8552.99,31.5,TRADE
NSW1,2012/4/11 8:30,8637.68,31.55,TRADE
NSW1,2012/4/11 9:00,8674.9,31.46,TRADE
NSW1,2012/4/11 9:30,8767.89,33.64,TRADE
NSW1,2012/4/11 10:00,8715.8,31.23,TRADE
NSW1,2012/4/11 10:30,8708.5,31.46,TRADE
NSW1,2012/4/11 11:00,8700.79,31.74,TRADE
NSW1,2012/4/11 11:30,8582.52,31.3,TRADE
NSW1,2012/4/11 12:00,8606.23,31.46,TRADE
NSW1,2012/4/11 12:30,8619.23,31.58,TRADE
NSW1,2012/4/11 13:00,8587.04,31.55,TRADE
NSW1,2012/4/11 13:30,8452.99,30.94,TRADE
NSW1,2012/4/11 14:00,8233.22,30.23,TRADE
NSW1,2012/4/11 14:30,8486.46,32.26,TRADE
NSW1,2012/4/11 15:00,8512.12,30.86,TRADE
NSW1,2012/4/11 15:30,8520.82,30.97,TRADE
NSW1,2012/4/11 16:00,8557.74,30.83,TRADE
NSW1,2012/4/11 16:30,8587.64,31.13,TRADE
NSW1,2012/4/11 17:00,8718.71,31.22,TRADE
NSW1,2012/4/11 17:30,8913.78,32.21,TRADE
NSW1,2012/4/11 18:00,9268.27,32.76,TRADE
NSW1,2012/4/11 18:30,9596.45,35.74,TRADE
NSW1,2012/4/11 19:00,9481.92,32.13,TRADE
NSW1,2012/4/11 19:30,9223.74,29.73,TRADE
NSW1,2012/4/11 20:00,8963.93,29.5,TRADE
NSW1,2012/4/11 20:30,8810.27,29.14,TRADE
NSW1,2012/4/11 21:00,8634.88,29.27,TRADE
NSW1,2012/4/11 21:30,8380.88,28.23,TRADE
NSW1,2012/4/11 22:00,8149.54,28.59,TRADE
NSW1,2012/4/11 22:30,8159.91,32.04,TRADE
NSW1,2012/4/11 23:00,8001.83,32.04,TRADE
NSW1,2012/4/11 23:30,7947.95,33.23,TRADE
NSW1,2012/4/12 0:00,7866.22,32.04,TRADE
NSW1,2012/4/12 0:30,7682.76,31.68,TRADE
NSW1,2012/4/12 1:00,7443.64,30.86,TRADE
NSW1,2012/4/12 1:30,7282.62,30.34,TRADE
NSW1,2012/4/12 2:00,7064.54,30.17,TRADE
NSW1,2012/4/12 2:30,6725.5,29.73,TRADE
NSW1,2012/4/12 3:00,6477.07,27.03,TRADE
NSW1,2012/4/12 3:30,6274.64,25.79,TRADE
NSW1,2012/4/12 4:00,6197.8,26.37,TRADE
NSW1,2012/4/12 4:30,6210.06,25.53,TRADE
NSW1,2012/4/12 5:00,6299.06,26.28,TRADE
NSW1,2012/4/12 5:30,6535.25,27.88,TRADE
NSW1,2012/4/12 6:00,6885.07,27.89,TRADE
NSW1,2012/4/12 6:30,7460.26,28.13,TRADE
NSW1,2012/4/12 7:00,7959.41,31.43,TRADE
NSW1,2012/4/12 7:30,8264.77,29.67,TRADE
NSW1,2012/4/12 8:00,8598.32,31.52,TRADE
NSW1,2012/4/12 8:30,8711.58,31.85,TRADE
NSW1,2012/4/12 9:00,8810.33,32.98,TRADE
NSW1,2012/4/12 9:30,8919.43,31.55,TRADE
NSW1,2012/4/12 10:00,8932.32,31.46,TRADE
NSW1,2012/4/12 10:30,8940.45,31.46,TRADE
NSW1,2012/4/12 11:00,8914.48,31.54,TRADE
NSW1,2012/4/12 11:30,8852.58,31.46,TRADE
NSW1,2012/4/12 12:00,8817.59,31.82,TRADE
NSW1,2012/4/12 12:30,8778.89,31.38,TRADE
NSW1,2012/4/12 13:00,8717.7,30.95,TRADE
NSW1,2012/4/12 13:30,8727.55,31.45,TRADE
NSW1,2012/4/12 14:00,8732.19,31.45,TRADE
NSW1,2012/4/12 14:30,8685.85,30.31,TRADE
NSW1,2012/4/12 15:00,8659.12,30.23,TRADE
NSW1,2012/4/12 15:30,8634.34,30.23,TRADE
NSW1,2012/4/12 16:00,8674.73,31.46,TRADE
NSW1,2012/4/12 16:30,8713.68,31.4,TRADE
NSW1,2012/4/12 17:00,8778.83,31.46,TRADE
NSW1,2012/4/12 17:30,8907.12,32.6,TRADE
NSW1,2012/4/12 18:00,9244.35,33.32,TRADE
NSW1,2012/4/12 18:30,9615.37,39.36,TRADE
NSW1,2012/4/12 19:00,9511.09,36.67,TRADE
NSW1,2012/4/12 19:30,9252.59,32.53,TRADE
NSW1,2012/4/12 20:00,9035.92,30.85,TRADE
NSW1,2012/4/12 20:30,8836.83,32.25,TRADE
NSW1,2012/4/12 21:00,8706.6,32.1,TRADE
NSW1,2012/4/12 21:30,8471.01,31.43,TRADE
NSW1,2012/4/12 22:00,8237.49,30.12,TRADE
NSW1,2012/4/12 22:30,8337.47,32.1,TRADE
NSW1,2012/4/12 23:00,8169.01,32.48,TRADE
NSW1,2012/4/12 23:30,8150.94,33.52,TRADE
NSW1,2012/4/13 0:00,8067.02,32.22,TRADE
NSW1,2012/4/13 0:30,7855.23,31.73,TRADE
NSW1,2012/4/13 1:00,7608.49,31.25,TRADE
NSW1,2012/4/13 1:30,7417.23,31.25,TRADE
NSW1,2012/4/13 2:00,7171.48,31.33,TRADE
NSW1,2012/4/13 2:30,6881.34,31.93,TRADE
NSW1,2012/4/13 3:00,6608.66,30.23,TRADE
NSW1,2012/4/13 3:30,6387.98,27.83,TRADE
NSW1,2012/4/13 4:00,6299.58,26.05,TRADE
NSW1,2012/4/13 4:30,6315.76,26.68,TRADE
NSW1,2012/4/13 5:00,6397.17,27.22,TRADE
NSW1,2012/4/13 5:30,6674.75,30.17,TRADE
NSW1,2012/4/13 6:00,7001.01,31.11,TRADE
NSW1,2012/4/13 6:30,7530.44,31.66,TRADE
NSW1,2012/4/13 7:00,7975.33,32.74,TRADE
NSW1,2012/4/13 7:30,8244.79,33.56,TRADE
NSW1,2012/4/13 8:00,8531.22,40.82,TRADE
NSW1,2012/4/13 8:30,8657.94,42.68,TRADE
NSW1,2012/4/13 9:00,8786.99,42.95,TRADE
NSW1,2012/4/13 9:30,8865.02,40.55,TRADE
NSW1,2012/4/13 10:00,8886,37.17,TRADE
NSW1,2012/4/13 10:30,8904.63,36.98,TRADE
NSW1,2012/4/13 11:00,8898.78,36.37,TRADE
NSW1,2012/4/13 11:30,8852.53,38.88,TRADE
NSW1,2012/4/13 12:00,8764.1,36.53,TRADE
NSW1,2012/4/13 12:30,8780.17,35.5,TRADE
NSW1,2012/4/13 13:00,8782.05,36.34,TRADE
NSW1,2012/4/13 13:30,8748.67,32.89,TRADE
NSW1,2012/4/13 14:00,8788.63,35.06,TRADE
NSW1,2012/4/13 14:30,8724.95,33.72,TRADE
NSW1,2012/4/13 15:00,8688.35,32.04,TRADE
NSW1,2012/4/13 15:30,8744.43,32.52,TRADE
NSW1,2012/4/13 16:00,8748.38,33.7,TRADE
NSW1,2012/4/13 16:30,8757.05,37.83,TRADE
NSW1,2012/4/13 17:00,8817.89,39.99,TRADE
NSW1,2012/4/13 17:30,8892.51,44.49,TRADE
NSW1,2012/4/13 18:00,9114.3,54.24,TRADE
NSW1,2012/4/13 18:30,9261.67,47.16,TRADE
NSW1,2012/4/13 19:00,9119.73,45.44,TRADE
NSW1,2012/4/13 19:30,8791.57,39.06,TRADE
NSW1,2012/4/13 20:00,8573.66,39.1,TRADE
NSW1,2012/4/13 20:30,8386.6,37.2,TRADE
NSW1,2012/4/13 21:00,8207.65,34.63,TRADE
NSW1,2012/4/13 21:30,8039.44,31.97,TRADE
NSW1,2012/4/13 22:00,7933.24,31.12,TRADE
NSW1,2012/4/13 22:30,8061.91,43.27,TRADE
NSW1,2012/4/13 23:00,7945.85,40.26,TRADE
NSW1,2012/4/13 23:30,7931.52,43.64,TRADE
NSW1,2012/4/14 0:00,7849.74,42.65,TRADE
NSW1,2012/4/14 0:30,7708.39,37.47,TRADE
NSW1,2012/4/14 1:00,7483.06,35.55,TRADE
NSW1,2012/4/14 1:30,7300.05,35.34,TRADE
NSW1,2012/4/14 2:00,7024.86,31.81,TRADE
NSW1,2012/4/14 2:30,6680.36,30.21,TRADE
NSW1,2012/4/14 3:00,6421.15,30.69,TRADE
NSW1,2012/4/14 3:30,6257.42,29.47,TRADE
NSW1,2012/4/14 4:00,6167.77,27.81,TRADE
NSW1,2012/4/14 4:30,6082.06,25.24,TRADE
NSW1,2012/4/14 5:00,6097.61,27.2,TRADE
NSW1,2012/4/14 5:30,6218.76,30.41,TRADE
NSW1,2012/4/14 6:00,6298.13,27.96,TRADE
NSW1,2012/4/14 6:30,6515.13,27.91,TRADE
NSW1,2012/4/14 7:00,6732.24,28.75,TRADE
NSW1,2012/4/14 7:30,6976.35,29.19,TRADE
NSW1,2012/4/14 8:00,7354.19,30.54,TRADE
NSW1,2012/4/14 8:30,7674.44,33.62,TRADE
NSW1,2012/4/14 9:00,7927.44,35.38,TRADE
NSW1,2012/4/14 9:30,8205.91,39.66,TRADE
NSW1,2012/4/14 10:00,8258.91,39.26,TRADE
NSW1,2012/4/14 10:30,8267.83,38.12,TRADE
NSW1,2012/4/14 11:00,8229.74,37.12,TRADE
NSW1,2012/4/14 11:30,8147.15,34.75,TRADE
NSW1,2012/4/14 12:00,8073.53,34.11,TRADE
NSW1,2012/4/14 12:30,8050.78,33.19,TRADE
NSW1,2012/4/14 13:00,7994.54,33.82,TRADE
NSW1,2012/4/14 13:30,7904.18,32.97,TRADE
NSW1,2012/4/14 14:00,7867.95,32.21,TRADE
NSW1,2012/4/14 14:30,7865.71,31.69,TRADE
NSW1,2012/4/14 15:00,7889.65,33.47,TRADE
NSW1,2012/4/14 15:30,7831.22,32.39,TRADE
NSW1,2012/4/14 16:00,7846.27,33.43,TRADE
NSW1,2012/4/14 16:30,7911.77,33.56,TRADE
NSW1,2012/4/14 17:00,8060.36,35.54,TRADE
NSW1,2012/4/14 17:30,8184.16,36.13,TRADE
NSW1,2012/4/14 18:00,8511.61,47.07,TRADE
NSW1,2012/4/14 18:30,8697.45,59.03,TRADE
NSW1,2012/4/14 19:00,8557.34,50.67,TRADE
NSW1,2012/4/14 19:30,8307.65,43.16,TRADE
NSW1,2012/4/14 20:00,8135.02,38.67,TRADE
NSW1,2012/4/14 20:30,7961.37,40.34,TRADE
NSW1,2012/4/14 21:00,7825.63,37.45,TRADE
NSW1,2012/4/14 21:30,7686.49,36.76,TRADE
NSW1,2012/4/14 22:00,7605.99,35.91,TRADE
NSW1,2012/4/14 22:30,7626.15,39.24,TRADE
NSW1,2012/4/14 23:00,7551.19,39.97,TRADE
NSW1,2012/4/14 23:30,7487.82,41.23,TRADE
NSW1,2012/4/15 0:00,7366.42,35.36,TRADE
NSW1,2012/4/15 0:30,7147.71,33.35,TRADE
NSW1,2012/4/15 1:00,6953.29,31.95,TRADE
NSW1,2012/4/15 1:30,6793.53,32.36,TRADE
NSW1,2012/4/15 2:00,6617.07,31.24,TRADE
NSW1,2012/4/15 2:30,6319.14,29.05,TRADE
NSW1,2012/4/15 3:00,6116.95,27.38,TRADE
NSW1,2012/4/15 3:30,6010.97,29.91,TRADE
NSW1,2012/4/15 4:00,5969.32,30.23,TRADE
NSW1,2012/4/15 4:30,5994.11,30.59,TRADE
NSW1,2012/4/15 5:00,6016.57,30.63,TRADE
NSW1,2012/4/15 5:30,6079.78,31.39,TRADE
NSW1,2012/4/15 6:00,6153.92,29,TRADE
NSW1,2012/4/15 6:30,6248.01,28.64,TRADE
NSW1,2012/4/15 7:00,6390.01,29.59,TRADE
NSW1,2012/4/15 7:30,6645.91,28.57,TRADE
NSW1,2012/4/15 8:00,6944.21,29.17,TRADE
NSW1,2012/4/15 8:30,7225.9,30.77,TRADE
NSW1,2012/4/15 9:00,7480.48,32.06,TRADE
NSW1,2012/4/15 9:30,7670.82,32.19,TRADE
NSW1,2012/4/15 10:00,7771.72,34.24,TRADE
NSW1,2012/4/15 10:30,7856.48,36.35,TRADE
NSW1,2012/4/15 11:00,7852.41,35.25,TRADE
NSW1,2012/4/15 11:30,7847.08,33.42,TRADE
NSW1,2012/4/15 12:00,7861.32,34.01,TRADE
NSW1,2012/4/15 12:30,7838.83,34.92,TRADE
NSW1,2012/4/15 13:00,7776.51,37.69,TRADE
NSW1,2012/4/15 13:30,7748.23,36.79,TRADE
NSW1,2012/4/15 14:00,7683.02,32.7,TRADE
NSW1,2012/4/15 14:30,7673.43,31.65,TRADE
NSW1,2012/4/15 15:00,7701.06,31.66,TRADE
NSW1,2012/4/15 15:30,7696.73,33.01,TRADE
NSW1,2012/4/15 16:00,7746.79,32.6,TRADE
NSW1,2012/4/15 16:30,7855.85,31.49,TRADE
NSW1,2012/4/15 17:00,7979.68,32.95,TRADE
NSW1,2012/4/15 17:30,8105.68,32.79,TRADE
NSW1,2012/4/15 18:00,8440.31,44.8,TRADE
NSW1,2012/4/15 18:30,8706.13,49.19,TRADE
NSW1,2012/4/15 19:00,8571.99,47.08,TRADE
NSW1,2012/4/15 19:30,8374.52,39.8,TRADE
NSW1,2012/4/15 20:00,8138.06,33.26,TRADE
NSW1,2012/4/15 20:30,7991.99,31.12,TRADE
NSW1,2012/4/15 21:00,7919.67,31.05,TRADE
NSW1,2012/4/15 21:30,7770.85,32.23,TRADE
NSW1,2012/4/15 22:00,7631.54,31.06,TRADE
NSW1,2012/4/15 22:30,7608.99,40.28,TRADE
NSW1,2012/4/15 23:00,7466.87,39.28,TRADE
NSW1,2012/4/15 23:30,7424.13,40.45,TRADE
NSW1,2012/4/16 0:00,7292.7,41.06,TRADE
NSW1,2012/4/16 0:30,7089.09,35.36,TRADE
NSW1,2012/4/16 1:00,6882.31,31.41,TRADE
NSW1,2012/4/16 1:30,6738.82,32.9,TRADE
NSW1,2012/4/16 2:00,6564.47,32.94,TRADE
NSW1,2012/4/16 2:30,6308.74,30.33,TRADE
NSW1,2012/4/16 3:00,6195.75,30.04,TRADE
NSW1,2012/4/16 3:30,6087.08,28.56,TRADE
NSW1,2012/4/16 4:00,6064.49,28.48,TRADE
NSW1,2012/4/16 4:30,6132.09,30.53,TRADE
NSW1,2012/4/16 5:00,6189.07,30.49,TRADE
NSW1,2012/4/16 5:30,6468.37,32.36,TRADE
NSW1,2012/4/16 6:00,6783.98,33.26,TRADE
NSW1,2012/4/16 6:30,7355.46,41.22,TRADE
NSW1,2012/4/16 7:00,7743.86,46.43,TRADE
NSW1,2012/4/16 7:30,8009.22,34.17,TRADE
NSW1,2012/4/16 8:00,8381.53,38.66,TRADE
NSW1,2012/4/16 8:30,8620.2,39.06,TRADE
NSW1,2012/4/16 9:00,8799.87,39.83,TRADE
NSW1,2012/4/16 9:30,8927.84,39.77,TRADE
NSW1,2012/4/16 10:00,9034.31,39.85,TRADE
NSW1,2012/4/16 10:30,9116.38,40.3,TRADE
NSW1,2012/4/16 11:00,9137.46,42.57,TRADE
NSW1,2012/4/16 11:30,9052.25,40.95,TRADE
NSW1,2012/4/16 12:00,9041.1,39.27,TRADE
NSW1,2012/4/16 12:30,9047.25,40.23,TRADE
NSW1,2012/4/16 13:00,9085.14,43.49,TRADE
NSW1,2012/4/16 13:30,9052.53,38.8,TRADE
NSW1,2012/4/16 14:00,9092.79,40.09,TRADE
NSW1,2012/4/16 14:30,9072.89,36.94,TRADE
NSW1,2012/4/16 15:00,9057.61,36.99,TRADE
NSW1,2012/4/16 15:30,9017.32,35.94,TRADE
NSW1,2012/4/16 16:00,9002.49,35.86,TRADE
NSW1,2012/4/16 16:30,9007.16,36.69,TRADE
NSW1,2012/4/16 17:00,9055.84,40.17,TRADE
NSW1,2012/4/16 17:30,9182.61,39.56,TRADE
NSW1,2012/4/16 18:00,9496.78,51.99,TRADE
NSW1,2012/4/16 18:30,9598.52,50.9,TRADE
NSW1,2012/4/16 19:00,9422.59,45.78,TRADE
NSW1,2012/4/16 19:30,9078.45,35.01,TRADE
NSW1,2012/4/16 20:00,8808.98,32.89,TRADE
NSW1,2012/4/16 20:30,8631.22,34.95,TRADE
NSW1,2012/4/16 21:00,8436.85,33.15,TRADE
NSW1,2012/4/16 21:30,8233.7,36.38,TRADE
NSW1,2012/4/16 22:00,8078.74,35.16,TRADE
NSW1,2012/4/16 22:30,8189.75,44.5,TRADE
NSW1,2012/4/16 23:00,8027.41,40.31,TRADE
NSW1,2012/4/16 23:30,7933.97,41.38,TRADE
NSW1,2012/4/17 0:00,7880.87,39.89,TRADE
NSW1,2012/4/17 0:30,7627.88,34.96,TRADE
NSW1,2012/4/17 1:00,7397.33,32.54,TRADE
NSW1,2012/4/17 1:30,7223.55,31.42,TRADE
NSW1,2012/4/17 2:00,6995.12,31.39,TRADE
NSW1,2012/4/17 2:30,6660.98,30.65,TRADE
NSW1,2012/4/17 3:00,6453.73,30.53,TRADE
NSW1,2012/4/17 3:30,6283.96,29.47,TRADE
NSW1,2012/4/17 4:00,6222.85,27.79,TRADE
NSW1,2012/4/17 4:30,6237.94,27.01,TRADE
NSW1,2012/4/17 5:00,6294.17,28.07,TRADE
NSW1,2012/4/17 5:30,6510.3,30.17,TRADE
NSW1,2012/4/17 6:00,6828.4,29.46,TRADE
NSW1,2012/4/17 6:30,7434.05,32.61,TRADE
NSW1,2012/4/17 7:00,7871.46,41.47,TRADE
NSW1,2012/4/17 7:30,8183.47,35.37,TRADE
NSW1,2012/4/17 8:00,8555.73,36.39,TRADE
NSW1,2012/4/17 8:30,8828.62,36.39,TRADE
NSW1,2012/4/17 9:00,8936.4,35.4,TRADE
NSW1,2012/4/17 9:30,9096.28,39.47,TRADE
NSW1,2012/4/17 10:00,9180.53,41.54,TRADE
NSW1,2012/4/17 10:30,9240.99,39.18,TRADE
NSW1,2012/4/17 11:00,9236.19,37.46,TRADE
NSW1,2012/4/17 11:30,9196.96,38.52,TRADE
NSW1,2012/4/17 12:00,9221.24,40.88,TRADE
NSW1,2012/4/17 12:30,9156.49,39.4,TRADE
NSW1,2012/4/17 13:00,9147.41,39.97,TRADE
NSW1,2012/4/17 13:30,9139.07,40.71,TRADE
NSW1,2012/4/17 14:00,9116.95,40.28,TRADE
NSW1,2012/4/17 14:30,9062.15,40.33,TRADE
NSW1,2012/4/17 15:00,9056.67,39.42,TRADE
NSW1,2012/4/17 15:30,9039.03,36.19,TRADE
NSW1,2012/4/17 16:00,9071.3,37,TRADE
NSW1,2012/4/17 16:30,9111.47,39.23,TRADE
NSW1,2012/4/17 17:00,9242.13,41.42,TRADE
NSW1,2012/4/17 17:30,9382.15,42.77,TRADE
NSW1,2012/4/17 18:00,9678.59,46.95,TRADE
NSW1,2012/4/17 18:30,9714.27,46.39,TRADE
NSW1,2012/4/17 19:00,9478.2,40.36,TRADE
NSW1,2012/4/17 19:30,9156.32,38.62,TRADE
NSW1,2012/4/17 20:00,8873.19,40.86,TRADE
NSW1,2012/4/17 20:30,8656.87,44.55,TRADE
NSW1,2012/4/17 21:00,8467.61,44.49,TRADE
NSW1,2012/4/17 21:30,8248.63,42.46,TRADE
NSW1,2012/4/17 22:00,8145.67,38.07,TRADE
NSW1,2012/4/17 22:30,8256.5,53.34,TRADE
NSW1,2012/4/17 23:00,8085.58,48,TRADE
NSW1,2012/4/17 23:30,7994.54,43.57,TRADE
NSW1,2012/4/18 0:00,7906.9,41.54,TRADE
NSW1,2012/4/18 0:30,7694.68,33.91,TRADE
NSW1,2012/4/18 1:00,7488.62,33.9,TRADE
NSW1,2012/4/18 1:30,7299.32,32.61,TRADE
NSW1,2012/4/18 2:00,7020.26,31.15,TRADE
NSW1,2012/4/18 2:30,6676.38,29.74,TRADE
NSW1,2012/4/18 3:00,6416.89,29.15,TRADE
NSW1,2012/4/18 3:30,6249.86,27.32,TRADE
NSW1,2012/4/18 4:00,6149.41,26.3,TRADE
NSW1,2012/4/18 4:30,6179.45,27.78,TRADE
NSW1,2012/4/18 5:00,6287.03,28.96,TRADE
NSW1,2012/4/18 5:30,6558.01,31.98,TRADE
NSW1,2012/4/18 6:00,6867.88,32.27,TRADE
NSW1,2012/4/18 6:30,7470.35,39.84,TRADE
NSW1,2012/4/18 7:00,7889.06,42.43,TRADE
NSW1,2012/4/18 7:30,8207.12,40.21,TRADE
NSW1,2012/4/18 8:00,8577.81,44.38,TRADE
NSW1,2012/4/18 8:30,8790.68,41.16,TRADE
NSW1,2012/4/18 9:00,8992.77,38.02,TRADE
NSW1,2012/4/18 9:30,9141.26,40.01,TRADE
NSW1,2012/4/18 10:00,9222.37,39.47,TRADE
NSW1,2012/4/18 10:30,9265.21,42.19,TRADE
NSW1,2012/4/18 11:00,9339.12,43.35,TRADE
NSW1,2012/4/18 11:30,9303.27,46.58,TRADE
NSW1,2012/4/18 12:00,9291.64,42.81,TRADE
NSW1,2012/4/18 12:30,9265.41,45.79,TRADE
NSW1,2012/4/18 13:00,9233.29,51.97,TRADE
NSW1,2012/4/18 13:30,9217.74,44.38,TRADE
NSW1,2012/4/18 14:00,9246.78,46.11,TRADE
NSW1,2012/4/18 14:30,9260.3,45.43,TRADE
NSW1,2012/4/18 15:00,9201.56,43.04,TRADE
NSW1,2012/4/18 15:30,9169.56,44.52,TRADE
NSW1,2012/4/18 16:00,9238.91,55.53,TRADE
NSW1,2012/4/18 16:30,9230.46,52.69,TRADE
NSW1,2012/4/18 17:00,9274.1,38.62,TRADE
NSW1,2012/4/18 17:30,9435.26,45.75,TRADE
NSW1,2012/4/18 18:00,9754.97,51.6,TRADE
NSW1,2012/4/18 18:30,9676.82,47.74,TRADE
NSW1,2012/4/18 19:00,9478.94,40.05,TRADE
NSW1,2012/4/18 19:30,9198.49,40.17,TRADE
NSW1,2012/4/18 20:00,8914.41,35.58,TRADE
NSW1,2012/4/18 20:30,8726.53,37.82,TRADE
NSW1,2012/4/18 21:00,8564.85,35.12,TRADE
NSW1,2012/4/18 21:30,8323.43,39.18,TRADE
NSW1,2012/4/18 22:00,8142.67,33.63,TRADE
NSW1,2012/4/18 22:30,8241.44,49.83,TRADE
NSW1,2012/4/18 23:00,8098.11,37.84,TRADE
NSW1,2012/4/18 23:30,8079.55,40.72,TRADE
NSW1,2012/4/19 0:00,7966.16,37.11,TRADE
NSW1,2012/4/19 0:30,7760.03,35.02,TRADE
NSW1,2012/4/19 1:00,7538.3,34.02,TRADE
NSW1,2012/4/19 1:30,7366.8,34.73,TRADE
NSW1,2012/4/19 2:00,7034.79,31.46,TRADE
NSW1,2012/4/19 2:30,6719.57,31.11,TRADE
NSW1,2012/4/19 3:00,6458.35,30.35,TRADE
NSW1,2012/4/19 3:30,6350.89,31.51,TRADE
NSW1,2012/4/19 4:00,6300.66,31.5,TRADE
NSW1,2012/4/19 4:30,6352.26,31.64,TRADE
NSW1,2012/4/19 5:00,6370.37,30.62,TRADE
NSW1,2012/4/19 5:30,6587.96,31.96,TRADE
NSW1,2012/4/19 6:00,6871.25,31.65,TRADE
NSW1,2012/4/19 6:30,7467.64,33.02,TRADE
NSW1,2012/4/19 7:00,7927.35,37.65,TRADE
NSW1,2012/4/19 7:30,8200.97,29.68,TRADE
NSW1,2012/4/19 8:00,8533.54,32.72,TRADE
NSW1,2012/4/19 8:30,8796.68,34.92,TRADE
NSW1,2012/4/19 9:00,8948.01,38.03,TRADE
NSW1,2012/4/19 9:30,9073.68,40.1,TRADE
NSW1,2012/4/19 10:00,9178.19,44.94,TRADE
NSW1,2012/4/19 10:30,9269.44,39.03,TRADE
NSW1,2012/4/19 11:00,9289.84,37.55,TRADE
NSW1,2012/4/19 11:30,9241.31,37.35,TRADE
NSW1,2012/4/19 12:00,9245.84,38.02,TRADE
NSW1,2012/4/19 12:30,9281.95,44.93,TRADE
NSW1,2012/4/19 13:00,9242.11,36.54,TRADE
NSW1,2012/4/19 13:30,9232.06,37.25,TRADE
NSW1,2012/4/19 14:00,9207.51,38.1,TRADE
NSW1,2012/4/19 14:30,9199.71,40.45,TRADE
NSW1,2012/4/19 15:00,9200.35,45.58,TRADE
NSW1,2012/4/19 15:30,9190.25,37.04,TRADE
NSW1,2012/4/19 16:00,9182.91,35.37,TRADE
NSW1,2012/4/19 16:30,9109.59,36.72,TRADE
NSW1,2012/4/19 17:00,9127.56,45.25,TRADE
NSW1,2012/4/19 17:30,9258.87,37.69,TRADE
NSW1,2012/4/19 18:00,9673.71,46.73,TRADE
NSW1,2012/4/19 18:30,9694.07,50.82,TRADE
NSW1,2012/4/19 19:00,9469.72,37.78,TRADE
NSW1,2012/4/19 19:30,9204.48,34.74,TRADE
NSW1,2012/4/19 20:00,9004.48,36.05,TRADE
NSW1,2012/4/19 20:30,8843.38,42.87,TRADE
NSW1,2012/4/19 21:00,8644.76,37.91,TRADE
NSW1,2012/4/19 21:30,8390.15,34.46,TRADE
NSW1,2012/4/19 22:00,8174.22,31.49,TRADE
NSW1,2012/4/19 22:30,8268.84,50.42,TRADE
NSW1,2012/4/19 23:00,8129.11,51.62,TRADE
NSW1,2012/4/19 23:30,8068.05,51.5,TRADE
NSW1,2012/4/20 0:00,8012.49,44.82,TRADE
NSW1,2012/4/20 0:30,7814.33,34.33,TRADE
NSW1,2012/4/20 1:00,7556.97,31.63,TRADE
NSW1,2012/4/20 1:30,7359.38,32.29,TRADE
NSW1,2012/4/20 2:00,7124.46,30.72,TRADE
NSW1,2012/4/20 2:30,6831.61,32.62,TRADE
NSW1,2012/4/20 3:00,6571.72,30.28,TRADE
NSW1,2012/4/20 3:30,6385.98,30.13,TRADE
NSW1,2012/4/20 4:00,6323.06,28.54,TRADE
NSW1,2012/4/20 4:30,6329.72,27.52,TRADE
NSW1,2012/4/20 5:00,6432.49,29.46,TRADE
NSW1,2012/4/20 5:30,6658.29,31.26,TRADE
NSW1,2012/4/20 6:00,6906.58,30.82,TRADE
NSW1,2012/4/20 6:30,7418.78,33.87,TRADE
NSW1,2012/4/20 7:00,7789.5,33.82,TRADE
NSW1,2012/4/20 7:30,8034.96,29.49,TRADE
NSW1,2012/4/20 8:00,8461.42,37.06,TRADE
NSW1,2012/4/20 8:30,8775.25,40.88,TRADE
NSW1,2012/4/20 9:00,8960.38,43.01,TRADE
NSW1,2012/4/20 9:30,9103.8,40.99,TRADE
NSW1,2012/4/20 10:00,9179.11,41.08,TRADE
NSW1,2012/4/20 10:30,9295.48,45.55,TRADE
NSW1,2012/4/20 11:00,9321.44,49.42,TRADE
NSW1,2012/4/20 11:30,9293.58,38.05,TRADE
NSW1,2012/4/20 12:00,9319.76,42.44,TRADE
NSW1,2012/4/20 12:30,9347.08,61.57,TRADE
NSW1,2012/4/20 13:00,9258.7,37.86,TRADE
NSW1,2012/4/20 13:30,9340.21,39.34,TRADE
NSW1,2012/4/20 14:00,9319.01,51.71,TRADE
NSW1,2012/4/20 14:30,9324.09,49.94,TRADE
NSW1,2012/4/20 15:00,9279.89,58.91,TRADE
NSW1,2012/4/20 15:30,9275.91,47.78,TRADE
NSW1,2012/4/20 16:00,9268.23,43.97,TRADE
NSW1,2012/4/20 16:30,9290.83,52.01,TRADE
NSW1,2012/4/20 17:00,9282.45,48.3,TRADE
NSW1,2012/4/20 17:30,9338.22,46.46,TRADE
NSW1,2012/4/20 18:00,9571.94,53.78,TRADE
NSW1,2012/4/20 18:30,9600.49,54.45,TRADE
NSW1,2012/4/20 19:00,9352.13,47.98,TRADE
NSW1,2012/4/20 19:30,8991.35,54.25,TRADE
NSW1,2012/4/20 20:00,8776.61,71.89,TRADE
NSW1,2012/4/20 20:30,8630.5,60.87,TRADE
NSW1,2012/4/20 21:00,8468.41,43.35,TRADE
NSW1,2012/4/20 21:30,8356.65,47.12,TRADE
NSW1,2012/4/20 22:00,8186.12,36.45,TRADE
NSW1,2012/4/20 22:30,8359.61,80.51,TRADE
NSW1,2012/4/20 23:00,8185.48,61.56,TRADE
NSW1,2012/4/20 23:30,8213.31,69.39,TRADE
NSW1,2012/4/21 0:00,8150.58,54.31,TRADE
NSW1,2012/4/21 0:30,7934.85,50.39,TRADE
NSW1,2012/4/21 1:00,7657.03,40.54,TRADE
NSW1,2012/4/21 1:30,7472.79,36.76,TRADE
NSW1,2012/4/21 2:00,7227.02,31.41,TRADE
NSW1,2012/4/21 2:30,6914.75,36.17,TRADE
NSW1,2012/4/21 3:00,6651.63,32.13,TRADE
NSW1,2012/4/21 3:30,6460.98,29.33,TRADE
NSW1,2012/4/21 4:00,6376.41,29.98,TRADE
NSW1,2012/4/21 4:30,6335.04,29.59,TRADE
NSW1,2012/4/21 5:00,6317.81,30.37,TRADE
NSW1,2012/4/21 5:30,6396.48,31.69,TRADE
NSW1,2012/4/21 6:00,6527.56,32.22,TRADE
NSW1,2012/4/21 6:30,6698.11,31.1,TRADE
NSW1,2012/4/21 7:00,6902.43,33.38,TRADE
NSW1,2012/4/21 7:30,7141.57,31.1,TRADE
NSW1,2012/4/21 8:00,7535.75,34.39,TRADE
NSW1,2012/4/21 8:30,7904.72,35.63,TRADE
NSW1,2012/4/21 9:00,8206.99,41.96,TRADE
NSW1,2012/4/21 9:30,8425.48,43.87,TRADE
NSW1,2012/4/21 10:00,8502.58,39.16,TRADE
NSW1,2012/4/21 10:30,8567.93,38.91,TRADE
NSW1,2012/4/21 11:00,8533.3,39.55,TRADE
NSW1,2012/4/21 11:30,8456.69,38.01,TRADE
NSW1,2012/4/21 12:00,8432.15,36.98,TRADE
NSW1,2012/4/21 12:30,8410.89,36.04,TRADE
NSW1,2012/4/21 13:00,8320.59,36.62,TRADE
NSW1,2012/4/21 13:30,8262.54,38.41,TRADE
NSW1,2012/4/21 14:00,8185.7,37.48,TRADE
NSW1,2012/4/21 14:30,8161.04,37.01,TRADE
NSW1,2012/4/21 15:00,8160.43,38.66,TRADE
NSW1,2012/4/21 15:30,8117.99,38.73,TRADE
NSW1,2012/4/21 16:00,8143.06,36.54,TRADE
NSW1,2012/4/21 16:30,8184.69,34.24,TRADE
NSW1,2012/4/21 17:00,8300.81,34.39,TRADE
NSW1,2012/4/21 17:30,8389.54,34.29,TRADE
NSW1,2012/4/21 18:00,8758.91,41.44,TRADE
NSW1,2012/4/21 18:30,8840.16,44.02,TRADE
NSW1,2012/4/21 19:00,8679.12,35.63,TRADE
NSW1,2012/4/21 19:30,8370.32,31.43,TRADE
NSW1,2012/4/21 20:00,8132.28,31.59,TRADE
NSW1,2012/4/21 20:30,8055.8,31.54,TRADE
NSW1,2012/4/21 21:00,7923.13,30.4,TRADE
NSW1,2012/4/21 21:30,7765.78,30.86,TRADE
NSW1,2012/4/21 22:00,7697.95,31.14,TRADE
NSW1,2012/4/21 22:30,7768.97,41.42,TRADE
NSW1,2012/4/21 23:00,7660.36,34.15,TRADE
NSW1,2012/4/21 23:30,7609.3,34.94,TRADE
NSW1,2012/4/22 0:00,7437.68,30.53,TRADE
NSW1,2012/4/22 0:30,7262.73,29.59,TRADE
NSW1,2012/4/22 1:00,7004.07,26.84,TRADE
NSW1,2012/4/22 1:30,6850.86,27.27,TRADE
NSW1,2012/4/22 2:00,6661.02,25.74,TRADE
NSW1,2012/4/22 2:30,6364.46,25.07,TRADE
NSW1,2012/4/22 3:00,6200.54,24.92,TRADE
NSW1,2012/4/22 3:30,6088.07,25.02,TRADE
NSW1,2012/4/22 4:00,6023.93,25.09,TRADE
NSW1,2012/4/22 4:30,5982.11,24.97,TRADE
NSW1,2012/4/22 5:00,6002.8,25.11,TRADE
NSW1,2012/4/22 5:30,6091.19,25.11,TRADE
NSW1,2012/4/22 6:00,6157.61,24.95,TRADE
NSW1,2012/4/22 6:30,6231.37,25.14,TRADE
NSW1,2012/4/22 7:00,6341.05,25.42,TRADE
NSW1,2012/4/22 7:30,6528.76,25,TRADE
NSW1,2012/4/22 8:00,6914.65,26.38,TRADE
NSW1,2012/4/22 8:30,7257.3,27.47,TRADE
NSW1,2012/4/22 9:00,7444.09,27.47,TRADE
NSW1,2012/4/22 9:30,7728.06,28.96,TRADE
NSW1,2012/4/22 10:00,7843.14,29.55,TRADE
NSW1,2012/4/22 10:30,7990.34,30.2,TRADE
NSW1,2012/4/22 11:00,8011.99,29.81,TRADE
NSW1,2012/4/22 11:30,8019.6,30.23,TRADE
NSW1,2012/4/22 12:00,8007.8,30.23,TRADE
NSW1,2012/4/22 12:30,8033.35,28.71,TRADE
NSW1,2012/4/22 13:00,7982.1,28.15,TRADE
NSW1,2012/4/22 13:30,7953.68,29.28,TRADE
NSW1,2012/4/22 14:00,7970.74,30.13,TRADE
NSW1,2012/4/22 14:30,7956.05,30.23,TRADE
NSW1,2012/4/22 15:00,7980.15,29.67,TRADE
NSW1,2012/4/22 15:30,8031.29,30.44,TRADE
NSW1,2012/4/22 16:00,8119.66,31.63,TRADE
NSW1,2012/4/22 16:30,8221.6,31.83,TRADE
NSW1,2012/4/22 17:00,8274.44,31.63,TRADE
NSW1,2012/4/22 17:30,8481.32,32.89,TRADE
NSW1,2012/4/22 18:00,8912.53,42.17,TRADE
NSW1,2012/4/22 18:30,9001.32,42.18,TRADE
NSW1,2012/4/22 19:00,8783.66,36.88,TRADE
NSW1,2012/4/22 19:30,8558.01,33.42,TRADE
NSW1,2012/4/22 20:00,8271.82,31.09,TRADE
NSW1,2012/4/22 20:30,8103.54,31.35,TRADE
NSW1,2012/4/22 21:00,8016.08,30.97,TRADE
NSW1,2012/4/22 21:30,7807.06,31.33,TRADE
NSW1,2012/4/22 22:00,7677.03,30.24,TRADE
NSW1,2012/4/22 22:30,7688.37,33.9,TRADE
NSW1,2012/4/22 23:00,7559.51,30.6,TRADE
NSW1,2012/4/22 23:30,7549.71,31.78,TRADE
NSW1,2012/4/23 0:00,7361.12,29.13,TRADE
NSW1,2012/4/23 0:30,7118.76,26.11,TRADE
NSW1,2012/4/23 1:00,6906.53,25.09,TRADE
NSW1,2012/4/23 1:30,6805.2,26.45,TRADE
NSW1,2012/4/23 2:00,6637.18,25.4,TRADE
NSW1,2012/4/23 2:30,6375.94,25.87,TRADE
NSW1,2012/4/23 3:00,6203.7,25.13,TRADE
NSW1,2012/4/23 3:30,6076.72,24.8,TRADE
NSW1,2012/4/23 4:00,6122.82,25.05,TRADE
NSW1,2012/4/23 4:30,6160.45,25.07,TRADE
NSW1,2012/4/23 5:00,6272.62,25.63,TRADE
NSW1,2012/4/23 5:30,6499.16,26.36,TRADE
NSW1,2012/4/23 6:00,6821.19,27.54,TRADE
NSW1,2012/4/23 6:30,7456.39,32.59,TRADE
NSW1,2012/4/23 7:00,7974,37.59,TRADE
NSW1,2012/4/23 7:30,8304.93,35.89,TRADE
NSW1,2012/4/23 8:00,8694.78,46.04,TRADE
NSW1,2012/4/23 8:30,8978.39,42.59,TRADE
NSW1,2012/4/23 9:00,9139.47,40.94,TRADE
NSW1,2012/4/23 9:30,9341.59,48.28,TRADE
NSW1,2012/4/23 10:00,9442.09,43.11,TRADE
NSW1,2012/4/23 10:30,9440.48,41.28,TRADE
NSW1,2012/4/23 11:00,9459.04,38.83,TRADE
NSW1,2012/4/23 11:30,9374.84,37.62,TRADE
NSW1,2012/4/23 12:00,9364.49,38.63,TRADE
NSW1,2012/4/23 12:30,9343.04,39.03,TRADE
NSW1,2012/4/23 13:00,9322.09,37.67,TRADE
NSW1,2012/4/23 13:30,9296.46,39.58,TRADE
NSW1,2012/4/23 14:00,9248.18,41.96,TRADE
NSW1,2012/4/23 14:30,9219.33,43.07,TRADE
NSW1,2012/4/23 15:00,9230.63,43.46,TRADE
NSW1,2012/4/23 15:30,9213.67,41.2,TRADE
NSW1,2012/4/23 16:00,9180.32,35.13,TRADE
NSW1,2012/4/23 16:30,9188.68,34.11,TRADE
NSW1,2012/4/23 17:00,9354.68,36.2,TRADE
NSW1,2012/4/23 17:30,9492.31,35.76,TRADE
NSW1,2012/4/23 18:00,9933.61,49.27,TRADE
NSW1,2012/4/23 18:30,9955.21,58.36,TRADE
NSW1,2012/4/23 19:00,9774.61,45.28,TRADE
NSW1,2012/4/23 19:30,9403.1,33.11,TRADE
NSW1,2012/4/23 20:00,9142.42,34.28,TRADE
NSW1,2012/4/23 20:30,8954.37,37.33,TRADE
NSW1,2012/4/23 21:00,8765.94,39.35,TRADE
NSW1,2012/4/23 21:30,8582.23,42,TRADE
NSW1,2012/4/23 22:00,8353.65,38.88,TRADE
NSW1,2012/4/23 22:30,8427.62,47.22,TRADE
NSW1,2012/4/23 23:00,8233.52,43.55,TRADE
NSW1,2012/4/23 23:30,8130.49,44.26,TRADE
NSW1,2012/4/24 0:00,8004.91,42.49,TRADE
NSW1,2012/4/24 0:30,7818.64,38.49,TRADE
NSW1,2012/4/24 1:00,7664.91,35.62,TRADE
NSW1,2012/4/24 1:30,7418.61,35.26,TRADE
NSW1,2012/4/24 2:00,7218.4,31.59,TRADE
NSW1,2012/4/24 2:30,6892.08,28.16,TRADE
NSW1,2012/4/24 3:00,6592.11,25.58,TRADE
NSW1,2012/4/24 3:30,6391.47,28.24,TRADE
NSW1,2012/4/24 4:00,6347.28,27.44,TRADE
NSW1,2012/4/24 4:30,6416.81,28.36,TRADE
NSW1,2012/4/24 5:00,6532.54,29.35,TRADE
NSW1,2012/4/24 5:30,6780.7,30.23,TRADE
NSW1,2012/4/24 6:00,7088.72,33.95,TRADE
NSW1,2012/4/24 6:30,7731.09,42.23,TRADE
NSW1,2012/4/24 7:00,8170.79,51.01,TRADE
NSW1,2012/4/24 7:30,8545.64,38.2,TRADE
NSW1,2012/4/24 8:00,8840.37,45.72,TRADE
NSW1,2012/4/24 8:30,8986.8,43.95,TRADE
NSW1,2012/4/24 9:00,8989.57,41.95,TRADE
NSW1,2012/4/24 9:30,9120.4,45.01,TRADE
NSW1,2012/4/24 10:00,9153.46,40.36,TRADE
NSW1,2012/4/24 10:30,9189.77,40.47,TRADE
NSW1,2012/4/24 11:00,9210.73,43.18,TRADE
NSW1,2012/4/24 11:30,9199.01,41.92,TRADE
NSW1,2012/4/24 12:00,9166.68,40.11,TRADE
NSW1,2012/4/24 12:30,9139.47,45.31,TRADE
NSW1,2012/4/24 13:00,9194.61,47.87,TRADE
NSW1,2012/4/24 13:30,9143.54,43.49,TRADE
NSW1,2012/4/24 14:00,9085.18,40.33,TRADE
NSW1,2012/4/24 14:30,8983.17,38.7,TRADE
NSW1,2012/4/24 15:00,8938.05,36.77,TRADE
NSW1,2012/4/24 15:30,8910.11,33.81,TRADE
NSW1,2012/4/24 16:00,8962.49,33.75,TRADE
NSW1,2012/4/24 16:30,8932.4,32.22,TRADE
NSW1,2012/4/24 17:00,9057.4,33.58,TRADE
NSW1,2012/4/24 17:30,9202.62,34.54,TRADE
NSW1,2012/4/24 18:00,9653.15,42.79,TRADE
NSW1,2012/4/24 18:30,9730.71,40.81,TRADE
NSW1,2012/4/24 19:00,9624.7,37.2,TRADE
NSW1,2012/4/24 19:30,9334.75,32.56,TRADE
NSW1,2012/4/24 20:00,9070.72,31.52,TRADE
NSW1,2012/4/24 20:30,8872.1,35.53,TRADE
NSW1,2012/4/24 21:00,8696.62,35.06,TRADE
NSW1,2012/4/24 21:30,8545.55,35.91,TRADE
NSW1,2012/4/24 22:00,8359.06,34.96,TRADE
NSW1,2012/4/24 22:30,8445.61,56.07,TRADE
NSW1,2012/4/24 23:00,8294.31,46.42,TRADE
NSW1,2012/4/24 23:30,8234.19,50.41,TRADE
NSW1,2012/4/25 0:00,8088.62,43.36,TRADE
NSW1,2012/4/25 0:30,7910.37,36.57,TRADE
NSW1,2012/4/25 1:00,7684.75,35.58,TRADE
NSW1,2012/4/25 1:30,7433.91,34.86,TRADE
NSW1,2012/4/25 2:00,7167.45,30.42,TRADE
NSW1,2012/4/25 2:30,6816.8,29.77,TRADE
NSW1,2012/4/25 3:00,6557.08,31.55,TRADE
NSW1,2012/4/25 3:30,6320.56,27.56,TRADE
NSW1,2012/4/25 4:00,6186.31,25.81,TRADE
NSW1,2012/4/25 4:30,6166.16,26.37,TRADE
NSW1,2012/4/25 5:00,6189.37,27.49,TRADE
NSW1,2012/4/25 5:30,6308.19,26.77,TRADE
NSW1,2012/4/25 6:00,6349.61,26.76,TRADE
NSW1,2012/4/25 6:30,6527.6,28.25,TRADE
NSW1,2012/4/25 7:00,6627.74,26.62,TRADE
NSW1,2012/4/25 7:30,6785.89,26.92,TRADE
NSW1,2012/4/25 8:00,7061.89,29.19,TRADE
NSW1,2012/4/25 8:30,7335.47,30.15,TRADE
NSW1,2012/4/25 9:00,7531.89,30.96,TRADE
NSW1,2012/4/25 9:30,7725.9,31.33,TRADE
NSW1,2012/4/25 10:00,7856.7,31.3,TRADE
NSW1,2012/4/25 10:30,7891.69,31.09,TRADE
NSW1,2012/4/25 11:00,7854.3,31.85,TRADE
NSW1,2012/4/25 11:30,7800.99,31.62,TRADE
NSW1,2012/4/25 12:00,7747.56,32.18,TRADE
NSW1,2012/4/25 12:30,7747.53,31.88,TRADE
NSW1,2012/4/25 13:00,7710.05,30.7,TRADE
NSW1,2012/4/25 13:30,7642.75,31.3,TRADE
NSW1,2012/4/25 14:00,7537.71,30.81,TRADE
NSW1,2012/4/25 14:30,7496.17,30.18,TRADE
NSW1,2012/4/25 15:00,7468.8,30.22,TRADE
NSW1,2012/4/25 15:30,7498,30.2,TRADE
NSW1,2012/4/25 16:00,7585.7,30.24,TRADE
NSW1,2012/4/25 16:30,7694.18,30.23,TRADE
NSW1,2012/4/25 17:00,7912.94,32.2,TRADE
NSW1,2012/4/25 17:30,8247.25,36.15,TRADE
NSW1,2012/4/25 18:00,8804.1,63.72,TRADE
NSW1,2012/4/25 18:30,9033.08,61.44,TRADE
NSW1,2012/4/25 19:00,8966.48,42.28,TRADE
NSW1,2012/4/25 19:30,8727.11,34.9,TRADE
NSW1,2012/4/25 20:00,8510.35,33.05,TRADE
NSW1,2012/4/25 20:30,8347.08,33.59,TRADE
NSW1,2012/4/25 21:00,8193.38,33.66,TRADE
NSW1,2012/4/25 21:30,8028.37,35.06,TRADE
NSW1,2012/4/25 22:00,7837.15,34.52,TRADE
NSW1,2012/4/25 22:30,7864.62,35.61,TRADE
NSW1,2012/4/25 23:00,7726.7,35.58,TRADE
NSW1,2012/4/25 23:30,7732.27,36.26,TRADE
NSW1,2012/4/26 0:00,7652.41,35.28,TRADE
NSW1,2012/4/26 0:30,7561.89,34.34,TRADE
NSW1,2012/4/26 1:00,7381.62,30.74,TRADE
NSW1,2012/4/26 1:30,7204.92,30.64,TRADE
NSW1,2012/4/26 2:00,6993.06,28.57,TRADE
NSW1,2012/4/26 2:30,6679.84,25.98,TRADE
NSW1,2012/4/26 3:00,6397.23,25.18,TRADE
NSW1,2012/4/26 3:30,6244.56,29.85,TRADE
NSW1,2012/4/26 4:00,6174.31,26.37,TRADE
NSW1,2012/4/26 4:30,5857.97,24.14,TRADE
NSW1,2012/4/26 5:00,5984.39,25.44,TRADE
NSW1,2012/4/26 5:30,6599.3,31.28,TRADE
NSW1,2012/4/26 6:00,6978.41,27.5,TRADE
NSW1,2012/4/26 6:30,7646.34,30.68,TRADE
NSW1,2012/4/26 7:00,8222.87,36.31,TRADE
NSW1,2012/4/26 7:30,8573.42,33.4,TRADE
NSW1,2012/4/26 8:00,8928.51,36.48,TRADE
NSW1,2012/4/26 8:30,8987.07,31.77,TRADE
NSW1,2012/4/26 9:00,8948.66,31.43,TRADE
NSW1,2012/4/26 9:30,8999.39,32.04,TRADE
NSW1,2012/4/26 10:00,9026.1,33.09,TRADE
NSW1,2012/4/26 10:30,9008.9,31.21,TRADE
NSW1,2012/4/26 11:00,8977.47,31.11,TRADE
NSW1,2012/4/26 11:30,8893.39,31.43,TRADE
NSW1,2012/4/26 12:00,8867.83,31.83,TRADE
NSW1,2012/4/26 12:30,8840.12,31.46,TRADE
NSW1,2012/4/26 13:00,8800.54,31.64,TRADE
NSW1,2012/4/26 13:30,8787.82,31.47,TRADE
NSW1,2012/4/26 14:00,8792.11,31.47,TRADE
NSW1,2012/4/26 14:30,8790.58,31.56,TRADE
NSW1,2012/4/26 15:00,8734.71,31.51,TRADE
NSW1,2012/4/26 15:30,8692.58,31.39,TRADE
NSW1,2012/4/26 16:00,8734.09,31.7,TRADE
NSW1,2012/4/26 16:30,8807.84,31.44,TRADE
NSW1,2012/4/26 17:00,8957.42,31.29,TRADE
NSW1,2012/4/26 17:30,9238.61,33.84,TRADE
NSW1,2012/4/26 18:00,9789.25,40.52,TRADE
NSW1,2012/4/26 18:30,9888.86,43.76,TRADE
NSW1,2012/4/26 19:00,9763.2,39.75,TRADE
NSW1,2012/4/26 19:30,9528.6,35.54,TRADE
NSW1,2012/4/26 20:00,9304.91,36.42,TRADE
NSW1,2012/4/26 20:30,9162.78,33.33,TRADE
NSW1,2012/4/26 21:00,8957.85,34.25,TRADE
NSW1,2012/4/26 21:30,8649.48,31.64,TRADE
NSW1,2012/4/26 22:00,8399.3,30.36,TRADE
NSW1,2012/4/26 22:30,8463.34,34.43,TRADE
NSW1,2012/4/26 23:00,8277.56,32.68,TRADE
NSW1,2012/4/26 23:30,8250.1,35.01,TRADE
NSW1,2012/4/27 0:00,8149.45,34.86,TRADE
NSW1,2012/4/27 0:30,7928.78,33.26,TRADE
NSW1,2012/4/27 1:00,7717.89,33.22,TRADE
NSW1,2012/4/27 1:30,7555.47,32.93,TRADE
NSW1,2012/4/27 2:00,7333.83,34.34,TRADE
NSW1,2012/4/27 2:30,7027.48,29.68,TRADE
NSW1,2012/4/27 3:00,6728.36,29.15,TRADE
NSW1,2012/4/27 3:30,6551.37,26.29,TRADE
NSW1,2012/4/27 4:00,6437.47,26.01,TRADE
NSW1,2012/4/27 4:30,6426.22,27.38,TRADE
NSW1,2012/4/27 5:00,6527.14,28.89,TRADE
NSW1,2012/4/27 5:30,6788.42,32.43,TRADE
NSW1,2012/4/27 6:00,7109.39,30.53,TRADE
NSW1,2012/4/27 6:30,7770.28,36.46,TRADE
NSW1,2012/4/27 7:00,8331.66,43.65,TRADE
NSW1,2012/4/27 7:30,8645.2,37.76,TRADE
NSW1,2012/4/27 8:00,9091.34,41.9,TRADE
NSW1,2012/4/27 8:30,9176.14,43.34,TRADE
NSW1,2012/4/27 9:00,9095.09,40.51,TRADE
NSW1,2012/4/27 9:30,9128.44,40.69,TRADE
NSW1,2012/4/27 10:00,9167.19,39.63,TRADE
NSW1,2012/4/27 10:30,9135.41,39.02,TRADE
NSW1,2012/4/27 11:00,8692.67,31.72,TRADE
NSW1,2012/4/27 11:30,8401.54,30.78,TRADE
NSW1,2012/4/27 12:00,8624.11,32.29,TRADE
NSW1,2012/4/27 12:30,8898.62,33.37,TRADE
NSW1,2012/4/27 13:00,8939.3,32.43,TRADE
NSW1,2012/4/27 13:30,8848.14,35.96,TRADE
NSW1,2012/4/27 14:00,8860.38,38.37,TRADE
NSW1,2012/4/27 14:30,8841.89,31.75,TRADE
NSW1,2012/4/27 15:00,8872.73,32.02,TRADE
NSW1,2012/4/27 15:30,8736.06,31.05,TRADE
NSW1,2012/4/27 16:00,8787.11,31.75,TRADE
NSW1,2012/4/27 16:30,8872.26,32.25,TRADE
NSW1,2012/4/27 17:00,8929.29,32.58,TRADE
NSW1,2012/4/27 17:30,9155.65,34.07,TRADE
NSW1,2012/4/27 18:00,9539.63,42.33,TRADE
NSW1,2012/4/27 18:30,9592.9,45.06,TRADE
NSW1,2012/4/27 19:00,9439.24,39.37,TRADE
NSW1,2012/4/27 19:30,9128.58,33.28,TRADE
NSW1,2012/4/27 20:00,8936,32.92,TRADE
NSW1,2012/4/27 20:30,8768.98,31.06,TRADE
NSW1,2012/4/27 21:00,8609.1,32.5,TRADE
NSW1,2012/4/27 21:30,8439.76,30.9,TRADE
NSW1,2012/4/27 22:00,8303.56,30.52,TRADE
NSW1,2012/4/27 22:30,8344.89,35.81,TRADE
NSW1,2012/4/27 23:00,8228.53,35.11,TRADE
NSW1,2012/4/27 23:30,8267.49,38.88,TRADE
NSW1,2012/4/28 0:00,8177.01,35.86,TRADE
NSW1,2012/4/28 0:30,7986.22,34.32,TRADE
NSW1,2012/4/28 1:00,7747.09,33.04,TRADE
NSW1,2012/4/28 1:30,7470.94,36.6,TRADE
NSW1,2012/4/28 2:00,7257.69,40.51,TRADE
NSW1,2012/4/28 2:30,6885.79,26.55,TRADE
NSW1,2012/4/28 3:00,6649.76,26.58,TRADE
NSW1,2012/4/28 3:30,6405.34,27.36,TRADE
NSW1,2012/4/28 4:00,6345.6,31.57,TRADE
NSW1,2012/4/28 4:30,6306.17,26.46,TRADE
NSW1,2012/4/28 5:00,6337.7,26.53,TRADE
NSW1,2012/4/28 5:30,6405.44,28.1,TRADE
NSW1,2012/4/28 6:00,6564.64,30.18,TRADE
NSW1,2012/4/28 6:30,6770.29,28.52,TRADE
NSW1,2012/4/28 7:00,7002.79,29.5,TRADE
NSW1,2012/4/28 7:30,7274.42,31.19,TRADE
NSW1,2012/4/28 8:00,7712.51,35.92,TRADE
NSW1,2012/4/28 8:30,8079.89,38.92,TRADE
NSW1,2012/4/28 9:00,8282.74,35.6,TRADE
NSW1,2012/4/28 9:30,8483.13,37.95,TRADE
NSW1,2012/4/28 10:00,8465.04,34.45,TRADE
NSW1,2012/4/28 10:30,8480.4,34.02,TRADE
NSW1,2012/4/28 11:00,8409.7,32.18,TRADE
NSW1,2012/4/28 11:30,8326.67,34.02,TRADE
NSW1,2012/4/28 12:00,8208.37,34.9,TRADE
NSW1,2012/4/28 12:30,8101.4,32.13,TRADE
NSW1,2012/4/28 13:00,8075.71,35.9,TRADE
NSW1,2012/4/28 13:30,8025.14,33.24,TRADE
NSW1,2012/4/28 14:00,7956.59,31.04,TRADE
NSW1,2012/4/28 14:30,7872.06,31.23,TRADE
NSW1,2012/4/28 15:00,7898.41,31.18,TRADE
NSW1,2012/4/28 15:30,7847.48,31.12,TRADE
NSW1,2012/4/28 16:00,7892.4,31.67,TRADE
NSW1,2012/4/28 16:30,7986.42,30.71,TRADE
NSW1,2012/4/28 17:00,8140.46,31.41,TRADE
NSW1,2012/4/28 17:30,8347.85,33.26,TRADE
NSW1,2012/4/28 18:00,8841,41.09,TRADE
NSW1,2012/4/28 18:30,8952.87,40.41,TRADE
NSW1,2012/4/28 19:00,8799.23,31.76,TRADE
NSW1,2012/4/28 19:30,8502.18,30.23,TRADE
NSW1,2012/4/28 20:00,8281.22,30.76,TRADE
NSW1,2012/4/28 20:30,8095.24,30.35,TRADE
NSW1,2012/4/28 21:00,7983.57,30.28,TRADE
NSW1,2012/4/28 21:30,7887.19,32.31,TRADE
NSW1,2012/4/28 22:00,7817.08,31.03,TRADE
NSW1,2012/4/28 22:30,7812.97,33.57,TRADE
NSW1,2012/4/28 23:00,7713.21,32.4,TRADE
NSW1,2012/4/28 23:30,7650.83,32.23,TRADE
NSW1,2012/4/29 0:00,7550.11,31.27,TRADE
NSW1,2012/4/29 0:30,7296.84,30.14,TRADE
NSW1,2012/4/29 1:00,7071.71,29.8,TRADE
NSW1,2012/4/29 1:30,6949.18,30.63,TRADE
NSW1,2012/4/29 2:00,6811.92,32.91,TRADE
NSW1,2012/4/29 2:30,6502.19,27.77,TRADE
NSW1,2012/4/29 3:00,6316.57,25.57,TRADE
NSW1,2012/4/29 3:30,6183.64,24.33,TRADE
NSW1,2012/4/29 4:00,6072.38,24.28,TRADE
NSW1,2012/4/29 4:30,6114.56,25.06,TRADE
NSW1,2012/4/29 5:00,6130.89,24.76,TRADE
NSW1,2012/4/29 5:30,6211.36,25.24,TRADE
NSW1,2012/4/29 6:00,6253.03,24.96,TRADE
NSW1,2012/4/29 6:30,6465.02,25.11,TRADE
NSW1,2012/4/29 7:00,6596.92,26.94,TRADE
NSW1,2012/4/29 7:30,6844.23,27.31,TRADE
NSW1,2012/4/29 8:00,7191.61,27.76,TRADE
NSW1,2012/4/29 8:30,7542.77,30.35,TRADE
NSW1,2012/4/29 9:00,7827.52,32.21,TRADE
NSW1,2012/4/29 9:30,7993.13,32.36,TRADE
NSW1,2012/4/29 10:00,8164.44,33,TRADE
NSW1,2012/4/29 10:30,8177.65,33.06,TRADE
NSW1,2012/4/29 11:00,8166.88,33.33,TRADE
NSW1,2012/4/29 11:30,8139.1,33.37,TRADE
NSW1,2012/4/29 12:00,8105.21,33.17,TRADE
NSW1,2012/4/29 12:30,8135.96,33.34,TRADE
NSW1,2012/4/29 13:00,8087.66,31.83,TRADE
NSW1,2012/4/29 13:30,8024.99,31.38,TRADE
NSW1,2012/4/29 14:00,7932.9,31.35,TRADE
NSW1,2012/4/29 14:30,7892.3,31.3,TRADE
NSW1,2012/4/29 15:00,7907.78,31.36,TRADE
NSW1,2012/4/29 15:30,7931.04,31.42,TRADE
NSW1,2012/4/29 16:00,8014.7,31.25,TRADE
NSW1,2012/4/29 16:30,8096.58,30.74,TRADE
NSW1,2012/4/29 17:00,8355.08,32.92,TRADE
NSW1,2012/4/29 17:30,8715.44,36,TRADE
NSW1,2012/4/29 18:00,9249.5,49.2,TRADE
NSW1,2012/4/29 18:30,9426.89,67.1,TRADE
NSW1,2012/4/29 19:00,9276.38,36.85,TRADE
NSW1,2012/4/29 19:30,9022,34.87,TRADE
NSW1,2012/4/29 20:00,8809.89,31.39,TRADE
NSW1,2012/4/29 20:30,8683.7,31.16,TRADE
NSW1,2012/4/29 21:00,8524.2,31.7,TRADE
NSW1,2012/4/29 21:30,8263.42,31.58,TRADE
NSW1,2012/4/29 22:00,8019.27,30.55,TRADE
NSW1,2012/4/29 22:30,7926.97,31.5,TRADE
NSW1,2012/4/29 23:00,7773.63,30.38,TRADE
NSW1,2012/4/29 23:30,7688.95,31.84,TRADE
NSW1,2012/4/30 0:00,7502.67,31.14,TRADE
NSW1,2012/4/30 0:30,7306.86,31.09,TRADE
NSW1,2012/4/30 1:00,7155.64,31.57,TRADE
NSW1,2012/4/30 1:30,7025,31.51,TRADE
NSW1,2012/4/30 2:00,6878.02,30.04,TRADE
NSW1,2012/4/30 2:30,6578.01,24.87,TRADE
NSW1,2012/4/30 3:00,6415.28,24.73,TRADE
NSW1,2012/4/30 3:30,6336.03,25.56,TRADE
NSW1,2012/4/30 4:00,6246.65,24.86,TRADE
NSW1,2012/4/30 4:30,6281.38,24.53,TRADE
NSW1,2012/4/30 5:00,6423.7,25.93,TRADE
NSW1,2012/4/30 5:30,6756.42,29,TRADE
NSW1,2012/4/30 6:00,7238.53,30.68,TRADE
NSW1,2012/4/30 6:30,7958.59,33.24,TRADE
NSW1,2012/4/30 7:00,8624.78,34.45,TRADE
NSW1,2012/4/30 7:30,8979.74,36.02,TRADE
NSW1,2012/4/30 8:00,9305.56,43.41,TRADE
NSW1,2012/4/30 8:30,9460.03,43.16,TRADE
NSW1,2012/4/30 9:00,9350.96,40.44,TRADE
NSW1,2012/4/30 9:30,9349.77,40.26,TRADE
NSW1,2012/4/30 10:00,9318.44,38.49,TRADE
NSW1,2012/4/30 10:30,9364.3,38.62,TRADE
NSW1,2012/4/30 11:00,9289.64,36.33,TRADE
NSW1,2012/4/30 11:30,9121.75,35.73,TRADE
NSW1,2012/4/30 12:00,9176.68,36.87,TRADE
NSW1,2012/4/30 12:30,9098.3,36.15,TRADE
NSW1,2012/4/30 13:00,9108.71,35.99,TRADE
NSW1,2012/4/30 13:30,9108.47,35.72,TRADE
NSW1,2012/4/30 14:00,9049.6,35.95,TRADE
NSW1,2012/4/30 14:30,9033.04,36.08,TRADE
NSW1,2012/4/30 15:00,8993.99,35.93,TRADE
NSW1,2012/4/30 15:30,8976.78,35.69,TRADE
NSW1,2012/4/30 16:00,8986.47,35.74,TRADE
NSW1,2012/4/30 16:30,9118.78,35.85,TRADE
NSW1,2012/4/30 17:00,9305.96,36.98,TRADE
NSW1,2012/4/30 17:30,9715.9,36.4,TRADE
NSW1,2012/4/30 18:00,10247.08,72.73,TRADE
NSW1,2012/4/30 18:30,10270.14,47.23,TRADE
NSW1,2012/4/30 19:00,10067.39,40.85,TRADE
NSW1,2012/4/30 19:30,9761.84,34.49,TRADE
NSW1,2012/4/30 20:00,9569.76,34.19,TRADE
NSW1,2012/4/30 20:30,9357.94,33.07,TRADE
NSW1,2012/4/30 21:00,9158.55,32.12,TRADE
NSW1,2012/4/30 21:30,8915.57,33.88,TRADE
NSW1,2012/4/30 22:00,8678.32,30.09,TRADE
NSW1,2012/4/30 22:30,8744.71,36.88,TRADE
NSW1,2012/4/30 23:00,8520.17,28.88,TRADE
NSW1,2012/4/30 23:30,8433.67,32.87,TRADE
NSW1,2012/5/1 0:00,8286.79,32.21,TRADE
?NSW1,2012/5/1 0:30,8063.97,31.96,TRADE
NSW1,2012/5/1 1:00,7861.87,31.67,TRADE
NSW1,2012/5/1 1:30,7709.98,34.63,TRADE
NSW1,2012/5/1 2:00,7492.83,30.29,TRADE
NSW1,2012/5/1 2:30,7121.91,29.95,TRADE
NSW1,2012/5/1 3:00,6822.65,26.48,TRADE
NSW1,2012/5/1 3:30,6657.22,24.45,TRADE
NSW1,2012/5/1 4:00,6600.51,26.22,TRADE
NSW1,2012/5/1 4:30,6584.28,24.93,TRADE
NSW1,2012/5/1 5:00,6691.53,28.07,TRADE
NSW1,2012/5/1 5:30,6883.79,30.04,TRADE
NSW1,2012/5/1 6:00,7327.06,28.74,TRADE
NSW1,2012/5/1 6:30,8033,31.32,TRADE
NSW1,2012/5/1 7:00,8672.14,36.55,TRADE
NSW1,2012/5/1 7:30,8964.77,30.44,TRADE
NSW1,2012/5/1 8:00,9273.56,35.06,TRADE
NSW1,2012/5/1 8:30,9244.4,33.96,TRADE
NSW1,2012/5/1 9:00,9177.07,31.98,TRADE
NSW1,2012/5/1 9:30,9165.94,32.02,TRADE
NSW1,2012/5/1 10:00,9123.44,31.94,TRADE
NSW1,2012/5/1 10:30,9128.95,35.07,TRADE
NSW1,2012/5/1 11:00,9099.63,36.13,TRADE
NSW1,2012/5/1 11:30,8989.92,34.98,TRADE
NSW1,2012/5/1 12:00,8949.64,33.33,TRADE
NSW1,2012/5/1 12:30,8905.63,35.22,TRADE
NSW1,2012/5/1 13:00,8901.28,37.67,TRADE
NSW1,2012/5/1 13:30,8887.79,35.88,TRADE
NSW1,2012/5/1 14:00,8922.59,35.09,TRADE
NSW1,2012/5/1 14:30,8954.63,35.02,TRADE
NSW1,2012/5/1 15:00,8925.93,35.6,TRADE
NSW1,2012/5/1 15:30,8938.49,36.86,TRADE
NSW1,2012/5/1 16:00,8994.95,35.85,TRADE
NSW1,2012/5/1 16:30,9072.08,32.6,TRADE
NSW1,2012/5/1 17:00,9122.26,31.69,TRADE
NSW1,2012/5/1 17:30,9485.29,35.27,TRADE
NSW1,2012/5/1 18:00,9974.33,47.45,TRADE
NSW1,2012/5/1 18:30,10012.7,44.65,TRADE
NSW1,2012/5/1 19:00,9865,39.63,TRADE
NSW1,2012/5/1 19:30,9643.94,33.77,TRADE
NSW1,2012/5/1 20:00,9399.23,31.24,TRADE
NSW1,2012/5/1 20:30,9178.24,31.71,TRADE
NSW1,2012/5/1 21:00,8992.02,34.57,TRADE
NSW1,2012/5/1 21:30,8799.85,36.35,TRADE
NSW1,2012/5/1 22:00,8539.99,31.28,TRADE
NSW1,2012/5/1 22:30,8654.49,40.1,TRADE
NSW1,2012/5/1 23:00,8454.75,35.41,TRADE
NSW1,2012/5/1 23:30,8350.06,40.36,TRADE
NSW1,2012/5/2 0:00,8224.06,37.86,TRADE
NSW1,2012/5/2 0:30,8015.84,31.59,TRADE
NSW1,2012/5/2 1:00,7816.42,31.44,TRADE
NSW1,2012/5/2 1:30,7621.41,32.67,TRADE
NSW1,2012/5/2 2:00,7403.92,31.82,TRADE
NSW1,2012/5/2 2:30,7064.45,28.17,TRADE
NSW1,2012/5/2 3:00,6763.26,25.46,TRADE
NSW1,2012/5/2 3:30,6585.68,24.44,TRADE
NSW1,2012/5/2 4:00,6475.99,24.4,TRADE
NSW1,2012/5/2 4:30,6506.52,24.66,TRADE
NSW1,2012/5/2 5:00,6569.61,25.18,TRADE
NSW1,2012/5/2 5:30,6836.41,28.17,TRADE
NSW1,2012/5/2 6:00,7230.71,29.8,TRADE
NSW1,2012/5/2 6:30,7934.05,31.44,TRADE
NSW1,2012/5/2 7:00,8547.95,31.96,TRADE
NSW1,2012/5/2 7:30,8853.67,28.94,TRADE
NSW1,2012/5/2 8:00,9129.64,30.7,TRADE
NSW1,2012/5/2 8:30,9225.17,30.98,TRADE
NSW1,2012/5/2 9:00,9124.64,30.48,TRADE
NSW1,2012/5/2 9:30,9141.13,30.09,TRADE
NSW1,2012/5/2 10:00,9128.23,29.97,TRADE
NSW1,2012/5/2 10:30,9188.33,30.32,TRADE
NSW1,2012/5/2 11:00,9171.78,29.96,TRADE
NSW1,2012/5/2 11:30,9084.03,30.3,TRADE
NSW1,2012/5/2 12:00,9076.4,30.45,TRADE
NSW1,2012/5/2 12:30,8956.36,30.86,TRADE
NSW1,2012/5/2 13:00,8987.82,30.52,TRADE
NSW1,2012/5/2 13:30,9000.02,31.67,TRADE
NSW1,2012/5/2 14:00,9027.33,31.32,TRADE
NSW1,2012/5/2 14:30,9025.11,30.82,TRADE
NSW1,2012/5/2 15:00,9019.15,30.83,TRADE
NSW1,2012/5/2 15:30,8998.44,30.16,TRADE
NSW1,2012/5/2 16:00,9079.76,31.21,TRADE
NSW1,2012/5/2 16:30,9129.12,30.78,TRADE
NSW1,2012/5/2 17:00,9287.07,30.46,TRADE
NSW1,2012/5/2 17:30,9643.45,32.7,TRADE
NSW1,2012/5/2 18:00,10069.05,40.54,TRADE
NSW1,2012/5/2 18:30,10014.27,43.41,TRADE
NSW1,2012/5/2 19:00,9786.44,33.76,TRADE
NSW1,2012/5/2 19:30,9480.87,30.86,TRADE
NSW1,2012/5/2 20:00,9233.67,31.14,TRADE
NSW1,2012/5/2 20:30,9024.59,31.42,TRADE
NSW1,2012/5/2 21:00,8859.86,30.46,TRADE
NSW1,2012/5/2 21:30,8669.47,31.82,TRADE
NSW1,2012/5/2 22:00,8434.41,31.78,TRADE
NSW1,2012/5/2 22:30,8470.62,39.76,TRADE
NSW1,2012/5/2 23:00,8316.66,33.05,TRADE
NSW1,2012/5/2 23:30,8223.34,35.19,TRADE
NSW1,2012/5/3 0:00,8066.43,32.06,TRADE
NSW1,2012/5/3 0:30,7891.43,31.68,TRADE
NSW1,2012/5/3 1:00,7666.32,31.6,TRADE
NSW1,2012/5/3 1:30,7493.14,31.71,TRADE
NSW1,2012/5/3 2:00,7236.87,31.51,TRADE
NSW1,2012/5/3 2:30,6893.47,31.38,TRADE
NSW1,2012/5/3 3:00,6617.71,26.14,TRADE
NSW1,2012/5/3 3:30,6415.1,25.27,TRADE
NSW1,2012/5/3 4:00,6357.55,25.14,TRADE
NSW1,2012/5/3 4:30,6334.47,26.49,TRADE
NSW1,2012/5/3 5:00,6471.8,28.7,TRADE
NSW1,2012/5/3 5:30,6768.03,30.79,TRADE
NSW1,2012/5/3 6:00,7079.58,30.72,TRADE
NSW1,2012/5/3 6:30,7701.68,32.03,TRADE
NSW1,2012/5/3 7:00,8288.43,31.77,TRADE
NSW1,2012/5/3 7:30,8577.16,31.03,TRADE
NSW1,2012/5/3 8:00,8944.82,31.94,TRADE
NSW1,2012/5/3 8:30,9060.66,32.22,TRADE
NSW1,2012/5/3 9:00,8997.41,31.94,TRADE
NSW1,2012/5/3 9:30,9114.8,31.94,TRADE
NSW1,2012/5/3 10:00,9115.15,31.68,TRADE
NSW1,2012/5/3 10:30,9113.51,32.52,TRADE
NSW1,2012/5/3 11:00,9106.23,33.07,TRADE
NSW1,2012/5/3 11:30,9043.14,33.01,TRADE
NSW1,2012/5/3 12:00,8991.6,32.06,TRADE
NSW1,2012/5/3 12:30,8962.09,31.88,TRADE
NSW1,2012/5/3 13:00,8923.03,31.94,TRADE
NSW1,2012/5/3 13:30,8897.87,31.96,TRADE
NSW1,2012/5/3 14:00,8917.4,31.94,TRADE
NSW1,2012/5/3 14:30,8881.11,31.94,TRADE
NSW1,2012/5/3 15:00,8821.21,31.94,TRADE
NSW1,2012/5/3 15:30,8788.49,31.94,TRADE
NSW1,2012/5/3 16:00,8836.49,31.94,TRADE
NSW1,2012/5/3 16:30,8877.93,31.81,TRADE
NSW1,2012/5/3 17:00,8936.46,31.94,TRADE
NSW1,2012/5/3 17:30,9262.7,32.94,TRADE
NSW1,2012/5/3 18:00,9894.38,44.34,TRADE
NSW1,2012/5/3 18:30,9919.73,44.05,TRADE
NSW1,2012/5/3 19:00,9757.16,38.42,TRADE
NSW1,2012/5/3 19:30,9532.12,33.46,TRADE
NSW1,2012/5/3 20:00,9365.36,31.75,TRADE
NSW1,2012/5/3 20:30,9166.53,31.94,TRADE
NSW1,2012/5/3 21:00,8978.8,32.24,TRADE
NSW1,2012/5/3 21:30,8668.07,31.94,TRADE
NSW1,2012/5/3 22:00,8438.73,31.52,TRADE
NSW1,2012/5/3 22:30,8561.67,39.42,TRADE
NSW1,2012/5/3 23:00,8380.92,32,TRADE
NSW1,2012/5/3 23:30,8290.49,34.1,TRADE
NSW1,2012/5/4 0:00,8208.67,34.39,TRADE
NSW1,2012/5/4 0:30,7963.57,31.52,TRADE
NSW1,2012/5/4 1:00,7762.13,31.48,TRADE
NSW1,2012/5/4 1:30,7415.74,31.85,TRADE
NSW1,2012/5/4 2:00,7022.68,31.51,TRADE
NSW1,2012/5/4 2:30,6665.46,29.16,TRADE
NSW1,2012/5/4 3:00,6745.45,28.74,TRADE
NSW1,2012/5/4 3:30,6548.26,26.41,TRADE
NSW1,2012/5/4 4:00,6440.62,25.88,TRADE
NSW1,2012/5/4 4:30,6428.62,26.31,TRADE
NSW1,2012/5/4 5:00,6567.84,28.91,TRADE
NSW1,2012/5/4 5:30,6904.97,30.95,TRADE
NSW1,2012/5/4 6:00,7253.99,30.78,TRADE
NSW1,2012/5/4 6:30,7978.9,31.92,TRADE
NSW1,2012/5/4 7:00,8599.29,31.94,TRADE
NSW1,2012/5/4 7:30,8863.45,30.95,TRADE
NSW1,2012/5/4 8:00,9246.22,32.43,TRADE
NSW1,2012/5/4 8:30,9314.16,32.69,TRADE
NSW1,2012/5/4 9:00,9210.88,31.7,TRADE
NSW1,2012/5/4 9:30,9213.96,32.02,TRADE
NSW1,2012/5/4 10:00,9173.91,31.72,TRADE
NSW1,2012/5/4 10:30,9138.35,31.58,TRADE
NSW1,2012/5/4 11:00,8994.06,31.49,TRADE
NSW1,2012/5/4 11:30,8944.92,31.62,TRADE
NSW1,2012/5/4 12:00,8915.94,31.41,TRADE
NSW1,2012/5/4 12:30,8876.21,30.49,TRADE
NSW1,2012/5/4 13:00,8795.67,30.85,TRADE
NSW1,2012/5/4 13:30,8783.51,30.39,TRADE
NSW1,2012/5/4 14:00,8787.5,30.57,TRADE
NSW1,2012/5/4 14:30,8781.27,30.36,TRADE
NSW1,2012/5/4 15:00,8753.55,30.05,TRADE
NSW1,2012/5/4 15:30,8703.21,30.02,TRADE
NSW1,2012/5/4 16:00,8754.07,30.14,TRADE
NSW1,2012/5/4 16:30,8806.61,30.27,TRADE
NSW1,2012/5/4 17:00,8984.56,31.36,TRADE
NSW1,2012/5/4 17:30,9309,33.72,TRADE
NSW1,2012/5/4 18:00,9790.99,33.72,TRADE
NSW1,2012/5/4 18:30,9779.28,31.94,TRADE
NSW1,2012/5/4 19:00,9558.57,30.54,TRADE
NSW1,2012/5/4 19:30,9324.12,30.07,TRADE
NSW1,2012/5/4 20:00,9160.4,29.95,TRADE
NSW1,2012/5/4 20:30,9003.74,29.39,TRADE
NSW1,2012/5/4 21:00,8833.83,29.99,TRADE
NSW1,2012/5/4 21:30,8663.09,30.05,TRADE
NSW1,2012/5/4 22:00,8504.15,29.93,TRADE
NSW1,2012/5/4 22:30,8616.49,31.93,TRADE
NSW1,2012/5/4 23:00,8482.71,31.94,TRADE
NSW1,2012/5/4 23:30,8468.16,35.07,TRADE
NSW1,2012/5/5 0:00,8397.48,33.34,TRADE
NSW1,2012/5/5 0:30,8191.2,33.65,TRADE
NSW1,2012/5/5 1:00,7953.95,31.82,TRADE
NSW1,2012/5/5 1:30,7723.88,31.93,TRADE
NSW1,2012/5/5 2:00,7372.41,31.65,TRADE
NSW1,2012/5/5 2:30,6988.59,29.75,TRADE
NSW1,2012/5/5 3:00,6773.68,27.64,TRADE
NSW1,2012/5/5 3:30,6603.33,27.35,TRADE
NSW1,2012/5/5 4:00,6473.4,25.91,TRADE
NSW1,2012/5/5 4:30,6425.82,26.24,TRADE
NSW1,2012/5/5 5:00,6470.26,26.37,TRADE
NSW1,2012/5/5 5:30,6576.75,28.22,TRADE
NSW1,2012/5/5 6:00,6740.02,27.46,TRADE
NSW1,2012/5/5 6:30,7012.18,28.24,TRADE
NSW1,2012/5/5 7:00,7306.42,28.48,TRADE
NSW1,2012/5/5 7:30,7680.2,29.9,TRADE
NSW1,2012/5/5 8:00,8080.2,30.83,TRADE
NSW1,2012/5/5 8:30,8387.36,30.81,TRADE
NSW1,2012/5/5 9:00,8607.78,30.82,TRADE
NSW1,2012/5/5 9:30,8748.62,30.8,TRADE
NSW1,2012/5/5 10:00,8650.18,30.54,TRADE
NSW1,2012/5/5 10:30,8606.52,30.55,TRADE
NSW1,2012/5/5 11:00,8449.94,30.55,TRADE
NSW1,2012/5/5 11:30,8347.45,30.55,TRADE
NSW1,2012/5/5 12:00,8255.91,30.78,TRADE
NSW1,2012/5/5 12:30,8170.23,30.55,TRADE
NSW1,2012/5/5 13:00,8153.19,30.54,TRADE
NSW1,2012/5/5 13:30,8068.11,30.41,TRADE
NSW1,2012/5/5 14:00,8011.22,30.53,TRADE
NSW1,2012/5/5 14:30,7973.08,30.46,TRADE
NSW1,2012/5/5 15:00,7926.3,30.39,TRADE
NSW1,2012/5/5 15:30,7963.51,30.78,TRADE
NSW1,2012/5/5 16:00,8037.88,30.77,TRADE
NSW1,2012/5/5 16:30,8138.34,30.93,TRADE
NSW1,2012/5/5 17:00,8326.6,30.63,TRADE
NSW1,2012/5/5 17:30,8651.01,32.38,TRADE
NSW1,2012/5/5 18:00,9184.91,37.72,TRADE
NSW1,2012/5/5 18:30,9283.14,32.5,TRADE
NSW1,2012/5/5 19:00,9050.42,30.52,TRADE
NSW1,2012/5/5 19:30,8809.78,30.54,TRADE
NSW1,2012/5/5 20:00,8622.72,30.5,TRADE
NSW1,2012/5/5 20:30,8484,30.77,TRADE
NSW1,2012/5/5 21:00,8391.97,30.55,TRADE
NSW1,2012/5/5 21:30,8291.68,33.89,TRADE
NSW1,2012/5/5 22:00,8154.17,30.58,TRADE
NSW1,2012/5/5 22:30,8203.55,33.71,TRADE
NSW1,2012/5/5 23:00,8099.03,31.71,TRADE
NSW1,2012/5/5 23:30,8024.29,32.25,TRADE
NSW1,2012/5/6 0:00,7875.51,31.06,TRADE
NSW1,2012/5/6 0:30,7604.69,31.51,TRADE
NSW1,2012/5/6 1:00,7416.99,31.51,TRADE
NSW1,2012/5/6 1:30,7218,30.65,TRADE
NSW1,2012/5/6 2:00,7006.78,28.59,TRADE
NSW1,2012/5/6 2:30,6698.49,25.71,TRADE
NSW1,2012/5/6 3:00,6475.92,25.33,TRADE
NSW1,2012/5/6 3:30,6343.88,23.84,TRADE
NSW1,2012/5/6 4:00,6241.45,22.72,TRADE
NSW1,2012/5/6 4:30,6251.34,23.09,TRADE
NSW1,2012/5/6 5:00,6222.71,21.42,TRADE
NSW1,2012/5/6 5:30,6327.95,23.36,TRADE
NSW1,2012/5/6 6:00,6441.24,23.21,TRADE
NSW1,2012/5/6 6:30,6631.9,24.84,TRADE
NSW1,2012/5/6 7:00,6816.35,25.57,TRADE
NSW1,2012/5/6 7:30,7092.2,26.31,TRADE
NSW1,2012/5/6 8:00,7491.99,27.99,TRADE
NSW1,2012/5/6 8:30,7880.16,28.87,TRADE
NSW1,2012/5/6 9:00,8155.16,29.97,TRADE
NSW1,2012/5/6 9:30,8245.85,29.66,TRADE
NSW1,2012/5/6 10:00,8338.08,29.76,TRADE
NSW1,2012/5/6 10:30,8325.16,30.29,TRADE
NSW1,2012/5/6 11:00,8233.94,29.88,TRADE
NSW1,2012/5/6 11:30,8133.69,29.04,TRADE
NSW1,2012/5/6 12:00,8025.29,28.12,TRADE
NSW1,2012/5/6 12:30,7919.57,27.64,TRADE
NSW1,2012/5/6 13:00,7855.93,27.58,TRADE
NSW1,2012/5/6 13:30,7783.16,27.78,TRADE
NSW1,2012/5/6 14:00,7686.3,27.7,TRADE
NSW1,2012/5/6 14:30,7668.21,27.7,TRADE
NSW1,2012/5/6 15:00,7646.45,27.67,TRADE
NSW1,2012/5/6 15:30,7702.78,27.7,TRADE
NSW1,2012/5/6 16:00,7827.88,27.65,TRADE
NSW1,2012/5/6 16:30,8018.51,28.45,TRADE
NSW1,2012/5/6 17:00,8288.76,30.82,TRADE
NSW1,2012/5/6 17:30,8686.77,32.34,TRADE
NSW1,2012/5/6 18:00,9434.68,37.59,TRADE
NSW1,2012/5/6 18:30,9556.21,33.61,TRADE
NSW1,2012/5/6 19:00,9411.52,31.16,TRADE
NSW1,2012/5/6 19:30,9143.23,30.53,TRADE
NSW1,2012/5/6 20:00,8980.63,30.51,TRADE
NSW1,2012/5/6 20:30,8891.9,31.25,TRADE
NSW1,2012/5/6 21:00,8780.65,30.87,TRADE
NSW1,2012/5/6 21:30,8545.64,31.72,TRADE
NSW1,2012/5/6 22:00,8277.11,30.36,TRADE
NSW1,2012/5/6 22:30,8221.37,30.6,TRADE
NSW1,2012/5/6 23:00,7971.7,29.76,TRADE
NSW1,2012/5/6 23:30,7908.1,29.69,TRADE
NSW1,2012/5/7 0:00,7744.13,30.79,TRADE
NSW1,2012/5/7 0:30,7520.59,30.45,TRADE
NSW1,2012/5/7 1:00,7300.07,26.06,TRADE
NSW1,2012/5/7 1:30,7181.64,27.68,TRADE
NSW1,2012/5/7 2:00,7026.76,24.87,TRADE
NSW1,2012/5/7 2:30,6720.61,22.65,TRADE
NSW1,2012/5/7 3:00,6537.41,22.87,TRADE
NSW1,2012/5/7 3:30,6449.71,20.72,TRADE
NSW1,2012/5/7 4:00,6386.51,17.97,TRADE
NSW1,2012/5/7 4:30,6434.39,21.34,TRADE
NSW1,2012/5/7 5:00,6532.09,20.9,TRADE
NSW1,2012/5/7 5:30,6868.23,25.2,TRADE
NSW1,2012/5/7 6:00,7299.97,27.06,TRADE
NSW1,2012/5/7 6:30,8076.38,29.48,TRADE
NSW1,2012/5/7 7:00,8760.81,30.77,TRADE
NSW1,2012/5/7 7:30,9226.88,29.65,TRADE
NSW1,2012/5/7 8:00,9652.13,31.59,TRADE
NSW1,2012/5/7 8:30,9782.64,33.6,TRADE
NSW1,2012/5/7 9:00,9704.9,31.49,TRADE
NSW1,2012/5/7 9:30,9757.19,31.53,TRADE
NSW1,2012/5/7 10:00,9761.24,31.2,TRADE
NSW1,2012/5/7 10:30,9664.48,30.62,TRADE
NSW1,2012/5/7 11:00,9586.26,30.55,TRADE
NSW1,2012/5/7 11:30,9518.78,30.55,TRADE
NSW1,2012/5/7 12:00,9470.06,30.47,TRADE
NSW1,2012/5/7 12:30,9388.35,30.29,TRADE
NSW1,2012/5/7 13:00,9284.3,30.13,TRADE
NSW1,2012/5/7 13:30,9216.36,30.02,TRADE
NSW1,2012/5/7 14:00,9152.34,29.8,TRADE
NSW1,2012/5/7 14:30,9107.73,29.91,TRADE
NSW1,2012/5/7 15:00,9073.59,29.82,TRADE
NSW1,2012/5/7 15:30,9035.39,29.88,TRADE
NSW1,2012/5/7 16:00,9175.31,30.01,TRADE
NSW1,2012/5/7 16:30,9327.74,29.18,TRADE
NSW1,2012/5/7 17:00,9523.56,29.03,TRADE
NSW1,2012/5/7 17:30,9994.91,31.41,TRADE
NSW1,2012/5/7 18:00,10667.84,35.28,TRADE
NSW1,2012/5/7 18:30,10698.38,34.21,TRADE
NSW1,2012/5/7 19:00,10537.08,31.59,TRADE
NSW1,2012/5/7 19:30,10245.81,30.14,TRADE
NSW1,2012/5/7 20:00,10003.28,29.92,TRADE
NSW1,2012/5/7 20:30,9784.63,27.72,TRADE
NSW1,2012/5/7 21:00,9578.16,27.74,TRADE
NSW1,2012/5/7 21:30,9262.5,28.33,TRADE
NSW1,2012/5/7 22:00,9045.86,28.4,TRADE
NSW1,2012/5/7 22:30,9077.13,31.85,TRADE
NSW1,2012/5/7 23:00,8753.8,31.15,TRADE
NSW1,2012/5/7 23:30,8630.76,31.16,TRADE
NSW1,2012/5/8 0:00,8485.52,30.88,TRADE
NSW1,2012/5/8 0:30,8241.94,30.33,TRADE
NSW1,2012/5/8 1:00,8017.1,30.31,TRADE
NSW1,2012/5/8 1:30,7801.77,30.3,TRADE
NSW1,2012/5/8 2:00,7584.19,28.42,TRADE
NSW1,2012/5/8 2:30,7226.54,25.38,TRADE
NSW1,2012/5/8 3:00,6944.82,24.74,TRADE
NSW1,2012/5/8 3:30,6768.55,24.87,TRADE
NSW1,2012/5/8 4:00,6664.71,23.81,TRADE
NSW1,2012/5/8 4:30,6628.56,23.74,TRADE
NSW1,2012/5/8 5:00,6765.21,25.82,TRADE
NSW1,2012/5/8 5:30,7042.44,26.94,TRADE
NSW1,2012/5/8 6:00,7442.41,27.38,TRADE
NSW1,2012/5/8 6:30,8244.81,30.18,TRADE
NSW1,2012/5/8 7:00,8951.73,30.41,TRADE
NSW1,2012/5/8 7:30,9304.51,28.07,TRADE
NSW1,2012/5/8 8:00,9628.34,29.35,TRADE
NSW1,2012/5/8 8:30,9633.95,28.54,TRADE
NSW1,2012/5/8 9:00,9468.88,27.17,TRADE
NSW1,2012/5/8 9:30,9395.98,27.18,TRADE
NSW1,2012/5/8 10:00,9279.63,27.1,TRADE
NSW1,2012/5/8 10:30,9181.15,26.92,TRADE
NSW1,2012/5/8 11:00,9102.32,27.11,TRADE
NSW1,2012/5/8 11:30,8992.6,27.46,TRADE
NSW1,2012/5/8 12:00,8916.22,27.04,TRADE
NSW1,2012/5/8 12:30,8848.81,27.54,TRADE
NSW1,2012/5/8 13:00,8797.71,26.71,TRADE
NSW1,2012/5/8 13:30,8727.98,26.68,TRADE
NSW1,2012/5/8 14:00,8718.42,26.63,TRADE
NSW1,2012/5/8 14:30,8712.9,27.49,TRADE
NSW1,2012/5/8 15:00,8695.87,26.95,TRADE
NSW1,2012/5/8 15:30,8706.8,26.99,TRADE
NSW1,2012/5/8 16:00,8786.04,26.93,TRADE
NSW1,2012/5/8 16:30,8872.56,28,TRADE
NSW1,2012/5/8 17:00,9061.26,31.01,TRADE
NSW1,2012/5/8 17:30,9470.49,33.85,TRADE
NSW1,2012/5/8 18:00,10148.45,39.49,TRADE
NSW1,2012/5/8 18:30,10140.92,31.8,TRADE
NSW1,2012/5/8 19:00,9960.18,29.79,TRADE
NSW1,2012/5/8 19:30,9778.3,29.72,TRADE
NSW1,2012/5/8 20:00,9543.67,27.8,TRADE
NSW1,2012/5/8 20:30,9400.35,27.28,TRADE
NSW1,2012/5/8 21:00,9189.69,26.62,TRADE
NSW1,2012/5/8 21:30,8937.49,26.78,TRADE
NSW1,2012/5/8 22:00,8689.44,26.85,TRADE
NSW1,2012/5/8 22:30,8746.51,29.6,TRADE
NSW1,2012/5/8 23:00,8445.94,29.09,TRADE
NSW1,2012/5/8 23:30,8343.9,31.12,TRADE
NSW1,2012/5/9 0:00,8232.98,29.59,TRADE
NSW1,2012/5/9 0:30,8048.92,28.35,TRADE
NSW1,2012/5/9 1:00,7795.87,27.34,TRADE
NSW1,2012/5/9 1:30,7612.81,27.68,TRADE
NSW1,2012/5/9 2:00,7383.69,26.24,TRADE
NSW1,2012/5/9 2:30,7085.38,24.34,TRADE
NSW1,2012/5/9 3:00,6816.03,22.33,TRADE
NSW1,2012/5/9 3:30,6641.98,22.44,TRADE
NSW1,2012/5/9 4:00,6544.5,22.66,TRADE
NSW1,2012/5/9 4:30,6550.22,22.69,TRADE
NSW1,2012/5/9 5:00,6684.86,22.66,TRADE
NSW1,2012/5/9 5:30,7008.84,24.11,TRADE
NSW1,2012/5/9 6:00,7403.48,26.63,TRADE
NSW1,2012/5/9 6:30,8156.72,29.21,TRADE
NSW1,2012/5/9 7:00,8833.51,30,TRADE
NSW1,2012/5/9 7:30,9249.98,29.16,TRADE
NSW1,2012/5/9 8:00,9494.56,30.68,TRADE
NSW1,2012/5/9 8:30,9468.54,29.12,TRADE
NSW1,2012/5/9 9:00,9262.8,29.76,TRADE
NSW1,2012/5/9 9:30,9204.98,30.08,TRADE
NSW1,2012/5/9 10:00,9186.3,29.17,TRADE
NSW1,2012/5/9 10:30,9166.58,29.09,TRADE
NSW1,2012/5/9 11:00,9085.4,28.2,TRADE
NSW1,2012/5/9 11:30,8947.02,27.7,TRADE
NSW1,2012/5/9 12:00,8938.4,27.66,TRADE
NSW1,2012/5/9 12:30,8865.72,27.54,TRADE
NSW1,2012/5/9 13:00,8850.25,27.68,TRADE
NSW1,2012/5/9 13:30,8847.88,27.96,TRADE
NSW1,2012/5/9 14:00,8845.12,27.77,TRADE
NSW1,2012/5/9 14:30,8863.92,27.66,TRADE
NSW1,2012/5/9 15:00,8887.79,27.47,TRADE
NSW1,2012/5/9 15:30,8903.58,27.63,TRADE
NSW1,2012/5/9 16:00,8958.28,27.65,TRADE
NSW1,2012/5/9 16:30,9037.98,27.27,TRADE
NSW1,2012/5/9 17:00,9149.42,27.58,TRADE
NSW1,2012/5/9 17:30,9499.5,28.77,TRADE
NSW1,2012/5/9 18:00,10029.34,32.3,TRADE
NSW1,2012/5/9 18:30,9950.14,31.41,TRADE
NSW1,2012/5/9 19:00,9771.5,30.29,TRADE
NSW1,2012/5/9 19:30,9548.78,29.34,TRADE
NSW1,2012/5/9 20:00,9289.66,28.03,TRADE
NSW1,2012/5/9 20:30,9127.93,27.03,TRADE
NSW1,2012/5/9 21:00,8989.41,27.76,TRADE
NSW1,2012/5/9 21:30,8747.33,28.62,TRADE
NSW1,2012/5/9 22:00,8520.52,26.39,TRADE
NSW1,2012/5/9 22:30,8558.18,30.33,TRADE
NSW1,2012/5/9 23:00,8312.36,30.01,TRADE
NSW1,2012/5/9 23:30,8242.96,30.61,TRADE
NSW1,2012/5/10 0:00,8164.89,30.34,TRADE
NSW1,2012/5/10 0:30,7998.68,28.86,TRADE
NSW1,2012/5/10 1:00,7814.04,27.82,TRADE
NSW1,2012/5/10 1:30,7668.99,31.93,TRADE
NSW1,2012/5/10 2:00,7445.43,31.34,TRADE
NSW1,2012/5/10 2:30,7103.58,27.37,TRADE
NSW1,2012/5/10 3:00,6820.99,23.34,TRADE
NSW1,2012/5/10 3:30,6646.51,22.7,TRADE
NSW1,2012/5/10 4:00,6541.14,22.66,TRADE
NSW1,2012/5/10 4:30,6535.05,22.49,TRADE
NSW1,2012/5/10 5:00,6641.4,22.6,TRADE
NSW1,2012/5/10 5:30,6942.91,24.15,TRADE
NSW1,2012/5/10 6:00,7348.7,27.75,TRADE
NSW1,2012/5/10 6:30,8022.53,28.25,TRADE
NSW1,2012/5/10 7:00,8625.02,30.25,TRADE
NSW1,2012/5/10 7:30,8956.66,29.72,TRADE
NSW1,2012/5/10 8:00,9268.4,31.94,TRADE
NSW1,2012/5/10 8:30,9245.74,29.8,TRADE
NSW1,2012/5/10 9:00,9167.95,30.99,TRADE
NSW1,2012/5/10 9:30,9155.01,30.96,TRADE
NSW1,2012/5/10 10:00,9148.03,30.46,TRADE
NSW1,2012/5/10 10:30,9165.33,30.75,TRADE
NSW1,2012/5/10 11:00,9105.73,28.87,TRADE
NSW1,2012/5/10 11:30,9112.86,29.44,TRADE
NSW1,2012/5/10 12:00,9088.65,28.33,TRADE
NSW1,2012/5/10 12:30,9069.19,28.21,TRADE
NSW1,2012/5/10 13:00,9029.85,27.95,TRADE
NSW1,2012/5/10 13:30,9061.92,28.09,TRADE
NSW1,2012/5/10 14:00,8984.06,28.05,TRADE
NSW1,2012/5/10 14:30,9032.02,28.1,TRADE
NSW1,2012/5/10 15:00,9007.55,28.18,TRADE
NSW1,2012/5/10 15:30,9009.88,28.51,TRADE
NSW1,2012/5/10 16:00,9025.62,28.03,TRADE
NSW1,2012/5/10 16:30,9054.3,29.19,TRADE
NSW1,2012/5/10 17:00,9117.72,29.36,TRADE
NSW1,2012/5/10 17:30,9441.93,29.14,TRADE
NSW1,2012/5/10 18:00,9940.74,31.64,TRADE
NSW1,2012/5/10 18:30,9889.83,31.83,TRADE
NSW1,2012/5/10 19:00,9807.73,30.49,TRADE
NSW1,2012/5/10 19:30,9557.52,30.48,TRADE
NSW1,2012/5/10 20:00,9311.34,30.02,TRADE
NSW1,2012/5/10 20:30,9143.55,28.49,TRADE
NSW1,2012/5/10 21:00,8961.14,28.43,TRADE
NSW1,2012/5/10 21:30,8644.02,28.9,TRADE
NSW1,2012/5/10 22:00,8422.76,28.49,TRADE
NSW1,2012/5/10 22:30,8477.21,30.48,TRADE
NSW1,2012/5/10 23:00,8315.39,30.43,TRADE
NSW1,2012/5/10 23:30,8252.33,30.85,TRADE
NSW1,2012/5/11 0:00,8209.01,29.95,TRADE
NSW1,2012/5/11 0:30,7973.25,27.98,TRADE
NSW1,2012/5/11 1:00,7759.43,25.81,TRADE
NSW1,2012/5/11 1:30,7529.85,26.17,TRADE
NSW1,2012/5/11 2:00,7280.34,24.92,TRADE
NSW1,2012/5/11 2:30,6987.62,22.74,TRADE
NSW1,2012/5/11 3:00,6753.01,17.45,TRADE
NSW1,2012/5/11 3:30,6526.61,16.26,TRADE
NSW1,2012/5/11 4:00,6410.44,14.95,TRADE
NSW1,2012/5/11 4:30,6403.39,14.72,TRADE
NSW1,2012/5/11 5:00,6558.86,18.44,TRADE
NSW1,2012/5/11 5:30,6844.87,21.3,TRADE
NSW1,2012/5/11 6:00,7185.41,24.24,TRADE
NSW1,2012/5/11 6:30,7851.22,27.12,TRADE
NSW1,2012/5/11 7:00,8454.31,27.75,TRADE
NSW1,2012/5/11 7:30,8757.69,26.86,TRADE
NSW1,2012/5/11 8:00,9068.88,28.94,TRADE
NSW1,2012/5/11 8:30,9131.42,29.06,TRADE
NSW1,2012/5/11 9:00,9066.37,28.12,TRADE
NSW1,2012/5/11 9:30,9129.64,27.7,TRADE
NSW1,2012/5/11 10:00,9077.67,27.51,TRADE
NSW1,2012/5/11 10:30,9084.22,26.96,TRADE
NSW1,2012/5/11 11:00,9086.62,26.75,TRADE
NSW1,2012/5/11 11:30,8950.04,26.97,TRADE
NSW1,2012/5/11 12:00,8921.89,26.92,TRADE
NSW1,2012/5/11 12:30,8868.4,26.72,TRADE
NSW1,2012/5/11 13:00,8812.35,26.4,TRADE
NSW1,2012/5/11 13:30,8838.81,26.47,TRADE
NSW1,2012/5/11 14:00,8815.27,26.45,TRADE
NSW1,2012/5/11 14:30,8819.09,26.99,TRADE
NSW1,2012/5/11 15:00,8817.95,26.44,TRADE
NSW1,2012/5/11 15:30,8824.16,26.37,TRADE
NSW1,2012/5/11 16:00,8885.65,26.58,TRADE
NSW1,2012/5/11 16:30,8964.29,27.3,TRADE
NSW1,2012/5/11 17:00,9066.96,27.59,TRADE
NSW1,2012/5/11 17:30,9338.64,28,TRADE
NSW1,2012/5/11 18:00,9750.34,30.72,TRADE
NSW1,2012/5/11 18:30,9545.68,28.21,TRADE
NSW1,2012/5/11 19:00,9365.49,27.86,TRADE
NSW1,2012/5/11 19:30,9065.83,27.03,TRADE
NSW1,2012/5/11 20:00,8879.89,26.4,TRADE
NSW1,2012/5/11 20:30,8794.18,26.38,TRADE
NSW1,2012/5/11 21:00,8652.46,26.3,TRADE
NSW1,2012/5/11 21:30,8469.25,26.81,TRADE
NSW1,2012/5/11 22:00,8376.66,25.53,TRADE
NSW1,2012/5/11 22:30,8404.63,29.89,TRADE
NSW1,2012/5/11 23:00,8311.87,30.62,TRADE
NSW1,2012/5/11 23:30,8271.73,31.93,TRADE
NSW1,2012/5/12 0:00,8178.59,31.42,TRADE
NSW1,2012/5/12 0:30,7952.68,29.81,TRADE
NSW1,2012/5/12 1:00,7726.61,28.89,TRADE
NSW1,2012/5/12 1:30,7475.16,28.77,TRADE
NSW1,2012/5/12 2:00,7267.38,25.74,TRADE
NSW1,2012/5/12 2:30,6958.05,23.91,TRADE
NSW1,2012/5/12 3:00,6698.68,22.87,TRADE
NSW1,2012/5/12 3:30,6473.65,19.04,TRADE
NSW1,2012/5/12 4:00,6365.87,18.3,TRADE
NSW1,2012/5/12 4:30,6331.62,18.11,TRADE
NSW1,2012/5/12 5:00,6360.58,20.07,TRADE
NSW1,2012/5/12 5:30,6427.65,22.02,TRADE
NSW1,2012/5/12 6:00,6621.96,23.98,TRADE
NSW1,2012/5/12 6:30,6898.61,25.2,TRADE
NSW1,2012/5/12 7:00,7143.17,25.25,TRADE
NSW1,2012/5/12 7:30,7541.94,25.54,TRADE
NSW1,2012/5/12 8:00,7960.22,27.46,TRADE
NSW1,2012/5/12 8:30,8362,30.35,TRADE
NSW1,2012/5/12 9:00,8527.35,29.99,TRADE
NSW1,2012/5/12 9:30,8692.55,30.65,TRADE
NSW1,2012/5/12 10:00,8592.68,29.22,TRADE
NSW1,2012/5/12 10:30,8555.6,28.57,TRADE
NSW1,2012/5/12 11:00,8430.8,26.61,TRADE
NSW1,2012/5/12 11:30,8279.23,26.22,TRADE
NSW1,2012/5/12 12:00,8145.76,26.22,TRADE
NSW1,2012/5/12 12:30,8070.59,26.24,TRADE
NSW1,2012/5/12 13:00,7986.68,26.37,TRADE
NSW1,2012/5/12 13:30,7861.89,26.36,TRADE
NSW1,2012/5/12 14:00,7771.85,26.09,TRADE
NSW1,2012/5/12 14:30,7737.27,25.78,TRADE
NSW1,2012/5/12 15:00,7747.73,26.16,TRADE
NSW1,2012/5/12 15:30,7765.67,25.98,TRADE
NSW1,2012/5/12 16:00,7873.76,26.49,TRADE
NSW1,2012/5/12 16:30,8016.51,26.36,TRADE
NSW1,2012/5/12 17:00,8323.93,27.86,TRADE
NSW1,2012/5/12 17:30,8729.66,28.05,TRADE
NSW1,2012/5/12 18:00,9329.88,32.32,TRADE
NSW1,2012/5/12 18:30,9275.74,31.42,TRADE
NSW1,2012/5/12 19:00,9094.89,30.88,TRADE
NSW1,2012/5/12 19:30,8807.89,29.75,TRADE
NSW1,2012/5/12 20:00,8621.29,28.75,TRADE
NSW1,2012/5/12 20:30,8541.74,26.6,TRADE
NSW1,2012/5/12 21:00,8501.93,27.3,TRADE
NSW1,2012/5/12 21:30,8329.38,25.61,TRADE
NSW1,2012/5/12 22:00,8197.21,25.74,TRADE
NSW1,2012/5/12 22:30,8232.83,27.8,TRADE
NSW1,2012/5/12 23:00,8017.74,26.19,TRADE
NSW1,2012/5/12 23:30,8025.84,27.78,TRADE
NSW1,2012/5/13 0:00,7846.04,27.37,TRADE
NSW1,2012/5/13 0:30,7596.32,25.93,TRADE
NSW1,2012/5/13 1:00,7383.09,24.36,TRADE
NSW1,2012/5/13 1:30,7177.64,23.74,TRADE
NSW1,2012/5/13 2:00,6993.14,23.69,TRADE
NSW1,2012/5/13 2:30,6666.37,18.69,TRADE
NSW1,2012/5/13 3:00,6427.74,14.07,TRADE
NSW1,2012/5/13 3:30,6264.01,13.7,TRADE
NSW1,2012/5/13 4:00,6191.28,13.39,TRADE
NSW1,2012/5/13 4:30,6096.57,14.25,TRADE
NSW1,2012/5/13 5:00,6128.18,14.27,TRADE
NSW1,2012/5/13 5:30,6207.87,16.46,TRADE
NSW1,2012/5/13 6:00,6314.84,14.54,TRADE
NSW1,2012/5/13 6:30,6513.15,16.73,TRADE
NSW1,2012/5/13 7:00,6687.24,19.44,TRADE
NSW1,2012/5/13 7:30,7053.19,23.05,TRADE
NSW1,2012/5/13 8:00,7546.25,25.57,TRADE
NSW1,2012/5/13 8:30,7997.18,26.34,TRADE
NSW1,2012/5/13 9:00,8285.71,26.84,TRADE
NSW1,2012/5/13 9:30,8430.09,26.59,TRADE
NSW1,2012/5/13 10:00,8503.48,26.59,TRADE
NSW1,2012/5/13 10:30,8499.56,26.56,TRADE
NSW1,2012/5/13 11:00,8377.02,26.24,TRADE
NSW1,2012/5/13 11:30,8219.75,26.05,TRADE
NSW1,2012/5/13 12:00,8127.91,25.88,TRADE
NSW1,2012/5/13 12:30,7996.34,25.32,TRADE
NSW1,2012/5/13 13:00,7924.3,25.17,TRADE
NSW1,2012/5/13 13:30,7784.33,25.08,TRADE
NSW1,2012/5/13 14:00,7704.83,25.16,TRADE
NSW1,2012/5/13 14:30,7687.49,25.16,TRADE
NSW1,2012/5/13 15:00,7702.74,25.25,TRADE
NSW1,2012/5/13 15:30,7807.04,25.66,TRADE
NSW1,2012/5/13 16:00,7970.26,26.37,TRADE
NSW1,2012/5/13 16:30,8214.66,28.06,TRADE
NSW1,2012/5/13 17:00,8504.81,27,TRADE
NSW1,2012/5/13 17:30,8946.04,29,TRADE
NSW1,2012/5/13 18:00,9584.26,33.92,TRADE
NSW1,2012/5/13 18:30,9699.31,31.7,TRADE
NSW1,2012/5/13 19:00,9605.77,31.71,TRADE
NSW1,2012/5/13 19:30,9431.82,31.88,TRADE
NSW1,2012/5/13 20:00,9197.11,31.34,TRADE
NSW1,2012/5/13 20:30,9191.13,31.87,TRADE
NSW1,2012/5/13 21:00,9069.26,30.96,TRADE
NSW1,2012/5/13 21:30,8855.84,29.36,TRADE
NSW1,2012/5/13 22:00,8608.53,29.34,TRADE
NSW1,2012/5/13 22:30,8456.65,28.93,TRADE
NSW1,2012/5/13 23:00,8189.82,26.16,TRADE
NSW1,2012/5/13 23:30,8097.88,28.74,TRADE
NSW1,2012/5/14 0:00,7893.81,28.32,TRADE
NSW1,2012/5/14 0:30,7639.41,25.8,TRADE
NSW1,2012/5/14 1:00,7471.77,25.68,TRADE
NSW1,2012/5/14 1:30,7269.08,25.61,TRADE
NSW1,2012/5/14 2:00,7136.2,26.12,TRADE
NSW1,2012/5/14 2:30,6889.89,23.03,TRADE
NSW1,2012/5/14 3:00,6711.87,21.81,TRADE
NSW1,2012/5/14 3:30,6575.26,17.36,TRADE
NSW1,2012/5/14 4:00,6548.76,18.71,TRADE
NSW1,2012/5/14 4:30,6583.48,16.69,TRADE
NSW1,2012/5/14 5:00,6722.89,21.23,TRADE
NSW1,2012/5/14 5:30,7070.63,23.14,TRADE
NSW1,2012/5/14 6:00,7485.03,26.18,TRADE
NSW1,2012/5/14 6:30,8336.53,31.23,TRADE
NSW1,2012/5/14 7:00,9109.41,33.45,TRADE
NSW1,2012/5/14 7:30,9605.7,32.07,TRADE
NSW1,2012/5/14 8:00,10030.86,32.35,TRADE
NSW1,2012/5/14 8:30,10102.61,31.94,TRADE
NSW1,2012/5/14 9:00,9929.25,31.35,TRADE
NSW1,2012/5/14 9:30,9884.85,31.94,TRADE
NSW1,2012/5/14 10:00,9832.97,31.94,TRADE
NSW1,2012/5/14 10:30,9707.12,30.94,TRADE
NSW1,2012/5/14 11:00,9605.96,31.12,TRADE
NSW1,2012/5/14 11:30,9472.16,31.77,TRADE
NSW1,2012/5/14 12:00,9389.59,31.23,TRADE
NSW1,2012/5/14 12:30,9288.13,30.36,TRADE
NSW1,2012/5/14 13:00,9197.56,30.06,TRADE
NSW1,2012/5/14 13:30,9156.11,29.84,TRADE
NSW1,2012/5/14 14:00,9127.71,29.2,TRADE
NSW1,2012/5/14 14:30,9175.19,28.56,TRADE
NSW1,2012/5/14 15:00,9081.33,27.88,TRADE
NSW1,2012/5/14 15:30,9128.3,28.64,TRADE
NSW1,2012/5/14 16:00,9252.99,29.62,TRADE
NSW1,2012/5/14 16:30,9447.23,31.01,TRADE
NSW1,2012/5/14 17:00,9799.97,31.47,TRADE
NSW1,2012/5/14 17:30,10464.59,33.45,TRADE
NSW1,2012/5/14 18:00,11158.03,43.91,TRADE
NSW1,2012/5/14 18:30,11227.89,44.08,TRADE
NSW1,2012/5/14 19:00,11069.86,37.52,TRADE
NSW1,2012/5/14 19:30,10763.17,32.03,TRADE
NSW1,2012/5/14 20:00,10528.87,31.9,TRADE
NSW1,2012/5/14 20:30,10320.81,32.43,TRADE
NSW1,2012/5/14 21:00,10122.81,31.77,TRADE
NSW1,2012/5/14 21:30,9840.19,32.21,TRADE
NSW1,2012/5/14 22:00,9447.05,29.19,TRADE
NSW1,2012/5/14 22:30,9438.18,33.57,TRADE
NSW1,2012/5/14 23:00,8992.14,31.47,TRADE
NSW1,2012/5/14 23:30,8832.69,31.34,TRADE
NSW1,2012/5/15 0:00,8668.62,31.25,TRADE
NSW1,2012/5/15 0:30,8263.14,26.3,TRADE
NSW1,2012/5/15 1:00,7998.87,30.3,TRADE
NSW1,2012/5/15 1:30,7883.65,30.46,TRADE
NSW1,2012/5/15 2:00,7884.62,30.73,TRADE
NSW1,2012/5/15 2:30,7538.32,25.93,TRADE
NSW1,2012/5/15 3:00,7253.05,25.3,TRADE
NSW1,2012/5/15 3:30,6978.92,23.86,TRADE
NSW1,2012/5/15 4:00,6916.4,22.07,TRADE
NSW1,2012/5/15 4:30,6847.03,22.61,TRADE
NSW1,2012/5/15 5:00,6980.12,22.66,TRADE
NSW1,2012/5/15 5:30,7297.39,24.21,TRADE
NSW1,2012/5/15 6:00,7800.38,26.74,TRADE
NSW1,2012/5/15 6:30,8661.82,30.71,TRADE
NSW1,2012/5/15 7:00,9428.16,31.7,TRADE
NSW1,2012/5/15 7:30,9913.57,31.95,TRADE
NSW1,2012/5/15 8:00,10257.95,33.11,TRADE
NSW1,2012/5/15 8:30,10184.03,31.23,TRADE
NSW1,2012/5/15 9:00,9960.66,30.43,TRADE
NSW1,2012/5/15 9:30,9846.93,29.95,TRADE
NSW1,2012/5/15 10:00,9760.55,28.89,TRADE
NSW1,2012/5/15 10:30,9645.82,28.21,TRADE
NSW1,2012/5/15 11:00,9527.94,27.5,TRADE
NSW1,2012/5/15 11:30,9358.75,26.28,TRADE
NSW1,2012/5/15 12:00,9274.42,26.19,TRADE
NSW1,2012/5/15 12:30,9188.82,26.26,TRADE
NSW1,2012/5/15 13:00,9113.2,26.13,TRADE
NSW1,2012/5/15 13:30,9056.53,26.28,TRADE
NSW1,2012/5/15 14:00,9044.84,26.26,TRADE
NSW1,2012/5/15 14:30,9044.81,27.04,TRADE
NSW1,2012/5/15 15:00,9020.64,27.48,TRADE
NSW1,2012/5/15 15:30,8991.04,26.32,TRADE
NSW1,2012/5/15 16:00,9085.93,26.17,TRADE
NSW1,2012/5/15 16:30,9264.82,27.89,TRADE
NSW1,2012/5/15 17:00,9572,29.23,TRADE
NSW1,2012/5/15 17:30,10170.52,31.6,TRADE
NSW1,2012/5/15 18:00,10881.81,36.4,TRADE
NSW1,2012/5/15 18:30,10892.05,35.44,TRADE
NSW1,2012/5/15 19:00,10781.89,31.44,TRADE
NSW1,2012/5/15 19:30,10507.09,30.96,TRADE
NSW1,2012/5/15 20:00,10244.2,29.98,TRADE
NSW1,2012/5/15 20:30,10092.42,30.47,TRADE
NSW1,2012/5/15 21:00,9875.4,29.28,TRADE
NSW1,2012/5/15 21:30,9612.29,28.38,TRADE
NSW1,2012/5/15 22:00,9261.79,25.65,TRADE
NSW1,2012/5/15 22:30,9151.83,27.83,TRADE
NSW1,2012/5/15 23:00,8871.39,26.65,TRADE
NSW1,2012/5/15 23:30,8738.83,26.97,TRADE
NSW1,2012/5/16 0:00,8596.69,27.22,TRADE
NSW1,2012/5/16 0:30,8360.73,25.24,TRADE
NSW1,2012/5/16 1:00,8153.53,26.28,TRADE
NSW1,2012/5/16 1:30,7987.51,25.4,TRADE
NSW1,2012/5/16 2:00,7742.82,25.37,TRADE
NSW1,2012/5/16 2:30,7390.99,22.18,TRADE
NSW1,2012/5/16 3:00,7099.23,18.06,TRADE
NSW1,2012/5/16 3:30,6908.98,17.03,TRADE
NSW1,2012/5/16 4:00,6794.71,14.98,TRADE
NSW1,2012/5/16 4:30,6781.04,15.48,TRADE
NSW1,2012/5/16 5:00,6896.94,20.4,TRADE
NSW1,2012/5/16 5:30,7229.2,22.82,TRADE
NSW1,2012/5/16 6:00,7660.25,25.24,TRADE
NSW1,2012/5/16 6:30,8500.37,27.81,TRADE
NSW1,2012/5/16 7:00,9257.38,30.55,TRADE
NSW1,2012/5/16 7:30,9657.57,29.8,TRADE
NSW1,2012/5/16 8:00,9925.16,31.31,TRADE
NSW1,2012/5/16 8:30,9920.73,29.06,TRADE
NSW1,2012/5/16 9:00,9730.59,28.16,TRADE
NSW1,2012/5/16 9:30,9653.07,28.57,TRADE
NSW1,2012/5/16 10:00,9563.41,28.07,TRADE
NSW1,2012/5/16 10:30,9454.51,27.87,TRADE
NSW1,2012/5/16 11:00,9359.17,28.03,TRADE
NSW1,2012/5/16 11:30,9231.74,26.81,TRADE
NSW1,2012/5/16 12:00,9118.24,27.18,TRADE
NSW1,2012/5/16 12:30,9044.83,28.11,TRADE
NSW1,2012/5/16 13:00,8976.88,27.97,TRADE
NSW1,2012/5/16 13:30,8952.61,27.89,TRADE
NSW1,2012/5/16 14:00,8922.1,27.73,TRADE
NSW1,2012/5/16 14:30,8910.79,27.76,TRADE
NSW1,2012/5/16 15:00,8872.04,27.71,TRADE
NSW1,2012/5/16 15:30,8862.44,27.7,TRADE
NSW1,2012/5/16 16:00,8987.81,27.7,TRADE
NSW1,2012/5/16 16:30,9111.14,27.7,TRADE
NSW1,2012/5/16 17:00,9392.47,28.97,TRADE
NSW1,2012/5/16 17:30,10038.11,33.09,TRADE
NSW1,2012/5/16 18:00,10687.08,42.53,TRADE
NSW1,2012/5/16 18:30,10650.06,44.32,TRADE
NSW1,2012/5/16 19:00,10569.27,43.84,TRADE
NSW1,2012/5/16 19:30,10392.34,35.6,TRADE
NSW1,2012/5/16 20:00,10162.63,32.36,TRADE
NSW1,2012/5/16 20:30,10054.42,34.76,TRADE
NSW1,2012/5/16 21:00,9886.94,33.13,TRADE
NSW1,2012/5/16 21:30,9575.64,30.86,TRADE
NSW1,2012/5/16 22:00,9223.5,28.48,TRADE
NSW1,2012/5/16 22:30,9206.03,31.93,TRADE
NSW1,2012/5/16 23:00,8909.04,28.77,TRADE
NSW1,2012/5/16 23:30,8753.36,27.79,TRADE
NSW1,2012/5/17 0:00,8605.17,27.88,TRADE
NSW1,2012/5/17 0:30,8362.74,25.8,TRADE
NSW1,2012/5/17 1:00,8184.33,26.67,TRADE
NSW1,2012/5/17 1:30,8014.29,26.88,TRADE
NSW1,2012/5/17 2:00,7782.16,24.07,TRADE
NSW1,2012/5/17 2:30,7414.7,22.58,TRADE
NSW1,2012/5/17 3:00,7126.99,22.1,TRADE
NSW1,2012/5/17 3:30,6883.36,20.92,TRADE
NSW1,2012/5/17 4:00,6786.08,22.38,TRADE
NSW1,2012/5/17 4:30,6777.56,21.4,TRADE
NSW1,2012/5/17 5:00,6880.64,21.36,TRADE
NSW1,2012/5/17 5:30,7199.23,23.22,TRADE
NSW1,2012/5/17 6:00,7641.51,25.94,TRADE
NSW1,2012/5/17 6:30,8484.57,28.76,TRADE
NSW1,2012/5/17 7:00,9204.76,29.73,TRADE
NSW1,2012/5/17 7:30,9666.76,29.62,TRADE
NSW1,2012/5/17 8:00,9995.62,31.63,TRADE
NSW1,2012/5/17 8:30,9971.97,29.77,TRADE
NSW1,2012/5/17 9:00,9796.07,27.77,TRADE
NSW1,2012/5/17 9:30,9689.41,27.66,TRADE
NSW1,2012/5/17 10:00,9533.98,26.8,TRADE
NSW1,2012/5/17 10:30,9386.57,25.61,TRADE
NSW1,2012/5/17 11:00,9361.89,25.83,TRADE
NSW1,2012/5/17 11:30,9196.83,25.59,TRADE
NSW1,2012/5/17 12:00,9096.62,25.52,TRADE
NSW1,2012/5/17 12:30,9011.31,25.47,TRADE
NSW1,2012/5/17 13:00,8933.3,25.52,TRADE
NSW1,2012/5/17 13:30,8920.03,25.52,TRADE
NSW1,2012/5/17 14:00,8929.46,25.54,TRADE
NSW1,2012/5/17 14:30,8905.26,25.52,TRADE
NSW1,2012/5/17 15:00,8924.2,25.68,TRADE
NSW1,2012/5/17 15:30,8890.72,25.65,TRADE
NSW1,2012/5/17 16:00,8980.72,25.64,TRADE
NSW1,2012/5/17 16:30,9116.55,26.37,TRADE
NSW1,2012/5/17 17:00,9356.74,27.06,TRADE
NSW1,2012/5/17 17:30,9931.75,29.06,TRADE
NSW1,2012/5/17 18:00,10566.35,36.18,TRADE
NSW1,2012/5/17 18:30,10622.89,37.11,TRADE
NSW1,2012/5/17 19:00,10512.27,31.65,TRADE
NSW1,2012/5/17 19:30,10285.51,30.52,TRADE
NSW1,2012/5/17 20:00,10119.68,30.13,TRADE
NSW1,2012/5/17 20:30,9940.77,30.22,TRADE
NSW1,2012/5/17 21:00,9788.63,28.51,TRADE
NSW1,2012/5/17 21:30,9486.59,26.34,TRADE
NSW1,2012/5/17 22:00,9152.85,25.3,TRADE
NSW1,2012/5/17 22:30,9171.89,27.82,TRADE
NSW1,2012/5/17 23:00,8887.84,25.83,TRADE
NSW1,2012/5/17 23:30,8733.55,26.55,TRADE
NSW1,2012/5/18 0:00,8608.79,27.24,TRADE
NSW1,2012/5/18 0:30,8365.46,25.59,TRADE
NSW1,2012/5/18 1:00,8131.35,25.12,TRADE
NSW1,2012/5/18 1:30,7963.64,24.92,TRADE
NSW1,2012/5/18 2:00,7744.76,25.06,TRADE
NSW1,2012/5/18 2:30,7407.52,22.28,TRADE
NSW1,2012/5/18 3:00,7131.01,17.72,TRADE
NSW1,2012/5/18 3:30,6862.97,14.52,TRADE
NSW1,2012/5/18 4:00,6714.81,14.34,TRADE
NSW1,2012/5/18 4:30,6748.09,19.56,TRADE
NSW1,2012/5/18 5:00,6884,19.17,TRADE
NSW1,2012/5/18 5:30,7245.29,21.86,TRADE
NSW1,2012/5/18 6:00,7679.55,23.97,TRADE
NSW1,2012/5/18 6:30,8481.28,28.2,TRADE
NSW1,2012/5/18 7:00,9149.36,29.35,TRADE
NSW1,2012/5/18 7:30,9537.24,27.7,TRADE
NSW1,2012/5/18 8:00,9916.6,29.78,TRADE
NSW1,2012/5/18 8:30,9995.02,31.66,TRADE
NSW1,2012/5/18 9:00,9859.32,31.9,TRADE
NSW1,2012/5/18 9:30,9840.62,29.05,TRADE
NSW1,2012/5/18 10:00,9688.4,27.72,TRADE
NSW1,2012/5/18 10:30,9581.77,27.69,TRADE
NSW1,2012/5/18 11:00,9436.32,27.72,TRADE
NSW1,2012/5/18 11:30,9294.23,27.8,TRADE
NSW1,2012/5/18 12:00,9153.61,27.7,TRADE
NSW1,2012/5/18 12:30,9053.07,27.64,TRADE
NSW1,2012/5/18 13:00,8947.07,26.8,TRADE
NSW1,2012/5/18 13:30,8918.34,27.43,TRADE
NSW1,2012/5/18 14:00,8880.3,27.48,TRADE
NSW1,2012/5/18 14:30,8829.73,26.86,TRADE
NSW1,2012/5/18 15:00,8805.11,25.74,TRADE
NSW1,2012/5/18 15:30,8771.91,25.47,TRADE
NSW1,2012/5/18 16:00,8846.61,25.67,TRADE
NSW1,2012/5/18 16:30,8974.28,26.3,TRADE
NSW1,2012/5/18 17:00,9216.42,25.85,TRADE
NSW1,2012/5/18 17:30,9712.03,27.64,TRADE
NSW1,2012/5/18 18:00,10208.29,31.76,TRADE
NSW1,2012/5/18 18:30,10150.07,29.8,TRADE
NSW1,2012/5/18 19:00,10023.64,28.83,TRADE
NSW1,2012/5/18 19:30,9836.84,27.85,TRADE
NSW1,2012/5/18 20:00,9639.9,27.76,TRADE
NSW1,2012/5/18 20:30,9530.93,28.21,TRADE
NSW1,2012/5/18 21:00,9440.87,27.9,TRADE
NSW1,2012/5/18 21:30,9241.97,27.12,TRADE
NSW1,2012/5/18 22:00,9032.92,26.16,TRADE
NSW1,2012/5/18 22:30,9095.92,30.28,TRADE
NSW1,2012/5/18 23:00,8883.15,31.12,TRADE
NSW1,2012/5/18 23:30,8839.94,30.99,TRADE
NSW1,2012/5/19 0:00,8736.04,31.55,TRADE
NSW1,2012/5/19 0:30,8537.9,31.2,TRADE
NSW1,2012/5/19 1:00,8250.33,27.95,TRADE
NSW1,2012/5/19 1:30,8026.71,31.46,TRADE
NSW1,2012/5/19 2:00,7745.78,26.77,TRADE
NSW1,2012/5/19 2:30,7384.71,23.13,TRADE
NSW1,2012/5/19 3:00,7101.96,17.33,TRADE
NSW1,2012/5/19 3:30,6869.96,14.63,TRADE
NSW1,2012/5/19 4:00,6750.9,18.42,TRADE
NSW1,2012/5/19 4:30,6701.34,17.92,TRADE
NSW1,2012/5/19 5:00,6722.62,15.62,TRADE
NSW1,2012/5/19 5:30,6817.44,16.88,TRADE
NSW1,2012/5/19 6:00,6995.43,19.81,TRADE
NSW1,2012/5/19 6:30,7327,21.83,TRADE
NSW1,2012/5/19 7:00,7648.01,25.02,TRADE
NSW1,2012/5/19 7:30,8108.24,25.86,TRADE
NSW1,2012/5/19 8:00,8585.65,26.85,TRADE
NSW1,2012/5/19 8:30,8990.31,27.72,TRADE
NSW1,2012/5/19 9:00,9098.31,27.7,TRADE
NSW1,2012/5/19 9:30,9244.68,29.62,TRADE
NSW1,2012/5/19 10:00,9073.34,27.7,TRADE
NSW1,2012/5/19 10:30,8918.07,27.7,TRADE
NSW1,2012/5/19 11:00,8786.75,26.11,TRADE
NSW1,2012/5/19 11:30,8493.86,25.2,TRADE
NSW1,2012/5/19 12:00,8414.15,25.88,TRADE
NSW1,2012/5/19 12:30,8334.18,25.34,TRADE
NSW1,2012/5/19 13:00,8189.01,24.79,TRADE
NSW1,2012/5/19 13:30,8104.76,25.13,TRADE
NSW1,2012/5/19 14:00,8000.61,25.45,TRADE
NSW1,2012/5/19 14:30,7961.38,24.94,TRADE
NSW1,2012/5/19 15:00,7948.93,25.16,TRADE
NSW1,2012/5/19 15:30,7941.02,25.3,TRADE
NSW1,2012/5/19 16:00,8086.68,26.4,TRADE
NSW1,2012/5/19 16:30,8273.28,27.81,TRADE
NSW1,2012/5/19 17:00,8653.54,30.74,TRADE
NSW1,2012/5/19 17:30,9204.38,32.39,TRADE
NSW1,2012/5/19 18:00,9822.42,32.51,TRADE
NSW1,2012/5/19 18:30,9778.95,32.87,TRADE
NSW1,2012/5/19 19:00,9609.44,30.91,TRADE
NSW1,2012/5/19 19:30,9353.86,30.29,TRADE
NSW1,2012/5/19 20:00,9180.07,30.41,TRADE
NSW1,2012/5/19 20:30,9102.27,30.55,TRADE
NSW1,2012/5/19 21:00,8999.56,30.05,TRADE
NSW1,2012/5/19 21:30,8827.2,30,TRADE
NSW1,2012/5/19 22:00,8699.67,30.29,TRADE
NSW1,2012/5/19 22:30,8671.2,31.21,TRADE
NSW1,2012/5/19 23:00,8455.81,30.05,TRADE
NSW1,2012/5/19 23:30,8417.65,30.61,TRADE
NSW1,2012/5/20 0:00,8201.02,32.05,TRADE
NSW1,2012/5/20 0:30,7921.51,29.84,TRADE
NSW1,2012/5/20 1:00,7653.97,28.32,TRADE
NSW1,2012/5/20 1:30,7496.09,28.02,TRADE
NSW1,2012/5/20 2:00,7340.35,25.46,TRADE
NSW1,2012/5/20 2:30,6975.25,17.67,TRADE
NSW1,2012/5/20 3:00,6770.79,15.25,TRADE
NSW1,2012/5/20 3:30,6588.27,14.31,TRADE
NSW1,2012/5/20 4:00,6497.76,18.41,TRADE
NSW1,2012/5/20 4:30,6463.13,14.6,TRADE
NSW1,2012/5/20 5:00,6427.91,14.96,TRADE
NSW1,2012/5/20 5:30,6546.89,18.58,TRADE
NSW1,2012/5/20 6:00,6692.32,14.95,TRADE
NSW1,2012/5/20 6:30,6906.16,18.32,TRADE
NSW1,2012/5/20 7:00,7161.86,22.15,TRADE
NSW1,2012/5/20 7:30,7475.8,22.85,TRADE
NSW1,2012/5/20 8:00,7940.55,25.36,TRADE
NSW1,2012/5/20 8:30,8351.01,26.11,TRADE
NSW1,2012/5/20 9:00,8602.29,27.74,TRADE
NSW1,2012/5/20 9:30,8761.44,29.85,TRADE
NSW1,2012/5/20 10:00,8723.06,28.26,TRADE
NSW1,2012/5/20 10:30,8693.7,28.17,TRADE
NSW1,2012/5/20 11:00,8577.13,27.18,TRADE
NSW1,2012/5/20 11:30,8420.07,26.28,TRADE
NSW1,2012/5/20 12:00,8370.11,27.18,TRADE
NSW1,2012/5/20 12:30,8320.36,25.42,TRADE
NSW1,2012/5/20 13:00,8247.06,25.3,TRADE
NSW1,2012/5/20 13:30,8176.41,25.65,TRADE
NSW1,2012/5/20 14:00,8162.54,25.73,TRADE
NSW1,2012/5/20 14:30,8165,25.45,TRADE
NSW1,2012/5/20 15:00,8128.63,25.34,TRADE
NSW1,2012/5/20 15:30,8211.32,25.81,TRADE
NSW1,2012/5/20 16:00,8333.98,25.88,TRADE
NSW1,2012/5/20 16:30,8584.27,28.04,TRADE
NSW1,2012/5/20 17:00,8993.35,29.17,TRADE
NSW1,2012/5/20 17:30,9535.24,34.55,TRADE
NSW1,2012/5/20 18:00,10151.91,38.03,TRADE
NSW1,2012/5/20 18:30,10231.65,39.71,TRADE
NSW1,2012/5/20 19:00,10028.94,35.91,TRADE
NSW1,2012/5/20 19:30,9803.74,32.05,TRADE
NSW1,2012/5/20 20:00,9618.8,35.6,TRADE
NSW1,2012/5/20 20:30,9553.82,33.22,TRADE
NSW1,2012/5/20 21:00,9350.04,31.62,TRADE
NSW1,2012/5/20 21:30,9068.24,30.4,TRADE
NSW1,2012/5/20 22:00,8751.68,29.17,TRADE
NSW1,2012/5/20 22:30,8634.47,31.94,TRADE
NSW1,2012/5/20 23:00,8342.51,31.23,TRADE
NSW1,2012/5/20 23:30,8136.39,31.24,TRADE
NSW1,2012/5/21 0:00,7981.77,30.77,TRADE
NSW1,2012/5/21 0:30,7691.27,29.97,TRADE
NSW1,2012/5/21 1:00,7574.17,28.59,TRADE
NSW1,2012/5/21 1:30,7364.89,29.05,TRADE
NSW1,2012/5/21 2:00,7191.58,25.12,TRADE
NSW1,2012/5/21 2:30,6961.69,21.08,TRADE
NSW1,2012/5/21 3:00,6753.65,18.47,TRADE
NSW1,2012/5/21 3:30,6656.9,15.71,TRADE
NSW1,2012/5/21 4:00,6625.41,18.04,TRADE
NSW1,2012/5/21 4:30,6653.25,16.05,TRADE
NSW1,2012/5/21 5:00,6801.48,16.96,TRADE
NSW1,2012/5/21 5:30,7127.32,22.77,TRADE
NSW1,2012/5/21 6:00,7530.87,25.31,TRADE
NSW1,2012/5/21 6:30,8374.1,31.59,TRADE
NSW1,2012/5/21 7:00,9213.12,31.06,TRADE
NSW1,2012/5/21 7:30,9663.46,30.18,TRADE
NSW1,2012/5/21 8:00,9990.09,34.91,TRADE
NSW1,2012/5/21 8:30,10050.04,34.47,TRADE
NSW1,2012/5/21 9:00,9912.59,31.21,TRADE
NSW1,2012/5/21 9:30,9827.94,29.75,TRADE
NSW1,2012/5/21 10:00,9660.06,27.64,TRADE
NSW1,2012/5/21 10:30,9641.69,27.73,TRADE
NSW1,2012/5/21 11:00,9507.61,27.7,TRADE
NSW1,2012/5/21 11:30,9359.99,27.67,TRADE
NSW1,2012/5/21 12:00,9266.07,27.75,TRADE
NSW1,2012/5/21 12:30,9173.72,28.1,TRADE
NSW1,2012/5/21 13:00,9084.8,27.81,TRADE
NSW1,2012/5/21 13:30,9046.17,26.61,TRADE
NSW1,2012/5/21 14:00,8998.89,26.66,TRADE
NSW1,2012/5/21 14:30,8996.37,26.36,TRADE
NSW1,2012/5/21 15:00,8954.97,25.52,TRADE
NSW1,2012/5/21 15:30,8913.88,27.42,TRADE
NSW1,2012/5/21 16:00,9048.76,27.62,TRADE
NSW1,2012/5/21 16:30,9164.19,27.81,TRADE
NSW1,2012/5/21 17:00,9524.99,28.16,TRADE
NSW1,2012/5/21 17:30,10190.56,30.33,TRADE
NSW1,2012/5/21 18:00,10798.92,36.15,TRADE
NSW1,2012/5/21 18:30,10747.22,33.05,TRADE
NSW1,2012/5/21 19:00,10560.99,32.01,TRADE
NSW1,2012/5/21 19:30,10291.26,30.76,TRADE
NSW1,2012/5/21 20:00,10061.42,30.08,TRADE
NSW1,2012/5/21 20:30,9927.7,30.37,TRADE
NSW1,2012/5/21 21:00,9718.96,29.88,TRADE
NSW1,2012/5/21 21:30,9501.45,28.4,TRADE
NSW1,2012/5/21 22:00,9140.13,25.32,TRADE
NSW1,2012/5/21 22:30,9170.65,29.81,TRADE
NSW1,2012/5/21 23:00,8869.96,27.19,TRADE
NSW1,2012/5/21 23:30,8758.54,30.08,TRADE
NSW1,2012/5/22 0:00,8650.35,29.66,TRADE
NSW1,2012/5/22 0:30,8403.8,24.11,TRADE
NSW1,2012/5/22 1:00,8214.62,23.93,TRADE
NSW1,2012/5/22 1:30,8079.4,26.4,TRADE
NSW1,2012/5/22 2:00,7808.07,24.24,TRADE
NSW1,2012/5/22 2:30,7466.2,17.94,TRADE
NSW1,2012/5/22 3:00,7108.84,15.77,TRADE
NSW1,2012/5/22 3:30,6892.23,16.15,TRADE
NSW1,2012/5/22 4:00,6795.49,14.66,TRADE
NSW1,2012/5/22 4:30,6750.38,14.57,TRADE
NSW1,2012/5/22 5:00,6871.48,14.58,TRADE
NSW1,2012/5/22 5:30,7156.71,20.43,TRADE
NSW1,2012/5/22 6:00,7615.46,25.14,TRADE
NSW1,2012/5/22 6:30,8485.37,27.48,TRADE
NSW1,2012/5/22 7:00,9316.01,30.81,TRADE
NSW1,2012/5/22 7:30,9712.5,29.73,TRADE
NSW1,2012/5/22 8:00,10088.99,30.65,TRADE
NSW1,2012/5/22 8:30,10040.29,30.38,TRADE
NSW1,2012/5/22 9:00,9838.23,30.03,TRADE
NSW1,2012/5/22 9:30,9771.9,30.63,TRADE
NSW1,2012/5/22 10:00,9668.95,28.94,TRADE
NSW1,2012/5/22 10:30,9538.86,27.88,TRADE
NSW1,2012/5/22 11:00,9423.41,27.43,TRADE
NSW1,2012/5/22 11:30,9243.8,26.58,TRADE
NSW1,2012/5/22 12:00,9107.77,25.99,TRADE
NSW1,2012/5/22 12:30,9032.68,25.67,TRADE
NSW1,2012/5/22 13:00,8969.03,25.52,TRADE
NSW1,2012/5/22 13:30,8929.34,25.46,TRADE
NSW1,2012/5/22 14:00,8906.8,25.52,TRADE
NSW1,2012/5/22 14:30,8920.04,25.47,TRADE
NSW1,2012/5/22 15:00,8868.85,25.51,TRADE
NSW1,2012/5/22 15:30,8869.41,25.73,TRADE
NSW1,2012/5/22 16:00,8986.34,27.66,TRADE
NSW1,2012/5/22 16:30,9185.56,27.56,TRADE
NSW1,2012/5/22 17:00,9485.08,27.33,TRADE
NSW1,2012/5/22 17:30,10167.42,31.09,TRADE
NSW1,2012/5/22 18:00,10773.5,35.59,TRADE
NSW1,2012/5/22 18:30,10797.37,34.11,TRADE
NSW1,2012/5/22 19:00,10717.52,31.79,TRADE
NSW1,2012/5/22 19:30,10485.63,31.56,TRADE
NSW1,2012/5/22 20:00,10243.73,30.91,TRADE
NSW1,2012/5/22 20:30,10086.8,30.77,TRADE
NSW1,2012/5/22 21:00,9927.91,31.01,TRADE
NSW1,2012/5/22 21:30,9608.74,31.76,TRADE
NSW1,2012/5/22 22:00,9295.54,28.31,TRADE
NSW1,2012/5/22 22:30,9255.22,31.93,TRADE
NSW1,2012/5/22 23:00,8944.94,30.76,TRADE
NSW1,2012/5/22 23:30,8835.95,31.25,TRADE
NSW1,2012/5/23 0:00,8710.77,30.85,TRADE
NSW1,2012/5/23 0:30,8405.96,25.5,TRADE
NSW1,2012/5/23 1:00,8185.63,25.19,TRADE
NSW1,2012/5/23 1:30,8037.64,26.29,TRADE
NSW1,2012/5/23 2:00,7801.1,25.49,TRADE
NSW1,2012/5/23 2:30,7483.31,21.47,TRADE
NSW1,2012/5/23 3:00,7173.01,17.65,TRADE
NSW1,2012/5/23 3:30,6947.73,14.01,TRADE
NSW1,2012/5/23 4:00,6828.33,14.72,TRADE
NSW1,2012/5/23 4:30,6817.99,14.44,TRADE
NSW1,2012/5/23 5:00,6927.55,20.34,TRADE
NSW1,2012/5/23 5:30,7225.67,23.47,TRADE
NSW1,2012/5/23 6:00,7740.22,26.23,TRADE
NSW1,2012/5/23 6:30,8587.87,29.64,TRADE
NSW1,2012/5/23 7:00,9412.56,36.67,TRADE
NSW1,2012/5/23 7:30,9879.93,33.67,TRADE
NSW1,2012/5/23 8:00,10262.34,32.94,TRADE
NSW1,2012/5/23 8:30,10203.99,31.93,TRADE
NSW1,2012/5/23 9:00,10002.25,31.93,TRADE
NSW1,2012/5/23 9:30,9872.98,31.3,TRADE
NSW1,2012/5/23 10:00,9719.42,29.21,TRADE
NSW1,2012/5/23 10:30,9540.85,29.69,TRADE
NSW1,2012/5/23 11:00,9387.83,27.7,TRADE
NSW1,2012/5/23 11:30,9228.52,27.85,TRADE
NSW1,2012/5/23 12:00,9145.98,28.35,TRADE
NSW1,2012/5/23 12:30,9029.09,28.46,TRADE
NSW1,2012/5/23 13:00,8935.52,29.69,TRADE
NSW1,2012/5/23 13:30,8867.71,30.05,TRADE
NSW1,2012/5/23 14:00,8851.92,28.06,TRADE
NSW1,2012/5/23 14:30,8839.73,26.02,TRADE
NSW1,2012/5/23 15:00,8799.89,25.82,TRADE
NSW1,2012/5/23 15:30,8800.32,29.53,TRADE
NSW1,2012/5/23 16:00,8895.88,28.64,TRADE
NSW1,2012/5/23 16:30,9039.52,27.91,TRADE
NSW1,2012/5/23 17:00,9311.5,27.78,TRADE
NSW1,2012/5/23 17:30,9946.18,31.55,TRADE
NSW1,2012/5/23 18:00,10564.02,33.39,TRADE
NSW1,2012/5/23 18:30,10559.75,32.63,TRADE
NSW1,2012/5/23 19:00,10442.36,32.84,TRADE
NSW1,2012/5/23 19:30,10216,30.83,TRADE
NSW1,2012/5/23 20:00,10013.72,31.25,TRADE
NSW1,2012/5/23 20:30,9826.78,30.15,TRADE
NSW1,2012/5/23 21:00,9612.85,29.13,TRADE
NSW1,2012/5/23 21:30,9466.56,29.43,TRADE
NSW1,2012/5/23 22:00,9155.77,26.67,TRADE
NSW1,2012/5/23 22:30,9218.11,28.17,TRADE
NSW1,2012/5/23 23:00,8928.89,27.94,TRADE
NSW1,2012/5/23 23:30,8761.38,29.42,TRADE
NSW1,2012/5/24 0:00,8595.02,29.91,TRADE
NSW1,2012/5/24 0:30,8320.17,25.46,TRADE
NSW1,2012/5/24 1:00,8120.86,25.22,TRADE
NSW1,2012/5/24 1:30,7954.38,28.6,TRADE
NSW1,2012/5/24 2:00,7722.12,23.59,TRADE
NSW1,2012/5/24 2:30,7362.68,21.49,TRADE
NSW1,2012/5/24 3:00,7052.14,15.36,TRADE
NSW1,2012/5/24 3:30,6840.98,16.5,TRADE
NSW1,2012/5/24 4:00,6739.32,14.56,TRADE
NSW1,2012/5/24 4:30,6757.04,15.55,TRADE
NSW1,2012/5/24 5:00,6858.72,16.52,TRADE
NSW1,2012/5/24 5:30,7161.81,22.94,TRADE
NSW1,2012/5/24 6:00,7594.19,25.6,TRADE
NSW1,2012/5/24 6:30,8488.81,29.93,TRADE
NSW1,2012/5/24 7:00,9321.15,31.94,TRADE
NSW1,2012/5/24 7:30,9723.75,31.7,TRADE
NSW1,2012/5/24 8:00,10077.01,32.1,TRADE
NSW1,2012/5/24 8:30,10132.31,33.56,TRADE
NSW1,2012/5/24 9:00,9930.97,31.93,TRADE
NSW1,2012/5/24 9:30,9893.21,31.94,TRADE
NSW1,2012/5/24 10:00,9812,31.94,TRADE
NSW1,2012/5/24 10:30,9852.31,31.94,TRADE
NSW1,2012/5/24 11:00,9868.85,31.94,TRADE
NSW1,2012/5/24 11:30,9831.15,31.94,TRADE
NSW1,2012/5/24 12:00,9851.45,31.94,TRADE
NSW1,2012/5/24 12:30,9845.91,31.94,TRADE
NSW1,2012/5/24 13:00,9891.54,33.15,TRADE
NSW1,2012/5/24 13:30,9954.77,36.98,TRADE
NSW1,2012/5/24 14:00,9990.65,37.2,TRADE
NSW1,2012/5/24 14:30,10007.04,33.53,TRADE
NSW1,2012/5/24 15:00,10001.18,35.14,TRADE
NSW1,2012/5/24 15:30,9999.82,29.92,TRADE
NSW1,2012/5/24 16:00,10166.9,30.55,TRADE
NSW1,2012/5/24 16:30,10321.38,28.96,TRADE
NSW1,2012/5/24 17:00,10638.95,34.13,TRADE
NSW1,2012/5/24 17:30,11143.7,35.5,TRADE
NSW1,2012/5/24 18:00,11473.83,36.81,TRADE
NSW1,2012/5/24 18:30,11321.19,36.34,TRADE
NSW1,2012/5/24 19:00,11170.13,34.65,TRADE
NSW1,2012/5/24 19:30,10889.02,35.16,TRADE
NSW1,2012/5/24 20:00,10599.28,33.18,TRADE
NSW1,2012/5/24 20:30,10390.34,33.44,TRADE
NSW1,2012/5/24 21:00,10084.46,31,TRADE
NSW1,2012/5/24 21:30,9707.47,28.61,TRADE
NSW1,2012/5/24 22:00,9339.51,26.95,TRADE
NSW1,2012/5/24 22:30,9250.76,28.57,TRADE
NSW1,2012/5/24 23:00,8943.62,25.81,TRADE
NSW1,2012/5/24 23:30,8781.38,27.83,TRADE
NSW1,2012/5/25 0:00,8597.62,27.54,TRADE
NSW1,2012/5/25 0:30,8353.93,25.2,TRADE
NSW1,2012/5/25 1:00,8142.37,25.18,TRADE
NSW1,2012/5/25 1:30,7935.73,25.7,TRADE
NSW1,2012/5/25 2:00,7666.69,23.48,TRADE
NSW1,2012/5/25 2:30,7278.39,20.92,TRADE
NSW1,2012/5/25 3:00,6993.5,19.24,TRADE
NSW1,2012/5/25 3:30,6797.57,16.36,TRADE
NSW1,2012/5/25 4:00,6635.79,14.96,TRADE
NSW1,2012/5/25 4:30,6591.2,21.52,TRADE
NSW1,2012/5/25 5:00,6673.99,22.54,TRADE
NSW1,2012/5/25 5:30,7004.42,22.72,TRADE
NSW1,2012/5/25 6:00,7367.84,23.79,TRADE
NSW1,2012/5/25 6:30,8079.08,25.42,TRADE
NSW1,2012/5/25 7:00,8776.7,26.71,TRADE
NSW1,2012/5/25 7:30,9274.14,26.56,TRADE
NSW1,2012/5/25 8:00,9740.69,29.73,TRADE
NSW1,2012/5/25 8:30,9864.94,30.33,TRADE
NSW1,2012/5/25 9:00,9855.99,29.86,TRADE
NSW1,2012/5/25 9:30,9875.53,30.79,TRADE
NSW1,2012/5/25 10:00,9892.51,30.62,TRADE
NSW1,2012/5/25 10:30,9878.72,30.7,TRADE
NSW1,2012/5/25 11:00,9890.48,31.67,TRADE
NSW1,2012/5/25 11:30,9771.69,29.16,TRADE
NSW1,2012/5/25 12:00,9691.68,29.52,TRADE
NSW1,2012/5/25 12:30,9553.13,28.29,TRADE
NSW1,2012/5/25 13:00,9502.22,28,TRADE
NSW1,2012/5/25 13:30,9387.25,27.87,TRADE
NSW1,2012/5/25 14:00,9252.42,27.79,TRADE
NSW1,2012/5/25 14:30,9222.41,27.8,TRADE
NSW1,2012/5/25 15:00,9161.57,27.7,TRADE
NSW1,2012/5/25 15:30,9167.36,27.7,TRADE
NSW1,2012/5/25 16:00,9306.52,28.37,TRADE
NSW1,2012/5/25 16:30,9469.2,29.57,TRADE
NSW1,2012/5/25 17:00,9834.26,31,TRADE
NSW1,2012/5/25 17:30,10467.14,33.25,TRADE
NSW1,2012/5/25 18:00,10938.33,41.2,TRADE
NSW1,2012/5/25 18:30,10967.16,66.91,TRADE
NSW1,2012/5/25 19:00,10773.29,49.24,TRADE
NSW1,2012/5/25 19:30,10565.51,46.81,TRADE
NSW1,2012/5/25 20:00,10307.81,38.75,TRADE
NSW1,2012/5/25 20:30,10171.55,39.03,TRADE
NSW1,2012/5/25 21:00,9942.65,33.19,TRADE
NSW1,2012/5/25 21:30,9622.47,30.58,TRADE
NSW1,2012/5/25 22:00,9399.19,30.38,TRADE
NSW1,2012/5/25 22:30,9480.65,34.31,TRADE
NSW1,2012/5/25 23:00,9221.9,31.93,TRADE
NSW1,2012/5/25 23:30,9176.47,35.75,TRADE
NSW1,2012/5/26 0:00,8965.08,33.18,TRADE
NSW1,2012/5/26 0:30,8714.31,31.45,TRADE
NSW1,2012/5/26 1:00,8411.08,30.08,TRADE
NSW1,2012/5/26 1:30,8173.55,31.93,TRADE
NSW1,2012/5/26 2:00,7885.78,31.03,TRADE
NSW1,2012/5/26 2:30,7497.28,27.76,TRADE
NSW1,2012/5/26 3:00,7224.99,25.64,TRADE
NSW1,2012/5/26 3:30,6976.2,24.03,TRADE
NSW1,2012/5/26 4:00,6831.17,22.98,TRADE
NSW1,2012/5/26 4:30,6747.44,22.95,TRADE
NSW1,2012/5/26 5:00,6767.16,22.44,TRADE
NSW1,2012/5/26 5:30,6841.54,23.49,TRADE
NSW1,2012/5/26 6:00,7075.99,24.96,TRADE
NSW1,2012/5/26 6:30,7372.38,26.9,TRADE
NSW1,2012/5/26 7:00,7691.68,27.33,TRADE
NSW1,2012/5/26 7:30,8124.56,28.49,TRADE
NSW1,2012/5/26 8:00,8683.3,32.88,TRADE
NSW1,2012/5/26 8:30,9060.58,33.04,TRADE
NSW1,2012/5/26 9:00,9277.94,37.21,TRADE
NSW1,2012/5/26 9:30,9390.22,38.29,TRADE
NSW1,2012/5/26 10:00,9344.3,38.28,TRADE
NSW1,2012/5/26 10:30,9254.35,38.14,TRADE
NSW1,2012/5/26 11:00,9071.01,33.02,TRADE
NSW1,2012/5/26 11:30,8913.2,32,TRADE
NSW1,2012/5/26 12:00,8777.48,32,TRADE
NSW1,2012/5/26 12:30,8725.21,31.97,TRADE
NSW1,2012/5/26 13:00,8614.74,31.96,TRADE
NSW1,2012/5/26 13:30,8542.69,32.39,TRADE
NSW1,2012/5/26 14:00,8493.73,32.01,TRADE
NSW1,2012/5/26 14:30,8492.05,31.97,TRADE
NSW1,2012/5/26 15:00,8558.96,31.94,TRADE
NSW1,2012/5/26 15:30,8609.51,31.95,TRADE
NSW1,2012/5/26 16:00,8750.1,32.29,TRADE
NSW1,2012/5/26 16:30,8954.47,36.63,TRADE
NSW1,2012/5/26 17:00,9378.4,38.57,TRADE
NSW1,2012/5/26 17:30,9866.54,43.47,TRADE
NSW1,2012/5/26 18:00,10332.7,68.04,TRADE
NSW1,2012/5/26 18:30,10246.31,40.65,TRADE
NSW1,2012/5/26 19:00,10042.35,37.17,TRADE
NSW1,2012/5/26 19:30,9797.89,40.74,TRADE
NSW1,2012/5/26 20:00,9529.94,36.88,TRADE
NSW1,2012/5/26 20:30,9436.23,37.64,TRADE
NSW1,2012/5/26 21:00,9314.46,36.9,TRADE
NSW1,2012/5/26 21:30,9134.07,32.17,TRADE
NSW1,2012/5/26 22:00,8985.23,30.69,TRADE
NSW1,2012/5/26 22:30,8912.83,34.08,TRADE
NSW1,2012/5/26 23:00,8704.97,38.07,TRADE
NSW1,2012/5/26 23:30,8597.23,34.29,TRADE
NSW1,2012/5/27 0:00,8425.01,35.85,TRADE
NSW1,2012/5/27 0:30,8077.1,32.62,TRADE
NSW1,2012/5/27 1:00,7826.18,30.89,TRADE
NSW1,2012/5/27 1:30,7630.82,31.37,TRADE
NSW1,2012/5/27 2:00,7393.42,27.51,TRADE
NSW1,2012/5/27 2:30,7075.85,22.15,TRADE
NSW1,2012/5/27 3:00,6891.57,22.63,TRADE
NSW1,2012/5/27 3:30,6732.16,21.57,TRADE
NSW1,2012/5/27 4:00,6618.13,21.75,TRADE
NSW1,2012/5/27 4:30,6588.63,19.81,TRADE
NSW1,2012/5/27 5:00,6628.01,22.3,TRADE
NSW1,2012/5/27 5:30,6692.22,22.46,TRADE
NSW1,2012/5/27 6:00,6822.93,22.44,TRADE
NSW1,2012/5/27 6:30,7054.79,22.52,TRADE
NSW1,2012/5/27 7:00,7267.47,22.6,TRADE
NSW1,2012/5/27 7:30,7562.77,23.79,TRADE
NSW1,2012/5/27 8:00,8026.59,25.39,TRADE
NSW1,2012/5/27 8:30,8468.64,26.79,TRADE
NSW1,2012/5/27 9:00,8701.92,25.83,TRADE
NSW1,2012/5/27 9:30,8863.04,28.32,TRADE
NSW1,2012/5/27 10:00,8871.06,28.37,TRADE
NSW1,2012/5/27 10:30,8879.56,27.7,TRADE
NSW1,2012/5/27 11:00,8743.08,27.24,TRADE
NSW1,2012/5/27 11:30,8593.24,25.88,TRADE
NSW1,2012/5/27 12:00,8437.88,25.51,TRADE
NSW1,2012/5/27 12:30,8343.54,25.3,TRADE
NSW1,2012/5/27 13:00,8291.92,24.9,TRADE
NSW1,2012/5/27 13:30,8113.79,24.72,TRADE
NSW1,2012/5/27 14:00,8097.34,25.19,TRADE
NSW1,2012/5/27 14:30,8058.84,24.43,TRADE
NSW1,2012/5/27 15:00,8088.33,24.8,TRADE
NSW1,2012/5/27 15:30,8182.9,25.44,TRADE
NSW1,2012/5/27 16:00,8366.95,26.38,TRADE
NSW1,2012/5/27 16:30,8634.24,27.85,TRADE
NSW1,2012/5/27 17:00,9109.14,30.69,TRADE
NSW1,2012/5/27 17:30,9750.93,39.86,TRADE
NSW1,2012/5/27 18:00,10329.92,43.85,TRADE
NSW1,2012/5/27 18:30,10375.32,43.52,TRADE
NSW1,2012/5/27 19:00,10227.47,41.06,TRADE
NSW1,2012/5/27 19:30,10019.73,35.48,TRADE
NSW1,2012/5/27 20:00,9834.79,32.98,TRADE
NSW1,2012/5/27 20:30,9725.06,31.48,TRADE
NSW1,2012/5/27 21:00,9571.6,30.26,TRADE
NSW1,2012/5/27 21:30,9277.67,27,TRADE
NSW1,2012/5/27 22:00,8955.37,25.05,TRADE
NSW1,2012/5/27 22:30,8794.6,27.05,TRADE
NSW1,2012/5/27 23:00,8480.87,25.01,TRADE
NSW1,2012/5/27 23:30,8366.22,28.01,TRADE
NSW1,2012/5/28 0:00,8173.31,27.33,TRADE
NSW1,2012/5/28 0:30,7857.29,23.83,TRADE
NSW1,2012/5/28 1:00,7667.59,22.57,TRADE
NSW1,2012/5/28 1:30,7514.29,22.01,TRADE
NSW1,2012/5/28 2:00,7356.47,20.63,TRADE
NSW1,2012/5/28 2:30,7028.57,20.8,TRADE
NSW1,2012/5/28 3:00,6886.29,22.06,TRADE
NSW1,2012/5/28 3:30,6764.46,22.24,TRADE
NSW1,2012/5/28 4:00,6733.56,18.87,TRADE
NSW1,2012/5/28 4:30,6695.15,16.85,TRADE
NSW1,2012/5/28 5:00,6872.4,22.52,TRADE
NSW1,2012/5/28 5:30,7238.46,23.32,TRADE
NSW1,2012/5/28 6:00,7674.78,25.77,TRADE
NSW1,2012/5/28 6:30,8558.03,27.45,TRADE
NSW1,2012/5/28 7:00,9297.51,31.94,TRADE
NSW1,2012/5/28 7:30,9772.45,30.13,TRADE
NSW1,2012/5/28 8:00,10220.27,31.97,TRADE
NSW1,2012/5/28 8:30,10318.65,31.46,TRADE
NSW1,2012/5/28 9:00,10145.34,31.41,TRADE
NSW1,2012/5/28 9:30,10034.06,31.46,TRADE
NSW1,2012/5/28 10:00,9979.85,30.8,TRADE
NSW1,2012/5/28 10:30,9880.17,30.16,TRADE
NSW1,2012/5/28 11:00,9795.15,29.65,TRADE
NSW1,2012/5/28 11:30,9585.64,29.37,TRADE
NSW1,2012/5/28 12:00,9466.49,28.57,TRADE
NSW1,2012/5/28 12:30,9410.28,28.94,TRADE
NSW1,2012/5/28 13:00,9358.4,28.25,TRADE
NSW1,2012/5/28 13:30,9322.08,29.01,TRADE
NSW1,2012/5/28 14:00,9312.23,29.39,TRADE
NSW1,2012/5/28 14:30,9301.03,29.2,TRADE
NSW1,2012/5/28 15:00,9246.78,28.97,TRADE
NSW1,2012/5/28 15:30,9243.71,28.43,TRADE
NSW1,2012/5/28 16:00,9357.86,29.58,TRADE
NSW1,2012/5/28 16:30,9553.99,30.33,TRADE
NSW1,2012/5/28 17:00,10041.44,31.43,TRADE
NSW1,2012/5/28 17:30,10799.48,33.35,TRADE
NSW1,2012/5/28 18:00,11364.32,38.54,TRADE
NSW1,2012/5/28 18:30,11360.89,38.19,TRADE
NSW1,2012/5/28 19:00,11147.67,33.62,TRADE
NSW1,2012/5/28 19:30,10876.66,32.87,TRADE
NSW1,2012/5/28 20:00,10617.31,31.94,TRADE
NSW1,2012/5/28 20:30,10422.63,31.15,TRADE
NSW1,2012/5/28 21:00,10161.73,30.58,TRADE
NSW1,2012/5/28 21:30,9781.95,27.99,TRADE
NSW1,2012/5/28 22:00,9466.29,26.28,TRADE
NSW1,2012/5/28 22:30,9411.08,32.21,TRADE
NSW1,2012/5/28 23:00,9139.64,30.44,TRADE
NSW1,2012/5/28 23:30,8936.6,31.72,TRADE
NSW1,2012/5/29 0:00,8821.27,31.7,TRADE
NSW1,2012/5/29 0:30,8570.79,28.96,TRADE
NSW1,2012/5/29 1:00,8394.97,26,TRADE
NSW1,2012/5/29 1:30,8202.91,26.7,TRADE
NSW1,2012/5/29 2:00,7956.36,22.95,TRADE
NSW1,2012/5/29 2:30,7643.29,22.58,TRADE
NSW1,2012/5/29 3:00,7322.98,20.33,TRADE
NSW1,2012/5/29 3:30,7142.42,17.98,TRADE
NSW1,2012/5/29 4:00,6970.37,17.22,TRADE
NSW1,2012/5/29 4:30,6960.36,21.06,TRADE
NSW1,2012/5/29 5:00,7064.85,22.7,TRADE
NSW1,2012/5/29 5:30,7320.66,22.82,TRADE
NSW1,2012/5/29 6:00,7775.59,26.93,TRADE
NSW1,2012/5/29 6:30,8625.44,29.95,TRADE
NSW1,2012/5/29 7:00,9412.63,30.29,TRADE
NSW1,2012/5/29 7:30,9884.26,30.67,TRADE
NSW1,2012/5/29 8:00,10272.05,32.22,TRADE
NSW1,2012/5/29 8:30,10294.56,32.12,TRADE
NSW1,2012/5/29 9:00,10124.3,31.13,TRADE
NSW1,2012/5/29 9:30,10114.73,32.71,TRADE
NSW1,2012/5/29 10:00,10049.7,32.11,TRADE
NSW1,2012/5/29 10:30,9994.26,31.94,TRADE
NSW1,2012/5/29 11:00,9883.57,31.94,TRADE
NSW1,2012/5/29 11:30,9730.77,31.32,TRADE
NSW1,2012/5/29 12:00,9631.81,31.37,TRADE
NSW1,2012/5/29 12:30,9536.54,30.43,TRADE
NSW1,2012/5/29 13:00,9489.48,30.27,TRADE
NSW1,2012/5/29 13:30,9481.91,31.66,TRADE
NSW1,2012/5/29 14:00,9408.88,29.82,TRADE
NSW1,2012/5/29 14:30,9374.43,29.02,TRADE
NSW1,2012/5/29 15:00,9356.29,28.97,TRADE
NSW1,2012/5/29 15:30,9329.72,28.85,TRADE
NSW1,2012/5/29 16:00,9439.39,30.16,TRADE
NSW1,2012/5/29 16:30,9600.25,30.08,TRADE
NSW1,2012/5/29 17:00,9974.69,30.88,TRADE
NSW1,2012/5/29 17:30,10667.57,35.3,TRADE
NSW1,2012/5/29 18:00,11198.67,39.21,TRADE
NSW1,2012/5/29 18:30,11183.01,38.36,TRADE
NSW1,2012/5/29 19:00,11063.99,36.39,TRADE
NSW1,2012/5/29 19:30,10797.32,32.83,TRADE
NSW1,2012/5/29 20:00,10549.47,31.94,TRADE
NSW1,2012/5/29 20:30,10396.79,33.15,TRADE
NSW1,2012/5/29 21:00,10189.5,31.71,TRADE
NSW1,2012/5/29 21:30,9879.27,30.99,TRADE
NSW1,2012/5/29 22:00,9505.05,28.74,TRADE
NSW1,2012/5/29 22:30,9400.24,30.8,TRADE
NSW1,2012/5/29 23:00,9120.29,30.02,TRADE
NSW1,2012/5/29 23:30,8995.87,29.84,TRADE
NSW1,2012/5/30 0:00,8857.48,31.29,TRADE
NSW1,2012/5/30 0:30,8599.95,28.02,TRADE
NSW1,2012/5/30 1:00,8383.98,25.03,TRADE
NSW1,2012/5/30 1:30,8235.19,31.43,TRADE
NSW1,2012/5/30 2:00,7996.04,26.48,TRADE
NSW1,2012/5/30 2:30,7605.31,23.48,TRADE
NSW1,2012/5/30 3:00,7299.93,23.06,TRADE
NSW1,2012/5/30 3:30,7041.38,18.47,TRADE
NSW1,2012/5/30 4:00,6939.41,18.25,TRADE
NSW1,2012/5/30 4:30,6903.74,16.12,TRADE
NSW1,2012/5/30 5:00,7022.95,22.58,TRADE
NSW1,2012/5/30 5:30,7320.67,23.71,TRADE
NSW1,2012/5/30 6:00,7765.54,25.92,TRADE
NSW1,2012/5/30 6:30,8620.54,29.74,TRADE
NSW1,2012/5/30 7:00,9440.31,30.34,TRADE
NSW1,2012/5/30 7:30,9886.92,29.85,TRADE
NSW1,2012/5/30 8:00,10241.78,36.17,TRADE
NSW1,2012/5/30 8:30,10272.68,34.34,TRADE
NSW1,2012/5/30 9:00,10066.48,31.88,TRADE
NSW1,2012/5/30 9:30,9994.16,31.46,TRADE
NSW1,2012/5/30 10:00,9908.53,31.42,TRADE
NSW1,2012/5/30 10:30,9798.76,30.51,TRADE
NSW1,2012/5/30 11:00,9688.82,30.54,TRADE
NSW1,2012/5/30 11:30,9522.54,28.82,TRADE
NSW1,2012/5/30 12:00,9383.93,27.82,TRADE
NSW1,2012/5/30 12:30,9348.01,27.76,TRADE
NSW1,2012/5/30 13:00,9305.33,27.86,TRADE
NSW1,2012/5/30 13:30,9267.61,29.74,TRADE
NSW1,2012/5/30 14:00,9208.31,29.18,TRADE
NSW1,2012/5/30 14:30,9173.65,28.9,TRADE
NSW1,2012/5/30 15:00,9173.59,28.1,TRADE
NSW1,2012/5/30 15:30,9168.65,28.39,TRADE
NSW1,2012/5/30 16:00,9297.26,29.46,TRADE
NSW1,2012/5/30 16:30,9479.28,29.89,TRADE
NSW1,2012/5/30 17:00,9840.96,29.96,TRADE
NSW1,2012/5/30 17:30,10561.78,34.51,TRADE
NSW1,2012/5/30 18:00,11094.39,39.52,TRADE
NSW1,2012/5/30 18:30,11065.68,39.52,TRADE
NSW1,2012/5/30 19:00,10901.41,39.52,TRADE
NSW1,2012/5/30 19:30,10680.11,32.95,TRADE
NSW1,2012/5/30 20:00,10459.94,32.64,TRADE
NSW1,2012/5/30 20:30,10278.16,34.75,TRADE
NSW1,2012/5/30 21:00,10088.49,36.57,TRADE
NSW1,2012/5/30 21:30,9820.36,33.52,TRADE
NSW1,2012/5/30 22:00,9477.58,29.46,TRADE
NSW1,2012/5/30 22:30,9477.13,31.93,TRADE
NSW1,2012/5/30 23:00,9168.39,31.39,TRADE
NSW1,2012/5/30 23:30,8991.49,31.04,TRADE
NSW1,2012/5/31 0:00,8821.17,31.89,TRADE
NSW1,2012/5/31 0:30,8567.84,30.64,TRADE
NSW1,2012/5/31 1:00,8374.32,29.97,TRADE
NSW1,2012/5/31 1:30,8182.14,31.84,TRADE
NSW1,2012/5/31 2:00,7966.07,31.09,TRADE
NSW1,2012/5/31 2:30,7581.11,23.83,TRADE
NSW1,2012/5/31 3:00,7262.35,22.49,TRADE
NSW1,2012/5/31 3:30,7025.96,22.39,TRADE
NSW1,2012/5/31 4:00,6914.75,22.39,TRADE
NSW1,2012/5/31 4:30,6875.54,22.6,TRADE
NSW1,2012/5/31 5:00,6969.2,22.7,TRADE
NSW1,2012/5/31 5:30,7276.34,23.85,TRADE
NSW1,2012/5/31 6:00,7715.28,26.93,TRADE
NSW1,2012/5/31 6:30,8531.04,29.37,TRADE
NSW1,2012/5/31 7:00,9272.28,31.37,TRADE
NSW1,2012/5/31 7:30,9682.45,31.48,TRADE
NSW1,2012/5/31 8:00,10009.19,36.68,TRADE
NSW1,2012/5/31 8:30,10026.02,36.3,TRADE
NSW1,2012/5/31 9:00,9933.49,31.6,TRADE
NSW1,2012/5/31 9:30,9871.69,30.83,TRADE
NSW1,2012/5/31 10:00,9792.45,31.71,TRADE
NSW1,2012/5/31 10:30,9732.68,31.46,TRADE
NSW1,2012/5/31 11:00,9647.87,31.3,TRADE
NSW1,2012/5/31 11:30,9447.9,30.09,TRADE
NSW1,2012/5/31 12:00,9318.04,28.54,TRADE
NSW1,2012/5/31 12:30,9260.15,27.7,TRADE
NSW1,2012/5/31 13:00,9190.86,27.7,TRADE
NSW1,2012/5/31 13:30,9202.44,27.82,TRADE
NSW1,2012/5/31 14:00,9185.97,27.96,TRADE
NSW1,2012/5/31 14:30,9164.54,27.7,TRADE
NSW1,2012/5/31 15:00,9141.35,27.58,TRADE
NSW1,2012/5/31 15:30,9084.68,26.45,TRADE
NSW1,2012/5/31 16:00,9242.81,26.37,TRADE
NSW1,2012/5/31 16:30,9426.96,27.8,TRADE
NSW1,2012/5/31 17:00,9739.65,28.32,TRADE
NSW1,2012/5/31 17:30,10393.36,33.49,TRADE
NSW1,2012/5/31 18:00,10884.26,38.55,TRADE
NSW1,2012/5/31 18:30,10901.26,35.19,TRADE
NSW1,2012/5/31 19:00,10764.29,33.16,TRADE
NSW1,2012/5/31 19:30,10498.63,31.35,TRADE
NSW1,2012/5/31 20:00,10321.28,31.93,TRADE
NSW1,2012/5/31 20:30,10135.43,32.2,TRADE
NSW1,2012/5/31 21:00,9946.07,30.13,TRADE
NSW1,2012/5/31 21:30,9644.17,28.46,TRADE
NSW1,2012/5/31 22:00,9299.2,26.09,TRADE
NSW1,2012/5/31 22:30,9299.69,29.97,TRADE
NSW1,2012/5/31 23:00,9011.66,29.07,TRADE
NSW1,2012/5/31 23:30,8881.74,28.6,TRADE
NSW1,2012/6/1 0:00,8764.13,29.83,TRADE
?NSW1,2012/6/1 0:30,8506.26,26.62,TRADE
NSW1,2012/6/1 1:00,8314.28,26.92,TRADE
NSW1,2012/6/1 1:30,8098.45,31.11,TRADE
NSW1,2012/6/1 2:00,7834.31,25.99,TRADE
NSW1,2012/6/1 2:30,7475.86,23.9,TRADE
NSW1,2012/6/1 3:00,7220.44,22.52,TRADE
NSW1,2012/6/1 3:30,6982.67,16.64,TRADE
NSW1,2012/6/1 4:00,6889.65,16.15,TRADE
NSW1,2012/6/1 4:30,6873.57,15.94,TRADE
NSW1,2012/6/1 5:00,6937.04,21.43,TRADE
NSW1,2012/6/1 5:30,7240.67,22.66,TRADE
NSW1,2012/6/1 6:00,7666.96,25.93,TRADE
NSW1,2012/6/1 6:30,8419.48,27.19,TRADE
NSW1,2012/6/1 7:00,9223.03,28.59,TRADE
NSW1,2012/6/1 7:30,9613.52,27.08,TRADE
NSW1,2012/6/1 8:00,9993.45,28.11,TRADE
NSW1,2012/6/1 8:30,10060.49,28.68,TRADE
NSW1,2012/6/1 9:00,9959.06,27.81,TRADE
NSW1,2012/6/1 9:30,9954.07,27.81,TRADE
NSW1,2012/6/1 10:00,9885.28,27.8,TRADE
NSW1,2012/6/1 10:30,9812,27.77,TRADE
NSW1,2012/6/1 11:00,9701.34,27.8,TRADE
NSW1,2012/6/1 11:30,9534.09,27.8,TRADE
NSW1,2012/6/1 12:00,9503.06,28.04,TRADE
NSW1,2012/6/1 12:30,9477.42,27.8,TRADE
NSW1,2012/6/1 13:00,9364.43,27.77,TRADE
NSW1,2012/6/1 13:30,9331.07,27.8,TRADE
NSW1,2012/6/1 14:00,9288.7,27.8,TRADE
NSW1,2012/6/1 14:30,9220.31,27.76,TRADE
NSW1,2012/6/1 15:00,9215.55,27.86,TRADE
NSW1,2012/6/1 15:30,9246.84,27.97,TRADE
NSW1,2012/6/1 16:00,9423.43,27.92,TRADE
NSW1,2012/6/1 16:30,9587.04,27.74,TRADE
NSW1,2012/6/1 17:00,9986.83,30.73,TRADE
NSW1,2012/6/1 17:30,10456.78,34.15,TRADE
NSW1,2012/6/1 18:00,10693.58,38.38,TRADE
NSW1,2012/6/1 18:30,10529.77,39.27,TRADE
NSW1,2012/6/1 19:00,10340.93,36.31,TRADE
NSW1,2012/6/1 19:30,10125.15,32.33,TRADE
NSW1,2012/6/1 20:00,9853.54,31.78,TRADE
NSW1,2012/6/1 20:30,9678.97,30.25,TRADE
NSW1,2012/6/1 21:00,9500.83,28.69,TRADE
NSW1,2012/6/1 21:30,9220.74,27.89,TRADE
NSW1,2012/6/1 22:00,9011.93,27.35,TRADE
NSW1,2012/6/1 22:30,9073.56,31.54,TRADE
NSW1,2012/6/1 23:00,8918,31.24,TRADE
NSW1,2012/6/1 23:30,8882.18,31.39,TRADE
NSW1,2012/6/2 0:00,8740.93,29.47,TRADE
NSW1,2012/6/2 0:30,8482.88,30.02,TRADE
NSW1,2012/6/2 1:00,8231.63,27.79,TRADE
NSW1,2012/6/2 1:30,8049.62,29.45,TRADE
NSW1,2012/6/2 2:00,7707.29,24.31,TRADE
NSW1,2012/6/2 2:30,7359.98,22.88,TRADE
NSW1,2012/6/2 3:00,7048.22,22.47,TRADE
NSW1,2012/6/2 3:30,6799.54,22.36,TRADE
NSW1,2012/6/2 4:00,6639.9,22.38,TRADE
NSW1,2012/6/2 4:30,6576.72,22.35,TRADE
NSW1,2012/6/2 5:00,6573,22.44,TRADE
NSW1,2012/6/2 5:30,6669.4,22.49,TRADE
NSW1,2012/6/2 6:00,6837.35,22.6,TRADE
NSW1,2012/6/2 6:30,7101.16,23.23,TRADE
NSW1,2012/6/2 7:00,7386.5,25.18,TRADE
NSW1,2012/6/2 7:30,7688.18,25.67,TRADE
NSW1,2012/6/2 8:00,8221.94,27.17,TRADE
NSW1,2012/6/2 8:30,8729.96,28.69,TRADE
NSW1,2012/6/2 9:00,8987.22,30.35,TRADE
NSW1,2012/6/2 9:30,9265.33,34.5,TRADE
NSW1,2012/6/2 10:00,9297.1,32.29,TRADE
NSW1,2012/6/2 10:30,9351.31,31.39,TRADE
NSW1,2012/6/2 11:00,9219.13,30.19,TRADE
NSW1,2012/6/2 11:30,9130.03,29.54,TRADE
NSW1,2012/6/2 12:00,9106.33,28.23,TRADE
NSW1,2012/6/2 12:30,9075.87,27.8,TRADE
NSW1,2012/6/2 13:00,9087.16,29.29,TRADE
NSW1,2012/6/2 13:30,9006.33,27.79,TRADE
NSW1,2012/6/2 14:00,9053.87,27.98,TRADE
NSW1,2012/6/2 14:30,9032.52,28.28,TRADE
NSW1,2012/6/2 15:00,9042.64,27.81,TRADE
NSW1,2012/6/2 15:30,9161.04,29.57,TRADE
NSW1,2012/6/2 16:00,9206.04,30.42,TRADE
NSW1,2012/6/2 16:30,9374.75,31.51,TRADE
NSW1,2012/6/2 17:00,9735.32,35.41,TRADE
NSW1,2012/6/2 17:30,10000.19,38.95,TRADE
NSW1,2012/6/2 18:00,10224.45,39.28,TRADE
NSW1,2012/6/2 18:30,10090.54,36.3,TRADE
NSW1,2012/6/2 19:00,9814.7,31.38,TRADE
NSW1,2012/6/2 19:30,9543.38,30.71,TRADE
NSW1,2012/6/2 20:00,9276.7,30.14,TRADE
NSW1,2012/6/2 20:30,9072.62,30.02,TRADE
NSW1,2012/6/2 21:00,8921.64,28.17,TRADE
NSW1,2012/6/2 21:30,8693.52,27.7,TRADE
NSW1,2012/6/2 22:00,8521.61,26.15,TRADE
NSW1,2012/6/2 22:30,8443.71,27.76,TRADE
NSW1,2012/6/2 23:00,8327.03,27.67,TRADE
NSW1,2012/6/2 23:30,8229.91,28.79,TRADE
NSW1,2012/6/3 0:00,8067.57,27.84,TRADE
NSW1,2012/6/3 0:30,7703.17,25.7,TRADE
NSW1,2012/6/3 1:00,7503.44,24.91,TRADE
NSW1,2012/6/3 1:30,7316.29,23.33,TRADE
NSW1,2012/6/3 2:00,7091.83,22.44,TRADE
NSW1,2012/6/3 2:30,6775.73,18.15,TRADE
NSW1,2012/6/3 3:00,6532.86,15.03,TRADE
NSW1,2012/6/3 3:30,6359.47,14.82,TRADE
NSW1,2012/6/3 4:00,6287.75,15.03,TRADE
NSW1,2012/6/3 4:30,6251.25,21.49,TRADE
NSW1,2012/6/3 5:00,6232.98,17.5,TRADE
NSW1,2012/6/3 5:30,6338.34,21.39,TRADE
NSW1,2012/6/3 6:00,6430.36,21.75,TRADE
NSW1,2012/6/3 6:30,6655.49,21.66,TRADE
NSW1,2012/6/3 7:00,6820.32,22.49,TRADE
NSW1,2012/6/3 7:30,7081,22.7,TRADE
NSW1,2012/6/3 8:00,7502.86,24.05,TRADE
NSW1,2012/6/3 8:30,7975.5,27.31,TRADE
NSW1,2012/6/3 9:00,8372.79,27.73,TRADE
NSW1,2012/6/3 9:30,8766.21,29.12,TRADE
NSW1,2012/6/3 10:00,8943.66,29.29,TRADE
NSW1,2012/6/3 10:30,9109.33,31.3,TRADE
NSW1,2012/6/3 11:00,9119.29,30.17,TRADE
NSW1,2012/6/3 11:30,9130.56,30.04,TRADE
NSW1,2012/6/3 12:00,9136.52,29.65,TRADE
NSW1,2012/6/3 12:30,9128,30.04,TRADE
NSW1,2012/6/3 13:00,9043.77,29.81,TRADE
NSW1,2012/6/3 13:30,8980.09,29.55,TRADE
NSW1,2012/6/3 14:00,8919.95,28.4,TRADE
NSW1,2012/6/3 14:30,8888.49,30.01,TRADE
NSW1,2012/6/3 15:00,8889.38,29.33,TRADE
NSW1,2012/6/3 15:30,8902,29.23,TRADE
NSW1,2012/6/3 16:00,8985.17,30.04,TRADE
NSW1,2012/6/3 16:30,9150.49,31.12,TRADE
NSW1,2012/6/3 17:00,9503.79,32.76,TRADE
NSW1,2012/6/3 17:30,9898.86,33.74,TRADE
NSW1,2012/6/3 18:00,10262.91,39.29,TRADE
NSW1,2012/6/3 18:30,10289.52,39.52,TRADE
NSW1,2012/6/3 19:00,10080.64,35.17,TRADE
NSW1,2012/6/3 19:30,9814.16,31.93,TRADE
NSW1,2012/6/3 20:00,9588.71,31.72,TRADE
NSW1,2012/6/3 20:30,9464.5,32.94,TRADE
NSW1,2012/6/3 21:00,9278.83,32.28,TRADE
NSW1,2012/6/3 21:30,8993.53,31.22,TRADE
NSW1,2012/6/3 22:00,8666.12,29,TRADE
NSW1,2012/6/3 22:30,8603.51,28.63,TRADE
NSW1,2012/6/3 23:00,8311.41,27.43,TRADE
NSW1,2012/6/3 23:30,8161.9,29.46,TRADE
NSW1,2012/6/4 0:00,7987.69,27.72,TRADE
NSW1,2012/6/4 0:30,7694.17,24.33,TRADE
NSW1,2012/6/4 1:00,7409.49,22.66,TRADE
NSW1,2012/6/4 1:30,7297.64,22.86,TRADE
NSW1,2012/6/4 2:00,7135.15,22.16,TRADE
NSW1,2012/6/4 2:30,6833.14,21.09,TRADE
NSW1,2012/6/4 3:00,6642.25,18.92,TRADE
NSW1,2012/6/4 3:30,6519.11,14.56,TRADE
NSW1,2012/6/4 4:00,6465.5,14.95,TRADE
NSW1,2012/6/4 4:30,6466.19,16.45,TRADE
NSW1,2012/6/4 5:00,6655.37,22.22,TRADE
NSW1,2012/6/4 5:30,6951.08,23.27,TRADE
NSW1,2012/6/4 6:00,7418.26,26.38,TRADE
NSW1,2012/6/4 6:30,8185.34,27.19,TRADE
NSW1,2012/6/4 7:00,8916.96,30.01,TRADE
NSW1,2012/6/4 7:30,9419.28,29.01,TRADE
NSW1,2012/6/4 8:00,9834.38,31.85,TRADE
NSW1,2012/6/4 8:30,9900.26,33.1,TRADE
NSW1,2012/6/4 9:00,9816.71,30.01,TRADE
NSW1,2012/6/4 9:30,9789.49,30.59,TRADE
NSW1,2012/6/4 10:00,9688.73,30.16,TRADE
NSW1,2012/6/4 10:30,9648.82,29.26,TRADE
NSW1,2012/6/4 11:00,9523.8,28.4,TRADE
NSW1,2012/6/4 11:30,9352.66,28.49,TRADE
NSW1,2012/6/4 12:00,9291.12,28.62,TRADE
NSW1,2012/6/4 12:30,9257.88,28.64,TRADE
NSW1,2012/6/4 13:00,9232.55,29.22,TRADE
NSW1,2012/6/4 13:30,9194.43,28.99,TRADE
NSW1,2012/6/4 14:00,9204.13,29.31,TRADE
NSW1,2012/6/4 14:30,9201.21,28.82,TRADE
NSW1,2012/6/4 15:00,9119.06,28.11,TRADE
NSW1,2012/6/4 15:30,9083.86,27.8,TRADE
NSW1,2012/6/4 16:00,9219.06,27.8,TRADE
NSW1,2012/6/4 16:30,9528.09,29.36,TRADE
NSW1,2012/6/4 17:00,9859.65,31.07,TRADE
NSW1,2012/6/4 17:30,10537.85,31.94,TRADE
NSW1,2012/6/4 18:00,11010.85,33.22,TRADE
NSW1,2012/6/4 18:30,10966.05,31.32,TRADE
NSW1,2012/6/4 19:00,10822.09,29.35,TRADE
NSW1,2012/6/4 19:30,10592.98,28.54,TRADE
NSW1,2012/6/4 20:00,10440.44,28.44,TRADE
NSW1,2012/6/4 20:30,10237.54,27.61,TRADE
NSW1,2012/6/4 21:00,10019.1,27.8,TRADE
NSW1,2012/6/4 21:30,9716.88,26.67,TRADE
NSW1,2012/6/4 22:00,9397.49,25.49,TRADE
NSW1,2012/6/4 22:30,9381.27,29.47,TRADE
NSW1,2012/6/4 23:00,9034.6,27.22,TRADE
NSW1,2012/6/4 23:30,8889.46,27.58,TRADE
NSW1,2012/6/5 0:00,8750.36,28.11,TRADE
NSW1,2012/6/5 0:30,8460.51,25.86,TRADE
NSW1,2012/6/5 1:00,8244.59,22.75,TRADE
NSW1,2012/6/5 1:30,8062.66,23.27,TRADE
NSW1,2012/6/5 2:00,7822.17,20,TRADE
NSW1,2012/6/5 2:30,7433.08,19.44,TRADE
NSW1,2012/6/5 3:00,7167.99,18.25,TRADE
NSW1,2012/6/5 3:30,6903.36,10.32,TRADE
NSW1,2012/6/5 4:00,6833.17,15.03,TRADE
NSW1,2012/6/5 4:30,6771.21,16.05,TRADE
NSW1,2012/6/5 5:00,6899.59,17.15,TRADE
NSW1,2012/6/5 5:30,7165.48,22.53,TRADE
NSW1,2012/6/5 6:00,7631.24,23.51,TRADE
NSW1,2012/6/5 6:30,8513.8,26.83,TRADE
NSW1,2012/6/5 7:00,9270.87,27.98,TRADE
NSW1,2012/6/5 7:30,9795.04,26.97,TRADE
NSW1,2012/6/5 8:00,10202.28,27.9,TRADE
NSW1,2012/6/5 8:30,10385.31,28.16,TRADE
NSW1,2012/6/5 9:00,10285.05,27.64,TRADE
NSW1,2012/6/5 9:30,10239.32,29.42,TRADE
NSW1,2012/6/5 10:00,10174.97,29.76,TRADE
NSW1,2012/6/5 10:30,10185.48,28.84,TRADE
NSW1,2012/6/5 11:00,10102.6,28.06,TRADE
NSW1,2012/6/5 11:30,9906.63,27.33,TRADE
NSW1,2012/6/5 12:00,9772.93,27.64,TRADE
NSW1,2012/6/5 12:30,9809.07,26.95,TRADE
NSW1,2012/6/5 13:00,9713.13,26.78,TRADE
NSW1,2012/6/5 13:30,9813.93,28.02,TRADE
NSW1,2012/6/5 14:00,9839.6,27.8,TRADE
NSW1,2012/6/5 14:30,9991.11,28.21,TRADE
NSW1,2012/6/5 15:00,9982.74,27.6,TRADE
NSW1,2012/6/5 15:30,10134.17,29.59,TRADE
NSW1,2012/6/5 16:00,10588.58,31.69,TRADE
NSW1,2012/6/5 16:30,10975.61,31.96,TRADE
NSW1,2012/6/5 17:00,11417.77,35.23,TRADE
NSW1,2012/6/5 17:30,11857.73,38.94,TRADE
NSW1,2012/6/5 18:00,12152.87,43.41,TRADE
NSW1,2012/6/5 18:30,12059.35,42.23,TRADE
NSW1,2012/6/5 19:00,11843.8,38.22,TRADE
NSW1,2012/6/5 19:30,11484.31,36.01,TRADE
NSW1,2012/6/5 20:00,11174.85,36.25,TRADE
NSW1,2012/6/5 20:30,10929.97,40.32,TRADE
NSW1,2012/6/5 21:00,10609.1,30.5,TRADE
NSW1,2012/6/5 21:30,10222.81,29.4,TRADE
NSW1,2012/6/5 22:00,9840.55,28.43,TRADE
NSW1,2012/6/5 22:30,9728.99,33.66,TRADE
NSW1,2012/6/5 23:00,9362.96,30.7,TRADE
NSW1,2012/6/5 23:30,9223.12,29.83,TRADE
NSW1,2012/6/6 0:00,9037.57,29.46,TRADE
NSW1,2012/6/6 0:30,8694.17,28.88,TRADE
NSW1,2012/6/6 1:00,8478.3,26.89,TRADE
NSW1,2012/6/6 1:30,8281,29.22,TRADE
NSW1,2012/6/6 2:00,8063.02,28.53,TRADE
NSW1,2012/6/6 2:30,7694.84,23.73,TRADE
NSW1,2012/6/6 3:00,7432.87,24.87,TRADE
NSW1,2012/6/6 3:30,7138.75,23.91,TRADE
NSW1,2012/6/6 4:00,7017.18,24.28,TRADE
NSW1,2012/6/6 4:30,6984.26,24.62,TRADE
NSW1,2012/6/6 5:00,7056.13,27.48,TRADE
NSW1,2012/6/6 5:30,7370.25,31.49,TRADE
NSW1,2012/6/6 6:00,7836.32,31.93,TRADE
NSW1,2012/6/6 6:30,8643.25,35.54,TRADE
NSW1,2012/6/6 7:00,9460.47,43.3,TRADE
NSW1,2012/6/6 7:30,9952.47,44.91,TRADE
NSW1,2012/6/6 8:00,10383.97,47.29,TRADE
NSW1,2012/6/6 8:30,10468.18,44.26,TRADE
NSW1,2012/6/6 9:00,10340.38,34.39,TRADE
NSW1,2012/6/6 9:30,10272.3,42.26,TRADE
NSW1,2012/6/6 10:00,10255.54,44.28,TRADE
NSW1,2012/6/6 10:30,10206.12,41.1,TRADE
NSW1,2012/6/6 11:00,10131.45,34.56,TRADE
NSW1,2012/6/6 11:30,9988.58,31.55,TRADE
NSW1,2012/6/6 12:00,9911.72,33.5,TRADE
NSW1,2012/6/6 12:30,9717.03,31.79,TRADE
NSW1,2012/6/6 13:00,9771.09,38.25,TRADE
NSW1,2012/6/6 13:30,9784.83,38.08,TRADE
NSW1,2012/6/6 14:00,9812.97,44.34,TRADE
NSW1,2012/6/6 14:30,9841.52,40.7,TRADE
NSW1,2012/6/6 15:00,9781.66,38.35,TRADE
NSW1,2012/6/6 15:30,9807.19,39.43,TRADE
NSW1,2012/6/6 16:00,10009.97,41.6,TRADE
NSW1,2012/6/6 16:30,10305.12,38.66,TRADE
NSW1,2012/6/6 17:00,10761.02,44.09,TRADE
NSW1,2012/6/6 17:30,11412.13,46.08,TRADE
NSW1,2012/6/6 18:00,11874.83,83.67,TRADE
NSW1,2012/6/6 18:30,11808.58,52.61,TRADE
NSW1,2012/6/6 19:00,11654.05,48.05,TRADE
NSW1,2012/6/6 19:30,11411.12,42.51,TRADE
NSW1,2012/6/6 20:00,11147.87,43.01,TRADE
NSW1,2012/6/6 20:30,10951.01,44.93,TRADE
NSW1,2012/6/6 21:00,10766.64,40.68,TRADE
NSW1,2012/6/6 21:30,10372.67,33.69,TRADE
NSW1,2012/6/6 22:00,10015.16,29.61,TRADE
NSW1,2012/6/6 22:30,9907.5,44.05,TRADE
NSW1,2012/6/6 23:00,9531.59,43.51,TRADE
NSW1,2012/6/6 23:30,9320.91,38.54,TRADE
NSW1,2012/6/7 0:00,9137.2,36.12,TRADE
NSW1,2012/6/7 0:30,8875.05,36.15,TRADE
NSW1,2012/6/7 1:00,8635.28,33.77,TRADE
NSW1,2012/6/7 1:30,8449.22,32,TRADE
NSW1,2012/6/7 2:00,8189.99,31.26,TRADE
NSW1,2012/6/7 2:30,7831.74,30.91,TRADE
NSW1,2012/6/7 3:00,7520.47,27.76,TRADE
NSW1,2012/6/7 3:30,7280.11,27.8,TRADE
NSW1,2012/6/7 4:00,7187.62,30.69,TRADE
NSW1,2012/6/7 4:30,7160.48,31.91,TRADE
NSW1,2012/6/7 5:00,7260.38,31.91,TRADE
NSW1,2012/6/7 5:30,7608.72,33.18,TRADE
NSW1,2012/6/7 6:00,8030.28,35.12,TRADE
NSW1,2012/6/7 6:30,8857.05,38.65,TRADE
NSW1,2012/6/7 7:00,9690.35,43.64,TRADE
NSW1,2012/6/7 7:30,10202.28,39.34,TRADE
NSW1,2012/6/7 8:00,10540.94,42.37,TRADE
NSW1,2012/6/7 8:30,10650.1,48.72,TRADE
NSW1,2012/6/7 9:00,10468.99,36.19,TRADE
NSW1,2012/6/7 9:30,10383.05,53.13,TRADE
NSW1,2012/6/7 10:00,10198.81,36.08,TRADE
NSW1,2012/6/7 10:30,10109.78,39.49,TRADE
NSW1,2012/6/7 11:00,10011,40.12,TRADE
NSW1,2012/6/7 11:30,9779.77,31.36,TRADE
NSW1,2012/6/7 12:00,9642.08,31.05,TRADE
NSW1,2012/6/7 12:30,9550.02,26.76,TRADE
NSW1,2012/6/7 13:00,9410.43,27.64,TRADE
NSW1,2012/6/7 13:30,9354.86,27.8,TRADE
NSW1,2012/6/7 14:00,9321.27,27.91,TRADE
NSW1,2012/6/7 14:30,9313.07,27.8,TRADE
NSW1,2012/6/7 15:00,9274.76,27.56,TRADE
NSW1,2012/6/7 15:30,9256.74,27.8,TRADE
NSW1,2012/6/7 16:00,9418.2,28.99,TRADE
NSW1,2012/6/7 16:30,9698.02,35.21,TRADE
NSW1,2012/6/7 17:00,10175.68,41.87,TRADE
NSW1,2012/6/7 17:30,10953.62,41.54,TRADE
NSW1,2012/6/7 18:00,11542.2,46.93,TRADE
NSW1,2012/6/7 18:30,11597.89,44.75,TRADE
NSW1,2012/6/7 19:00,11526.61,42.9,TRADE
NSW1,2012/6/7 19:30,11319.31,42.51,TRADE
NSW1,2012/6/7 20:00,11139.54,44.53,TRADE
NSW1,2012/6/7 20:30,11016.33,46.32,TRADE
NSW1,2012/6/7 21:00,10889.49,44.25,TRADE
NSW1,2012/6/7 21:30,10555.61,43.39,TRADE
NSW1,2012/6/7 22:00,10199.77,40.57,TRADE
NSW1,2012/6/7 22:30,10092.96,48.94,TRADE
NSW1,2012/6/7 23:00,9785.1,41.65,TRADE
NSW1,2012/6/7 23:30,9537.26,43.46,TRADE
NSW1,2012/6/8 0:00,9265.35,36.36,TRADE
NSW1,2012/6/8 0:30,8975.49,34.93,TRADE
NSW1,2012/6/8 1:00,8730.71,38.91,TRADE
NSW1,2012/6/8 1:30,8560.25,36.62,TRADE
NSW1,2012/6/8 2:00,8305.82,31.83,TRADE
NSW1,2012/6/8 2:30,7934.21,31.65,TRADE
NSW1,2012/6/8 3:00,7629.19,27.94,TRADE
NSW1,2012/6/8 3:30,7354.73,24.55,TRADE
NSW1,2012/6/8 4:00,7242.41,22.66,TRADE
NSW1,2012/6/8 4:30,7231.74,22.69,TRADE
NSW1,2012/6/8 5:00,7313.76,23.31,TRADE
NSW1,2012/6/8 5:30,7663.42,26.28,TRADE
NSW1,2012/6/8 6:00,8115.29,29.95,TRADE
NSW1,2012/6/8 6:30,9021.26,36.97,TRADE
NSW1,2012/6/8 7:00,9890.17,43.52,TRADE
NSW1,2012/6/8 7:30,10398.38,45.55,TRADE
NSW1,2012/6/8 8:00,10923.46,47.28,TRADE
NSW1,2012/6/8 8:30,11000.44,49.69,TRADE
NSW1,2012/6/8 9:00,10767.9,48.99,TRADE
NSW1,2012/6/8 9:30,10690.59,47.25,TRADE
NSW1,2012/6/8 10:00,10526.02,44.68,TRADE
NSW1,2012/6/8 10:30,10375.85,43,TRADE
NSW1,2012/6/8 11:00,10135.81,40.05,TRADE
NSW1,2012/6/8 11:30,9926.65,37.81,TRADE
NSW1,2012/6/8 12:00,9768.94,36.2,TRADE
NSW1,2012/6/8 12:30,9600.78,31.21,TRADE
NSW1,2012/6/8 13:00,9463.23,31.63,TRADE
NSW1,2012/6/8 13:30,9359.74,32.44,TRADE
NSW1,2012/6/8 14:00,9323.44,33.52,TRADE
NSW1,2012/6/8 14:30,9272.25,35.17,TRADE
NSW1,2012/6/8 15:00,9294.51,34.58,TRADE
NSW1,2012/6/8 15:30,9235.7,33.58,TRADE
NSW1,2012/6/8 16:00,9482.4,35.85,TRADE
NSW1,2012/6/8 16:30,9720.49,37.28,TRADE
NSW1,2012/6/8 17:00,10202.32,42.36,TRADE
NSW1,2012/6/8 17:30,11015.62,48.39,TRADE
NSW1,2012/6/8 18:00,11504.56,44.84,TRADE
NSW1,2012/6/8 18:30,11493.41,43.55,TRADE
NSW1,2012/6/8 19:00,11361.61,40.95,TRADE
NSW1,2012/6/8 19:30,11143.54,38.29,TRADE
NSW1,2012/6/8 20:00,10893.55,42.11,TRADE
NSW1,2012/6/8 20:30,10806.59,46.23,TRADE
NSW1,2012/6/8 21:00,10647.08,44.33,TRADE
NSW1,2012/6/8 21:30,10383.6,41.8,TRADE
NSW1,2012/6/8 22:00,10109.12,36.74,TRADE
NSW1,2012/6/8 22:30,10095.83,45.68,TRADE
NSW1,2012/6/8 23:00,9862.26,40.01,TRADE
NSW1,2012/6/8 23:30,9676.38,42.52,TRADE
NSW1,2012/6/9 0:00,9530.91,41.59,TRADE
NSW1,2012/6/9 0:30,9151.12,43.6,TRADE
NSW1,2012/6/9 1:00,8915.04,39.14,TRADE
NSW1,2012/6/9 1:30,8688.09,36.93,TRADE
NSW1,2012/6/9 2:00,8389.69,33.9,TRADE
NSW1,2012/6/9 2:30,8016.84,31.93,TRADE
NSW1,2012/6/9 3:00,7645.2,31.92,TRADE
NSW1,2012/6/9 3:30,7391.93,29.57,TRADE
NSW1,2012/6/9 4:00,7238.71,27.58,TRADE
NSW1,2012/6/9 4:30,7101.82,26.36,TRADE
NSW1,2012/6/9 5:00,7188.99,27.65,TRADE
NSW1,2012/6/9 5:30,7220.98,27.33,TRADE
NSW1,2012/6/9 6:00,7393.97,27.16,TRADE
NSW1,2012/6/9 6:30,7770.32,28.12,TRADE
NSW1,2012/6/9 7:00,8094.85,30,TRADE
NSW1,2012/6/9 7:30,8530.73,30.5,TRADE
NSW1,2012/6/9 8:00,9166.41,37.15,TRADE
NSW1,2012/6/9 8:30,9578.9,42.88,TRADE
NSW1,2012/6/9 9:00,9906.97,44.63,TRADE
NSW1,2012/6/9 9:30,10048.23,47.3,TRADE
NSW1,2012/6/9 10:00,9925.54,43.36,TRADE
NSW1,2012/6/9 10:30,9707.82,43.29,TRADE
NSW1,2012/6/9 11:00,9447.86,40.4,TRADE
NSW1,2012/6/9 11:30,9208.83,34.85,TRADE
NSW1,2012/6/9 12:00,8944.79,33.5,TRADE
NSW1,2012/6/9 12:30,8809.88,36.04,TRADE
NSW1,2012/6/9 13:00,8657.16,33.98,TRADE
NSW1,2012/6/9 13:30,8550.1,32.29,TRADE
NSW1,2012/6/9 14:00,8436.26,35.2,TRADE
NSW1,2012/6/9 14:30,8418.37,39.43,TRADE
NSW1,2012/6/9 15:00,8380.53,36.24,TRADE
NSW1,2012/6/9 15:30,8457.96,40.39,TRADE
NSW1,2012/6/9 16:00,8701.57,42.69,TRADE
NSW1,2012/6/9 16:30,8985.79,42.83,TRADE
NSW1,2012/6/9 17:00,9569.72,47.68,TRADE
NSW1,2012/6/9 17:30,10167.67,55.25,TRADE
NSW1,2012/6/9 18:00,10756.06,50.88,TRADE
NSW1,2012/6/9 18:30,10737.15,45.01,TRADE
NSW1,2012/6/9 19:00,10546.15,44.65,TRADE
NSW1,2012/6/9 19:30,10335.05,44.29,TRADE
NSW1,2012/6/9 20:00,10154.28,44.31,TRADE
NSW1,2012/6/9 20:30,9997.55,53.25,TRADE
NSW1,2012/6/9 21:00,9883.9,46.51,TRADE
NSW1,2012/6/9 21:30,9709.34,44.43,TRADE
NSW1,2012/6/9 22:00,9436.16,44.14,TRADE
NSW1,2012/6/9 22:30,9437.08,48.31,TRADE
NSW1,2012/6/9 23:00,9162.29,49.42,TRADE
NSW1,2012/6/9 23:30,9036.43,54.74,TRADE
NSW1,2012/6/10 0:00,8810.41,55.93,TRADE
NSW1,2012/6/10 0:30,8439.36,44.78,TRADE
NSW1,2012/6/10 1:00,8242.22,43.57,TRADE
NSW1,2012/6/10 1:30,7967.43,44.8,TRADE
NSW1,2012/6/10 2:00,7708.67,44.37,TRADE
NSW1,2012/6/10 2:30,7381.12,42.28,TRADE
NSW1,2012/6/10 3:00,7189.07,34.52,TRADE
NSW1,2012/6/10 3:30,7004.5,32.84,TRADE
NSW1,2012/6/10 4:00,6888.68,31.67,TRADE
NSW1,2012/6/10 4:30,6845.81,31.91,TRADE
NSW1,2012/6/10 5:00,6894.12,31.79,TRADE
NSW1,2012/6/10 5:30,6970.22,31.5,TRADE
NSW1,2012/6/10 6:00,7085.83,30.61,TRADE
NSW1,2012/6/10 6:30,7294.95,31.75,TRADE
NSW1,2012/6/10 7:00,7537.24,33.68,TRADE
NSW1,2012/6/10 7:30,7857.42,33.17,TRADE
NSW1,2012/6/10 8:00,8338.95,40.23,TRADE
NSW1,2012/6/10 8:30,8869.94,45.8,TRADE
NSW1,2012/6/10 9:00,9243.17,50.73,TRADE
NSW1,2012/6/10 9:30,9527.73,55.74,TRADE
NSW1,2012/6/10 10:00,9583.63,55.21,TRADE
NSW1,2012/6/10 10:30,9576.69,50.26,TRADE
NSW1,2012/6/10 11:00,9454.99,47.03,TRADE
NSW1,2012/6/10 11:30,9359.09,40.72,TRADE
NSW1,2012/6/10 12:00,9226.27,40.89,TRADE
NSW1,2012/6/10 12:30,9117.91,38.76,TRADE
NSW1,2012/6/10 13:00,9051.57,38.85,TRADE
NSW1,2012/6/10 13:30,8971.95,38.76,TRADE
NSW1,2012/6/10 14:00,8926.45,42.69,TRADE
NSW1,2012/6/10 14:30,8923.68,36.54,TRADE
NSW1,2012/6/10 15:00,8952.51,35.24,TRADE
NSW1,2012/6/10 15:30,9018.48,37.72,TRADE
NSW1,2012/6/10 16:00,9205.19,42.05,TRADE
NSW1,2012/6/10 16:30,9446.14,47.32,TRADE
NSW1,2012/6/10 17:00,9891.18,49.03,TRADE
NSW1,2012/6/10 17:30,10307.38,50.67,TRADE
NSW1,2012/6/10 18:00,10629.28,50.26,TRADE
NSW1,2012/6/10 18:30,10633.87,46.07,TRADE
NSW1,2012/6/10 19:00,10466.32,43.13,TRADE
NSW1,2012/6/10 19:30,10144.17,40.6,TRADE
NSW1,2012/6/10 20:00,9984.32,41.43,TRADE
NSW1,2012/6/10 20:30,9865.19,41.71,TRADE
NSW1,2012/6/10 21:00,9761.64,39.51,TRADE
NSW1,2012/6/10 21:30,9527.31,38.2,TRADE
NSW1,2012/6/10 22:00,9347.4,36.86,TRADE
NSW1,2012/6/10 22:30,9244.15,38.34,TRADE
NSW1,2012/6/10 23:00,8952.2,35.62,TRADE
NSW1,2012/6/10 23:30,8837.38,38.65,TRADE
NSW1,2012/6/11 0:00,8507.03,35.37,TRADE
NSW1,2012/6/11 0:30,8174.76,32.13,TRADE
NSW1,2012/6/11 1:00,7857.58,33.13,TRADE
NSW1,2012/6/11 1:30,7671.82,32.4,TRADE
NSW1,2012/6/11 2:00,7447.63,30.03,TRADE
NSW1,2012/6/11 2:30,7157.97,25.51,TRADE
NSW1,2012/6/11 3:00,6915.2,24.59,TRADE
NSW1,2012/6/11 3:30,6800.65,23.59,TRADE
NSW1,2012/6/11 4:00,6671.44,22.52,TRADE
NSW1,2012/6/11 4:30,6658.88,22.82,TRADE
NSW1,2012/6/11 5:00,6629.53,22.59,TRADE
NSW1,2012/6/11 5:30,6751.14,23.46,TRADE
NSW1,2012/6/11 6:00,6919.88,26.49,TRADE
NSW1,2012/6/11 6:30,7097.19,27.32,TRADE
NSW1,2012/6/11 7:00,7109.74,26.8,TRADE
NSW1,2012/6/11 7:30,7522.11,29.41,TRADE
NSW1,2012/6/11 8:00,8136.46,35.13,TRADE
NSW1,2012/6/11 8:30,8605.44,41.57,TRADE
NSW1,2012/6/11 9:00,9009.45,44.65,TRADE
NSW1,2012/6/11 9:30,9409.56,47.88,TRADE
NSW1,2012/6/11 10:00,9624.56,44.45,TRADE
NSW1,2012/6/11 10:30,9798.4,48.9,TRADE
NSW1,2012/6/11 11:00,9860.65,48.77,TRADE
NSW1,2012/6/11 11:30,9883.71,44.33,TRADE
NSW1,2012/6/11 12:00,9824.58,44.44,TRADE
NSW1,2012/6/11 12:30,9862.93,45.29,TRADE
NSW1,2012/6/11 13:00,9813.71,48.57,TRADE
NSW1,2012/6/11 13:30,9799.75,44.74,TRADE
NSW1,2012/6/11 14:00,9729.61,43.78,TRADE
NSW1,2012/6/11 14:30,9778.27,46.08,TRADE
NSW1,2012/6/11 15:00,9819.74,45.36,TRADE
NSW1,2012/6/11 15:30,9904.61,49.28,TRADE
NSW1,2012/6/11 16:00,10123.52,52.84,TRADE
NSW1,2012/6/11 16:30,10344.39,52.69,TRADE
NSW1,2012/6/11 17:00,10687.82,60.39,TRADE
NSW1,2012/6/11 17:30,11196.23,76.73,TRADE
NSW1,2012/6/11 18:00,11453.97,133.6,TRADE
NSW1,2012/6/11 18:30,11302.86,95.98,TRADE
NSW1,2012/6/11 19:00,10993.37,65.95,TRADE
NSW1,2012/6/11 19:30,10692,50.4,TRADE
NSW1,2012/6/11 20:00,10407.8,45.26,TRADE
NSW1,2012/6/11 20:30,10199.38,54.98,TRADE
NSW1,2012/6/11 21:00,9976.1,53.97,TRADE
NSW1,2012/6/11 21:30,9646.69,47.62,TRADE
NSW1,2012/6/11 22:00,9352.1,43.34,TRADE
NSW1,2012/6/11 22:30,9216.82,44.72,TRADE
NSW1,2012/6/11 23:00,8948.87,43.26,TRADE
NSW1,2012/6/11 23:30,8789.86,43.08,TRADE
NSW1,2012/6/12 0:00,8612.24,39.48,TRADE
NSW1,2012/6/12 0:30,8399.09,37.16,TRADE
NSW1,2012/6/12 1:00,8246.69,36.31,TRADE
NSW1,2012/6/12 1:30,8135.87,45.72,TRADE
NSW1,2012/6/12 2:00,7892.24,43.92,TRADE
NSW1,2012/6/12 2:30,7547.02,39.15,TRADE
NSW1,2012/6/12 3:00,7288.4,33.19,TRADE
NSW1,2012/6/12 3:30,7049.69,31.92,TRADE
NSW1,2012/6/12 4:00,6894.72,31.85,TRADE
NSW1,2012/6/12 4:30,6877.39,34.02,TRADE
NSW1,2012/6/12 5:00,6919.46,33.62,TRADE
NSW1,2012/6/12 5:30,7221.27,37.62,TRADE
NSW1,2012/6/12 6:00,7677.22,40.28,TRADE
NSW1,2012/6/12 6:30,8495.88,41.31,TRADE
NSW1,2012/6/12 7:00,9293.87,48.55,TRADE
NSW1,2012/6/12 7:30,9822.71,47.36,TRADE
NSW1,2012/6/12 8:00,10167.93,56.28,TRADE
NSW1,2012/6/12 8:30,10248.12,52.33,TRADE
NSW1,2012/6/12 9:00,10238.17,48.53,TRADE
NSW1,2012/6/12 9:30,10251.69,53.02,TRADE
NSW1,2012/6/12 10:00,10217.33,48.03,TRADE
NSW1,2012/6/12 10:30,10167.97,45.09,TRADE
NSW1,2012/6/12 11:00,10043.62,44.03,TRADE
NSW1,2012/6/12 11:30,9852.87,39.15,TRADE
NSW1,2012/6/12 12:00,9790.72,38.55,TRADE
NSW1,2012/6/12 12:30,9681.54,38.05,TRADE
NSW1,2012/6/12 13:00,9607.92,37.78,TRADE
NSW1,2012/6/12 13:30,9622.17,38,TRADE
NSW1,2012/6/12 14:00,9583.59,37.64,TRADE
NSW1,2012/6/12 14:30,9514.69,36.56,TRADE
NSW1,2012/6/12 15:00,9437.43,35.45,TRADE
NSW1,2012/6/12 15:30,9499.15,37.06,TRADE
NSW1,2012/6/12 16:00,9675.6,39.23,TRADE
NSW1,2012/6/12 16:30,9882.39,41.88,TRADE
NSW1,2012/6/12 17:00,10313.63,45.97,TRADE
NSW1,2012/6/12 17:30,11012.34,58.22,TRADE
NSW1,2012/6/12 18:00,11446.72,75.33,TRADE
NSW1,2012/6/12 18:30,11406.56,57.07,TRADE
NSW1,2012/6/12 19:00,11259.13,54.08,TRADE
NSW1,2012/6/12 19:30,11014.79,47.74,TRADE
NSW1,2012/6/12 20:00,10781.75,50.98,TRADE
NSW1,2012/6/12 20:30,10575.97,51.83,TRADE
NSW1,2012/6/12 21:00,10352.98,49.49,TRADE
NSW1,2012/6/12 21:30,10020.99,41.25,TRADE
NSW1,2012/6/12 22:00,9691.12,35.41,TRADE
NSW1,2012/6/12 22:30,9609.01,46.02,TRADE
NSW1,2012/6/12 23:00,9290.45,42.22,TRADE
NSW1,2012/6/12 23:30,9145.49,39.85,TRADE
NSW1,2012/6/13 0:00,8907.1,40.08,TRADE
NSW1,2012/6/13 0:30,8667.87,40.03,TRADE
NSW1,2012/6/13 1:00,8460.95,38.73,TRADE
NSW1,2012/6/13 1:30,8279.09,35.64,TRADE
NSW1,2012/6/13 2:00,8045.17,32.8,TRADE
NSW1,2012/6/13 2:30,7729.03,30.98,TRADE
NSW1,2012/6/13 3:00,7406.06,27.93,TRADE
NSW1,2012/6/13 3:30,7115.15,24.99,TRADE
NSW1,2012/6/13 4:00,7006.04,23.27,TRADE
NSW1,2012/6/13 4:30,6957.61,22.61,TRADE
NSW1,2012/6/13 5:00,7025.82,22.69,TRADE
NSW1,2012/6/13 5:30,7359.55,25.68,TRADE
NSW1,2012/6/13 6:00,7819.35,30.2,TRADE
NSW1,2012/6/13 6:30,8606.9,38.58,TRADE
NSW1,2012/6/13 7:00,9407.41,45.22,TRADE
NSW1,2012/6/13 7:30,9799.14,37.95,TRADE
NSW1,2012/6/13 8:00,10197.39,43.48,TRADE
NSW1,2012/6/13 8:30,10198.75,42.64,TRADE
NSW1,2012/6/13 9:00,10046.54,40,TRADE
NSW1,2012/6/13 9:30,10014.94,38.18,TRADE
NSW1,2012/6/13 10:00,9958.02,35.46,TRADE
NSW1,2012/6/13 10:30,9841.08,34.42,TRADE
NSW1,2012/6/13 11:00,9802.64,36.17,TRADE
NSW1,2012/6/13 11:30,9708.36,34.15,TRADE
NSW1,2012/6/13 12:00,9650.61,33.89,TRADE
NSW1,2012/6/13 12:30,9576.89,32.41,TRADE
NSW1,2012/6/13 13:00,9577.92,36.16,TRADE
NSW1,2012/6/13 13:30,9533.87,39.23,TRADE
NSW1,2012/6/13 14:00,9560.49,41.27,TRADE
NSW1,2012/6/13 14:30,9532.17,38.53,TRADE
NSW1,2012/6/13 15:00,9468.87,35.06,TRADE
NSW1,2012/6/13 15:30,9442.79,33.14,TRADE
NSW1,2012/6/13 16:00,9603.8,32.98,TRADE
NSW1,2012/6/13 16:30,9808.82,35.16,TRADE
NSW1,2012/6/13 17:00,10239.8,36.36,TRADE
NSW1,2012/6/13 17:30,10863.6,38.44,TRADE
NSW1,2012/6/13 18:00,11306.18,42.72,TRADE
NSW1,2012/6/13 18:30,11253.05,39.89,TRADE
NSW1,2012/6/13 19:00,11110.71,38.15,TRADE
NSW1,2012/6/13 19:30,10825.01,37.75,TRADE
NSW1,2012/6/13 20:00,10574.39,36.1,TRADE
NSW1,2012/6/13 20:30,10424.26,34.96,TRADE
NSW1,2012/6/13 21:00,10154.14,39.38,TRADE
NSW1,2012/6/13 21:30,9943.02,35.43,TRADE
NSW1,2012/6/13 22:00,9624.63,30.07,TRADE
NSW1,2012/6/13 22:30,9648.31,44.56,TRADE
NSW1,2012/6/13 23:00,9322.42,36.86,TRADE
NSW1,2012/6/13 23:30,9109.52,34.79,TRADE
NSW1,2012/6/14 0:00,8887.26,34.19,TRADE
NSW1,2012/6/14 0:30,8603.4,32.23,TRADE
NSW1,2012/6/14 1:00,8382.5,31.71,TRADE
NSW1,2012/6/14 1:30,8147.72,31.91,TRADE
NSW1,2012/6/14 2:00,7898.78,31.25,TRADE
NSW1,2012/6/14 2:30,7590.58,30.67,TRADE
NSW1,2012/6/14 3:00,7254.79,27.67,TRADE
NSW1,2012/6/14 3:30,7005.21,25.86,TRADE
NSW1,2012/6/14 4:00,6863.73,24.75,TRADE
NSW1,2012/6/14 4:30,6831.08,23.07,TRADE
NSW1,2012/6/14 5:00,6913.19,24.43,TRADE
NSW1,2012/6/14 5:30,7229.65,25.67,TRADE
NSW1,2012/6/14 6:00,7640.92,30.2,TRADE
NSW1,2012/6/14 6:30,8437.17,40.13,TRADE
NSW1,2012/6/14 7:00,9187.95,44.37,TRADE
NSW1,2012/6/14 7:30,9651.13,39.82,TRADE
NSW1,2012/6/14 8:00,10070.37,43.95,TRADE
NSW1,2012/6/14 8:30,10069.68,42.68,TRADE
NSW1,2012/6/14 9:00,9886.03,36.72,TRADE
NSW1,2012/6/14 9:30,9860.25,33.25,TRADE
NSW1,2012/6/14 10:00,9785.77,31.36,TRADE
NSW1,2012/6/14 10:30,9713.05,31.13,TRADE
NSW1,2012/6/14 11:00,9613.51,31.32,TRADE
NSW1,2012/6/14 11:30,9442.39,31.26,TRADE
NSW1,2012/6/14 12:00,9355.64,31.92,TRADE
NSW1,2012/6/14 12:30,9288.93,31.39,TRADE
NSW1,2012/6/14 13:00,9206.25,31.2,TRADE
NSW1,2012/6/14 13:30,9137.07,31.92,TRADE
NSW1,2012/6/14 14:00,9092.83,31.65,TRADE
NSW1,2012/6/14 14:30,9093.43,31.92,TRADE
NSW1,2012/6/14 15:00,9023.89,31.39,TRADE
NSW1,2012/6/14 15:30,9026.63,31.03,TRADE
NSW1,2012/6/14 16:00,9156.5,31.92,TRADE
NSW1,2012/6/14 16:30,9344.68,31.92,TRADE
NSW1,2012/6/14 17:00,9682.99,34.35,TRADE
NSW1,2012/6/14 17:30,10407.53,42.57,TRADE
NSW1,2012/6/14 18:00,10944.75,50.48,TRADE
NSW1,2012/6/14 18:30,10958.89,46.29,TRADE
NSW1,2012/6/14 19:00,10852.04,44.66,TRADE
NSW1,2012/6/14 19:30,10619.4,42.89,TRADE
NSW1,2012/6/14 20:00,10429.84,41.71,TRADE
NSW1,2012/6/14 20:30,10326.25,44.31,TRADE
NSW1,2012/6/14 21:00,10145.58,40.34,TRADE
NSW1,2012/6/14 21:30,9814.39,34.37,TRADE
NSW1,2012/6/14 22:00,9468.89,30.97,TRADE
NSW1,2012/6/14 22:30,9421.88,43.79,TRADE
NSW1,2012/6/14 23:00,9077.13,35.35,TRADE
NSW1,2012/6/14 23:30,8947.01,37.58,TRADE
NSW1,2012/6/15 0:00,8703.06,36.63,TRADE
NSW1,2012/6/15 0:30,8467.84,35.88,TRADE
NSW1,2012/6/15 1:00,8231.32,30.97,TRADE
NSW1,2012/6/15 1:30,8051.96,29.91,TRADE
NSW1,2012/6/15 2:00,7827.92,27.63,TRADE
NSW1,2012/6/15 2:30,7458.96,27.79,TRADE
NSW1,2012/6/15 3:00,7163.99,23.61,TRADE
NSW1,2012/6/15 3:30,6928.67,25.63,TRADE
NSW1,2012/6/15 4:00,6810.65,25.06,TRADE
NSW1,2012/6/15 4:30,6807.99,24.38,TRADE
NSW1,2012/6/15 5:00,6872.56,26.11,TRADE
NSW1,2012/6/15 5:30,7153.69,27.73,TRADE
NSW1,2012/6/15 6:00,7576.38,29.11,TRADE
NSW1,2012/6/15 6:30,8353.95,33.86,TRADE
NSW1,2012/6/15 7:00,9062.09,40.99,TRADE
NSW1,2012/6/15 7:30,9547.2,42.57,TRADE
NSW1,2012/6/15 8:00,10057.54,44.32,TRADE
NSW1,2012/6/15 8:30,10124.24,42.48,TRADE
NSW1,2012/6/15 9:00,10014.37,37.76,TRADE
NSW1,2012/6/15 9:30,9984.66,39.12,TRADE
NSW1,2012/6/15 10:00,9899.32,37.27,TRADE
NSW1,2012/6/15 10:30,9851.76,34.03,TRADE
NSW1,2012/6/15 11:00,9644.63,30.68,TRADE
NSW1,2012/6/15 11:30,9500.78,29.23,TRADE
NSW1,2012/6/15 12:00,9390.73,32.87,TRADE
NSW1,2012/6/15 12:30,9250.2,29.31,TRADE
NSW1,2012/6/15 13:00,9147.93,28.8,TRADE
NSW1,2012/6/15 13:30,9049.67,27.8,TRADE
NSW1,2012/6/15 14:00,8969.54,27.8,TRADE
NSW1,2012/6/15 14:30,8889.73,27.8,TRADE
NSW1,2012/6/15 15:00,8807.48,27.68,TRADE
NSW1,2012/6/15 15:30,8828.39,27.83,TRADE
NSW1,2012/6/15 16:00,8907.33,28.82,TRADE
NSW1,2012/6/15 16:30,9090.84,31.17,TRADE
NSW1,2012/6/15 17:00,9410.34,33.14,TRADE
NSW1,2012/6/15 17:30,10102.57,40.16,TRADE
NSW1,2012/6/15 18:00,10523.78,48.17,TRADE
NSW1,2012/6/15 18:30,10468.65,44.55,TRADE
NSW1,2012/6/15 19:00,10329.26,43.91,TRADE
NSW1,2012/6/15 19:30,10056.47,38.14,TRADE
NSW1,2012/6/15 20:00,9898.18,37.64,TRADE
NSW1,2012/6/15 20:30,9798.69,36.49,TRADE
NSW1,2012/6/15 21:00,9622.84,32.65,TRADE
NSW1,2012/6/15 21:30,9441.93,32.46,TRADE
NSW1,2012/6/15 22:00,9226.65,28.51,TRADE
NSW1,2012/6/15 22:30,9304.75,34.98,TRADE
NSW1,2012/6/15 23:00,9130.6,32.54,TRADE
NSW1,2012/6/15 23:30,9008.12,35.05,TRADE
NSW1,2012/6/16 0:00,8914.11,35.34,TRADE
NSW1,2012/6/16 0:30,8657.21,33.52,TRADE
NSW1,2012/6/16 1:00,8394.67,31.92,TRADE
NSW1,2012/6/16 1:30,8147.27,32.36,TRADE
NSW1,2012/6/16 2:00,7897.56,33.02,TRADE
NSW1,2012/6/16 2:30,7507.03,31.81,TRADE
NSW1,2012/6/16 3:00,7209.1,30.04,TRADE
NSW1,2012/6/16 3:30,6939.77,25.43,TRADE
NSW1,2012/6/16 4:00,6814.18,23.43,TRADE
NSW1,2012/6/16 4:30,6684.65,22.69,TRADE
NSW1,2012/6/16 5:00,6716.33,22.69,TRADE
NSW1,2012/6/16 5:30,6798.3,22.69,TRADE
NSW1,2012/6/16 6:00,6936.24,24.42,TRADE
NSW1,2012/6/16 6:30,7272.46,26.88,TRADE
NSW1,2012/6/16 7:00,7516.26,26.76,TRADE
NSW1,2012/6/16 7:30,7929.15,27.06,TRADE
NSW1,2012/6/16 8:00,8430.07,29.44,TRADE
NSW1,2012/6/16 8:30,8939.54,32.52,TRADE
NSW1,2012/6/16 9:00,9383.18,34.43,TRADE
NSW1,2012/6/16 9:30,9714.84,38.75,TRADE
NSW1,2012/6/16 10:00,9795.52,38.29,TRADE
NSW1,2012/6/16 10:30,9848.82,38.15,TRADE
NSW1,2012/6/16 11:00,9783.31,38.34,TRADE
NSW1,2012/6/16 11:30,9725.58,36.51,TRADE
NSW1,2012/6/16 12:00,9675.68,35.15,TRADE
NSW1,2012/6/16 12:30,9682.26,33.01,TRADE
NSW1,2012/6/16 13:00,9633.57,31.92,TRADE
NSW1,2012/6/16 13:30,9555.93,31.92,TRADE
NSW1,2012/6/16 14:00,9490.13,31.92,TRADE
NSW1,2012/6/16 14:30,9411.15,31.92,TRADE
NSW1,2012/6/16 15:00,9437.66,31.92,TRADE
NSW1,2012/6/16 15:30,9530.92,31.9,TRADE
NSW1,2012/6/16 16:00,9695.17,32.79,TRADE
NSW1,2012/6/16 16:30,9929.55,37.3,TRADE
NSW1,2012/6/16 17:00,10209.85,36.89,TRADE
NSW1,2012/6/16 17:30,10516.34,41.75,TRADE
NSW1,2012/6/16 18:00,10753.98,45.5,TRADE
NSW1,2012/6/16 18:30,10649.51,41.69,TRADE
NSW1,2012/6/16 19:00,10386.3,34.61,TRADE
NSW1,2012/6/16 19:30,10048.08,31.02,TRADE
NSW1,2012/6/16 20:00,9734.14,30.14,TRADE
NSW1,2012/6/16 20:30,9551.65,30.54,TRADE
NSW1,2012/6/16 21:00,9365.94,30.09,TRADE
NSW1,2012/6/16 21:30,9176.58,29.84,TRADE
NSW1,2012/6/16 22:00,9008.67,27.83,TRADE
NSW1,2012/6/16 22:30,8904.81,30.19,TRADE
NSW1,2012/6/16 23:00,8719.73,31.06,TRADE
NSW1,2012/6/16 23:30,8592.39,32.34,TRADE
NSW1,2012/6/17 0:00,8353.31,32.5,TRADE
NSW1,2012/6/17 0:30,8056.41,30.97,TRADE
NSW1,2012/6/17 1:00,7776.92,30.04,TRADE
NSW1,2012/6/17 1:30,7538.18,30.7,TRADE
NSW1,2012/6/17 2:00,7348.11,26.27,TRADE
NSW1,2012/6/17 2:30,6999.41,22.68,TRADE
NSW1,2012/6/17 3:00,6779.98,21.97,TRADE
NSW1,2012/6/17 3:30,6602.58,17.09,TRADE
NSW1,2012/6/17 4:00,6523.96,20.61,TRADE
NSW1,2012/6/17 4:30,6469.61,17.72,TRADE
NSW1,2012/6/17 5:00,6501.61,18.02,TRADE
NSW1,2012/6/17 5:30,6593.69,19.52,TRADE
NSW1,2012/6/17 6:00,6687.41,22.63,TRADE
NSW1,2012/6/17 6:30,6881.82,22.04,TRADE
NSW1,2012/6/17 7:00,7095.47,22.49,TRADE
NSW1,2012/6/17 7:30,7446.42,25.04,TRADE
NSW1,2012/6/17 8:00,7887.84,26.62,TRADE
NSW1,2012/6/17 8:30,8403.28,28.15,TRADE
NSW1,2012/6/17 9:00,8646.09,28.76,TRADE
NSW1,2012/6/17 9:30,8903.95,30.12,TRADE
NSW1,2012/6/17 10:00,8909.7,29.86,TRADE
NSW1,2012/6/17 10:30,8881.75,29.84,TRADE
NSW1,2012/6/17 11:00,8774.1,28.89,TRADE
NSW1,2012/6/17 11:30,8592.59,28.28,TRADE
NSW1,2012/6/17 12:00,8532.34,28.17,TRADE
NSW1,2012/6/17 12:30,8454.36,28.07,TRADE
NSW1,2012/6/17 13:00,8344.23,27.91,TRADE
NSW1,2012/6/17 13:30,8254.31,27.72,TRADE
NSW1,2012/6/17 14:00,8175.41,27.57,TRADE
NSW1,2012/6/17 14:30,8139.3,27.8,TRADE
NSW1,2012/6/17 15:00,8166.85,27.8,TRADE
NSW1,2012/6/17 15:30,8286.84,28.42,TRADE
NSW1,2012/6/17 16:00,8490.92,30.69,TRADE
NSW1,2012/6/17 16:30,8783.33,31.81,TRADE
NSW1,2012/6/17 17:00,9279.74,36.3,TRADE
NSW1,2012/6/17 17:30,9898.17,38.42,TRADE
NSW1,2012/6/17 18:00,10517.79,51.35,TRADE
NSW1,2012/6/17 18:30,10618.92,58.5,TRADE
NSW1,2012/6/17 19:00,10485.66,47.16,TRADE
NSW1,2012/6/17 19:30,10243.37,40.94,TRADE
NSW1,2012/6/17 20:00,9988.12,38.15,TRADE
NSW1,2012/6/17 20:30,9902.21,39.04,TRADE
NSW1,2012/6/17 21:00,9687.93,36.91,TRADE
NSW1,2012/6/17 21:30,9413.65,33.21,TRADE
NSW1,2012/6/17 22:00,9117.51,33.07,TRADE
NSW1,2012/6/17 22:30,8987.84,34.85,TRADE
NSW1,2012/6/17 23:00,8606.83,33.44,TRADE
NSW1,2012/6/17 23:30,8370.71,33.19,TRADE
NSW1,2012/6/18 0:00,8163.22,31.26,TRADE
NSW1,2012/6/18 0:30,7886.67,30.05,TRADE
NSW1,2012/6/18 1:00,7662.52,28.92,TRADE
NSW1,2012/6/18 1:30,7440.59,28.49,TRADE
NSW1,2012/6/18 2:00,7244.58,26.51,TRADE
NSW1,2012/6/18 2:30,7019.18,22.28,TRADE
NSW1,2012/6/18 3:00,6784.05,21.58,TRADE
NSW1,2012/6/18 3:30,6713.29,19,TRADE
NSW1,2012/6/18 4:00,6592.09,19.8,TRADE
NSW1,2012/6/18 4:30,6607.21,21.19,TRADE
NSW1,2012/6/18 5:00,6826.14,22.86,TRADE
NSW1,2012/6/18 5:30,7191.68,24.41,TRADE
NSW1,2012/6/18 6:00,7646.97,28.64,TRADE
NSW1,2012/6/18 6:30,8556.05,33.4,TRADE
NSW1,2012/6/18 7:00,9362.68,42.29,TRADE
NSW1,2012/6/18 7:30,9922.75,40.48,TRADE
NSW1,2012/6/18 8:00,10334,44.07,TRADE
NSW1,2012/6/18 8:30,10360.9,43.32,TRADE
NSW1,2012/6/18 9:00,10169.07,37.47,TRADE
NSW1,2012/6/18 9:30,10115.88,36.49,TRADE
NSW1,2012/6/18 10:00,10034.88,34.94,TRADE
NSW1,2012/6/18 10:30,9884.41,32.69,TRADE
NSW1,2012/6/18 11:00,9702.16,32.42,TRADE
NSW1,2012/6/18 11:30,9500.63,31.15,TRADE
NSW1,2012/6/18 12:00,9371.16,29.21,TRADE
NSW1,2012/6/18 12:30,9328.08,28.54,TRADE
NSW1,2012/6/18 13:00,9214.73,27.8,TRADE
NSW1,2012/6/18 13:30,9136.4,27.35,TRADE
NSW1,2012/6/18 14:00,9053.41,26.99,TRADE
NSW1,2012/6/18 14:30,9035.61,27.72,TRADE
NSW1,2012/6/18 15:00,8975.97,27.54,TRADE
NSW1,2012/6/18 15:30,9021.35,27.6,TRADE
NSW1,2012/6/18 16:00,9156.34,28.44,TRADE
NSW1,2012/6/18 16:30,9387.83,30.11,TRADE
NSW1,2012/6/18 17:00,9845,32.88,TRADE
NSW1,2012/6/18 17:30,10716.2,42.2,TRADE
NSW1,2012/6/18 18:00,11328.94,46.95,TRADE
NSW1,2012/6/18 18:30,11415.61,45.49,TRADE
NSW1,2012/6/18 19:00,11269.14,43.53,TRADE
NSW1,2012/6/18 19:30,11024.69,38.33,TRADE
NSW1,2012/6/18 20:00,10789.22,39.26,TRADE
NSW1,2012/6/18 20:30,10591.47,39.99,TRADE
NSW1,2012/6/18 21:00,10362.36,34.66,TRADE
NSW1,2012/6/18 21:30,10053.14,34.11,TRADE
NSW1,2012/6/18 22:00,9739.56,30.45,TRADE
NSW1,2012/6/18 22:30,9605.94,33.93,TRADE
NSW1,2012/6/18 23:00,9228.6,32.7,TRADE
NSW1,2012/6/18 23:30,9061.29,34.08,TRADE
NSW1,2012/6/19 0:00,8897.94,35.13,TRADE
NSW1,2012/6/19 0:30,8612.7,35.88,TRADE
NSW1,2012/6/19 1:00,8389.96,36.85,TRADE
NSW1,2012/6/19 1:30,8246.43,37.29,TRADE
NSW1,2012/6/19 2:00,7981.66,31.93,TRADE
NSW1,2012/6/19 2:30,7688.85,30.21,TRADE
NSW1,2012/6/19 3:00,7367.3,24.58,TRADE
NSW1,2012/6/19 3:30,7132.93,22.07,TRADE
NSW1,2012/6/19 4:00,6970.47,21.91,TRADE
NSW1,2012/6/19 4:30,6930.03,22.35,TRADE
NSW1,2012/6/19 5:00,7050.57,22.69,TRADE
NSW1,2012/6/19 5:30,7402.7,25.76,TRADE
NSW1,2012/6/19 6:00,7883.87,29.08,TRADE
NSW1,2012/6/19 6:30,8731.09,39.54,TRADE
NSW1,2012/6/19 7:00,9567.93,45.37,TRADE
NSW1,2012/6/19 7:30,10070.91,40.25,TRADE
NSW1,2012/6/19 8:00,10497.43,44.5,TRADE
NSW1,2012/6/19 8:30,10509.75,44.56,TRADE
NSW1,2012/6/19 9:00,10278.27,41.35,TRADE
NSW1,2012/6/19 9:30,10149.23,39.44,TRADE
NSW1,2012/6/19 10:00,9993.67,34.48,TRADE
NSW1,2012/6/19 10:30,9868.08,32.3,TRADE
NSW1,2012/6/19 11:00,9684.33,31.47,TRADE
NSW1,2012/6/19 11:30,9484.82,29.99,TRADE
NSW1,2012/6/19 12:00,9401.47,32.2,TRADE
NSW1,2012/6/19 12:30,9245.96,29.72,TRADE
NSW1,2012/6/19 13:00,9236.87,31.2,TRADE
NSW1,2012/6/19 13:30,9172.29,32.15,TRADE
NSW1,2012/6/19 14:00,9126.17,31.92,TRADE
NSW1,2012/6/19 14:30,9063.17,30.57,TRADE
NSW1,2012/6/19 15:00,9058.22,31.31,TRADE
NSW1,2012/6/19 15:30,9074.33,30.23,TRADE
NSW1,2012/6/19 16:00,9217.63,33.82,TRADE
NSW1,2012/6/19 16:30,9420.51,32.96,TRADE
NSW1,2012/6/19 17:00,9886.38,39.08,TRADE
NSW1,2012/6/19 17:30,10763.42,45.36,TRADE
NSW1,2012/6/19 18:00,11367.71,48.77,TRADE
NSW1,2012/6/19 18:30,11455.29,47.29,TRADE
NSW1,2012/6/19 19:00,11327.86,45.1,TRADE
NSW1,2012/6/19 19:30,11089.65,44.38,TRADE
NSW1,2012/6/19 20:00,10876.08,44.32,TRADE
NSW1,2012/6/19 20:30,10749.62,45.49,TRADE
NSW1,2012/6/19 21:00,10503.7,43.84,TRADE
NSW1,2012/6/19 21:30,10236.01,51.83,TRADE
NSW1,2012/6/19 22:00,9911.57,31.6,TRADE
NSW1,2012/6/19 22:30,9744.99,49.49,TRADE
NSW1,2012/6/19 23:00,9326.73,40.16,TRADE
NSW1,2012/6/19 23:30,9180.5,49.88,TRADE
NSW1,2012/6/20 0:00,9038.52,49.19,TRADE
NSW1,2012/6/20 0:30,8761.82,46.64,TRADE
NSW1,2012/6/20 1:00,8571.3,44.87,TRADE
NSW1,2012/6/20 1:30,8431.15,44.08,TRADE
NSW1,2012/6/20 2:00,8216.86,43.3,TRADE
NSW1,2012/6/20 2:30,7841.69,32.19,TRADE
NSW1,2012/6/20 3:00,7553.92,27.79,TRADE
NSW1,2012/6/20 3:30,7216.04,22.62,TRADE
NSW1,2012/6/20 4:00,7140.62,22.66,TRADE
NSW1,2012/6/20 4:30,7104.92,23.01,TRADE
NSW1,2012/6/20 5:00,7217.17,25.78,TRADE
NSW1,2012/6/20 5:30,7533.52,30.54,TRADE
NSW1,2012/6/20 6:00,8010.52,32.38,TRADE
NSW1,2012/6/20 6:30,8927.58,43.65,TRADE
NSW1,2012/6/20 7:00,9801.79,51.89,TRADE
NSW1,2012/6/20 7:30,10332.67,52.21,TRADE
NSW1,2012/6/20 8:00,10726.72,55.56,TRADE
NSW1,2012/6/20 8:30,10768.56,53.75,TRADE
NSW1,2012/6/20 9:00,10575.62,44.82,TRADE
NSW1,2012/6/20 9:30,10458.14,44.39,TRADE
NSW1,2012/6/20 10:00,10262.8,44.27,TRADE
NSW1,2012/6/20 10:30,10091.05,43.92,TRADE
NSW1,2012/6/20 11:00,9943.63,36.87,TRADE
NSW1,2012/6/20 11:30,9706.56,31.95,TRADE
NSW1,2012/6/20 12:00,9551.96,32.45,TRADE
NSW1,2012/6/20 12:30,9513.76,33.03,TRADE
NSW1,2012/6/20 13:00,9361.91,31.92,TRADE
NSW1,2012/6/20 13:30,9287.69,32,TRADE
NSW1,2012/6/20 14:00,9248.94,32.94,TRADE
NSW1,2012/6/20 14:30,9178.08,33.77,TRADE
NSW1,2012/6/20 15:00,9152.85,34.2,TRADE
NSW1,2012/6/20 15:30,9182.07,33.73,TRADE
NSW1,2012/6/20 16:00,9377.46,37.55,TRADE
NSW1,2012/6/20 16:30,9637.81,42.99,TRADE
NSW1,2012/6/20 17:00,10197.82,44.47,TRADE
NSW1,2012/6/20 17:30,10997.96,59.61,TRADE
NSW1,2012/6/20 18:00,11601.73,105.98,TRADE
NSW1,2012/6/20 18:30,11629.04,100.57,TRADE
NSW1,2012/6/20 19:00,11606.29,59.18,TRADE
NSW1,2012/6/20 19:30,11405.09,49.85,TRADE
NSW1,2012/6/20 20:00,11199.67,52.93,TRADE
NSW1,2012/6/20 20:30,11060.99,50.79,TRADE
NSW1,2012/6/20 21:00,10799.48,46.11,TRADE
NSW1,2012/6/20 21:30,10482.04,42.83,TRADE
NSW1,2012/6/20 22:00,10015.52,39.39,TRADE
NSW1,2012/6/20 22:30,9875.51,42.5,TRADE
NSW1,2012/6/20 23:00,9460.48,34.08,TRADE
NSW1,2012/6/20 23:30,9241.44,35.67,TRADE
NSW1,2012/6/21 0:00,9038.48,35.94,TRADE
NSW1,2012/6/21 0:30,8780.3,33.91,TRADE
NSW1,2012/6/21 1:00,8531.07,31.91,TRADE
NSW1,2012/6/21 1:30,8313.63,30.03,TRADE
NSW1,2012/6/21 2:00,8121.26,27.07,TRADE
NSW1,2012/6/21 2:30,7748.81,24.24,TRADE
NSW1,2012/6/21 3:00,7446.1,23.33,TRADE
NSW1,2012/6/21 3:30,7174.67,19.14,TRADE
NSW1,2012/6/21 4:00,7032.68,20.6,TRADE
NSW1,2012/6/21 4:30,6975.1,22.5,TRADE
NSW1,2012/6/21 5:00,7098.49,22.52,TRADE
NSW1,2012/6/21 5:30,7423.27,23.31,TRADE
NSW1,2012/6/21 6:00,7894.12,29.83,TRADE
NSW1,2012/6/21 6:30,8836.22,40.03,TRADE
NSW1,2012/6/21 7:00,9691.32,45.09,TRADE
NSW1,2012/6/21 7:30,10220.66,44.46,TRADE
NSW1,2012/6/21 8:00,10726.24,48.28,TRADE
NSW1,2012/6/21 8:30,10778.05,46.56,TRADE
NSW1,2012/6/21 9:00,10621.62,44.5,TRADE
NSW1,2012/6/21 9:30,10524.47,44.27,TRADE
NSW1,2012/6/21 10:00,10416.4,43.84,TRADE
NSW1,2012/6/21 10:30,10286.94,43.46,TRADE
NSW1,2012/6/21 11:00,10147.04,41.78,TRADE
NSW1,2012/6/21 11:30,9958.28,40.34,TRADE
NSW1,2012/6/21 12:00,9830.53,39.29,TRADE
NSW1,2012/6/21 12:30,9712.67,35.57,TRADE
NSW1,2012/6/21 13:00,9664.27,38.01,TRADE
NSW1,2012/6/21 13:30,9664.6,35.82,TRADE
NSW1,2012/6/21 14:00,9600.51,32.87,TRADE
NSW1,2012/6/21 14:30,9498.59,31.97,TRADE
NSW1,2012/6/21 15:00,9406.73,33.07,TRADE
NSW1,2012/6/21 15:30,9430.38,37.33,TRADE
NSW1,2012/6/21 16:00,9606.94,41.57,TRADE
NSW1,2012/6/21 16:30,9774.55,42.38,TRADE
NSW1,2012/6/21 17:00,10253.95,44.4,TRADE
NSW1,2012/6/21 17:30,11018.97,48.63,TRADE
NSW1,2012/6/21 18:00,11582.61,51.93,TRADE
NSW1,2012/6/21 18:30,11666.13,49.52,TRADE
NSW1,2012/6/21 19:00,11570.96,47.02,TRADE
NSW1,2012/6/21 19:30,11333.9,44.58,TRADE
NSW1,2012/6/21 20:00,11102.25,44.91,TRADE
NSW1,2012/6/21 20:30,10966.24,52.25,TRADE
NSW1,2012/6/21 21:00,10706.01,44.23,TRADE
NSW1,2012/6/21 21:30,10329.28,44.09,TRADE
NSW1,2012/6/21 22:00,9916.15,35.72,TRADE
NSW1,2012/6/21 22:30,9887.52,45.95,TRADE
NSW1,2012/6/21 23:00,9490.66,40.21,TRADE
NSW1,2012/6/21 23:30,9223.93,41.72,TRADE
NSW1,2012/6/22 0:00,9022.93,36.94,TRADE
NSW1,2012/6/22 0:30,8723.55,35.41,TRADE
NSW1,2012/6/22 1:00,8434.07,31.91,TRADE
NSW1,2012/6/22 1:30,8201.4,31.93,TRADE
NSW1,2012/6/22 2:00,7955.03,30.4,TRADE
NSW1,2012/6/22 2:30,7570.46,25.77,TRADE
NSW1,2012/6/22 3:00,7254.29,20.47,TRADE
NSW1,2012/6/22 3:30,7027.5,17.93,TRADE
NSW1,2012/6/22 4:00,6913.8,16.91,TRADE
NSW1,2012/6/22 4:30,6881.87,20.51,TRADE
NSW1,2012/6/22 5:00,6971.49,21.26,TRADE
NSW1,2012/6/22 5:30,7248.09,22.7,TRADE
NSW1,2012/6/22 6:00,7678.3,26.11,TRADE
NSW1,2012/6/22 6:30,8525.2,30.88,TRADE
NSW1,2012/6/22 7:00,9205.83,43.36,TRADE
NSW1,2012/6/22 7:30,9736.65,39.75,TRADE
NSW1,2012/6/22 8:00,10159.59,45.08,TRADE
NSW1,2012/6/22 8:30,10242.9,47.85,TRADE
NSW1,2012/6/22 9:00,10173.45,51.37,TRADE
NSW1,2012/6/22 9:30,10183.5,55.97,TRADE
NSW1,2012/6/22 10:00,10156.15,53.23,TRADE
NSW1,2012/6/22 10:30,10067.68,49.98,TRADE
NSW1,2012/6/22 11:00,9993.57,46.57,TRADE
NSW1,2012/6/22 11:30,9923.8,47.11,TRADE
NSW1,2012/6/22 12:00,9845.61,48.66,TRADE
NSW1,2012/6/22 12:30,9828.87,45.09,TRADE
NSW1,2012/6/22 13:00,9767.75,41.06,TRADE
NSW1,2012/6/22 13:30,9715.88,42.72,TRADE
NSW1,2012/6/22 14:00,9671.83,48.76,TRADE
NSW1,2012/6/22 14:30,9597.03,51.85,TRADE
NSW1,2012/6/22 15:00,9509.5,50.65,TRADE
NSW1,2012/6/22 15:30,9463.19,45.78,TRADE
NSW1,2012/6/22 16:00,9628.07,46.96,TRADE
NSW1,2012/6/22 16:30,9834.55,47.23,TRADE
NSW1,2012/6/22 17:00,10271.75,47.9,TRADE
NSW1,2012/6/22 17:30,10932.1,51.22,TRADE
NSW1,2012/6/22 18:00,11310.94,55.84,TRADE
NSW1,2012/6/22 18:30,11268.75,50.29,TRADE
NSW1,2012/6/22 19:00,11164.17,46.9,TRADE
NSW1,2012/6/22 19:30,10907.09,44.27,TRADE
NSW1,2012/6/22 20:00,10655.17,44.28,TRADE
NSW1,2012/6/22 20:30,10484.65,44.54,TRADE
NSW1,2012/6/22 21:00,10317.35,43.38,TRADE
NSW1,2012/6/22 21:30,10077.76,44.28,TRADE
NSW1,2012/6/22 22:00,9826.19,39.15,TRADE
NSW1,2012/6/22 22:30,9844.48,45.18,TRADE
NSW1,2012/6/22 23:00,9590.31,41.8,TRADE
NSW1,2012/6/22 23:30,9403.98,43.32,TRADE
NSW1,2012/6/23 0:00,9232.71,43.85,TRADE
NSW1,2012/6/23 0:30,8989.01,43.37,TRADE
NSW1,2012/6/23 1:00,8703.97,43.48,TRADE
NSW1,2012/6/23 1:30,8465.77,37.9,TRADE
NSW1,2012/6/23 2:00,8222.61,33.64,TRADE
NSW1,2012/6/23 2:30,7804.26,31.9,TRADE
NSW1,2012/6/23 3:00,7503.04,30.91,TRADE
NSW1,2012/6/23 3:30,7218.68,27.34,TRADE
NSW1,2012/6/23 4:00,7094.21,26.01,TRADE
NSW1,2012/6/23 4:30,7023.18,22.64,TRADE
NSW1,2012/6/23 5:00,6994.3,22.42,TRADE
NSW1,2012/6/23 5:30,7112.47,22.55,TRADE
NSW1,2012/6/23 6:00,7237.73,22.72,TRADE
NSW1,2012/6/23 6:30,7560.92,26.9,TRADE
NSW1,2012/6/23 7:00,7867.6,27.88,TRADE
NSW1,2012/6/23 7:30,8370.57,30.84,TRADE
NSW1,2012/6/23 8:00,9003.29,38.12,TRADE
NSW1,2012/6/23 8:30,9519.89,49.42,TRADE
NSW1,2012/6/23 9:00,9672.83,48.05,TRADE
NSW1,2012/6/23 9:30,9810.45,49.81,TRADE
NSW1,2012/6/23 10:00,9781.82,48.81,TRADE
NSW1,2012/6/23 10:30,9606.13,47.37,TRADE
NSW1,2012/6/23 11:00,9366.67,42.77,TRADE
NSW1,2012/6/23 11:30,9158.83,41.65,TRADE
NSW1,2012/6/23 12:00,8925.44,40.43,TRADE
NSW1,2012/6/23 12:30,8820.92,40.33,TRADE
NSW1,2012/6/23 13:00,8661.2,33.49,TRADE
NSW1,2012/6/23 13:30,8543.22,33.16,TRADE
NSW1,2012/6/23 14:00,8449.49,32.58,TRADE
NSW1,2012/6/23 14:30,8405.76,33.43,TRADE
NSW1,2012/6/23 15:00,8421.49,31.93,TRADE
NSW1,2012/6/23 15:30,8500.55,34,TRADE
NSW1,2012/6/23 16:00,8688.48,38.2,TRADE
NSW1,2012/6/23 16:30,9033.92,39.49,TRADE
NSW1,2012/6/23 17:00,9542.18,43.65,TRADE
NSW1,2012/6/23 17:30,10257.53,50.25,TRADE
NSW1,2012/6/23 18:00,10960.18,60.03,TRADE
NSW1,2012/6/23 18:30,10957.95,52.16,TRADE
NSW1,2012/6/23 19:00,10829.5,49.64,TRADE
NSW1,2012/6/23 19:30,10584.12,46.89,TRADE
NSW1,2012/6/23 20:00,10357.95,41.2,TRADE
NSW1,2012/6/23 20:30,10244.5,44.33,TRADE
NSW1,2012/6/23 21:00,10167.35,43.6,TRADE
NSW1,2012/6/23 21:30,9948.27,36.26,TRADE
NSW1,2012/6/23 22:00,9721.29,34.73,TRADE
NSW1,2012/6/23 22:30,9643.4,37.77,TRADE
NSW1,2012/6/23 23:00,9392.64,38.73,TRADE
NSW1,2012/6/23 23:30,9265.13,40.92,TRADE
NSW1,2012/6/24 0:00,9006.03,38.56,TRADE
NSW1,2012/6/24 0:30,8678.43,36.11,TRADE
NSW1,2012/6/24 1:00,8313.43,33.38,TRADE
NSW1,2012/6/24 1:30,8094.82,34.57,TRADE
NSW1,2012/6/24 2:00,7819.84,32.85,TRADE
NSW1,2012/6/24 2:30,7468.08,31.61,TRADE
NSW1,2012/6/24 3:00,7192.27,29.83,TRADE
NSW1,2012/6/24 3:30,7000.16,26.84,TRADE
NSW1,2012/6/24 4:00,6899.27,23.98,TRADE
NSW1,2012/6/24 4:30,6822.67,24.71,TRADE
NSW1,2012/6/24 5:00,6854.65,24.22,TRADE
NSW1,2012/6/24 5:30,6903.26,23.06,TRADE
NSW1,2012/6/24 6:00,7061.41,25.62,TRADE
NSW1,2012/6/24 6:30,7278.73,27.58,TRADE
NSW1,2012/6/24 7:00,7550.55,28.93,TRADE
NSW1,2012/6/24 7:30,7965.12,30.68,TRADE
NSW1,2012/6/24 8:00,8493.45,32.45,TRADE
NSW1,2012/6/24 8:30,9032.83,35.85,TRADE
NSW1,2012/6/24 9:00,9391.26,39.39,TRADE
NSW1,2012/6/24 9:30,9570.57,40.94,TRADE
NSW1,2012/6/24 10:00,9527.92,42.88,TRADE
NSW1,2012/6/24 10:30,9479.41,44.64,TRADE
NSW1,2012/6/24 11:00,9235.72,37.32,TRADE
NSW1,2012/6/24 11:30,9016.14,36.12,TRADE
NSW1,2012/6/24 12:00,8850.55,32.44,TRADE
NSW1,2012/6/24 12:30,8792.52,32.24,TRADE
NSW1,2012/6/24 13:00,8574.36,31.97,TRADE
NSW1,2012/6/24 13:30,8427.77,32.11,TRADE
NSW1,2012/6/24 14:00,8369.92,31.97,TRADE
NSW1,2012/6/24 14:30,8281.28,31.5,TRADE
NSW1,2012/6/24 15:00,8250.9,31.71,TRADE
NSW1,2012/6/24 15:30,8373.67,31.6,TRADE
NSW1,2012/6/24 16:00,8628.87,32.67,TRADE
NSW1,2012/6/24 16:30,8957.75,32.62,TRADE
NSW1,2012/6/24 17:00,9520.64,39.26,TRADE
NSW1,2012/6/24 17:30,10278.08,41.41,TRADE
NSW1,2012/6/24 18:00,11007.4,51.94,TRADE
NSW1,2012/6/24 18:30,11145.74,55.36,TRADE
NSW1,2012/6/24 19:00,11016.08,49.7,TRADE
NSW1,2012/6/24 19:30,10792.39,44.87,TRADE
NSW1,2012/6/24 20:00,10564.1,44.32,TRADE
NSW1,2012/6/24 20:30,10455.4,47.62,TRADE
NSW1,2012/6/24 21:00,10241.38,45.3,TRADE
NSW1,2012/6/24 21:30,9898.11,40.66,TRADE
NSW1,2012/6/24 22:00,9583.77,34.05,TRADE
NSW1,2012/6/24 22:30,9316.29,38.99,TRADE
NSW1,2012/6/24 23:00,8918.77,33.99,TRADE
NSW1,2012/6/24 23:30,8720.45,36.07,TRADE
NSW1,2012/6/25 0:00,8452.74,32.87,TRADE
NSW1,2012/6/25 0:30,8138.33,31.3,TRADE
NSW1,2012/6/25 1:00,7937.98,31.6,TRADE
NSW1,2012/6/25 1:30,7739.72,31.28,TRADE
NSW1,2012/6/25 2:00,7582.57,30.17,TRADE
NSW1,2012/6/25 2:30,7336.49,26.01,TRADE
NSW1,2012/6/25 3:00,7094.65,22.39,TRADE
NSW1,2012/6/25 3:30,6922.94,22.38,TRADE
NSW1,2012/6/25 4:00,6856.9,22.3,TRADE
NSW1,2012/6/25 4:30,6897.29,22.56,TRADE
NSW1,2012/6/25 5:00,7056.35,22.82,TRADE
NSW1,2012/6/25 5:30,7431.74,26.78,TRADE
NSW1,2012/6/25 6:00,7947.74,29.82,TRADE
NSW1,2012/6/25 6:30,8762.25,35.06,TRADE
NSW1,2012/6/25 7:00,9673.9,44.54,TRADE
NSW1,2012/6/25 7:30,10321.02,43.92,TRADE
NSW1,2012/6/25 8:00,10882.37,48.98,TRADE
NSW1,2012/6/25 8:30,11044.39,51.17,TRADE
NSW1,2012/6/25 9:00,10936.06,53.71,TRADE
NSW1,2012/6/25 9:30,10807.84,50.14,TRADE
NSW1,2012/6/25 10:00,10685.68,47.24,TRADE
NSW1,2012/6/25 10:30,10478.64,45.28,TRADE
NSW1,2012/6/25 11:00,10296.11,45.68,TRADE
NSW1,2012/6/25 11:30,9992.72,43.97,TRADE
NSW1,2012/6/25 12:00,9817.42,43.31,TRADE
NSW1,2012/6/25 12:30,9669.88,41.39,TRADE
NSW1,2012/6/25 13:00,9503.36,34.12,TRADE
NSW1,2012/6/25 13:30,9440.35,33.99,TRADE
NSW1,2012/6/25 14:00,9326.92,32.2,TRADE
NSW1,2012/6/25 14:30,9285.69,32.59,TRADE
NSW1,2012/6/25 15:00,9269.18,34.44,TRADE
NSW1,2012/6/25 15:30,9242.23,34.81,TRADE
NSW1,2012/6/25 16:00,9417.57,36.05,TRADE
NSW1,2012/6/25 16:30,9716.91,43.25,TRADE
NSW1,2012/6/25 17:00,10231.37,43.75,TRADE
NSW1,2012/6/25 17:30,11166.7,50.6,TRADE
NSW1,2012/6/25 18:00,11805.74,117.57,TRADE
NSW1,2012/6/25 18:30,11787.95,79.18,TRADE
NSW1,2012/6/25 19:00,11681.52,51.51,TRADE
NSW1,2012/6/25 19:30,11452.61,45.7,TRADE
NSW1,2012/6/25 20:00,11195.11,46.06,TRADE
NSW1,2012/6/25 20:30,10999.73,48.19,TRADE
NSW1,2012/6/25 21:00,10790.62,46.3,TRADE
NSW1,2012/6/25 21:30,10379.49,44.45,TRADE
NSW1,2012/6/25 22:00,9942.08,40.34,TRADE
NSW1,2012/6/25 22:30,9814.65,47.68,TRADE
NSW1,2012/6/25 23:00,9395.94,44.05,TRADE
NSW1,2012/6/25 23:30,9238.16,44.66,TRADE
NSW1,2012/6/26 0:00,8956.89,42.56,TRADE
NSW1,2012/6/26 0:30,8769.91,42.47,TRADE
NSW1,2012/6/26 1:00,8590.01,38.57,TRADE
NSW1,2012/6/26 1:30,8425.64,37.76,TRADE
NSW1,2012/6/26 2:00,8232.03,33.39,TRADE
NSW1,2012/6/26 2:30,7833.92,31.92,TRADE
NSW1,2012/6/26 3:00,7525.2,31.93,TRADE
NSW1,2012/6/26 3:30,7297.01,31.23,TRADE
NSW1,2012/6/26 4:00,7136.75,30.12,TRADE
NSW1,2012/6/26 4:30,7082.14,27.8,TRADE
NSW1,2012/6/26 5:00,7132.91,27.37,TRADE
NSW1,2012/6/26 5:30,7469.81,31.91,TRADE
NSW1,2012/6/26 6:00,7912.95,33.47,TRADE
NSW1,2012/6/26 6:30,8788.4,41.73,TRADE
NSW1,2012/6/26 7:00,9565.43,47.84,TRADE
NSW1,2012/6/26 7:30,10076.01,43.08,TRADE
NSW1,2012/6/26 8:00,10624.25,53.35,TRADE
NSW1,2012/6/26 8:30,10755.03,55.73,TRADE
NSW1,2012/6/26 9:00,10698.87,52.86,TRADE
NSW1,2012/6/26 9:30,10696.61,52.61,TRADE
NSW1,2012/6/26 10:00,10613.73,50.69,TRADE
NSW1,2012/6/26 10:30,10582.16,50.27,TRADE
NSW1,2012/6/26 11:00,10487.42,49.09,TRADE
NSW1,2012/6/26 11:30,10365.81,47.47,TRADE
NSW1,2012/6/26 12:00,10367.13,49.43,TRADE
NSW1,2012/6/26 12:30,10333.95,47.06,TRADE
NSW1,2012/6/26 13:00,10360.79,46.39,TRADE
NSW1,2012/6/26 13:30,10268.98,51.47,TRADE
NSW1,2012/6/26 14:00,10270.47,52.72,TRADE
NSW1,2012/6/26 14:30,10227.91,50.46,TRADE
NSW1,2012/6/26 15:00,10157.04,54.52,TRADE
NSW1,2012/6/26 15:30,10156.18,55.33,TRADE
NSW1,2012/6/26 16:00,10312.02,60.93,TRADE
NSW1,2012/6/26 16:30,10551.59,70.31,TRADE
NSW1,2012/6/26 17:00,11048.47,79.08,TRADE
NSW1,2012/6/26 17:30,11656.95,60.02,TRADE
NSW1,2012/6/26 18:00,12096.07,88.15,TRADE
NSW1,2012/6/26 18:30,12010.37,66.86,TRADE
NSW1,2012/6/26 19:00,11832.06,57.69,TRADE
NSW1,2012/6/26 19:30,11543.34,53.67,TRADE
NSW1,2012/6/26 20:00,11241.4,48.55,TRADE
NSW1,2012/6/26 20:30,11016.59,51.84,TRADE
NSW1,2012/6/26 21:00,10803.29,45.13,TRADE
NSW1,2012/6/26 21:30,10432.87,41.16,TRADE
NSW1,2012/6/26 22:00,10015.73,31.05,TRADE
NSW1,2012/6/26 22:30,9840.11,47.7,TRADE
NSW1,2012/6/26 23:00,9486.07,35.76,TRADE
NSW1,2012/6/26 23:30,9282.96,33.77,TRADE
NSW1,2012/6/27 0:00,9072.75,32.74,TRADE
NSW1,2012/6/27 0:30,8768.82,31.91,TRADE
NSW1,2012/6/27 1:00,8600.37,31.91,TRADE
NSW1,2012/6/27 1:30,8371.94,31.93,TRADE
NSW1,2012/6/27 2:00,8118.39,31.66,TRADE
NSW1,2012/6/27 2:30,7746.58,25.82,TRADE
NSW1,2012/6/27 3:00,7417.94,24.35,TRADE
NSW1,2012/6/27 3:30,7144.13,22.81,TRADE
NSW1,2012/6/27 4:00,6984.09,22.48,TRADE
NSW1,2012/6/27 4:30,6931.02,22.69,TRADE
NSW1,2012/6/27 5:00,7054.4,23.31,TRADE
NSW1,2012/6/27 5:30,7343.63,26.2,TRADE
NSW1,2012/6/27 6:00,7808.93,28.19,TRADE
NSW1,2012/6/27 6:30,8676.82,31.84,TRADE
NSW1,2012/6/27 7:00,9455.13,36.81,TRADE
NSW1,2012/6/27 7:30,9823.32,34.05,TRADE
NSW1,2012/6/27 8:00,10307.42,51.36,TRADE
NSW1,2012/6/27 8:30,10443.99,54.08,TRADE
NSW1,2012/6/27 9:00,10423.71,55.25,TRADE
NSW1,2012/6/27 9:30,10414.8,56.92,TRADE
NSW1,2012/6/27 10:00,10352.08,55.83,TRADE
NSW1,2012/6/27 10:30,10304.86,52,TRADE
NSW1,2012/6/27 11:00,10162.23,43.99,TRADE
NSW1,2012/6/27 11:30,10006.29,36.77,TRADE
NSW1,2012/6/27 12:00,9936.94,37.95,TRADE
NSW1,2012/6/27 12:30,9849.3,42.94,TRADE
NSW1,2012/6/27 13:00,9755.62,37.91,TRADE
NSW1,2012/6/27 13:30,9714.31,37.03,TRADE
NSW1,2012/6/27 14:00,9669.75,34.67,TRADE
NSW1,2012/6/27 14:30,9600.13,34.18,TRADE
NSW1,2012/6/27 15:00,9636.63,35.18,TRADE
NSW1,2012/6/27 15:30,9670.37,33.9,TRADE
NSW1,2012/6/27 16:00,9775.88,38.18,TRADE
NSW1,2012/6/27 16:30,10021.83,44.52,TRADE
NSW1,2012/6/27 17:00,10417.32,42.48,TRADE
NSW1,2012/6/27 17:30,11126.82,52.07,TRADE
NSW1,2012/6/27 18:00,11654.65,90.93,TRADE
NSW1,2012/6/27 18:30,11653.73,75.43,TRADE
NSW1,2012/6/27 19:00,11561.17,56.63,TRADE
NSW1,2012/6/27 19:30,11321.76,48.17,TRADE
NSW1,2012/6/27 20:00,11039.04,46.68,TRADE
NSW1,2012/6/27 20:30,10885.55,49.89,TRADE
NSW1,2012/6/27 21:00,10707.08,47.82,TRADE
NSW1,2012/6/27 21:30,10354.46,41.43,TRADE
NSW1,2012/6/27 22:00,9940.29,36.74,TRADE
NSW1,2012/6/27 22:30,9873.26,45.95,TRADE
NSW1,2012/6/27 23:00,9522.77,35.35,TRADE
NSW1,2012/6/27 23:30,9328.16,33.58,TRADE
NSW1,2012/6/28 0:00,9101.78,32.93,TRADE
NSW1,2012/6/28 0:30,8821.1,31.91,TRADE
NSW1,2012/6/28 1:00,8589.1,31.91,TRADE
NSW1,2012/6/28 1:30,8338.62,31.91,TRADE
NSW1,2012/6/28 2:00,8109.53,31.23,TRADE
NSW1,2012/6/28 2:30,7735.43,24.11,TRADE
NSW1,2012/6/28 3:00,7440.3,23.4,TRADE
NSW1,2012/6/28 3:30,7210.15,22.58,TRADE
NSW1,2012/6/28 4:00,7059.12,22.52,TRADE
NSW1,2012/6/28 4:30,7003.68,22.68,TRADE
NSW1,2012/6/28 5:00,7117.61,22.81,TRADE
NSW1,2012/6/28 5:30,7451.23,24.61,TRADE
NSW1,2012/6/28 6:00,7894.69,28.52,TRADE
NSW1,2012/6/28 6:30,8721.87,38.7,TRADE
NSW1,2012/6/28 7:00,9464.43,41.85,TRADE
NSW1,2012/6/28 7:30,9982.08,40.95,TRADE
NSW1,2012/6/28 8:00,10451.85,55.24,TRADE
NSW1,2012/6/28 8:30,10546.5,57.93,TRADE
NSW1,2012/6/28 9:00,10434.3,57.03,TRADE
NSW1,2012/6/28 9:30,10394.83,52.43,TRADE
NSW1,2012/6/28 10:00,10290.08,46.91,TRADE
NSW1,2012/6/28 10:30,10183.86,46.09,TRADE
NSW1,2012/6/28 11:00,10016.11,39.78,TRADE
NSW1,2012/6/28 11:30,9820.83,34.71,TRADE
NSW1,2012/6/28 12:00,9691.88,35.57,TRADE
NSW1,2012/6/28 12:30,9570.06,32.82,TRADE
NSW1,2012/6/28 13:00,9399.74,31.92,TRADE
NSW1,2012/6/28 13:30,9357.66,31.97,TRADE
NSW1,2012/6/28 14:00,9311.66,32,TRADE
NSW1,2012/6/28 14:30,9277.82,31.97,TRADE
NSW1,2012/6/28 15:00,9238.4,31.96,TRADE
NSW1,2012/6/28 15:30,9269.31,32,TRADE
NSW1,2012/6/28 16:00,9394.91,32.89,TRADE
NSW1,2012/6/28 16:30,9625.3,33.07,TRADE
NSW1,2012/6/28 17:00,10050.11,49.4,TRADE
NSW1,2012/6/28 17:30,10676.98,47.71,TRADE
NSW1,2012/6/28 18:00,11193.83,56.1,TRADE
NSW1,2012/6/28 18:30,11234.93,55.35,TRADE
NSW1,2012/6/28 19:00,11138.62,47.01,TRADE
NSW1,2012/6/28 19:30,10876.85,40.5,TRADE
NSW1,2012/6/28 20:00,10711.51,35.92,TRADE
NSW1,2012/6/28 20:30,10580.05,36.3,TRADE
NSW1,2012/6/28 21:00,10410.13,34.13,TRADE
NSW1,2012/6/28 21:30,10010.92,33.45,TRADE
NSW1,2012/6/28 22:00,9670.88,31.92,TRADE
NSW1,2012/6/28 22:30,9619.09,34.09,TRADE
NSW1,2012/6/28 23:00,9310.89,32.83,TRADE
NSW1,2012/6/28 23:30,9100.34,33.03,TRADE
NSW1,2012/6/29 0:00,8961.23,34.93,TRADE
NSW1,2012/6/29 0:30,8685.22,31.91,TRADE
NSW1,2012/6/29 1:00,8429.43,31.91,TRADE
NSW1,2012/6/29 1:30,8252.59,31.94,TRADE
NSW1,2012/6/29 2:00,7962.75,30.54,TRADE
NSW1,2012/6/29 2:30,7592.18,24.08,TRADE
NSW1,2012/6/29 3:00,7259.56,22.48,TRADE
NSW1,2012/6/29 3:30,7014.62,22.43,TRADE
NSW1,2012/6/29 4:00,6859.46,22.38,TRADE
NSW1,2012/6/29 4:30,6814.05,22.51,TRADE
NSW1,2012/6/29 5:00,6913.24,22.6,TRADE
NSW1,2012/6/29 5:30,7246.8,25.07,TRADE
NSW1,2012/6/29 6:00,7680.92,26.98,TRADE
NSW1,2012/6/29 6:30,8436.37,31.15,TRADE
NSW1,2012/6/29 7:00,9138.21,33.44,TRADE
NSW1,2012/6/29 7:30,9624.98,33.22,TRADE
NSW1,2012/6/29 8:00,10056.73,40.94,TRADE
NSW1,2012/6/29 8:30,10194.48,43.22,TRADE
NSW1,2012/6/29 9:00,10080.83,40.54,TRADE
NSW1,2012/6/29 9:30,10027.26,34.06,TRADE
NSW1,2012/6/29 10:00,9984.01,33.21,TRADE
NSW1,2012/6/29 10:30,9899.14,32.05,TRADE
NSW1,2012/6/29 11:00,9724.41,32.38,TRADE
NSW1,2012/6/29 11:30,9505.8,31.95,TRADE
NSW1,2012/6/29 12:00,9353.64,31.91,TRADE
NSW1,2012/6/29 12:30,9193.14,31.91,TRADE
NSW1,2012/6/29 13:00,9107.32,31.91,TRADE
NSW1,2012/6/29 13:30,9009.39,31.91,TRADE
NSW1,2012/6/29 14:00,8981.23,31.91,TRADE
NSW1,2012/6/29 14:30,8916.58,31.91,TRADE
NSW1,2012/6/29 15:00,8852.64,31.91,TRADE
NSW1,2012/6/29 15:30,8833.58,31.91,TRADE
NSW1,2012/6/29 16:00,8896.92,31.93,TRADE
NSW1,2012/6/29 16:30,9147.94,31.99,TRADE
NSW1,2012/6/29 17:00,9495.83,32.59,TRADE
NSW1,2012/6/29 17:30,10019.64,34.99,TRADE
NSW1,2012/6/29 18:00,10410.69,40.42,TRADE
NSW1,2012/6/29 18:30,10441.34,40.35,TRADE
NSW1,2012/6/29 19:00,10293.7,36.49,TRADE
NSW1,2012/6/29 19:30,10002.12,31.94,TRADE
NSW1,2012/6/29 20:00,9848.74,32.42,TRADE
NSW1,2012/6/29 20:30,9743.07,31.95,TRADE
NSW1,2012/6/29 21:00,9602.04,31.94,TRADE
NSW1,2012/6/29 21:30,9365.4,31.91,TRADE
NSW1,2012/6/29 22:00,9177.53,31.36,TRADE
NSW1,2012/6/29 22:30,9222.72,32.41,TRADE
NSW1,2012/6/29 23:00,9050.01,31.91,TRADE
NSW1,2012/6/29 23:30,8969.97,33.11,TRADE
NSW1,2012/6/30 0:00,8875.34,31.59,TRADE
NSW1,2012/6/30 0:30,8591.19,31.8,TRADE
NSW1,2012/6/30 1:00,8356.68,31.06,TRADE
NSW1,2012/6/30 1:30,8185.78,29.74,TRADE
NSW1,2012/6/30 2:00,7876.24,25.13,TRADE
NSW1,2012/6/30 2:30,7505.32,18.34,TRADE
NSW1,2012/6/30 3:00,7169.98,17.16,TRADE
NSW1,2012/6/30 3:30,6903.42,18.13,TRADE
NSW1,2012/6/30 4:00,6756.67,17.31,TRADE
NSW1,2012/6/30 4:30,6658.89,15.5,TRADE
NSW1,2012/6/30 5:00,6661.11,13.32,TRADE
NSW1,2012/6/30 5:30,6797.23,19.5,TRADE
NSW1,2012/6/30 6:00,6937.56,22.23,TRADE
NSW1,2012/6/30 6:30,7296.58,22.59,TRADE
NSW1,2012/6/30 7:00,7602.6,24.22,TRADE
NSW1,2012/6/30 7:30,7940.18,27.96,TRADE
NSW1,2012/6/30 8:00,8454.21,29.6,TRADE
NSW1,2012/6/30 8:30,8830.07,32.1,TRADE
NSW1,2012/6/30 9:00,9101.15,33.9,TRADE
NSW1,2012/6/30 9:30,9242.22,34.56,TRADE
NSW1,2012/6/30 10:00,9143.45,33.78,TRADE
NSW1,2012/6/30 10:30,9057.4,31.94,TRADE
NSW1,2012/6/30 11:00,8775.98,31.62,TRADE
NSW1,2012/6/30 11:30,8587.32,32.87,TRADE
NSW1,2012/6/30 12:00,8438.55,31.98,TRADE
NSW1,2012/6/30 12:30,8321.36,30.96,TRADE
NSW1,2012/6/30 13:00,8201.82,30.04,TRADE
NSW1,2012/6/30 13:30,8136.22,30.35,TRADE
NSW1,2012/6/30 14:00,8092.36,32.3,TRADE
NSW1,2012/6/30 14:30,8019.3,31.74,TRADE
NSW1,2012/6/30 15:00,8093.02,32.58,TRADE
NSW1,2012/6/30 15:30,8150.39,32.54,TRADE
NSW1,2012/6/30 16:00,8317.76,32.88,TRADE
NSW1,2012/6/30 16:30,8566.27,37.29,TRADE
NSW1,2012/6/30 17:00,8990.06,44.33,TRADE
NSW1,2012/6/30 17:30,9633.59,47.75,TRADE
NSW1,2012/6/30 18:00,10114.9,53.36,TRADE
NSW1,2012/6/30 18:30,10128.04,52.7,TRADE
NSW1,2012/6/30 19:00,9958.86,47.46,TRADE
NSW1,2012/6/30 19:30,9721.76,41.46,TRADE
NSW1,2012/6/30 20:00,9570.87,41.34,TRADE
NSW1,2012/6/30 20:30,9402.73,42.16,TRADE
NSW1,2012/6/30 21:00,9333.7,42.16,TRADE
NSW1,2012/6/30 21:30,9105.64,38.59,TRADE
NSW1,2012/6/30 22:00,8957.84,43.96,TRADE
NSW1,2012/6/30 22:30,8895.95,49.32,TRADE
NSW1,2012/6/30 23:00,8697.65,44.21,TRADE
NSW1,2012/6/30 23:30,8470.25,47.75,TRADE
NSW1,2012/7/1 0:00,8271.55,52.03,TRADE
?NSW1,2012/7/1 0:30,8097.93,57.04,TRADE
NSW1,2012/7/1 1:00,7852.57,53.69,TRADE
NSW1,2012/7/1 1:30,7632.28,51.94,TRADE
NSW1,2012/7/1 2:00,7384.7,52.13,TRADE
NSW1,2012/7/1 2:30,7112.43,47.44,TRADE
NSW1,2012/7/1 3:00,6819.54,45.97,TRADE
NSW1,2012/7/1 3:30,6681.84,41.91,TRADE
NSW1,2012/7/1 4:00,6608.37,34.42,TRADE
NSW1,2012/7/1 4:30,6517.26,46.81,TRADE
NSW1,2012/7/1 5:00,6458.57,50.05,TRADE
NSW1,2012/7/1 5:30,6583.26,52.63,TRADE
NSW1,2012/7/1 6:00,6681.67,51.45,TRADE
NSW1,2012/7/1 6:30,6854.62,50.66,TRADE
NSW1,2012/7/1 7:00,7133.54,52.45,TRADE
NSW1,2012/7/1 7:30,7411.69,52.5,TRADE
NSW1,2012/7/1 8:00,7936.87,55.04,TRADE
NSW1,2012/7/1 8:30,8433.15,55.2,TRADE
NSW1,2012/7/1 9:00,8827.22,58.77,TRADE
NSW1,2012/7/1 9:30,9089.8,60.49,TRADE
NSW1,2012/7/1 10:00,9149.78,60.4,TRADE
NSW1,2012/7/1 10:30,9135.86,60.66,TRADE
NSW1,2012/7/1 11:00,8908.7,57.22,TRADE
NSW1,2012/7/1 11:30,8861.62,58.66,TRADE
NSW1,2012/7/1 12:00,8871.93,59,TRADE
NSW1,2012/7/1 12:30,8748.04,57.98,TRADE
NSW1,2012/7/1 13:00,8707.82,58.68,TRADE
NSW1,2012/7/1 13:30,8579.13,58.37,TRADE
NSW1,2012/7/1 14:00,8462.84,57.76,TRADE
NSW1,2012/7/1 14:30,8385.19,56.98,TRADE
NSW1,2012/7/1 15:00,8438.27,58.84,TRADE
NSW1,2012/7/1 15:30,8474.06,55.78,TRADE
NSW1,2012/7/1 16:00,8647.91,57.09,TRADE
NSW1,2012/7/1 16:30,9027.43,61.16,TRADE
NSW1,2012/7/1 17:00,9562.3,65.69,TRADE
NSW1,2012/7/1 17:30,10171.42,66.53,TRADE
NSW1,2012/7/1 18:00,10800.05,79.59,TRADE
NSW1,2012/7/1 18:30,10901.71,76.21,TRADE
NSW1,2012/7/1 19:00,10768.17,71.08,TRADE
NSW1,2012/7/1 19:30,10550.6,69.18,TRADE
NSW1,2012/7/1 20:00,10329.51,65.33,TRADE
NSW1,2012/7/1 20:30,10229.92,64.33,TRADE
NSW1,2012/7/1 21:00,9960.49,62.76,TRADE
NSW1,2012/7/1 21:30,9806.49,63.51,TRADE
NSW1,2012/7/1 22:00,9573.19,63.14,TRADE
NSW1,2012/7/1 22:30,9295.94,66.58,TRADE
NSW1,2012/7/1 23:00,8905.21,61.04,TRADE
NSW1,2012/7/1 23:30,8691.27,63.09,TRADE
NSW1,2012/7/2 0:00,8445.39,61,TRADE
NSW1,2012/7/2 0:30,8127.58,55.93,TRADE
NSW1,2012/7/2 1:00,7907.78,54.67,TRADE
NSW1,2012/7/2 1:30,7705.56,55.39,TRADE
NSW1,2012/7/2 2:00,7571.62,54.84,TRADE
NSW1,2012/7/2 2:30,7257.12,53.79,TRADE
NSW1,2012/7/2 3:00,7000.83,53.86,TRADE
NSW1,2012/7/2 3:30,6883.92,53.9,TRADE
NSW1,2012/7/2 4:00,6800.31,53.87,TRADE
NSW1,2012/7/2 4:30,6854.6,53.9,TRADE
NSW1,2012/7/2 5:00,7032,54.09,TRADE
NSW1,2012/7/2 5:30,7375.03,57.58,TRADE
NSW1,2012/7/2 6:00,7872.04,60.51,TRADE
NSW1,2012/7/2 6:30,8607.82,67.55,TRADE
NSW1,2012/7/2 7:00,9316.53,80.33,TRADE
NSW1,2012/7/2 7:30,9745.77,70.85,TRADE
NSW1,2012/7/2 8:00,10255.88,88.31,TRADE
NSW1,2012/7/2 8:30,10498.5,97.5,TRADE
NSW1,2012/7/2 9:00,10513.24,89.61,TRADE
NSW1,2012/7/2 9:30,10488.49,83.32,TRADE
NSW1,2012/7/2 10:00,10401.94,89.62,TRADE
NSW1,2012/7/2 10:30,10247.32,78.94,TRADE
NSW1,2012/7/2 11:00,10069.47,75.07,TRADE
NSW1,2012/7/2 11:30,9887.68,85.29,TRADE
NSW1,2012/7/2 12:00,9755.55,89.38,TRADE
NSW1,2012/7/2 12:30,9680.1,-59.28,TRADE
NSW1,2012/7/2 13:00,9542.03,70.53,TRADE
NSW1,2012/7/2 13:30,9439.66,86.41,TRADE
NSW1,2012/7/2 14:00,9402.31,72.51,TRADE
NSW1,2012/7/2 14:30,9447.94,84.54,TRADE
NSW1,2012/7/2 15:00,9413.01,90.94,TRADE
NSW1,2012/7/2 15:30,9433.38,92.18,TRADE
NSW1,2012/7/2 16:00,9570.66,95.78,TRADE
NSW1,2012/7/2 16:30,9771.06,103.85,TRADE
NSW1,2012/7/2 17:00,10247.18,106.17,TRADE
NSW1,2012/7/2 17:30,11073.37,165.45,TRADE
NSW1,2012/7/2 18:00,11670.02,239.44,TRADE
NSW1,2012/7/2 18:30,11695.39,242.83,TRADE
NSW1,2012/7/2 19:00,11622.16,235.25,TRADE
NSW1,2012/7/2 19:30,11344.31,136.87,TRADE
NSW1,2012/7/2 20:00,11154.89,122.83,TRADE
NSW1,2012/7/2 20:30,10983.82,217.85,TRADE
NSW1,2012/7/2 21:00,10740.1,124.93,TRADE
NSW1,2012/7/2 21:30,10424.42,112.46,TRADE
NSW1,2012/7/2 22:00,10036.66,113.71,TRADE
NSW1,2012/7/2 22:30,9929.47,225.27,TRADE
NSW1,2012/7/2 23:00,9484.51,126.1,TRADE
NSW1,2012/7/2 23:30,9317.22,113.25,TRADE
NSW1,2012/7/3 0:00,9172.74,87.95,TRADE
NSW1,2012/7/3 0:30,8888.21,92.83,TRADE
NSW1,2012/7/3 1:00,8666.86,108.03,TRADE
NSW1,2012/7/3 1:30,8498.61,107.93,TRADE
NSW1,2012/7/3 2:00,8233.09,97.81,TRADE
NSW1,2012/7/3 2:30,7840.06,84.14,TRADE
NSW1,2012/7/3 3:00,7526.82,81.25,TRADE
NSW1,2012/7/3 3:30,7299.75,76.62,TRADE
NSW1,2012/7/3 4:00,7175.84,72.28,TRADE
NSW1,2012/7/3 4:30,7094.82,61.79,TRADE
NSW1,2012/7/3 5:00,7228.03,65.18,TRADE
NSW1,2012/7/3 5:30,7503.99,69.01,TRADE
NSW1,2012/7/3 6:00,7956.42,76.36,TRADE
NSW1,2012/7/3 6:30,8788.93,88.53,TRADE
NSW1,2012/7/3 7:00,9515.69,89.67,TRADE
NSW1,2012/7/3 7:30,9954.44,81.03,TRADE
NSW1,2012/7/3 8:00,10459.17,89.35,TRADE
NSW1,2012/7/3 8:30,10672.29,99.44,TRADE
NSW1,2012/7/3 9:00,10640.33,89.14,TRADE
NSW1,2012/7/3 9:30,10592.23,86.45,TRADE
NSW1,2012/7/3 10:00,10418.81,82,TRADE
NSW1,2012/7/3 10:30,10247.5,72.39,TRADE
NSW1,2012/7/3 11:00,10062.16,72.8,TRADE
NSW1,2012/7/3 11:30,9870.06,72.28,TRADE
NSW1,2012/7/3 12:00,9666.61,65.41,TRADE
NSW1,2012/7/3 12:30,9517.87,62.43,TRADE
NSW1,2012/7/3 13:00,9452.97,61.57,TRADE
NSW1,2012/7/3 13:30,9388.68,62.96,TRADE
NSW1,2012/7/3 14:00,9315.39,62.06,TRADE
NSW1,2012/7/3 14:30,9299.24,63.89,TRADE
NSW1,2012/7/3 15:00,9287.98,63.64,TRADE
NSW1,2012/7/3 15:30,9328.94,62.88,TRADE
NSW1,2012/7/3 16:00,9453.06,67.09,TRADE
NSW1,2012/7/3 16:30,9725.67,68.09,TRADE
NSW1,2012/7/3 17:00,10234.25,81.16,TRADE
NSW1,2012/7/3 17:30,11060.58,87.06,TRADE
NSW1,2012/7/3 18:00,11754.02,109.15,TRADE
NSW1,2012/7/3 18:30,11801.08,120.42,TRADE
NSW1,2012/7/3 19:00,11727.91,106.69,TRADE
NSW1,2012/7/3 19:30,11491.67,85,TRADE
NSW1,2012/7/3 20:00,11250.87,74.92,TRADE
NSW1,2012/7/3 20:30,11011.05,80.24,TRADE
NSW1,2012/7/3 21:00,10810.19,75.74,TRADE
NSW1,2012/7/3 21:30,10521.27,73.68,TRADE
NSW1,2012/7/3 22:00,10081.87,70.4,TRADE
NSW1,2012/7/3 22:30,9937.29,79.33,TRADE
NSW1,2012/7/3 23:00,9561.03,70.21,TRADE
NSW1,2012/7/3 23:30,9340.61,66.16,TRADE
NSW1,2012/7/4 0:00,9148.13,60.93,TRADE
NSW1,2012/7/4 0:30,8889.59,59.35,TRADE
NSW1,2012/7/4 1:00,8661.22,58.53,TRADE
NSW1,2012/7/4 1:30,8484.7,59.14,TRADE
NSW1,2012/7/4 2:00,8199.15,56.69,TRADE
NSW1,2012/7/4 2:30,7759.47,54.6,TRADE
NSW1,2012/7/4 3:00,7437.23,54.89,TRADE
NSW1,2012/7/4 3:30,7168.59,54.89,TRADE
NSW1,2012/7/4 4:00,7023.33,54.9,TRADE
NSW1,2012/7/4 4:30,6995.28,55.08,TRADE
NSW1,2012/7/4 5:00,7074.75,55.08,TRADE
NSW1,2012/7/4 5:30,7433.25,55.09,TRADE
NSW1,2012/7/4 6:00,7866.72,55.53,TRADE
NSW1,2012/7/4 6:30,8695.69,73.9,TRADE
NSW1,2012/7/4 7:00,9423.68,78.4,TRADE
NSW1,2012/7/4 7:30,9873.75,76.78,TRADE
NSW1,2012/7/4 8:00,10412.09,107.05,TRADE
NSW1,2012/7/4 8:30,10657.29,115.41,TRADE
NSW1,2012/7/4 9:00,10683.9,89.65,TRADE
NSW1,2012/7/4 9:30,10661.38,83.46,TRADE
NSW1,2012/7/4 10:00,10582.05,84.05,TRADE
NSW1,2012/7/4 10:30,10400.6,89.12,TRADE
NSW1,2012/7/4 11:00,10220.91,71.7,TRADE
NSW1,2012/7/4 11:30,10018.59,73.91,TRADE
NSW1,2012/7/4 12:00,9822.15,65.16,TRADE
NSW1,2012/7/4 12:30,9625.47,60.18,TRADE
NSW1,2012/7/4 13:00,9568.01,59.57,TRADE
NSW1,2012/7/4 13:30,9523.99,61.8,TRADE
NSW1,2012/7/4 14:00,9494.12,63.45,TRADE
NSW1,2012/7/4 14:30,9472.62,61.68,TRADE
NSW1,2012/7/4 15:00,9518.61,63.56,TRADE
NSW1,2012/7/4 15:30,9574.89,63.76,TRADE
NSW1,2012/7/4 16:00,9804.96,74.7,TRADE
NSW1,2012/7/4 16:30,10003.16,73.01,TRADE
NSW1,2012/7/4 17:00,10445.9,74.83,TRADE
NSW1,2012/7/4 17:30,11117.11,78.35,TRADE
NSW1,2012/7/4 18:00,11736.84,99.17,TRADE
NSW1,2012/7/4 18:30,11738.11,98.86,TRADE
NSW1,2012/7/4 19:00,11626.55,96.47,TRADE
NSW1,2012/7/4 19:30,11365.21,93.17,TRADE
NSW1,2012/7/4 20:00,11109.91,83.33,TRADE
NSW1,2012/7/4 20:30,10874.42,85.77,TRADE
NSW1,2012/7/4 21:00,10615.1,69.61,TRADE
NSW1,2012/7/4 21:30,10401.84,70.59,TRADE
NSW1,2012/7/4 22:00,10092.28,66.6,TRADE
NSW1,2012/7/4 22:30,10047.69,74.79,TRADE
NSW1,2012/7/4 23:00,9682.31,62.61,TRADE
NSW1,2012/7/4 23:30,9470.81,62.06,TRADE
NSW1,2012/7/5 0:00,9203.38,57.46,TRADE
NSW1,2012/7/5 0:30,8895.7,57.77,TRADE
NSW1,2012/7/5 1:00,8650.86,56.16,TRADE
NSW1,2012/7/5 1:30,8447.7,56.25,TRADE
NSW1,2012/7/5 2:00,8160.2,55.14,TRADE
NSW1,2012/7/5 2:30,7778.45,54.79,TRADE
NSW1,2012/7/5 3:00,7467.68,54.41,TRADE
NSW1,2012/7/5 3:30,7196.51,54.57,TRADE
NSW1,2012/7/5 4:00,7084.87,55,TRADE
NSW1,2012/7/5 4:30,7060.88,54.96,TRADE
NSW1,2012/7/5 5:00,7117.64,55.05,TRADE
NSW1,2012/7/5 5:30,7408.55,55.1,TRADE
NSW1,2012/7/5 6:00,7856.84,56.05,TRADE
NSW1,2012/7/5 6:30,8596.65,67.03,TRADE
NSW1,2012/7/5 7:00,9279.02,80,TRADE
NSW1,2012/7/5 7:30,9696.98,73.57,TRADE
NSW1,2012/7/5 8:00,10112.06,86.83,TRADE
NSW1,2012/7/5 8:30,10352.5,87.37,TRADE
NSW1,2012/7/5 9:00,10461.27,86.76,TRADE
NSW1,2012/7/5 9:30,10480.06,86.79,TRADE
NSW1,2012/7/5 10:00,10385.14,81.95,TRADE
NSW1,2012/7/5 10:30,10291.06,79.93,TRADE
NSW1,2012/7/5 11:00,10147.64,77.68,TRADE
NSW1,2012/7/5 11:30,9958.34,69.14,TRADE
NSW1,2012/7/5 12:00,9796.18,66.07,TRADE
NSW1,2012/7/5 12:30,9750.83,65.97,TRADE
NSW1,2012/7/5 13:00,9608.15,61.21,TRADE
NSW1,2012/7/5 13:30,9576.77,59.29,TRADE
NSW1,2012/7/5 14:00,9561.56,58.7,TRADE
NSW1,2012/7/5 14:30,9494.87,59.37,TRADE
NSW1,2012/7/5 15:00,9497.71,59.33,TRADE
NSW1,2012/7/5 15:30,9585.74,59.01,TRADE
NSW1,2012/7/5 16:00,9657.5,59.92,TRADE
NSW1,2012/7/5 16:30,9891.72,60.78,TRADE
NSW1,2012/7/5 17:00,10386.33,65.41,TRADE
NSW1,2012/7/5 17:30,11078.34,77.31,TRADE
NSW1,2012/7/5 18:00,11742.5,89.19,TRADE
NSW1,2012/7/5 18:30,11828.56,125.76,TRADE
NSW1,2012/7/5 19:00,11730.73,133.63,TRADE
NSW1,2012/7/5 19:30,11475.26,86.88,TRADE
NSW1,2012/7/5 20:00,11243.46,84.61,TRADE
NSW1,2012/7/5 20:30,11114.21,88.6,TRADE
NSW1,2012/7/5 21:00,10914.87,85.61,TRADE
NSW1,2012/7/5 21:30,10528.73,79.8,TRADE
NSW1,2012/7/5 22:00,10120.03,65.29,TRADE
NSW1,2012/7/5 22:30,10064.91,86.42,TRADE
NSW1,2012/7/5 23:00,9720.48,70.95,TRADE
NSW1,2012/7/5 23:30,9524.88,74.43,TRADE
NSW1,2012/7/6 0:00,9351.64,64.35,TRADE
NSW1,2012/7/6 0:30,9023.15,59.33,TRADE
NSW1,2012/7/6 1:00,8778.18,59.89,TRADE
NSW1,2012/7/6 1:30,8566.21,60.25,TRADE
NSW1,2012/7/6 2:00,8286.98,57.78,TRADE
NSW1,2012/7/6 2:30,7868.12,55.85,TRADE
NSW1,2012/7/6 3:00,7537.58,55.06,TRADE
NSW1,2012/7/6 3:30,7300.48,55.08,TRADE
NSW1,2012/7/6 4:00,7135.41,55.07,TRADE
NSW1,2012/7/6 4:30,7109.19,54.72,TRADE
NSW1,2012/7/6 5:00,7198.82,53.97,TRADE
NSW1,2012/7/6 5:30,7487.08,55.06,TRADE
NSW1,2012/7/6 6:00,7897.98,55.81,TRADE
NSW1,2012/7/6 6:30,8645.78,57.51,TRADE
NSW1,2012/7/6 7:00,9303.75,62.03,TRADE
NSW1,2012/7/6 7:30,9754.39,67.79,TRADE
NSW1,2012/7/6 8:00,10231.66,80.99,TRADE
NSW1,2012/7/6 8:30,10504.29,88.08,TRADE
NSW1,2012/7/6 9:00,10554.95,90.86,TRADE
NSW1,2012/7/6 9:30,10599.05,92.22,TRADE
NSW1,2012/7/6 10:00,10516.58,87.47,TRADE
NSW1,2012/7/6 10:30,10384.27,82.56,TRADE
NSW1,2012/7/6 11:00,10277.22,70.9,TRADE
NSW1,2012/7/6 11:30,10104.2,70.67,TRADE
NSW1,2012/7/6 12:00,10012.59,66.42,TRADE
NSW1,2012/7/6 12:30,9908.08,65.54,TRADE
NSW1,2012/7/6 13:00,9785.94,61.94,TRADE
NSW1,2012/7/6 13:30,9607.4,72.4,TRADE
NSW1,2012/7/6 14:00,9517.56,70.17,TRADE
NSW1,2012/7/6 14:30,9399.72,61.18,TRADE
NSW1,2012/7/6 15:00,9412.96,62.98,TRADE
NSW1,2012/7/6 15:30,9409.05,62.85,TRADE
NSW1,2012/7/6 16:00,9529.39,65.82,TRADE
NSW1,2012/7/6 16:30,9724.74,65.7,TRADE
NSW1,2012/7/6 17:00,10174.83,67.32,TRADE
NSW1,2012/7/6 17:30,10863.05,73.76,TRADE
NSW1,2012/7/6 18:00,11386.69,86.61,TRADE
NSW1,2012/7/6 18:30,11163.58,78.47,TRADE
NSW1,2012/7/6 19:00,11232.67,79.04,TRADE
NSW1,2012/7/6 19:30,11005.41,68.19,TRADE
NSW1,2012/7/6 20:00,10825.52,62.14,TRADE
NSW1,2012/7/6 20:30,10676.94,73.78,TRADE
NSW1,2012/7/6 21:00,10516.82,73.56,TRADE
NSW1,2012/7/6 21:30,10227.73,64.67,TRADE
NSW1,2012/7/6 22:00,10025.56,65.1,TRADE
NSW1,2012/7/6 22:30,10046.76,78,TRADE
NSW1,2012/7/6 23:00,9782.41,64.72,TRADE
NSW1,2012/7/6 23:30,9650.74,73.64,TRADE
NSW1,2012/7/7 0:00,9508.03,68.84,TRADE
NSW1,2012/7/7 0:30,9179.86,62.89,TRADE
NSW1,2012/7/7 1:00,8921.1,60.34,TRADE
NSW1,2012/7/7 1:30,8647.73,59.28,TRADE
NSW1,2012/7/7 2:00,8282.15,57.59,TRADE
NSW1,2012/7/7 2:30,7883.6,54.95,TRADE
NSW1,2012/7/7 3:00,7566.24,55.07,TRADE
NSW1,2012/7/7 3:30,7275.6,55.01,TRADE
NSW1,2012/7/7 4:00,7108.84,55.03,TRADE
NSW1,2012/7/7 4:30,6961.92,53.84,TRADE
NSW1,2012/7/7 5:00,6953.28,53.92,TRADE
NSW1,2012/7/7 5:30,7073.93,54.13,TRADE
NSW1,2012/7/7 6:00,7202.32,51.75,TRADE
NSW1,2012/7/7 6:30,7532.78,53.59,TRADE
NSW1,2012/7/7 7:00,7796.11,53.12,TRADE
NSW1,2012/7/7 7:30,8170.38,55.22,TRADE
NSW1,2012/7/7 8:00,8760.19,56.18,TRADE
NSW1,2012/7/7 8:30,9272.63,62.6,TRADE
NSW1,2012/7/7 9:00,9661.04,73.91,TRADE
NSW1,2012/7/7 9:30,9923.01,78.41,TRADE
NSW1,2012/7/7 10:00,9910.32,73.49,TRADE
NSW1,2012/7/7 10:30,9808.32,68.88,TRADE
NSW1,2012/7/7 11:00,9547.04,61.07,TRADE
NSW1,2012/7/7 11:30,9383.5,58.78,TRADE
NSW1,2012/7/7 12:00,9106.04,57.87,TRADE
NSW1,2012/7/7 12:30,8919.03,56.64,TRADE
NSW1,2012/7/7 13:00,8808.48,57.1,TRADE
NSW1,2012/7/7 13:30,8682.15,56.34,TRADE
NSW1,2012/7/7 14:00,8557.35,55.11,TRADE
NSW1,2012/7/7 14:30,8526.13,55.24,TRADE
NSW1,2012/7/7 15:00,8582.05,55.21,TRADE
NSW1,2012/7/7 15:30,8650.59,57.5,TRADE
NSW1,2012/7/7 16:00,8804.06,59.56,TRADE
NSW1,2012/7/7 16:30,9050.06,62.09,TRADE
NSW1,2012/7/7 17:00,9528.22,71.67,TRADE
NSW1,2012/7/7 17:30,10092.9,82.29,TRADE
NSW1,2012/7/7 18:00,10602.97,96.94,TRADE
NSW1,2012/7/7 18:30,10627.3,103.15,TRADE
NSW1,2012/7/7 19:00,10419.68,91.62,TRADE
NSW1,2012/7/7 19:30,10248.8,85.86,TRADE
NSW1,2012/7/7 20:00,9996.85,78.36,TRADE
NSW1,2012/7/7 20:30,9862.91,72.61,TRADE
NSW1,2012/7/7 21:00,9701.32,69.98,TRADE
NSW1,2012/7/7 21:30,9433.44,61.66,TRADE
NSW1,2012/7/7 22:00,9250.77,60.51,TRADE
NSW1,2012/7/7 22:30,9220.59,64.24,TRADE
NSW1,2012/7/7 23:00,9038.95,61.75,TRADE
NSW1,2012/7/7 23:30,8922.05,61.1,TRADE
NSW1,2012/7/8 0:00,8693.11,58.38,TRADE
NSW1,2012/7/8 0:30,8396.53,54.93,TRADE
NSW1,2012/7/8 1:00,8093.29,55.06,TRADE
NSW1,2012/7/8 1:30,7877.9,55.28,TRADE
NSW1,2012/7/8 2:00,7642.54,55.56,TRADE
NSW1,2012/7/8 2:30,7281.47,54.7,TRADE
NSW1,2012/7/8 3:00,7069.99,52.1,TRADE
NSW1,2012/7/8 3:30,6808.68,50.61,TRADE
NSW1,2012/7/8 4:00,6710.27,50.66,TRADE
NSW1,2012/7/8 4:30,6650.89,49.87,TRADE
NSW1,2012/7/8 5:00,6616.38,50.01,TRADE
NSW1,2012/7/8 5:30,6705.59,49.39,TRADE
NSW1,2012/7/8 6:00,6811.98,49.14,TRADE
NSW1,2012/7/8 6:30,7040.15,49.72,TRADE
NSW1,2012/7/8 7:00,7263.5,50.81,TRADE
NSW1,2012/7/8 7:30,7571.18,54.32,TRADE
NSW1,2012/7/8 8:00,7986.13,55.35,TRADE
NSW1,2012/7/8 8:30,8473.03,56.73,TRADE
NSW1,2012/7/8 9:00,8836.94,56.83,TRADE
NSW1,2012/7/8 9:30,9012.5,56.4,TRADE
NSW1,2012/7/8 10:00,9021.04,57.95,TRADE
NSW1,2012/7/8 10:30,8956.43,57.63,TRADE
NSW1,2012/7/8 11:00,8747.77,55.83,TRADE
NSW1,2012/7/8 11:30,8587.19,56.01,TRADE
NSW1,2012/7/8 12:00,8336.92,55.97,TRADE
NSW1,2012/7/8 12:30,8201.67,56.01,TRADE
NSW1,2012/7/8 13:00,8116.08,54.99,TRADE
NSW1,2012/7/8 13:30,7986.59,55,TRADE
NSW1,2012/7/8 14:00,7883.67,54.99,TRADE
NSW1,2012/7/8 14:30,7802.8,54.89,TRADE
NSW1,2012/7/8 15:00,7834.26,55.03,TRADE
NSW1,2012/7/8 15:30,7917.34,56.01,TRADE
NSW1,2012/7/8 16:00,8151.8,55.96,TRADE
NSW1,2012/7/8 16:30,8448.65,57.1,TRADE
NSW1,2012/7/8 17:00,8998.52,65.23,TRADE
NSW1,2012/7/8 17:30,9591.58,75.66,TRADE
NSW1,2012/7/8 18:00,10348.57,95.25,TRADE
NSW1,2012/7/8 18:30,10490.4,96.04,TRADE
NSW1,2012/7/8 19:00,10437.03,91.07,TRADE
NSW1,2012/7/8 19:30,10235.84,83.2,TRADE
NSW1,2012/7/8 20:00,10077.43,80.93,TRADE
NSW1,2012/7/8 20:30,10022.51,76.22,TRADE
NSW1,2012/7/8 21:00,9827.13,67.09,TRADE
NSW1,2012/7/8 21:30,9603.63,69.96,TRADE
NSW1,2012/7/8 22:00,9310.67,63.82,TRADE
NSW1,2012/7/8 22:30,9133.84,59.14,TRADE
NSW1,2012/7/8 23:00,8811.76,57.95,TRADE
NSW1,2012/7/8 23:30,8646.57,58.66,TRADE
NSW1,2012/7/9 0:00,8426.33,57.91,TRADE
NSW1,2012/7/9 0:30,8123.1,54.87,TRADE
NSW1,2012/7/9 1:00,7890.84,55.15,TRADE
NSW1,2012/7/9 1:30,7680.64,55.48,TRADE
NSW1,2012/7/9 2:00,7464.3,55.04,TRADE
NSW1,2012/7/9 2:30,7171.68,54.81,TRADE
NSW1,2012/7/9 3:00,6975.87,53.12,TRADE
NSW1,2012/7/9 3:30,6869.74,51.27,TRADE
NSW1,2012/7/9 4:00,6742.18,50.72,TRADE
NSW1,2012/7/9 4:30,6808.69,51.69,TRADE
NSW1,2012/7/9 5:00,6940.88,55.53,TRADE
NSW1,2012/7/9 5:30,7225.39,56.08,TRADE
NSW1,2012/7/9 6:00,7720.96,58.61,TRADE
NSW1,2012/7/9 6:30,8474.39,65.97,TRADE
NSW1,2012/7/9 7:00,9152.03,72.94,TRADE
NSW1,2012/7/9 7:30,9591.42,70.35,TRADE
NSW1,2012/7/9 8:00,10177.39,84.72,TRADE
NSW1,2012/7/9 8:30,10434.33,90.16,TRADE
NSW1,2012/7/9 9:00,10485.51,89.42,TRADE
NSW1,2012/7/9 9:30,10524.89,89.88,TRADE
NSW1,2012/7/9 10:00,10363.54,86.54,TRADE
NSW1,2012/7/9 10:30,10249.74,79.07,TRADE
NSW1,2012/7/9 11:00,10086.22,78.77,TRADE
NSW1,2012/7/9 11:30,9799.27,75.76,TRADE
NSW1,2012/7/9 12:00,9668.78,77.03,TRADE
NSW1,2012/7/9 12:30,9516.67,75.92,TRADE
NSW1,2012/7/9 13:00,9440.62,76.04,TRADE
NSW1,2012/7/9 13:30,9305.54,75.13,TRADE
NSW1,2012/7/9 14:00,9232.88,74.38,TRADE
NSW1,2012/7/9 14:30,9202.18,70.08,TRADE
NSW1,2012/7/9 15:00,9107.57,66.82,TRADE
NSW1,2012/7/9 15:30,9208.9,66.56,TRADE
NSW1,2012/7/9 16:00,9277.87,67.45,TRADE
NSW1,2012/7/9 16:30,9397.96,66.1,TRADE
NSW1,2012/7/9 17:00,9816.63,68.29,TRADE
NSW1,2012/7/9 17:30,10602.73,73.92,TRADE
NSW1,2012/7/9 18:00,11270.91,138.17,TRADE
NSW1,2012/7/9 18:30,11253.97,238.27,TRADE
NSW1,2012/7/9 19:00,11133.21,133.94,TRADE
NSW1,2012/7/9 19:30,10806.2,86.39,TRADE
NSW1,2012/7/9 20:00,10589.84,75.76,TRADE
NSW1,2012/7/9 20:30,10460.6,78.5,TRADE
NSW1,2012/7/9 21:00,10243.16,75.76,TRADE
NSW1,2012/7/9 21:30,9903.75,66.43,TRADE
NSW1,2012/7/9 22:00,9557.58,61.9,TRADE
NSW1,2012/7/9 22:30,9589.63,87.07,TRADE
NSW1,2012/7/9 23:00,9268.19,71.94,TRADE
NSW1,2012/7/9 23:30,9120.32,74.95,TRADE
NSW1,2012/7/10 0:00,8960.49,71.7,TRADE
NSW1,2012/7/10 0:30,8688.95,69.09,TRADE
NSW1,2012/7/10 1:00,8508.49,69.05,TRADE
NSW1,2012/7/10 1:30,8302.67,71.21,TRADE
NSW1,2012/7/10 2:00,8043.34,65.07,TRADE
NSW1,2012/7/10 2:30,7701.62,58.39,TRADE
NSW1,2012/7/10 3:00,7405.65,57.52,TRADE
NSW1,2012/7/10 3:30,7191.26,56.82,TRADE
NSW1,2012/7/10 4:00,7001.93,55.09,TRADE
NSW1,2012/7/10 4:30,6979.73,56.01,TRADE
NSW1,2012/7/10 5:00,7028.8,56.83,TRADE
NSW1,2012/7/10 5:30,7339.26,60.97,TRADE
NSW1,2012/7/10 6:00,7754.29,64.56,TRADE
NSW1,2012/7/10 6:30,8518.22,69.02,TRADE
NSW1,2012/7/10 7:00,9133.81,73.98,TRADE
NSW1,2012/7/10 7:30,9566.87,67.5,TRADE
NSW1,2012/7/10 8:00,9946.91,81.23,TRADE
NSW1,2012/7/10 8:30,10176.42,90.01,TRADE
NSW1,2012/7/10 9:00,10310.81,91.87,TRADE
NSW1,2012/7/10 9:30,10356.31,93.33,TRADE
NSW1,2012/7/10 10:00,10250.14,85.98,TRADE
NSW1,2012/7/10 10:30,10154.94,88.1,TRADE
NSW1,2012/7/10 11:00,10062.43,87.27,TRADE
NSW1,2012/7/10 11:30,9955.91,92.88,TRADE
NSW1,2012/7/10 12:00,9752.92,86.67,TRADE
NSW1,2012/7/10 12:30,9731.1,87.25,TRADE
NSW1,2012/7/10 13:00,9691.73,81.67,TRADE
NSW1,2012/7/10 13:30,9625.38,86.22,TRADE
NSW1,2012/7/10 14:00,9628.86,87.81,TRADE
NSW1,2012/7/10 14:30,9598.44,86.57,TRADE
NSW1,2012/7/10 15:00,9579.93,83.78,TRADE
NSW1,2012/7/10 15:30,9667.61,89.59,TRADE
NSW1,2012/7/10 16:00,9875.41,93.45,TRADE
NSW1,2012/7/10 16:30,10116.12,96.91,TRADE
NSW1,2012/7/10 17:00,10462.13,86.76,TRADE
NSW1,2012/7/10 17:30,11006.91,96.23,TRADE
NSW1,2012/7/10 18:00,11338.83,160.94,TRADE
NSW1,2012/7/10 18:30,11229.29,186.55,TRADE
NSW1,2012/7/10 19:00,11105.02,91.93,TRADE
NSW1,2012/7/10 19:30,10788.47,72.67,TRADE
NSW1,2012/7/10 20:00,10566.58,68.6,TRADE
NSW1,2012/7/10 20:30,10358.87,69.54,TRADE
NSW1,2012/7/10 21:00,10178.22,70.6,TRADE
NSW1,2012/7/10 21:30,9928.79,68.15,TRADE
NSW1,2012/7/10 22:00,9493.34,61.09,TRADE
NSW1,2012/7/10 22:30,9427.96,83.14,TRADE
NSW1,2012/7/10 23:00,9122.76,64.55,TRADE
NSW1,2012/7/10 23:30,8984.06,72.45,TRADE
NSW1,2012/7/11 0:00,8787.43,60.2,TRADE
NSW1,2012/7/11 0:30,8540.56,59.06,TRADE
NSW1,2012/7/11 1:00,8370.41,59.23,TRADE
NSW1,2012/7/11 1:30,8162.81,59.6,TRADE
NSW1,2012/7/11 2:00,7906.81,57.05,TRADE
NSW1,2012/7/11 2:30,7505.68,55.72,TRADE
NSW1,2012/7/11 3:00,7193.34,54.86,TRADE
NSW1,2012/7/11 3:30,6924.31,54.59,TRADE
NSW1,2012/7/11 4:00,6729.94,54.03,TRADE
NSW1,2012/7/11 4:30,6673.44,52.9,TRADE
NSW1,2012/7/11 5:00,6732.11,54.4,TRADE
NSW1,2012/7/11 5:30,6990.25,55.49,TRADE
NSW1,2012/7/11 6:00,7386.74,57.7,TRADE
NSW1,2012/7/11 6:30,8133.66,61.89,TRADE
NSW1,2012/7/11 7:00,8752.92,67.07,TRADE
NSW1,2012/7/11 7:30,9074.72,58.03,TRADE
NSW1,2012/7/11 8:00,9498.22,65.88,TRADE
NSW1,2012/7/11 8:30,9702.79,68.96,TRADE
NSW1,2012/7/11 9:00,9774.61,68.42,TRADE
NSW1,2012/7/11 9:30,9755.99,68.66,TRADE
NSW1,2012/7/11 10:00,9666.11,64.7,TRADE
NSW1,2012/7/11 10:30,9553.45,65.68,TRADE
NSW1,2012/7/11 11:00,9392.89,60.34,TRADE
NSW1,2012/7/11 11:30,9212.51,59.6,TRADE
NSW1,2012/7/11 12:00,9054.81,59.88,TRADE
NSW1,2012/7/11 12:30,8983.33,58.46,TRADE
NSW1,2012/7/11 13:00,8866.62,56.63,TRADE
NSW1,2012/7/11 13:30,8777.53,56.01,TRADE
NSW1,2012/7/11 14:00,8712.88,55.57,TRADE
NSW1,2012/7/11 14:30,8664.74,55.04,TRADE
NSW1,2012/7/11 15:00,8641.29,55.06,TRADE
NSW1,2012/7/11 15:30,8646.73,55.4,TRADE
NSW1,2012/7/11 16:00,8744.76,55.55,TRADE
NSW1,2012/7/11 16:30,8883.37,53.55,TRADE
NSW1,2012/7/11 17:00,9223.27,54.65,TRADE
NSW1,2012/7/11 17:30,9956.11,63.06,TRADE
NSW1,2012/7/11 18:00,10519.17,65.36,TRADE
NSW1,2012/7/11 18:30,10516.14,62.54,TRADE
NSW1,2012/7/11 19:00,10408.5,62.3,TRADE
NSW1,2012/7/11 19:30,10194.48,58.2,TRADE
NSW1,2012/7/11 20:00,9986.93,56.71,TRADE
NSW1,2012/7/11 20:30,9891.14,61.98,TRADE
NSW1,2012/7/11 21:00,9722.49,57.43,TRADE
NSW1,2012/7/11 21:30,9485.15,56.81,TRADE
NSW1,2012/7/11 22:00,9169.45,56,TRADE
NSW1,2012/7/11 22:30,9157.32,64.9,TRADE
NSW1,2012/7/11 23:00,8881.81,57.25,TRADE
NSW1,2012/7/11 23:30,8776.27,58.75,TRADE
NSW1,2012/7/12 0:00,8634.18,57.15,TRADE
NSW1,2012/7/12 0:30,8394.76,55.05,TRADE
NSW1,2012/7/12 1:00,8170.65,55.42,TRADE
NSW1,2012/7/12 1:30,7979.58,55.39,TRADE
NSW1,2012/7/12 2:00,7714.49,52.92,TRADE
NSW1,2012/7/12 2:30,7304.45,51.62,TRADE
NSW1,2012/7/12 3:00,6994.46,49.69,TRADE
NSW1,2012/7/12 3:30,6786.55,46.27,TRADE
NSW1,2012/7/12 4:00,6662.35,43.61,TRADE
NSW1,2012/7/12 4:30,6625.36,44.06,TRADE
NSW1,2012/7/12 5:00,6700.15,47.63,TRADE
NSW1,2012/7/12 5:30,6975.66,49.53,TRADE
NSW1,2012/7/12 6:00,7377.73,51.98,TRADE
NSW1,2012/7/12 6:30,8124.36,56.95,TRADE
NSW1,2012/7/12 7:00,8735.22,59.28,TRADE
NSW1,2012/7/12 7:30,9047.34,54.58,TRADE
NSW1,2012/7/12 8:00,9486.7,58.96,TRADE
NSW1,2012/7/12 8:30,9773.96,73.3,TRADE
NSW1,2012/7/12 9:00,9914.21,72.76,TRADE
NSW1,2012/7/12 9:30,10055.64,73.75,TRADE
NSW1,2012/7/12 10:00,10035.75,74.46,TRADE
NSW1,2012/7/12 10:30,10022.21,78.33,TRADE
NSW1,2012/7/12 11:00,9975.69,79.69,TRADE
NSW1,2012/7/12 11:30,9920.54,76.05,TRADE
NSW1,2012/7/12 12:00,9912.57,73.7,TRADE
NSW1,2012/7/12 12:30,9884.32,74.92,TRADE
NSW1,2012/7/12 13:00,9785.5,75.99,TRADE
NSW1,2012/7/12 13:30,9759.42,74.55,TRADE
NSW1,2012/7/12 14:00,9709.73,76.27,TRADE
NSW1,2012/7/12 14:30,9672.47,79.61,TRADE
NSW1,2012/7/12 15:00,9608.13,71.68,TRADE
NSW1,2012/7/12 15:30,9605.69,70.66,TRADE
NSW1,2012/7/12 16:00,9668.33,79.11,TRADE
NSW1,2012/7/12 16:30,9782.21,75.9,TRADE
NSW1,2012/7/12 17:00,10039.23,69.36,TRADE
NSW1,2012/7/12 17:30,10567.1,77.2,TRADE
NSW1,2012/7/12 18:00,10971.92,106.15,TRADE
NSW1,2012/7/12 18:30,10947.64,96.84,TRADE
NSW1,2012/7/12 19:00,10760.45,78.29,TRADE
NSW1,2012/7/12 19:30,10437.08,67.9,TRADE
NSW1,2012/7/12 20:00,10179.89,62.59,TRADE
NSW1,2012/7/12 20:30,10031.41,66.09,TRADE
NSW1,2012/7/12 21:00,9834.98,64.59,TRADE
NSW1,2012/7/12 21:30,9492.01,58.76,TRADE
NSW1,2012/7/12 22:00,9155.24,57.08,TRADE
NSW1,2012/7/12 22:30,9189.89,67.12,TRADE
NSW1,2012/7/12 23:00,8928.96,58.13,TRADE
NSW1,2012/7/12 23:30,8811.29,57.61,TRADE
NSW1,2012/7/13 0:00,8640.05,56.68,TRADE
NSW1,2012/7/13 0:30,8435.15,56.29,TRADE
NSW1,2012/7/13 1:00,8197.63,55.95,TRADE
NSW1,2012/7/13 1:30,8002.88,56.8,TRADE
NSW1,2012/7/13 2:00,7715.86,55.56,TRADE
NSW1,2012/7/13 2:30,7315.46,54.5,TRADE
NSW1,2012/7/13 3:00,7010,53.45,TRADE
NSW1,2012/7/13 3:30,6767.76,48.73,TRADE
NSW1,2012/7/13 4:00,6625.65,49.6,TRADE
NSW1,2012/7/13 4:30,6626.08,51.21,TRADE
NSW1,2012/7/13 5:00,6671.11,53.28,TRADE
NSW1,2012/7/13 5:30,6880.47,55.06,TRADE
NSW1,2012/7/13 6:00,7249.33,54.28,TRADE
NSW1,2012/7/13 6:30,7879.97,54.89,TRADE
NSW1,2012/7/13 7:00,8375.29,58.62,TRADE
NSW1,2012/7/13 7:30,8739.93,55.56,TRADE
NSW1,2012/7/13 8:00,9180.61,60.59,TRADE
NSW1,2012/7/13 8:30,9527.56,64.42,TRADE
NSW1,2012/7/13 9:00,9641.82,63.36,TRADE
NSW1,2012/7/13 9:30,9723.86,64.63,TRADE
NSW1,2012/7/13 10:00,9681.02,65.4,TRADE
NSW1,2012/7/13 10:30,9569.59,65.68,TRADE
NSW1,2012/7/13 11:00,9447.6,64.68,TRADE
NSW1,2012/7/13 11:30,9270.29,62.82,TRADE
NSW1,2012/7/13 12:00,9129.63,62.39,TRADE
NSW1,2012/7/13 12:30,9023.56,61.82,TRADE
NSW1,2012/7/13 13:00,8856.65,61.5,TRADE
NSW1,2012/7/13 13:30,8802.79,60.93,TRADE
NSW1,2012/7/13 14:00,8729.27,60.09,TRADE
NSW1,2012/7/13 14:30,8679.3,58.63,TRADE
NSW1,2012/7/13 15:00,8717.93,58.74,TRADE
NSW1,2012/7/13 15:30,8666.33,56.95,TRADE
NSW1,2012/7/13 16:00,8743.26,58.55,TRADE
NSW1,2012/7/13 16:30,8871.15,61.25,TRADE
NSW1,2012/7/13 17:00,9121.4,62.65,TRADE
NSW1,2012/7/13 17:30,9547.63,65,TRADE
NSW1,2012/7/13 18:00,9853.22,66.09,TRADE
NSW1,2012/7/13 18:30,9775.72,63.07,TRADE
NSW1,2012/7/13 19:00,9621.1,59.86,TRADE
NSW1,2012/7/13 19:30,9364.54,57.26,TRADE
NSW1,2012/7/13 20:00,9167.01,59.1,TRADE
NSW1,2012/7/13 20:30,8965.8,58.48,TRADE
NSW1,2012/7/13 21:00,8853.6,59.13,TRADE
NSW1,2012/7/13 21:30,8629.84,56.27,TRADE
NSW1,2012/7/13 22:00,8427.78,55.32,TRADE
NSW1,2012/7/13 22:30,8620.94,63.06,TRADE
NSW1,2012/7/13 23:00,8515.31,58.05,TRADE
NSW1,2012/7/13 23:30,8534.19,59.18,TRADE
NSW1,2012/7/14 0:00,8442.2,57.31,TRADE
NSW1,2012/7/14 0:30,8264.91,55.73,TRADE
NSW1,2012/7/14 1:00,8025.06,55.69,TRADE
NSW1,2012/7/14 1:30,7803.67,55.63,TRADE
NSW1,2012/7/14 2:00,7529.08,52.95,TRADE
NSW1,2012/7/14 2:30,7116.12,53.03,TRADE
NSW1,2012/7/14 3:00,6796.04,52.19,TRADE
NSW1,2012/7/14 3:30,6553.54,51.87,TRADE
NSW1,2012/7/14 4:00,6414.8,50.94,TRADE
NSW1,2012/7/14 4:30,6317.38,50.76,TRADE
NSW1,2012/7/14 5:00,6335.71,50.48,TRADE
NSW1,2012/7/14 5:30,6387.68,50.89,TRADE
NSW1,2012/7/14 6:00,6537.02,50.16,TRADE
NSW1,2012/7/14 6:30,6799.7,48.29,TRADE
NSW1,2012/7/14 7:00,7104.05,51.82,TRADE
NSW1,2012/7/14 7:30,7435.81,54.57,TRADE
NSW1,2012/7/14 8:00,7894.56,56.04,TRADE
NSW1,2012/7/14 8:30,8281.01,56.04,TRADE
NSW1,2012/7/14 9:00,8510.42,55.93,TRADE
NSW1,2012/7/14 9:30,8796.33,58.42,TRADE
NSW1,2012/7/14 10:00,8730.54,60.58,TRADE
NSW1,2012/7/14 10:30,8728.19,58.24,TRADE
NSW1,2012/7/14 11:00,8518.81,55.97,TRADE
NSW1,2012/7/14 11:30,8386.71,55.96,TRADE
NSW1,2012/7/14 12:00,8304.46,55.83,TRADE
NSW1,2012/7/14 12:30,8150.87,55.92,TRADE
NSW1,2012/7/14 13:00,8089.43,55.93,TRADE
NSW1,2012/7/14 13:30,7905.02,55.3,TRADE
NSW1,2012/7/14 14:00,7816.87,55.13,TRADE
NSW1,2012/7/14 14:30,7811.93,55.18,TRADE
NSW1,2012/7/14 15:00,7746.22,55.19,TRADE
NSW1,2012/7/14 15:30,7763.38,55.19,TRADE
NSW1,2012/7/14 16:00,7888.3,55.35,TRADE
NSW1,2012/7/14 16:30,8096.22,56.33,TRADE
NSW1,2012/7/14 17:00,8482.45,59.71,TRADE
NSW1,2012/7/14 17:30,9002.01,60.65,TRADE
NSW1,2012/7/14 18:00,9512.25,67.15,TRADE
NSW1,2012/7/14 18:30,9563.39,66.64,TRADE
NSW1,2012/7/14 19:00,9451.54,64.51,TRADE
NSW1,2012/7/14 19:30,9256.74,60.65,TRADE
NSW1,2012/7/14 20:00,9061.79,56.13,TRADE
NSW1,2012/7/14 20:30,8965.31,56.22,TRADE
NSW1,2012/7/14 21:00,8849.7,55.93,TRADE
NSW1,2012/7/14 21:30,8708.9,55.92,TRADE
NSW1,2012/7/14 22:00,8520.58,55.76,TRADE
NSW1,2012/7/14 22:30,8517.7,56.01,TRADE
NSW1,2012/7/14 23:00,8352.62,55.9,TRADE
NSW1,2012/7/14 23:30,8246.44,56.05,TRADE
NSW1,2012/7/15 0:00,8025.33,56.13,TRADE
NSW1,2012/7/15 0:30,7728.39,55.9,TRADE
NSW1,2012/7/15 1:00,7453.25,55.7,TRADE
NSW1,2012/7/15 1:30,7241.01,54.99,TRADE
NSW1,2012/7/15 2:00,6969.17,54.09,TRADE
NSW1,2012/7/15 2:30,6631.64,50.62,TRADE
NSW1,2012/7/15 3:00,6418.8,51.37,TRADE
NSW1,2012/7/15 3:30,6291.58,50.14,TRADE
NSW1,2012/7/15 4:00,6208.12,48.88,TRADE
NSW1,2012/7/15 4:30,6188.35,49.53,TRADE
NSW1,2012/7/15 5:00,6151.53,46.67,TRADE
NSW1,2012/7/15 5:30,6259.2,49.05,TRADE
NSW1,2012/7/15 6:00,6327.55,42.62,TRADE
NSW1,2012/7/15 6:30,6531.34,45.4,TRADE
NSW1,2012/7/15 7:00,6737.84,50.4,TRADE
NSW1,2012/7/15 7:30,7015.37,51.02,TRADE
NSW1,2012/7/15 8:00,7491.18,52.41,TRADE
NSW1,2012/7/15 8:30,7950.91,56.03,TRADE
NSW1,2012/7/15 9:00,8253.99,55.47,TRADE
NSW1,2012/7/15 9:30,8459.04,56.04,TRADE
NSW1,2012/7/15 10:00,8476.47,56.13,TRADE
NSW1,2012/7/15 10:30,8507.07,56.02,TRADE
NSW1,2012/7/15 11:00,8371.66,55.99,TRADE
NSW1,2012/7/15 11:30,8211.31,55.57,TRADE
NSW1,2012/7/15 12:00,7996.85,55.48,TRADE
NSW1,2012/7/15 12:30,7918.81,55.19,TRADE
NSW1,2012/7/15 13:00,7862.91,55.09,TRADE
NSW1,2012/7/15 13:30,7681.03,54.65,TRADE
NSW1,2012/7/15 14:00,7652.59,55.1,TRADE
NSW1,2012/7/15 14:30,7575.04,54.14,TRADE
NSW1,2012/7/15 15:00,7590.66,54.64,TRADE
NSW1,2012/7/15 15:30,7678.74,55.36,TRADE
NSW1,2012/7/15 16:00,7857.33,55.79,TRADE
NSW1,2012/7/15 16:30,8167.82,56.02,TRADE
NSW1,2012/7/15 17:00,8639.01,59.79,TRADE
NSW1,2012/7/15 17:30,9240.83,66.55,TRADE
NSW1,2012/7/15 18:00,10092.76,91.56,TRADE
NSW1,2012/7/15 18:30,10327.84,85.91,TRADE
NSW1,2012/7/15 19:00,10295.47,76.27,TRADE
NSW1,2012/7/15 19:30,10079.99,71.58,TRADE
NSW1,2012/7/15 20:00,9950.28,67.59,TRADE
NSW1,2012/7/15 20:30,9867.39,68.1,TRADE
NSW1,2012/7/15 21:00,9659.23,66.04,TRADE
NSW1,2012/7/15 21:30,9439.74,61.89,TRADE
NSW1,2012/7/15 22:00,9062.38,56.92,TRADE
NSW1,2012/7/15 22:30,8902.11,60.32,TRADE
NSW1,2012/7/15 23:00,8527.27,58.18,TRADE
NSW1,2012/7/15 23:30,8332.78,56.84,TRADE
NSW1,2012/7/16 0:00,8052.02,55.81,TRADE
NSW1,2012/7/16 0:30,7699.85,55.15,TRADE
NSW1,2012/7/16 1:00,7484.49,55.82,TRADE
NSW1,2012/7/16 1:30,7273.54,55.2,TRADE
NSW1,2012/7/16 2:00,7092.11,54.15,TRADE
NSW1,2012/7/16 2:30,6805.42,52.62,TRADE
NSW1,2012/7/16 3:00,6649.6,52.24,TRADE
NSW1,2012/7/16 3:30,6513.75,50.88,TRADE
NSW1,2012/7/16 4:00,6411.01,50.23,TRADE
NSW1,2012/7/16 4:30,6486.93,53.78,TRADE
NSW1,2012/7/16 5:00,6639.21,55.4,TRADE
NSW1,2012/7/16 5:30,7004.33,56.54,TRADE
NSW1,2012/7/16 6:00,7480.78,56.9,TRADE
NSW1,2012/7/16 6:30,8313.36,61.37,TRADE
NSW1,2012/7/16 7:00,9086.48,69.6,TRADE
NSW1,2012/7/16 7:30,9629.5,69.55,TRADE
NSW1,2012/7/16 8:00,10117.65,76.49,TRADE
NSW1,2012/7/16 8:30,10292.85,78.58,TRADE
NSW1,2012/7/16 9:00,10241.95,76.51,TRADE
NSW1,2012/7/16 9:30,10158.09,76.04,TRADE
NSW1,2012/7/16 10:00,10036.78,75.35,TRADE
NSW1,2012/7/16 10:30,9880.85,74.24,TRADE
NSW1,2012/7/16 11:00,9762.34,67.74,TRADE
NSW1,2012/7/16 11:30,9544.51,66.29,TRADE
NSW1,2012/7/16 12:00,9383.01,64.69,TRADE
NSW1,2012/7/16 12:30,9263.8,58.63,TRADE
NSW1,2012/7/16 13:00,9092.58,56.08,TRADE
NSW1,2012/7/16 13:30,8996.38,56.54,TRADE
NSW1,2012/7/16 14:00,8952.35,56.3,TRADE
NSW1,2012/7/16 14:30,8923.57,55.7,TRADE
NSW1,2012/7/16 15:00,8885.5,55.6,TRADE
NSW1,2012/7/16 15:30,8861.55,55.38,TRADE
NSW1,2012/7/16 16:00,8923.34,56.4,TRADE
NSW1,2012/7/16 16:30,9170.28,59.88,TRADE
NSW1,2012/7/16 17:00,9499.17,61.18,TRADE
NSW1,2012/7/16 17:30,10267.89,67.1,TRADE
NSW1,2012/7/16 18:00,11024.25,78.52,TRADE
NSW1,2012/7/16 18:30,11186.8,78.95,TRADE
NSW1,2012/7/16 19:00,11115.69,77,TRADE
NSW1,2012/7/16 19:30,10891.09,66.36,TRADE
NSW1,2012/7/16 20:00,10640.09,66.24,TRADE
NSW1,2012/7/16 20:30,10428.26,67.38,TRADE
NSW1,2012/7/16 21:00,10225.04,66.36,TRADE
NSW1,2012/7/16 21:30,9896.98,61.86,TRADE
NSW1,2012/7/16 22:00,9512.95,57.93,TRADE
NSW1,2012/7/16 22:30,9431.04,71.36,TRADE
NSW1,2012/7/16 23:00,9101.37,59.1,TRADE
NSW1,2012/7/16 23:30,8959.85,57.34,TRADE
NSW1,2012/7/17 0:00,8842.9,58.08,TRADE
NSW1,2012/7/17 0:30,8610.84,55.83,TRADE
NSW1,2012/7/17 1:00,8330.33,55.87,TRADE
NSW1,2012/7/17 1:30,8128.53,55.74,TRADE
NSW1,2012/7/17 2:00,7915.76,55.39,TRADE
NSW1,2012/7/17 2:30,7585.41,54.37,TRADE
NSW1,2012/7/17 3:00,7286.78,53.46,TRADE
NSW1,2012/7/17 3:30,7048.17,52.11,TRADE
NSW1,2012/7/17 4:00,6939.69,51.94,TRADE
NSW1,2012/7/17 4:30,6906.15,51.88,TRADE
NSW1,2012/7/17 5:00,7027.03,53.55,TRADE
NSW1,2012/7/17 5:30,7275.21,55.3,TRADE
NSW1,2012/7/17 6:00,7719.71,52.41,TRADE
NSW1,2012/7/17 6:30,8631.44,58.37,TRADE
NSW1,2012/7/17 7:00,9507.92,67.6,TRADE
NSW1,2012/7/17 7:30,10058.79,71.97,TRADE
NSW1,2012/7/17 8:00,10386.51,85.1,TRADE
NSW1,2012/7/17 8:30,10435.01,82.81,TRADE
NSW1,2012/7/17 9:00,10208.59,70.13,TRADE
NSW1,2012/7/17 9:30,10088.44,67.38,TRADE
NSW1,2012/7/17 10:00,9930.5,66.29,TRADE
NSW1,2012/7/17 10:30,9780.15,65.45,TRADE
NSW1,2012/7/17 11:00,9569.95,57.93,TRADE
NSW1,2012/7/17 11:30,9335.95,56.09,TRADE
NSW1,2012/7/17 12:00,9155.66,56.06,TRADE
NSW1,2012/7/17 12:30,9033.58,55.97,TRADE
NSW1,2012/7/17 13:00,8897.82,54.74,TRADE
NSW1,2012/7/17 13:30,8765.08,54.71,TRADE
NSW1,2012/7/17 14:00,8691.4,54.37,TRADE
NSW1,2012/7/17 14:30,8672.46,53.74,TRADE
NSW1,2012/7/17 15:00,8630.09,53.45,TRADE
NSW1,2012/7/17 15:30,8644.53,53.9,TRADE
NSW1,2012/7/17 16:00,8775.34,54.91,TRADE
NSW1,2012/7/17 16:30,8962.7,55.72,TRADE
NSW1,2012/7/17 17:00,9278.54,58.03,TRADE
NSW1,2012/7/17 17:30,9987.02,67.82,TRADE
NSW1,2012/7/17 18:00,10763.52,93.78,TRADE
NSW1,2012/7/17 18:30,10903.66,91.08,TRADE
NSW1,2012/7/17 19:00,10866.66,80.33,TRADE
NSW1,2012/7/17 19:30,10660.84,72.18,TRADE
NSW1,2012/7/17 20:00,10486.16,73.78,TRADE
NSW1,2012/7/17 20:30,10301.49,70.29,TRADE
NSW1,2012/7/17 21:00,10138.64,67.59,TRADE
NSW1,2012/7/17 21:30,9772.67,60.07,TRADE
NSW1,2012/7/17 22:00,9423.55,56.31,TRADE
NSW1,2012/7/17 22:30,9270.79,60.41,TRADE
NSW1,2012/7/17 23:00,8957.23,56.36,TRADE
NSW1,2012/7/17 23:30,8766.43,57.61,TRADE
NSW1,2012/7/18 0:00,8618.03,54.43,TRADE
NSW1,2012/7/18 0:30,8350.94,54.82,TRADE
NSW1,2012/7/18 1:00,8158.81,55.35,TRADE
NSW1,2012/7/18 1:30,7975.59,54.06,TRADE
NSW1,2012/7/18 2:00,7722.05,52.74,TRADE
NSW1,2012/7/18 2:30,7374.06,52.29,TRADE
NSW1,2012/7/18 3:00,7046.52,50.56,TRADE
NSW1,2012/7/18 3:30,6778.8,50.66,TRADE
NSW1,2012/7/18 4:00,6647.26,49.74,TRADE
NSW1,2012/7/18 4:30,6624.65,50,TRADE
NSW1,2012/7/18 5:00,6733.96,51.04,TRADE
NSW1,2012/7/18 5:30,7075.62,54.71,TRADE
NSW1,2012/7/18 6:00,7535.63,49.77,TRADE
NSW1,2012/7/18 6:30,8332.23,55.86,TRADE
NSW1,2012/7/18 7:00,9149.6,61.78,TRADE
NSW1,2012/7/18 7:30,9652.25,60.86,TRADE
NSW1,2012/7/18 8:00,10118.2,65.99,TRADE
NSW1,2012/7/18 8:30,10122.12,65.93,TRADE
NSW1,2012/7/18 9:00,9921.06,63.74,TRADE
NSW1,2012/7/18 9:30,9812.77,63.7,TRADE
NSW1,2012/7/18 10:00,9682.6,59.95,TRADE
NSW1,2012/7/18 10:30,9504.59,56.2,TRADE
NSW1,2012/7/18 11:00,9306.09,56.52,TRADE
NSW1,2012/7/18 11:30,9085.4,55.89,TRADE
NSW1,2012/7/18 12:00,8966.04,54.99,TRADE
NSW1,2012/7/18 12:30,8888.55,53.41,TRADE
NSW1,2012/7/18 13:00,8781.76,51.45,TRADE
NSW1,2012/7/18 13:30,8724.65,53.68,TRADE
NSW1,2012/7/18 14:00,8671.69,51.72,TRADE
NSW1,2012/7/18 14:30,8610.46,51.33,TRADE
NSW1,2012/7/18 15:00,8573.55,51.18,TRADE
NSW1,2012/7/18 15:30,8568.93,52.37,TRADE
NSW1,2012/7/18 16:00,8698.71,53.66,TRADE
NSW1,2012/7/18 16:30,8869.18,56.67,TRADE
NSW1,2012/7/18 17:00,9216.64,56.79,TRADE
NSW1,2012/7/18 17:30,9935.32,67.46,TRADE
NSW1,2012/7/18 18:00,10634.95,80.65,TRADE
NSW1,2012/7/18 18:30,10780.39,85.81,TRADE
NSW1,2012/7/18 19:00,10719.02,79.51,TRADE
NSW1,2012/7/18 19:30,10486.83,68.28,TRADE
NSW1,2012/7/18 20:00,10289.4,64.79,TRADE
NSW1,2012/7/18 20:30,10179.94,64.6,TRADE
NSW1,2012/7/18 21:00,10023.15,63.73,TRADE
NSW1,2012/7/18 21:30,9707.55,59.08,TRADE
NSW1,2012/7/18 22:00,9400.9,55.75,TRADE
NSW1,2012/7/18 22:30,9339.46,73.02,TRADE
NSW1,2012/7/18 23:00,9003,59.05,TRADE
NSW1,2012/7/18 23:30,8841.35,61.31,TRADE
NSW1,2012/7/19 0:00,8714.19,57.83,TRADE
NSW1,2012/7/19 0:30,8451.49,54.98,TRADE
NSW1,2012/7/19 1:00,8255.54,53.36,TRADE
NSW1,2012/7/19 1:30,8063.52,55.64,TRADE
NSW1,2012/7/19 2:00,7820.87,54.54,TRADE
NSW1,2012/7/19 2:30,7453.86,54.29,TRADE
NSW1,2012/7/19 3:00,7145.53,52.2,TRADE
NSW1,2012/7/19 3:30,6941.65,51.75,TRADE
NSW1,2012/7/19 4:00,6828.37,51.9,TRADE
NSW1,2012/7/19 4:30,6806.8,54.01,TRADE
NSW1,2012/7/19 5:00,6884.43,54.32,TRADE
NSW1,2012/7/19 5:30,7286.64,59.78,TRADE
NSW1,2012/7/19 6:00,7686.24,55.92,TRADE
NSW1,2012/7/19 6:30,8536.43,66.48,TRADE
NSW1,2012/7/19 7:00,9359.21,69.75,TRADE
NSW1,2012/7/19 7:30,9845.55,65.07,TRADE
NSW1,2012/7/19 8:00,10295.71,74.9,TRADE
NSW1,2012/7/19 8:30,10381.08,69.96,TRADE
NSW1,2012/7/19 9:00,10157.18,67.18,TRADE
NSW1,2012/7/19 9:30,10027.77,66.37,TRADE
NSW1,2012/7/19 10:00,9881.37,64.54,TRADE
NSW1,2012/7/19 10:30,9767.53,58.16,TRADE
NSW1,2012/7/19 11:00,9595.89,56.38,TRADE
NSW1,2012/7/19 11:30,9462.33,55.95,TRADE
NSW1,2012/7/19 12:00,9364.55,55.45,TRADE
NSW1,2012/7/19 12:30,9277.31,54.77,TRADE
NSW1,2012/7/19 13:00,9217.07,55.94,TRADE
NSW1,2012/7/19 13:30,9165.61,56.03,TRADE
NSW1,2012/7/19 14:00,9112.8,55.53,TRADE
NSW1,2012/7/19 14:30,9082.25,55.09,TRADE
NSW1,2012/7/19 15:00,9006.15,54.36,TRADE
NSW1,2012/7/19 15:30,9005.65,55.18,TRADE
NSW1,2012/7/19 16:00,9160.23,55.82,TRADE
NSW1,2012/7/19 16:30,9390.42,56.57,TRADE
NSW1,2012/7/19 17:00,9798.65,54.69,TRADE
NSW1,2012/7/19 17:30,10474.6,62.06,TRADE
NSW1,2012/7/19 18:00,11305.58,80.3,TRADE
NSW1,2012/7/19 18:30,11467,76.73,TRADE
NSW1,2012/7/19 19:00,11437.9,74.89,TRADE
NSW1,2012/7/19 19:30,11220.53,63.5,TRADE
NSW1,2012/7/19 20:00,11058.98,63.66,TRADE
NSW1,2012/7/19 20:30,10898.86,70.64,TRADE
NSW1,2012/7/19 21:00,10716,68.42,TRADE
NSW1,2012/7/19 21:30,10344.03,61.16,TRADE
NSW1,2012/7/19 22:00,9944.6,54.05,TRADE
NSW1,2012/7/19 22:30,9892.83,62.03,TRADE
NSW1,2012/7/19 23:00,9507.72,56.66,TRADE
NSW1,2012/7/19 23:30,9233.78,57.89,TRADE
NSW1,2012/7/20 0:00,9031.24,55.18,TRADE
NSW1,2012/7/20 0:30,8761.22,55.37,TRADE
NSW1,2012/7/20 1:00,8532.08,55.65,TRADE
NSW1,2012/7/20 1:30,8339.84,55.6,TRADE
NSW1,2012/7/20 2:00,8083.99,54.07,TRADE
NSW1,2012/7/20 2:30,7735.16,51.94,TRADE
NSW1,2012/7/20 3:00,7437.2,52.11,TRADE
NSW1,2012/7/20 3:30,7167.35,50.82,TRADE
NSW1,2012/7/20 4:00,7055.95,51.03,TRADE
NSW1,2012/7/20 4:30,7034.77,52.58,TRADE
NSW1,2012/7/20 5:00,7141.04,53.39,TRADE
NSW1,2012/7/20 5:30,7475.95,52.45,TRADE
NSW1,2012/7/20 6:00,7942.88,56.42,TRADE
NSW1,2012/7/20 6:30,8774.88,62.02,TRADE
NSW1,2012/7/20 7:00,9567.66,72.45,TRADE
NSW1,2012/7/20 7:30,10124.03,68.46,TRADE
NSW1,2012/7/20 8:00,10698.34,82.5,TRADE
NSW1,2012/7/20 8:30,10797.88,80.95,TRADE
NSW1,2012/7/20 9:00,10520.56,66.78,TRADE
NSW1,2012/7/20 9:30,10387.94,64.46,TRADE
NSW1,2012/7/20 10:00,10240.94,64.57,TRADE
NSW1,2012/7/20 10:30,10041.75,62.31,TRADE
NSW1,2012/7/20 11:00,9865.57,60.29,TRADE
NSW1,2012/7/20 11:30,9593.02,56.68,TRADE
NSW1,2012/7/20 12:00,9396.35,56.09,TRADE
NSW1,2012/7/20 12:30,9240.42,56.01,TRADE
NSW1,2012/7/20 13:00,9092.24,54.91,TRADE
NSW1,2012/7/20 13:30,9042.26,55.51,TRADE
NSW1,2012/7/20 14:00,8901.37,54.09,TRADE
NSW1,2012/7/20 14:30,8868.7,54.92,TRADE
NSW1,2012/7/20 15:00,8791.36,55.02,TRADE
NSW1,2012/7/20 15:30,8841.22,54.89,TRADE
NSW1,2012/7/20 16:00,8951.05,55.84,TRADE
NSW1,2012/7/20 16:30,9242.92,58.56,TRADE
NSW1,2012/7/20 17:00,9622.32,60.1,TRADE
NSW1,2012/7/20 17:30,10243.3,63.86,TRADE
NSW1,2012/7/20 18:00,10957.98,73.71,TRADE
NSW1,2012/7/20 18:30,11023.44,77.56,TRADE
NSW1,2012/7/20 19:00,10969.96,76.16,TRADE
NSW1,2012/7/20 19:30,10687.98,64.1,TRADE
NSW1,2012/7/20 20:00,10549.28,65.04,TRADE
NSW1,2012/7/20 20:30,10376.58,77.44,TRADE
NSW1,2012/7/20 21:00,10220.2,82.41,TRADE
NSW1,2012/7/20 21:30,9941.69,67.27,TRADE
NSW1,2012/7/20 22:00,9658.92,64.25,TRADE
NSW1,2012/7/20 22:30,9699.74,82.99,TRADE
NSW1,2012/7/20 23:00,9404.14,68.02,TRADE
NSW1,2012/7/20 23:30,9294.72,73.9,TRADE
NSW1,2012/7/21 0:00,9109.62,71.61,TRADE
NSW1,2012/7/21 0:30,8799.91,66.63,TRADE
NSW1,2012/7/21 1:00,8529.23,64.69,TRADE
NSW1,2012/7/21 1:30,8310.4,65.82,TRADE
NSW1,2012/7/21 2:00,7994.58,62.03,TRADE
NSW1,2012/7/21 2:30,7639.82,58.39,TRADE
NSW1,2012/7/21 3:00,7334.44,56.28,TRADE
NSW1,2012/7/21 3:30,7040.52,55.22,TRADE
NSW1,2012/7/21 4:00,6879.59,53.98,TRADE
NSW1,2012/7/21 4:30,6835.67,54.27,TRADE
NSW1,2012/7/21 5:00,6826.31,54.95,TRADE
NSW1,2012/7/21 5:30,6917.28,55.84,TRADE
NSW1,2012/7/21 6:00,7041.75,55.26,TRADE
NSW1,2012/7/21 6:30,7306.4,55.85,TRADE
NSW1,2012/7/21 7:00,7618.21,56.38,TRADE
NSW1,2012/7/21 7:30,8031.24,58.79,TRADE
NSW1,2012/7/21 8:00,8562.64,57.83,TRADE
NSW1,2012/7/21 8:30,9020.48,64.66,TRADE
NSW1,2012/7/21 9:00,9370.42,70.98,TRADE
NSW1,2012/7/21 9:30,9606.11,71.55,TRADE
NSW1,2012/7/21 10:00,9527.43,68.77,TRADE
NSW1,2012/7/21 10:30,9451.69,65.42,TRADE
NSW1,2012/7/21 11:00,9315.29,63.54,TRADE
NSW1,2012/7/21 11:30,9122.38,59.01,TRADE
NSW1,2012/7/21 12:00,8960.76,62.29,TRADE
NSW1,2012/7/21 12:30,8854.72,61.54,TRADE
NSW1,2012/7/21 13:00,8723.4,56.36,TRADE
NSW1,2012/7/21 13:30,8644.44,56.74,TRADE
NSW1,2012/7/21 14:00,8583.24,56.38,TRADE
NSW1,2012/7/21 14:30,8533.98,55.96,TRADE
NSW1,2012/7/21 15:00,8471.05,56.01,TRADE
NSW1,2012/7/21 15:30,8523.87,56.48,TRADE
NSW1,2012/7/21 16:00,8651.19,61.42,TRADE
NSW1,2012/7/21 16:30,8894.76,63.46,TRADE
NSW1,2012/7/21 17:00,9289.4,66.32,TRADE
NSW1,2012/7/21 17:30,9807.5,71.7,TRADE
NSW1,2012/7/21 18:00,10406.65,81.85,TRADE
NSW1,2012/7/21 18:30,10482.85,82.44,TRADE
NSW1,2012/7/21 19:00,10258.93,73.98,TRADE
NSW1,2012/7/21 19:30,9942.5,65.72,TRADE
NSW1,2012/7/21 20:00,9764.26,64.56,TRADE
NSW1,2012/7/21 20:30,9580.77,64.37,TRADE
NSW1,2012/7/21 21:00,9432.65,64.42,TRADE
NSW1,2012/7/21 21:30,9280.24,68.83,TRADE
NSW1,2012/7/21 22:00,9088.16,63.34,TRADE
NSW1,2012/7/21 22:30,8984.49,66.74,TRADE
NSW1,2012/7/21 23:00,8799.02,66.28,TRADE
NSW1,2012/7/21 23:30,8701.97,67.97,TRADE
NSW1,2012/7/22 0:00,8410.26,66.51,TRADE
NSW1,2012/7/22 0:30,8061.97,63.94,TRADE
NSW1,2012/7/22 1:00,7802.63,63.33,TRADE
NSW1,2012/7/22 1:30,7582.47,64.24,TRADE
NSW1,2012/7/22 2:00,7295.32,62.22,TRADE
NSW1,2012/7/22 2:30,7033.46,58.52,TRADE
NSW1,2012/7/22 3:00,6791.58,58,TRADE
NSW1,2012/7/22 3:30,6596.53,55.68,TRADE
NSW1,2012/7/22 4:00,6502.7,55.68,TRADE
NSW1,2012/7/22 4:30,6462.97,56.01,TRADE
NSW1,2012/7/22 5:00,6512.75,56.01,TRADE
NSW1,2012/7/22 5:30,6534.08,55.84,TRADE
NSW1,2012/7/22 6:00,6689.22,55.36,TRADE
NSW1,2012/7/22 6:30,6869.38,56.24,TRADE
NSW1,2012/7/22 7:00,7104.88,56.22,TRADE
NSW1,2012/7/22 7:30,7360.46,55.7,TRADE
NSW1,2012/7/22 8:00,7856.51,56.05,TRADE
NSW1,2012/7/22 8:30,8323.47,62.94,TRADE
NSW1,2012/7/22 9:00,8643.42,66.28,TRADE
NSW1,2012/7/22 9:30,8854.6,70.49,TRADE
NSW1,2012/7/22 10:00,8863.38,69.52,TRADE
NSW1,2012/7/22 10:30,8893.93,68.6,TRADE
NSW1,2012/7/22 11:00,8780.2,64.07,TRADE
NSW1,2012/7/22 11:30,8696.73,63.5,TRADE
NSW1,2012/7/22 12:00,8580.05,61.71,TRADE
NSW1,2012/7/22 12:30,8540.77,60.83,TRADE
NSW1,2012/7/22 13:00,8456.62,57.76,TRADE
NSW1,2012/7/22 13:30,8373.01,55.84,TRADE
NSW1,2012/7/22 14:00,8260.91,56.01,TRADE
NSW1,2012/7/22 14:30,8266.58,55.68,TRADE
NSW1,2012/7/22 15:00,8305.07,56.04,TRADE
NSW1,2012/7/22 15:30,8407.72,56.31,TRADE
NSW1,2012/7/22 16:00,8594.79,58.83,TRADE
NSW1,2012/7/22 16:30,8853.19,60.61,TRADE
NSW1,2012/7/22 17:00,9295.32,65.35,TRADE
NSW1,2012/7/22 17:30,9795.92,73.25,TRADE
NSW1,2012/7/22 18:00,10496.16,89.78,TRADE
NSW1,2012/7/22 18:30,10649.18,96.8,TRADE
NSW1,2012/7/22 19:00,10545.06,87.19,TRADE
NSW1,2012/7/22 19:30,10347.75,71.24,TRADE
NSW1,2012/7/22 20:00,10097.72,74.14,TRADE
NSW1,2012/7/22 20:30,9922.98,81.2,TRADE
NSW1,2012/7/22 21:00,9696.64,74.86,TRADE
NSW1,2012/7/22 21:30,9391.86,68.72,TRADE
NSW1,2012/7/22 22:00,9041.04,62.41,TRADE
NSW1,2012/7/22 22:30,8899.25,62.85,TRADE
NSW1,2012/7/22 23:00,8594.07,60,TRADE
NSW1,2012/7/22 23:30,8380.92,57.81,TRADE
NSW1,2012/7/23 0:00,8085.34,56.1,TRADE
NSW1,2012/7/23 0:30,7803.92,55.68,TRADE
NSW1,2012/7/23 1:00,7581.4,55.12,TRADE
NSW1,2012/7/23 1:30,7398.72,57.52,TRADE
NSW1,2012/7/23 2:00,7227.66,55.39,TRADE
NSW1,2012/7/23 2:30,6923.7,55.51,TRADE
NSW1,2012/7/23 3:00,6737.91,53.62,TRADE
NSW1,2012/7/23 3:30,6564.91,53.83,TRADE
NSW1,2012/7/23 4:00,6550.54,53.89,TRADE
NSW1,2012/7/23 4:30,6571.49,54.94,TRADE
NSW1,2012/7/23 5:00,6696.42,55.46,TRADE
NSW1,2012/7/23 5:30,7033.44,58.46,TRADE
NSW1,2012/7/23 6:00,7504.89,59.99,TRADE
NSW1,2012/7/23 6:30,8344.1,73.3,TRADE
NSW1,2012/7/23 7:00,9197.4,95.94,TRADE
NSW1,2012/7/23 7:30,9734.19,82.18,TRADE
NSW1,2012/7/23 8:00,10181.53,97.99,TRADE
NSW1,2012/7/23 8:30,10172.34,94.67,TRADE
NSW1,2012/7/23 9:00,10084.48,85.75,TRADE
NSW1,2012/7/23 9:30,10056.79,87.54,TRADE
NSW1,2012/7/23 10:00,9996.19,73.93,TRADE
NSW1,2012/7/23 10:30,9942.76,73.95,TRADE
NSW1,2012/7/23 11:00,9847.39,72.14,TRADE
NSW1,2012/7/23 11:30,9748.24,70.57,TRADE
NSW1,2012/7/23 12:00,9596.57,65.26,TRADE
NSW1,2012/7/23 12:30,9538.38,64.23,TRADE
NSW1,2012/7/23 13:00,9459.62,61.46,TRADE
NSW1,2012/7/23 13:30,9410.89,61.15,TRADE
NSW1,2012/7/23 14:00,9374.43,62.71,TRADE
NSW1,2012/7/23 14:30,9287.62,60.21,TRADE
NSW1,2012/7/23 15:00,9258.58,57.64,TRADE
NSW1,2012/7/23 15:30,9213.83,55.84,TRADE
NSW1,2012/7/23 16:00,9357,60.38,TRADE
NSW1,2012/7/23 16:30,9622.92,66.23,TRADE
NSW1,2012/7/23 17:00,10003.55,85.47,TRADE
NSW1,2012/7/23 17:30,10762.35,88.12,TRADE
NSW1,2012/7/23 18:00,11433.27,248.41,TRADE
NSW1,2012/7/23 18:30,11441.97,291.66,TRADE
NSW1,2012/7/23 19:00,11341.7,274.89,TRADE
NSW1,2012/7/23 19:30,11033.58,166.16,TRADE
NSW1,2012/7/23 20:00,10780.02,121.78,TRADE
NSW1,2012/7/23 20:30,10588.18,101.21,TRADE
NSW1,2012/7/23 21:00,10348.56,95.52,TRADE
NSW1,2012/7/23 21:30,10023.87,73.01,TRADE
NSW1,2012/7/23 22:00,9583.44,62.6,TRADE
NSW1,2012/7/23 22:30,9527.53,84.03,TRADE
NSW1,2012/7/23 23:00,9110.49,66.55,TRADE
NSW1,2012/7/23 23:30,8910.61,65.65,TRADE
NSW1,2012/7/24 0:00,8803.81,62.77,TRADE
NSW1,2012/7/24 0:30,8593.45,63.39,TRADE
NSW1,2012/7/24 1:00,8353.59,60.34,TRADE
NSW1,2012/7/24 1:30,8208.57,61.34,TRADE
NSW1,2012/7/24 2:00,7989.14,55.74,TRADE
NSW1,2012/7/24 2:30,7603.4,55.92,TRADE
NSW1,2012/7/24 3:00,7262.84,55.03,TRADE
NSW1,2012/7/24 3:30,7037.27,53.04,TRADE
NSW1,2012/7/24 4:00,6923.55,52.36,TRADE
NSW1,2012/7/24 4:30,6854.37,55.16,TRADE
NSW1,2012/7/24 5:00,6973.01,55.84,TRADE
NSW1,2012/7/24 5:30,7305.27,58,TRADE
NSW1,2012/7/24 6:00,7717.09,59.89,TRADE
NSW1,2012/7/24 6:30,8579.81,68.12,TRADE
NSW1,2012/7/24 7:00,9379.41,92.26,TRADE
NSW1,2012/7/24 7:30,9911.65,80.01,TRADE
NSW1,2012/7/24 8:00,10287.97,99.37,TRADE
NSW1,2012/7/24 8:30,10311.12,99.02,TRADE
NSW1,2012/7/24 9:00,10155.39,90.78,TRADE
NSW1,2012/7/24 9:30,10140.87,97.39,TRADE
NSW1,2012/7/24 10:00,10053.04,78.75,TRADE
NSW1,2012/7/24 10:30,9964.88,78.73,TRADE
NSW1,2012/7/24 11:00,9803.02,72.92,TRADE
NSW1,2012/7/24 11:30,9699.83,70.59,TRADE
NSW1,2012/7/24 12:00,9603.78,76.06,TRADE
NSW1,2012/7/24 12:30,9534.54,71.87,TRADE
NSW1,2012/7/24 13:00,9477.98,68.38,TRADE
NSW1,2012/7/24 13:30,9413.04,64.65,TRADE
NSW1,2012/7/24 14:00,9389.19,64.96,TRADE
NSW1,2012/7/24 14:30,9383.2,64.45,TRADE
NSW1,2012/7/24 15:00,9262.34,63.77,TRADE
NSW1,2012/7/24 15:30,9307.64,62.31,TRADE
NSW1,2012/7/24 16:00,9544.8,69.63,TRADE
NSW1,2012/7/24 16:30,9776.84,75.11,TRADE
NSW1,2012/7/24 17:00,10165.07,96.31,TRADE
NSW1,2012/7/24 17:30,10797.81,103.87,TRADE
NSW1,2012/7/24 18:00,11442.57,235.15,TRADE
NSW1,2012/7/24 18:30,11401.13,144.99,TRADE
NSW1,2012/7/24 19:00,11326.04,144.99,TRADE
NSW1,2012/7/24 19:30,10999.98,114.58,TRADE
NSW1,2012/7/24 20:00,10797.76,83.88,TRADE
NSW1,2012/7/24 20:30,10574.11,83.97,TRADE
NSW1,2012/7/24 21:00,10388.18,82.22,TRADE
NSW1,2012/7/24 21:30,10011.87,71.83,TRADE
NSW1,2012/7/24 22:00,9574.17,58.01,TRADE
NSW1,2012/7/24 22:30,9594.96,79.69,TRADE
NSW1,2012/7/24 23:00,9171.76,65.61,TRADE
NSW1,2012/7/24 23:30,9008.35,63.89,TRADE
NSW1,2012/7/25 0:00,8824.11,57.33,TRADE
NSW1,2012/7/25 0:30,8530.86,54.46,TRADE
NSW1,2012/7/25 1:00,8313.77,59.38,TRADE
NSW1,2012/7/25 1:30,8198.55,60.34,TRADE
NSW1,2012/7/25 2:00,7946.71,54.99,TRADE
NSW1,2012/7/25 2:30,7590.25,52.94,TRADE
NSW1,2012/7/25 3:00,7203.95,52.28,TRADE
NSW1,2012/7/25 3:30,6942.12,52.47,TRADE
NSW1,2012/7/25 4:00,6834.16,52.49,TRADE
NSW1,2012/7/25 4:30,6809.77,52.6,TRADE
NSW1,2012/7/25 5:00,6897.53,52.7,TRADE
NSW1,2012/7/25 5:30,7209.7,54.47,TRADE
NSW1,2012/7/25 6:00,7657.85,58.47,TRADE
NSW1,2012/7/25 6:30,8488.19,67.74,TRADE
NSW1,2012/7/25 7:00,9284.15,66.1,TRADE
NSW1,2012/7/25 7:30,9819.43,65.19,TRADE
NSW1,2012/7/25 8:00,10260.37,79.62,TRADE
NSW1,2012/7/25 8:30,10305.41,77.11,TRADE
NSW1,2012/7/25 9:00,10122.89,71.43,TRADE
NSW1,2012/7/25 9:30,10037.64,70.24,TRADE
NSW1,2012/7/25 10:00,9888.44,64.56,TRADE
NSW1,2012/7/25 10:30,9755.83,64.42,TRADE
NSW1,2012/7/25 11:00,9535.55,63.89,TRADE
NSW1,2012/7/25 11:30,9256.7,62.74,TRADE
NSW1,2012/7/25 12:00,9104.93,57.06,TRADE
NSW1,2012/7/25 12:30,8985.29,56.28,TRADE
NSW1,2012/7/25 13:00,8862.87,56,TRADE
NSW1,2012/7/25 13:30,8733.73,55.84,TRADE
NSW1,2012/7/25 14:00,8636.75,55.01,TRADE
NSW1,2012/7/25 14:30,8669.62,55.01,TRADE
NSW1,2012/7/25 15:00,8624.1,55.84,TRADE
NSW1,2012/7/25 15:30,8635.79,56.01,TRADE
NSW1,2012/7/25 16:00,8757.76,56.41,TRADE
NSW1,2012/7/25 16:30,8960.76,55.89,TRADE
NSW1,2012/7/25 17:00,9289.97,60.75,TRADE
NSW1,2012/7/25 17:30,9901.84,60.75,TRADE
NSW1,2012/7/25 18:00,10664.47,73.64,TRADE
NSW1,2012/7/25 18:30,10842.58,73.98,TRADE
NSW1,2012/7/25 19:00,10785.74,71.76,TRADE
NSW1,2012/7/25 19:30,10543.74,64.57,TRADE
NSW1,2012/7/25 20:00,10345.44,65.27,TRADE
NSW1,2012/7/25 20:30,10180.75,67.24,TRADE
NSW1,2012/7/25 21:00,9995.12,66.26,TRADE
NSW1,2012/7/25 21:30,9668.94,58.58,TRADE
NSW1,2012/7/25 22:00,9365.75,55.67,TRADE
NSW1,2012/7/25 22:30,9315.51,61.81,TRADE
NSW1,2012/7/25 23:00,8920.37,54.88,TRADE
NSW1,2012/7/25 23:30,8743.85,56.16,TRADE
NSW1,2012/7/26 0:00,8583.24,54.76,TRADE
NSW1,2012/7/26 0:30,8296.44,55.22,TRADE
NSW1,2012/7/26 1:00,8118.33,56.13,TRADE
NSW1,2012/7/26 1:30,7962.71,55.13,TRADE
NSW1,2012/7/26 2:00,7699.22,52.93,TRADE
NSW1,2012/7/26 2:30,7308.78,50.93,TRADE
NSW1,2012/7/26 3:00,7022.91,49.6,TRADE
NSW1,2012/7/26 3:30,6774.41,48.14,TRADE
NSW1,2012/7/26 4:00,6638.94,42.74,TRADE
NSW1,2012/7/26 4:30,6634.79,44.93,TRADE
NSW1,2012/7/26 5:00,6764.85,49.17,TRADE
NSW1,2012/7/26 5:30,7080.09,53.96,TRADE
NSW1,2012/7/26 6:00,7457.88,54.72,TRADE
NSW1,2012/7/26 6:30,8327.44,60.99,TRADE
NSW1,2012/7/26 7:00,9129.1,65.23,TRADE
NSW1,2012/7/26 7:30,9542.74,63.3,TRADE
NSW1,2012/7/26 8:00,9968.78,69.57,TRADE
NSW1,2012/7/26 8:30,9997.8,67.81,TRADE
NSW1,2012/7/26 9:00,9883.83,64.49,TRADE
NSW1,2012/7/26 9:30,9836.79,64.42,TRADE
NSW1,2012/7/26 10:00,9698.83,64.37,TRADE
NSW1,2012/7/26 10:30,9636.21,64.33,TRADE
NSW1,2012/7/26 11:00,9525.37,59.75,TRADE
NSW1,2012/7/26 11:30,9329.61,55.95,TRADE
NSW1,2012/7/26 12:00,9229.72,55.97,TRADE
NSW1,2012/7/26 12:30,9120.01,56.04,TRADE
NSW1,2012/7/26 13:00,9040.56,55.84,TRADE
NSW1,2012/7/26 13:30,9017.43,55.49,TRADE
NSW1,2012/7/26 14:00,9006.49,55.12,TRADE
NSW1,2012/7/26 14:30,8947,54.86,TRADE
NSW1,2012/7/26 15:00,8883.19,55,TRADE
NSW1,2012/7/26 15:30,8840.04,55.26,TRADE
NSW1,2012/7/26 16:00,8969.89,55.59,TRADE
NSW1,2012/7/26 16:30,9033.07,59.38,TRADE
NSW1,2012/7/26 17:00,9342.14,61.5,TRADE
NSW1,2012/7/26 17:30,9940.3,63.09,TRADE
NSW1,2012/7/26 18:00,10672.5,77.28,TRADE
NSW1,2012/7/26 18:30,10844.47,78.3,TRADE
NSW1,2012/7/26 19:00,10772.14,77.72,TRADE
NSW1,2012/7/26 19:30,10534.06,68.51,TRADE
NSW1,2012/7/26 20:00,10341.69,64.5,TRADE
NSW1,2012/7/26 20:30,10180.39,75.13,TRADE
NSW1,2012/7/26 21:00,9965.33,72.49,TRADE
NSW1,2012/7/26 21:30,9612.79,64.49,TRADE
NSW1,2012/7/26 22:00,9304.07,59.09,TRADE
NSW1,2012/7/26 22:30,9336.29,70.11,TRADE
NSW1,2012/7/26 23:00,9021.96,59.51,TRADE
NSW1,2012/7/26 23:30,8878.2,59.02,TRADE
NSW1,2012/7/27 0:00,8745.81,55.7,TRADE
NSW1,2012/7/27 0:30,8414.02,55.16,TRADE
NSW1,2012/7/27 1:00,8226.29,62.15,TRADE
NSW1,2012/7/27 1:30,8042.45,62.55,TRADE
NSW1,2012/7/27 2:00,7804.35,55.99,TRADE
NSW1,2012/7/27 2:30,7457.07,54,TRADE
NSW1,2012/7/27 3:00,7161.73,52.6,TRADE
NSW1,2012/7/27 3:30,6875.09,51.07,TRADE
NSW1,2012/7/27 4:00,6765.96,51.6,TRADE
NSW1,2012/7/27 4:30,6709.87,51.76,TRADE
NSW1,2012/7/27 5:00,6836.72,53.33,TRADE
NSW1,2012/7/27 5:30,7161.18,55.92,TRADE
NSW1,2012/7/27 6:00,7671.92,59.81,TRADE
NSW1,2012/7/27 6:30,8468.77,64.03,TRADE
NSW1,2012/7/27 7:00,9289.34,80.65,TRADE
NSW1,2012/7/27 7:30,9739.07,67.44,TRADE
NSW1,2012/7/27 8:00,10152.74,81.1,TRADE
NSW1,2012/7/27 8:30,10208.83,81.28,TRADE
NSW1,2012/7/27 9:00,10003.77,63.18,TRADE
NSW1,2012/7/27 9:30,9913.37,64.23,TRADE
NSW1,2012/7/27 10:00,9771.09,60.78,TRADE
NSW1,2012/7/27 10:30,9617.98,55.76,TRADE
NSW1,2012/7/27 11:00,9433.72,55.99,TRADE
NSW1,2012/7/27 11:30,9273.49,56.05,TRADE
NSW1,2012/7/27 12:00,9135.09,55.88,TRADE
NSW1,2012/7/27 12:30,9042.36,56.04,TRADE
NSW1,2012/7/27 13:00,8958.67,55.22,TRADE
NSW1,2012/7/27 13:30,8875.62,54.93,TRADE
NSW1,2012/7/27 14:00,8825.01,53.66,TRADE
NSW1,2012/7/27 14:30,8787.78,53.27,TRADE
NSW1,2012/7/27 15:00,8741.57,52.9,TRADE
NSW1,2012/7/27 15:30,8760.41,55.13,TRADE
NSW1,2012/7/27 16:00,8890.67,55.23,TRADE
NSW1,2012/7/27 16:30,9142.52,56.94,TRADE
NSW1,2012/7/27 17:00,9492.86,53.98,TRADE
NSW1,2012/7/27 17:30,10059.46,55.43,TRADE
NSW1,2012/7/27 18:00,10735.36,63.31,TRADE
NSW1,2012/7/27 18:30,10808.8,63.06,TRADE
NSW1,2012/7/27 19:00,10772.49,63.89,TRADE
NSW1,2012/7/27 19:30,10507.21,58.07,TRADE
NSW1,2012/7/27 20:00,10372.19,55.52,TRADE
NSW1,2012/7/27 20:30,10228.68,68.38,TRADE
NSW1,2012/7/27 21:00,10053.77,62.89,TRADE
NSW1,2012/7/27 21:30,9841.75,59.69,TRADE
NSW1,2012/7/27 22:00,9575.22,55.09,TRADE
NSW1,2012/7/27 22:30,9597.01,66.39,TRADE
NSW1,2012/7/27 23:00,9292.82,58.59,TRADE
NSW1,2012/7/27 23:30,9217.73,64.96,TRADE
NSW1,2012/7/28 0:00,9046.58,61.81,TRADE
NSW1,2012/7/28 0:30,8806.12,60.91,TRADE
NSW1,2012/7/28 1:00,8528.54,59.14,TRADE
NSW1,2012/7/28 1:30,8347.14,57.46,TRADE
NSW1,2012/7/28 2:00,8016.94,54.25,TRADE
NSW1,2012/7/28 2:30,7707.85,54.97,TRADE
NSW1,2012/7/28 3:00,7336.37,55.64,TRADE
NSW1,2012/7/28 3:30,7046.12,55.47,TRADE
NSW1,2012/7/28 4:00,6878,53.16,TRADE
NSW1,2012/7/28 4:30,6802.25,50.17,TRADE
NSW1,2012/7/28 5:00,6751.04,51.16,TRADE
NSW1,2012/7/28 5:30,6875.18,52.15,TRADE
NSW1,2012/7/28 6:00,7156.63,52.19,TRADE
NSW1,2012/7/28 6:30,7487.58,55.05,TRADE
NSW1,2012/7/28 7:00,7831.89,55.34,TRADE
NSW1,2012/7/28 7:30,8232.27,54.56,TRADE
NSW1,2012/7/28 8:00,8816.21,57.06,TRADE
NSW1,2012/7/28 8:30,9185.33,58.66,TRADE
NSW1,2012/7/28 9:00,9332.77,61.83,TRADE
NSW1,2012/7/28 9:30,9447.27,62.93,TRADE
NSW1,2012/7/28 10:00,9289.81,59.09,TRADE
NSW1,2012/7/28 10:30,9329.18,59.97,TRADE
NSW1,2012/7/28 11:00,9060.66,57.34,TRADE
NSW1,2012/7/28 11:30,8800.79,56.2,TRADE
NSW1,2012/7/28 12:00,8569.51,55.66,TRADE
NSW1,2012/7/28 12:30,8361.87,54.85,TRADE
NSW1,2012/7/28 13:00,8192.32,52.31,TRADE
NSW1,2012/7/28 13:30,8090.09,52.18,TRADE
NSW1,2012/7/28 14:00,8059.65,51.53,TRADE
NSW1,2012/7/28 14:30,7955.76,50.57,TRADE
NSW1,2012/7/28 15:00,7970.98,52.11,TRADE
NSW1,2012/7/28 15:30,8049.56,53.3,TRADE
NSW1,2012/7/28 16:00,8171.63,54.58,TRADE
NSW1,2012/7/28 16:30,8362.2,55.57,TRADE
NSW1,2012/7/28 17:00,8752.45,57.26,TRADE
NSW1,2012/7/28 17:30,9290.81,58.42,TRADE
NSW1,2012/7/28 18:00,9996.56,69.75,TRADE
NSW1,2012/7/28 18:30,10183.27,78.59,TRADE
NSW1,2012/7/28 19:00,10041.01,70.37,TRADE
NSW1,2012/7/28 19:30,9813.17,63.57,TRADE
NSW1,2012/7/28 20:00,9667.64,63,TRADE
NSW1,2012/7/28 20:30,9495.33,67.17,TRADE
NSW1,2012/7/28 21:00,9431.47,65.36,TRADE
NSW1,2012/7/28 21:30,9231.48,59.11,TRADE
NSW1,2012/7/28 22:00,9070.74,57.45,TRADE
NSW1,2012/7/28 22:30,9034.81,63.11,TRADE
NSW1,2012/7/28 23:00,8794.27,59.64,TRADE
NSW1,2012/7/28 23:30,8714.22,61.04,TRADE
NSW1,2012/7/29 0:00,8465.5,59.09,TRADE
NSW1,2012/7/29 0:30,8098.1,56.99,TRADE
NSW1,2012/7/29 1:00,7876.47,57.14,TRADE
NSW1,2012/7/29 1:30,7657.47,56.41,TRADE
NSW1,2012/7/29 2:00,7395.98,54.81,TRADE
NSW1,2012/7/29 2:30,7077.77,55.68,TRADE
NSW1,2012/7/29 3:00,6813.4,55,TRADE
NSW1,2012/7/29 3:30,6662.71,52.78,TRADE
NSW1,2012/7/29 4:00,6557.7,51.41,TRADE
NSW1,2012/7/29 4:30,6474.8,52.26,TRADE
NSW1,2012/7/29 5:00,6497.93,54.01,TRADE
NSW1,2012/7/29 5:30,6587.37,51.08,TRADE
NSW1,2012/7/29 6:00,6745.04,50.75,TRADE
NSW1,2012/7/29 6:30,6963.27,52.22,TRADE
NSW1,2012/7/29 7:00,7201.83,53.85,TRADE
NSW1,2012/7/29 7:30,7576.75,53.25,TRADE
NSW1,2012/7/29 8:00,8016.68,56.12,TRADE
NSW1,2012/7/29 8:30,8482.05,55.56,TRADE
NSW1,2012/7/29 9:00,8791.95,58.63,TRADE
NSW1,2012/7/29 9:30,8918.23,62.01,TRADE
NSW1,2012/7/29 10:00,8885.24,61.68,TRADE
NSW1,2012/7/29 10:30,8839.2,61.29,TRADE
NSW1,2012/7/29 11:00,8644.03,62.01,TRADE
NSW1,2012/7/29 11:30,8546.67,60.9,TRADE
NSW1,2012/7/29 12:00,8440.13,58.52,TRADE
NSW1,2012/7/29 12:30,8428.22,57.04,TRADE
NSW1,2012/7/29 13:00,8395.34,57.32,TRADE
NSW1,2012/7/29 13:30,8315.05,56.09,TRADE
NSW1,2012/7/29 14:00,8261.72,56.06,TRADE
NSW1,2012/7/29 14:30,8189.46,56,TRADE
NSW1,2012/7/29 15:00,8201.95,56.03,TRADE
NSW1,2012/7/29 15:30,8278.54,56.38,TRADE
NSW1,2012/7/29 16:00,8430.77,59.93,TRADE
NSW1,2012/7/29 16:30,8707.88,65.89,TRADE
NSW1,2012/7/29 17:00,9104.47,72.64,TRADE
NSW1,2012/7/29 17:30,9614.22,65.51,TRADE
NSW1,2012/7/29 18:00,10443.06,110.89,TRADE
NSW1,2012/7/29 18:30,10692.91,125.84,TRADE
NSW1,2012/7/29 19:00,10643.17,121.67,TRADE
NSW1,2012/7/29 19:30,10417.6,100.09,TRADE
NSW1,2012/7/29 20:00,10299.36,82.03,TRADE
NSW1,2012/7/29 20:30,10144.06,91.09,TRADE
NSW1,2012/7/29 21:00,9935.02,70.55,TRADE
NSW1,2012/7/29 21:30,9652.45,63.94,TRADE
NSW1,2012/7/29 22:00,9342.51,59.23,TRADE
NSW1,2012/7/29 22:30,9119.33,58.11,TRADE
NSW1,2012/7/29 23:00,8736.73,57.5,TRADE
NSW1,2012/7/29 23:30,8530.92,57.98,TRADE
NSW1,2012/7/30 0:00,8288.57,55.58,TRADE
NSW1,2012/7/30 0:30,8042.31,54.98,TRADE
NSW1,2012/7/30 1:00,7778.36,54.71,TRADE
NSW1,2012/7/30 1:30,7623.92,55.7,TRADE
NSW1,2012/7/30 2:00,7413.95,53.45,TRADE
NSW1,2012/7/30 2:30,7157.66,55.87,TRADE
NSW1,2012/7/30 3:00,7012.5,55.76,TRADE
NSW1,2012/7/30 3:30,6856.54,56.01,TRADE
NSW1,2012/7/30 4:00,6773.31,55.96,TRADE
NSW1,2012/7/30 4:30,6783.82,55.76,TRADE
NSW1,2012/7/30 5:00,6947.3,55.45,TRADE
NSW1,2012/7/30 5:30,7332.97,56.12,TRADE
NSW1,2012/7/30 6:00,7785.79,58.46,TRADE
NSW1,2012/7/30 6:30,8737.66,60.77,TRADE
NSW1,2012/7/30 7:00,9612.89,68.93,TRADE
NSW1,2012/7/30 7:30,10145.04,64.85,TRADE
NSW1,2012/7/30 8:00,10583.74,74.2,TRADE
NSW1,2012/7/30 8:30,10674.94,69.66,TRADE
NSW1,2012/7/30 9:00,10544.05,65.43,TRADE
NSW1,2012/7/30 9:30,10426.55,62.93,TRADE
NSW1,2012/7/30 10:00,10262.53,62.13,TRADE
NSW1,2012/7/30 10:30,10035,56.39,TRADE
NSW1,2012/7/30 11:00,9916.5,56.06,TRADE
NSW1,2012/7/30 11:30,9678.58,55.44,TRADE
NSW1,2012/7/30 12:00,9555.77,56.01,TRADE
NSW1,2012/7/30 12:30,9416.09,55.18,TRADE
NSW1,2012/7/30 13:00,9342.42,55.2,TRADE
NSW1,2012/7/30 13:30,9247.93,54.63,TRADE
NSW1,2012/7/30 14:00,9204.83,54.87,TRADE
NSW1,2012/7/30 14:30,9156.66,54.67,TRADE
NSW1,2012/7/30 15:00,9095.17,54.29,TRADE
NSW1,2012/7/30 15:30,9083.3,53.61,TRADE
NSW1,2012/7/30 16:00,9258.32,55.32,TRADE
NSW1,2012/7/30 16:30,9494.17,56.17,TRADE
NSW1,2012/7/30 17:00,9933.02,57.97,TRADE
NSW1,2012/7/30 17:30,10692.61,64.34,TRADE
NSW1,2012/7/30 18:00,11653.64,92.01,TRADE
NSW1,2012/7/30 18:30,11832.23,111.63,TRADE
NSW1,2012/7/30 19:00,11773.86,108.13,TRADE
NSW1,2012/7/30 19:30,11517.27,75.21,TRADE
NSW1,2012/7/30 20:00,11280.38,66.17,TRADE
NSW1,2012/7/30 20:30,11056.37,71.04,TRADE
NSW1,2012/7/30 21:00,10822.43,68.08,TRADE
NSW1,2012/7/30 21:30,10463.45,57.1,TRADE
NSW1,2012/7/30 22:00,10009.34,53.86,TRADE
NSW1,2012/7/30 22:30,9853.29,71.3,TRADE
NSW1,2012/7/30 23:00,9454.22,60.3,TRADE
NSW1,2012/7/30 23:30,9184.11,61.33,TRADE
NSW1,2012/7/31 0:00,8988.99,58.27,TRADE
NSW1,2012/7/31 0:30,8800.64,56.17,TRADE
NSW1,2012/7/31 1:00,8574.76,54.29,TRADE
NSW1,2012/7/31 1:30,8381.97,58.91,TRADE
NSW1,2012/7/31 2:00,8154.09,56.16,TRADE
NSW1,2012/7/31 2:30,7816.16,56.16,TRADE
NSW1,2012/7/31 3:00,7557.66,55.25,TRADE
NSW1,2012/7/31 3:30,7261.11,53.33,TRADE
NSW1,2012/7/31 4:00,7075.85,52.62,TRADE
NSW1,2012/7/31 4:30,7124.02,53.11,TRADE
NSW1,2012/7/31 5:00,7189.97,55.65,TRADE
NSW1,2012/7/31 5:30,7528.88,54.66,TRADE
NSW1,2012/7/31 6:00,7986.48,56.01,TRADE
NSW1,2012/7/31 6:30,8927.57,63.35,TRADE
NSW1,2012/7/31 7:00,9866.11,72.91,TRADE
NSW1,2012/7/31 7:30,10423.57,68.14,TRADE
NSW1,2012/7/31 8:00,10822.48,75.19,TRADE
NSW1,2012/7/31 8:30,10787.32,70.01,TRADE
NSW1,2012/7/31 9:00,10629.65,63.96,TRADE
NSW1,2012/7/31 9:30,10499.09,64.11,TRADE
NSW1,2012/7/31 10:00,10406.52,62.28,TRADE
NSW1,2012/7/31 10:30,10282.28,57.72,TRADE
NSW1,2012/7/31 11:00,10105.41,55.62,TRADE
NSW1,2012/7/31 11:30,9919.54,55.31,TRADE
NSW1,2012/7/31 12:00,9738.98,54.84,TRADE
NSW1,2012/7/31 12:30,9753.78,55.11,TRADE
NSW1,2012/7/31 13:00,9677.28,56.06,TRADE
NSW1,2012/7/31 13:30,9667.6,56.04,TRADE
NSW1,2012/7/31 14:00,9577.02,55.42,TRADE
NSW1,2012/7/31 14:30,9470.76,55.48,TRADE
NSW1,2012/7/31 15:00,9406.19,55.68,TRADE
NSW1,2012/7/31 15:30,9451.26,56.01,TRADE
NSW1,2012/7/31 16:00,9651.49,56.7,TRADE
NSW1,2012/7/31 16:30,9909.32,55.96,TRADE
NSW1,2012/7/31 17:00,10217.42,58.73,TRADE
NSW1,2012/7/31 17:30,10829.37,60.05,TRADE
NSW1,2012/7/31 18:00,11665.25,161.14,TRADE
NSW1,2012/7/31 18:30,11897.55,291.23,TRADE
NSW1,2012/7/31 19:00,11845.92,144.99,TRADE
NSW1,2012/7/31 19:30,11556.01,113.22,TRADE
NSW1,2012/7/31 20:00,11357.38,69.29,TRADE
NSW1,2012/7/31 20:30,11246.95,77.77,TRADE
NSW1,2012/7/31 21:00,11031.35,69.62,TRADE
NSW1,2012/7/31 21:30,10668.39,62.74,TRADE
NSW1,2012/7/31 22:00,10209.32,55.48,TRADE
NSW1,2012/7/31 22:30,10053.74,72.76,TRADE
NSW1,2012/7/31 23:00,9564.8,59.65,TRADE
NSW1,2012/7/31 23:30,9350.77,61.32,TRADE
NSW1,2012/8/1 0:00,9149.12,60.06,TRADE
?NSW1,2012/8/1 0:30,8885.53,61.71,TRADE
NSW1,2012/8/1 1:00,8671.53,64.47,TRADE
NSW1,2012/8/1 1:30,8476.7,65.27,TRADE
NSW1,2012/8/1 2:00,8276.35,61.85,TRADE
NSW1,2012/8/1 2:30,7914.26,55.45,TRADE
NSW1,2012/8/1 3:00,7572.87,56.02,TRADE
NSW1,2012/8/1 3:30,7315.37,56.13,TRADE
NSW1,2012/8/1 4:00,7201.9,57.51,TRADE
NSW1,2012/8/1 4:30,7158.18,56.13,TRADE
NSW1,2012/8/1 5:00,7278.44,57.29,TRADE
NSW1,2012/8/1 5:30,7649.75,63.48,TRADE
NSW1,2012/8/1 6:00,8129.5,63.48,TRADE
NSW1,2012/8/1 6:30,9010.19,67.85,TRADE
NSW1,2012/8/1 7:00,9881.27,98.12,TRADE
NSW1,2012/8/1 7:30,10431.81,97.93,TRADE
NSW1,2012/8/1 8:00,10872.43,139.49,TRADE
NSW1,2012/8/1 8:30,10859.14,128.71,TRADE
NSW1,2012/8/1 9:00,10592.63,124.18,TRADE
NSW1,2012/8/1 9:30,10465.88,96.22,TRADE
NSW1,2012/8/1 10:00,10248.16,71.74,TRADE
NSW1,2012/8/1 10:30,10091.34,62.14,TRADE
NSW1,2012/8/1 11:00,9868.57,57.01,TRADE
NSW1,2012/8/1 11:30,9657.37,55.33,TRADE
NSW1,2012/8/1 12:00,9460.91,55.89,TRADE
NSW1,2012/8/1 12:30,9327.98,55.76,TRADE
NSW1,2012/8/1 13:00,9272.73,55.49,TRADE
NSW1,2012/8/1 13:30,9257.69,56.01,TRADE
NSW1,2012/8/1 14:00,9294.81,56.01,TRADE
NSW1,2012/8/1 14:30,9251.34,55.95,TRADE
NSW1,2012/8/1 15:00,9204.14,55.39,TRADE
NSW1,2012/8/1 15:30,9183,55.08,TRADE
NSW1,2012/8/1 16:00,9336.68,55.78,TRADE
NSW1,2012/8/1 16:30,9639.33,55.84,TRADE
NSW1,2012/8/1 17:00,10031.68,57.63,TRADE
NSW1,2012/8/1 17:30,10731.62,70.71,TRADE
NSW1,2012/8/1 18:00,11646.12,187.92,TRADE
NSW1,2012/8/1 18:30,11887.6,193.59,TRADE
NSW1,2012/8/1 19:00,11842.11,171.77,TRADE
NSW1,2012/8/1 19:30,11589.48,113.62,TRADE
NSW1,2012/8/1 20:00,11411.24,94.18,TRADE
NSW1,2012/8/1 20:30,11282.6,94.28,TRADE
NSW1,2012/8/1 21:00,11060.55,97.31,TRADE
NSW1,2012/8/1 21:30,10684.28,83.35,TRADE
NSW1,2012/8/1 22:00,10254.39,65.17,TRADE
NSW1,2012/8/1 22:30,10089.84,95.12,TRADE
NSW1,2012/8/1 23:00,9639.21,72.6,TRADE
NSW1,2012/8/1 23:30,9415,71.61,TRADE
NSW1,2012/8/2 0:00,9200.61,67.59,TRADE
NSW1,2012/8/2 0:30,8922.86,64.02,TRADE
NSW1,2012/8/2 1:00,8735.87,69.64,TRADE
NSW1,2012/8/2 1:30,8566.01,65.98,TRADE
NSW1,2012/8/2 2:00,8288.53,56,TRADE
NSW1,2012/8/2 2:30,7956.23,53.89,TRADE
NSW1,2012/8/2 3:00,7659.16,55.98,TRADE
NSW1,2012/8/2 3:30,7411.09,54.82,TRADE
NSW1,2012/8/2 4:00,7249.6,52.37,TRADE
NSW1,2012/8/2 4:30,7246.5,52.54,TRADE
NSW1,2012/8/2 5:00,7364.58,54.69,TRADE
NSW1,2012/8/2 5:30,7702.12,52.46,TRADE
NSW1,2012/8/2 6:00,8186.35,56.36,TRADE
NSW1,2012/8/2 6:30,9074.94,65.36,TRADE
NSW1,2012/8/2 7:00,9955.83,85.4,TRADE
NSW1,2012/8/2 7:30,10569.44,71.56,TRADE
NSW1,2012/8/2 8:00,10979.06,81.47,TRADE
NSW1,2012/8/2 8:30,10916.28,72.19,TRADE
NSW1,2012/8/2 9:00,10692.45,66.64,TRADE
NSW1,2012/8/2 9:30,10502.56,68.88,TRADE
NSW1,2012/8/2 10:00,10277.39,65.61,TRADE
NSW1,2012/8/2 10:30,10077.39,65.29,TRADE
NSW1,2012/8/2 11:00,9859.1,61.35,TRADE
NSW1,2012/8/2 11:30,9628.84,55.96,TRADE
NSW1,2012/8/2 12:00,9407.17,55.9,TRADE
NSW1,2012/8/2 12:30,9242.94,56.21,TRADE
NSW1,2012/8/2 13:00,9186.63,55.9,TRADE
NSW1,2012/8/2 13:30,9060.67,56.2,TRADE
NSW1,2012/8/2 14:00,9050.69,55.99,TRADE
NSW1,2012/8/2 14:30,8961.31,55.03,TRADE
NSW1,2012/8/2 15:00,8916.63,55.39,TRADE
NSW1,2012/8/2 15:30,8922.83,56.01,TRADE
NSW1,2012/8/2 16:00,9052.92,56.01,TRADE
NSW1,2012/8/2 16:30,9252.75,56.36,TRADE
NSW1,2012/8/2 17:00,9637.39,56.13,TRADE
NSW1,2012/8/2 17:30,10324.59,56.5,TRADE
NSW1,2012/8/2 18:00,11209.26,68.66,TRADE
NSW1,2012/8/2 18:30,11531.57,73.38,TRADE
NSW1,2012/8/2 19:00,11542.51,72.61,TRADE
NSW1,2012/8/2 19:30,11388.02,82.67,TRADE
NSW1,2012/8/2 20:00,11176.7,78.9,TRADE
NSW1,2012/8/2 20:30,11073.04,80.03,TRADE
NSW1,2012/8/2 21:00,10860.95,65.55,TRADE
NSW1,2012/8/2 21:30,10448.74,62.27,TRADE
NSW1,2012/8/2 22:00,10009.32,55.27,TRADE
NSW1,2012/8/2 22:30,9882.41,76.05,TRADE
NSW1,2012/8/2 23:00,9471.05,59.67,TRADE
NSW1,2012/8/2 23:30,9205.91,61.63,TRADE
NSW1,2012/8/3 0:00,9008.02,58.88,TRADE
NSW1,2012/8/3 0:30,8796.03,55.98,TRADE
NSW1,2012/8/3 1:00,8582.81,54.69,TRADE
NSW1,2012/8/3 1:30,8360.93,55.52,TRADE
NSW1,2012/8/3 2:00,8183.52,53.81,TRADE
NSW1,2012/8/3 2:30,7847.1,54.52,TRADE
NSW1,2012/8/3 3:00,7520,55.31,TRADE
NSW1,2012/8/3 3:30,7276.69,55.43,TRADE
NSW1,2012/8/3 4:00,7125.2,55.63,TRADE
NSW1,2012/8/3 4:30,7076.17,52.51,TRADE
NSW1,2012/8/3 5:00,7150.54,53.22,TRADE
NSW1,2012/8/3 5:30,7465.27,56.4,TRADE
NSW1,2012/8/3 6:00,7922.12,56.1,TRADE
NSW1,2012/8/3 6:30,8802.39,59.17,TRADE
NSW1,2012/8/3 7:00,9638.8,75.24,TRADE
NSW1,2012/8/3 7:30,10166.24,64.69,TRADE
NSW1,2012/8/3 8:00,10697.44,85.31,TRADE
NSW1,2012/8/3 8:30,10862.02,82.55,TRADE
NSW1,2012/8/3 9:00,10694.06,71.79,TRADE
NSW1,2012/8/3 9:30,10549.45,72,TRADE
NSW1,2012/8/3 10:00,10391.44,67.4,TRADE
NSW1,2012/8/3 10:30,10175.76,62.14,TRADE
NSW1,2012/8/3 11:00,9936.92,56.68,TRADE
NSW1,2012/8/3 11:30,9611.48,54.8,TRADE
NSW1,2012/8/3 12:00,9371.88,53.41,TRADE
NSW1,2012/8/3 12:30,9200.69,52.26,TRADE
NSW1,2012/8/3 13:00,9108.92,52.12,TRADE
NSW1,2012/8/3 13:30,8913.92,51.02,TRADE
NSW1,2012/8/3 14:00,8814.3,50.76,TRADE
NSW1,2012/8/3 14:30,8732.37,50.96,TRADE
NSW1,2012/8/3 15:00,8618.48,50.84,TRADE
NSW1,2012/8/3 15:30,8597.72,50.96,TRADE
NSW1,2012/8/3 16:00,8718.18,51.54,TRADE
NSW1,2012/8/3 16:30,8958.95,55.67,TRADE
NSW1,2012/8/3 17:00,9313.69,54.02,TRADE
NSW1,2012/8/3 17:30,9868.27,55.07,TRADE
NSW1,2012/8/3 18:00,10637.38,66.81,TRADE
NSW1,2012/8/3 18:30,10932.16,70.5,TRADE
NSW1,2012/8/3 19:00,10902.56,64.53,TRADE
NSW1,2012/8/3 19:30,10721.7,64.6,TRADE
NSW1,2012/8/3 20:00,10541.85,63.23,TRADE
NSW1,2012/8/3 20:30,10424.24,66.9,TRADE
NSW1,2012/8/3 21:00,10277.32,64.39,TRADE
NSW1,2012/8/3 21:30,10061.66,59.99,TRADE
NSW1,2012/8/3 22:00,9827.07,57.66,TRADE
NSW1,2012/8/3 22:30,9849.67,88.13,TRADE
NSW1,2012/8/3 23:00,9489.89,71.12,TRADE
NSW1,2012/8/3 23:30,9371.15,70.59,TRADE
NSW1,2012/8/4 0:00,9168.75,66.35,TRADE
NSW1,2012/8/4 0:30,8869.82,63.18,TRADE
NSW1,2012/8/4 1:00,8577.93,59.54,TRADE
NSW1,2012/8/4 1:30,8326.96,58.49,TRADE
NSW1,2012/8/4 2:00,7972.11,55.55,TRADE
NSW1,2012/8/4 2:30,7614.35,55.69,TRADE
NSW1,2012/8/4 3:00,7301.39,54.17,TRADE
NSW1,2012/8/4 3:30,7066.76,55.97,TRADE
NSW1,2012/8/4 4:00,6878.37,54.86,TRADE
NSW1,2012/8/4 4:30,6780.76,52.17,TRADE
NSW1,2012/8/4 5:00,6724.91,51.71,TRADE
NSW1,2012/8/4 5:30,6902.35,54.8,TRADE
NSW1,2012/8/4 6:00,7044.21,52.49,TRADE
NSW1,2012/8/4 6:30,7388.12,55.62,TRADE
NSW1,2012/8/4 7:00,7780.5,56.22,TRADE
NSW1,2012/8/4 7:30,8267.01,55.49,TRADE
NSW1,2012/8/4 8:00,8882.38,60.51,TRADE
NSW1,2012/8/4 8:30,9199.52,69.72,TRADE
NSW1,2012/8/4 9:00,9343.28,70.57,TRADE
NSW1,2012/8/4 9:30,9523.23,82.93,TRADE
NSW1,2012/8/4 10:00,9322.04,68.16,TRADE
NSW1,2012/8/4 10:30,9169.66,63.35,TRADE
NSW1,2012/8/4 11:00,8833.56,57.3,TRADE
NSW1,2012/8/4 11:30,8533.78,55.35,TRADE
NSW1,2012/8/4 12:00,8312.06,54.22,TRADE
NSW1,2012/8/4 12:30,8137.76,54.65,TRADE
NSW1,2012/8/4 13:00,8035.12,53.28,TRADE
NSW1,2012/8/4 13:30,7916.71,51.06,TRADE
NSW1,2012/8/4 14:00,7805.58,52.04,TRADE
NSW1,2012/8/4 14:30,7735.4,50.74,TRADE
NSW1,2012/8/4 15:00,7661.16,50.69,TRADE
NSW1,2012/8/4 15:30,7716.29,50.94,TRADE
NSW1,2012/8/4 16:00,7867.68,51.36,TRADE
NSW1,2012/8/4 16:30,8034.09,54.02,TRADE
NSW1,2012/8/4 17:00,8383.55,58.32,TRADE
NSW1,2012/8/4 17:30,8817.12,56.45,TRADE
NSW1,2012/8/4 18:00,9634.77,71.11,TRADE
NSW1,2012/8/4 18:30,9878.96,80.01,TRADE
NSW1,2012/8/4 19:00,9824.14,75.87,TRADE
NSW1,2012/8/4 19:30,9680.81,69.06,TRADE
NSW1,2012/8/4 20:00,9485.52,61.19,TRADE
NSW1,2012/8/4 20:30,9353.44,60.95,TRADE
NSW1,2012/8/4 21:00,9277.67,56.83,TRADE
NSW1,2012/8/4 21:30,9164,58.03,TRADE
NSW1,2012/8/4 22:00,9018.4,55.38,TRADE
NSW1,2012/8/4 22:30,8969.88,68.39,TRADE
NSW1,2012/8/4 23:00,8749.83,59.95,TRADE
NSW1,2012/8/4 23:30,8651.9,64.95,TRADE
NSW1,2012/8/5 0:00,8421.16,59.18,TRADE
NSW1,2012/8/5 0:30,8098.52,56.58,TRADE
NSW1,2012/8/5 1:00,7843.44,54.69,TRADE
NSW1,2012/8/5 1:30,7552.78,53.24,TRADE
NSW1,2012/8/5 2:00,7334.9,52.99,TRADE
NSW1,2012/8/5 2:30,7006.13,51.11,TRADE
NSW1,2012/8/5 3:00,6755.38,50.61,TRADE
NSW1,2012/8/5 3:30,6576.46,50.26,TRADE
NSW1,2012/8/5 4:00,6482.17,49.6,TRADE
NSW1,2012/8/5 4:30,6451.24,49.42,TRADE
NSW1,2012/8/5 5:00,6459.51,50.26,TRADE
NSW1,2012/8/5 5:30,6560.93,49.75,TRADE
NSW1,2012/8/5 6:00,6702.51,48.93,TRADE
NSW1,2012/8/5 6:30,6916.3,49.76,TRADE
NSW1,2012/8/5 7:00,7137.93,51.43,TRADE
NSW1,2012/8/5 7:30,7504.15,50.37,TRADE
NSW1,2012/8/5 8:00,7963.28,52.41,TRADE
NSW1,2012/8/5 8:30,8482.52,55.68,TRADE
NSW1,2012/8/5 9:00,8699.76,55.51,TRADE
NSW1,2012/8/5 9:30,8764.77,55.61,TRADE
NSW1,2012/8/5 10:00,8646.74,54.37,TRADE
NSW1,2012/8/5 10:30,8540.84,53.84,TRADE
NSW1,2012/8/5 11:00,8297.52,52.65,TRADE
NSW1,2012/8/5 11:30,8115.89,50.72,TRADE
NSW1,2012/8/5 12:00,7947.34,50.53,TRADE
NSW1,2012/8/5 12:30,7832.51,51.14,TRADE
NSW1,2012/8/5 13:00,7672.1,50.61,TRADE
NSW1,2012/8/5 13:30,7550.03,50.4,TRADE
NSW1,2012/8/5 14:00,7513.08,50.32,TRADE
NSW1,2012/8/5 14:30,7477.39,50.65,TRADE
NSW1,2012/8/5 15:00,7552.33,50.82,TRADE
NSW1,2012/8/5 15:30,7634.65,51.87,TRADE
NSW1,2012/8/5 16:00,7851.57,55.08,TRADE
NSW1,2012/8/5 16:30,8064.91,55.68,TRADE
NSW1,2012/8/5 17:00,8355.33,55.66,TRADE
NSW1,2012/8/5 17:30,8757.58,55.72,TRADE
NSW1,2012/8/5 18:00,9512.69,59.6,TRADE
NSW1,2012/8/5 18:30,9905.91,60.69,TRADE
NSW1,2012/8/5 19:00,9847.82,63.69,TRADE
NSW1,2012/8/5 19:30,9660.92,59.49,TRADE
NSW1,2012/8/5 20:00,9528.95,57.21,TRADE
NSW1,2012/8/5 20:30,9352.02,57.08,TRADE
NSW1,2012/8/5 21:00,9206.82,56.04,TRADE
NSW1,2012/8/5 21:30,8929.19,57.16,TRADE
NSW1,2012/8/5 22:00,8633.72,55.4,TRADE
NSW1,2012/8/5 22:30,8483.15,55.72,TRADE
NSW1,2012/8/5 23:00,8170.08,56.01,TRADE
NSW1,2012/8/5 23:30,8010.2,57.95,TRADE
NSW1,2012/8/6 0:00,7831.31,53.91,TRADE
NSW1,2012/8/6 0:30,7559.27,52.24,TRADE
NSW1,2012/8/6 1:00,7367.3,51.41,TRADE
NSW1,2012/8/6 1:30,7236.35,55.71,TRADE
NSW1,2012/8/6 2:00,7064.06,52.79,TRADE
NSW1,2012/8/6 2:30,6764.36,51.11,TRADE
NSW1,2012/8/6 3:00,6611.32,50.8,TRADE
NSW1,2012/8/6 3:30,6446.47,49.2,TRADE
NSW1,2012/8/6 4:00,6386.83,49.19,TRADE
NSW1,2012/8/6 4:30,6496.5,50.55,TRADE
NSW1,2012/8/6 5:00,6664.93,51.52,TRADE
NSW1,2012/8/6 5:30,6965.36,55.29,TRADE
NSW1,2012/8/6 6:00,7450.05,54.7,TRADE
NSW1,2012/8/6 6:30,8276.47,64.26,TRADE
NSW1,2012/8/6 7:00,9101.47,70.32,TRADE
NSW1,2012/8/6 7:30,9547.1,74.39,TRADE
NSW1,2012/8/6 8:00,9857.92,98.14,TRADE
NSW1,2012/8/6 8:30,9899.33,83.32,TRADE
NSW1,2012/8/6 9:00,9707.22,70.31,TRADE
NSW1,2012/8/6 9:30,9636.78,71.97,TRADE
NSW1,2012/8/6 10:00,9534.34,69.41,TRADE
NSW1,2012/8/6 10:30,9444,61.01,TRADE
NSW1,2012/8/6 11:00,9296.26,57.99,TRADE
NSW1,2012/8/6 11:30,9089.23,57.09,TRADE
NSW1,2012/8/6 12:00,9009.73,56.12,TRADE
NSW1,2012/8/6 12:30,8942.63,56.11,TRADE
NSW1,2012/8/6 13:00,8852.92,55.04,TRADE
NSW1,2012/8/6 13:30,8798.29,55.91,TRADE
NSW1,2012/8/6 14:00,8736.39,56.01,TRADE
NSW1,2012/8/6 14:30,8672.79,55.87,TRADE
NSW1,2012/8/6 15:00,8657.96,55.85,TRADE
NSW1,2012/8/6 15:30,8640.13,56.04,TRADE
NSW1,2012/8/6 16:00,8779.52,56.11,TRADE
NSW1,2012/8/6 16:30,8995.78,57.73,TRADE
NSW1,2012/8/6 17:00,9332.9,59.59,TRADE
NSW1,2012/8/6 17:30,9909.55,59.2,TRADE
NSW1,2012/8/6 18:00,10694.28,111.66,TRADE
NSW1,2012/8/6 18:30,10983,136.84,TRADE
NSW1,2012/8/6 19:00,10961.99,113.79,TRADE
NSW1,2012/8/6 19:30,10743.99,81.35,TRADE
NSW1,2012/8/6 20:00,10539.13,62.93,TRADE
NSW1,2012/8/6 20:30,10367.01,77.56,TRADE
NSW1,2012/8/6 21:00,10115.79,64.85,TRADE
NSW1,2012/8/6 21:30,9776.24,59.76,TRADE
NSW1,2012/8/6 22:00,9447.82,56.68,TRADE
NSW1,2012/8/6 22:30,9278.99,60.46,TRADE
NSW1,2012/8/6 23:00,8934.24,56.9,TRADE
NSW1,2012/8/6 23:30,8835.74,56.79,TRADE
NSW1,2012/8/7 0:00,8787.87,58.65,TRADE
NSW1,2012/8/7 0:30,8575.37,58.14,TRADE
NSW1,2012/8/7 1:00,8341.95,57.28,TRADE
NSW1,2012/8/7 1:30,8152.94,55.74,TRADE
NSW1,2012/8/7 2:00,7936.05,55.6,TRADE
NSW1,2012/8/7 2:30,7628.84,55.75,TRADE
NSW1,2012/8/7 3:00,7374.21,54.26,TRADE
NSW1,2012/8/7 3:30,7167.88,55,TRADE
NSW1,2012/8/7 4:00,7013.16,53.95,TRADE
NSW1,2012/8/7 4:30,7043.27,52.85,TRADE
NSW1,2012/8/7 5:00,7148.67,52.34,TRADE
NSW1,2012/8/7 5:30,7465.04,55.73,TRADE
NSW1,2012/8/7 6:00,7962.98,55.8,TRADE
NSW1,2012/8/7 6:30,8901.01,64.7,TRADE
NSW1,2012/8/7 7:00,9743.94,81.44,TRADE
NSW1,2012/8/7 7:30,10279.84,71.12,TRADE
NSW1,2012/8/7 8:00,10656.46,93.05,TRADE
NSW1,2012/8/7 8:30,10593.8,77.85,TRADE
NSW1,2012/8/7 9:00,10354.33,61.35,TRADE
NSW1,2012/8/7 9:30,10176.69,59.21,TRADE
NSW1,2012/8/7 10:00,9993.63,56.88,TRADE
NSW1,2012/8/7 10:30,9807.05,56.06,TRADE
NSW1,2012/8/7 11:00,9615.77,55.71,TRADE
NSW1,2012/8/7 11:30,9448.21,55.3,TRADE
NSW1,2012/8/7 12:00,9194.25,54.69,TRADE
NSW1,2012/8/7 12:30,9089.67,54.08,TRADE
NSW1,2012/8/7 13:00,8919.54,52.68,TRADE
NSW1,2012/8/7 13:30,8839.03,52.96,TRADE
NSW1,2012/8/7 14:00,8757.57,53.74,TRADE
NSW1,2012/8/7 14:30,8681.13,52.84,TRADE
NSW1,2012/8/7 15:00,8633.14,52.14,TRADE
NSW1,2012/8/7 15:30,8618.55,52.36,TRADE
NSW1,2012/8/7 16:00,8725.29,54.25,TRADE
NSW1,2012/8/7 16:30,8927.25,54.06,TRADE
NSW1,2012/8/7 17:00,9234.05,54.89,TRADE
NSW1,2012/8/7 17:30,9880.47,56.28,TRADE
NSW1,2012/8/7 18:00,10767.26,65.37,TRADE
NSW1,2012/8/7 18:30,11171.63,68.7,TRADE
NSW1,2012/8/7 19:00,11230.69,69.94,TRADE
NSW1,2012/8/7 19:30,11054.62,66.25,TRADE
NSW1,2012/8/7 20:00,10819.01,62.21,TRADE
NSW1,2012/8/7 20:30,10723.84,58.88,TRADE
NSW1,2012/8/7 21:00,10495.84,58.59,TRADE
NSW1,2012/8/7 21:30,10185.98,57.19,TRADE
NSW1,2012/8/7 22:00,9786.45,55.81,TRADE
NSW1,2012/8/7 22:30,9701.35,62.64,TRADE
NSW1,2012/8/7 23:00,9310.44,56.84,TRADE
NSW1,2012/8/7 23:30,9070.99,57.48,TRADE
NSW1,2012/8/8 0:00,8923.73,54.78,TRADE
NSW1,2012/8/8 0:30,8695.52,54.59,TRADE
NSW1,2012/8/8 1:00,8482.75,55.33,TRADE
NSW1,2012/8/8 1:30,8296.33,54.9,TRADE
NSW1,2012/8/8 2:00,8089.72,53.15,TRADE
NSW1,2012/8/8 2:30,7712.23,51.79,TRADE
NSW1,2012/8/8 3:00,7374.98,50.9,TRADE
NSW1,2012/8/8 3:30,7138.72,51.36,TRADE
NSW1,2012/8/8 4:00,7024.77,51.26,TRADE
NSW1,2012/8/8 4:30,6969.16,50.92,TRADE
NSW1,2012/8/8 5:00,7116.3,51.26,TRADE
NSW1,2012/8/8 5:30,7459.91,54.45,TRADE
NSW1,2012/8/8 6:00,7935.81,54.49,TRADE
NSW1,2012/8/8 6:30,8850.28,56.22,TRADE
NSW1,2012/8/8 7:00,9670.74,63.31,TRADE
NSW1,2012/8/8 7:30,10196.18,59.13,TRADE
NSW1,2012/8/8 8:00,10565.19,73.61,TRADE
NSW1,2012/8/8 8:30,10497.45,58.08,TRADE
NSW1,2012/8/8 9:00,10203.94,56.24,TRADE
NSW1,2012/8/8 9:30,10078.26,58.44,TRADE
NSW1,2012/8/8 10:00,9810.02,57.72,TRADE
NSW1,2012/8/8 10:30,9577.54,55.91,TRADE
NSW1,2012/8/8 11:00,9336.49,55.57,TRADE
NSW1,2012/8/8 11:30,9094.26,54.62,TRADE
NSW1,2012/8/8 12:00,8904.79,54.39,TRADE
NSW1,2012/8/8 12:30,8789.57,55.24,TRADE
NSW1,2012/8/8 13:00,8677.68,55.19,TRADE
NSW1,2012/8/8 13:30,8617.43,53.97,TRADE
NSW1,2012/8/8 14:00,8540.99,54.86,TRADE
NSW1,2012/8/8 14:30,8472.5,54.35,TRADE
NSW1,2012/8/8 15:00,8467.23,54.2,TRADE
NSW1,2012/8/8 15:30,8434.41,52.64,TRADE
NSW1,2012/8/8 16:00,8556.92,54.74,TRADE
NSW1,2012/8/8 16:30,8732.48,55.34,TRADE
NSW1,2012/8/8 17:00,9048.83,55.68,TRADE
NSW1,2012/8/8 17:30,9579.79,56.76,TRADE
NSW1,2012/8/8 18:00,10455.28,71.67,TRADE
NSW1,2012/8/8 18:30,10747.61,75.23,TRADE
NSW1,2012/8/8 19:00,10728.76,72.91,TRADE
NSW1,2012/8/8 19:30,10474.41,58.85,TRADE
NSW1,2012/8/8 20:00,10298.54,56.78,TRADE
NSW1,2012/8/8 20:30,10146.45,59.98,TRADE
NSW1,2012/8/8 21:00,9952.7,57.4,TRADE
NSW1,2012/8/8 21:30,9660,56.26,TRADE
NSW1,2012/8/8 22:00,9310.98,54.16,TRADE
NSW1,2012/8/8 22:30,9249.22,56.75,TRADE
NSW1,2012/8/8 23:00,8858.96,53.67,TRADE
NSW1,2012/8/8 23:30,8685.88,54.93,TRADE
NSW1,2012/8/9 0:00,8503.65,53.53,TRADE
NSW1,2012/8/9 0:30,8316.2,52.06,TRADE
NSW1,2012/8/9 1:00,8087.37,52.26,TRADE
NSW1,2012/8/9 1:30,7872.9,51.07,TRADE
NSW1,2012/8/9 2:00,7644.69,50.69,TRADE
NSW1,2012/8/9 2:30,7337.51,50.85,TRADE
NSW1,2012/8/9 3:00,7045.98,49.99,TRADE
NSW1,2012/8/9 3:30,6770.37,50.07,TRADE
NSW1,2012/8/9 4:00,6664.1,49.64,TRADE
NSW1,2012/8/9 4:30,6614.58,50.03,TRADE
NSW1,2012/8/9 5:00,6717.59,50.59,TRADE
NSW1,2012/8/9 5:30,7069.72,52.5,TRADE
NSW1,2012/8/9 6:00,7504.85,52.92,TRADE
NSW1,2012/8/9 6:30,8356.86,55.73,TRADE
NSW1,2012/8/9 7:00,9157.38,57.45,TRADE
NSW1,2012/8/9 7:30,9569.18,55.64,TRADE
NSW1,2012/8/9 8:00,9912.65,59.72,TRADE
NSW1,2012/8/9 8:30,9926.44,58.2,TRADE
NSW1,2012/8/9 9:00,9792.44,57.39,TRADE
NSW1,2012/8/9 9:30,9765.45,58.37,TRADE
NSW1,2012/8/9 10:00,9673.42,56.96,TRADE
NSW1,2012/8/9 10:30,9539.03,55.94,TRADE
NSW1,2012/8/9 11:00,9360.86,55.92,TRADE
NSW1,2012/8/9 11:30,9157.67,55.84,TRADE
NSW1,2012/8/9 12:00,8979.14,55.01,TRADE
NSW1,2012/8/9 12:30,8897.95,54.91,TRADE
NSW1,2012/8/9 13:00,8795.12,54.67,TRADE
NSW1,2012/8/9 13:30,8709.6,54.72,TRADE
NSW1,2012/8/9 14:00,8692.49,55.09,TRADE
NSW1,2012/8/9 14:30,8646.4,55.34,TRADE
NSW1,2012/8/9 15:00,8632.7,55.01,TRADE
NSW1,2012/8/9 15:30,8617.46,55.16,TRADE
NSW1,2012/8/9 16:00,8731.93,55.38,TRADE
NSW1,2012/8/9 16:30,8917.85,55.87,TRADE
NSW1,2012/8/9 17:00,9328.51,56.37,TRADE
NSW1,2012/8/9 17:30,9866.35,56.17,TRADE
NSW1,2012/8/9 18:00,10714.85,62.98,TRADE
NSW1,2012/8/9 18:30,11044.81,85.42,TRADE
NSW1,2012/8/9 19:00,11061.25,89.21,TRADE
NSW1,2012/8/9 19:30,10888.68,64.9,TRADE
NSW1,2012/8/9 20:00,10715.38,62.32,TRADE
NSW1,2012/8/9 20:30,10650.66,68.06,TRADE
NSW1,2012/8/9 21:00,10419.7,63.68,TRADE
NSW1,2012/8/9 21:30,10093.58,58.7,TRADE
NSW1,2012/8/9 22:00,9742.83,55.48,TRADE
NSW1,2012/8/9 22:30,9666.73,65.7,TRADE
NSW1,2012/8/9 23:00,9348.46,61.46,TRADE
NSW1,2012/8/9 23:30,9134.86,61.84,TRADE
NSW1,2012/8/10 0:00,8961.99,62.24,TRADE
NSW1,2012/8/10 0:30,8729.71,61.32,TRADE
NSW1,2012/8/10 1:00,8506.55,61.03,TRADE
NSW1,2012/8/10 1:30,8316.09,58.24,TRADE
NSW1,2012/8/10 2:00,8093.25,55.22,TRADE
NSW1,2012/8/10 2:30,7695.51,56.96,TRADE
NSW1,2012/8/10 3:00,7367.51,55.46,TRADE
NSW1,2012/8/10 3:30,7152.96,56.06,TRADE
NSW1,2012/8/10 4:00,7017.49,55.78,TRADE
NSW1,2012/8/10 4:30,6978.67,54.52,TRADE
NSW1,2012/8/10 5:00,7111.51,56.01,TRADE
NSW1,2012/8/10 5:30,7465.04,56.09,TRADE
NSW1,2012/8/10 6:00,7924.62,54.35,TRADE
NSW1,2012/8/10 6:30,8792.54,61.14,TRADE
NSW1,2012/8/10 7:00,9608.4,84.43,TRADE
NSW1,2012/8/10 7:30,10108.43,74.35,TRADE
NSW1,2012/8/10 8:00,10487.35,95.12,TRADE
NSW1,2012/8/10 8:30,10500.65,84.4,TRADE
NSW1,2012/8/10 9:00,10294.99,78.22,TRADE
NSW1,2012/8/10 9:30,10199.15,76.64,TRADE
NSW1,2012/8/10 10:00,10097.63,62.63,TRADE
NSW1,2012/8/10 10:30,9992.34,58.97,TRADE
NSW1,2012/8/10 11:00,9879.8,57.92,TRADE
NSW1,2012/8/10 11:30,9752.71,57.1,TRADE
NSW1,2012/8/10 12:00,9754.71,57.34,TRADE
NSW1,2012/8/10 12:30,9643.97,56.36,TRADE
NSW1,2012/8/10 13:00,9560.49,56.03,TRADE
NSW1,2012/8/10 13:30,9535.92,55.97,TRADE
NSW1,2012/8/10 14:00,9466.34,56.03,TRADE
NSW1,2012/8/10 14:30,9402.06,56.01,TRADE
NSW1,2012/8/10 15:00,9393.55,55.84,TRADE
NSW1,2012/8/10 15:30,9402.69,56.01,TRADE
NSW1,2012/8/10 16:00,9598.51,56.04,TRADE
NSW1,2012/8/10 16:30,9859.93,59.96,TRADE
NSW1,2012/8/10 17:00,10252.63,61.72,TRADE
NSW1,2012/8/10 17:30,10602.46,58.31,TRADE
NSW1,2012/8/10 18:00,11228.05,78.17,TRADE
NSW1,2012/8/10 18:30,11344.03,132.95,TRADE
NSW1,2012/8/10 19:00,11250.55,67.86,TRADE
NSW1,2012/8/10 19:30,10970.35,59.88,TRADE
NSW1,2012/8/10 20:00,10732.26,66.05,TRADE
NSW1,2012/8/10 20:30,10576.98,69.55,TRADE
NSW1,2012/8/10 21:00,10379.21,63.52,TRADE
NSW1,2012/8/10 21:30,10081.21,60.22,TRADE
NSW1,2012/8/10 22:00,9821,56.68,TRADE
NSW1,2012/8/10 22:30,9781.41,79.2,TRADE
NSW1,2012/8/10 23:00,9456.36,72.21,TRADE
NSW1,2012/8/10 23:30,9328.56,75.05,TRADE
NSW1,2012/8/11 0:00,9167.81,68.42,TRADE
NSW1,2012/8/11 0:30,8896.98,65.04,TRADE
NSW1,2012/8/11 1:00,8579.05,62.73,TRADE
NSW1,2012/8/11 1:30,8366.37,62.54,TRADE
NSW1,2012/8/11 2:00,8079.94,59.28,TRADE
NSW1,2012/8/11 2:30,7660.61,57.34,TRADE
NSW1,2012/8/11 3:00,7314.32,55.84,TRADE
NSW1,2012/8/11 3:30,7079.83,56.54,TRADE
NSW1,2012/8/11 4:00,6930.53,55.17,TRADE
NSW1,2012/8/11 4:30,6841.9,55.02,TRADE
NSW1,2012/8/11 5:00,6830.67,56.01,TRADE
NSW1,2012/8/11 5:30,6915.22,56.01,TRADE
NSW1,2012/8/11 6:00,7058.07,52.95,TRADE
NSW1,2012/8/11 6:30,7400.02,54.54,TRADE
NSW1,2012/8/11 7:00,7673.33,56.42,TRADE
NSW1,2012/8/11 7:30,8161.36,56.2,TRADE
NSW1,2012/8/11 8:00,8728.52,58.09,TRADE
NSW1,2012/8/11 8:30,9208.95,64.03,TRADE
NSW1,2012/8/11 9:00,9487.36,67.9,TRADE
NSW1,2012/8/11 9:30,9745.31,81.69,TRADE
NSW1,2012/8/11 10:00,9660.16,80.08,TRADE
NSW1,2012/8/11 10:30,9535.04,64.87,TRADE
NSW1,2012/8/11 11:00,9369.76,63,TRADE
NSW1,2012/8/11 11:30,9251.06,61.26,TRADE
NSW1,2012/8/11 12:00,9149.12,57.97,TRADE
NSW1,2012/8/11 12:30,9045.18,56.34,TRADE
NSW1,2012/8/11 13:00,8892.34,56.01,TRADE
NSW1,2012/8/11 13:30,8785.46,56.07,TRADE
NSW1,2012/8/11 14:00,8686.21,55.7,TRADE
NSW1,2012/8/11 14:30,8595.07,56.01,TRADE
NSW1,2012/8/11 15:00,8555.01,55.84,TRADE
NSW1,2012/8/11 15:30,8621.05,56.04,TRADE
NSW1,2012/8/11 16:00,8781.35,56.06,TRADE
NSW1,2012/8/11 16:30,9126.33,58.32,TRADE
NSW1,2012/8/11 17:00,9462,62.8,TRADE
NSW1,2012/8/11 17:30,9835.06,63.07,TRADE
NSW1,2012/8/11 18:00,10396.74,63.72,TRADE
NSW1,2012/8/11 18:30,10487.82,68.96,TRADE
NSW1,2012/8/11 19:00,10332.92,63.41,TRADE
NSW1,2012/8/11 19:30,10063.12,60.12,TRADE
NSW1,2012/8/11 20:00,9825.47,60.72,TRADE
NSW1,2012/8/11 20:30,9646.88,64.69,TRADE
NSW1,2012/8/11 21:00,9467.85,64.52,TRADE
NSW1,2012/8/11 21:30,9328.76,61.48,TRADE
NSW1,2012/8/11 22:00,9121.3,57.97,TRADE
NSW1,2012/8/11 22:30,9044.3,64.35,TRADE
NSW1,2012/8/11 23:00,8803.43,63.38,TRADE
NSW1,2012/8/11 23:30,8607.93,62.26,TRADE
NSW1,2012/8/12 0:00,8432.85,58.32,TRADE
NSW1,2012/8/12 0:30,8158.99,56.46,TRADE
NSW1,2012/8/12 1:00,7884.62,55.1,TRADE
NSW1,2012/8/12 1:30,7649.97,56.28,TRADE
NSW1,2012/8/12 2:00,7409.54,52.97,TRADE
NSW1,2012/8/12 2:30,7094.88,51.94,TRADE
NSW1,2012/8/12 3:00,6817.39,51.77,TRADE
NSW1,2012/8/12 3:30,6638.22,50.67,TRADE
NSW1,2012/8/12 4:00,6522.64,50.78,TRADE
NSW1,2012/8/12 4:30,6465.33,50.53,TRADE
NSW1,2012/8/12 5:00,6505.72,50.93,TRADE
NSW1,2012/8/12 5:30,6577.88,51,TRADE
NSW1,2012/8/12 6:00,6720.55,50.4,TRADE
NSW1,2012/8/12 6:30,6930.42,49.77,TRADE
NSW1,2012/8/12 7:00,7078.45,50.5,TRADE
NSW1,2012/8/12 7:30,7411.71,50.55,TRADE
NSW1,2012/8/12 8:00,7930.99,56.4,TRADE
NSW1,2012/8/12 8:30,8349.8,55.68,TRADE
NSW1,2012/8/12 9:00,8611.84,56.11,TRADE
NSW1,2012/8/12 9:30,8887.91,55.9,TRADE
NSW1,2012/8/12 10:00,8983.09,56.01,TRADE
NSW1,2012/8/12 10:30,8944.17,55.95,TRADE
NSW1,2012/8/12 11:00,8847.87,56.04,TRADE
NSW1,2012/8/12 11:30,8786.59,55.7,TRADE
NSW1,2012/8/12 12:00,8662.06,55.79,TRADE
NSW1,2012/8/12 12:30,8544.36,55.78,TRADE
NSW1,2012/8/12 13:00,8477.73,55.78,TRADE
NSW1,2012/8/12 13:30,8436.3,55.51,TRADE
NSW1,2012/8/12 14:00,8392.61,54.96,TRADE
NSW1,2012/8/12 14:30,8362.8,54.91,TRADE
NSW1,2012/8/12 15:00,8427.46,55.07,TRADE
NSW1,2012/8/12 15:30,8500.94,55.47,TRADE
NSW1,2012/8/12 16:00,8667.39,56.01,TRADE
NSW1,2012/8/12 16:30,8941.81,56.32,TRADE
NSW1,2012/8/12 17:00,9261.07,58.34,TRADE
NSW1,2012/8/12 17:30,9653.32,58.3,TRADE
NSW1,2012/8/12 18:00,10377.16,71.07,TRADE
NSW1,2012/8/12 18:30,10642.42,87.64,TRADE
NSW1,2012/8/12 19:00,10540.97,82.56,TRADE
NSW1,2012/8/12 19:30,10358.06,66.62,TRADE
NSW1,2012/8/12 20:00,10148.98,77.23,TRADE
NSW1,2012/8/12 20:30,10003.45,73.66,TRADE
NSW1,2012/8/12 21:00,9774.24,64.06,TRADE
NSW1,2012/8/12 21:30,9428.38,56.71,TRADE
NSW1,2012/8/12 22:00,9095.92,55.54,TRADE
NSW1,2012/8/12 22:30,8910.85,58.07,TRADE
NSW1,2012/8/12 23:00,8544.28,55.96,TRADE
NSW1,2012/8/12 23:30,8385.42,56.8,TRADE
NSW1,2012/8/13 0:00,8173.07,54.48,TRADE
NSW1,2012/8/13 0:30,7917.44,55.97,TRADE
NSW1,2012/8/13 1:00,7694.95,54.13,TRADE
NSW1,2012/8/13 1:30,7606.26,57.95,TRADE
NSW1,2012/8/13 2:00,7424.56,53.32,TRADE
NSW1,2012/8/13 2:30,7086.59,51.11,TRADE
NSW1,2012/8/13 3:00,6914.25,53.1,TRADE
NSW1,2012/8/13 3:30,6776.98,53.38,TRADE
NSW1,2012/8/13 4:00,6736.52,53.38,TRADE
NSW1,2012/8/13 4:30,6793.91,51.32,TRADE
NSW1,2012/8/13 5:00,6931.93,52.11,TRADE
NSW1,2012/8/13 5:30,7274.28,55.6,TRADE
NSW1,2012/8/13 6:00,7771.24,55.69,TRADE
NSW1,2012/8/13 6:30,8697.04,58.74,TRADE
NSW1,2012/8/13 7:00,9495.98,71.21,TRADE
NSW1,2012/8/13 7:30,9932.66,57.1,TRADE
NSW1,2012/8/13 8:00,10324.09,62.26,TRADE
NSW1,2012/8/13 8:30,10357.19,59.68,TRADE
NSW1,2012/8/13 9:00,10154.06,57.29,TRADE
NSW1,2012/8/13 9:30,10033.09,58.37,TRADE
NSW1,2012/8/13 10:00,9946.89,57.94,TRADE
NSW1,2012/8/13 10:30,9799.09,58.91,TRADE
NSW1,2012/8/13 11:00,9588.15,56.29,TRADE
NSW1,2012/8/13 11:30,9334.21,54.83,TRADE
NSW1,2012/8/13 12:00,9238.36,55.13,TRADE
NSW1,2012/8/13 12:30,9129.8,54.05,TRADE
NSW1,2012/8/13 13:00,9023.69,53.19,TRADE
NSW1,2012/8/13 13:30,8947.51,53.49,TRADE
NSW1,2012/8/13 14:00,8812.55,54.91,TRADE
NSW1,2012/8/13 14:30,8758.87,53.95,TRADE
NSW1,2012/8/13 15:00,8693.47,56.19,TRADE
NSW1,2012/8/13 15:30,8706.89,55.34,TRADE
NSW1,2012/8/13 16:00,8737.66,55.14,TRADE
NSW1,2012/8/13 16:30,8857.99,55.94,TRADE
NSW1,2012/8/13 17:00,9156.28,55.89,TRADE
NSW1,2012/8/13 17:30,9680.73,54.72,TRADE
NSW1,2012/8/13 18:00,10483.47,65.74,TRADE
NSW1,2012/8/13 18:30,10886.56,79.29,TRADE
NSW1,2012/8/13 19:00,10934.24,73.53,TRADE
NSW1,2012/8/13 19:30,10694.41,59.54,TRADE
NSW1,2012/8/13 20:00,10479.18,58.51,TRADE
NSW1,2012/8/13 20:30,10344.16,58.7,TRADE
NSW1,2012/8/13 21:00,10144.18,58.22,TRADE
NSW1,2012/8/13 21:30,9851.67,56.43,TRADE
NSW1,2012/8/13 22:00,9484.1,54.65,TRADE
NSW1,2012/8/13 22:30,9444.29,58.31,TRADE
NSW1,2012/8/13 23:00,9166.99,55.71,TRADE
NSW1,2012/8/13 23:30,8986.05,55.56,TRADE
NSW1,2012/8/14 0:00,8826.49,56.03,TRADE
NSW1,2012/8/14 0:30,8598.96,55.45,TRADE
NSW1,2012/8/14 1:00,8421.94,55.18,TRADE
NSW1,2012/8/14 1:30,8263.71,55.74,TRADE
NSW1,2012/8/14 2:00,8039.6,54.62,TRADE
NSW1,2012/8/14 2:30,7694.83,53.93,TRADE
NSW1,2012/8/14 3:00,7370.08,51.68,TRADE
NSW1,2012/8/14 3:30,7117.83,53.33,TRADE
NSW1,2012/8/14 4:00,6997.08,51.52,TRADE
NSW1,2012/8/14 4:30,6985.59,50.93,TRADE
NSW1,2012/8/14 5:00,7093.85,51.08,TRADE
NSW1,2012/8/14 5:30,7390.96,54.96,TRADE
NSW1,2012/8/14 6:00,7858.4,54.97,TRADE
NSW1,2012/8/14 6:30,8768.23,68.93,TRADE
NSW1,2012/8/14 7:00,9661.05,77.81,TRADE
NSW1,2012/8/14 7:30,10051.3,63.14,TRADE
NSW1,2012/8/14 8:00,10419.32,69.51,TRADE
NSW1,2012/8/14 8:30,10410.59,65.87,TRADE
NSW1,2012/8/14 9:00,10226.62,61.68,TRADE
NSW1,2012/8/14 9:30,10100.84,58.77,TRADE
NSW1,2012/8/14 10:00,9948.34,56.38,TRADE
NSW1,2012/8/14 10:30,9755.28,55.02,TRADE
NSW1,2012/8/14 11:00,9578.58,54.86,TRADE
NSW1,2012/8/14 11:30,9374.91,54.8,TRADE
NSW1,2012/8/14 12:00,9115.32,54.06,TRADE
NSW1,2012/8/14 12:30,9034.38,55.5,TRADE
NSW1,2012/8/14 13:00,8984.78,54.81,TRADE
NSW1,2012/8/14 13:30,8944.98,55.23,TRADE
NSW1,2012/8/14 14:00,8931.94,54.88,TRADE
NSW1,2012/8/14 14:30,8890.85,54.84,TRADE
NSW1,2012/8/14 15:00,8935.48,54.85,TRADE
NSW1,2012/8/14 15:30,8941.55,55.18,TRADE
NSW1,2012/8/14 16:00,9119.47,55.75,TRADE
NSW1,2012/8/14 16:30,9281.76,55.38,TRADE
NSW1,2012/8/14 17:00,9551.47,55.71,TRADE
NSW1,2012/8/14 17:30,10137.5,55.29,TRADE
NSW1,2012/8/14 18:00,10876.12,67.29,TRADE
NSW1,2012/8/14 18:30,11114.87,67.02,TRADE
NSW1,2012/8/14 19:00,11023.55,61.72,TRADE
NSW1,2012/8/14 19:30,10739.49,56.81,TRADE
NSW1,2012/8/14 20:00,10558.39,57.09,TRADE
NSW1,2012/8/14 20:30,10397.66,57.85,TRADE
NSW1,2012/8/14 21:00,10134.85,58.34,TRADE
NSW1,2012/8/14 21:30,9784,56.43,TRADE
NSW1,2012/8/14 22:00,9391.48,55.35,TRADE
NSW1,2012/8/14 22:30,9351.4,58.94,TRADE
NSW1,2012/8/14 23:00,9009.14,55.58,TRADE
NSW1,2012/8/14 23:30,8875.14,61.28,TRADE
NSW1,2012/8/15 0:00,8702.1,56.27,TRADE
NSW1,2012/8/15 0:30,8435.8,56.23,TRADE
NSW1,2012/8/15 1:00,8080.99,53.6,TRADE
NSW1,2012/8/15 1:30,7881.08,53.76,TRADE
NSW1,2012/8/15 2:00,7888.28,54.83,TRADE
NSW1,2012/8/15 2:30,7607,56.56,TRADE
NSW1,2012/8/15 3:00,7330.39,56.35,TRADE
NSW1,2012/8/15 3:30,7072.15,56.45,TRADE
NSW1,2012/8/15 4:00,6880.63,55.25,TRADE
NSW1,2012/8/15 4:30,6848.09,51.08,TRADE
NSW1,2012/8/15 5:00,6961.43,52.41,TRADE
NSW1,2012/8/15 5:30,7260.84,54.15,TRADE
NSW1,2012/8/15 6:00,7691.22,53.51,TRADE
NSW1,2012/8/15 6:30,8597.5,56.14,TRADE
NSW1,2012/8/15 7:00,9425.06,60.09,TRADE
NSW1,2012/8/15 7:30,9823.45,56.49,TRADE
NSW1,2012/8/15 8:00,10115.63,59.52,TRADE
NSW1,2012/8/15 8:30,10064.61,60.38,TRADE
NSW1,2012/8/15 9:00,9823.36,58.06,TRADE
NSW1,2012/8/15 9:30,9608.33,60.71,TRADE
NSW1,2012/8/15 10:00,9382.49,56.53,TRADE
NSW1,2012/8/15 10:30,9249.58,54.64,TRADE
NSW1,2012/8/15 11:00,9170.22,54.9,TRADE
NSW1,2012/8/15 11:30,9025.23,53.56,TRADE
NSW1,2012/8/15 12:00,8878.39,52.87,TRADE
NSW1,2012/8/15 12:30,8820.75,52.32,TRADE
NSW1,2012/8/15 13:00,8759.15,52.26,TRADE
NSW1,2012/8/15 13:30,8711.7,53.39,TRADE
NSW1,2012/8/15 14:00,8655.07,52.9,TRADE
NSW1,2012/8/15 14:30,8633.75,52.74,TRADE
NSW1,2012/8/15 15:00,8557.69,52.21,TRADE
NSW1,2012/8/15 15:30,8543.67,53.27,TRADE
NSW1,2012/8/15 16:00,8621.04,55.39,TRADE
NSW1,2012/8/15 16:30,8712.35,53.92,TRADE
NSW1,2012/8/15 17:00,8914.65,54.24,TRADE
NSW1,2012/8/15 17:30,9362.48,54.02,TRADE
NSW1,2012/8/15 18:00,10054.8,57.91,TRADE
NSW1,2012/8/15 18:30,10334.43,59.26,TRADE
NSW1,2012/8/15 19:00,10294.09,58.06,TRADE
NSW1,2012/8/15 19:30,10090.95,55.07,TRADE
NSW1,2012/8/15 20:00,9866.65,54.55,TRADE
NSW1,2012/8/15 20:30,9765.67,57.36,TRADE
NSW1,2012/8/15 21:00,9578.13,56.34,TRADE
NSW1,2012/8/15 21:30,9346.45,54.76,TRADE
NSW1,2012/8/15 22:00,9054.3,51.39,TRADE
NSW1,2012/8/15 22:30,9077.81,59.14,TRADE
NSW1,2012/8/15 23:00,8820.87,55.36,TRADE
NSW1,2012/8/15 23:30,8693.44,58.01,TRADE
NSW1,2012/8/16 0:00,8583.87,54.43,TRADE
NSW1,2012/8/16 0:30,8351.8,55.4,TRADE
NSW1,2012/8/16 1:00,8137.27,53.18,TRADE
NSW1,2012/8/16 1:30,7965.44,54.29,TRADE
NSW1,2012/8/16 2:00,7700.95,51.53,TRADE
NSW1,2012/8/16 2:30,7325.84,51.59,TRADE
NSW1,2012/8/16 3:00,7052.24,49.49,TRADE
NSW1,2012/8/16 3:30,6864,50.32,TRADE
NSW1,2012/8/16 4:00,6734.13,48.91,TRADE
NSW1,2012/8/16 4:30,6731.29,48.23,TRADE
NSW1,2012/8/16 5:00,6848.51,49.36,TRADE
NSW1,2012/8/16 5:30,7160.03,52.44,TRADE
NSW1,2012/8/16 6:00,7632.29,51.66,TRADE
NSW1,2012/8/16 6:30,8475.67,59.09,TRADE
NSW1,2012/8/16 7:00,9244.91,56.91,TRADE
NSW1,2012/8/16 7:30,9612.2,54.99,TRADE
NSW1,2012/8/16 8:00,9841.77,56.09,TRADE
NSW1,2012/8/16 8:30,9787.84,56.75,TRADE
NSW1,2012/8/16 9:00,9521.95,55.78,TRADE
NSW1,2012/8/16 9:30,9426.55,55.76,TRADE
NSW1,2012/8/16 10:00,9293.2,54.6,TRADE
NSW1,2012/8/16 10:30,9148.81,55.37,TRADE
NSW1,2012/8/16 11:00,9055.53,54.58,TRADE
NSW1,2012/8/16 11:30,8784.79,52.81,TRADE
NSW1,2012/8/16 12:00,8664.23,52.53,TRADE
NSW1,2012/8/16 12:30,8587.24,52.67,TRADE
NSW1,2012/8/16 13:00,8495.48,51.25,TRADE
NSW1,2012/8/16 13:30,8499.38,51.61,TRADE
NSW1,2012/8/16 14:00,8558.89,50.42,TRADE
NSW1,2012/8/16 14:30,8476.31,53.88,TRADE
NSW1,2012/8/16 15:00,8396.97,51.75,TRADE
NSW1,2012/8/16 15:30,8392.75,49.72,TRADE
NSW1,2012/8/16 16:00,8591.29,52.57,TRADE
NSW1,2012/8/16 16:30,8744.33,54.82,TRADE
NSW1,2012/8/16 17:00,8883.87,55.01,TRADE
NSW1,2012/8/16 17:30,9229.24,53.47,TRADE
NSW1,2012/8/16 18:00,9941.6,55.46,TRADE
NSW1,2012/8/16 18:30,10303.86,56.98,TRADE
NSW1,2012/8/16 19:00,10336.06,56.68,TRADE
NSW1,2012/8/16 19:30,10151.29,54.88,TRADE
NSW1,2012/8/16 20:00,10024.41,55.99,TRADE
NSW1,2012/8/16 20:30,9955.06,57.27,TRADE
NSW1,2012/8/16 21:00,9760.11,56.19,TRADE
NSW1,2012/8/16 21:30,9456.42,55.36,TRADE
NSW1,2012/8/16 22:00,9105.12,52.22,TRADE
NSW1,2012/8/16 22:30,9054.07,56.19,TRADE
NSW1,2012/8/16 23:00,8750.36,54.87,TRADE
NSW1,2012/8/16 23:30,8658.22,57.52,TRADE
NSW1,2012/8/17 0:00,8509.1,57.58,TRADE
NSW1,2012/8/17 0:30,8334.75,54.85,TRADE
NSW1,2012/8/17 1:00,8158.96,54.21,TRADE
NSW1,2012/8/17 1:30,7929.02,54.04,TRADE
NSW1,2012/8/17 2:00,7629.44,52.22,TRADE
NSW1,2012/8/17 2:30,7290.25,50.05,TRADE
NSW1,2012/8/17 3:00,7003.97,50.87,TRADE
NSW1,2012/8/17 3:30,6809.4,51.03,TRADE
NSW1,2012/8/17 4:00,6673.59,51.05,TRADE
NSW1,2012/8/17 4:30,6697.57,51.01,TRADE
NSW1,2012/8/17 5:00,6785.24,51.62,TRADE
NSW1,2012/8/17 5:30,7026.08,51.95,TRADE
NSW1,2012/8/17 6:00,7489.18,52.06,TRADE
NSW1,2012/8/17 6:30,8344.11,53.82,TRADE
NSW1,2012/8/17 7:00,9151.15,57.17,TRADE
NSW1,2012/8/17 7:30,9537.7,55.83,TRADE
NSW1,2012/8/17 8:00,9832.86,57.59,TRADE
NSW1,2012/8/17 8:30,9786.96,58.27,TRADE
NSW1,2012/8/17 9:00,9600.08,57.63,TRADE
NSW1,2012/8/17 9:30,9530.49,57.07,TRADE
NSW1,2012/8/17 10:00,9421.94,55.99,TRADE
NSW1,2012/8/17 10:30,9291.88,55.06,TRADE
NSW1,2012/8/17 11:00,9212.72,55.52,TRADE
NSW1,2012/8/17 11:30,9046.71,55.19,TRADE
NSW1,2012/8/17 12:00,8993.78,55.02,TRADE
NSW1,2012/8/17 12:30,8943.13,56.04,TRADE
NSW1,2012/8/17 13:00,8850.29,55.31,TRADE
NSW1,2012/8/17 13:30,8880.04,55.26,TRADE
NSW1,2012/8/17 14:00,8762.17,52.59,TRADE
NSW1,2012/8/17 14:30,8752.74,55.34,TRADE
NSW1,2012/8/17 15:00,8818.73,54.49,TRADE
NSW1,2012/8/17 15:30,8803.29,53.17,TRADE
NSW1,2012/8/17 16:00,8911.09,55.52,TRADE
NSW1,2012/8/17 16:30,9020.16,52.69,TRADE
NSW1,2012/8/17 17:00,9254.32,54.07,TRADE
NSW1,2012/8/17 17:30,9580.48,52.29,TRADE
NSW1,2012/8/17 18:00,10272.78,55.94,TRADE
NSW1,2012/8/17 18:30,10504.07,55.68,TRADE
NSW1,2012/8/17 19:00,10486.86,55.35,TRADE
NSW1,2012/8/17 19:30,10240.11,54.02,TRADE
NSW1,2012/8/17 20:00,10028.22,55.43,TRADE
NSW1,2012/8/17 20:30,9850.68,56.35,TRADE
NSW1,2012/8/17 21:00,9711.52,55.87,TRADE
NSW1,2012/8/17 21:30,9475.52,53.67,TRADE
NSW1,2012/8/17 22:00,9205.69,52.16,TRADE
NSW1,2012/8/17 22:30,9316.99,60.68,TRADE
NSW1,2012/8/17 23:00,9005.21,54.56,TRADE
NSW1,2012/8/17 23:30,8958.38,56.9,TRADE
NSW1,2012/8/18 0:00,8826.96,56.27,TRADE
NSW1,2012/8/18 0:30,8583.26,56.09,TRADE
NSW1,2012/8/18 1:00,8308.56,55.18,TRADE
NSW1,2012/8/18 1:30,8102.2,55.43,TRADE
NSW1,2012/8/18 2:00,7770.42,54.29,TRADE
NSW1,2012/8/18 2:30,7383.11,54.35,TRADE
NSW1,2012/8/18 3:00,7072.93,51.55,TRADE
NSW1,2012/8/18 3:30,6791.48,51.87,TRADE
NSW1,2012/8/18 4:00,6610.03,51.49,TRADE
NSW1,2012/8/18 4:30,6548.52,51.46,TRADE
NSW1,2012/8/18 5:00,6562.04,51.47,TRADE
NSW1,2012/8/18 5:30,6581.59,51.13,TRADE
NSW1,2012/8/18 6:00,6718.62,50.34,TRADE
NSW1,2012/8/18 6:30,6975.52,50.37,TRADE
NSW1,2012/8/18 7:00,7320.62,52.93,TRADE
NSW1,2012/8/18 7:30,7762.97,53.45,TRADE
NSW1,2012/8/18 8:00,8210.44,55.99,TRADE
NSW1,2012/8/18 8:30,8631.95,58.66,TRADE
NSW1,2012/8/18 9:00,8903.39,64.56,TRADE
NSW1,2012/8/18 9:30,9032.9,66.43,TRADE
NSW1,2012/8/18 10:00,8913.22,65.07,TRADE
NSW1,2012/8/18 10:30,8830.72,64.02,TRADE
NSW1,2012/8/18 11:00,8682.2,60.79,TRADE
NSW1,2012/8/18 11:30,8469.47,56.62,TRADE
NSW1,2012/8/18 12:00,8353.22,55.3,TRADE
NSW1,2012/8/18 12:30,8181.04,55.46,TRADE
NSW1,2012/8/18 13:00,8129.56,56.06,TRADE
NSW1,2012/8/18 13:30,8003.01,55.9,TRADE
NSW1,2012/8/18 14:00,7896.64,56.01,TRADE
NSW1,2012/8/18 14:30,7883.06,56.01,TRADE
NSW1,2012/8/18 15:00,7823.21,55.56,TRADE
NSW1,2012/8/18 15:30,7888.97,56.01,TRADE
NSW1,2012/8/18 16:00,8025.28,56.08,TRADE
NSW1,2012/8/18 16:30,8235.17,55.99,TRADE
NSW1,2012/8/18 17:00,8493.75,57.34,TRADE
NSW1,2012/8/18 17:30,8833.16,57.96,TRADE
NSW1,2012/8/18 18:00,9500.79,62.41,TRADE
NSW1,2012/8/18 18:30,9885.4,66.03,TRADE
NSW1,2012/8/18 19:00,9810.81,64.18,TRADE
NSW1,2012/8/18 19:30,9573.08,60.95,TRADE
NSW1,2012/8/18 20:00,9373.32,63.64,TRADE
NSW1,2012/8/18 20:30,9210.68,66.56,TRADE
NSW1,2012/8/18 21:00,9123.8,64.73,TRADE
NSW1,2012/8/18 21:30,8907.93,62.91,TRADE
NSW1,2012/8/18 22:00,8854.78,60.49,TRADE
NSW1,2012/8/18 22:30,8757.42,62.67,TRADE
NSW1,2012/8/18 23:00,8599.16,62.52,TRADE
NSW1,2012/8/18 23:30,8499.11,62.79,TRADE
NSW1,2012/8/19 0:00,8277.73,61.05,TRADE
NSW1,2012/8/19 0:30,8042.01,58.43,TRADE
NSW1,2012/8/19 1:00,7715.04,54.36,TRADE
NSW1,2012/8/19 1:30,7525.87,55.23,TRADE
NSW1,2012/8/19 2:00,7316.58,54.19,TRADE
NSW1,2012/8/19 2:30,6995.17,53.05,TRADE
NSW1,2012/8/19 3:00,6719.67,54.43,TRADE
NSW1,2012/8/19 3:30,6570.13,52.26,TRADE
NSW1,2012/8/19 4:00,6481.81,52.48,TRADE
NSW1,2012/8/19 4:30,6439.44,51.25,TRADE
NSW1,2012/8/19 5:00,6456.38,51.57,TRADE
NSW1,2012/8/19 5:30,6543.88,51.98,TRADE
NSW1,2012/8/19 6:00,6649.66,50.57,TRADE
NSW1,2012/8/19 6:30,6891.83,52.66,TRADE
NSW1,2012/8/19 7:00,7123.25,53.66,TRADE
NSW1,2012/8/19 7:30,7475.4,54.37,TRADE
NSW1,2012/8/19 8:00,7882.05,56.78,TRADE
NSW1,2012/8/19 8:30,8277.98,62.43,TRADE
NSW1,2012/8/19 9:00,8522.67,68.23,TRADE
NSW1,2012/8/19 9:30,8587.96,74.02,TRADE
NSW1,2012/8/19 10:00,8567.2,72.61,TRADE
NSW1,2012/8/19 10:30,8415.86,66.29,TRADE
NSW1,2012/8/19 11:00,8289.42,61.03,TRADE
NSW1,2012/8/19 11:30,8085.91,56.83,TRADE
NSW1,2012/8/19 12:00,7982.76,56.44,TRADE
NSW1,2012/8/19 12:30,7837.83,56.13,TRADE
NSW1,2012/8/19 13:00,7734.71,56.57,TRADE
NSW1,2012/8/19 13:30,7618.21,56.09,TRADE
NSW1,2012/8/19 14:00,7498.89,55.99,TRADE
NSW1,2012/8/19 14:30,7496.15,56.01,TRADE
NSW1,2012/8/19 15:00,7468.87,55.94,TRADE
NSW1,2012/8/19 15:30,7523.07,55.94,TRADE
NSW1,2012/8/19 16:00,7679.25,55.97,TRADE
NSW1,2012/8/19 16:30,7944.39,58.03,TRADE
NSW1,2012/8/19 17:00,8289.36,61.55,TRADE
NSW1,2012/8/19 17:30,8589.38,59.31,TRADE
NSW1,2012/8/19 18:00,9315.59,75.38,TRADE
NSW1,2012/8/19 18:30,9841.94,96.17,TRADE
NSW1,2012/8/19 19:00,9845.55,87.84,TRADE
NSW1,2012/8/19 19:30,9699.18,74.46,TRADE
NSW1,2012/8/19 20:00,9583.89,78.15,TRADE
NSW1,2012/8/19 20:30,9472.85,79.1,TRADE
NSW1,2012/8/19 21:00,9337.43,66.97,TRADE
NSW1,2012/8/19 21:30,9040.27,59.83,TRADE
NSW1,2012/8/19 22:00,8875.81,57.78,TRADE
NSW1,2012/8/19 22:30,8763.77,57.96,TRADE
NSW1,2012/8/19 23:00,8497.66,55.93,TRADE
NSW1,2012/8/19 23:30,8292.5,56.04,TRADE
NSW1,2012/8/20 0:00,8096.19,53.04,TRADE
NSW1,2012/8/20 0:30,7838.41,52.52,TRADE
NSW1,2012/8/20 1:00,7664.41,51.79,TRADE
NSW1,2012/8/20 1:30,7474.34,53.01,TRADE
NSW1,2012/8/20 2:00,7286.72,51.32,TRADE
NSW1,2012/8/20 2:30,7035.76,52.63,TRADE
NSW1,2012/8/20 3:00,6855.08,51.66,TRADE
NSW1,2012/8/20 3:30,6737.02,51.04,TRADE
NSW1,2012/8/20 4:00,6646.14,51.64,TRADE
NSW1,2012/8/20 4:30,6716.42,51.61,TRADE
NSW1,2012/8/20 5:00,6832.78,53.04,TRADE
NSW1,2012/8/20 5:30,7194.86,55.16,TRADE
NSW1,2012/8/20 6:00,7690.52,54.86,TRADE
NSW1,2012/8/20 6:30,8609.88,66.37,TRADE
NSW1,2012/8/20 7:00,9426.22,69.75,TRADE
NSW1,2012/8/20 7:30,9897.06,61.09,TRADE
NSW1,2012/8/20 8:00,10299.52,80.54,TRADE
NSW1,2012/8/20 8:30,10327.3,86.13,TRADE
NSW1,2012/8/20 9:00,10109.41,69.8,TRADE
NSW1,2012/8/20 9:30,10019.36,68.18,TRADE
NSW1,2012/8/20 10:00,9897.5,63.06,TRADE
NSW1,2012/8/20 10:30,9755.86,59.97,TRADE
NSW1,2012/8/20 11:00,9594.94,58.16,TRADE
NSW1,2012/8/20 11:30,9372.89,57.6,TRADE
NSW1,2012/8/20 12:00,9262.11,56.5,TRADE
NSW1,2012/8/20 12:30,9096.93,56.03,TRADE
NSW1,2012/8/20 13:00,9020.83,55.92,TRADE
NSW1,2012/8/20 13:30,8955.94,55.86,TRADE
NSW1,2012/8/20 14:00,8785.52,55.16,TRADE
NSW1,2012/8/20 14:30,8852.71,56.04,TRADE
NSW1,2012/8/20 15:00,8787.02,56.01,TRADE
NSW1,2012/8/20 15:30,8708.51,56.01,TRADE
NSW1,2012/8/20 16:00,8815.37,55.72,TRADE
NSW1,2012/8/20 16:30,8969.21,55.68,TRADE
NSW1,2012/8/20 17:00,9277.13,57.14,TRADE
NSW1,2012/8/20 17:30,9742.53,56.88,TRADE
NSW1,2012/8/20 18:00,10579.27,71.73,TRADE
NSW1,2012/8/20 18:30,11014.04,86.26,TRADE
NSW1,2012/8/20 19:00,10971.23,80.4,TRADE
NSW1,2012/8/20 19:30,10742.08,76.33,TRADE
NSW1,2012/8/20 20:00,10455.9,57.74,TRADE
NSW1,2012/8/20 20:30,10262.31,60.27,TRADE
NSW1,2012/8/20 21:00,10119.16,60.04,TRADE
NSW1,2012/8/20 21:30,9827.09,56.83,TRADE
NSW1,2012/8/20 22:00,9468.41,54.77,TRADE
NSW1,2012/8/20 22:30,9422.14,71.57,TRADE
NSW1,2012/8/20 23:00,9004.47,58.68,TRADE
NSW1,2012/8/20 23:30,8859.63,57.2,TRADE
NSW1,2012/8/21 0:00,8707.02,56.92,TRADE
NSW1,2012/8/21 0:30,8496.54,56.36,TRADE
NSW1,2012/8/21 1:00,8336.5,57.1,TRADE
NSW1,2012/8/21 1:30,8125.29,56.3,TRADE
NSW1,2012/8/21 2:00,7912.38,54.35,TRADE
NSW1,2012/8/21 2:30,7555.75,55.54,TRADE
NSW1,2012/8/21 3:00,7252.82,54.89,TRADE
NSW1,2012/8/21 3:30,7055.06,53.57,TRADE
NSW1,2012/8/21 4:00,6894.49,52.27,TRADE
NSW1,2012/8/21 4:30,6887.3,51.45,TRADE
NSW1,2012/8/21 5:00,6965.12,51.67,TRADE
NSW1,2012/8/21 5:30,7249.55,54.33,TRADE
NSW1,2012/8/21 6:00,7716.23,55.05,TRADE
NSW1,2012/8/21 6:30,8611.06,68.82,TRADE
NSW1,2012/8/21 7:00,9396.05,61.96,TRADE
NSW1,2012/8/21 7:30,9846,57.19,TRADE
NSW1,2012/8/21 8:00,10189.49,61.91,TRADE
NSW1,2012/8/21 8:30,10071.03,58.95,TRADE
NSW1,2012/8/21 9:00,9826.66,58,TRADE
NSW1,2012/8/21 9:30,9674.87,57.79,TRADE
NSW1,2012/8/21 10:00,9420.12,56.15,TRADE
NSW1,2012/8/21 10:30,9246.64,55.06,TRADE
NSW1,2012/8/21 11:00,9093.67,53.67,TRADE
NSW1,2012/8/21 11:30,8845.9,53.29,TRADE
NSW1,2012/8/21 12:00,8694.08,53.41,TRADE
NSW1,2012/8/21 12:30,8621.99,53.12,TRADE
NSW1,2012/8/21 13:00,8548.01,53.31,TRADE
NSW1,2012/8/21 13:30,8467.77,55.03,TRADE
NSW1,2012/8/21 14:00,8488.3,53.63,TRADE
NSW1,2012/8/21 14:30,8502.42,53.16,TRADE
NSW1,2012/8/21 15:00,8505.62,53.03,TRADE
NSW1,2012/8/21 15:30,8452.52,53.55,TRADE
NSW1,2012/8/21 16:00,8542.58,54.64,TRADE
NSW1,2012/8/21 16:30,8668.29,53.72,TRADE
NSW1,2012/8/21 17:00,8855.17,55.66,TRADE
NSW1,2012/8/21 17:30,9210.72,53.08,TRADE
NSW1,2012/8/21 18:00,9904.24,57.99,TRADE
NSW1,2012/8/21 18:30,10314.7,71,TRADE
NSW1,2012/8/21 19:00,10321.09,72.54,TRADE
NSW1,2012/8/21 19:30,10097.38,55.88,TRADE
NSW1,2012/8/21 20:00,9944.92,56.42,TRADE
NSW1,2012/8/21 20:30,9760.88,56.01,TRADE
NSW1,2012/8/21 21:00,9584.24,55.55,TRADE
NSW1,2012/8/21 21:30,9266.6,53.62,TRADE
NSW1,2012/8/21 22:00,9023.82,52.48,TRADE
NSW1,2012/8/21 22:30,9002.59,61.98,TRADE
NSW1,2012/8/21 23:00,8724.65,55.1,TRADE
NSW1,2012/8/21 23:30,8661.55,56.89,TRADE
NSW1,2012/8/22 0:00,8467.81,54.45,TRADE
NSW1,2012/8/22 0:30,8263.92,54.3,TRADE
NSW1,2012/8/22 1:00,8070.75,54.99,TRADE
NSW1,2012/8/22 1:30,7895.73,55.18,TRADE
NSW1,2012/8/22 2:00,7728.32,54.08,TRADE
NSW1,2012/8/22 2:30,7331.15,51.81,TRADE
NSW1,2012/8/22 3:00,6985.07,51.13,TRADE
NSW1,2012/8/22 3:30,6725.52,51.87,TRADE
NSW1,2012/8/22 4:00,6566.26,51.11,TRADE
NSW1,2012/8/22 4:30,6542.56,50.93,TRADE
NSW1,2012/8/22 5:00,6640.65,50.96,TRADE
NSW1,2012/8/22 5:30,6907.78,51.23,TRADE
NSW1,2012/8/22 6:00,7367.65,51.27,TRADE
NSW1,2012/8/22 6:30,8224.82,57.88,TRADE
NSW1,2012/8/22 7:00,8985.14,56.97,TRADE
NSW1,2012/8/22 7:30,9319.46,55.13,TRADE
NSW1,2012/8/22 8:00,9573.11,56.21,TRADE
NSW1,2012/8/22 8:30,9552.01,55.19,TRADE
NSW1,2012/8/22 9:00,9396.24,55.78,TRADE
NSW1,2012/8/22 9:30,9316.55,55.98,TRADE
NSW1,2012/8/22 10:00,9213.48,54.25,TRADE
NSW1,2012/8/22 10:30,9083.24,54.01,TRADE
NSW1,2012/8/22 11:00,8913.25,53.41,TRADE
NSW1,2012/8/22 11:30,8719.72,52.35,TRADE
NSW1,2012/8/22 12:00,8589.98,51.25,TRADE
NSW1,2012/8/22 12:30,8523.12,51.57,TRADE
NSW1,2012/8/22 13:00,8529.89,50.55,TRADE
NSW1,2012/8/22 13:30,8433.45,50.4,TRADE
NSW1,2012/8/22 14:00,8381.39,50.26,TRADE
NSW1,2012/8/22 14:30,8409.41,52.11,TRADE
NSW1,2012/8/22 15:00,8389.29,50.25,TRADE
NSW1,2012/8/22 15:30,8336.89,50.4,TRADE
NSW1,2012/8/22 16:00,8411.2,50.4,TRADE
NSW1,2012/8/22 16:30,8478.05,50.4,TRADE
NSW1,2012/8/22 17:00,8628.53,50.7,TRADE
NSW1,2012/8/22 17:30,8882.77,50.44,TRADE
NSW1,2012/8/22 18:00,9459.16,53.3,TRADE
NSW1,2012/8/22 18:30,9740.96,54.81,TRADE
NSW1,2012/8/22 19:00,9592.8,52.37,TRADE
NSW1,2012/8/22 19:30,9300.71,50.9,TRADE
NSW1,2012/8/22 20:00,9068.17,51.72,TRADE
NSW1,2012/8/22 20:30,8885.65,50.95,TRADE
NSW1,2012/8/22 21:00,8740.28,51.23,TRADE
NSW1,2012/8/22 21:30,8455.93,50.37,TRADE
NSW1,2012/8/22 22:00,8185.09,50.4,TRADE
NSW1,2012/8/22 22:30,8261.71,52.26,TRADE
NSW1,2012/8/22 23:00,8064.53,50.53,TRADE
NSW1,2012/8/22 23:30,7972.1,51.05,TRADE
NSW1,2012/8/23 0:00,7882.34,51.71,TRADE
NSW1,2012/8/23 0:30,7738.1,52.47,TRADE
NSW1,2012/8/23 1:00,7541.69,51.1,TRADE
NSW1,2012/8/23 1:30,7367.94,50.91,TRADE
NSW1,2012/8/23 2:00,7110.71,50.87,TRADE
NSW1,2012/8/23 2:30,6776.1,50.92,TRADE
NSW1,2012/8/23 3:00,6553.18,50.63,TRADE
NSW1,2012/8/23 3:30,6346.12,48.58,TRADE
NSW1,2012/8/23 4:00,6232.66,46.89,TRADE
NSW1,2012/8/23 4:30,6156.29,48.14,TRADE
NSW1,2012/8/23 5:00,6321.87,49.79,TRADE
NSW1,2012/8/23 5:30,6577.94,51.51,TRADE
NSW1,2012/8/23 6:00,6944.51,50.34,TRADE
NSW1,2012/8/23 6:30,7623.3,50.74,TRADE
NSW1,2012/8/23 7:00,8178.73,52.46,TRADE
NSW1,2012/8/23 7:30,8421.35,49.39,TRADE
NSW1,2012/8/23 8:00,8643.53,51.19,TRADE
NSW1,2012/8/23 8:30,8693.73,50.4,TRADE
NSW1,2012/8/23 9:00,8690.16,50.93,TRADE
NSW1,2012/8/23 9:30,8756.67,51.72,TRADE
NSW1,2012/8/23 10:00,8806.21,52.16,TRADE
NSW1,2012/8/23 10:30,8890.93,53.07,TRADE
NSW1,2012/8/23 11:00,8914.49,52.85,TRADE
NSW1,2012/8/23 11:30,8839.51,52.05,TRADE
NSW1,2012/8/23 12:00,8763.02,50.02,TRADE
NSW1,2012/8/23 12:30,8727.72,53.37,TRADE
NSW1,2012/8/23 13:00,8649.71,52.06,TRADE
NSW1,2012/8/23 13:30,8614.17,52.57,TRADE
NSW1,2012/8/23 14:00,8659.52,52.75,TRADE
NSW1,2012/8/23 14:30,8585.61,52.89,TRADE
NSW1,2012/8/23 15:00,8569,51.42,TRADE
NSW1,2012/8/23 15:30,8578.46,51.52,TRADE
NSW1,2012/8/23 16:00,8680.49,55.57,TRADE
NSW1,2012/8/23 16:30,8731.38,54.79,TRADE
NSW1,2012/8/23 17:00,8912.71,54.39,TRADE
NSW1,2012/8/23 17:30,9185.54,52.49,TRADE
NSW1,2012/8/23 18:00,9552.28,54.26,TRADE
NSW1,2012/8/23 18:30,9630.98,55.57,TRADE
NSW1,2012/8/23 19:00,9478.54,53.4,TRADE
NSW1,2012/8/23 19:30,9187.05,51.05,TRADE
NSW1,2012/8/23 20:00,8981.61,55.19,TRADE
NSW1,2012/8/23 20:30,8840.43,55.25,TRADE
NSW1,2012/8/23 21:00,8639.2,52.91,TRADE
NSW1,2012/8/23 21:30,8333.4,50.35,TRADE
NSW1,2012/8/23 22:00,8059.51,50.24,TRADE
NSW1,2012/8/23 22:30,8140.62,56.63,TRADE
NSW1,2012/8/23 23:00,7971.38,52.08,TRADE
NSW1,2012/8/23 23:30,7927.98,52.78,TRADE
NSW1,2012/8/24 0:00,7840.14,51.94,TRADE
NSW1,2012/8/24 0:30,7635.75,51,TRADE
NSW1,2012/8/24 1:00,7413.17,51.15,TRADE
NSW1,2012/8/24 1:30,7298.43,53.79,TRADE
NSW1,2012/8/24 2:00,7084.5,51.56,TRADE
NSW1,2012/8/24 2:30,6752.79,50.81,TRADE
NSW1,2012/8/24 3:00,6521.8,51.8,TRADE
NSW1,2012/8/24 3:30,6302.24,50.43,TRADE
NSW1,2012/8/24 4:00,6185.46,50.1,TRADE
NSW1,2012/8/24 4:30,6183.43,49.78,TRADE
NSW1,2012/8/24 5:00,6273.2,51.95,TRADE
NSW1,2012/8/24 5:30,6558.93,52.41,TRADE
NSW1,2012/8/24 6:00,6967.72,53.36,TRADE
NSW1,2012/8/24 6:30,7759.29,56.1,TRADE
NSW1,2012/8/24 7:00,8356.07,55.84,TRADE
NSW1,2012/8/24 7:30,8698.38,53.57,TRADE
NSW1,2012/8/24 8:00,8962.72,55.96,TRADE
NSW1,2012/8/24 8:30,9057.82,55.83,TRADE
NSW1,2012/8/24 9:00,8965.19,55.46,TRADE
NSW1,2012/8/24 9:30,8984.62,55.68,TRADE
NSW1,2012/8/24 10:00,8935.96,56.04,TRADE
NSW1,2012/8/24 10:30,8910.59,55.84,TRADE
NSW1,2012/8/24 11:00,8874.86,55.86,TRADE
NSW1,2012/8/24 11:30,8715.75,55.25,TRADE
NSW1,2012/8/24 12:00,8646.18,54.75,TRADE
NSW1,2012/8/24 12:30,8604.03,54.61,TRADE
NSW1,2012/8/24 13:00,8455.59,54.05,TRADE
NSW1,2012/8/24 13:30,8436.23,52.48,TRADE
NSW1,2012/8/24 14:00,8380.48,52.45,TRADE
NSW1,2012/8/24 14:30,8377.25,54.27,TRADE
NSW1,2012/8/24 15:00,8345.56,53.89,TRADE
NSW1,2012/8/24 15:30,8386.48,53.25,TRADE
NSW1,2012/8/24 16:00,8484.1,53.72,TRADE
NSW1,2012/8/24 16:30,8539.82,55.19,TRADE
NSW1,2012/8/24 17:00,8726.96,54.51,TRADE
NSW1,2012/8/24 17:30,8923.58,52.61,TRADE
NSW1,2012/8/24 18:00,9381.32,55.11,TRADE
NSW1,2012/8/24 18:30,9655.18,56.95,TRADE
NSW1,2012/8/24 19:00,9585.47,56.24,TRADE
NSW1,2012/8/24 19:30,9351.12,52.48,TRADE
NSW1,2012/8/24 20:00,9174.11,55.24,TRADE
NSW1,2012/8/24 20:30,8999.74,54.86,TRADE
NSW1,2012/8/24 21:00,8901.08,53.94,TRADE
NSW1,2012/8/24 21:30,8695.33,52.85,TRADE
NSW1,2012/8/24 22:00,8499.55,52.24,TRADE
NSW1,2012/8/24 22:30,8639.28,56.44,TRADE
NSW1,2012/8/24 23:00,8442.07,55.74,TRADE
NSW1,2012/8/24 23:30,8473.93,57.58,TRADE
NSW1,2012/8/25 0:00,8327.64,58.83,TRADE
NSW1,2012/8/25 0:30,8161.97,55.04,TRADE
NSW1,2012/8/25 1:00,7884.29,54.82,TRADE
NSW1,2012/8/25 1:30,7625.31,55.73,TRADE
NSW1,2012/8/25 2:00,7353.53,55.7,TRADE
NSW1,2012/8/25 2:30,7004.72,55.08,TRADE
NSW1,2012/8/25 3:00,6723.69,55.16,TRADE
NSW1,2012/8/25 3:30,6480.84,53.82,TRADE
NSW1,2012/8/25 4:00,6351.62,51.86,TRADE
NSW1,2012/8/25 4:30,6301.32,51.33,TRADE
NSW1,2012/8/25 5:00,6312.57,51.13,TRADE
NSW1,2012/8/25 5:30,6449.98,50.98,TRADE
NSW1,2012/8/25 6:00,6547.41,50.06,TRADE
NSW1,2012/8/25 6:30,6884.35,51.55,TRADE
NSW1,2012/8/25 7:00,7192.41,50.91,TRADE
NSW1,2012/8/25 7:30,7492.9,52.09,TRADE
NSW1,2012/8/25 8:00,7859.22,53.88,TRADE
NSW1,2012/8/25 8:30,8146.4,53.59,TRADE
NSW1,2012/8/25 9:00,8312.52,55.82,TRADE
NSW1,2012/8/25 9:30,8449.07,54.25,TRADE
NSW1,2012/8/25 10:00,8352.95,55.16,TRADE
NSW1,2012/8/25 10:30,8298.26,52.95,TRADE
NSW1,2012/8/25 11:00,8095.64,53.29,TRADE
NSW1,2012/8/25 11:30,7919.02,50.95,TRADE
NSW1,2012/8/25 12:00,7819.67,53,TRADE
NSW1,2012/8/25 12:30,7623.38,49.85,TRADE
NSW1,2012/8/25 13:00,7494.16,50.3,TRADE
NSW1,2012/8/25 13:30,7446.86,50.42,TRADE
NSW1,2012/8/25 14:00,7374.1,50.48,TRADE
NSW1,2012/8/25 14:30,7320,50.42,TRADE
NSW1,2012/8/25 15:00,7313.74,50.42,TRADE
NSW1,2012/8/25 15:30,7390.02,50.46,TRADE
NSW1,2012/8/25 16:00,7461.46,50.97,TRADE
NSW1,2012/8/25 16:30,7581.14,51.22,TRADE
NSW1,2012/8/25 17:00,7807.36,52.92,TRADE
NSW1,2012/8/25 17:30,8099.97,50.11,TRADE
NSW1,2012/8/25 18:00,8679.88,55.29,TRADE
NSW1,2012/8/25 18:30,9093.08,55.15,TRADE
NSW1,2012/8/25 19:00,9024.88,55.84,TRADE
NSW1,2012/8/25 19:30,8826.35,53.56,TRADE
NSW1,2012/8/25 20:00,8645.11,55.7,TRADE
NSW1,2012/8/25 20:30,8532.19,55.29,TRADE
NSW1,2012/8/25 21:00,8415.77,53.2,TRADE
NSW1,2012/8/25 21:30,8255.94,54.32,TRADE
NSW1,2012/8/25 22:00,8133.13,52.4,TRADE
NSW1,2012/8/25 22:30,8144.52,54.7,TRADE
NSW1,2012/8/25 23:00,8056.1,56.05,TRADE
NSW1,2012/8/25 23:30,7981.17,56.21,TRADE
NSW1,2012/8/26 0:00,7786.08,55.14,TRADE
NSW1,2012/8/26 0:30,7562.88,52.77,TRADE
NSW1,2012/8/26 1:00,7350.39,51.83,TRADE
NSW1,2012/8/26 1:30,7219.61,51.96,TRADE
NSW1,2012/8/26 2:00,6976.06,50.7,TRADE
NSW1,2012/8/26 2:30,6678.16,51.33,TRADE
NSW1,2012/8/26 3:00,6511.41,50.59,TRADE
NSW1,2012/8/26 3:30,6297.25,49.01,TRADE
NSW1,2012/8/26 4:00,6187.62,47.67,TRADE
NSW1,2012/8/26 4:30,6145.07,48.66,TRADE
NSW1,2012/8/26 5:00,6151.16,49.44,TRADE
NSW1,2012/8/26 5:30,6216.1,48.65,TRADE
NSW1,2012/8/26 6:00,6349.01,46.86,TRADE
NSW1,2012/8/26 6:30,6527.1,47.57,TRADE
NSW1,2012/8/26 7:00,6782.02,50.4,TRADE
NSW1,2012/8/26 7:30,7064.82,49.96,TRADE
NSW1,2012/8/26 8:00,7456.15,50.71,TRADE
NSW1,2012/8/26 8:30,7813.81,50.85,TRADE
NSW1,2012/8/26 9:00,8049.37,53.66,TRADE
NSW1,2012/8/26 9:30,8118.7,52.8,TRADE
NSW1,2012/8/26 10:00,8083.95,51.94,TRADE
NSW1,2012/8/26 10:30,8083.28,50.15,TRADE
NSW1,2012/8/26 11:00,7937.15,50.78,TRADE
NSW1,2012/8/26 11:30,7761.17,50.34,TRADE
NSW1,2012/8/26 12:00,7650.36,50.21,TRADE
NSW1,2012/8/26 12:30,7599.64,50.34,TRADE
NSW1,2012/8/26 13:00,7438.07,50.4,TRADE
NSW1,2012/8/26 13:30,7401.8,50.4,TRADE
NSW1,2012/8/26 14:00,7283.01,50.24,TRADE
NSW1,2012/8/26 14:30,7249.27,49.53,TRADE
NSW1,2012/8/26 15:00,7285.21,50.34,TRADE
NSW1,2012/8/26 15:30,7336.27,50.41,TRADE
NSW1,2012/8/26 16:00,7438.56,51.28,TRADE
NSW1,2012/8/26 16:30,7651.17,52.25,TRADE
NSW1,2012/8/26 17:00,7875.15,50.71,TRADE
NSW1,2012/8/26 17:30,8180.35,51.6,TRADE
NSW1,2012/8/26 18:00,8929.53,57.04,TRADE
NSW1,2012/8/26 18:30,9548.04,58.23,TRADE
NSW1,2012/8/26 19:00,9575.6,59.21,TRADE
NSW1,2012/8/26 19:30,9413.97,56.31,TRADE
NSW1,2012/8/26 20:00,9261.53,57.68,TRADE
NSW1,2012/8/26 20:30,9166.95,56.81,TRADE
NSW1,2012/8/26 21:00,8995.82,56.22,TRADE
NSW1,2012/8/26 21:30,8799.32,55.43,TRADE
NSW1,2012/8/26 22:00,8530.23,54.81,TRADE
NSW1,2012/8/26 22:30,8498.17,56.92,TRADE
NSW1,2012/8/26 23:00,8195.4,56.31,TRADE
NSW1,2012/8/26 23:30,8086.92,55.89,TRADE
NSW1,2012/8/27 0:00,7902.69,55.04,TRADE
NSW1,2012/8/27 0:30,7651.82,52.03,TRADE
NSW1,2012/8/27 1:00,7490.47,51.65,TRADE
NSW1,2012/8/27 1:30,7296.36,55.13,TRADE
NSW1,2012/8/27 2:00,7139.93,51.76,TRADE
NSW1,2012/8/27 2:30,6906.85,50.92,TRADE
NSW1,2012/8/27 3:00,6708.48,50.59,TRADE
NSW1,2012/8/27 3:30,6531.86,51.94,TRADE
NSW1,2012/8/27 4:00,6487.59,50.51,TRADE
NSW1,2012/8/27 4:30,6555.65,51.88,TRADE
NSW1,2012/8/27 5:00,6689.99,52.3,TRADE
NSW1,2012/8/27 5:30,7003.54,54.51,TRADE
NSW1,2012/8/27 6:00,7507.14,55.98,TRADE
NSW1,2012/8/27 6:30,8315.53,59.84,TRADE
NSW1,2012/8/27 7:00,9117.44,62.55,TRADE
NSW1,2012/8/27 7:30,9503.88,58.05,TRADE
NSW1,2012/8/27 8:00,9816.82,60.73,TRADE
NSW1,2012/8/27 8:30,9837.34,63.8,TRADE
NSW1,2012/8/27 9:00,9714.89,58.27,TRADE
NSW1,2012/8/27 9:30,9637.91,58.15,TRADE
NSW1,2012/8/27 10:00,9460.68,56.33,TRADE
NSW1,2012/8/27 10:30,9313.03,52.96,TRADE
NSW1,2012/8/27 11:00,9148.37,53.02,TRADE
NSW1,2012/8/27 11:30,8985.11,53.18,TRADE
NSW1,2012/8/27 12:00,8835.66,53.14,TRADE
NSW1,2012/8/27 12:30,8744.02,51.41,TRADE
NSW1,2012/8/27 13:00,8677.94,50.1,TRADE
NSW1,2012/8/27 13:30,8642.64,52.2,TRADE
NSW1,2012/8/27 14:00,8597.22,50.74,TRADE
NSW1,2012/8/27 14:30,8610.97,51.11,TRADE
NSW1,2012/8/27 15:00,8551.96,49.07,TRADE
NSW1,2012/8/27 15:30,8506.59,50.28,TRADE
NSW1,2012/8/27 16:00,8588.74,50.79,TRADE
NSW1,2012/8/27 16:30,8702.04,53.87,TRADE
NSW1,2012/8/27 17:00,8902.5,52.02,TRADE
NSW1,2012/8/27 17:30,9271.19,50.98,TRADE
NSW1,2012/8/27 18:00,9965.53,56.54,TRADE
NSW1,2012/8/27 18:30,10492.66,56.34,TRADE
NSW1,2012/8/27 19:00,10382.46,55.74,TRADE
NSW1,2012/8/27 19:30,10151.73,54.99,TRADE
NSW1,2012/8/27 20:00,9942.82,54.72,TRADE
NSW1,2012/8/27 20:30,9761.68,56.88,TRADE
NSW1,2012/8/27 21:00,9592.42,56.21,TRADE
NSW1,2012/8/27 21:30,9314.6,53.27,TRADE
NSW1,2012/8/27 22:00,8987.02,50.61,TRADE
NSW1,2012/8/27 22:30,8947.48,56.57,TRADE
NSW1,2012/8/27 23:00,8666.81,53.04,TRADE
NSW1,2012/8/27 23:30,8547.45,53.74,TRADE
NSW1,2012/8/28 0:00,8512.42,56.46,TRADE
NSW1,2012/8/28 0:30,8251.1,55.34,TRADE
NSW1,2012/8/28 1:00,8145.43,55.44,TRADE
NSW1,2012/8/28 1:30,7935.85,54.51,TRADE
NSW1,2012/8/28 2:00,7730.53,52.53,TRADE
NSW1,2012/8/28 2:30,7423.56,50.61,TRADE
NSW1,2012/8/28 3:00,7124.48,49.21,TRADE
NSW1,2012/8/28 3:30,6839.55,49.35,TRADE
NSW1,2012/8/28 4:00,6764.5,48.4,TRADE
NSW1,2012/8/28 4:30,6704.75,49.46,TRADE
NSW1,2012/8/28 5:00,6836.99,52.03,TRADE
NSW1,2012/8/28 5:30,7141.72,52.47,TRADE
NSW1,2012/8/28 6:00,7570.44,52.44,TRADE
NSW1,2012/8/28 6:30,8427.12,57.44,TRADE
NSW1,2012/8/28 7:00,9202.75,55.51,TRADE
NSW1,2012/8/28 7:30,9532.56,54.16,TRADE
NSW1,2012/8/28 8:00,9709.58,56.01,TRADE
NSW1,2012/8/28 8:30,9675.23,54.85,TRADE
NSW1,2012/8/28 9:00,9528.58,54.68,TRADE
NSW1,2012/8/28 9:30,9433.45,55.02,TRADE
NSW1,2012/8/28 10:00,9280.78,52.88,TRADE
NSW1,2012/8/28 10:30,9168.95,51.13,TRADE
NSW1,2012/8/28 11:00,9044.74,50.91,TRADE
NSW1,2012/8/28 11:30,8846.63,50.13,TRADE
NSW1,2012/8/28 12:00,8781.59,50.39,TRADE
NSW1,2012/8/28 12:30,8693.23,50.63,TRADE
NSW1,2012/8/28 13:00,8647.99,50.45,TRADE
NSW1,2012/8/28 13:30,8575.69,50.9,TRADE
NSW1,2012/8/28 14:00,8559.71,51.43,TRADE
NSW1,2012/8/28 14:30,8561.97,51.07,TRADE
NSW1,2012/8/28 15:00,8559.94,50.79,TRADE
NSW1,2012/8/28 15:30,8568.87,50.67,TRADE
NSW1,2012/8/28 16:00,8592.53,50.57,TRADE
NSW1,2012/8/28 16:30,8659.07,50.67,TRADE
NSW1,2012/8/28 17:00,8860.59,52.34,TRADE
NSW1,2012/8/28 17:30,9188.59,49.53,TRADE
NSW1,2012/8/28 18:00,9890.22,54.53,TRADE
NSW1,2012/8/28 18:30,10311.26,58.23,TRADE
NSW1,2012/8/28 19:00,10292.31,56.06,TRADE
NSW1,2012/8/28 19:30,10046.75,55.02,TRADE
NSW1,2012/8/28 20:00,9847.82,53.86,TRADE
NSW1,2012/8/28 20:30,9636.26,54.86,TRADE
NSW1,2012/8/28 21:00,9403.47,52.52,TRADE
NSW1,2012/8/28 21:30,9193.95,52.79,TRADE
NSW1,2012/8/28 22:00,8858.67,51.12,TRADE
NSW1,2012/8/28 22:30,8826.34,54.79,TRADE
NSW1,2012/8/28 23:00,8580.48,53.17,TRADE
NSW1,2012/8/28 23:30,8486.58,57.23,TRADE
NSW1,2012/8/29 0:00,8417.44,54.42,TRADE
NSW1,2012/8/29 0:30,8195.07,55.34,TRADE
NSW1,2012/8/29 1:00,7993.81,54.77,TRADE
NSW1,2012/8/29 1:30,7827.06,54.18,TRADE
NSW1,2012/8/29 2:00,7588.81,54.98,TRADE
NSW1,2012/8/29 2:30,7265.37,51.02,TRADE
NSW1,2012/8/29 3:00,6922.83,50.35,TRADE
NSW1,2012/8/29 3:30,6686.33,50.28,TRADE
NSW1,2012/8/29 4:00,6559,48.31,TRADE
NSW1,2012/8/29 4:30,6558,50.06,TRADE
NSW1,2012/8/29 5:00,6652.92,50.68,TRADE
NSW1,2012/8/29 5:30,6974.15,54.64,TRADE
NSW1,2012/8/29 6:00,7427.91,52.29,TRADE
NSW1,2012/8/29 6:30,8239.77,55.76,TRADE
NSW1,2012/8/29 7:00,8967.94,55.85,TRADE
NSW1,2012/8/29 7:30,9304.6,53.15,TRADE
NSW1,2012/8/29 8:00,9540.15,55.73,TRADE
NSW1,2012/8/29 8:30,9505.08,55.6,TRADE
NSW1,2012/8/29 9:00,9285.34,52.88,TRADE
NSW1,2012/8/29 9:30,9251.21,52.64,TRADE
NSW1,2012/8/29 10:00,9178.28,52.64,TRADE
NSW1,2012/8/29 10:30,9136.62,51.27,TRADE
NSW1,2012/8/29 11:00,9007.06,50.43,TRADE
NSW1,2012/8/29 11:30,8840.44,50.4,TRADE
NSW1,2012/8/29 12:00,8698.27,50.33,TRADE
NSW1,2012/8/29 12:30,8663.76,50.49,TRADE
NSW1,2012/8/29 13:00,8580.95,50.49,TRADE
NSW1,2012/8/29 13:30,8657.03,50.87,TRADE
NSW1,2012/8/29 14:00,8592.67,50.59,TRADE
NSW1,2012/8/29 14:30,8510.53,50.55,TRADE
NSW1,2012/8/29 15:00,8508.57,50.28,TRADE
NSW1,2012/8/29 15:30,8419.63,50.14,TRADE
NSW1,2012/8/29 16:00,8448.52,50.53,TRADE
NSW1,2012/8/29 16:30,8536.34,51.09,TRADE
NSW1,2012/8/29 17:00,8678.04,50.76,TRADE
NSW1,2012/8/29 17:30,8915.05,48.37,TRADE
NSW1,2012/8/29 18:00,9535.94,52.56,TRADE
NSW1,2012/8/29 18:30,9882.16,52.61,TRADE
NSW1,2012/8/29 19:00,9797.88,50.98,TRADE
NSW1,2012/8/29 19:30,9568.46,50.23,TRADE
NSW1,2012/8/29 20:00,9408.73,51.03,TRADE
NSW1,2012/8/29 20:30,9254.16,52.96,TRADE
NSW1,2012/8/29 21:00,8986.57,51.26,TRADE
NSW1,2012/8/29 21:30,8739.83,50.4,TRADE
NSW1,2012/8/29 22:00,8479.81,50.38,TRADE
NSW1,2012/8/29 22:30,8530.13,52.84,TRADE
NSW1,2012/8/29 23:00,8285.87,51.58,TRADE
NSW1,2012/8/29 23:30,8211.01,53.3,TRADE
NSW1,2012/8/30 0:00,8120.91,53.74,TRADE
NSW1,2012/8/30 0:30,7900.68,53.61,TRADE
NSW1,2012/8/30 1:00,7696.58,54.21,TRADE
NSW1,2012/8/30 1:30,7484.67,51.76,TRADE
NSW1,2012/8/30 2:00,7297.28,52.03,TRADE
NSW1,2012/8/30 2:30,6915.54,51.18,TRADE
NSW1,2012/8/30 3:00,6681.32,50.18,TRADE
NSW1,2012/8/30 3:30,6468.04,49.79,TRADE
NSW1,2012/8/30 4:00,6344.04,48.06,TRADE
NSW1,2012/8/30 4:30,6326.2,48.22,TRADE
NSW1,2012/8/30 5:00,6396.59,50.03,TRADE
NSW1,2012/8/30 5:30,6660.45,50.36,TRADE
NSW1,2012/8/30 6:00,7053.51,50.34,TRADE
NSW1,2012/8/30 6:30,7830.66,52.06,TRADE
NSW1,2012/8/30 7:00,8510.84,56.01,TRADE
NSW1,2012/8/30 7:30,8789.56,50.87,TRADE
NSW1,2012/8/30 8:00,8977.97,53.61,TRADE
NSW1,2012/8/30 8:30,8930.29,52.77,TRADE
NSW1,2012/8/30 9:00,8806.52,51.58,TRADE
NSW1,2012/8/30 9:30,8800.52,51.99,TRADE
NSW1,2012/8/30 10:00,8762.56,50.6,TRADE
NSW1,2012/8/30 10:30,8726.08,50.54,TRADE
NSW1,2012/8/30 11:00,8645.11,50.4,TRADE
NSW1,2012/8/30 11:30,8552.71,50.37,TRADE
NSW1,2012/8/30 12:00,8491.32,49.05,TRADE
NSW1,2012/8/30 12:30,8413.46,50.14,TRADE
NSW1,2012/8/30 13:00,8365.82,50,TRADE
NSW1,2012/8/30 13:30,8350.03,51.41,TRADE
NSW1,2012/8/30 14:00,8330.4,50.51,TRADE
NSW1,2012/8/30 14:30,8292.48,50.32,TRADE
NSW1,2012/8/30 15:00,8279.61,50,TRADE
NSW1,2012/8/30 15:30,8259.99,50.4,TRADE
NSW1,2012/8/30 16:00,8327.99,50.38,TRADE
NSW1,2012/8/30 16:30,8407.89,51.23,TRADE
NSW1,2012/8/30 17:00,8559.92,50.09,TRADE
NSW1,2012/8/30 17:30,8826.91,49.62,TRADE
NSW1,2012/8/30 18:00,9431.38,54.82,TRADE
NSW1,2012/8/30 18:30,9871.63,54.59,TRADE
NSW1,2012/8/30 19:00,9871.47,55.02,TRADE
NSW1,2012/8/30 19:30,9664.18,52.24,TRADE
NSW1,2012/8/30 20:00,9471.21,53.35,TRADE
NSW1,2012/8/30 20:30,9377.73,53.32,TRADE
NSW1,2012/8/30 21:00,9177.79,52.37,TRADE
NSW1,2012/8/30 21:30,8912.29,51.5,TRADE
NSW1,2012/8/30 22:00,8576.53,50.05,TRADE
NSW1,2012/8/30 22:30,8629.92,55.5,TRADE
NSW1,2012/8/30 23:00,8401.27,50.92,TRADE
NSW1,2012/8/30 23:30,8306.36,52.6,TRADE
NSW1,2012/8/31 0:00,8177.95,50.94,TRADE
NSW1,2012/8/31 0:30,7971.85,51.77,TRADE
NSW1,2012/8/31 1:00,7787.18,52.83,TRADE
NSW1,2012/8/31 1:30,7621.98,52.81,TRADE
NSW1,2012/8/31 2:00,7424.08,50.89,TRADE
NSW1,2012/8/31 2:30,7080.82,50.46,TRADE
NSW1,2012/8/31 3:00,6805.71,49.77,TRADE
NSW1,2012/8/31 3:30,6595,48.14,TRADE
NSW1,2012/8/31 4:00,6477.43,49.24,TRADE
NSW1,2012/8/31 4:30,6424.13,48.52,TRADE
NSW1,2012/8/31 5:00,6510.08,50.68,TRADE
NSW1,2012/8/31 5:30,6825.84,50.9,TRADE
NSW1,2012/8/31 6:00,7299.86,51.84,TRADE
NSW1,2012/8/31 6:30,8045.99,55.45,TRADE
NSW1,2012/8/31 7:00,8778,56.06,TRADE
NSW1,2012/8/31 7:30,9129.84,53.59,TRADE
NSW1,2012/8/31 8:00,9385.05,55.66,TRADE
NSW1,2012/8/31 8:30,9372.51,54.91,TRADE
NSW1,2012/8/31 9:00,9266.82,55.19,TRADE
NSW1,2012/8/31 9:30,9238.91,53.16,TRADE
NSW1,2012/8/31 10:00,9106.3,50.15,TRADE
NSW1,2012/8/31 10:30,9030.51,51.15,TRADE
NSW1,2012/8/31 11:00,8930.29,51.11,TRADE
NSW1,2012/8/31 11:30,8823.38,50.04,TRADE
NSW1,2012/8/31 12:00,8737.06,50.52,TRADE
NSW1,2012/8/31 12:30,8653.65,50.86,TRADE
NSW1,2012/8/31 13:00,8547.01,50.49,TRADE
NSW1,2012/8/31 13:30,8491.83,50.49,TRADE
NSW1,2012/8/31 14:00,8466.06,50,TRADE
NSW1,2012/8/31 14:30,8400.64,50.31,TRADE
NSW1,2012/8/31 15:00,8398.43,50.4,TRADE
NSW1,2012/8/31 15:30,8455.85,50.01,TRADE
NSW1,2012/8/31 16:00,8703.61,55.2,TRADE
NSW1,2012/8/31 16:30,8888.93,54.74,TRADE
NSW1,2012/8/31 17:00,9135.11,55.32,TRADE
NSW1,2012/8/31 17:30,9457.59,51.07,TRADE
NSW1,2012/8/31 18:00,10046.11,55.65,TRADE
NSW1,2012/8/31 18:30,10378.47,62.32,TRADE
NSW1,2012/8/31 19:00,10331.29,63.8,TRADE
NSW1,2012/8/31 19:30,10133.99,63.71,TRADE
NSW1,2012/8/31 20:00,9965.11,69.47,TRADE
NSW1,2012/8/31 20:30,9875.55,73.1,TRADE
NSW1,2012/8/31 21:00,9741.42,67.4,TRADE
NSW1,2012/8/31 21:30,9504.97,73.64,TRADE
NSW1,2012/8/31 22:00,9254.86,60.94,TRADE
NSW1,2012/8/31 22:30,9341.78,79.94,TRADE
NSW1,2012/8/31 23:00,9080.79,65.98,TRADE
NSW1,2012/8/31 23:30,9065.47,64.49,TRADE
NSW1,2012/9/1 0:00,8948.85,64.76,TRADE
?NSW1,2012/9/1 0:30,8702.24,62.02,TRADE
NSW1,2012/9/1 1:00,8466.58,57.14,TRADE
NSW1,2012/9/1 1:30,8239.43,56.42,TRADE
NSW1,2012/9/1 2:00,7927.94,55.93,TRADE
NSW1,2012/9/1 2:30,7559.07,55.47,TRADE
NSW1,2012/9/1 3:00,7221.43,55.96,TRADE
NSW1,2012/9/1 3:30,6954.49,56,TRADE
NSW1,2012/9/1 4:00,6815.1,55.74,TRADE
NSW1,2012/9/1 4:30,6706.27,52.64,TRADE
NSW1,2012/9/1 5:00,6751.58,50.4,TRADE
NSW1,2012/9/1 5:30,6836.08,51.5,TRADE
NSW1,2012/9/1 6:00,7027.05,51.52,TRADE
NSW1,2012/9/1 6:30,7311.55,51.12,TRADE
NSW1,2012/9/1 7:00,7682.81,53.15,TRADE
NSW1,2012/9/1 7:30,8067.63,52.66,TRADE
NSW1,2012/9/1 8:00,8487.25,55.17,TRADE
NSW1,2012/9/1 8:30,8860.82,56.23,TRADE
NSW1,2012/9/1 9:00,8978.05,58.58,TRADE
NSW1,2012/9/1 9:30,9101.66,63.48,TRADE
NSW1,2012/9/1 10:00,8953.5,63.22,TRADE
NSW1,2012/9/1 10:30,8787.14,56.73,TRADE
NSW1,2012/9/1 11:00,8552.92,53.46,TRADE
NSW1,2012/9/1 11:30,8309.99,51.2,TRADE
NSW1,2012/9/1 12:00,8118.78,52.25,TRADE
NSW1,2012/9/1 12:30,7979.97,50.65,TRADE
NSW1,2012/9/1 13:00,7804.28,50.53,TRADE
NSW1,2012/9/1 13:30,7721.07,48.85,TRADE
NSW1,2012/9/1 14:00,7782.35,49.57,TRADE
NSW1,2012/9/1 14:30,7767.86,50.14,TRADE
NSW1,2012/9/1 15:00,7674.89,49.25,TRADE
NSW1,2012/9/1 15:30,7738.34,50.03,TRADE
NSW1,2012/9/1 16:00,7843.22,50.69,TRADE
NSW1,2012/9/1 16:30,8048.04,51.67,TRADE
NSW1,2012/9/1 17:00,8353.06,52.67,TRADE
NSW1,2012/9/1 17:30,8626.82,51.55,TRADE
NSW1,2012/9/1 18:00,9317.35,58.97,TRADE
NSW1,2012/9/1 18:30,9812.72,68.34,TRADE
NSW1,2012/9/1 19:00,9759.31,65.15,TRADE
NSW1,2012/9/1 19:30,9630.31,62.42,TRADE
NSW1,2012/9/1 20:00,9472.58,62.34,TRADE
NSW1,2012/9/1 20:30,9360.78,65.07,TRADE
NSW1,2012/9/1 21:00,9263.7,66.05,TRADE
NSW1,2012/9/1 21:30,9070.88,61.43,TRADE
NSW1,2012/9/1 22:00,8849.5,58.66,TRADE
NSW1,2012/9/1 22:30,8833.12,62.19,TRADE
NSW1,2012/9/1 23:00,8657.95,62.24,TRADE
NSW1,2012/9/1 23:30,8504.2,62.24,TRADE
NSW1,2012/9/2 0:00,8293.61,59.14,TRADE
NSW1,2012/9/2 0:30,8032.32,57.85,TRADE
NSW1,2012/9/2 1:00,7760.83,53.34,TRADE
NSW1,2012/9/2 1:30,7546.19,52.46,TRADE
NSW1,2012/9/2 2:00,7331.45,51.18,TRADE
NSW1,2012/9/2 2:30,6992.93,50.81,TRADE
NSW1,2012/9/2 3:00,6738.24,50.69,TRADE
NSW1,2012/9/2 3:30,6611.22,50.73,TRADE
NSW1,2012/9/2 4:00,6460.95,50.02,TRADE
NSW1,2012/9/2 4:30,6438.15,51.18,TRADE
NSW1,2012/9/2 5:00,6419.12,49.78,TRADE
NSW1,2012/9/2 5:30,6525.97,51.01,TRADE
NSW1,2012/9/2 6:00,6645.29,49.87,TRADE
NSW1,2012/9/2 6:30,6825.42,49.06,TRADE
NSW1,2012/9/2 7:00,7108.51,50.72,TRADE
NSW1,2012/9/2 7:30,7429.4,49.19,TRADE
NSW1,2012/9/2 8:00,7780.43,51.29,TRADE
NSW1,2012/9/2 8:30,8155.11,51.96,TRADE
NSW1,2012/9/2 9:00,8310.63,52.7,TRADE
NSW1,2012/9/2 9:30,8383.71,50.92,TRADE
NSW1,2012/9/2 10:00,8268.84,50.78,TRADE
NSW1,2012/9/2 10:30,8240.31,51.48,TRADE
NSW1,2012/9/2 11:00,7999.33,51.33,TRADE
NSW1,2012/9/2 11:30,7860.4,50.93,TRADE
NSW1,2012/9/2 12:00,7656.43,49.83,TRADE
NSW1,2012/9/2 12:30,7485.2,50,TRADE
NSW1,2012/9/2 13:00,7390.74,49.82,TRADE
NSW1,2012/9/2 13:30,7218.06,47.29,TRADE
NSW1,2012/9/2 14:00,7113.83,48.19,TRADE
NSW1,2012/9/2 14:30,7050.22,49.87,TRADE
NSW1,2012/9/2 15:00,7060.7,50.16,TRADE
NSW1,2012/9/2 15:30,7082.95,48.47,TRADE
NSW1,2012/9/2 16:00,7184.36,50.24,TRADE
NSW1,2012/9/2 16:30,7371.43,50.57,TRADE
NSW1,2012/9/2 17:00,7559.12,50.82,TRADE
NSW1,2012/9/2 17:30,7861.19,49.75,TRADE
NSW1,2012/9/2 18:00,8503.65,54.32,TRADE
NSW1,2012/9/2 18:30,9186.08,58.25,TRADE
NSW1,2012/9/2 19:00,9263.42,55.54,TRADE
NSW1,2012/9/2 19:30,9129.41,54.63,TRADE
NSW1,2012/9/2 20:00,9057,54.68,TRADE
NSW1,2012/9/2 20:30,9002.29,55.43,TRADE
NSW1,2012/9/2 21:00,8929.12,55.66,TRADE
NSW1,2012/9/2 21:30,8735.88,54.24,TRADE
NSW1,2012/9/2 22:00,8440.9,52.53,TRADE
NSW1,2012/9/2 22:30,8349.4,52.57,TRADE
NSW1,2012/9/2 23:00,8026.88,52.01,TRADE
NSW1,2012/9/2 23:30,8018.93,53.83,TRADE
NSW1,2012/9/3 0:00,7803.29,52.05,TRADE
NSW1,2012/9/3 0:30,7535.52,51.01,TRADE
NSW1,2012/9/3 1:00,7368.79,50.95,TRADE
NSW1,2012/9/3 1:30,7196.24,50.93,TRADE
NSW1,2012/9/3 2:00,7031.95,49.17,TRADE
NSW1,2012/9/3 2:30,6797.45,50.51,TRADE
NSW1,2012/9/3 3:00,6570.9,50.61,TRADE
NSW1,2012/9/3 3:30,6476.74,50.78,TRADE
NSW1,2012/9/3 4:00,6420.58,50.95,TRADE
NSW1,2012/9/3 4:30,6478,51.64,TRADE
NSW1,2012/9/3 5:00,6598.59,51.68,TRADE
NSW1,2012/9/3 5:30,6996.35,52.76,TRADE
NSW1,2012/9/3 6:00,7457.4,53.38,TRADE
NSW1,2012/9/3 6:30,8323.38,59.31,TRADE
NSW1,2012/9/3 7:00,9121.57,62.39,TRADE
NSW1,2012/9/3 7:30,9466.95,55.18,TRADE
NSW1,2012/9/3 8:00,9676.67,61.03,TRADE
NSW1,2012/9/3 8:30,9635.53,56.37,TRADE
NSW1,2012/9/3 9:00,9488.05,55.2,TRADE
NSW1,2012/9/3 9:30,9359.43,54.82,TRADE
NSW1,2012/9/3 10:00,9243.33,53.41,TRADE
NSW1,2012/9/3 10:30,9128.93,53.5,TRADE
NSW1,2012/9/3 11:00,8964.01,52.88,TRADE
NSW1,2012/9/3 11:30,8836.59,51.5,TRADE
NSW1,2012/9/3 12:00,8710.19,51.43,TRADE
NSW1,2012/9/3 12:30,8661.16,61.09,TRADE
NSW1,2012/9/3 13:00,8578.57,63.48,TRADE
NSW1,2012/9/3 13:30,8505.75,68.13,TRADE
NSW1,2012/9/3 14:00,8473.31,52.91,TRADE
NSW1,2012/9/3 14:30,8461.54,54.94,TRADE
NSW1,2012/9/3 15:00,8454.87,55.64,TRADE
NSW1,2012/9/3 15:30,8354.1,52.86,TRADE
NSW1,2012/9/3 16:00,8397.94,58.52,TRADE
NSW1,2012/9/3 16:30,8481.91,61.84,TRADE
NSW1,2012/9/3 17:00,8634.64,62.1,TRADE
NSW1,2012/9/3 17:30,8917.12,58.2,TRADE
NSW1,2012/9/3 18:00,9479.12,61.66,TRADE
NSW1,2012/9/3 18:30,10017.47,85.41,TRADE
NSW1,2012/9/3 19:00,9989.85,102.76,TRADE
NSW1,2012/9/3 19:30,9833.19,75.96,TRADE
NSW1,2012/9/3 20:00,9625.61,71.78,TRADE
NSW1,2012/9/3 20:30,9487.05,67.64,TRADE
NSW1,2012/9/3 21:00,9262.85,62.2,TRADE
NSW1,2012/9/3 21:30,9029.96,59.55,TRADE
NSW1,2012/9/3 22:00,8709.43,53.25,TRADE
NSW1,2012/9/3 22:30,8692.6,57.64,TRADE
NSW1,2012/9/3 23:00,8416.36,54.23,TRADE
NSW1,2012/9/3 23:30,8354.15,56.21,TRADE
NSW1,2012/9/4 0:00,8314.16,53.88,TRADE
NSW1,2012/9/4 0:30,8098.06,52.53,TRADE
NSW1,2012/9/4 1:00,7989.67,53.45,TRADE
NSW1,2012/9/4 1:30,7757.83,53.97,TRADE
NSW1,2012/9/4 2:00,7561.25,53.58,TRADE
NSW1,2012/9/4 2:30,7215.11,52.86,TRADE
NSW1,2012/9/4 3:00,6951.55,52.56,TRADE
NSW1,2012/9/4 3:30,6717.99,50.67,TRADE
NSW1,2012/9/4 4:00,6624.26,47.17,TRADE
NSW1,2012/9/4 4:30,6550.6,48.67,TRADE
NSW1,2012/9/4 5:00,6674.37,50.22,TRADE
NSW1,2012/9/4 5:30,6961.9,51.61,TRADE
NSW1,2012/9/4 6:00,7451.6,51.84,TRADE
NSW1,2012/9/4 6:30,8257.49,55.68,TRADE
NSW1,2012/9/4 7:00,8911.58,62.36,TRADE
NSW1,2012/9/4 7:30,9255.54,53.7,TRADE
NSW1,2012/9/4 8:00,9459.38,53.06,TRADE
NSW1,2012/9/4 8:30,9459.89,53.6,TRADE
NSW1,2012/9/4 9:00,9216.85,51.47,TRADE
NSW1,2012/9/4 9:30,9097.02,51.16,TRADE
NSW1,2012/9/4 10:00,8995.96,51.24,TRADE
NSW1,2012/9/4 10:30,8897.42,51.64,TRADE
NSW1,2012/9/4 11:00,8803.61,51.6,TRADE
NSW1,2012/9/4 11:30,8628.1,51.16,TRADE
NSW1,2012/9/4 12:00,8534.11,50.34,TRADE
NSW1,2012/9/4 12:30,8510.6,51.57,TRADE
NSW1,2012/9/4 13:00,8433.75,51.19,TRADE
NSW1,2012/9/4 13:30,8393.45,50.75,TRADE
NSW1,2012/9/4 14:00,8373.01,50.65,TRADE
NSW1,2012/9/4 14:30,8380.9,51.16,TRADE
NSW1,2012/9/4 15:00,8335.33,50.77,TRADE
NSW1,2012/9/4 15:30,8347.01,51.33,TRADE
NSW1,2012/9/4 16:00,8404.27,51.35,TRADE
NSW1,2012/9/4 16:30,8486.58,50.6,TRADE
NSW1,2012/9/4 17:00,8631.98,51.14,TRADE
NSW1,2012/9/4 17:30,8814.4,50.92,TRADE
NSW1,2012/9/4 18:00,9259.78,53.59,TRADE
NSW1,2012/9/4 18:30,9749.72,57.35,TRADE
NSW1,2012/9/4 19:00,9727.28,55.22,TRADE
NSW1,2012/9/4 19:30,9493.43,54.55,TRADE
NSW1,2012/9/4 20:00,9307.93,54.69,TRADE
NSW1,2012/9/4 20:30,9138.41,54.61,TRADE
NSW1,2012/9/4 21:00,8948.8,54.45,TRADE
NSW1,2012/9/4 21:30,8753.53,52.36,TRADE
NSW1,2012/9/4 22:00,8406.86,50.74,TRADE
NSW1,2012/9/4 22:30,8466.81,59.72,TRADE
NSW1,2012/9/4 23:00,8308.16,52.74,TRADE
NSW1,2012/9/4 23:30,8204.39,54.96,TRADE
NSW1,2012/9/5 0:00,8156.03,53.16,TRADE
NSW1,2012/9/5 0:30,7916.34,53.24,TRADE
NSW1,2012/9/5 1:00,7796.29,53.84,TRADE
NSW1,2012/9/5 1:30,7614.45,53.13,TRADE
NSW1,2012/9/5 2:00,7342.42,51.36,TRADE
NSW1,2012/9/5 2:30,7006.06,50.8,TRADE
NSW1,2012/9/5 3:00,6733.46,47.4,TRADE
NSW1,2012/9/5 3:30,6449.85,47.73,TRADE
NSW1,2012/9/5 4:00,6334.99,44.05,TRADE
NSW1,2012/9/5 4:30,6292.79,47.35,TRADE
NSW1,2012/9/5 5:00,6377.12,49.66,TRADE
NSW1,2012/9/5 5:30,6684.58,50.83,TRADE
NSW1,2012/9/5 6:00,7124.38,51.96,TRADE
NSW1,2012/9/5 6:30,7851.06,52.81,TRADE
NSW1,2012/9/5 7:00,8640.95,59.71,TRADE
NSW1,2012/9/5 7:30,8889.13,54.03,TRADE
NSW1,2012/9/5 8:00,8907.5,54.76,TRADE
NSW1,2012/9/5 8:30,8799.23,52.83,TRADE
NSW1,2012/9/5 9:00,8642.03,52.01,TRADE
NSW1,2012/9/5 9:30,8580.18,52.13,TRADE
NSW1,2012/9/5 10:00,8510.59,51.48,TRADE
NSW1,2012/9/5 10:30,8479.77,51.5,TRADE
NSW1,2012/9/5 11:00,8399.49,51.72,TRADE
NSW1,2012/9/5 11:30,8306.68,52.64,TRADE
NSW1,2012/9/5 12:00,8239.1,50.91,TRADE
NSW1,2012/9/5 12:30,8236.87,52.32,TRADE
NSW1,2012/9/5 13:00,8183.75,51.33,TRADE
NSW1,2012/9/5 13:30,8188.12,51.16,TRADE
NSW1,2012/9/5 14:00,8160.94,51.16,TRADE
NSW1,2012/9/5 14:30,8185.16,51,TRADE
NSW1,2012/9/5 15:00,8176.5,51.28,TRADE
NSW1,2012/9/5 15:30,8355.05,51.43,TRADE
NSW1,2012/9/5 16:00,8326.7,50.96,TRADE
NSW1,2012/9/5 16:30,8321.73,51.24,TRADE
NSW1,2012/9/5 17:00,8439.96,50.81,TRADE
NSW1,2012/9/5 17:30,8584.65,51.33,TRADE
NSW1,2012/9/5 18:00,8957.13,51.84,TRADE
NSW1,2012/9/5 18:30,9263.74,53.84,TRADE
NSW1,2012/9/5 19:00,9167.49,54.2,TRADE
NSW1,2012/9/5 19:30,8890.72,51.81,TRADE
NSW1,2012/9/5 20:00,8651.43,52.25,TRADE
NSW1,2012/9/5 20:30,8472.79,52.21,TRADE
NSW1,2012/9/5 21:00,8253.3,51.41,TRADE
NSW1,2012/9/5 21:30,8048.58,51.29,TRADE
NSW1,2012/9/5 22:00,7849.59,51.13,TRADE
NSW1,2012/9/5 22:30,8019.82,59.61,TRADE
NSW1,2012/9/5 23:00,7819.31,53.38,TRADE
NSW1,2012/9/5 23:30,7776.94,57.39,TRADE
NSW1,2012/9/6 0:00,7631.41,52.61,TRADE
NSW1,2012/9/6 0:30,7433.02,52.13,TRADE
NSW1,2012/9/6 1:00,7242.9,51.04,TRADE
NSW1,2012/9/6 1:30,7074.91,50.96,TRADE
NSW1,2012/9/6 2:00,6859.07,50.84,TRADE
NSW1,2012/9/6 2:30,6540.7,48.7,TRADE
NSW1,2012/9/6 3:00,6261.83,50.66,TRADE
NSW1,2012/9/6 3:30,6070.83,47.31,TRADE
NSW1,2012/9/6 4:00,5978.28,42.96,TRADE
NSW1,2012/9/6 4:30,5959.91,42.67,TRADE
NSW1,2012/9/6 5:00,6035.35,46.37,TRADE
NSW1,2012/9/6 5:30,6309.07,49.22,TRADE
NSW1,2012/9/6 6:00,6673.82,50.58,TRADE
NSW1,2012/9/6 6:30,7317.38,51.59,TRADE
NSW1,2012/9/6 7:00,7897.27,54.04,TRADE
NSW1,2012/9/6 7:30,8117.48,52.24,TRADE
NSW1,2012/9/6 8:00,8297.06,52.54,TRADE
NSW1,2012/9/6 8:30,8347.85,51.21,TRADE
NSW1,2012/9/6 9:00,8303.15,51.31,TRADE
NSW1,2012/9/6 9:30,8369,51.65,TRADE
NSW1,2012/9/6 10:00,8426.18,51.34,TRADE
NSW1,2012/9/6 10:30,8421.36,51.24,TRADE
NSW1,2012/9/6 11:00,8397.7,50.71,TRADE
NSW1,2012/9/6 11:30,8331.86,51.16,TRADE
NSW1,2012/9/6 12:00,8326.24,50.66,TRADE
NSW1,2012/9/6 12:30,8340.59,51.24,TRADE
NSW1,2012/9/6 13:00,8302.07,51.16,TRADE
NSW1,2012/9/6 13:30,8314.26,50.83,TRADE
NSW1,2012/9/6 14:00,8293.43,51.15,TRADE
NSW1,2012/9/6 14:30,8305.41,51.16,TRADE
NSW1,2012/9/6 15:00,8319.6,51.26,TRADE
NSW1,2012/9/6 15:30,8278,50.88,TRADE
NSW1,2012/9/6 16:00,8337.38,50.78,TRADE
NSW1,2012/9/6 16:30,8388.63,51.14,TRADE
NSW1,2012/9/6 17:00,8471.56,50.46,TRADE
NSW1,2012/9/6 17:30,8533.96,51.26,TRADE
NSW1,2012/9/6 18:00,8875.25,52.23,TRADE
NSW1,2012/9/6 18:30,9205.33,52.77,TRADE
NSW1,2012/9/6 19:00,9162.64,52.38,TRADE
NSW1,2012/9/6 19:30,8920.06,50.94,TRADE
NSW1,2012/9/6 20:00,8709.01,51.41,TRADE
NSW1,2012/9/6 20:30,8585.5,51.31,TRADE
NSW1,2012/9/6 21:00,8347.34,50.37,TRADE
NSW1,2012/9/6 21:30,8088.73,50.7,TRADE
NSW1,2012/9/6 22:00,7823.86,48.14,TRADE
NSW1,2012/9/6 22:30,7961.86,52.93,TRADE
NSW1,2012/9/6 23:00,7782.98,51.07,TRADE
NSW1,2012/9/6 23:30,7730.91,52.45,TRADE
NSW1,2012/9/7 0:00,7648.96,51.45,TRADE
NSW1,2012/9/7 0:30,7443.89,50.65,TRADE
NSW1,2012/9/7 1:00,7281.14,50.62,TRADE
NSW1,2012/9/7 1:30,7119.56,50.96,TRADE
NSW1,2012/9/7 2:00,6910.77,50.88,TRADE
NSW1,2012/9/7 2:30,6590.82,49.79,TRADE
NSW1,2012/9/7 3:00,6329.2,49.4,TRADE
NSW1,2012/9/7 3:30,6149.45,42.63,TRADE
NSW1,2012/9/7 4:00,5999.42,40.83,TRADE
NSW1,2012/9/7 4:30,5995.11,40.95,TRADE
NSW1,2012/9/7 5:00,6064.05,45.46,TRADE
NSW1,2012/9/7 5:30,6294.05,49.64,TRADE
NSW1,2012/9/7 6:00,6681.66,51.04,TRADE
NSW1,2012/9/7 6:30,7313.51,51.12,TRADE
NSW1,2012/9/7 7:00,7906.2,52.18,TRADE
NSW1,2012/9/7 7:30,8154.66,50.1,TRADE
NSW1,2012/9/7 8:00,8437.23,51.86,TRADE
NSW1,2012/9/7 8:30,8574.69,51.33,TRADE
NSW1,2012/9/7 9:00,8527.87,51.24,TRADE
NSW1,2012/9/7 9:30,8542.79,51.08,TRADE
NSW1,2012/9/7 10:00,8550.54,50.94,TRADE
NSW1,2012/9/7 10:30,8528.7,49.4,TRADE
NSW1,2012/9/7 11:00,8523.71,50.57,TRADE
NSW1,2012/9/7 11:30,8448.08,51.22,TRADE
NSW1,2012/9/7 12:00,8450.58,51.04,TRADE
NSW1,2012/9/7 12:30,8460.39,51.33,TRADE
NSW1,2012/9/7 13:00,8420.68,51.06,TRADE
NSW1,2012/9/7 13:30,8336.73,51.13,TRADE
NSW1,2012/9/7 14:00,8306.06,51.11,TRADE
NSW1,2012/9/7 14:30,8235.49,51.11,TRADE
NSW1,2012/9/7 15:00,8253.36,50.97,TRADE
NSW1,2012/9/7 15:30,8255.16,51.25,TRADE
NSW1,2012/9/7 16:00,8313.01,51.5,TRADE
NSW1,2012/9/7 16:30,8387.79,52.93,TRADE
NSW1,2012/9/7 17:00,8491.06,52.6,TRADE
NSW1,2012/9/7 17:30,8666.47,51.35,TRADE
NSW1,2012/9/7 18:00,8972.33,53.52,TRADE
NSW1,2012/9/7 18:30,9280.25,54.11,TRADE
NSW1,2012/9/7 19:00,9226.62,54.66,TRADE
NSW1,2012/9/7 19:30,8954.71,51.57,TRADE
NSW1,2012/9/7 20:00,8772.53,52.14,TRADE
NSW1,2012/9/7 20:30,8756.46,51.61,TRADE
NSW1,2012/9/7 21:00,8563.18,50.73,TRADE
NSW1,2012/9/7 21:30,8373.14,50.97,TRADE
NSW1,2012/9/7 22:00,8179.49,51.04,TRADE
NSW1,2012/9/7 22:30,8284.47,55.04,TRADE
NSW1,2012/9/7 23:00,8138.61,53.16,TRADE
NSW1,2012/9/7 23:30,8125.15,55.72,TRADE
NSW1,2012/9/8 0:00,8079.82,55.24,TRADE
NSW1,2012/9/8 0:30,7850.59,54.31,TRADE
NSW1,2012/9/8 1:00,7685.66,52.27,TRADE
NSW1,2012/9/8 1:30,7409.33,52.27,TRADE
NSW1,2012/9/8 2:00,7167.3,49.52,TRADE
NSW1,2012/9/8 2:30,6805.74,50.58,TRADE
NSW1,2012/9/8 3:00,6498.58,50.39,TRADE
NSW1,2012/9/8 3:30,6277.92,49.05,TRADE
NSW1,2012/9/8 4:00,6160.05,43.18,TRADE
NSW1,2012/9/8 4:30,6058.76,39.72,TRADE
NSW1,2012/9/8 5:00,6031.9,39.09,TRADE
NSW1,2012/9/8 5:30,6114.18,40.53,TRADE
NSW1,2012/9/8 6:00,6284.45,39.75,TRADE
NSW1,2012/9/8 6:30,6532.21,43.29,TRADE
NSW1,2012/9/8 7:00,7087.83,48.49,TRADE
NSW1,2012/9/8 7:30,7090.5,47.37,TRADE
NSW1,2012/9/8 8:00,7514.63,52.1,TRADE
NSW1,2012/9/8 8:30,7781.77,51.16,TRADE
NSW1,2012/9/8 9:00,7970.39,51.2,TRADE
NSW1,2012/9/8 9:30,8103,51.25,TRADE
NSW1,2012/9/8 10:00,8067.24,50.92,TRADE
NSW1,2012/9/8 10:30,7995.49,51.72,TRADE
NSW1,2012/9/8 11:00,7816.01,50.58,TRADE
NSW1,2012/9/8 11:30,7692.85,48.04,TRADE
NSW1,2012/9/8 12:00,7568.88,46.34,TRADE
NSW1,2012/9/8 12:30,7431.11,45.33,TRADE
NSW1,2012/9/8 13:00,7382.42,43.96,TRADE
NSW1,2012/9/8 13:30,7330.43,46.21,TRADE
NSW1,2012/9/8 14:00,7292.37,47.09,TRADE
NSW1,2012/9/8 14:30,7181.9,48.12,TRADE
NSW1,2012/9/8 15:00,7185.73,48.2,TRADE
NSW1,2012/9/8 15:30,7229.39,48.18,TRADE
NSW1,2012/9/8 16:00,7318.88,48.55,TRADE
NSW1,2012/9/8 16:30,7440.25,48.6,TRADE
NSW1,2012/9/8 17:00,7609.85,49.9,TRADE
NSW1,2012/9/8 17:30,7773.61,49.69,TRADE
NSW1,2012/9/8 18:00,8240.19,54.17,TRADE
NSW1,2012/9/8 18:30,8680.62,63.19,TRADE
NSW1,2012/9/8 19:00,8724.54,58.07,TRADE
NSW1,2012/9/8 19:30,8511.4,54.68,TRADE
NSW1,2012/9/8 20:00,8290.73,54.54,TRADE
NSW1,2012/9/8 20:30,8194.94,53.74,TRADE
NSW1,2012/9/8 21:00,8066.87,53.12,TRADE
NSW1,2012/9/8 21:30,7865.82,52.68,TRADE
NSW1,2012/9/8 22:00,7738.23,51.4,TRADE
NSW1,2012/9/8 22:30,7774.79,55.01,TRADE
NSW1,2012/9/8 23:00,7671.61,55.52,TRADE
NSW1,2012/9/8 23:30,7597.11,56.26,TRADE
NSW1,2012/9/9 0:00,7312.25,54.29,TRADE
NSW1,2012/9/9 0:30,6882.74,52.62,TRADE
NSW1,2012/9/9 1:00,6975.52,53.97,TRADE
NSW1,2012/9/9 1:30,6865.31,52.3,TRADE
NSW1,2012/9/9 2:00,6640.2,51.5,TRADE
NSW1,2012/9/9 2:30,6336,51.7,TRADE
NSW1,2012/9/9 3:00,6133.62,51.03,TRADE
NSW1,2012/9/9 3:30,6011.46,51.14,TRADE
NSW1,2012/9/9 4:00,5913.04,51.19,TRADE
NSW1,2012/9/9 4:30,5883.97,51.68,TRADE
NSW1,2012/9/9 5:00,5916.02,51.29,TRADE
NSW1,2012/9/9 5:30,6004.56,52.78,TRADE
NSW1,2012/9/9 6:00,6078.16,51,TRADE
NSW1,2012/9/9 6:30,6254.21,48.79,TRADE
NSW1,2012/9/9 7:00,6475.37,50.27,TRADE
NSW1,2012/9/9 7:30,6779.4,49.9,TRADE
NSW1,2012/9/9 8:00,7065.07,51,TRADE
NSW1,2012/9/9 8:30,7342.04,51.2,TRADE
NSW1,2012/9/9 9:00,7520.65,51.08,TRADE
NSW1,2012/9/9 9:30,7651.65,51.18,TRADE
NSW1,2012/9/9 10:00,7696.4,51.33,TRADE
NSW1,2012/9/9 10:30,7660.54,51.24,TRADE
NSW1,2012/9/9 11:00,7577.05,50.55,TRADE
NSW1,2012/9/9 11:30,7437.74,50.64,TRADE
NSW1,2012/9/9 12:00,7372,50.04,TRADE
NSW1,2012/9/9 12:30,7278.83,48.5,TRADE
NSW1,2012/9/9 13:00,7271.13,48.18,TRADE
NSW1,2012/9/9 13:30,7138.67,48.56,TRADE
NSW1,2012/9/9 14:00,7075.02,48.55,TRADE
NSW1,2012/9/9 14:30,7061.28,49.47,TRADE
NSW1,2012/9/9 15:00,7009.21,49.55,TRADE
NSW1,2012/9/9 15:30,7044.03,50.79,TRADE
NSW1,2012/9/9 16:00,7123.89,51.04,TRADE
NSW1,2012/9/9 16:30,7266.21,49.77,TRADE
NSW1,2012/9/9 17:00,7464.71,51.99,TRADE
NSW1,2012/9/9 17:30,7629.53,51.64,TRADE
NSW1,2012/9/9 18:00,8142.21,54.24,TRADE
NSW1,2012/9/9 18:30,8767.29,63.63,TRADE
NSW1,2012/9/9 19:00,8852.08,61.09,TRADE
NSW1,2012/9/9 19:30,8701.94,56.58,TRADE
NSW1,2012/9/9 20:00,8534.73,55.01,TRADE
NSW1,2012/9/9 20:30,8468.04,54.85,TRADE
NSW1,2012/9/9 21:00,8331.04,54.34,TRADE
NSW1,2012/9/9 21:30,8019.18,53.48,TRADE
NSW1,2012/9/9 22:00,7854.58,52.65,TRADE
NSW1,2012/9/9 22:30,7792.98,55.24,TRADE
NSW1,2012/9/9 23:00,7589.53,54.95,TRADE
NSW1,2012/9/9 23:30,7550.54,55.59,TRADE
NSW1,2012/9/10 0:00,7430.77,54.8,TRADE
NSW1,2012/9/10 0:30,7227.75,53.82,TRADE
NSW1,2012/9/10 1:00,7104.11,53.87,TRADE
NSW1,2012/9/10 1:30,6903.63,53.49,TRADE
NSW1,2012/9/10 2:00,6790.1,54.02,TRADE
NSW1,2012/9/10 2:30,6565.25,54.04,TRADE
NSW1,2012/9/10 3:00,6364.64,52.57,TRADE
NSW1,2012/9/10 3:30,6228.58,52.03,TRADE
NSW1,2012/9/10 4:00,6213.21,50.91,TRADE
NSW1,2012/9/10 4:30,6254.8,54.2,TRADE
NSW1,2012/9/10 5:00,6364.49,54.09,TRADE
NSW1,2012/9/10 5:30,6702.51,55.31,TRADE
NSW1,2012/9/10 6:00,7087.2,54.95,TRADE
NSW1,2012/9/10 6:30,7850.71,56.24,TRADE
NSW1,2012/9/10 7:00,8537.98,61.1,TRADE
NSW1,2012/9/10 7:30,8734.09,54.17,TRADE
NSW1,2012/9/10 8:00,8929.91,56.88,TRADE
NSW1,2012/9/10 8:30,8912.92,56.28,TRADE
NSW1,2012/9/10 9:00,8787.97,54.8,TRADE
NSW1,2012/9/10 9:30,8758.3,54.68,TRADE
NSW1,2012/9/10 10:00,8705.61,54.57,TRADE
NSW1,2012/9/10 10:30,8693.77,54.47,TRADE
NSW1,2012/9/10 11:00,8632.62,54.37,TRADE
NSW1,2012/9/10 11:30,8554.78,54.36,TRADE
NSW1,2012/9/10 12:00,8465.02,54.64,TRADE
NSW1,2012/9/10 12:30,8437.44,54.72,TRADE
NSW1,2012/9/10 13:00,8340.02,53.95,TRADE
NSW1,2012/9/10 13:30,8366.81,54.66,TRADE
NSW1,2012/9/10 14:00,8360.61,54.04,TRADE
NSW1,2012/9/10 14:30,8346.3,52.86,TRADE
NSW1,2012/9/10 15:00,8326.98,52.39,TRADE
NSW1,2012/9/10 15:30,8276.37,52.19,TRADE
NSW1,2012/9/10 16:00,8383.06,53.04,TRADE
NSW1,2012/9/10 16:30,8392.18,54.78,TRADE
NSW1,2012/9/10 17:00,8504.11,54.37,TRADE
NSW1,2012/9/10 17:30,8636.88,51.43,TRADE
NSW1,2012/9/10 18:00,9028.54,56.21,TRADE
NSW1,2012/9/10 18:30,9430.58,60.56,TRADE
NSW1,2012/9/10 19:00,9386.78,64.16,TRADE
NSW1,2012/9/10 19:30,9156.92,55.62,TRADE
NSW1,2012/9/10 20:00,8958.46,55.32,TRADE
NSW1,2012/9/10 20:30,8767.35,58.94,TRADE
NSW1,2012/9/10 21:00,8626.13,54.93,TRADE
NSW1,2012/9/10 21:30,8376.64,53.46,TRADE
NSW1,2012/9/10 22:00,8164.36,52.12,TRADE
NSW1,2012/9/10 22:30,8223.16,59.05,TRADE
NSW1,2012/9/10 23:00,8051.4,53.19,TRADE
NSW1,2012/9/10 23:30,8021.55,53.89,TRADE
NSW1,2012/9/11 0:00,7959.33,53.57,TRADE
NSW1,2012/9/11 0:30,7751.47,54.54,TRADE
NSW1,2012/9/11 1:00,7645.12,54.93,TRADE
NSW1,2012/9/11 1:30,7458.75,54.15,TRADE
NSW1,2012/9/11 2:00,7248.12,54.52,TRADE
NSW1,2012/9/11 2:30,6944.06,53.94,TRADE
NSW1,2012/9/11 3:00,6692.68,52.8,TRADE
NSW1,2012/9/11 3:30,6403.7,51.39,TRADE
NSW1,2012/9/11 4:00,6270.14,51.08,TRADE
NSW1,2012/9/11 4:30,6251.6,52.24,TRADE
NSW1,2012/9/11 5:00,6343.3,54.56,TRADE
NSW1,2012/9/11 5:30,6669.37,55.03,TRADE
NSW1,2012/9/11 6:00,7070.99,55.68,TRADE
NSW1,2012/9/11 6:30,7757.8,59.88,TRADE
NSW1,2012/9/11 7:00,8348.15,61.93,TRADE
NSW1,2012/9/11 7:30,8562.64,53.09,TRADE
NSW1,2012/9/11 8:00,8801.78,51.92,TRADE
NSW1,2012/9/11 8:30,8784.23,53.35,TRADE
NSW1,2012/9/11 9:00,8590.22,48.41,TRADE
NSW1,2012/9/11 9:30,8597.1,51.42,TRADE
NSW1,2012/9/11 10:00,8581.01,51.58,TRADE
NSW1,2012/9/11 10:30,8580.9,51.32,TRADE
NSW1,2012/9/11 11:00,8526.22,51.5,TRADE
NSW1,2012/9/11 11:30,8487.36,50.83,TRADE
NSW1,2012/9/11 12:00,8446.05,51.16,TRADE
NSW1,2012/9/11 12:30,8405.49,51.68,TRADE
NSW1,2012/9/11 13:00,8386.21,52.53,TRADE
NSW1,2012/9/11 13:30,8323.18,51.58,TRADE
NSW1,2012/9/11 14:00,8358.41,53.37,TRADE
NSW1,2012/9/11 14:30,8393.49,52.14,TRADE
NSW1,2012/9/11 15:00,8350.57,52.68,TRADE
NSW1,2012/9/11 15:30,8290.79,58.71,TRADE
NSW1,2012/9/11 16:00,8409.77,57.03,TRADE
NSW1,2012/9/11 16:30,8438.44,56.59,TRADE
NSW1,2012/9/11 17:00,8574.56,58.21,TRADE
NSW1,2012/9/11 17:30,8696.5,56,TRADE
NSW1,2012/9/11 18:00,8976.96,56.54,TRADE
NSW1,2012/9/11 18:30,9345.04,65.47,TRADE
NSW1,2012/9/11 19:00,9386.36,70.66,TRADE
NSW1,2012/9/11 19:30,9144.41,58.47,TRADE
NSW1,2012/9/11 20:00,8924.19,56.98,TRADE
NSW1,2012/9/11 20:30,8782.76,56.12,TRADE
NSW1,2012/9/11 21:00,8564.29,54.87,TRADE
NSW1,2012/9/11 21:30,8358.73,52.62,TRADE
NSW1,2012/9/11 22:00,8061.64,50.28,TRADE
NSW1,2012/9/11 22:30,8180.95,63.45,TRADE
NSW1,2012/9/11 23:00,8005.26,54.87,TRADE
NSW1,2012/9/11 23:30,7929.04,57.05,TRADE
NSW1,2012/9/12 0:00,7922.03,57.18,TRADE
NSW1,2012/9/12 0:30,7723.14,55.02,TRADE
NSW1,2012/9/12 1:00,7549.62,54.6,TRADE
NSW1,2012/9/12 1:30,7388.43,52.25,TRADE
NSW1,2012/9/12 2:00,7141.63,52.75,TRADE
NSW1,2012/9/12 2:30,6793.33,50.48,TRADE
NSW1,2012/9/12 3:00,6537.86,51.24,TRADE
NSW1,2012/9/12 3:30,6332.78,50.41,TRADE
NSW1,2012/9/12 4:00,6250.89,50.92,TRADE
NSW1,2012/9/12 4:30,6288.11,50.22,TRADE
NSW1,2012/9/12 5:00,6344.77,51.5,TRADE
NSW1,2012/9/12 5:30,6589.6,54.2,TRADE
NSW1,2012/9/12 6:00,6985.49,50.34,TRADE
NSW1,2012/9/12 6:30,7679.35,52.84,TRADE
NSW1,2012/9/12 7:00,8331.16,54.13,TRADE
NSW1,2012/9/12 7:30,8501.38,45.78,TRADE
NSW1,2012/9/12 8:00,8728.43,51.4,TRADE
NSW1,2012/9/12 8:30,8790.22,52.63,TRADE
NSW1,2012/9/12 9:00,8715.01,51.39,TRADE
NSW1,2012/9/12 9:30,8699.13,52.33,TRADE
NSW1,2012/9/12 10:00,8670.6,50.66,TRADE
NSW1,2012/9/12 10:30,8597.31,50.75,TRADE
NSW1,2012/9/12 11:00,8521.2,51.3,TRADE
NSW1,2012/9/12 11:30,8367.25,51.38,TRADE
NSW1,2012/9/12 12:00,8346.8,51.72,TRADE
NSW1,2012/9/12 12:30,8292.95,51.52,TRADE
NSW1,2012/9/12 13:00,8243.79,50.92,TRADE
NSW1,2012/9/12 13:30,8243.86,51.49,TRADE
NSW1,2012/9/12 14:00,8259.07,53.05,TRADE
NSW1,2012/9/12 14:30,8300.3,53.64,TRADE
NSW1,2012/9/12 15:00,8285.89,51.93,TRADE
NSW1,2012/9/12 15:30,8254.45,51.55,TRADE
NSW1,2012/9/12 16:00,8248.49,52.72,TRADE
NSW1,2012/9/12 16:30,8324.98,52.15,TRADE
NSW1,2012/9/12 17:00,8455.56,53.68,TRADE
NSW1,2012/9/12 17:30,8559.37,51.68,TRADE
NSW1,2012/9/12 18:00,8861.77,53.01,TRADE
NSW1,2012/9/12 18:30,9198.45,56.7,TRADE
NSW1,2012/9/12 19:00,9218.51,56.29,TRADE
NSW1,2012/9/12 19:30,8938.84,54.34,TRADE
NSW1,2012/9/12 20:00,8750.16,52.66,TRADE
NSW1,2012/9/12 20:30,8589.29,51.43,TRADE
NSW1,2012/9/12 21:00,8399.5,50.43,TRADE
NSW1,2012/9/12 21:30,8231.3,50.55,TRADE
NSW1,2012/9/12 22:00,7986.12,48.37,TRADE
NSW1,2012/9/12 22:30,8077.55,57.22,TRADE
NSW1,2012/9/12 23:00,7941.37,54.66,TRADE
NSW1,2012/9/12 23:30,7891.3,55.61,TRADE
NSW1,2012/9/13 0:00,7802.28,54.62,TRADE
NSW1,2012/9/13 0:30,7629.83,54.41,TRADE
NSW1,2012/9/13 1:00,7449.99,52.74,TRADE
NSW1,2012/9/13 1:30,7260.29,54.14,TRADE
NSW1,2012/9/13 2:00,7020.43,54.41,TRADE
NSW1,2012/9/13 2:30,6668.9,52.25,TRADE
NSW1,2012/9/13 3:00,6384.18,51.22,TRADE
NSW1,2012/9/13 3:30,6200.1,50.64,TRADE
NSW1,2012/9/13 4:00,6081.74,50.14,TRADE
NSW1,2012/9/13 4:30,6115.62,51.19,TRADE
NSW1,2012/9/13 5:00,6216.83,50.44,TRADE
NSW1,2012/9/13 5:30,6479.4,51.98,TRADE
NSW1,2012/9/13 6:00,6861.85,49.95,TRADE
NSW1,2012/9/13 6:30,7503.72,56.16,TRADE
NSW1,2012/9/13 7:00,8143.36,57.44,TRADE
NSW1,2012/9/13 7:30,8383.35,52.96,TRADE
NSW1,2012/9/13 8:00,8648.04,55.71,TRADE
NSW1,2012/9/13 8:30,8691.33,55.12,TRADE
NSW1,2012/9/13 9:00,8591.41,54.47,TRADE
NSW1,2012/9/13 9:30,8616.96,53.27,TRADE
NSW1,2012/9/13 10:00,8646.01,54.76,TRADE
NSW1,2012/9/13 10:30,8728.13,55.27,TRADE
NSW1,2012/9/13 11:00,8728.6,55.11,TRADE
NSW1,2012/9/13 11:30,8671.82,55.05,TRADE
NSW1,2012/9/13 12:00,8646.14,55.02,TRADE
NSW1,2012/9/13 12:30,8603.26,54.98,TRADE
NSW1,2012/9/13 13:00,8551.56,53.76,TRADE
NSW1,2012/9/13 13:30,8512.83,54.36,TRADE
NSW1,2012/9/13 14:00,8518.71,54.75,TRADE
NSW1,2012/9/13 14:30,8482.74,54.57,TRADE
NSW1,2012/9/13 15:00,8484.54,53.71,TRADE
NSW1,2012/9/13 15:30,8499.04,54.35,TRADE
NSW1,2012/9/13 16:00,8746.04,54.89,TRADE
NSW1,2012/9/13 16:30,8972.32,54.96,TRADE
NSW1,2012/9/13 17:00,9061.88,55.16,TRADE
NSW1,2012/9/13 17:30,9204.07,52.06,TRADE
NSW1,2012/9/13 18:00,9616.85,55.85,TRADE
NSW1,2012/9/13 18:30,9974.88,62.27,TRADE
NSW1,2012/9/13 19:00,9987.44,65.81,TRADE
NSW1,2012/9/13 19:30,9730.36,56.68,TRADE
NSW1,2012/9/13 20:00,9589.49,55.6,TRADE
NSW1,2012/9/13 20:30,9437.37,57.5,TRADE
NSW1,2012/9/13 21:00,9219.41,64.03,TRADE
NSW1,2012/9/13 21:30,8929.62,56.53,TRADE
NSW1,2012/9/13 22:00,8602.25,53.48,TRADE
NSW1,2012/9/13 22:30,8660.38,58.03,TRADE
NSW1,2012/9/13 23:00,8410.49,55.42,TRADE
NSW1,2012/9/13 23:30,8352.85,57.1,TRADE
NSW1,2012/9/14 0:00,8233.56,54.5,TRADE
NSW1,2012/9/14 0:30,8055.23,55.05,TRADE
NSW1,2012/9/14 1:00,7564.41,54.49,TRADE
NSW1,2012/9/14 1:30,7394.99,54.96,TRADE
NSW1,2012/9/14 2:00,7353.82,54.54,TRADE
NSW1,2012/9/14 2:30,7102.26,54.75,TRADE
NSW1,2012/9/14 3:00,6797.2,54.53,TRADE
NSW1,2012/9/14 3:30,6596.5,52.32,TRADE
NSW1,2012/9/14 4:00,6498.45,52.38,TRADE
NSW1,2012/9/14 4:30,6449.8,53.7,TRADE
NSW1,2012/9/14 5:00,6545.79,54.85,TRADE
NSW1,2012/9/14 5:30,6872.44,55.52,TRADE
NSW1,2012/9/14 6:00,7303.51,54.77,TRADE
NSW1,2012/9/14 6:30,8135.12,58.65,TRADE
NSW1,2012/9/14 7:00,8792.78,62.27,TRADE
NSW1,2012/9/14 7:30,8957.58,56.38,TRADE
NSW1,2012/9/14 8:00,9152.77,60.71,TRADE
NSW1,2012/9/14 8:30,9149.35,59.56,TRADE
NSW1,2012/9/14 9:00,9015.32,56.53,TRADE
NSW1,2012/9/14 9:30,8936.58,55.48,TRADE
NSW1,2012/9/14 10:00,8849.76,55.11,TRADE
NSW1,2012/9/14 10:30,8744.14,54.85,TRADE
NSW1,2012/9/14 11:00,8630.43,54.83,TRADE
NSW1,2012/9/14 11:30,8499.37,53.14,TRADE
NSW1,2012/9/14 12:00,8436.32,53.62,TRADE
NSW1,2012/9/14 12:30,8313.49,52.68,TRADE
NSW1,2012/9/14 13:00,8210.26,52.37,TRADE
NSW1,2012/9/14 13:30,8080.66,51.91,TRADE
NSW1,2012/9/14 14:00,8039.72,51.59,TRADE
NSW1,2012/9/14 14:30,7990.54,51.48,TRADE
NSW1,2012/9/14 15:00,7916.71,51.39,TRADE
NSW1,2012/9/14 15:30,7920.58,52.39,TRADE
NSW1,2012/9/14 16:00,8001.68,52.03,TRADE
NSW1,2012/9/14 16:30,8088.34,52.53,TRADE
NSW1,2012/9/14 17:00,8248.27,54.73,TRADE
NSW1,2012/9/14 17:30,8407.24,51.7,TRADE
NSW1,2012/9/14 18:00,8809.59,54.61,TRADE
NSW1,2012/9/14 18:30,9299.79,57.66,TRADE
NSW1,2012/9/14 19:00,9320.27,57.38,TRADE
NSW1,2012/9/14 19:30,9188.94,55.91,TRADE
NSW1,2012/9/14 20:00,9124.78,55.24,TRADE
NSW1,2012/9/14 20:30,9037.67,54.95,TRADE
NSW1,2012/9/14 21:00,8927.32,55.02,TRADE
NSW1,2012/9/14 21:30,8752.22,54.65,TRADE
NSW1,2012/9/14 22:00,8487.36,52.55,TRADE
NSW1,2012/9/14 22:30,8633.67,59.41,TRADE
NSW1,2012/9/14 23:00,8515.69,55.48,TRADE
NSW1,2012/9/14 23:30,8485.8,58.1,TRADE
NSW1,2012/9/15 0:00,8363.52,57.01,TRADE
NSW1,2012/9/15 0:30,8160.71,57.5,TRADE
NSW1,2012/9/15 1:00,7943.66,55.02,TRADE
NSW1,2012/9/15 1:30,7687.68,54.86,TRADE
NSW1,2012/9/15 2:00,7406.87,54.92,TRADE
NSW1,2012/9/15 2:30,7032.89,53.98,TRADE
NSW1,2012/9/15 3:00,6764.1,54.32,TRADE
NSW1,2012/9/15 3:30,6530.94,53.42,TRADE
NSW1,2012/9/15 4:00,6398.87,52.87,TRADE
NSW1,2012/9/15 4:30,6320.09,52.45,TRADE
NSW1,2012/9/15 5:00,6299.43,51.44,TRADE
NSW1,2012/9/15 5:30,6408.89,54.51,TRADE
NSW1,2012/9/15 6:00,6552.75,51.12,TRADE
NSW1,2012/9/15 6:30,6772.53,51.93,TRADE
NSW1,2012/9/15 7:00,7146.21,52.07,TRADE
NSW1,2012/9/15 7:30,7375.75,51.89,TRADE
NSW1,2012/9/15 8:00,7755.1,54.31,TRADE
NSW1,2012/9/15 8:30,8014.97,55.13,TRADE
NSW1,2012/9/15 9:00,8160.91,55.15,TRADE
NSW1,2012/9/15 9:30,8330.76,55.45,TRADE
NSW1,2012/9/15 10:00,8150.49,54.84,TRADE
NSW1,2012/9/15 10:30,8105.36,54.91,TRADE
NSW1,2012/9/15 11:00,8026.8,54.88,TRADE
NSW1,2012/9/15 11:30,7871.13,54.72,TRADE
NSW1,2012/9/15 12:00,7768.5,54.62,TRADE
NSW1,2012/9/15 12:30,7614.13,54.19,TRADE
NSW1,2012/9/15 13:00,7516.7,51.74,TRADE
NSW1,2012/9/15 13:30,7406.35,52.86,TRADE
NSW1,2012/9/15 14:00,7374.04,51.87,TRADE
NSW1,2012/9/15 14:30,7308.34,51.36,TRADE
NSW1,2012/9/15 15:00,7322.44,51.74,TRADE
NSW1,2012/9/15 15:30,7315.86,51.79,TRADE
NSW1,2012/9/15 16:00,7394.07,52,TRADE
NSW1,2012/9/15 16:30,7488.38,52.9,TRADE
NSW1,2012/9/15 17:00,7678.54,55.61,TRADE
NSW1,2012/9/15 17:30,7796.66,54.09,TRADE
NSW1,2012/9/15 18:00,8241.41,57.67,TRADE
NSW1,2012/9/15 18:30,8766.35,64.06,TRADE
NSW1,2012/9/15 19:00,8835.44,66.83,TRADE
NSW1,2012/9/15 19:30,8605.1,59.68,TRADE
NSW1,2012/9/15 20:00,8447.87,55.61,TRADE
NSW1,2012/9/15 20:30,8333.23,55.45,TRADE
NSW1,2012/9/15 21:00,8273.55,55.25,TRADE
NSW1,2012/9/15 21:30,8108.2,55.01,TRADE
NSW1,2012/9/15 22:00,7980.3,54.52,TRADE
NSW1,2012/9/15 22:30,8002.65,55.47,TRADE
NSW1,2012/9/15 23:00,7870.84,55.1,TRADE
NSW1,2012/9/15 23:30,7869.07,59.76,TRADE
NSW1,2012/9/16 0:00,7623.25,57.91,TRADE
NSW1,2012/9/16 0:30,7440.11,55.31,TRADE
NSW1,2012/9/16 1:00,7286.45,55.02,TRADE
NSW1,2012/9/16 1:30,7044.34,54.96,TRADE
NSW1,2012/9/16 2:00,6858.98,53.83,TRADE
NSW1,2012/9/16 2:30,6575.18,52.99,TRADE
NSW1,2012/9/16 3:00,6360.17,52.12,TRADE
NSW1,2012/9/16 3:30,6189.25,51.08,TRADE
NSW1,2012/9/16 4:00,6152.74,51.01,TRADE
NSW1,2012/9/16 4:30,6080.29,51.78,TRADE
NSW1,2012/9/16 5:00,6107.17,52.48,TRADE
NSW1,2012/9/16 5:30,6186.64,52.97,TRADE
NSW1,2012/9/16 6:00,6263.99,51.17,TRADE
NSW1,2012/9/16 6:30,6375.37,51.07,TRADE
NSW1,2012/9/16 7:00,6582.2,51.04,TRADE
NSW1,2012/9/16 7:30,6816.8,49.44,TRADE
NSW1,2012/9/16 8:00,7060.71,51.09,TRADE
NSW1,2012/9/16 8:30,7323.75,52.02,TRADE
NSW1,2012/9/16 9:00,7552.14,52.55,TRADE
NSW1,2012/9/16 9:30,7650.91,54.23,TRADE
NSW1,2012/9/16 10:00,7656.77,54.34,TRADE
NSW1,2012/9/16 10:30,7630.28,53.24,TRADE
NSW1,2012/9/16 11:00,7531.92,52.62,TRADE
NSW1,2012/9/16 11:30,7408.95,52.05,TRADE
NSW1,2012/9/16 12:00,7341.54,51.33,TRADE
NSW1,2012/9/16 12:30,7240.61,51.33,TRADE
NSW1,2012/9/16 13:00,7194.22,51.12,TRADE
NSW1,2012/9/16 13:30,7037.5,51.16,TRADE
NSW1,2012/9/16 14:00,7001.04,51,TRADE
NSW1,2012/9/16 14:30,6967.49,48.85,TRADE
NSW1,2012/9/16 15:00,6953.95,50.71,TRADE
NSW1,2012/9/16 15:30,7008.69,51.07,TRADE
NSW1,2012/9/16 16:00,7055.47,51.18,TRADE
NSW1,2012/9/16 16:30,7194.23,52.58,TRADE
NSW1,2012/9/16 17:00,7398.06,54.26,TRADE
NSW1,2012/9/16 17:30,7584.36,54.62,TRADE
NSW1,2012/9/16 18:00,8146.74,57.83,TRADE
NSW1,2012/9/16 18:30,8737.92,62.82,TRADE
NSW1,2012/9/16 19:00,8710.64,61.97,TRADE
NSW1,2012/9/16 19:30,8520.39,59.64,TRADE
NSW1,2012/9/16 20:00,8373.11,56.29,TRADE
NSW1,2012/9/16 20:30,8329.1,55.76,TRADE
NSW1,2012/9/16 21:00,8147.89,55.36,TRADE
NSW1,2012/9/16 21:30,7919.18,54.27,TRADE
NSW1,2012/9/16 22:00,7726.43,53.64,TRADE
NSW1,2012/9/16 22:30,7694.88,57.19,TRADE
NSW1,2012/9/16 23:00,7508.09,54.48,TRADE
NSW1,2012/9/16 23:30,7388.49,54.85,TRADE
NSW1,2012/9/17 0:00,7290.4,54.02,TRADE
NSW1,2012/9/17 0:30,7098.09,54.59,TRADE
NSW1,2012/9/17 1:00,6930.87,54.9,TRADE
NSW1,2012/9/17 1:30,6840.67,55.01,TRADE
NSW1,2012/9/17 2:00,6660.71,54.9,TRADE
NSW1,2012/9/17 2:30,6397.34,52.05,TRADE
NSW1,2012/9/17 3:00,6201.06,52.11,TRADE
NSW1,2012/9/17 3:30,6048.87,52.8,TRADE
NSW1,2012/9/17 4:00,6000.19,52.88,TRADE
NSW1,2012/9/17 4:30,6064.95,49.03,TRADE
NSW1,2012/9/17 5:00,6135.94,51.61,TRADE
NSW1,2012/9/17 5:30,6437.89,54.03,TRADE
NSW1,2012/9/17 6:00,6878.13,54.91,TRADE
NSW1,2012/9/17 6:30,7490.68,56.43,TRADE
NSW1,2012/9/17 7:00,8137.58,55.21,TRADE
NSW1,2012/9/17 7:30,8328.81,51.57,TRADE
NSW1,2012/9/17 8:00,8633.69,55.35,TRADE
NSW1,2012/9/17 8:30,8666.03,55.21,TRADE
NSW1,2012/9/17 9:00,8628.75,55.06,TRADE
NSW1,2012/9/17 9:30,8670.87,55.2,TRADE
NSW1,2012/9/17 10:00,8667.15,55.72,TRADE
NSW1,2012/9/17 10:30,8672.65,55.36,TRADE
NSW1,2012/9/17 11:00,8629.55,55.48,TRADE
NSW1,2012/9/17 11:30,8554.43,55.36,TRADE
NSW1,2012/9/17 12:00,8524.5,55.67,TRADE
NSW1,2012/9/17 12:30,8485.21,55.11,TRADE
NSW1,2012/9/17 13:00,8447.7,55.29,TRADE
NSW1,2012/9/17 13:30,8411.53,55.8,TRADE
NSW1,2012/9/17 14:00,8426.98,55.26,TRADE
NSW1,2012/9/17 14:30,8373.04,54.96,TRADE
NSW1,2012/9/17 15:00,8323.14,54.88,TRADE
NSW1,2012/9/17 15:30,8317.43,54.59,TRADE
NSW1,2012/9/17 16:00,8366.96,54.53,TRADE
NSW1,2012/9/17 16:30,8477.79,54.81,TRADE
NSW1,2012/9/17 17:00,8649.08,55.23,TRADE
NSW1,2012/9/17 17:30,8910.92,55.65,TRADE
NSW1,2012/9/17 18:00,9254.01,55.44,TRADE
NSW1,2012/9/17 18:30,9516.14,64.62,TRADE
NSW1,2012/9/17 19:00,9345.37,59.55,TRADE
NSW1,2012/9/17 19:30,9091.63,54.58,TRADE
NSW1,2012/9/17 20:00,8912.37,54.9,TRADE
NSW1,2012/9/17 20:30,8769.18,55.76,TRADE
NSW1,2012/9/17 21:00,8574.69,53.63,TRADE
NSW1,2012/9/17 21:30,8297.38,52.38,TRADE
NSW1,2012/9/17 22:00,8054.84,51,TRADE
NSW1,2012/9/17 22:30,8175.07,56.41,TRADE
NSW1,2012/9/17 23:00,8042.3,54.13,TRADE
NSW1,2012/9/17 23:30,8006.68,55.5,TRADE
NSW1,2012/9/18 0:00,7970.53,55.47,TRADE
NSW1,2012/9/18 0:30,7719,54.28,TRADE
NSW1,2012/9/18 1:00,7549.63,55.01,TRADE
NSW1,2012/9/18 1:30,7383.1,54.99,TRADE
NSW1,2012/9/18 2:00,7175.25,54.85,TRADE
NSW1,2012/9/18 2:30,6853.97,52.48,TRADE
NSW1,2012/9/18 3:00,6537.48,52.07,TRADE
NSW1,2012/9/18 3:30,6322.32,51.97,TRADE
NSW1,2012/9/18 4:00,6216.5,51.57,TRADE
NSW1,2012/9/18 4:30,6224.25,51.82,TRADE
NSW1,2012/9/18 5:00,6361.29,53.32,TRADE
NSW1,2012/9/18 5:30,6653.74,54.64,TRADE
NSW1,2012/9/18 6:00,7042.75,55.13,TRADE
NSW1,2012/9/18 6:30,7706.73,54.78,TRADE
NSW1,2012/9/18 7:00,8245.12,55.17,TRADE
NSW1,2012/9/18 7:30,8424.17,51.99,TRADE
NSW1,2012/9/18 8:00,8601.49,55.26,TRADE
NSW1,2012/9/18 8:30,8669.03,54.99,TRADE
NSW1,2012/9/18 9:00,8604.44,55.18,TRADE
NSW1,2012/9/18 9:30,8614.6,54.87,TRADE
NSW1,2012/9/18 10:00,8552.74,54.83,TRADE
NSW1,2012/9/18 10:30,8592.87,54.77,TRADE
NSW1,2012/9/18 11:00,8561.86,54.67,TRADE
NSW1,2012/9/18 11:30,8512.31,54.75,TRADE
NSW1,2012/9/18 12:00,8454.18,54.73,TRADE
NSW1,2012/9/18 12:30,8430.09,54.8,TRADE
NSW1,2012/9/18 13:00,8392.87,54.36,TRADE
NSW1,2012/9/18 13:30,8459.92,54.76,TRADE
NSW1,2012/9/18 14:00,8455.02,55.47,TRADE
NSW1,2012/9/18 14:30,8458.44,54.59,TRADE
NSW1,2012/9/18 15:00,8455.98,54.74,TRADE
NSW1,2012/9/18 15:30,8466.64,54.51,TRADE
NSW1,2012/9/18 16:00,8521.66,54.71,TRADE
NSW1,2012/9/18 16:30,8594.66,54.8,TRADE
NSW1,2012/9/18 17:00,8739.24,54.75,TRADE
NSW1,2012/9/18 17:30,8893.01,55.29,TRADE
NSW1,2012/9/18 18:00,9309.53,55.63,TRADE
NSW1,2012/9/18 18:30,9577.98,57.54,TRADE
NSW1,2012/9/18 19:00,9482.46,57.84,TRADE
NSW1,2012/9/18 19:30,9187.8,54.72,TRADE
NSW1,2012/9/18 20:00,8970.51,55.06,TRADE
NSW1,2012/9/18 20:30,8808.56,55.44,TRADE
NSW1,2012/9/18 21:00,8610.59,54.9,TRADE
NSW1,2012/9/18 21:30,8370.16,54.1,TRADE
NSW1,2012/9/18 22:00,8140.07,51.69,TRADE
NSW1,2012/9/18 22:30,8225.84,57.28,TRADE
NSW1,2012/9/18 23:00,8061.6,54.67,TRADE
NSW1,2012/9/18 23:30,7974.06,55.38,TRADE
NSW1,2012/9/19 0:00,7997.49,55.29,TRADE
NSW1,2012/9/19 0:30,7786.41,53.08,TRADE
NSW1,2012/9/19 1:00,7634.29,54.48,TRADE
NSW1,2012/9/19 1:30,7447.97,54.75,TRADE
NSW1,2012/9/19 2:00,7180.6,53.75,TRADE
NSW1,2012/9/19 2:30,6871.44,51.62,TRADE
NSW1,2012/9/19 3:00,6553.05,50.17,TRADE
NSW1,2012/9/19 3:30,6327.71,50.83,TRADE
NSW1,2012/9/19 4:00,6195.55,47.31,TRADE
NSW1,2012/9/19 4:30,6197.03,50.77,TRADE
NSW1,2012/9/19 5:00,6280.25,49.6,TRADE
NSW1,2012/9/19 5:30,6594.6,52.37,TRADE
NSW1,2012/9/19 6:00,6964.18,51.78,TRADE
NSW1,2012/9/19 6:30,7593.9,54.12,TRADE
NSW1,2012/9/19 7:00,8202.07,62.01,TRADE
NSW1,2012/9/19 7:30,8356.76,52.67,TRADE
NSW1,2012/9/19 8:00,8563.32,54.84,TRADE
NSW1,2012/9/19 8:30,8574.48,54.61,TRADE
NSW1,2012/9/19 9:00,8463.89,54.36,TRADE
NSW1,2012/9/19 9:30,8466.41,54.67,TRADE
NSW1,2012/9/19 10:00,8412.33,54.26,TRADE
NSW1,2012/9/19 10:30,8388.14,54.25,TRADE
NSW1,2012/9/19 11:00,8295.35,53.09,TRADE
NSW1,2012/9/19 11:30,8217.92,52.94,TRADE
NSW1,2012/9/19 12:00,8195.04,52.86,TRADE
NSW1,2012/9/19 12:30,8188.18,52.94,TRADE
NSW1,2012/9/19 13:00,8178.15,55.58,TRADE
NSW1,2012/9/19 13:30,8170.61,54.92,TRADE
NSW1,2012/9/19 14:00,8187.42,54.57,TRADE
NSW1,2012/9/19 14:30,8145.83,54.7,TRADE
NSW1,2012/9/19 15:00,8149.29,55.28,TRADE
NSW1,2012/9/19 15:30,8160.71,55.1,TRADE
NSW1,2012/9/19 16:00,8183.09,54.94,TRADE
NSW1,2012/9/19 16:30,8239.7,54.97,TRADE
NSW1,2012/9/19 17:00,8385.71,55.15,TRADE
NSW1,2012/9/19 17:30,8492.31,55.75,TRADE
NSW1,2012/9/19 18:00,8774.14,58.33,TRADE
NSW1,2012/9/19 18:30,9123.56,62.07,TRADE
NSW1,2012/9/19 19:00,9170.69,62.78,TRADE
NSW1,2012/9/19 19:30,8992.69,56.58,TRADE
NSW1,2012/9/19 20:00,8803.82,55.01,TRADE
NSW1,2012/9/19 20:30,8658.57,54.86,TRADE
NSW1,2012/9/19 21:00,8505.08,54.46,TRADE
NSW1,2012/9/19 21:30,8277.9,54.09,TRADE
NSW1,2012/9/19 22:00,8076.75,52.58,TRADE
NSW1,2012/9/19 22:30,8147.54,57.58,TRADE
NSW1,2012/9/19 23:00,7974.35,54.06,TRADE
NSW1,2012/9/19 23:30,7911.88,56.43,TRADE
NSW1,2012/9/20 0:00,7881.22,56.15,TRADE
NSW1,2012/9/20 0:30,7700.61,53.36,TRADE
NSW1,2012/9/20 1:00,7522.34,54.88,TRADE
NSW1,2012/9/20 1:30,7338.42,54.34,TRADE
NSW1,2012/9/20 2:00,7113.34,52.83,TRADE
NSW1,2012/9/20 2:30,6735.37,50.1,TRADE
NSW1,2012/9/20 3:00,6485.41,45.65,TRADE
NSW1,2012/9/20 3:30,6279.27,46.59,TRADE
NSW1,2012/9/20 4:00,6183.27,46.39,TRADE
NSW1,2012/9/20 4:30,6176.26,48.9,TRADE
NSW1,2012/9/20 5:00,6255.82,51.5,TRADE
NSW1,2012/9/20 5:30,6544.12,52.09,TRADE
NSW1,2012/9/20 6:00,6928.41,51.81,TRADE
NSW1,2012/9/20 6:30,7556.66,51.5,TRADE
NSW1,2012/9/20 7:00,8102.54,54.39,TRADE
NSW1,2012/9/20 7:30,8284.21,50.6,TRADE
NSW1,2012/9/20 8:00,8545.25,53.06,TRADE
NSW1,2012/9/20 8:30,8567.95,53.51,TRADE
NSW1,2012/9/20 9:00,8489.63,54.22,TRADE
NSW1,2012/9/20 9:30,8474.69,54.76,TRADE
NSW1,2012/9/20 10:00,8473.37,53.12,TRADE
NSW1,2012/9/20 10:30,8514.77,53.64,TRADE
NSW1,2012/9/20 11:00,8466.08,52.89,TRADE
NSW1,2012/9/20 11:30,8368.28,52.26,TRADE
NSW1,2012/9/20 12:00,8323.24,52.94,TRADE
NSW1,2012/9/20 12:30,8283.24,52.14,TRADE
NSW1,2012/9/20 13:00,8229.88,51.71,TRADE
NSW1,2012/9/20 13:30,8255.89,52.62,TRADE
NSW1,2012/9/20 14:00,8277.48,52.11,TRADE
NSW1,2012/9/20 14:30,8271.45,52.21,TRADE
NSW1,2012/9/20 15:00,8298.72,53.17,TRADE
NSW1,2012/9/20 15:30,8312.31,53.45,TRADE
NSW1,2012/9/20 16:00,8366.09,53.96,TRADE
NSW1,2012/9/20 16:30,8415.53,54.26,TRADE
NSW1,2012/9/20 17:00,8456.66,53.47,TRADE
NSW1,2012/9/20 17:30,8515.32,53.89,TRADE
NSW1,2012/9/20 18:00,8777.44,56.02,TRADE
NSW1,2012/9/20 18:30,9114.6,57.82,TRADE
NSW1,2012/9/20 19:00,9161.64,55.09,TRADE
NSW1,2012/9/20 19:30,8912.61,54.02,TRADE
NSW1,2012/9/20 20:00,8733.62,53.78,TRADE
NSW1,2012/9/20 20:30,8525.97,52.08,TRADE
NSW1,2012/9/20 21:00,8293.14,52.14,TRADE
NSW1,2012/9/20 21:30,8037.76,50.65,TRADE
NSW1,2012/9/20 22:00,7786.44,51,TRADE
NSW1,2012/9/20 22:30,7981.8,55.75,TRADE
NSW1,2012/9/20 23:00,7835.57,52.19,TRADE
NSW1,2012/9/20 23:30,7805.82,54.16,TRADE
NSW1,2012/9/21 0:00,7803.76,55.15,TRADE
NSW1,2012/9/21 0:30,7571.13,52.75,TRADE
NSW1,2012/9/21 1:00,7396.35,53.8,TRADE
NSW1,2012/9/21 1:30,7208.82,53.58,TRADE
NSW1,2012/9/21 2:00,7001.59,52.67,TRADE
NSW1,2012/9/21 2:30,6592.73,48.92,TRADE
NSW1,2012/9/21 3:00,6320.44,43.78,TRADE
NSW1,2012/9/21 3:30,6101.98,41.43,TRADE
NSW1,2012/9/21 4:00,5990.22,40.9,TRADE
NSW1,2012/9/21 4:30,5988.12,41.56,TRADE
NSW1,2012/9/21 5:00,6047.48,43.79,TRADE
NSW1,2012/9/21 5:30,6290.82,51.5,TRADE
NSW1,2012/9/21 6:00,6582.12,50.94,TRADE
NSW1,2012/9/21 6:30,7130.99,51.34,TRADE
NSW1,2012/9/21 7:00,7600.55,52.9,TRADE
NSW1,2012/9/21 7:30,7814.1,49.78,TRADE
NSW1,2012/9/21 8:00,8108.45,53.51,TRADE
NSW1,2012/9/21 8:30,8330.39,54.81,TRADE
NSW1,2012/9/21 9:00,8405.09,54.49,TRADE
NSW1,2012/9/21 9:30,8485,54.62,TRADE
NSW1,2012/9/21 10:00,8501.24,53.85,TRADE
NSW1,2012/9/21 10:30,8527.02,54.33,TRADE
NSW1,2012/9/21 11:00,8472.21,54.16,TRADE
NSW1,2012/9/21 11:30,8441.62,54.06,TRADE
NSW1,2012/9/21 12:00,8382.65,52.67,TRADE
NSW1,2012/9/21 12:30,8271.76,52.94,TRADE
NSW1,2012/9/21 13:00,8189.06,53.69,TRADE
NSW1,2012/9/21 13:30,8130.19,52.9,TRADE
NSW1,2012/9/21 14:00,8074.43,51.67,TRADE
NSW1,2012/9/21 14:30,8064.41,51.65,TRADE
NSW1,2012/9/21 15:00,8034.43,51.51,TRADE
NSW1,2012/9/21 15:30,8017.95,51.23,TRADE
NSW1,2012/9/21 16:00,8073.97,51.25,TRADE
NSW1,2012/9/21 16:30,8062.96,51.25,TRADE
NSW1,2012/9/21 17:00,8105.23,51.48,TRADE
NSW1,2012/9/21 17:30,8116.83,51.23,TRADE
NSW1,2012/9/21 18:00,8390.36,53.39,TRADE
NSW1,2012/9/21 18:30,8667.25,55.45,TRADE
NSW1,2012/9/21 19:00,8740.35,53.27,TRADE
NSW1,2012/9/21 19:30,8451.24,50.71,TRADE
NSW1,2012/9/21 20:00,8287.81,51.33,TRADE
NSW1,2012/9/21 20:30,8061.53,50.12,TRADE
NSW1,2012/9/21 21:00,7950.9,52.17,TRADE
NSW1,2012/9/21 21:30,7749.81,50.76,TRADE
NSW1,2012/9/21 22:00,7617.09,50.42,TRADE
NSW1,2012/9/21 22:30,7888.45,65.91,TRADE
NSW1,2012/9/21 23:00,7767.93,56.21,TRADE
NSW1,2012/9/21 23:30,7795.46,60.78,TRADE
NSW1,2012/9/22 0:00,7778.38,58.2,TRADE
NSW1,2012/9/22 0:30,7582.83,54.17,TRADE
NSW1,2012/9/22 1:00,7394.85,54.83,TRADE
NSW1,2012/9/22 1:30,7215.16,54.43,TRADE
NSW1,2012/9/22 2:00,6922.56,51.9,TRADE
NSW1,2012/9/22 2:30,6616.76,49.58,TRADE
NSW1,2012/9/22 3:00,6353.17,46.81,TRADE
NSW1,2012/9/22 3:30,6181.36,45.47,TRADE
NSW1,2012/9/22 4:00,6046.18,45.09,TRADE
NSW1,2012/9/22 4:30,6021.88,45.04,TRADE
NSW1,2012/9/22 5:00,6028.84,45.05,TRADE
NSW1,2012/9/22 5:30,6127.36,47.6,TRADE
NSW1,2012/9/22 6:00,6197.95,47.95,TRADE
NSW1,2012/9/22 6:30,6403.85,48.45,TRADE
NSW1,2012/9/22 7:00,6668.92,50.76,TRADE
NSW1,2012/9/22 7:30,6875.85,52.46,TRADE
NSW1,2012/9/22 8:00,7255.63,51.87,TRADE
NSW1,2012/9/22 8:30,7505.58,52.84,TRADE
NSW1,2012/9/22 9:00,7712.74,53.28,TRADE
NSW1,2012/9/22 9:30,7866.9,54.14,TRADE
NSW1,2012/9/22 10:00,7798.49,52.01,TRADE
NSW1,2012/9/22 10:30,7795.76,51.33,TRADE
NSW1,2012/9/22 11:00,7694.92,52.09,TRADE
NSW1,2012/9/22 11:30,7606.68,51.27,TRADE
NSW1,2012/9/22 12:00,7499.9,51.25,TRADE
NSW1,2012/9/22 12:30,7426.36,51.38,TRADE
NSW1,2012/9/22 13:00,7314.27,51.41,TRADE
NSW1,2012/9/22 13:30,7252.45,51.09,TRADE
NSW1,2012/9/22 14:00,7213.37,51.22,TRADE
NSW1,2012/9/22 14:30,7134.58,50.91,TRADE
NSW1,2012/9/22 15:00,7183.95,51.38,TRADE
NSW1,2012/9/22 15:30,7172.02,51.47,TRADE
NSW1,2012/9/22 16:00,7237.48,51.82,TRADE
NSW1,2012/9/22 16:30,7308.93,52.14,TRADE
NSW1,2012/9/22 17:00,7408.51,53.32,TRADE
NSW1,2012/9/22 17:30,7450.55,51.93,TRADE
NSW1,2012/9/22 18:00,7726.77,54.75,TRADE
NSW1,2012/9/22 18:30,8136.29,58.14,TRADE
NSW1,2012/9/22 19:00,8219.22,60.06,TRADE
NSW1,2012/9/22 19:30,8054.4,54.29,TRADE
NSW1,2012/9/22 20:00,7893.29,52.19,TRADE
NSW1,2012/9/22 20:30,7768.97,52.54,TRADE
NSW1,2012/9/22 21:00,7595.61,50.89,TRADE
NSW1,2012/9/22 21:30,7546.95,51.18,TRADE
NSW1,2012/9/22 22:00,7417.71,50.62,TRADE
NSW1,2012/9/22 22:30,7459.7,51.64,TRADE
NSW1,2012/9/22 23:00,7399.72,53.5,TRADE
NSW1,2012/9/22 23:30,7373.28,54.32,TRADE
NSW1,2012/9/23 0:00,7294.13,51.77,TRADE
NSW1,2012/9/23 0:30,7054.21,50.36,TRADE
NSW1,2012/9/23 1:00,6869.66,49.94,TRADE
NSW1,2012/9/23 1:30,6701.95,50.03,TRADE
NSW1,2012/9/23 2:00,6510.78,48.02,TRADE
NSW1,2012/9/23 2:30,6238.79,44.36,TRADE
NSW1,2012/9/23 3:00,6031.1,43.15,TRADE
NSW1,2012/9/23 3:30,5939.74,42.77,TRADE
NSW1,2012/9/23 4:00,5823.62,42.02,TRADE
NSW1,2012/9/23 4:30,5781.4,41.78,TRADE
NSW1,2012/9/23 5:00,5765.65,41.74,TRADE
NSW1,2012/9/23 5:30,5822.46,42.24,TRADE
NSW1,2012/9/23 6:00,5868.46,42.5,TRADE
NSW1,2012/9/23 6:30,6009.9,43.58,TRADE
NSW1,2012/9/23 7:00,6178.2,45.24,TRADE
NSW1,2012/9/23 7:30,6385.04,48.78,TRADE
NSW1,2012/9/23 8:00,6649.39,49.91,TRADE
NSW1,2012/9/23 8:30,6938.95,50.93,TRADE
NSW1,2012/9/23 9:00,7148.85,50.85,TRADE
NSW1,2012/9/23 9:30,7209.98,50.93,TRADE
NSW1,2012/9/23 10:00,7244.08,50.97,TRADE
NSW1,2012/9/23 10:30,7283,51.03,TRADE
NSW1,2012/9/23 11:00,7159.52,49.03,TRADE
NSW1,2012/9/23 11:30,7076.07,49.08,TRADE
NSW1,2012/9/23 12:00,7026.98,49.23,TRADE
NSW1,2012/9/23 12:30,6970.4,50.98,TRADE
NSW1,2012/9/23 13:00,6899.97,48.71,TRADE
NSW1,2012/9/23 13:30,6898.18,48.16,TRADE
NSW1,2012/9/23 14:00,6794.27,47.62,TRADE
NSW1,2012/9/23 14:30,6831.59,48.34,TRADE
NSW1,2012/9/23 15:00,6844.8,48.87,TRADE
NSW1,2012/9/23 15:30,6862.44,49.24,TRADE
NSW1,2012/9/23 16:00,6930.45,50.46,TRADE
NSW1,2012/9/23 16:30,7003.41,50.87,TRADE
NSW1,2012/9/23 17:00,7106.11,51,TRADE
NSW1,2012/9/23 17:30,7180.39,51.19,TRADE
NSW1,2012/9/23 18:00,7487.66,56.4,TRADE
NSW1,2012/9/23 18:30,8000.52,61.94,TRADE
NSW1,2012/9/23 19:00,8144.59,62.39,TRADE
NSW1,2012/9/23 19:30,7951.94,55.07,TRADE
NSW1,2012/9/23 20:00,7774.05,54.3,TRADE
NSW1,2012/9/23 20:30,7695.38,54.69,TRADE
NSW1,2012/9/23 21:00,7574.49,52.13,TRADE
NSW1,2012/9/23 21:30,7372.17,51.12,TRADE
NSW1,2012/9/23 22:00,7181.91,50.36,TRADE
NSW1,2012/9/23 22:30,7224.12,51.28,TRADE
NSW1,2012/9/23 23:00,7088.79,50.91,TRADE
NSW1,2012/9/23 23:30,7054.15,51.74,TRADE
NSW1,2012/9/24 0:00,6953.86,50.72,TRADE
NSW1,2012/9/24 0:30,6788.36,50.31,TRADE
NSW1,2012/9/24 1:00,6629.24,49.13,TRADE
NSW1,2012/9/24 1:30,6461.62,47.17,TRADE
NSW1,2012/9/24 2:00,6356.23,44.63,TRADE
NSW1,2012/9/24 2:30,6124.78,42.95,TRADE
NSW1,2012/9/24 3:00,5983.08,42.29,TRADE
NSW1,2012/9/24 3:30,5884.68,42.04,TRADE
NSW1,2012/9/24 4:00,5884.06,41.55,TRADE
NSW1,2012/9/24 4:30,5904.26,42.84,TRADE
NSW1,2012/9/24 5:00,6042.23,45.95,TRADE
NSW1,2012/9/24 5:30,6314.7,50.92,TRADE
NSW1,2012/9/24 6:00,6592.07,53.08,TRADE
NSW1,2012/9/24 6:30,7171.99,52.64,TRADE
NSW1,2012/9/24 7:00,7601.14,53.87,TRADE
NSW1,2012/9/24 7:30,7768.01,53.65,TRADE
NSW1,2012/9/24 8:00,8040.24,55.01,TRADE
NSW1,2012/9/24 8:30,8180.29,56.35,TRADE
NSW1,2012/9/24 9:00,8280.2,57.43,TRADE
NSW1,2012/9/24 9:30,8306.85,60.22,TRADE
NSW1,2012/9/24 10:00,8313.22,58.58,TRADE
NSW1,2012/9/24 10:30,8312.88,60.97,TRADE
NSW1,2012/9/24 11:00,8301.33,58.93,TRADE
NSW1,2012/9/24 11:30,8197.1,59.45,TRADE
NSW1,2012/9/24 12:00,8158.86,58.63,TRADE
NSW1,2012/9/24 12:30,8192.09,65.51,TRADE
NSW1,2012/9/24 13:00,8169.33,63.05,TRADE
NSW1,2012/9/24 13:30,8115.12,58.46,TRADE
NSW1,2012/9/24 14:00,8090.76,60.8,TRADE
NSW1,2012/9/24 14:30,8165.02,63.83,TRADE
NSW1,2012/9/24 15:00,8121.03,63.23,TRADE
NSW1,2012/9/24 15:30,8128.44,62.19,TRADE
NSW1,2012/9/24 16:00,8136.68,57.71,TRADE
NSW1,2012/9/24 16:30,8174.2,56.51,TRADE
NSW1,2012/9/24 17:00,8212.56,55.42,TRADE
NSW1,2012/9/24 17:30,8328.61,56.03,TRADE
NSW1,2012/9/24 18:00,8588.94,59.3,TRADE
NSW1,2012/9/24 18:30,8957.68,63.92,TRADE
NSW1,2012/9/24 19:00,9064.93,69.85,TRADE
NSW1,2012/9/24 19:30,8763.36,61.42,TRADE
NSW1,2012/9/24 20:00,8578.65,58.64,TRADE
NSW1,2012/9/24 20:30,8444.55,55.7,TRADE
NSW1,2012/9/24 21:00,8262.7,52.2,TRADE
NSW1,2012/9/24 21:30,8105.69,52.51,TRADE
NSW1,2012/9/24 22:00,7827.06,50.82,TRADE
NSW1,2012/9/24 22:30,8021,55.71,TRADE
NSW1,2012/9/24 23:00,7861.26,52.66,TRADE
NSW1,2012/9/24 23:30,7827.63,54.12,TRADE
NSW1,2012/9/25 0:00,7779.47,53.17,TRADE
NSW1,2012/9/25 0:30,7610.62,52.57,TRADE
NSW1,2012/9/25 1:00,7478.03,53.67,TRADE
NSW1,2012/9/25 1:30,7235.1,52.55,TRADE
NSW1,2012/9/25 2:00,7069.24,52.39,TRADE
NSW1,2012/9/25 2:30,6761.62,52.78,TRADE
NSW1,2012/9/25 3:00,6490.49,50.29,TRADE
NSW1,2012/9/25 3:30,6299.52,45.17,TRADE
NSW1,2012/9/25 4:00,6202.35,43.45,TRADE
NSW1,2012/9/25 4:30,6229.65,45.58,TRADE
NSW1,2012/9/25 5:00,6247.86,48.33,TRADE
NSW1,2012/9/25 5:30,6567.78,51.29,TRADE
NSW1,2012/9/25 6:00,6846.18,50.9,TRADE
NSW1,2012/9/25 6:30,7403.01,51.33,TRADE
NSW1,2012/9/25 7:00,7834.07,54.48,TRADE
NSW1,2012/9/25 7:30,8013.51,52.02,TRADE
NSW1,2012/9/25 8:00,8294.84,51.39,TRADE
NSW1,2012/9/25 8:30,8400.1,53.25,TRADE
NSW1,2012/9/25 9:00,8449.53,53.06,TRADE
NSW1,2012/9/25 9:30,8465.52,53.16,TRADE
NSW1,2012/9/25 10:00,8461.63,52.75,TRADE
NSW1,2012/9/25 10:30,8495.49,52.37,TRADE
NSW1,2012/9/25 11:00,8538.7,54.59,TRADE
NSW1,2012/9/25 11:30,8448.2,52.52,TRADE
NSW1,2012/9/25 12:00,8376.86,53.54,TRADE
NSW1,2012/9/25 12:30,8353.22,51.97,TRADE
NSW1,2012/9/25 13:00,8290.31,54.65,TRADE
NSW1,2012/9/25 13:30,8261.36,53.19,TRADE
NSW1,2012/9/25 14:00,8223.01,52.91,TRADE
NSW1,2012/9/25 14:30,8208.66,53.6,TRADE
NSW1,2012/9/25 15:00,8201.59,53.83,TRADE
NSW1,2012/9/25 15:30,8195.54,55.37,TRADE
NSW1,2012/9/25 16:00,8204.89,61.95,TRADE
NSW1,2012/9/25 16:30,8224.88,58.99,TRADE
NSW1,2012/9/25 17:00,8290.1,55.88,TRADE
NSW1,2012/9/25 17:30,8384.76,54.26,TRADE
NSW1,2012/9/25 18:00,8685.75,58.36,TRADE
NSW1,2012/9/25 18:30,9006.37,67.21,TRADE
NSW1,2012/9/25 19:00,9058.66,66.85,TRADE
NSW1,2012/9/25 19:30,8833.25,62.09,TRADE
NSW1,2012/9/25 20:00,8621.39,57,TRADE
NSW1,2012/9/25 20:30,8436.16,53.37,TRADE
NSW1,2012/9/25 21:00,8317.92,55.04,TRADE
NSW1,2012/9/25 21:30,8088.59,53.7,TRADE
NSW1,2012/9/25 22:00,7825.66,50.63,TRADE
NSW1,2012/9/25 22:30,7966.07,60.19,TRADE
NSW1,2012/9/25 23:00,7776.97,51.51,TRADE
NSW1,2012/9/25 23:30,7755.53,52.05,TRADE
NSW1,2012/9/26 0:00,7707.47,52.58,TRADE
NSW1,2012/9/26 0:30,7505.79,51.65,TRADE
NSW1,2012/9/26 1:00,7333.39,50.91,TRADE
NSW1,2012/9/26 1:30,7196.26,50.06,TRADE
NSW1,2012/9/26 2:00,6955.44,47.59,TRADE
NSW1,2012/9/26 2:30,6633.28,47.68,TRADE
NSW1,2012/9/26 3:00,6350.51,42.27,TRADE
NSW1,2012/9/26 3:30,6154.16,40.67,TRADE
NSW1,2012/9/26 4:00,6074,40.34,TRADE
NSW1,2012/9/26 4:30,6061.88,40.4,TRADE
NSW1,2012/9/26 5:00,6131.59,41.58,TRADE
NSW1,2012/9/26 5:30,6386.59,47.4,TRADE
NSW1,2012/9/26 6:00,6648.77,50.38,TRADE
NSW1,2012/9/26 6:30,7206.69,51.36,TRADE
NSW1,2012/9/26 7:00,7641.66,60,TRADE
NSW1,2012/9/26 7:30,7777.44,52.03,TRADE
NSW1,2012/9/26 8:00,8017.39,50,TRADE
NSW1,2012/9/26 8:30,8183.04,51.48,TRADE
NSW1,2012/9/26 9:00,8271.68,51.74,TRADE
NSW1,2012/9/26 9:30,8376.25,52.2,TRADE
NSW1,2012/9/26 10:00,8398.47,51.59,TRADE
NSW1,2012/9/26 10:30,8409.96,52.66,TRADE
NSW1,2012/9/26 11:00,8381.28,51.5,TRADE
NSW1,2012/9/26 11:30,8347.82,51.16,TRADE
NSW1,2012/9/26 12:00,8272.12,51.25,TRADE
NSW1,2012/9/26 12:30,8251.82,51.4,TRADE
NSW1,2012/9/26 13:00,8181.74,51.24,TRADE
NSW1,2012/9/26 13:30,8144.63,51.25,TRADE
NSW1,2012/9/26 14:00,8086.03,50.94,TRADE
NSW1,2012/9/26 14:30,8119.93,51.16,TRADE
NSW1,2012/9/26 15:00,8147.28,51.25,TRADE
NSW1,2012/9/26 15:30,8110.2,51.16,TRADE
NSW1,2012/9/26 16:00,8149.38,58.14,TRADE
NSW1,2012/9/26 16:30,8206.04,52.66,TRADE
NSW1,2012/9/26 17:00,8254.62,51.71,TRADE
NSW1,2012/9/26 17:30,8313.14,51.74,TRADE
NSW1,2012/9/26 18:00,8545.72,52.01,TRADE
NSW1,2012/9/26 18:30,8841.01,52.81,TRADE
NSW1,2012/9/26 19:00,8955.99,53.11,TRADE
NSW1,2012/9/26 19:30,8678.29,51.22,TRADE
NSW1,2012/9/26 20:00,8446.77,51.16,TRADE
NSW1,2012/9/26 20:30,8269.63,51.36,TRADE
NSW1,2012/9/26 21:00,8056.47,51.16,TRADE
NSW1,2012/9/26 21:30,7855.29,49.96,TRADE
NSW1,2012/9/26 22:00,7671.96,47.2,TRADE
NSW1,2012/9/26 22:30,7794.15,51.97,TRADE
NSW1,2012/9/26 23:00,7663.66,50.97,TRADE
NSW1,2012/9/26 23:30,7623.14,52.52,TRADE
NSW1,2012/9/27 0:00,7563.43,51.58,TRADE
NSW1,2012/9/27 0:30,7395.13,51.33,TRADE
NSW1,2012/9/27 1:00,7221.45,51.6,TRADE
NSW1,2012/9/27 1:30,7048.33,51.08,TRADE
NSW1,2012/9/27 2:00,6818.81,50.09,TRADE
NSW1,2012/9/27 2:30,6473.14,43.04,TRADE
NSW1,2012/9/27 3:00,6241.49,40.81,TRADE
NSW1,2012/9/27 3:30,6079.7,39.36,TRADE
NSW1,2012/9/27 4:00,5980.69,38.64,TRADE
NSW1,2012/9/27 4:30,5968.13,39.18,TRADE
NSW1,2012/9/27 5:00,6033.56,40.39,TRADE
NSW1,2012/9/27 5:30,6267.06,42.09,TRADE
NSW1,2012/9/27 6:00,6495.99,47.48,TRADE
NSW1,2012/9/27 6:30,7017.29,51.47,TRADE
NSW1,2012/9/27 7:00,7393.47,50.83,TRADE
NSW1,2012/9/27 7:30,7575.43,50.28,TRADE
NSW1,2012/9/27 8:00,7854.28,49.55,TRADE
NSW1,2012/9/27 8:30,8027.75,51.42,TRADE
NSW1,2012/9/27 9:00,8123.17,52.62,TRADE
NSW1,2012/9/27 9:30,8203.03,52.28,TRADE
NSW1,2012/9/27 10:00,8274.32,51.67,TRADE
NSW1,2012/9/27 10:30,8310.77,51.61,TRADE
NSW1,2012/9/27 11:00,8324.67,51.67,TRADE
NSW1,2012/9/27 11:30,8244.77,51.84,TRADE
NSW1,2012/9/27 12:00,8210.91,51.66,TRADE
NSW1,2012/9/27 12:30,8235.48,52.04,TRADE
NSW1,2012/9/27 13:00,8247.52,51.16,TRADE
NSW1,2012/9/27 13:30,8288.4,51.49,TRADE
NSW1,2012/9/27 14:00,8263.89,51.24,TRADE
NSW1,2012/9/27 14:30,8243,51.33,TRADE
NSW1,2012/9/27 15:00,8238.07,51.66,TRADE
NSW1,2012/9/27 15:30,8203.81,53.74,TRADE
NSW1,2012/9/27 16:00,8224.25,52.43,TRADE
NSW1,2012/9/27 16:30,8235.78,52.18,TRADE
NSW1,2012/9/27 17:00,8280.26,52.07,TRADE
NSW1,2012/9/27 17:30,8320.16,52.77,TRADE
NSW1,2012/9/27 18:00,8534.71,56,TRADE
NSW1,2012/9/27 18:30,8801.7,56.64,TRADE
NSW1,2012/9/27 19:00,8864.65,57.8,TRADE
NSW1,2012/9/27 19:30,8618.84,54.12,TRADE
NSW1,2012/9/27 20:00,8426.55,52.21,TRADE
NSW1,2012/9/27 20:30,8261.93,51.82,TRADE
NSW1,2012/9/27 21:00,8056.33,51.33,TRADE
NSW1,2012/9/27 21:30,7782.9,50.6,TRADE
NSW1,2012/9/27 22:00,7600.8,50.17,TRADE
NSW1,2012/9/27 22:30,7703.14,53.18,TRADE
NSW1,2012/9/27 23:00,7527.13,50.74,TRADE
NSW1,2012/9/27 23:30,7481.19,56.12,TRADE
NSW1,2012/9/28 0:00,7463.55,53.08,TRADE
NSW1,2012/9/28 0:30,7306.68,51.26,TRADE
NSW1,2012/9/28 1:00,7090.19,52,TRADE
NSW1,2012/9/28 1:30,6883.16,49.64,TRADE
NSW1,2012/9/28 2:00,6617.24,46.47,TRADE
NSW1,2012/9/28 2:30,6326.5,41.17,TRADE
NSW1,2012/9/28 3:00,6086.45,40.07,TRADE
NSW1,2012/9/28 3:30,5918.44,38.26,TRADE
NSW1,2012/9/28 4:00,5844.75,19.58,TRADE
NSW1,2012/9/28 4:30,5816.39,27.19,TRADE
NSW1,2012/9/28 5:00,5897.68,38.89,TRADE
NSW1,2012/9/28 5:30,6105.26,40.74,TRADE
NSW1,2012/9/28 6:00,6359.08,46.73,TRADE
NSW1,2012/9/28 6:30,6829.56,51.55,TRADE
NSW1,2012/9/28 7:00,7197.51,51.55,TRADE
NSW1,2012/9/28 7:30,7351.5,49.77,TRADE
NSW1,2012/9/28 8:00,7673.44,51.34,TRADE
NSW1,2012/9/28 8:30,7982.75,52.45,TRADE
NSW1,2012/9/28 9:00,8171.46,52.72,TRADE
NSW1,2012/9/28 9:30,8450.05,53.97,TRADE
NSW1,2012/9/28 10:00,8547.82,54.21,TRADE
NSW1,2012/9/28 10:30,8594.64,53.76,TRADE
NSW1,2012/9/28 11:00,8601.19,51.92,TRADE
NSW1,2012/9/28 11:30,8593.14,53.06,TRADE
NSW1,2012/9/28 12:00,8581.85,53.96,TRADE
NSW1,2012/9/28 12:30,8611.19,55.41,TRADE
NSW1,2012/9/28 13:00,8646.96,54.25,TRADE
NSW1,2012/9/28 13:30,8603.16,54.3,TRADE
NSW1,2012/9/28 14:00,8630.77,54.23,TRADE
NSW1,2012/9/28 14:30,8694.84,54.62,TRADE
NSW1,2012/9/28 15:00,8713.89,53.23,TRADE
NSW1,2012/9/28 15:30,8678.52,51.8,TRADE
NSW1,2012/9/28 16:00,8703.61,53.75,TRADE
NSW1,2012/9/28 16:30,8636.04,53.54,TRADE
NSW1,2012/9/28 17:00,8658.37,55.09,TRADE
NSW1,2012/9/28 17:30,8687.44,55.24,TRADE
NSW1,2012/9/28 18:00,8772.34,57.58,TRADE
NSW1,2012/9/28 18:30,8862.64,60.7,TRADE
NSW1,2012/9/28 19:00,8736.9,57.62,TRADE
NSW1,2012/9/28 19:30,8443.3,54.64,TRADE
NSW1,2012/9/28 20:00,8118.54,53.47,TRADE
NSW1,2012/9/28 20:30,7965.87,52.31,TRADE
NSW1,2012/9/28 21:00,7813.24,52.44,TRADE
NSW1,2012/9/28 21:30,7564.23,50.6,TRADE
NSW1,2012/9/28 22:00,7387.41,49.78,TRADE
NSW1,2012/9/28 22:30,7567.44,57.7,TRADE
NSW1,2012/9/28 23:00,7439.3,50.62,TRADE
NSW1,2012/9/28 23:30,7472.37,53.11,TRADE
NSW1,2012/9/29 0:00,7475.87,54.44,TRADE
NSW1,2012/9/29 0:30,7248.27,50.84,TRADE
NSW1,2012/9/29 1:00,6977.56,50.57,TRADE
NSW1,2012/9/29 1:30,6809.57,51.72,TRADE
NSW1,2012/9/29 2:00,6584.86,50.31,TRADE
NSW1,2012/9/29 2:30,6263.98,45.78,TRADE
NSW1,2012/9/29 3:00,6009.86,41.91,TRADE
NSW1,2012/9/29 3:30,5835.67,40.61,TRADE
NSW1,2012/9/29 4:00,5756.51,40.21,TRADE
NSW1,2012/9/29 4:30,5709.42,39.98,TRADE
NSW1,2012/9/29 5:00,5691.33,40,TRADE
NSW1,2012/9/29 5:30,5747.72,40.76,TRADE
NSW1,2012/9/29 6:00,5813.66,40.82,TRADE
NSW1,2012/9/29 6:30,6001.34,42.69,TRADE
NSW1,2012/9/29 7:00,6174.94,45.67,TRADE
NSW1,2012/9/29 7:30,6404.88,45.74,TRADE
NSW1,2012/9/29 8:00,6701.82,49.79,TRADE
NSW1,2012/9/29 8:30,7051.48,51.37,TRADE
NSW1,2012/9/29 9:00,7331.44,51.32,TRADE
NSW1,2012/9/29 9:30,7499.68,51.56,TRADE
NSW1,2012/9/29 10:00,7547.19,51.49,TRADE
NSW1,2012/9/29 10:30,7566.52,51.41,TRADE
NSW1,2012/9/29 11:00,7456.59,51.16,TRADE
NSW1,2012/9/29 11:30,7377.65,51.16,TRADE
NSW1,2012/9/29 12:00,7349.25,51.16,TRADE
NSW1,2012/9/29 12:30,7269.13,51.16,TRADE
NSW1,2012/9/29 13:00,7201.47,51.01,TRADE
NSW1,2012/9/29 13:30,7060.81,50.67,TRADE
NSW1,2012/9/29 14:00,7060.53,50.87,TRADE
NSW1,2012/9/29 14:30,7034.51,50.35,TRADE
NSW1,2012/9/29 15:00,7013.61,50.6,TRADE
NSW1,2012/9/29 15:30,7024.37,50.97,TRADE
NSW1,2012/9/29 16:00,7076.32,51.16,TRADE
NSW1,2012/9/29 16:30,7104.97,51.13,TRADE
NSW1,2012/9/29 17:00,7151.73,51.26,TRADE
NSW1,2012/9/29 17:30,7131.87,51,TRADE
NSW1,2012/9/29 18:00,7457.16,51.67,TRADE
NSW1,2012/9/29 18:30,7856.01,53.16,TRADE
NSW1,2012/9/29 19:00,7971.47,53.59,TRADE
NSW1,2012/9/29 19:30,7827.6,51.85,TRADE
NSW1,2012/9/29 20:00,7632.25,52.41,TRADE
NSW1,2012/9/29 20:30,7558.22,52.63,TRADE
NSW1,2012/9/29 21:00,7452.93,51.83,TRADE
NSW1,2012/9/29 21:30,7321.17,51.65,TRADE
NSW1,2012/9/29 22:00,7226.84,51.37,TRADE
NSW1,2012/9/29 22:30,7227.68,52.02,TRADE
NSW1,2012/9/29 23:00,7166.87,51.75,TRADE
NSW1,2012/9/29 23:30,7175.77,52.62,TRADE
NSW1,2012/9/30 0:00,7082.26,51.85,TRADE
NSW1,2012/9/30 0:30,6875.29,53.36,TRADE
NSW1,2012/9/30 1:00,6699.34,51.19,TRADE
NSW1,2012/9/30 1:30,6499.39,50.63,TRADE
NSW1,2012/9/30 2:00,6258.07,45.37,TRADE
NSW1,2012/9/30 2:30,6009.91,43.41,TRADE
NSW1,2012/9/30 3:00,5816.33,42.1,TRADE
NSW1,2012/9/30 3:30,5669.52,39.65,TRADE
NSW1,2012/9/30 4:00,5597.59,39.82,TRADE
NSW1,2012/9/30 4:30,5560.8,39.34,TRADE
NSW1,2012/9/30 5:00,5591.51,39.61,TRADE
NSW1,2012/9/30 5:30,5645.78,40.04,TRADE
NSW1,2012/9/30 6:00,5647.9,40.18,TRADE
NSW1,2012/9/30 6:30,5803.9,42.75,TRADE
NSW1,2012/9/30 7:00,5967.56,45.07,TRADE
NSW1,2012/9/30 7:30,6186.69,46.52,TRADE
NSW1,2012/9/30 8:00,6472.2,51.42,TRADE
NSW1,2012/9/30 8:30,6702.19,51.16,TRADE
NSW1,2012/9/30 9:00,6890.76,51.42,TRADE
NSW1,2012/9/30 9:30,7033.64,51.27,TRADE
NSW1,2012/9/30 10:00,7073.31,52.71,TRADE
NSW1,2012/9/30 10:30,7102.69,52.71,TRADE
NSW1,2012/9/30 11:00,6980.17,51.23,TRADE
NSW1,2012/9/30 11:30,6936.73,51.16,TRADE
NSW1,2012/9/30 12:00,6862.14,51.16,TRADE
NSW1,2012/9/30 12:30,6836.59,51.16,TRADE
NSW1,2012/9/30 13:00,6762.65,51.06,TRADE
NSW1,2012/9/30 13:30,6683.62,51.16,TRADE
NSW1,2012/9/30 14:00,6652.72,50.78,TRADE
NSW1,2012/9/30 14:30,6610.19,51.16,TRADE
NSW1,2012/9/30 15:00,6619.5,51.05,TRADE
NSW1,2012/9/30 15:30,6638.13,51.06,TRADE
NSW1,2012/9/30 16:00,6763.19,51.19,TRADE
NSW1,2012/9/30 16:30,6850.49,51.21,TRADE
NSW1,2012/9/30 17:00,6992.46,50.41,TRADE
NSW1,2012/9/30 17:30,7020.3,51.24,TRADE
NSW1,2012/9/30 18:00,7148.39,51.55,TRADE
NSW1,2012/9/30 18:30,7586.06,54.4,TRADE
NSW1,2012/9/30 19:00,7766.57,55.22,TRADE
NSW1,2012/9/30 19:30,7657.69,53.61,TRADE
NSW1,2012/9/30 20:00,7664.03,54.16,TRADE
NSW1,2012/9/30 20:30,7594.19,55.15,TRADE
NSW1,2012/9/30 21:00,7503.01,52.16,TRADE
NSW1,2012/9/30 21:30,7400.82,52.46,TRADE
NSW1,2012/9/30 22:00,7308.59,51.57,TRADE
NSW1,2012/9/30 22:30,7350.58,52.15,TRADE
NSW1,2012/9/30 23:00,7193.19,51.25,TRADE
NSW1,2012/9/30 23:30,7188.33,54.04,TRADE
NSW1,2012/10/1 0:00,7035.48,51.16,TRADE
?NSW1,2012/10/1 0:30,6815.1,51.09,TRADE
NSW1,2012/10/1 1:00,6630.78,51.17,TRADE
NSW1,2012/10/1 1:30,6466.29,50.6,TRADE
NSW1,2012/10/1 2:00,6314.77,47.28,TRADE
NSW1,2012/10/1 2:30,6091.11,43.99,TRADE
NSW1,2012/10/1 3:00,5897.79,41.65,TRADE
NSW1,2012/10/1 3:30,5795.21,41.13,TRADE
NSW1,2012/10/1 4:00,5720.61,40.58,TRADE
NSW1,2012/10/1 4:30,5689.1,40.85,TRADE
NSW1,2012/10/1 5:00,5718.92,40.87,TRADE
NSW1,2012/10/1 5:30,5807.39,48.28,TRADE
NSW1,2012/10/1 6:00,5845.15,46.22,TRADE
NSW1,2012/10/1 6:30,6067.46,50.42,TRADE
NSW1,2012/10/1 7:00,6288.31,51.81,TRADE
NSW1,2012/10/1 7:30,6348.72,49.93,TRADE
NSW1,2012/10/1 8:00,6560.76,49.69,TRADE
NSW1,2012/10/1 8:30,6739.74,52.08,TRADE
NSW1,2012/10/1 9:00,6921.87,52.03,TRADE
NSW1,2012/10/1 9:30,7100.17,51.97,TRADE
NSW1,2012/10/1 10:00,7246.06,52.19,TRADE
NSW1,2012/10/1 10:30,7345.01,52,TRADE
NSW1,2012/10/1 11:00,7313.94,51.58,TRADE
NSW1,2012/10/1 11:30,7242.75,51.83,TRADE
NSW1,2012/10/1 12:00,7145.28,51.92,TRADE
NSW1,2012/10/1 12:30,7086.8,51.97,TRADE
NSW1,2012/10/1 13:00,6969.49,51.56,TRADE
NSW1,2012/10/1 13:30,6960.04,51.9,TRADE
NSW1,2012/10/1 14:00,6889.94,51.75,TRADE
NSW1,2012/10/1 14:30,6856.92,51.49,TRADE
NSW1,2012/10/1 15:00,6843.01,50.76,TRADE
NSW1,2012/10/1 15:30,6835.07,49.76,TRADE
NSW1,2012/10/1 16:00,6929.59,50.96,TRADE
NSW1,2012/10/1 16:30,7011.32,51.11,TRADE
NSW1,2012/10/1 17:00,7190.93,51.98,TRADE
NSW1,2012/10/1 17:30,7379.78,53.25,TRADE
NSW1,2012/10/1 18:00,7724.74,53.59,TRADE
NSW1,2012/10/1 18:30,8146.61,63.14,TRADE
NSW1,2012/10/1 19:00,8220.07,65.71,TRADE
NSW1,2012/10/1 19:30,8027.93,60.14,TRADE
NSW1,2012/10/1 20:00,7847.31,54.89,TRADE
NSW1,2012/10/1 20:30,7694.69,52.47,TRADE
NSW1,2012/10/1 21:00,7593.28,52.04,TRADE
NSW1,2012/10/1 21:30,7419.41,51.12,TRADE
NSW1,2012/10/1 22:00,7269.66,50.09,TRADE
NSW1,2012/10/1 22:30,7321.63,51.76,TRADE
NSW1,2012/10/1 23:00,7247.6,51.15,TRADE
NSW1,2012/10/1 23:30,7267.53,54.92,TRADE
NSW1,2012/10/2 0:00,7228.45,51.81,TRADE
NSW1,2012/10/2 0:30,7150.16,52.3,TRADE
NSW1,2012/10/2 1:00,7005.48,52.58,TRADE
NSW1,2012/10/2 1:30,6912.3,52.52,TRADE
NSW1,2012/10/2 2:00,6703.91,50.34,TRADE
NSW1,2012/10/2 2:30,6435.77,48,TRADE
NSW1,2012/10/2 3:00,6169.91,47.75,TRADE
NSW1,2012/10/2 3:30,6021.03,42.02,TRADE
NSW1,2012/10/2 4:00,5926.41,39.28,TRADE
NSW1,2012/10/2 4:30,5881.6,42.15,TRADE
NSW1,2012/10/2 5:00,5965.32,44.91,TRADE
NSW1,2012/10/2 5:30,6232.24,50.8,TRADE
NSW1,2012/10/2 6:00,6481.87,51.39,TRADE
NSW1,2012/10/2 6:30,7049.17,52.63,TRADE
NSW1,2012/10/2 7:00,7526.81,54.46,TRADE
NSW1,2012/10/2 7:30,7669.23,48,TRADE
NSW1,2012/10/2 8:00,7951.03,52.74,TRADE
NSW1,2012/10/2 8:30,8081.73,54.14,TRADE
NSW1,2012/10/2 9:00,8178.45,54.38,TRADE
NSW1,2012/10/2 9:30,8288.8,56.74,TRADE
NSW1,2012/10/2 10:00,8301.52,55.96,TRADE
NSW1,2012/10/2 10:30,8275.12,54.41,TRADE
NSW1,2012/10/2 11:00,8218.27,53.8,TRADE
NSW1,2012/10/2 11:30,8093.96,52.19,TRADE
NSW1,2012/10/2 12:00,8078.07,52.31,TRADE
NSW1,2012/10/2 12:30,8013.79,51.99,TRADE
NSW1,2012/10/2 13:00,7973.98,51.99,TRADE
NSW1,2012/10/2 13:30,7986.48,52.37,TRADE
NSW1,2012/10/2 14:00,7989.58,51.98,TRADE
NSW1,2012/10/2 14:30,7995.98,51.98,TRADE
NSW1,2012/10/2 15:00,8031.38,52.78,TRADE
NSW1,2012/10/2 15:30,8025.48,52.3,TRADE
NSW1,2012/10/2 16:00,8047.28,52.15,TRADE
NSW1,2012/10/2 16:30,8113.19,52.88,TRADE
NSW1,2012/10/2 17:00,8189.43,53.78,TRADE
NSW1,2012/10/2 17:30,8303.48,56.31,TRADE
NSW1,2012/10/2 18:00,8479.47,55.77,TRADE
NSW1,2012/10/2 18:30,8791.06,61.72,TRADE
NSW1,2012/10/2 19:00,8956.05,67.13,TRADE
NSW1,2012/10/2 19:30,8770.13,63.03,TRADE
NSW1,2012/10/2 20:00,8537.46,57.07,TRADE
NSW1,2012/10/2 20:30,8360.03,53.86,TRADE
NSW1,2012/10/2 21:00,8205.7,52.22,TRADE
NSW1,2012/10/2 21:30,8004.31,51.74,TRADE
NSW1,2012/10/2 22:00,7749.17,51.07,TRADE
NSW1,2012/10/2 22:30,7911.24,57.91,TRADE
NSW1,2012/10/2 23:00,7720.44,51.98,TRADE
NSW1,2012/10/2 23:30,7694.17,52.9,TRADE
NSW1,2012/10/3 0:00,7640.74,52.27,TRADE
NSW1,2012/10/3 0:30,7445.89,53.3,TRADE
NSW1,2012/10/3 1:00,7271.48,50.8,TRADE
NSW1,2012/10/3 1:30,7112.77,53.33,TRADE
NSW1,2012/10/3 2:00,6878.79,51.1,TRADE
NSW1,2012/10/3 2:30,6590.12,46.75,TRADE
NSW1,2012/10/3 3:00,6310.1,43.94,TRADE
NSW1,2012/10/3 3:30,6113.45,41.2,TRADE
NSW1,2012/10/3 4:00,6024.54,41.36,TRADE
NSW1,2012/10/3 4:30,6032.02,40.66,TRADE
NSW1,2012/10/3 5:00,6075.46,41.38,TRADE
NSW1,2012/10/3 5:30,6323.05,46.2,TRADE
NSW1,2012/10/3 6:00,6580.81,48.47,TRADE
NSW1,2012/10/3 6:30,7146.44,51.98,TRADE
NSW1,2012/10/3 7:00,7556.45,51.98,TRADE
NSW1,2012/10/3 7:30,7661.81,48.33,TRADE
NSW1,2012/10/3 8:00,7926.47,52.25,TRADE
NSW1,2012/10/3 8:30,8072.62,51.99,TRADE
NSW1,2012/10/3 9:00,8104.8,52.57,TRADE
NSW1,2012/10/3 9:30,8198.29,52.5,TRADE
NSW1,2012/10/3 10:00,8211.28,51.99,TRADE
NSW1,2012/10/3 10:30,8206.41,52.13,TRADE
NSW1,2012/10/3 11:00,8202.35,52.07,TRADE
NSW1,2012/10/3 11:30,8155.8,52.01,TRADE
NSW1,2012/10/3 12:00,8171.96,51.99,TRADE
NSW1,2012/10/3 12:30,8172.61,51.98,TRADE
NSW1,2012/10/3 13:00,8137.81,52.05,TRADE
NSW1,2012/10/3 13:30,8180.55,52.26,TRADE
NSW1,2012/10/3 14:00,8243.82,52.69,TRADE
NSW1,2012/10/3 14:30,8279.83,53.63,TRADE
NSW1,2012/10/3 15:00,8289.6,52.85,TRADE
NSW1,2012/10/3 15:30,8330.54,53.46,TRADE
NSW1,2012/10/3 16:00,8337.81,53.48,TRADE
NSW1,2012/10/3 16:30,8373.79,55.01,TRADE
NSW1,2012/10/3 17:00,8405.64,55.76,TRADE
NSW1,2012/10/3 17:30,8406.54,54.35,TRADE
NSW1,2012/10/3 18:00,8493.58,55.09,TRADE
NSW1,2012/10/3 18:30,8694.33,57.55,TRADE
NSW1,2012/10/3 19:00,8830.36,60.92,TRADE
NSW1,2012/10/3 19:30,8585.99,53.35,TRADE
NSW1,2012/10/3 20:00,8372.84,51.99,TRADE
NSW1,2012/10/3 20:30,8173.81,51.97,TRADE
NSW1,2012/10/3 21:00,7996.86,51.56,TRADE
NSW1,2012/10/3 21:30,7771.97,51.92,TRADE
NSW1,2012/10/3 22:00,7623.58,51.45,TRADE
NSW1,2012/10/3 22:30,7716.63,53.73,TRADE
NSW1,2012/10/3 23:00,7564.03,51.97,TRADE
NSW1,2012/10/3 23:30,7541.33,55.93,TRADE
NSW1,2012/10/4 0:00,7452.92,53.06,TRADE
NSW1,2012/10/4 0:30,7210.93,49.16,TRADE
NSW1,2012/10/4 1:00,7006.64,45.51,TRADE
NSW1,2012/10/4 1:30,6825.42,44.87,TRADE
NSW1,2012/10/4 2:00,6642.22,40.84,TRADE
NSW1,2012/10/4 2:30,6354.57,41.19,TRADE
NSW1,2012/10/4 3:00,6069.46,40.1,TRADE
NSW1,2012/10/4 3:30,5975.07,34.7,TRADE
NSW1,2012/10/4 4:00,5896.44,33.11,TRADE
NSW1,2012/10/4 4:30,5857.7,24.94,TRADE
NSW1,2012/10/4 5:00,5946.88,37.37,TRADE
NSW1,2012/10/4 5:30,6139.42,46.68,TRADE
NSW1,2012/10/4 6:00,6335.2,47.65,TRADE
NSW1,2012/10/4 6:30,6856.22,51.97,TRADE
NSW1,2012/10/4 7:00,7292.31,52.97,TRADE
NSW1,2012/10/4 7:30,7482.38,49.83,TRADE
NSW1,2012/10/4 8:00,7758.64,52.09,TRADE
NSW1,2012/10/4 8:30,7924.97,52.05,TRADE
NSW1,2012/10/4 9:00,8051.89,52.03,TRADE
NSW1,2012/10/4 9:30,8192.92,52.11,TRADE
NSW1,2012/10/4 10:00,8279.56,52.31,TRADE
NSW1,2012/10/4 10:30,8378.48,52.54,TRADE
NSW1,2012/10/4 11:00,8429.09,52.44,TRADE
NSW1,2012/10/4 11:30,8412.34,53.67,TRADE
NSW1,2012/10/4 12:00,8426,54.22,TRADE
NSW1,2012/10/4 12:30,8359.07,53.04,TRADE
NSW1,2012/10/4 13:00,8262.6,53.54,TRADE
NSW1,2012/10/4 13:30,8481.03,57.74,TRADE
NSW1,2012/10/4 14:00,8552.09,55.98,TRADE
NSW1,2012/10/4 14:30,8627.22,62.12,TRADE
NSW1,2012/10/4 15:00,8687.03,61.51,TRADE
NSW1,2012/10/4 15:30,8719.06,61.9,TRADE
NSW1,2012/10/4 16:00,8737.31,59.93,TRADE
NSW1,2012/10/4 16:30,8748.09,61.48,TRADE
NSW1,2012/10/4 17:00,8767.9,57.73,TRADE
NSW1,2012/10/4 17:30,8686.14,55.47,TRADE
NSW1,2012/10/4 18:00,8767.46,55.94,TRADE
NSW1,2012/10/4 18:30,8871.76,59.12,TRADE
NSW1,2012/10/4 19:00,9037.95,65.46,TRADE
NSW1,2012/10/4 19:30,8803.49,63.57,TRADE
NSW1,2012/10/4 20:00,8480.75,57.89,TRADE
NSW1,2012/10/4 20:30,8297.1,52.87,TRADE
NSW1,2012/10/4 21:00,8076.99,51.67,TRADE
NSW1,2012/10/4 21:30,7778.29,51.98,TRADE
NSW1,2012/10/4 22:00,7577,51.93,TRADE
NSW1,2012/10/4 22:30,7695.34,68.74,TRADE
NSW1,2012/10/4 23:00,7521.14,52.25,TRADE
NSW1,2012/10/4 23:30,7477.57,53.71,TRADE
NSW1,2012/10/5 0:00,7431.78,51.95,TRADE
NSW1,2012/10/5 0:30,7243.62,51.76,TRADE
NSW1,2012/10/5 1:00,7059.19,49.81,TRADE
NSW1,2012/10/5 1:30,6847.46,49.76,TRADE
NSW1,2012/10/5 2:00,6635.25,48.02,TRADE
NSW1,2012/10/5 2:30,6345.63,44.73,TRADE
NSW1,2012/10/5 3:00,6119.41,44.4,TRADE
NSW1,2012/10/5 3:30,5959.43,43.63,TRADE
NSW1,2012/10/5 4:00,5879.5,42.32,TRADE
NSW1,2012/10/5 4:30,5906.27,42.37,TRADE
NSW1,2012/10/5 5:00,6023.87,44.54,TRADE
NSW1,2012/10/5 5:30,6197.95,50.17,TRADE
NSW1,2012/10/5 6:00,6408.56,52.04,TRADE
NSW1,2012/10/5 6:30,6918.67,52.19,TRADE
NSW1,2012/10/5 7:00,7327.95,52.2,TRADE
NSW1,2012/10/5 7:30,7558.59,50.76,TRADE
NSW1,2012/10/5 8:00,7974.47,57.25,TRADE
NSW1,2012/10/5 8:30,8281.43,61.88,TRADE
NSW1,2012/10/5 9:00,8486.66,58.25,TRADE
NSW1,2012/10/5 9:30,8677.1,57.3,TRADE
NSW1,2012/10/5 10:00,8816.75,61.71,TRADE
NSW1,2012/10/5 10:30,8904.04,62.36,TRADE
NSW1,2012/10/5 11:00,8929.67,69.3,TRADE
NSW1,2012/10/5 11:30,9005.46,61.83,TRADE
NSW1,2012/10/5 12:00,9064.91,65.07,TRADE
NSW1,2012/10/5 12:30,9102.02,74.62,TRADE
NSW1,2012/10/5 13:00,9094.63,83.1,TRADE
NSW1,2012/10/5 13:30,9068.92,83.59,TRADE
NSW1,2012/10/5 14:00,9099.96,100.26,TRADE
NSW1,2012/10/5 14:30,9008.02,144.99,TRADE
NSW1,2012/10/5 15:00,9005.7,125.25,TRADE
NSW1,2012/10/5 15:30,8973.46,69.53,TRADE
NSW1,2012/10/5 16:00,8844.67,56.99,TRADE
NSW1,2012/10/5 16:30,8738.37,56.11,TRADE
NSW1,2012/10/5 17:00,8721.06,56.63,TRADE
NSW1,2012/10/5 17:30,8579.28,55.05,TRADE
NSW1,2012/10/5 18:00,8590.19,56.28,TRADE
NSW1,2012/10/5 18:30,8577.44,59.53,TRADE
NSW1,2012/10/5 19:00,8658.38,62.19,TRADE
NSW1,2012/10/5 19:30,8439.09,59.15,TRADE
NSW1,2012/10/5 20:00,8239.79,56.35,TRADE
NSW1,2012/10/5 20:30,8053.46,58.42,TRADE
NSW1,2012/10/5 21:00,7918.67,55.24,TRADE
NSW1,2012/10/5 21:30,7771.38,54.05,TRADE
NSW1,2012/10/5 22:00,7556.11,51.99,TRADE
NSW1,2012/10/5 22:30,7736.82,55.1,TRADE
NSW1,2012/10/5 23:00,7583.64,55.13,TRADE
NSW1,2012/10/5 23:30,7602.07,67.31,TRADE
NSW1,2012/10/6 0:00,7557.6,57.21,TRADE
NSW1,2012/10/6 0:30,7443.52,61.51,TRADE
NSW1,2012/10/6 1:00,7224.69,55.62,TRADE
NSW1,2012/10/6 1:30,6905.33,54.31,TRADE
NSW1,2012/10/6 2:00,6727.46,54.26,TRADE
NSW1,2012/10/6 2:30,6405.13,54.68,TRADE
NSW1,2012/10/6 3:00,6201.5,52.61,TRADE
NSW1,2012/10/6 3:30,5972.57,51.72,TRADE
NSW1,2012/10/6 4:00,5838.38,51.24,TRADE
NSW1,2012/10/6 4:30,5813.54,52.07,TRADE
NSW1,2012/10/6 5:00,5818.15,53.28,TRADE
NSW1,2012/10/6 5:30,5922.56,55.02,TRADE
NSW1,2012/10/6 6:00,5995.97,52.07,TRADE
NSW1,2012/10/6 6:30,6179.23,52.26,TRADE
NSW1,2012/10/6 7:00,6413.3,54.41,TRADE
NSW1,2012/10/6 7:30,6656.86,53.53,TRADE
NSW1,2012/10/6 8:00,7049.41,54.86,TRADE
NSW1,2012/10/6 8:30,7353.63,57.3,TRADE
NSW1,2012/10/6 9:00,7631.13,58,TRADE
NSW1,2012/10/6 9:30,7912.73,63.98,TRADE
NSW1,2012/10/6 10:00,7951.33,62.32,TRADE
NSW1,2012/10/6 10:30,8026.22,61.8,TRADE
NSW1,2012/10/6 11:00,7936.26,60.16,TRADE
NSW1,2012/10/6 11:30,7858.62,60.58,TRADE
NSW1,2012/10/6 12:00,7766.56,57.39,TRADE
NSW1,2012/10/6 12:30,7771.15,60.61,TRADE
NSW1,2012/10/6 13:00,7764.87,62.12,TRADE
NSW1,2012/10/6 13:30,7722.73,62.19,TRADE
NSW1,2012/10/6 14:00,7614.74,62.18,TRADE
NSW1,2012/10/6 14:30,7545.44,60.45,TRADE
NSW1,2012/10/6 15:00,7443.67,58.81,TRADE
NSW1,2012/10/6 15:30,7522.84,61.91,TRADE
NSW1,2012/10/6 16:00,7588.53,62.24,TRADE
NSW1,2012/10/6 16:30,7596.42,60.29,TRADE
NSW1,2012/10/6 17:00,7733.97,64.17,TRADE
NSW1,2012/10/6 17:30,7794.4,59.06,TRADE
NSW1,2012/10/6 18:00,8079.39,60.85,TRADE
NSW1,2012/10/6 18:30,8324.22,74.93,TRADE
NSW1,2012/10/6 19:00,8296.29,74,TRADE
NSW1,2012/10/6 19:30,8094.76,57.62,TRADE
NSW1,2012/10/6 20:00,7838.68,55.56,TRADE
NSW1,2012/10/6 20:30,7648.63,57.79,TRADE
NSW1,2012/10/6 21:00,7472.04,54.84,TRADE
NSW1,2012/10/6 21:30,7348.65,55.08,TRADE
NSW1,2012/10/6 22:00,7135.36,53.91,TRADE
NSW1,2012/10/6 22:30,7256.22,55.02,TRADE
NSW1,2012/10/6 23:00,7115.36,54.8,TRADE
NSW1,2012/10/6 23:30,7116.71,57.54,TRADE
NSW1,2012/10/7 0:00,6968.69,54.27,TRADE
NSW1,2012/10/7 0:30,6750.12,52.42,TRADE
NSW1,2012/10/7 1:00,6586.5,52.42,TRADE
NSW1,2012/10/7 1:30,6371.58,53.25,TRADE
NSW1,2012/10/7 2:00,6256.81,53.44,TRADE
NSW1,2012/10/7 2:30,5989.61,51.2,TRADE
NSW1,2012/10/7 3:00,5822.44,51.25,TRADE
NSW1,2012/10/7 3:30,5693.6,48.15,TRADE
NSW1,2012/10/7 4:00,5656.46,50.75,TRADE
NSW1,2012/10/7 4:30,5658.38,51.81,TRADE
NSW1,2012/10/7 5:00,5678.28,51.45,TRADE
NSW1,2012/10/7 5:30,5764.53,51.95,TRADE
NSW1,2012/10/7 6:00,5792.9,50.79,TRADE
NSW1,2012/10/7 6:30,5989.71,51.97,TRADE
NSW1,2012/10/7 7:00,6206.52,51.99,TRADE
NSW1,2012/10/7 7:30,6464.79,51.04,TRADE
NSW1,2012/10/7 8:00,6697.87,52.91,TRADE
NSW1,2012/10/7 8:30,6927.35,54.91,TRADE
NSW1,2012/10/7 9:00,7117.1,53.54,TRADE
NSW1,2012/10/7 9:30,7246.95,54.37,TRADE
NSW1,2012/10/7 10:00,7187.8,53.58,TRADE
NSW1,2012/10/7 10:30,7172.89,53.04,TRADE
NSW1,2012/10/7 11:00,7143.7,52.75,TRADE
NSW1,2012/10/7 11:30,7096.35,54.04,TRADE
NSW1,2012/10/7 12:00,7049.25,53.46,TRADE
NSW1,2012/10/7 12:30,7001.26,53.64,TRADE
NSW1,2012/10/7 13:00,6956.81,52.94,TRADE
NSW1,2012/10/7 13:30,6935.46,53.96,TRADE
NSW1,2012/10/7 14:00,6898.56,53.96,TRADE
NSW1,2012/10/7 14:30,6935.33,54.94,TRADE
NSW1,2012/10/7 15:00,6960.5,54.92,TRADE
NSW1,2012/10/7 15:30,7040.38,56.33,TRADE
NSW1,2012/10/7 16:00,7107.06,55.99,TRADE
NSW1,2012/10/7 16:30,7148.4,56.21,TRADE
NSW1,2012/10/7 17:00,7333.42,57.47,TRADE
NSW1,2012/10/7 17:30,7486.32,51.98,TRADE
NSW1,2012/10/7 18:00,7625.23,55.15,TRADE
NSW1,2012/10/7 18:30,7936.64,61.13,TRADE
NSW1,2012/10/7 19:00,8082.64,62.22,TRADE
NSW1,2012/10/7 19:30,7986.67,62.19,TRADE
NSW1,2012/10/7 20:00,7844.99,57.58,TRADE
NSW1,2012/10/7 20:30,7667.73,58.1,TRADE
NSW1,2012/10/7 21:00,7451.51,55.38,TRADE
NSW1,2012/10/7 21:30,7277.82,55.39,TRADE
NSW1,2012/10/7 22:00,7090.97,54.8,TRADE
NSW1,2012/10/7 22:30,7119.57,56.74,TRADE
NSW1,2012/10/7 23:00,6936.21,54.98,TRADE
NSW1,2012/10/7 23:30,6786.4,55.6,TRADE
NSW1,2012/10/8 0:00,6682.14,55.43,TRADE
NSW1,2012/10/8 0:30,6551.21,54.97,TRADE
NSW1,2012/10/8 1:00,6455.64,55,TRADE
NSW1,2012/10/8 1:30,6269.97,55.12,TRADE
NSW1,2012/10/8 2:00,6036.51,54.82,TRADE
NSW1,2012/10/8 2:30,5914.52,53.6,TRADE
NSW1,2012/10/8 3:00,5826.32,53.33,TRADE
NSW1,2012/10/8 3:30,5800.22,53.34,TRADE
NSW1,2012/10/8 4:00,5895.51,54.44,TRADE
NSW1,2012/10/8 4:30,6094.56,54.95,TRADE
NSW1,2012/10/8 5:00,6364.12,55.18,TRADE
NSW1,2012/10/8 5:30,6891.64,57.89,TRADE
NSW1,2012/10/8 6:00,7379.98,63.8,TRADE
NSW1,2012/10/8 6:30,7808.85,67.94,TRADE
NSW1,2012/10/8 7:00,8212.66,71.03,TRADE
NSW1,2012/10/8 7:30,8217.71,62.82,TRADE
NSW1,2012/10/8 8:00,8232.92,63,TRADE
NSW1,2012/10/8 8:30,8309.2,70.39,TRADE
NSW1,2012/10/8 9:00,8367.19,73.77,TRADE
NSW1,2012/10/8 9:30,8410.91,88.35,TRADE
NSW1,2012/10/8 10:00,8456.86,61.73,TRADE
NSW1,2012/10/8 10:30,8433.34,62.41,TRADE
NSW1,2012/10/8 11:00,8398.22,59.87,TRADE
NSW1,2012/10/8 11:30,8337.53,61.58,TRADE
NSW1,2012/10/8 12:00,8316.73,64.19,TRADE
NSW1,2012/10/8 12:30,8247.89,64.47,TRADE
NSW1,2012/10/8 13:00,8200.89,62.19,TRADE
NSW1,2012/10/8 13:30,8188.99,62.31,TRADE
NSW1,2012/10/8 14:00,8169.92,62.19,TRADE
NSW1,2012/10/8 14:30,8078.59,60.36,TRADE
NSW1,2012/10/8 15:00,8091.97,60.13,TRADE
NSW1,2012/10/8 15:30,8145.85,62.03,TRADE
NSW1,2012/10/8 16:00,8180.75,62.19,TRADE
NSW1,2012/10/8 16:30,8260.3,62.82,TRADE
NSW1,2012/10/8 17:00,8398.9,67.21,TRADE
NSW1,2012/10/8 17:30,8473.31,62.51,TRADE
NSW1,2012/10/8 18:00,8591.19,62.24,TRADE
NSW1,2012/10/8 18:30,8726.69,68.39,TRADE
NSW1,2012/10/8 19:00,8662.01,67.38,TRADE
NSW1,2012/10/8 19:30,8458.14,71.2,TRADE
NSW1,2012/10/8 20:00,8320.33,65.4,TRADE
NSW1,2012/10/8 20:30,8162.79,64.28,TRADE
NSW1,2012/10/8 21:00,7925.71,59.53,TRADE
NSW1,2012/10/8 21:30,7816.4,56.15,TRADE
NSW1,2012/10/8 22:00,7672.63,55.2,TRADE
NSW1,2012/10/8 22:30,7702.18,60.25,TRADE
NSW1,2012/10/8 23:00,7591.84,56.63,TRADE
NSW1,2012/10/8 23:30,7485.58,62.01,TRADE
NSW1,2012/10/9 0:00,7383.54,59.98,TRADE
NSW1,2012/10/9 0:30,7265.38,57.83,TRADE
NSW1,2012/10/9 1:00,7048.17,56.17,TRADE
NSW1,2012/10/9 1:30,6771.19,55.42,TRADE
NSW1,2012/10/9 2:00,6486.14,55,TRADE
NSW1,2012/10/9 2:30,6267.42,54.99,TRADE
NSW1,2012/10/9 3:00,6123.53,54.99,TRADE
NSW1,2012/10/9 3:30,6014.03,54.98,TRADE
NSW1,2012/10/9 4:00,6119.83,55,TRADE
NSW1,2012/10/9 4:30,6320.36,55.26,TRADE
NSW1,2012/10/9 5:00,6682.82,57.25,TRADE
NSW1,2012/10/9 5:30,7244.25,61.93,TRADE
NSW1,2012/10/9 6:00,7793.97,84.93,TRADE
NSW1,2012/10/9 6:30,8042.54,81.76,TRADE
NSW1,2012/10/9 7:00,8406.72,88.27,TRADE
NSW1,2012/10/9 7:30,8369.06,74.49,TRADE
NSW1,2012/10/9 8:00,8400.18,75.72,TRADE
NSW1,2012/10/9 8:30,8445,72.41,TRADE
NSW1,2012/10/9 9:00,8471.55,67.36,TRADE
NSW1,2012/10/9 9:30,8493.55,65.83,TRADE
NSW1,2012/10/9 10:00,8390.07,61.91,TRADE
NSW1,2012/10/9 10:30,8350.52,62.19,TRADE
NSW1,2012/10/9 11:00,8296.45,68.55,TRADE
NSW1,2012/10/9 11:30,8210.46,71.32,TRADE
NSW1,2012/10/9 12:00,8190.98,72.94,TRADE
NSW1,2012/10/9 12:30,8169.65,68.44,TRADE
NSW1,2012/10/9 13:00,8149.22,70.05,TRADE
NSW1,2012/10/9 13:30,8138.06,70.48,TRADE
NSW1,2012/10/9 14:00,8105.61,70.14,TRADE
NSW1,2012/10/9 14:30,8116.53,77.61,TRADE
NSW1,2012/10/9 15:00,8084.23,77.55,TRADE
NSW1,2012/10/9 15:30,8183.88,77.98,TRADE
NSW1,2012/10/9 16:00,8231.16,83.2,TRADE
NSW1,2012/10/9 16:30,8331.88,82.43,TRADE
NSW1,2012/10/9 17:00,8433.24,72.97,TRADE
NSW1,2012/10/9 17:30,8478.6,69.63,TRADE
NSW1,2012/10/9 18:00,8499.65,68.36,TRADE
NSW1,2012/10/9 18:30,8649.52,71.73,TRADE
NSW1,2012/10/9 19:00,8715.65,75.98,TRADE
NSW1,2012/10/9 19:30,8577.48,82.5,TRADE
NSW1,2012/10/9 20:00,8385.19,70.79,TRADE
NSW1,2012/10/9 20:30,8215.75,71.31,TRADE
NSW1,2012/10/9 21:00,7898.62,60.63,TRADE
NSW1,2012/10/9 21:30,7858.57,58.02,TRADE
NSW1,2012/10/9 22:00,7693.78,54.17,TRADE
NSW1,2012/10/9 22:30,7741.68,60.29,TRADE
NSW1,2012/10/9 23:00,7593.58,55.4,TRADE
NSW1,2012/10/9 23:30,7462.64,55.8,TRADE
NSW1,2012/10/10 0:00,7346.95,56.18,TRADE
NSW1,2012/10/10 0:30,7219.35,55.69,TRADE
NSW1,2012/10/10 1:00,7013.18,54.69,TRADE
NSW1,2012/10/10 1:30,6713.39,54.36,TRADE
NSW1,2012/10/10 2:00,6412.79,54.22,TRADE
NSW1,2012/10/10 2:30,6158.45,52.5,TRADE
NSW1,2012/10/10 3:00,6041.57,51.9,TRADE
NSW1,2012/10/10 3:30,5989.71,51.97,TRADE
NSW1,2012/10/10 4:00,6055.57,53.11,TRADE
NSW1,2012/10/10 4:30,6266.75,54.99,TRADE
NSW1,2012/10/10 5:00,6612.1,56.07,TRADE
NSW1,2012/10/10 5:30,7229.37,62.38,TRADE
NSW1,2012/10/10 6:00,7770.46,78.67,TRADE
NSW1,2012/10/10 6:30,8155.82,84.31,TRADE
NSW1,2012/10/10 7:00,8468.67,91.3,TRADE
NSW1,2012/10/10 7:30,8494.72,65.06,TRADE
NSW1,2012/10/10 8:00,8457.31,68.91,TRADE
NSW1,2012/10/10 8:30,8465.94,71.52,TRADE
NSW1,2012/10/10 9:00,8419.94,60.71,TRADE
NSW1,2012/10/10 9:30,8439.83,63.5,TRADE
NSW1,2012/10/10 10:00,8366.29,66.74,TRADE
NSW1,2012/10/10 10:30,8330.9,61.66,TRADE
NSW1,2012/10/10 11:00,8308.13,68.23,TRADE
NSW1,2012/10/10 11:30,8255.45,62.71,TRADE
NSW1,2012/10/10 12:00,8187.75,70.6,TRADE
NSW1,2012/10/10 12:30,8200.28,66.43,TRADE
NSW1,2012/10/10 13:00,8129.9,57.81,TRADE
NSW1,2012/10/10 13:30,8193.99,61.15,TRADE
NSW1,2012/10/10 14:00,8144.78,61.92,TRADE
NSW1,2012/10/10 14:30,8087.67,60.31,TRADE
NSW1,2012/10/10 15:00,8126.56,56.29,TRADE
NSW1,2012/10/10 15:30,8164.42,55.9,TRADE
NSW1,2012/10/10 16:00,8241.7,55.35,TRADE
NSW1,2012/10/10 16:30,8311.72,55.62,TRADE
NSW1,2012/10/10 17:00,8365.08,55.35,TRADE
NSW1,2012/10/10 17:30,8332.65,54.98,TRADE
NSW1,2012/10/10 18:00,8425.41,55,TRADE
NSW1,2012/10/10 18:30,8525.82,55.82,TRADE
NSW1,2012/10/10 19:00,8617.89,59.33,TRADE
NSW1,2012/10/10 19:30,8458.15,67.85,TRADE
NSW1,2012/10/10 20:00,8313.71,59.75,TRADE
NSW1,2012/10/10 20:30,8079.13,56.53,TRADE
NSW1,2012/10/10 21:00,7818.59,54.92,TRADE
NSW1,2012/10/10 21:30,7808.47,53.83,TRADE
NSW1,2012/10/10 22:00,7605.01,50.31,TRADE
NSW1,2012/10/10 22:30,7582.84,59.46,TRADE
NSW1,2012/10/10 23:00,7462.05,54.31,TRADE
NSW1,2012/10/10 23:30,7310.16,54.75,TRADE
NSW1,2012/10/11 0:00,7261.29,54.75,TRADE
NSW1,2012/10/11 0:30,7088.45,54.83,TRADE
NSW1,2012/10/11 1:00,6925.51,54.69,TRADE
NSW1,2012/10/11 1:30,6636.8,53.98,TRADE
NSW1,2012/10/11 2:00,6401.95,53.48,TRADE
NSW1,2012/10/11 2:30,6197.75,51.54,TRADE
NSW1,2012/10/11 3:00,6154.93,51.82,TRADE
NSW1,2012/10/11 3:30,6076.74,51.55,TRADE
NSW1,2012/10/11 4:00,6077.08,51.86,TRADE
NSW1,2012/10/11 4:30,6300.14,53.28,TRADE
NSW1,2012/10/11 5:00,6575.44,55.26,TRADE
NSW1,2012/10/11 5:30,7179.55,59.32,TRADE
NSW1,2012/10/11 6:00,7716.39,61.85,TRADE
NSW1,2012/10/11 6:30,8122.28,62.91,TRADE
NSW1,2012/10/11 7:00,8570.04,81.26,TRADE
NSW1,2012/10/11 7:30,8712.82,55.93,TRADE
NSW1,2012/10/11 8:00,8706.43,62.76,TRADE
NSW1,2012/10/11 8:30,8817.44,87.45,TRADE
NSW1,2012/10/11 9:00,8861.7,76.46,TRADE
NSW1,2012/10/11 9:30,8902.92,84.51,TRADE
NSW1,2012/10/11 10:00,8897.52,94.69,TRADE
NSW1,2012/10/11 10:30,8851.93,90.84,TRADE
NSW1,2012/10/11 11:00,8839.85,109.73,TRADE
NSW1,2012/10/11 11:30,8778.31,120.02,TRADE
NSW1,2012/10/11 12:00,8685.79,106.01,TRADE
NSW1,2012/10/11 12:30,8612.33,117.75,TRADE
NSW1,2012/10/11 13:00,8508.05,84.34,TRADE
NSW1,2012/10/11 13:30,8479.28,84.01,TRADE
NSW1,2012/10/11 14:00,8417.86,82.34,TRADE
NSW1,2012/10/11 14:30,8338.55,82.49,TRADE
NSW1,2012/10/11 15:00,8328.88,80.38,TRADE
NSW1,2012/10/11 15:30,8360.56,82.94,TRADE
NSW1,2012/10/11 16:00,8477.38,87.46,TRADE
NSW1,2012/10/11 16:30,8544.58,81.06,TRADE
NSW1,2012/10/11 17:00,8703.6,78.51,TRADE
NSW1,2012/10/11 17:30,8704.61,64.86,TRADE
NSW1,2012/10/11 18:00,8789.42,67.85,TRADE
NSW1,2012/10/11 18:30,8899.09,64.74,TRADE
NSW1,2012/10/11 19:00,8978.86,69.49,TRADE
NSW1,2012/10/11 19:30,8792.21,95.57,TRADE
NSW1,2012/10/11 20:00,8630.84,81.69,TRADE
NSW1,2012/10/11 20:30,8357.47,70.88,TRADE
NSW1,2012/10/11 21:00,8094.04,68.02,TRADE
NSW1,2012/10/11 21:30,8055.61,59.33,TRADE
NSW1,2012/10/11 22:00,7833.58,53.85,TRADE
NSW1,2012/10/11 22:30,7846.78,65.13,TRADE
NSW1,2012/10/11 23:00,7718.58,63.65,TRADE
NSW1,2012/10/11 23:30,7588.74,62.84,TRADE
NSW1,2012/10/12 0:00,7482.91,60.88,TRADE
NSW1,2012/10/12 0:30,7352.72,59.69,TRADE
NSW1,2012/10/12 1:00,7181.93,55.56,TRADE
NSW1,2012/10/12 1:30,6854.63,55,TRADE
NSW1,2012/10/12 2:00,6564.42,54.31,TRADE
NSW1,2012/10/12 2:30,6335.06,52.7,TRADE
NSW1,2012/10/12 3:00,6233.33,51.97,TRADE
NSW1,2012/10/12 3:30,6153.52,50.66,TRADE
NSW1,2012/10/12 4:00,6223.12,53.03,TRADE
NSW1,2012/10/12 4:30,6494.4,54.22,TRADE
NSW1,2012/10/12 5:00,6824.67,55.67,TRADE
NSW1,2012/10/12 5:30,7491.75,63.58,TRADE
NSW1,2012/10/12 6:00,8021.11,77.66,TRADE
NSW1,2012/10/12 6:30,8500.65,88.68,TRADE
NSW1,2012/10/12 7:00,9025.77,110,TRADE
NSW1,2012/10/12 7:30,9203.35,83.43,TRADE
NSW1,2012/10/12 8:00,9279.6,80,TRADE
NSW1,2012/10/12 8:30,9434.51,85.58,TRADE
NSW1,2012/10/12 9:00,9365.94,79.58,TRADE
NSW1,2012/10/12 9:30,9357.72,81.21,TRADE
NSW1,2012/10/12 10:00,9272.63,75.88,TRADE
NSW1,2012/10/12 10:30,9238.88,65.26,TRADE
NSW1,2012/10/12 11:00,9225.54,57.46,TRADE
NSW1,2012/10/12 11:30,9145.6,64.14,TRADE
NSW1,2012/10/12 12:00,9076.23,63.85,TRADE
NSW1,2012/10/12 12:30,9062.5,64.51,TRADE
NSW1,2012/10/12 13:00,8928.31,63.38,TRADE
NSW1,2012/10/12 13:30,8897.96,66.92,TRADE
NSW1,2012/10/12 14:00,8753.51,61.26,TRADE
NSW1,2012/10/12 14:30,8634.93,60.07,TRADE
NSW1,2012/10/12 15:00,8621.11,60.65,TRADE
NSW1,2012/10/12 15:30,8596.48,59.79,TRADE
NSW1,2012/10/12 16:00,8592.88,59.68,TRADE
NSW1,2012/10/12 16:30,8614.56,58.3,TRADE
NSW1,2012/10/12 17:00,8659.7,60.99,TRADE
NSW1,2012/10/12 17:30,8655.05,57.89,TRADE
NSW1,2012/10/12 18:00,8726.8,55.31,TRADE
NSW1,2012/10/12 18:30,8853.21,57.18,TRADE
NSW1,2012/10/12 19:00,9033.25,60.1,TRADE
NSW1,2012/10/12 19:30,8946.32,69.98,TRADE
NSW1,2012/10/12 20:00,8790.08,64.83,TRADE
NSW1,2012/10/12 20:30,8554.29,59.45,TRADE
NSW1,2012/10/12 21:00,8338.48,60.34,TRADE
NSW1,2012/10/12 21:30,8318.22,60.11,TRADE
NSW1,2012/10/12 22:00,8190.4,55.02,TRADE
NSW1,2012/10/12 22:30,8227.7,71.14,TRADE
NSW1,2012/10/12 23:00,8073.42,68,TRADE
NSW1,2012/10/12 23:30,7917.17,64.21,TRADE
NSW1,2012/10/13 0:00,7832.91,63.06,TRADE
NSW1,2012/10/13 0:30,7623.38,61.41,TRADE
NSW1,2012/10/13 1:00,7373.26,58.51,TRADE
NSW1,2012/10/13 1:30,7022.17,55.01,TRADE
NSW1,2012/10/13 2:00,6716.78,54.98,TRADE
NSW1,2012/10/13 2:30,6410.64,53.11,TRADE
NSW1,2012/10/13 3:00,6268.63,52.35,TRADE
NSW1,2012/10/13 3:30,6244.7,51.99,TRADE
NSW1,2012/10/13 4:00,6192.03,51.97,TRADE
NSW1,2012/10/13 4:30,6269.11,52.51,TRADE
NSW1,2012/10/13 5:00,6344.42,54.17,TRADE
NSW1,2012/10/13 5:30,6577.26,55.03,TRADE
NSW1,2012/10/13 6:00,6787.26,54.86,TRADE
NSW1,2012/10/13 6:30,7114.79,61.99,TRADE
NSW1,2012/10/13 7:00,7531.29,63.2,TRADE
NSW1,2012/10/13 7:30,7840.2,63.48,TRADE
NSW1,2012/10/13 8:00,8107.22,65.03,TRADE
NSW1,2012/10/13 8:30,8257.34,67.36,TRADE
NSW1,2012/10/13 9:00,8224.41,61.78,TRADE
NSW1,2012/10/13 9:30,8181.27,60.04,TRADE
NSW1,2012/10/13 10:00,8033.95,55.42,TRADE
NSW1,2012/10/13 10:30,7825.14,55.04,TRADE
NSW1,2012/10/13 11:00,7748.86,55,TRADE
NSW1,2012/10/13 11:30,7651.96,55.11,TRADE
NSW1,2012/10/13 12:00,7555.6,54.54,TRADE
NSW1,2012/10/13 12:30,7468.5,54.35,TRADE
NSW1,2012/10/13 13:00,7440.39,54.81,TRADE
NSW1,2012/10/13 13:30,7325.85,53.35,TRADE
NSW1,2012/10/13 14:00,7281.63,52.09,TRADE
NSW1,2012/10/13 14:30,7209.4,53.3,TRADE
NSW1,2012/10/13 15:00,7274.05,54.2,TRADE
NSW1,2012/10/13 15:30,7286.16,55.01,TRADE
NSW1,2012/10/13 16:00,7409.99,55.22,TRADE
NSW1,2012/10/13 16:30,7381.61,55.19,TRADE
NSW1,2012/10/13 17:00,7539.37,57.26,TRADE
NSW1,2012/10/13 17:30,7701.24,57.17,TRADE
NSW1,2012/10/13 18:00,7860.73,56.18,TRADE
NSW1,2012/10/13 18:30,8039.71,61.89,TRADE
NSW1,2012/10/13 19:00,8157.07,65.65,TRADE
NSW1,2012/10/13 19:30,8069.83,65.23,TRADE
NSW1,2012/10/13 20:00,7971.71,63.36,TRADE
NSW1,2012/10/13 20:30,7837.97,61.97,TRADE
NSW1,2012/10/13 21:00,7683.34,59.07,TRADE
NSW1,2012/10/13 21:30,7611.92,56.48,TRADE
NSW1,2012/10/13 22:00,7521.06,55.08,TRADE
NSW1,2012/10/13 22:30,7528.98,61.72,TRADE
NSW1,2012/10/13 23:00,7333.89,61.12,TRADE
NSW1,2012/10/13 23:30,7124.91,61.9,TRADE
NSW1,2012/10/14 0:00,6999.51,60.32,TRADE
NSW1,2012/10/14 0:30,6867.53,58.83,TRADE
NSW1,2012/10/14 1:00,6679.1,56.15,TRADE
NSW1,2012/10/14 1:30,6448.07,55.12,TRADE
NSW1,2012/10/14 2:00,6183.64,53.38,TRADE
NSW1,2012/10/14 2:30,5991.05,51.94,TRADE
NSW1,2012/10/14 3:00,5873.08,51.91,TRADE
NSW1,2012/10/14 3:30,5854.07,51.93,TRADE
NSW1,2012/10/14 4:00,5799.42,51.93,TRADE
NSW1,2012/10/14 4:30,5906.18,53.16,TRADE
NSW1,2012/10/14 5:00,5942.61,53.48,TRADE
NSW1,2012/10/14 5:30,6104.54,54.97,TRADE
NSW1,2012/10/14 6:00,6212.82,53.91,TRADE
NSW1,2012/10/14 6:30,6453.63,54.97,TRADE
NSW1,2012/10/14 7:00,6780.68,54.98,TRADE
NSW1,2012/10/14 7:30,7000.61,52.67,TRADE
NSW1,2012/10/14 8:00,7316.4,55.03,TRADE
NSW1,2012/10/14 8:30,7497.36,55.04,TRADE
NSW1,2012/10/14 9:00,7570.63,55.45,TRADE
NSW1,2012/10/14 9:30,7649.87,55.2,TRADE
NSW1,2012/10/14 10:00,7588.19,55.01,TRADE
NSW1,2012/10/14 10:30,7509.94,55.01,TRADE
NSW1,2012/10/14 11:00,7434.13,55,TRADE
NSW1,2012/10/14 11:30,7323.37,54.63,TRADE
NSW1,2012/10/14 12:00,7230.44,53.09,TRADE
NSW1,2012/10/14 12:30,7159.37,52.6,TRADE
NSW1,2012/10/14 13:00,7027.22,52.17,TRADE
NSW1,2012/10/14 13:30,6988.78,52.58,TRADE
NSW1,2012/10/14 14:00,6946.95,52.54,TRADE
NSW1,2012/10/14 14:30,6929.11,52.8,TRADE
NSW1,2012/10/14 15:00,6968.76,53.2,TRADE
NSW1,2012/10/14 15:30,7032.06,53.36,TRADE
NSW1,2012/10/14 16:00,7116.44,53.75,TRADE
NSW1,2012/10/14 16:30,7148.52,54.95,TRADE
NSW1,2012/10/14 17:00,7342.26,55.19,TRADE
NSW1,2012/10/14 17:30,7553.28,56.31,TRADE
NSW1,2012/10/14 18:00,7697.2,57.62,TRADE
NSW1,2012/10/14 18:30,7948.21,62.06,TRADE
NSW1,2012/10/14 19:00,8157.89,66.01,TRADE
NSW1,2012/10/14 19:30,8056.72,65.2,TRADE
NSW1,2012/10/14 20:00,7989.35,64.21,TRADE
NSW1,2012/10/14 20:30,7792.22,58.1,TRADE
NSW1,2012/10/14 21:00,7505.11,56.4,TRADE
NSW1,2012/10/14 21:30,7417.27,55.08,TRADE
NSW1,2012/10/14 22:00,7219.52,53.86,TRADE
NSW1,2012/10/14 22:30,7196.69,58.74,TRADE
NSW1,2012/10/14 23:00,6985.41,55.04,TRADE
NSW1,2012/10/14 23:30,6804.87,54.97,TRADE
NSW1,2012/10/15 0:00,6757.07,54.1,TRADE
NSW1,2012/10/15 0:30,6611.4,53.91,TRADE
NSW1,2012/10/15 1:00,6457.07,53.34,TRADE
NSW1,2012/10/15 1:30,6205.98,51.93,TRADE
NSW1,2012/10/15 2:00,5996.08,51.57,TRADE
NSW1,2012/10/15 2:30,5896.44,50.33,TRADE
NSW1,2012/10/15 3:00,5833.46,49.08,TRADE
NSW1,2012/10/15 3:30,5832.29,49.7,TRADE
NSW1,2012/10/15 4:00,5997.48,51.18,TRADE
NSW1,2012/10/15 4:30,6227.33,51.58,TRADE
NSW1,2012/10/15 5:00,6577.43,53.94,TRADE
NSW1,2012/10/15 5:30,7162.31,60.78,TRADE
NSW1,2012/10/15 6:00,7792.05,65.8,TRADE
NSW1,2012/10/15 6:30,8199.01,67.75,TRADE
NSW1,2012/10/15 7:00,8533.96,63.22,TRADE
NSW1,2012/10/15 7:30,8555.84,55.98,TRADE
NSW1,2012/10/15 8:00,8518.61,55.78,TRADE
NSW1,2012/10/15 8:30,8513.38,55.62,TRADE
NSW1,2012/10/15 9:00,8490.35,55.5,TRADE
NSW1,2012/10/15 9:30,8505.6,55.36,TRADE
NSW1,2012/10/15 10:00,8437.81,55.27,TRADE
NSW1,2012/10/15 10:30,8327.79,53.83,TRADE
NSW1,2012/10/15 11:00,8342.47,52.31,TRADE
NSW1,2012/10/15 11:30,8276.21,52.71,TRADE
NSW1,2012/10/15 12:00,8242.84,52.3,TRADE
NSW1,2012/10/15 12:30,8250.03,54.48,TRADE
NSW1,2012/10/15 13:00,8222,54.05,TRADE
NSW1,2012/10/15 13:30,8248.06,55,TRADE
NSW1,2012/10/15 14:00,8264.4,54.15,TRADE
NSW1,2012/10/15 14:30,8175.51,55,TRADE
NSW1,2012/10/15 15:00,8236.8,55.4,TRADE
NSW1,2012/10/15 15:30,8210.41,52.26,TRADE
NSW1,2012/10/15 16:00,8225.49,54.05,TRADE
NSW1,2012/10/15 16:30,8354.4,54.99,TRADE
NSW1,2012/10/15 17:00,8409.88,55,TRADE
NSW1,2012/10/15 17:30,8368.35,55,TRADE
NSW1,2012/10/15 18:00,8391.1,52.63,TRADE
NSW1,2012/10/15 18:30,8520.63,54.42,TRADE
NSW1,2012/10/15 19:00,8562.86,55.05,TRADE
NSW1,2012/10/15 19:30,8407.53,57.13,TRADE
NSW1,2012/10/15 20:00,8187.42,55.15,TRADE
NSW1,2012/10/15 20:30,8007.68,55.99,TRADE
NSW1,2012/10/15 21:00,7714.84,53.5,TRADE
NSW1,2012/10/15 21:30,7707.73,52.44,TRADE
NSW1,2012/10/15 22:00,7525.73,51.92,TRADE
NSW1,2012/10/15 22:30,7467.59,61.7,TRADE
NSW1,2012/10/15 23:00,7420.85,55.33,TRADE
NSW1,2012/10/15 23:30,7245.77,55.57,TRADE
NSW1,2012/10/16 0:00,7210.75,55.52,TRADE
NSW1,2012/10/16 0:30,7068.99,57.26,TRADE
NSW1,2012/10/16 1:00,6833.1,55.34,TRADE
NSW1,2012/10/16 1:30,6542.75,54.88,TRADE
NSW1,2012/10/16 2:00,6273.15,53.57,TRADE
NSW1,2012/10/16 2:30,6071.29,51.92,TRADE
NSW1,2012/10/16 3:00,5937.29,51.93,TRADE
NSW1,2012/10/16 3:30,5906.39,51.9,TRADE
NSW1,2012/10/16 4:00,5929.36,51.65,TRADE
NSW1,2012/10/16 4:30,6113.5,52.29,TRADE
NSW1,2012/10/16 5:00,6450.88,55.26,TRADE
NSW1,2012/10/16 5:30,7015.37,59.26,TRADE
NSW1,2012/10/16 6:00,7514.39,58.06,TRADE
NSW1,2012/10/16 6:30,7899.45,56.66,TRADE
NSW1,2012/10/16 7:00,8236.71,61.24,TRADE
NSW1,2012/10/16 7:30,8218.1,52.07,TRADE
NSW1,2012/10/16 8:00,8235.03,52.12,TRADE
NSW1,2012/10/16 8:30,8299.58,53.54,TRADE
NSW1,2012/10/16 9:00,8327.3,52.64,TRADE
NSW1,2012/10/16 9:30,8328.44,52.36,TRADE
NSW1,2012/10/16 10:00,8353.81,53.36,TRADE
NSW1,2012/10/16 10:30,8393.19,53.43,TRADE
NSW1,2012/10/16 11:00,8414.26,54.92,TRADE
NSW1,2012/10/16 11:30,8454.89,50.93,TRADE
NSW1,2012/10/16 12:00,8535.46,52.85,TRADE
NSW1,2012/10/16 12:30,8588.34,53.39,TRADE
NSW1,2012/10/16 13:00,8660.99,55.7,TRADE
NSW1,2012/10/16 13:30,8665.69,53.44,TRADE
NSW1,2012/10/16 14:00,8708.31,54.07,TRADE
NSW1,2012/10/16 14:30,8682.3,59.56,TRADE
NSW1,2012/10/16 15:00,8800.3,63.11,TRADE
NSW1,2012/10/16 15:30,8856.86,254.06,TRADE
NSW1,2012/10/16 16:00,8887.83,200.63,TRADE
NSW1,2012/10/16 16:30,8909.02,277.89,TRADE
NSW1,2012/10/16 17:00,8912.52,272.96,TRADE
NSW1,2012/10/16 17:30,8723.95,259.67,TRADE
NSW1,2012/10/16 18:00,8693.52,52.01,TRADE
NSW1,2012/10/16 18:30,8677.28,60.42,TRADE
NSW1,2012/10/16 19:00,8628.14,54.65,TRADE
NSW1,2012/10/16 19:30,8412.9,55.64,TRADE
NSW1,2012/10/16 20:00,8244.45,55.35,TRADE
NSW1,2012/10/16 20:30,7853.6,52.53,TRADE
NSW1,2012/10/16 21:00,7597.72,52.25,TRADE
NSW1,2012/10/16 21:30,7691.12,52.62,TRADE
NSW1,2012/10/16 22:00,7558.09,52.01,TRADE
NSW1,2012/10/16 22:30,7539.33,61.63,TRADE
NSW1,2012/10/16 23:00,7365.22,54.14,TRADE
NSW1,2012/10/16 23:30,7216.12,53.58,TRADE
NSW1,2012/10/17 0:00,7112.06,52.32,TRADE
NSW1,2012/10/17 0:30,6965.31,53.14,TRADE
NSW1,2012/10/17 1:00,6704.45,54.68,TRADE
NSW1,2012/10/17 1:30,6450.43,53.77,TRADE
NSW1,2012/10/17 2:00,6167.67,51.59,TRADE
NSW1,2012/10/17 2:30,5887.87,49.45,TRADE
NSW1,2012/10/17 3:00,5829.74,50.15,TRADE
NSW1,2012/10/17 3:30,5773.02,49.78,TRADE
NSW1,2012/10/17 4:00,5861.93,51.17,TRADE
NSW1,2012/10/17 4:30,6078.34,51.95,TRADE
NSW1,2012/10/17 5:00,6452.82,54.96,TRADE
NSW1,2012/10/17 5:30,6938.38,55.75,TRADE
NSW1,2012/10/17 6:00,7481.28,59.86,TRADE
NSW1,2012/10/17 6:30,7827.35,62.43,TRADE
NSW1,2012/10/17 7:00,8149.44,64.49,TRADE
NSW1,2012/10/17 7:30,8248.71,53.72,TRADE
NSW1,2012/10/17 8:00,8289.17,54.94,TRADE
NSW1,2012/10/17 8:30,8415.31,54.97,TRADE
NSW1,2012/10/17 9:00,8490.11,54.93,TRADE
NSW1,2012/10/17 9:30,8571.28,55.25,TRADE
NSW1,2012/10/17 10:00,8544.14,55.01,TRADE
NSW1,2012/10/17 10:30,8483.07,55,TRADE
NSW1,2012/10/17 11:00,8472.51,52.23,TRADE
NSW1,2012/10/17 11:30,8399.55,52.13,TRADE
NSW1,2012/10/17 12:00,8337.07,52.62,TRADE
NSW1,2012/10/17 12:30,8284.9,52.68,TRADE
NSW1,2012/10/17 13:00,8311.92,52.87,TRADE
NSW1,2012/10/17 13:30,8329.78,53.85,TRADE
NSW1,2012/10/17 14:00,8260.15,54.34,TRADE
NSW1,2012/10/17 14:30,8244.52,53.53,TRADE
NSW1,2012/10/17 15:00,8237.79,53.2,TRADE
NSW1,2012/10/17 15:30,8224.17,54.35,TRADE
NSW1,2012/10/17 16:00,8313.59,56.01,TRADE
NSW1,2012/10/17 16:30,8290.33,54.99,TRADE
NSW1,2012/10/17 17:00,8256.83,53.4,TRADE
NSW1,2012/10/17 17:30,8120.34,52.3,TRADE
NSW1,2012/10/17 18:00,8141.98,53.09,TRADE
NSW1,2012/10/17 18:30,8172.89,53.4,TRADE
NSW1,2012/10/17 19:00,8291.68,55.97,TRADE
NSW1,2012/10/17 19:30,8243.35,55.47,TRADE
NSW1,2012/10/17 20:00,8149.48,54.99,TRADE
NSW1,2012/10/17 20:30,7914.6,53.62,TRADE
NSW1,2012/10/17 21:00,7702.66,51.96,TRADE
NSW1,2012/10/17 21:30,7674.81,52.23,TRADE
NSW1,2012/10/17 22:00,7465.37,51.91,TRADE
NSW1,2012/10/17 22:30,7474.5,57.23,TRADE
NSW1,2012/10/17 23:00,7372.72,54.36,TRADE
NSW1,2012/10/17 23:30,7275.53,54.97,TRADE
NSW1,2012/10/18 0:00,7165.2,53.63,TRADE
NSW1,2012/10/18 0:30,6979.85,54.91,TRADE
NSW1,2012/10/18 1:00,6797.95,54.16,TRADE
NSW1,2012/10/18 1:30,6492.95,53.18,TRADE
NSW1,2012/10/18 2:00,6224.25,51.31,TRADE
NSW1,2012/10/18 2:30,6031.28,49.26,TRADE
NSW1,2012/10/18 3:00,5902.69,49.72,TRADE
NSW1,2012/10/18 3:30,5866.37,49.76,TRADE
NSW1,2012/10/18 4:00,5929.5,49.78,TRADE
NSW1,2012/10/18 4:30,6186.79,51.98,TRADE
NSW1,2012/10/18 5:00,6535.6,54.27,TRADE
NSW1,2012/10/18 5:30,7079.01,58.83,TRADE
NSW1,2012/10/18 6:00,7608.3,61.25,TRADE
NSW1,2012/10/18 6:30,8008.01,59.15,TRADE
NSW1,2012/10/18 7:00,8352.9,61.68,TRADE
NSW1,2012/10/18 7:30,8349.09,54.4,TRADE
NSW1,2012/10/18 8:00,8320.22,54.95,TRADE
NSW1,2012/10/18 8:30,8440.14,55.02,TRADE
NSW1,2012/10/18 9:00,8496.37,55,TRADE
NSW1,2012/10/18 9:30,8528.07,55.67,TRADE
NSW1,2012/10/18 10:00,8495.15,55.02,TRADE
NSW1,2012/10/18 10:30,8479.43,55.52,TRADE
NSW1,2012/10/18 11:00,8489.92,57.53,TRADE
NSW1,2012/10/18 11:30,8441.42,56.92,TRADE
NSW1,2012/10/18 12:00,8375.21,56.52,TRADE
NSW1,2012/10/18 12:30,8370.81,56.47,TRADE
NSW1,2012/10/18 13:00,8391.05,56.96,TRADE
NSW1,2012/10/18 13:30,8377.52,57.86,TRADE
NSW1,2012/10/18 14:00,8336.22,57.3,TRADE
NSW1,2012/10/18 14:30,8288.61,56.26,TRADE
NSW1,2012/10/18 15:00,8335.35,56.2,TRADE
NSW1,2012/10/18 15:30,8324.64,55.99,TRADE
NSW1,2012/10/18 16:00,8366.08,56.63,TRADE
NSW1,2012/10/18 16:30,8430.27,57.13,TRADE
NSW1,2012/10/18 17:00,8484.6,57.86,TRADE
NSW1,2012/10/18 17:30,8449.44,55.98,TRADE
NSW1,2012/10/18 18:00,8449.39,56.71,TRADE
NSW1,2012/10/18 18:30,8457.21,55.24,TRADE
NSW1,2012/10/18 19:00,8560.95,57.18,TRADE
NSW1,2012/10/18 19:30,8444.59,56.14,TRADE
NSW1,2012/10/18 20:00,8259.29,54.33,TRADE
NSW1,2012/10/18 20:30,8006.94,52.97,TRADE
NSW1,2012/10/18 21:00,7769.54,52.92,TRADE
NSW1,2012/10/18 21:30,7695.66,52.3,TRADE
NSW1,2012/10/18 22:00,7519.07,51.91,TRADE
NSW1,2012/10/18 22:30,7570.54,56.25,TRADE
NSW1,2012/10/18 23:00,7448.97,53.59,TRADE
NSW1,2012/10/18 23:30,7328.7,53.08,TRADE
NSW1,2012/10/19 0:00,7206.41,52.04,TRADE
NSW1,2012/10/19 0:30,7099.96,52.78,TRADE
NSW1,2012/10/19 1:00,6840.37,52.25,TRADE
NSW1,2012/10/19 1:30,6549.63,51.94,TRADE
NSW1,2012/10/19 2:00,6290.63,50.86,TRADE
NSW1,2012/10/19 2:30,6061.87,49.15,TRADE
NSW1,2012/10/19 3:00,5963.5,49.63,TRADE
NSW1,2012/10/19 3:30,5909.11,49.69,TRADE
NSW1,2012/10/19 4:00,5966.24,50.59,TRADE
NSW1,2012/10/19 4:30,6202.76,52.17,TRADE
NSW1,2012/10/19 5:00,6474.49,53.95,TRADE
NSW1,2012/10/19 5:30,6984.91,56.47,TRADE
NSW1,2012/10/19 6:00,7486.85,60.57,TRADE
NSW1,2012/10/19 6:30,7920.86,69.42,TRADE
NSW1,2012/10/19 7:00,8306.64,67.58,TRADE
NSW1,2012/10/19 7:30,8401.82,56.27,TRADE
NSW1,2012/10/19 8:00,8413.85,56.9,TRADE
NSW1,2012/10/19 8:30,8527.52,57.71,TRADE
NSW1,2012/10/19 9:00,8567.66,56.65,TRADE
NSW1,2012/10/19 9:30,8623.81,59.34,TRADE
NSW1,2012/10/19 10:00,8659.9,57.13,TRADE
NSW1,2012/10/19 10:30,8663.69,57.23,TRADE
NSW1,2012/10/19 11:00,8693.58,57.09,TRADE
NSW1,2012/10/19 11:30,8722.74,57.21,TRADE
NSW1,2012/10/19 12:00,8717.2,56.09,TRADE
NSW1,2012/10/19 12:30,8698.66,57.09,TRADE
NSW1,2012/10/19 13:00,8766.99,60.89,TRADE
NSW1,2012/10/19 13:30,8786.5,61.68,TRADE
NSW1,2012/10/19 14:00,8868.13,57.07,TRADE
NSW1,2012/10/19 14:30,8872.87,59.93,TRADE
NSW1,2012/10/19 15:00,8945.59,60.73,TRADE
NSW1,2012/10/19 15:30,8983.77,59.3,TRADE
NSW1,2012/10/19 16:00,9000.51,62.92,TRADE
NSW1,2012/10/19 16:30,8883.43,62.82,TRADE
NSW1,2012/10/19 17:00,8775.79,63.7,TRADE
NSW1,2012/10/19 17:30,8558.86,55.75,TRADE
NSW1,2012/10/19 18:00,8337.67,54.54,TRADE
NSW1,2012/10/19 18:30,8238.84,53.6,TRADE
NSW1,2012/10/19 19:00,8392.79,54.78,TRADE
NSW1,2012/10/19 19:30,8306.82,55.99,TRADE
NSW1,2012/10/19 20:00,8105.16,53.94,TRADE
NSW1,2012/10/19 20:30,7899.86,53.17,TRADE
NSW1,2012/10/19 21:00,7677.15,51.99,TRADE
NSW1,2012/10/19 21:30,7695.42,52.4,TRADE
NSW1,2012/10/19 22:00,7571.85,51.66,TRADE
NSW1,2012/10/19 22:30,7616.73,59.26,TRADE
NSW1,2012/10/19 23:00,7490.52,55.01,TRADE
NSW1,2012/10/19 23:30,7325.97,55.16,TRADE
NSW1,2012/10/20 0:00,7195.69,54.22,TRADE
NSW1,2012/10/20 0:30,7022.86,55.01,TRADE
NSW1,2012/10/20 1:00,6752.37,54.1,TRADE
NSW1,2012/10/20 1:30,6427.03,52.2,TRADE
NSW1,2012/10/20 2:00,6197.07,51.56,TRADE
NSW1,2012/10/20 2:30,5947.92,49.18,TRADE
NSW1,2012/10/20 3:00,5830.33,49.59,TRADE
NSW1,2012/10/20 3:30,5755.51,49.92,TRADE
NSW1,2012/10/20 4:00,5799.73,50.28,TRADE
NSW1,2012/10/20 4:30,5911,51.74,TRADE
NSW1,2012/10/20 5:00,5987.58,51.92,TRADE
NSW1,2012/10/20 5:30,6187.39,52.62,TRADE
NSW1,2012/10/20 6:00,6323.26,51.95,TRADE
NSW1,2012/10/20 6:30,6582.82,52.04,TRADE
NSW1,2012/10/20 7:00,6913.32,54.42,TRADE
NSW1,2012/10/20 7:30,7285.15,54.02,TRADE
NSW1,2012/10/20 8:00,7535.85,54.41,TRADE
NSW1,2012/10/20 8:30,7788.66,55.12,TRADE
NSW1,2012/10/20 9:00,7886.9,57.46,TRADE
NSW1,2012/10/20 9:30,7976.82,58.87,TRADE
NSW1,2012/10/20 10:00,7913.33,56.74,TRADE
NSW1,2012/10/20 10:30,7881.69,57.21,TRADE
NSW1,2012/10/20 11:00,7897.04,60.9,TRADE
NSW1,2012/10/20 11:30,7902,56.28,TRADE
NSW1,2012/10/20 12:00,7920.83,57.58,TRADE
NSW1,2012/10/20 12:30,7920.36,57.82,TRADE
NSW1,2012/10/20 13:00,7944.79,56.68,TRADE
NSW1,2012/10/20 13:30,7905.43,56.94,TRADE
NSW1,2012/10/20 14:00,7930.11,57.96,TRADE
NSW1,2012/10/20 14:30,7920.07,57.74,TRADE
NSW1,2012/10/20 15:00,7939.35,59.61,TRADE
NSW1,2012/10/20 15:30,7932.68,58.96,TRADE
NSW1,2012/10/20 16:00,7925.97,53.76,TRADE
NSW1,2012/10/20 16:30,7867.64,51.96,TRADE
NSW1,2012/10/20 17:00,7832.55,52.89,TRADE
NSW1,2012/10/20 17:30,7766.57,52.72,TRADE
NSW1,2012/10/20 18:00,7682.35,51.93,TRADE
NSW1,2012/10/20 18:30,7687.74,52.68,TRADE
NSW1,2012/10/20 19:00,7824.09,54.34,TRADE
NSW1,2012/10/20 19:30,7676.69,55.65,TRADE
NSW1,2012/10/20 20:00,7575.36,54.28,TRADE
NSW1,2012/10/20 20:30,7414.72,53.38,TRADE
NSW1,2012/10/20 21:00,7345.18,53.25,TRADE
NSW1,2012/10/20 21:30,7254.99,52.42,TRADE
NSW1,2012/10/20 22:00,7163.7,52.05,TRADE
NSW1,2012/10/20 22:30,7230.83,56.17,TRADE
NSW1,2012/10/20 23:00,6972.23,52.84,TRADE
NSW1,2012/10/20 23:30,6760.14,52.31,TRADE
NSW1,2012/10/21 0:00,6616.71,51.94,TRADE
NSW1,2012/10/21 0:30,6490.57,52.32,TRADE
NSW1,2012/10/21 1:00,6358.93,51.24,TRADE
NSW1,2012/10/21 1:30,6144.52,51.92,TRADE
NSW1,2012/10/21 2:00,5945.93,50.21,TRADE
NSW1,2012/10/21 2:30,5730.45,47.95,TRADE
NSW1,2012/10/21 3:00,5686.37,49.69,TRADE
NSW1,2012/10/21 3:30,5659.99,47.89,TRADE
NSW1,2012/10/21 4:00,5650.89,47.13,TRADE
NSW1,2012/10/21 4:30,5715.65,47.56,TRADE
NSW1,2012/10/21 5:00,5730.25,48.31,TRADE
NSW1,2012/10/21 5:30,5801.35,48.48,TRADE
NSW1,2012/10/21 6:00,5934.34,50.17,TRADE
NSW1,2012/10/21 6:30,6125.13,49.44,TRADE
NSW1,2012/10/21 7:00,6368.06,50.78,TRADE
NSW1,2012/10/21 7:30,6651.73,49.61,TRADE
NSW1,2012/10/21 8:00,6889.15,49.42,TRADE
NSW1,2012/10/21 8:30,7166.78,50.48,TRADE
NSW1,2012/10/21 9:00,7259.6,51.54,TRADE
NSW1,2012/10/21 9:30,7307.99,51.91,TRADE
NSW1,2012/10/21 10:00,7243.92,51.19,TRADE
NSW1,2012/10/21 10:30,7246.65,50.5,TRADE
NSW1,2012/10/21 11:00,7211.25,50.12,TRADE
NSW1,2012/10/21 11:30,7229.23,50.88,TRADE
NSW1,2012/10/21 12:00,7205.42,51.94,TRADE
NSW1,2012/10/21 12:30,7159.39,52.02,TRADE
NSW1,2012/10/21 13:00,7103.46,52.47,TRADE
NSW1,2012/10/21 13:30,7062.61,54.07,TRADE
NSW1,2012/10/21 14:00,7037.38,52.7,TRADE
NSW1,2012/10/21 14:30,6985.19,49.39,TRADE
NSW1,2012/10/21 15:00,7116.06,56.1,TRADE
NSW1,2012/10/21 15:30,7102.81,53.66,TRADE
NSW1,2012/10/21 16:00,7146.83,54.45,TRADE
NSW1,2012/10/21 16:30,7149.5,54.85,TRADE
NSW1,2012/10/21 17:00,7297.92,55.88,TRADE
NSW1,2012/10/21 17:30,7430.64,56.53,TRADE
NSW1,2012/10/21 18:00,7456.37,55.45,TRADE
NSW1,2012/10/21 18:30,7565.27,58.41,TRADE
NSW1,2012/10/21 19:00,7705.9,60.53,TRADE
NSW1,2012/10/21 19:30,7658.29,56.98,TRADE
NSW1,2012/10/21 20:00,7597.88,55.88,TRADE
NSW1,2012/10/21 20:30,7412.96,53.97,TRADE
NSW1,2012/10/21 21:00,7179.21,52.94,TRADE
NSW1,2012/10/21 21:30,7162.22,52.27,TRADE
NSW1,2012/10/21 22:00,7037.67,51.22,TRADE
NSW1,2012/10/21 22:30,7037.28,53.29,TRADE
NSW1,2012/10/21 23:00,6829.82,52.44,TRADE
NSW1,2012/10/21 23:30,6615.04,51.96,TRADE
NSW1,2012/10/22 0:00,6544.41,52.5,TRADE
NSW1,2012/10/22 0:30,6434.4,52.01,TRADE
NSW1,2012/10/22 1:00,6344.03,51.58,TRADE
NSW1,2012/10/22 1:30,6056.12,51.46,TRADE
NSW1,2012/10/22 2:00,5914.93,48.84,TRADE
NSW1,2012/10/22 2:30,5844.8,49.63,TRADE
NSW1,2012/10/22 3:00,5748.54,49.7,TRADE
NSW1,2012/10/22 3:30,5808.6,49.8,TRADE
NSW1,2012/10/22 4:00,5829.91,50.45,TRADE
NSW1,2012/10/22 4:30,6088.29,49.95,TRADE
NSW1,2012/10/22 5:00,6457.11,50.84,TRADE
NSW1,2012/10/22 5:30,6928.96,54.34,TRADE
NSW1,2012/10/22 6:00,7502.89,54.62,TRADE
NSW1,2012/10/22 6:30,7824.82,56.7,TRADE
NSW1,2012/10/22 7:00,8137.73,58.34,TRADE
NSW1,2012/10/22 7:30,8179.83,54.73,TRADE
NSW1,2012/10/22 8:00,8283.14,57.89,TRADE
NSW1,2012/10/22 8:30,8400.83,57.07,TRADE
NSW1,2012/10/22 9:00,8455.23,59.75,TRADE
NSW1,2012/10/22 9:30,8401.84,59.67,TRADE
NSW1,2012/10/22 10:00,8400.28,61.23,TRADE
NSW1,2012/10/22 10:30,8370.63,61.09,TRADE
NSW1,2012/10/22 11:00,8258.08,59.23,TRADE
NSW1,2012/10/22 11:30,8190.9,61.3,TRADE
NSW1,2012/10/22 12:00,8169.65,62.19,TRADE
NSW1,2012/10/22 12:30,8151.13,61.63,TRADE
NSW1,2012/10/22 13:00,8031.18,58.84,TRADE
NSW1,2012/10/22 13:30,8105.34,62.04,TRADE
NSW1,2012/10/22 14:00,8109.13,62.19,TRADE
NSW1,2012/10/22 14:30,8016.45,61.29,TRADE
NSW1,2012/10/22 15:00,8080.48,60.72,TRADE
NSW1,2012/10/22 15:30,8084.55,59.93,TRADE
NSW1,2012/10/22 16:00,8248.3,61.19,TRADE
NSW1,2012/10/22 16:30,8300.48,59.85,TRADE
NSW1,2012/10/22 17:00,8382.4,57.15,TRADE
NSW1,2012/10/22 17:30,8428.36,55,TRADE
NSW1,2012/10/22 18:00,8400.89,53.58,TRADE
NSW1,2012/10/22 18:30,8502.91,54.21,TRADE
NSW1,2012/10/22 19:00,8540.04,58.96,TRADE
NSW1,2012/10/22 19:30,8397.22,56.14,TRADE
NSW1,2012/10/22 20:00,8230.8,54.41,TRADE
NSW1,2012/10/22 20:30,7985.9,52.45,TRADE
NSW1,2012/10/22 21:00,7711.28,51.96,TRADE
NSW1,2012/10/22 21:30,7634.79,51.42,TRADE
NSW1,2012/10/22 22:00,7445.22,49.52,TRADE
NSW1,2012/10/22 22:30,7433.22,52.77,TRADE
NSW1,2012/10/22 23:00,7362.35,51.97,TRADE
NSW1,2012/10/22 23:30,7206.42,51.95,TRADE
NSW1,2012/10/23 0:00,7151.31,52.06,TRADE
NSW1,2012/10/23 0:30,6982.51,50.52,TRADE
NSW1,2012/10/23 1:00,6810.36,49.04,TRADE
NSW1,2012/10/23 1:30,6506.06,46.4,TRADE
NSW1,2012/10/23 2:00,6257.17,44.34,TRADE
NSW1,2012/10/23 2:30,6079.6,42.01,TRADE
NSW1,2012/10/23 3:00,5977.17,40.68,TRADE
NSW1,2012/10/23 3:30,5950.09,40.65,TRADE
NSW1,2012/10/23 4:00,5968.63,40.85,TRADE
NSW1,2012/10/23 4:30,6149.29,45.32,TRADE
NSW1,2012/10/23 5:00,6422.38,47.96,TRADE
NSW1,2012/10/23 5:30,6948.45,51.64,TRADE
NSW1,2012/10/23 6:00,7497.83,52.71,TRADE
NSW1,2012/10/23 6:30,7924.98,55.5,TRADE
NSW1,2012/10/23 7:00,8294.11,58.78,TRADE
NSW1,2012/10/23 7:30,8296.84,54.92,TRADE
NSW1,2012/10/23 8:00,8206.6,52.08,TRADE
NSW1,2012/10/23 8:30,8213.38,52.44,TRADE
NSW1,2012/10/23 9:00,8198.28,52.01,TRADE
NSW1,2012/10/23 9:30,8159.68,51.96,TRADE
NSW1,2012/10/23 10:00,8164.09,52.03,TRADE
NSW1,2012/10/23 10:30,8065.08,52.16,TRADE
NSW1,2012/10/23 11:00,8030.67,51.97,TRADE
NSW1,2012/10/23 11:30,8013.17,51.95,TRADE
NSW1,2012/10/23 12:00,7994.73,51.97,TRADE
NSW1,2012/10/23 12:30,7929.33,51.99,TRADE
NSW1,2012/10/23 13:00,7948.87,51.97,TRADE
NSW1,2012/10/23 13:30,7928.04,51.97,TRADE
NSW1,2012/10/23 14:00,7937.03,51.97,TRADE
NSW1,2012/10/23 14:30,7918.58,52.24,TRADE
NSW1,2012/10/23 15:00,8006.64,53.72,TRADE
NSW1,2012/10/23 15:30,8028.62,54.71,TRADE
NSW1,2012/10/23 16:00,8145.06,55.01,TRADE
NSW1,2012/10/23 16:30,8143.37,54.59,TRADE
NSW1,2012/10/23 17:00,8214.93,55.03,TRADE
NSW1,2012/10/23 17:30,8175.42,55.09,TRADE
NSW1,2012/10/23 18:00,8206.17,55.05,TRADE
NSW1,2012/10/23 18:30,8260.69,54.69,TRADE
NSW1,2012/10/23 19:00,8370.29,55.18,TRADE
NSW1,2012/10/23 19:30,8323.97,55.12,TRADE
NSW1,2012/10/23 20:00,8171.55,54.72,TRADE
NSW1,2012/10/23 20:30,7913.27,52.41,TRADE
NSW1,2012/10/23 21:00,7722.93,52.28,TRADE
NSW1,2012/10/23 21:30,7683,52.32,TRADE
NSW1,2012/10/23 22:00,7523.56,50.98,TRADE
NSW1,2012/10/23 22:30,7504.08,52.89,TRADE
NSW1,2012/10/23 23:00,7393.41,52.88,TRADE
NSW1,2012/10/23 23:30,7213.46,52.68,TRADE
NSW1,2012/10/24 0:00,7172.63,52.58,TRADE
NSW1,2012/10/24 0:30,7028.39,51.94,TRADE
NSW1,2012/10/24 1:00,6882.11,53.17,TRADE
NSW1,2012/10/24 1:30,6617.69,50.69,TRADE
NSW1,2012/10/24 2:00,6344.65,47.06,TRADE
NSW1,2012/10/24 2:30,6136.74,49.39,TRADE
NSW1,2012/10/24 3:00,6014.3,48.35,TRADE
NSW1,2012/10/24 3:30,5961.06,46.11,TRADE
NSW1,2012/10/24 4:00,6020.71,47.75,TRADE
NSW1,2012/10/24 4:30,6285.92,49.95,TRADE
NSW1,2012/10/24 5:00,6607.56,51.21,TRADE
NSW1,2012/10/24 5:30,7201.65,57.33,TRADE
NSW1,2012/10/24 6:00,7795.11,58.15,TRADE
NSW1,2012/10/24 6:30,8115.85,60.97,TRADE
NSW1,2012/10/24 7:00,8360.39,61.29,TRADE
NSW1,2012/10/24 7:30,8380.53,54.07,TRADE
NSW1,2012/10/24 8:00,8341.22,54.92,TRADE
NSW1,2012/10/24 8:30,8376.54,55.02,TRADE
NSW1,2012/10/24 9:00,8404.07,55.17,TRADE
NSW1,2012/10/24 9:30,8403.66,55.17,TRADE
NSW1,2012/10/24 10:00,8352.3,55.04,TRADE
NSW1,2012/10/24 10:30,8307.46,55.43,TRADE
NSW1,2012/10/24 11:00,8270.12,55.7,TRADE
NSW1,2012/10/24 11:30,8187.61,55.13,TRADE
NSW1,2012/10/24 12:00,8244.57,55.03,TRADE
NSW1,2012/10/24 12:30,8226.42,55.08,TRADE
NSW1,2012/10/24 13:00,8264.56,55.51,TRADE
NSW1,2012/10/24 13:30,8294.36,55.88,TRADE
NSW1,2012/10/24 14:00,8246.29,55.15,TRADE
NSW1,2012/10/24 14:30,8256.58,55.69,TRADE
NSW1,2012/10/24 15:00,8358.45,57.15,TRADE
NSW1,2012/10/24 15:30,8379.06,58.76,TRADE
NSW1,2012/10/24 16:00,8425.13,57.69,TRADE
NSW1,2012/10/24 16:30,8437.99,59.08,TRADE
NSW1,2012/10/24 17:00,8425.86,57.73,TRADE
NSW1,2012/10/24 17:30,8330.06,55.84,TRADE
NSW1,2012/10/24 18:00,8311.32,55.46,TRADE
NSW1,2012/10/24 18:30,8317.19,55.22,TRADE
NSW1,2012/10/24 19:00,8466.74,56.09,TRADE
NSW1,2012/10/24 19:30,8417,56.3,TRADE
NSW1,2012/10/24 20:00,8254.93,54.96,TRADE
NSW1,2012/10/24 20:30,7993.94,51.95,TRADE
NSW1,2012/10/24 21:00,7710.62,51.61,TRADE
NSW1,2012/10/24 21:30,7717.18,51.9,TRADE
NSW1,2012/10/24 22:00,7564.51,50.89,TRADE
NSW1,2012/10/24 22:30,7524.03,52.86,TRADE
NSW1,2012/10/24 23:00,7418.56,52.15,TRADE
NSW1,2012/10/24 23:30,7244.05,52.67,TRADE
NSW1,2012/10/25 0:00,7154.19,52.69,TRADE
NSW1,2012/10/25 0:30,7033.92,51.37,TRADE
NSW1,2012/10/25 1:00,6847.58,50.6,TRADE
NSW1,2012/10/25 1:30,6538.72,50.72,TRADE
NSW1,2012/10/25 2:00,6243.58,50.15,TRADE
NSW1,2012/10/25 2:30,6047.43,48.78,TRADE
NSW1,2012/10/25 3:00,5917.86,49.22,TRADE
NSW1,2012/10/25 3:30,5856.8,49.41,TRADE
NSW1,2012/10/25 4:00,5946.31,49.75,TRADE
NSW1,2012/10/25 4:30,6159.27,51.2,TRADE
NSW1,2012/10/25 5:00,6472.99,52.57,TRADE
NSW1,2012/10/25 5:30,6967.91,54.99,TRADE
NSW1,2012/10/25 6:00,7491.55,56.59,TRADE
NSW1,2012/10/25 6:30,7834.13,55.42,TRADE
NSW1,2012/10/25 7:00,8108.77,55.48,TRADE
NSW1,2012/10/25 7:30,8081.65,51.48,TRADE
NSW1,2012/10/25 8:00,8091.98,52.47,TRADE
NSW1,2012/10/25 8:30,8209.74,54.7,TRADE
NSW1,2012/10/25 9:00,8205.61,54.21,TRADE
NSW1,2012/10/25 9:30,8225.56,53.23,TRADE
NSW1,2012/10/25 10:00,8251.77,53.76,TRADE
NSW1,2012/10/25 10:30,8286.6,54.65,TRADE
NSW1,2012/10/25 11:00,8318,53.21,TRADE
NSW1,2012/10/25 11:30,8307.27,53.08,TRADE
NSW1,2012/10/25 12:00,8314.28,53.98,TRADE
NSW1,2012/10/25 12:30,8345.22,54.49,TRADE
NSW1,2012/10/25 13:00,8430.7,54.5,TRADE
NSW1,2012/10/25 13:30,8522.99,54.21,TRADE
NSW1,2012/10/25 14:00,8560.59,54.16,TRADE
NSW1,2012/10/25 14:30,8587.39,54.36,TRADE
NSW1,2012/10/25 15:00,8706.84,54.47,TRADE
NSW1,2012/10/25 15:30,8769.47,55.01,TRADE
NSW1,2012/10/25 16:00,8922.01,56.1,TRADE
NSW1,2012/10/25 16:30,8963.28,55.84,TRADE
NSW1,2012/10/25 17:00,8974.71,56.17,TRADE
NSW1,2012/10/25 17:30,8788.3,55.01,TRADE
NSW1,2012/10/25 18:00,8698.73,55.01,TRADE
NSW1,2012/10/25 18:30,8649.3,55,TRADE
NSW1,2012/10/25 19:00,8728.92,55.03,TRADE
NSW1,2012/10/25 19:30,8679.66,55.42,TRADE
NSW1,2012/10/25 20:00,8520.9,55,TRADE
NSW1,2012/10/25 20:30,8145.48,53.46,TRADE
NSW1,2012/10/25 21:00,7866.47,51.93,TRADE
NSW1,2012/10/25 21:30,7821.26,52.34,TRADE
NSW1,2012/10/25 22:00,7653.35,52.71,TRADE
NSW1,2012/10/25 22:30,7660.41,55.99,TRADE
NSW1,2012/10/25 23:00,7542.49,55,TRADE
NSW1,2012/10/25 23:30,7385.25,55,TRADE
NSW1,2012/10/26 0:00,7283.02,54.16,TRADE
NSW1,2012/10/26 0:30,7060.6,53.94,TRADE
NSW1,2012/10/26 1:00,6847.05,53.74,TRADE
NSW1,2012/10/26 1:30,6573.1,52.32,TRADE
NSW1,2012/10/26 2:00,6296.29,51.59,TRADE
NSW1,2012/10/26 2:30,6100.4,50.95,TRADE
NSW1,2012/10/26 3:00,5962.45,50.73,TRADE
NSW1,2012/10/26 3:30,5900.98,49.99,TRADE
NSW1,2012/10/26 4:00,5977.33,50.17,TRADE
NSW1,2012/10/26 4:30,6210.67,51.92,TRADE
NSW1,2012/10/26 5:00,6484.11,53.75,TRADE
NSW1,2012/10/26 5:30,7008.1,56.7,TRADE
NSW1,2012/10/26 6:00,7539.35,60.13,TRADE
NSW1,2012/10/26 6:30,7922.19,60.7,TRADE
NSW1,2012/10/26 7:00,8365.05,60.79,TRADE
NSW1,2012/10/26 7:30,8433.24,54.69,TRADE
NSW1,2012/10/26 8:00,8435.18,55,TRADE
NSW1,2012/10/26 8:30,8515.35,55.07,TRADE
NSW1,2012/10/26 9:00,8484.13,55,TRADE
NSW1,2012/10/26 9:30,8491.37,54.99,TRADE
NSW1,2012/10/26 10:00,8595.23,55.02,TRADE
NSW1,2012/10/26 10:30,8566.82,55,TRADE
NSW1,2012/10/26 11:00,8539.71,54.99,TRADE
NSW1,2012/10/26 11:30,8419.01,52.65,TRADE
NSW1,2012/10/26 12:00,8342.69,53.82,TRADE
NSW1,2012/10/26 12:30,8286.38,54.04,TRADE
NSW1,2012/10/26 13:00,8254.36,53.43,TRADE
NSW1,2012/10/26 13:30,8236.16,53.88,TRADE
NSW1,2012/10/26 14:00,8147.49,53.66,TRADE
NSW1,2012/10/26 14:30,8072.92,51.65,TRADE
NSW1,2012/10/26 15:00,8108.47,51.97,TRADE
NSW1,2012/10/26 15:30,8170.67,53.28,TRADE
NSW1,2012/10/26 16:00,8170.08,51.73,TRADE
NSW1,2012/10/26 16:30,8139.09,52.26,TRADE
NSW1,2012/10/26 17:00,8011.54,51.95,TRADE
NSW1,2012/10/26 17:30,7894.89,51.97,TRADE
NSW1,2012/10/26 18:00,7837.72,51.95,TRADE
NSW1,2012/10/26 18:30,7795.38,51.9,TRADE
NSW1,2012/10/26 19:00,7924.05,51.96,TRADE
NSW1,2012/10/26 19:30,7903.02,52.44,TRADE
NSW1,2012/10/26 20:00,7766.05,51.33,TRADE
NSW1,2012/10/26 20:30,7552.78,49.19,TRADE
NSW1,2012/10/26 21:00,7423.36,49.45,TRADE
NSW1,2012/10/26 21:30,7419.29,50.16,TRADE
NSW1,2012/10/26 22:00,7377.51,48.93,TRADE
NSW1,2012/10/26 22:30,7461.19,52.78,TRADE
NSW1,2012/10/26 23:00,7366.39,52.1,TRADE
NSW1,2012/10/26 23:30,7231.44,52.23,TRADE
NSW1,2012/10/27 0:00,7141.49,51.96,TRADE
NSW1,2012/10/27 0:30,6964.52,51.55,TRADE
NSW1,2012/10/27 1:00,6766.7,49.99,TRADE
NSW1,2012/10/27 1:30,6387.45,48.77,TRADE
NSW1,2012/10/27 2:00,6118.89,48.12,TRADE
NSW1,2012/10/27 2:30,5913.7,49.64,TRADE
NSW1,2012/10/27 3:00,5830.62,49.8,TRADE
NSW1,2012/10/27 3:30,5780.11,49.58,TRADE
NSW1,2012/10/27 4:00,5813.23,49.81,TRADE
NSW1,2012/10/27 4:30,5880.5,50.97,TRADE
NSW1,2012/10/27 5:00,5986.21,51.93,TRADE
NSW1,2012/10/27 5:30,6145.54,52.34,TRADE
NSW1,2012/10/27 6:00,6367.12,53.49,TRADE
NSW1,2012/10/27 6:30,6647.47,53.98,TRADE
NSW1,2012/10/27 7:00,6994.53,54.85,TRADE
NSW1,2012/10/27 7:30,7256.93,51.96,TRADE
NSW1,2012/10/27 8:00,7512.47,52.86,TRADE
NSW1,2012/10/27 8:30,7686.58,54.85,TRADE
NSW1,2012/10/27 9:00,7680.46,52.8,TRADE
NSW1,2012/10/27 9:30,7694.94,54.16,TRADE
NSW1,2012/10/27 10:00,7548.3,53.25,TRADE
NSW1,2012/10/27 10:30,7530.52,53.96,TRADE
NSW1,2012/10/27 11:00,7437.6,52.51,TRADE
NSW1,2012/10/27 11:30,7371.74,52.52,TRADE
NSW1,2012/10/27 12:00,7310.59,50.22,TRADE
NSW1,2012/10/27 12:30,7217.64,50.81,TRADE
NSW1,2012/10/27 13:00,7171.21,52.55,TRADE
NSW1,2012/10/27 13:30,7073.37,50.12,TRADE
NSW1,2012/10/27 14:00,7041.08,49.83,TRADE
NSW1,2012/10/27 14:30,7072.17,50.16,TRADE
NSW1,2012/10/27 15:00,7106.58,50.14,TRADE
NSW1,2012/10/27 15:30,7132.77,50.03,TRADE
NSW1,2012/10/27 16:00,7171.06,49.92,TRADE
NSW1,2012/10/27 16:30,7157.36,51.24,TRADE
NSW1,2012/10/27 17:00,7257.33,52.6,TRADE
NSW1,2012/10/27 17:30,7297.26,51.51,TRADE
NSW1,2012/10/27 18:00,7323.11,51.67,TRADE
NSW1,2012/10/27 18:30,7357.19,51.86,TRADE
NSW1,2012/10/27 19:00,7522.57,54.97,TRADE
NSW1,2012/10/27 19:30,7487.62,53.96,TRADE
NSW1,2012/10/27 20:00,7365.67,52.34,TRADE
NSW1,2012/10/27 20:30,7270.06,52.46,TRADE
NSW1,2012/10/27 21:00,7102.4,51.16,TRADE
NSW1,2012/10/27 21:30,7083.5,50.85,TRADE
NSW1,2012/10/27 22:00,7049.96,49.02,TRADE
NSW1,2012/10/27 22:30,7083.85,52.56,TRADE
NSW1,2012/10/27 23:00,6883.83,52.7,TRADE
NSW1,2012/10/27 23:30,6741.15,52.3,TRADE
NSW1,2012/10/28 0:00,6642.33,53.02,TRADE
NSW1,2012/10/28 0:30,6499.32,51.94,TRADE
NSW1,2012/10/28 1:00,6329.31,51.26,TRADE
NSW1,2012/10/28 1:30,6080.15,49.74,TRADE
NSW1,2012/10/28 2:00,5868.78,50.71,TRADE
NSW1,2012/10/28 2:30,5687.67,51.47,TRADE
NSW1,2012/10/28 3:00,5605.69,50.12,TRADE
NSW1,2012/10/28 3:30,5517.6,48.84,TRADE
NSW1,2012/10/28 4:00,5560.07,49.8,TRADE
NSW1,2012/10/28 4:30,5579.18,50.08,TRADE
NSW1,2012/10/28 5:00,5649.47,50.11,TRADE
NSW1,2012/10/28 5:30,5738.25,50.68,TRADE
NSW1,2012/10/28 6:00,5904.07,50.91,TRADE
NSW1,2012/10/28 6:30,6051.33,50.03,TRADE
NSW1,2012/10/28 7:00,6370.22,49.77,TRADE
NSW1,2012/10/28 7:30,6670.98,48.49,TRADE
NSW1,2012/10/28 8:00,6944.88,51.23,TRADE
NSW1,2012/10/28 8:30,7197.9,51.8,TRADE
NSW1,2012/10/28 9:00,7312.13,51.94,TRADE
NSW1,2012/10/28 9:30,7405.19,51.95,TRADE
NSW1,2012/10/28 10:00,7407.4,52.33,TRADE
NSW1,2012/10/28 10:30,7341.85,51.96,TRADE
NSW1,2012/10/28 11:00,7259.12,51.64,TRADE
NSW1,2012/10/28 11:30,7238.92,51.34,TRADE
NSW1,2012/10/28 12:00,7137.39,50.98,TRADE
NSW1,2012/10/28 12:30,7058.24,50.43,TRADE
NSW1,2012/10/28 13:00,6966.97,51.13,TRADE
NSW1,2012/10/28 13:30,6957.14,51.08,TRADE
NSW1,2012/10/28 14:00,6908.93,49.81,TRADE
NSW1,2012/10/28 14:30,6914.85,50.18,TRADE
NSW1,2012/10/28 15:00,6976.5,50.6,TRADE
NSW1,2012/10/28 15:30,7006.5,50.71,TRADE
NSW1,2012/10/28 16:00,7027.35,50.86,TRADE
NSW1,2012/10/28 16:30,7141.1,51.94,TRADE
NSW1,2012/10/28 17:00,7259.81,52.71,TRADE
NSW1,2012/10/28 17:30,7347.24,52.51,TRADE
NSW1,2012/10/28 18:00,7417.49,54.03,TRADE
NSW1,2012/10/28 18:30,7501.37,54.47,TRADE
NSW1,2012/10/28 19:00,7757.22,55,TRADE
NSW1,2012/10/28 19:30,7748.68,55,TRADE
NSW1,2012/10/28 20:00,7602.41,54.99,TRADE
NSW1,2012/10/28 20:30,7346.7,53.88,TRADE
NSW1,2012/10/28 21:00,7198.6,53.41,TRADE
NSW1,2012/10/28 21:30,7140.24,54.32,TRADE
NSW1,2012/10/28 22:00,7007.95,53.44,TRADE
NSW1,2012/10/28 22:30,7012.38,52.82,TRADE
NSW1,2012/10/28 23:00,6830.87,53.17,TRADE
NSW1,2012/10/28 23:30,6651.16,53.87,TRADE
NSW1,2012/10/29 0:00,6591.36,54.48,TRADE
NSW1,2012/10/29 0:30,6411.01,51.95,TRADE
NSW1,2012/10/29 1:00,6261.46,51.55,TRADE
NSW1,2012/10/29 1:30,6045.32,51.21,TRADE
NSW1,2012/10/29 2:00,5857.59,49.22,TRADE
NSW1,2012/10/29 2:30,5742.83,48.75,TRADE
NSW1,2012/10/29 3:00,5668.29,49.51,TRADE
NSW1,2012/10/29 3:30,5640.38,48.26,TRADE
NSW1,2012/10/29 4:00,5737.28,49.84,TRADE
NSW1,2012/10/29 4:30,6017.41,51.41,TRADE
NSW1,2012/10/29 5:00,6348.71,53.33,TRADE
NSW1,2012/10/29 5:30,6856.99,55.57,TRADE
NSW1,2012/10/29 6:00,7477.76,60.69,TRADE
NSW1,2012/10/29 6:30,7804.45,61.57,TRADE
NSW1,2012/10/29 7:00,8136.45,65.04,TRADE
NSW1,2012/10/29 7:30,8209.76,60.66,TRADE
NSW1,2012/10/29 8:00,8215.84,61.23,TRADE
NSW1,2012/10/29 8:30,8289.12,62.03,TRADE
NSW1,2012/10/29 9:00,8388.86,62.61,TRADE
NSW1,2012/10/29 9:30,8398.95,62.2,TRADE
NSW1,2012/10/29 10:00,8476.58,59.83,TRADE
NSW1,2012/10/29 10:30,8435.22,61.55,TRADE
NSW1,2012/10/29 11:00,8384.58,61,TRADE
NSW1,2012/10/29 11:30,8373.46,61.06,TRADE
NSW1,2012/10/29 12:00,8319.83,60.89,TRADE
NSW1,2012/10/29 12:30,8357.67,60.9,TRADE
NSW1,2012/10/29 13:00,8363.79,60.68,TRADE
NSW1,2012/10/29 13:30,8367.48,58.48,TRADE
NSW1,2012/10/29 14:00,8313.76,56.07,TRADE
NSW1,2012/10/29 14:30,8315.7,57.68,TRADE
NSW1,2012/10/29 15:00,8319.08,57.17,TRADE
NSW1,2012/10/29 15:30,8362.72,57.76,TRADE
NSW1,2012/10/29 16:00,8452.38,58.07,TRADE
NSW1,2012/10/29 16:30,8446.04,57.53,TRADE
NSW1,2012/10/29 17:00,8486.27,59.67,TRADE
NSW1,2012/10/29 17:30,8396.78,58.57,TRADE
NSW1,2012/10/29 18:00,8368.58,58.24,TRADE
NSW1,2012/10/29 18:30,8329.76,57.98,TRADE
NSW1,2012/10/29 19:00,8450.87,58.22,TRADE
NSW1,2012/10/29 19:30,8370.21,56.4,TRADE
NSW1,2012/10/29 20:00,8120.66,54.98,TRADE
NSW1,2012/10/29 20:30,7871.68,53.2,TRADE
NSW1,2012/10/29 21:00,7577.9,51.96,TRADE
NSW1,2012/10/29 21:30,7609.71,52.87,TRADE
NSW1,2012/10/29 22:00,7482.89,52.55,TRADE
NSW1,2012/10/29 22:30,7493.49,57.34,TRADE
NSW1,2012/10/29 23:00,7404.14,54.77,TRADE
NSW1,2012/10/29 23:30,7168.13,54.12,TRADE
NSW1,2012/10/30 0:00,7126.38,53.75,TRADE
NSW1,2012/10/30 0:30,7002.44,52.14,TRADE
NSW1,2012/10/30 1:00,6772.26,51.81,TRADE
NSW1,2012/10/30 1:30,6454.98,50.3,TRADE
NSW1,2012/10/30 2:00,6155.2,49.74,TRADE
NSW1,2012/10/30 2:30,6005.71,49.4,TRADE
NSW1,2012/10/30 3:00,5931.51,49.1,TRADE
NSW1,2012/10/30 3:30,5926.47,50.09,TRADE
NSW1,2012/10/30 4:00,5995.85,49.43,TRADE
NSW1,2012/10/30 4:30,6193.86,50.2,TRADE
NSW1,2012/10/30 5:00,6528.57,51.35,TRADE
NSW1,2012/10/30 5:30,7006.77,54.32,TRADE
NSW1,2012/10/30 6:00,7559.72,59.77,TRADE
NSW1,2012/10/30 6:30,7850.61,62.27,TRADE
NSW1,2012/10/30 7:00,8189.56,63.54,TRADE
NSW1,2012/10/30 7:30,8262.49,54.99,TRADE
NSW1,2012/10/30 8:00,8250.09,55.01,TRADE
NSW1,2012/10/30 8:30,8377.1,59.48,TRADE
NSW1,2012/10/30 9:00,8443.89,61.08,TRADE
NSW1,2012/10/30 9:30,8441.86,61.09,TRADE
NSW1,2012/10/30 10:00,8485.26,58.78,TRADE
NSW1,2012/10/30 10:30,8450.36,59.68,TRADE
NSW1,2012/10/30 11:00,8490.67,62.72,TRADE
NSW1,2012/10/30 11:30,8503,62.34,TRADE
NSW1,2012/10/30 12:00,8534.08,62.19,TRADE
NSW1,2012/10/30 12:30,8570.36,62.65,TRADE
NSW1,2012/10/30 13:00,8581.16,62.85,TRADE
NSW1,2012/10/30 13:30,8640.3,72.17,TRADE
NSW1,2012/10/30 14:00,8657.85,73.46,TRADE
NSW1,2012/10/30 14:30,8609.76,80.94,TRADE
NSW1,2012/10/30 15:00,8631.52,111.73,TRADE
NSW1,2012/10/30 15:30,8647.68,143.37,TRADE
NSW1,2012/10/30 16:00,8662.14,133.71,TRADE
NSW1,2012/10/30 16:30,8651.26,95.91,TRADE
NSW1,2012/10/30 17:00,8596.49,58.79,TRADE
NSW1,2012/10/30 17:30,8486.71,55,TRADE
NSW1,2012/10/30 18:00,8451.88,55,TRADE
NSW1,2012/10/30 18:30,8427.63,55,TRADE
NSW1,2012/10/30 19:00,8464.77,55,TRADE
NSW1,2012/10/30 19:30,8408.04,56.71,TRADE
NSW1,2012/10/30 20:00,8296.87,55.82,TRADE
NSW1,2012/10/30 20:30,8037.39,54.81,TRADE
NSW1,2012/10/30 21:00,7772.87,52.83,TRADE
NSW1,2012/10/30 21:30,7772.91,53.45,TRADE
NSW1,2012/10/30 22:00,7614.55,52.16,TRADE
NSW1,2012/10/30 22:30,7639.81,55.25,TRADE
NSW1,2012/10/30 23:00,7512.08,54.73,TRADE
NSW1,2012/10/30 23:30,7350.4,54.67,TRADE
NSW1,2012/10/31 0:00,7267.82,56.37,TRADE
NSW1,2012/10/31 0:30,7075.15,53.77,TRADE
NSW1,2012/10/31 1:00,6869.8,53.86,TRADE
NSW1,2012/10/31 1:30,6493.15,51.91,TRADE
NSW1,2012/10/31 2:00,6202.91,50.06,TRADE
NSW1,2012/10/31 2:30,5956.23,49.61,TRADE
NSW1,2012/10/31 3:00,5867.74,49.49,TRADE
NSW1,2012/10/31 3:30,5852.72,49.49,TRADE
NSW1,2012/10/31 4:00,5917.83,49.82,TRADE
NSW1,2012/10/31 4:30,6161.85,50.07,TRADE
NSW1,2012/10/31 5:00,6463.77,51.75,TRADE
NSW1,2012/10/31 5:30,6968.68,55.36,TRADE
NSW1,2012/10/31 6:00,7537.23,59.62,TRADE
NSW1,2012/10/31 6:30,7841.27,58.36,TRADE
NSW1,2012/10/31 7:00,8131.46,61.28,TRADE
NSW1,2012/10/31 7:30,8220.4,54.09,TRADE
NSW1,2012/10/31 8:00,8301.03,55.56,TRADE
NSW1,2012/10/31 8:30,8499.81,60.8,TRADE
NSW1,2012/10/31 9:00,8637.13,60.34,TRADE
NSW1,2012/10/31 9:30,8704.91,61.05,TRADE
NSW1,2012/10/31 10:00,8757.52,73.75,TRADE
NSW1,2012/10/31 10:30,8791.53,56.48,TRADE
NSW1,2012/10/31 11:00,8803.93,57.98,TRADE
NSW1,2012/10/31 11:30,8877.66,58.26,TRADE
NSW1,2012/10/31 12:00,8922.1,55.79,TRADE
NSW1,2012/10/31 12:30,8967.18,55.81,TRADE
NSW1,2012/10/31 13:00,8966.16,55.67,TRADE
NSW1,2012/10/31 13:30,8995.57,60.89,TRADE
NSW1,2012/10/31 14:00,9039.78,60.8,TRADE
NSW1,2012/10/31 14:30,9014.15,57.52,TRADE
NSW1,2012/10/31 15:00,9077.2,73.96,TRADE
NSW1,2012/10/31 15:30,9156.48,58.87,TRADE
NSW1,2012/10/31 16:00,9180.57,59.03,TRADE
NSW1,2012/10/31 16:30,9075.29,57.01,TRADE
NSW1,2012/10/31 17:00,8953.07,55.46,TRADE
NSW1,2012/10/31 17:30,8730.32,54.19,TRADE
NSW1,2012/10/31 18:00,8637.58,55.44,TRADE
NSW1,2012/10/31 18:30,8494.11,55,TRADE
NSW1,2012/10/31 19:00,8605.07,55,TRADE
NSW1,2012/10/31 19:30,8601.96,56.02,TRADE
NSW1,2012/10/31 20:00,8443.44,55.02,TRADE
NSW1,2012/10/31 20:30,8213.41,55.1,TRADE
NSW1,2012/10/31 21:00,7950.93,55,TRADE
NSW1,2012/10/31 21:30,7913.82,54.99,TRADE
NSW1,2012/10/31 22:00,7679.54,52.43,TRADE
NSW1,2012/10/31 22:30,7655.95,54.99,TRADE
NSW1,2012/10/31 23:00,7483.48,55.28,TRADE
NSW1,2012/10/31 23:30,7281.37,55.74,TRADE
NSW1,2012/11/1 0:00,7159.64,55.05,TRADE
?NSW1,2012/11/1 0:30,6933.74,53.67,TRADE
NSW1,2012/11/1 1:00,6692.53,54.97,TRADE
NSW1,2012/11/1 1:30,6411.83,54.02,TRADE
NSW1,2012/11/1 2:00,6138.41,50.45,TRADE
NSW1,2012/11/1 2:30,5933.37,49.48,TRADE
NSW1,2012/11/1 3:00,5874.32,49.33,TRADE
NSW1,2012/11/1 3:30,5839.67,49.8,TRADE
NSW1,2012/11/1 4:00,5915.34,49.82,TRADE
NSW1,2012/11/1 4:30,6108.73,51.31,TRADE
NSW1,2012/11/1 5:00,6371.94,53.15,TRADE
NSW1,2012/11/1 5:30,6884.07,55.79,TRADE
NSW1,2012/11/1 6:00,7381.41,56.17,TRADE
NSW1,2012/11/1 6:30,7746.52,59.64,TRADE
NSW1,2012/11/1 7:00,8090.75,58.06,TRADE
NSW1,2012/11/1 7:30,8274.85,53.25,TRADE
NSW1,2012/11/1 8:00,8358.72,55.05,TRADE
NSW1,2012/11/1 8:30,8558.67,55.47,TRADE
NSW1,2012/11/1 9:00,8669.1,56.01,TRADE
NSW1,2012/11/1 9:30,8795.65,55.53,TRADE
NSW1,2012/11/1 10:00,8851.4,57.45,TRADE
NSW1,2012/11/1 10:30,8932.35,58.23,TRADE
NSW1,2012/11/1 11:00,9023.75,56.72,TRADE
NSW1,2012/11/1 11:30,9006.57,57.66,TRADE
NSW1,2012/11/1 12:00,9006.36,56.36,TRADE
NSW1,2012/11/1 12:30,9027.81,55.89,TRADE
NSW1,2012/11/1 13:00,8982.48,56.23,TRADE
NSW1,2012/11/1 13:30,9066.01,59.25,TRADE
NSW1,2012/11/1 14:00,9117.7,61.3,TRADE
NSW1,2012/11/1 14:30,9033.72,56,TRADE
NSW1,2012/11/1 15:00,9079.43,56.6,TRADE
NSW1,2012/11/1 15:30,9089.56,57.48,TRADE
NSW1,2012/11/1 16:00,9073.45,57.73,TRADE
NSW1,2012/11/1 16:30,8989.77,58.04,TRADE
NSW1,2012/11/1 17:00,8964.11,60.55,TRADE
NSW1,2012/11/1 17:30,8815.35,57.3,TRADE
NSW1,2012/11/1 18:00,8712.09,57.32,TRADE
NSW1,2012/11/1 18:30,8611.63,56.85,TRADE
NSW1,2012/11/1 19:00,8690.09,58.75,TRADE
NSW1,2012/11/1 19:30,8643.62,60.66,TRADE
NSW1,2012/11/1 20:00,8372.84,56.39,TRADE
NSW1,2012/11/1 20:30,8046.21,55.18,TRADE
NSW1,2012/11/1 21:00,7735.16,54.03,TRADE
NSW1,2012/11/1 21:30,7698.22,52.9,TRADE
NSW1,2012/11/1 22:00,7483.69,50.87,TRADE
NSW1,2012/11/1 22:30,7477.05,54.82,TRADE
NSW1,2012/11/1 23:00,7356.64,53.77,TRADE
NSW1,2012/11/1 23:30,7175.7,54.18,TRADE
NSW1,2012/11/2 0:00,7084.91,55.02,TRADE
NSW1,2012/11/2 0:30,6871.9,54.97,TRADE
NSW1,2012/11/2 1:00,6641.22,54.67,TRADE
NSW1,2012/11/2 1:30,6367,53.18,TRADE
NSW1,2012/11/2 2:00,6097.52,50.7,TRADE
NSW1,2012/11/2 2:30,5959.15,51.62,TRADE
NSW1,2012/11/2 3:00,5886.23,51.9,TRADE
NSW1,2012/11/2 3:30,5860.11,51.2,TRADE
NSW1,2012/11/2 4:00,5994.29,52.79,TRADE
NSW1,2012/11/2 4:30,6235.65,52.26,TRADE
NSW1,2012/11/2 5:00,6528.36,54.2,TRADE
NSW1,2012/11/2 5:30,7013.35,55.53,TRADE
NSW1,2012/11/2 6:00,7532.48,57.23,TRADE
NSW1,2012/11/2 6:30,7814.83,59.82,TRADE
NSW1,2012/11/2 7:00,8136.51,61.52,TRADE
NSW1,2012/11/2 7:30,8197.71,55.26,TRADE
NSW1,2012/11/2 8:00,8279.27,55.46,TRADE
NSW1,2012/11/2 8:30,8407.62,55.78,TRADE
NSW1,2012/11/2 9:00,8408.31,55.49,TRADE
NSW1,2012/11/2 9:30,8432.05,55.42,TRADE
NSW1,2012/11/2 10:00,8425.65,55.48,TRADE
NSW1,2012/11/2 10:30,8357.12,55.25,TRADE
NSW1,2012/11/2 11:00,8305.45,55.03,TRADE
NSW1,2012/11/2 11:30,8222.3,56.95,TRADE
NSW1,2012/11/2 12:00,8122.87,55.43,TRADE
NSW1,2012/11/2 12:30,8124.72,56.13,TRADE
NSW1,2012/11/2 13:00,8066.41,55.38,TRADE
NSW1,2012/11/2 13:30,8043.66,55.48,TRADE
NSW1,2012/11/2 14:00,8030.72,55.58,TRADE
NSW1,2012/11/2 14:30,8017.62,55.53,TRADE
NSW1,2012/11/2 15:00,8040.69,55.58,TRADE
NSW1,2012/11/2 15:30,8099.38,55.31,TRADE
NSW1,2012/11/2 16:00,8156.54,55.54,TRADE
NSW1,2012/11/2 16:30,8084.01,55.65,TRADE
NSW1,2012/11/2 17:00,8017.8,55,TRADE
NSW1,2012/11/2 17:30,7867.45,54.97,TRADE
NSW1,2012/11/2 18:00,7706.37,52.91,TRADE
NSW1,2012/11/2 18:30,7668.33,51.97,TRADE
NSW1,2012/11/2 19:00,7877.66,54.97,TRADE
NSW1,2012/11/2 19:30,7931.93,55,TRADE
NSW1,2012/11/2 20:00,7775.48,54.45,TRADE
NSW1,2012/11/2 20:30,7554.99,52.83,TRADE
NSW1,2012/11/2 21:00,7433.36,52.44,TRADE
NSW1,2012/11/2 21:30,7494.64,54.06,TRADE
NSW1,2012/11/2 22:00,7447.52,51.17,TRADE
NSW1,2012/11/2 22:30,7507.5,54.86,TRADE
NSW1,2012/11/2 23:00,7409.73,54.3,TRADE
NSW1,2012/11/2 23:30,7251.74,54.54,TRADE
NSW1,2012/11/3 0:00,7127.96,54.48,TRADE
NSW1,2012/11/3 0:30,6961.78,54.41,TRADE
NSW1,2012/11/3 1:00,6693.36,53.47,TRADE
NSW1,2012/11/3 1:30,6388.78,51.98,TRADE
NSW1,2012/11/3 2:00,6119.86,51.75,TRADE
NSW1,2012/11/3 2:30,5913.92,50.28,TRADE
NSW1,2012/11/3 3:00,5796.69,49.72,TRADE
NSW1,2012/11/3 3:30,5721.09,49.34,TRADE
NSW1,2012/11/3 4:00,5717.09,49.82,TRADE
NSW1,2012/11/3 4:30,5783.27,50.16,TRADE
NSW1,2012/11/3 5:00,5906.91,51.09,TRADE
NSW1,2012/11/3 5:30,6120.03,53.15,TRADE
NSW1,2012/11/3 6:00,6329.24,53.65,TRADE
NSW1,2012/11/3 6:30,6570.51,51.39,TRADE
NSW1,2012/11/3 7:00,6922.79,52.6,TRADE
NSW1,2012/11/3 7:30,7225.63,53.01,TRADE
NSW1,2012/11/3 8:00,7544.73,55.12,TRADE
NSW1,2012/11/3 8:30,7771.98,55.53,TRADE
NSW1,2012/11/3 9:00,7784.2,55.54,TRADE
NSW1,2012/11/3 9:30,7878.17,55.61,TRADE
NSW1,2012/11/3 10:00,7785.86,55.35,TRADE
NSW1,2012/11/3 10:30,7770.48,55.06,TRADE
NSW1,2012/11/3 11:00,7731.34,55,TRADE
NSW1,2012/11/3 11:30,7645.49,53.58,TRADE
NSW1,2012/11/3 12:00,7554.98,52.58,TRADE
NSW1,2012/11/3 12:30,7468.45,51.94,TRADE
NSW1,2012/11/3 13:00,7428.26,51.94,TRADE
NSW1,2012/11/3 13:30,7352.04,51.96,TRADE
NSW1,2012/11/3 14:00,7321.61,51.77,TRADE
NSW1,2012/11/3 14:30,7282.83,51.94,TRADE
NSW1,2012/11/3 15:00,7289.72,52.13,TRADE
NSW1,2012/11/3 15:30,7363.32,53.42,TRADE
NSW1,2012/11/3 16:00,7397.13,53.63,TRADE
NSW1,2012/11/3 16:30,7351.16,53.23,TRADE
NSW1,2012/11/3 17:00,7443.87,53.99,TRADE
NSW1,2012/11/3 17:30,7502.82,54.84,TRADE
NSW1,2012/11/3 18:00,7513.42,54.66,TRADE
NSW1,2012/11/3 18:30,7596.43,54.94,TRADE
NSW1,2012/11/3 19:00,7683.12,55.01,TRADE
NSW1,2012/11/3 19:30,7648.72,55.01,TRADE
NSW1,2012/11/3 20:00,7491.59,54.87,TRADE
NSW1,2012/11/3 20:30,7330.09,54.66,TRADE
NSW1,2012/11/3 21:00,7204.64,52.93,TRADE
NSW1,2012/11/3 21:30,7176.81,52.61,TRADE
NSW1,2012/11/3 22:00,7160.3,51.77,TRADE
NSW1,2012/11/3 22:30,7134.1,53.83,TRADE
NSW1,2012/11/3 23:00,7020.64,52.13,TRADE
NSW1,2012/11/3 23:30,6827.5,52.47,TRADE
NSW1,2012/11/4 0:00,6671,51.93,TRADE
NSW1,2012/11/4 0:30,6537.98,52.17,TRADE
NSW1,2012/11/4 1:00,6431.49,51.91,TRADE
NSW1,2012/11/4 1:30,6145.79,51.4,TRADE
NSW1,2012/11/4 2:00,5890.98,49.39,TRADE
NSW1,2012/11/4 2:30,5741.89,48.45,TRADE
NSW1,2012/11/4 3:00,5665.66,48.23,TRADE
NSW1,2012/11/4 3:30,5622.7,48.45,TRADE
NSW1,2012/11/4 4:00,5621.85,48.69,TRADE
NSW1,2012/11/4 4:30,5674.89,48.84,TRADE
NSW1,2012/11/4 5:00,5734.91,48.93,TRADE
NSW1,2012/11/4 5:30,5774.84,49.11,TRADE
NSW1,2012/11/4 6:00,5908.25,49.7,TRADE
NSW1,2012/11/4 6:30,6114.48,49.76,TRADE
NSW1,2012/11/4 7:00,6407.19,50.22,TRADE
NSW1,2012/11/4 7:30,6721.49,49.56,TRADE
NSW1,2012/11/4 8:00,6932.92,50.87,TRADE
NSW1,2012/11/4 8:30,7215.63,50.9,TRADE
NSW1,2012/11/4 9:00,7347.67,50.8,TRADE
NSW1,2012/11/4 9:30,7428.53,51.94,TRADE
NSW1,2012/11/4 10:00,7394.38,50.89,TRADE
NSW1,2012/11/4 10:30,7367.79,50.88,TRADE
NSW1,2012/11/4 11:00,7341.88,50.89,TRADE
NSW1,2012/11/4 11:30,7307.77,51.02,TRADE
NSW1,2012/11/4 12:00,7257.33,50.85,TRADE
NSW1,2012/11/4 12:30,7241.19,51.08,TRADE
NSW1,2012/11/4 13:00,7174.71,51.16,TRADE
NSW1,2012/11/4 13:30,7173.05,50.88,TRADE
NSW1,2012/11/4 14:00,7139.48,50.89,TRADE
NSW1,2012/11/4 14:30,7167.7,50.89,TRADE
NSW1,2012/11/4 15:00,7226.19,51.39,TRADE
NSW1,2012/11/4 15:30,7285.32,52.9,TRADE
NSW1,2012/11/4 16:00,7404.44,54.44,TRADE
NSW1,2012/11/4 16:30,7441,53.01,TRADE
NSW1,2012/11/4 17:00,7602.72,54.75,TRADE
NSW1,2012/11/4 17:30,7655.44,54.95,TRADE
NSW1,2012/11/4 18:00,7681.52,54.99,TRADE
NSW1,2012/11/4 18:30,7734.34,55.18,TRADE
NSW1,2012/11/4 19:00,7950.6,55.22,TRADE
NSW1,2012/11/4 19:30,8003.54,55.53,TRADE
NSW1,2012/11/4 20:00,7874.05,55.03,TRADE
NSW1,2012/11/4 20:30,7601.06,54.67,TRADE
NSW1,2012/11/4 21:00,7393.21,54.32,TRADE
NSW1,2012/11/4 21:30,7364.86,55.02,TRADE
NSW1,2012/11/4 22:00,7197.86,53.7,TRADE
NSW1,2012/11/4 22:30,7127.37,57.1,TRADE
NSW1,2012/11/4 23:00,6935.07,54.65,TRADE
NSW1,2012/11/4 23:30,6772.6,54.91,TRADE
NSW1,2012/11/5 0:00,6666.27,54.29,TRADE
NSW1,2012/11/5 0:30,6585.64,54.36,TRADE
NSW1,2012/11/5 1:00,6392.56,55.13,TRADE
NSW1,2012/11/5 1:30,6134.61,54.97,TRADE
NSW1,2012/11/5 2:00,5937.76,52.22,TRADE
NSW1,2012/11/5 2:30,5815.94,49.92,TRADE
NSW1,2012/11/5 3:00,5787.95,48.98,TRADE
NSW1,2012/11/5 3:30,5747.54,48.25,TRADE
NSW1,2012/11/5 4:00,5850.15,49.01,TRADE
NSW1,2012/11/5 4:30,6110.4,50.79,TRADE
NSW1,2012/11/5 5:00,6298.49,55.07,TRADE
NSW1,2012/11/5 5:30,6850.55,55.56,TRADE
NSW1,2012/11/5 6:00,7389.13,56.9,TRADE
NSW1,2012/11/5 6:30,7773.4,54.48,TRADE
NSW1,2012/11/5 7:00,8107.24,56.55,TRADE
NSW1,2012/11/5 7:30,8246.96,52.78,TRADE
NSW1,2012/11/5 8:00,8387.53,53.12,TRADE
NSW1,2012/11/5 8:30,8569.55,54.74,TRADE
NSW1,2012/11/5 9:00,8738.56,54.92,TRADE
NSW1,2012/11/5 9:30,8859.14,55.18,TRADE
NSW1,2012/11/5 10:00,8909.67,54.59,TRADE
NSW1,2012/11/5 10:30,8902.39,54.67,TRADE
NSW1,2012/11/5 11:00,8945.86,54.46,TRADE
NSW1,2012/11/5 11:30,8977.6,55.07,TRADE
NSW1,2012/11/5 12:00,9033.92,55.26,TRADE
NSW1,2012/11/5 12:30,9078.68,56.27,TRADE
NSW1,2012/11/5 13:00,9172.25,55.4,TRADE
NSW1,2012/11/5 13:30,9234.47,57.29,TRADE
NSW1,2012/11/5 14:00,9209.8,58.48,TRADE
NSW1,2012/11/5 14:30,9233.89,59.89,TRADE
NSW1,2012/11/5 15:00,9308.55,61.16,TRADE
NSW1,2012/11/5 15:30,9344.77,61.53,TRADE
NSW1,2012/11/5 16:00,9423.99,62.19,TRADE
NSW1,2012/11/5 16:30,9354.96,62.02,TRADE
NSW1,2012/11/5 17:00,9304.05,62.19,TRADE
NSW1,2012/11/5 17:30,9117.2,59.36,TRADE
NSW1,2012/11/5 18:00,8993.73,55.53,TRADE
NSW1,2012/11/5 18:30,8820.57,54.46,TRADE
NSW1,2012/11/5 19:00,8849,54.99,TRADE
NSW1,2012/11/5 19:30,8752.82,53.02,TRADE
NSW1,2012/11/5 20:00,8536.99,52.88,TRADE
NSW1,2012/11/5 20:30,8330,52.12,TRADE
NSW1,2012/11/5 21:00,7973.61,50,TRADE
NSW1,2012/11/5 21:30,7924.06,50.72,TRADE
NSW1,2012/11/5 22:00,7707.5,50.6,TRADE
NSW1,2012/11/5 22:30,7669.45,53.25,TRADE
NSW1,2012/11/5 23:00,7519.3,51.84,TRADE
NSW1,2012/11/5 23:30,7330.46,51.92,TRADE
NSW1,2012/11/6 0:00,7191.56,51.21,TRADE
NSW1,2012/11/6 0:30,6958.41,51.92,TRADE
NSW1,2012/11/6 1:00,6738.31,51.92,TRADE
NSW1,2012/11/6 1:30,6467.35,52.29,TRADE
NSW1,2012/11/6 2:00,6132.37,51.92,TRADE
NSW1,2012/11/6 2:30,5986.38,50.09,TRADE
NSW1,2012/11/6 3:00,5954.23,50.01,TRADE
NSW1,2012/11/6 3:30,5963.08,50.18,TRADE
NSW1,2012/11/6 4:00,6068.82,51.01,TRADE
NSW1,2012/11/6 4:30,6245.97,52.05,TRADE
NSW1,2012/11/6 5:00,6537.97,54.99,TRADE
NSW1,2012/11/6 5:30,7070.73,54.87,TRADE
NSW1,2012/11/6 6:00,7566.92,55.23,TRADE
NSW1,2012/11/6 6:30,7942.63,52.26,TRADE
NSW1,2012/11/6 7:00,8305.91,55.04,TRADE
NSW1,2012/11/6 7:30,8551.68,53.16,TRADE
NSW1,2012/11/6 8:00,8711.82,53.64,TRADE
NSW1,2012/11/6 8:30,8920.96,54.62,TRADE
NSW1,2012/11/6 9:00,9028.54,54.91,TRADE
NSW1,2012/11/6 9:30,9140.53,54.81,TRADE
NSW1,2012/11/6 10:00,9277.79,55.08,TRADE
NSW1,2012/11/6 10:30,9277.19,55.08,TRADE
NSW1,2012/11/6 11:00,9234.17,54.85,TRADE
NSW1,2012/11/6 11:30,9254.19,54.05,TRADE
NSW1,2012/11/6 12:00,9252.38,55.04,TRADE
NSW1,2012/11/6 12:30,9324.36,54.64,TRADE
NSW1,2012/11/6 13:00,9366,54.9,TRADE
NSW1,2012/11/6 13:30,9430.41,54.4,TRADE
NSW1,2012/11/6 14:00,9503.09,54.85,TRADE
NSW1,2012/11/6 14:30,9363.98,52.6,TRADE
NSW1,2012/11/6 15:00,9494.51,54.41,TRADE
NSW1,2012/11/6 15:30,9492.78,54.59,TRADE
NSW1,2012/11/6 16:00,9478.86,55.02,TRADE
NSW1,2012/11/6 16:30,9383.73,54.87,TRADE
NSW1,2012/11/6 17:00,9238.14,54.72,TRADE
NSW1,2012/11/6 17:30,8967.07,51.86,TRADE
NSW1,2012/11/6 18:00,8891.69,54.27,TRADE
NSW1,2012/11/6 18:30,8758.93,54.19,TRADE
NSW1,2012/11/6 19:00,8781.32,53.19,TRADE
NSW1,2012/11/6 19:30,8699.61,54.03,TRADE
NSW1,2012/11/6 20:00,8439.61,52.08,TRADE
NSW1,2012/11/6 20:30,8217.63,51.22,TRADE
NSW1,2012/11/6 21:00,7920.08,51.5,TRADE
NSW1,2012/11/6 21:30,7871.65,52.24,TRADE
NSW1,2012/11/6 22:00,7657.4,50.75,TRADE
NSW1,2012/11/6 22:30,7600.4,52.96,TRADE
NSW1,2012/11/6 23:00,7479.51,53.11,TRADE
NSW1,2012/11/6 23:30,7315.98,51.93,TRADE
NSW1,2012/11/7 0:00,7161.39,51.46,TRADE
NSW1,2012/11/7 0:30,7000.4,51.9,TRADE
NSW1,2012/11/7 1:00,6805.99,52.57,TRADE
NSW1,2012/11/7 1:30,6516.38,53.2,TRADE
NSW1,2012/11/7 2:00,6260.06,53.69,TRADE
NSW1,2012/11/7 2:30,6087.01,52.45,TRADE
NSW1,2012/11/7 3:00,6003.76,51.93,TRADE
NSW1,2012/11/7 3:30,5977.83,51.92,TRADE
NSW1,2012/11/7 4:00,6071.94,51.93,TRADE
NSW1,2012/11/7 4:30,6297.49,54.23,TRADE
NSW1,2012/11/7 5:00,6598.45,55.2,TRADE
NSW1,2012/11/7 5:30,7100.92,54.71,TRADE
NSW1,2012/11/7 6:00,7629.75,55.26,TRADE
NSW1,2012/11/7 6:30,8071.75,57.1,TRADE
NSW1,2012/11/7 7:00,8421.47,58.53,TRADE
NSW1,2012/11/7 7:30,8658.27,57.13,TRADE
NSW1,2012/11/7 8:00,8775.28,59.65,TRADE
NSW1,2012/11/7 8:30,8887.02,57.6,TRADE
NSW1,2012/11/7 9:00,8955.72,57.97,TRADE
NSW1,2012/11/7 9:30,9059.53,56.98,TRADE
NSW1,2012/11/7 10:00,9075.34,55.4,TRADE
NSW1,2012/11/7 10:30,9065.16,54.96,TRADE
NSW1,2012/11/7 11:00,9092.1,54.97,TRADE
NSW1,2012/11/7 11:30,9101.17,55.12,TRADE
NSW1,2012/11/7 12:00,9062.9,55.09,TRADE
NSW1,2012/11/7 12:30,9095.3,55,TRADE
NSW1,2012/11/7 13:00,9048.08,54.96,TRADE
NSW1,2012/11/7 13:30,9043.58,55.15,TRADE
NSW1,2012/11/7 14:00,8995.61,53.89,TRADE
NSW1,2012/11/7 14:30,8875.82,51.93,TRADE
NSW1,2012/11/7 15:00,8907.68,53.1,TRADE
NSW1,2012/11/7 15:30,8908.31,54.48,TRADE
NSW1,2012/11/7 16:00,8907.43,55,TRADE
NSW1,2012/11/7 16:30,8796.99,54.7,TRADE
NSW1,2012/11/7 17:00,8787.35,54.97,TRADE
NSW1,2012/11/7 17:30,8669.71,52.75,TRADE
NSW1,2012/11/7 18:00,8557.2,52.65,TRADE
NSW1,2012/11/7 18:30,8461.23,51.62,TRADE
NSW1,2012/11/7 19:00,8566.77,53.07,TRADE
NSW1,2012/11/7 19:30,8475.4,53.87,TRADE
NSW1,2012/11/7 20:00,8261.95,51.94,TRADE
NSW1,2012/11/7 20:30,8010.85,51.76,TRADE
NSW1,2012/11/7 21:00,7760.63,50.89,TRADE
NSW1,2012/11/7 21:30,7712.35,50.79,TRADE
NSW1,2012/11/7 22:00,7548.79,50.4,TRADE
NSW1,2012/11/7 22:30,7508.91,53.94,TRADE
NSW1,2012/11/7 23:00,7363.72,51.93,TRADE
NSW1,2012/11/7 23:30,7209.06,51.92,TRADE
NSW1,2012/11/8 0:00,7076.38,51.69,TRADE
NSW1,2012/11/8 0:30,6879.14,51.92,TRADE
NSW1,2012/11/8 1:00,6668.31,52.07,TRADE
NSW1,2012/11/8 1:30,6347.38,51.94,TRADE
NSW1,2012/11/8 2:00,6102.85,51.92,TRADE
NSW1,2012/11/8 2:30,5968.61,51.84,TRADE
NSW1,2012/11/8 3:00,5922.38,51.69,TRADE
NSW1,2012/11/8 3:30,5908.06,51.06,TRADE
NSW1,2012/11/8 4:00,5934.84,51.19,TRADE
NSW1,2012/11/8 4:30,6148.87,52.28,TRADE
NSW1,2012/11/8 5:00,6455.02,53.4,TRADE
NSW1,2012/11/8 5:30,6996.33,54.66,TRADE
NSW1,2012/11/8 6:00,7544.05,54.94,TRADE
NSW1,2012/11/8 6:30,8007.75,55.27,TRADE
NSW1,2012/11/8 7:00,8401.63,55.38,TRADE
NSW1,2012/11/8 7:30,8607.45,54.75,TRADE
NSW1,2012/11/8 8:00,8701.93,55.05,TRADE
NSW1,2012/11/8 8:30,8928.01,55.17,TRADE
NSW1,2012/11/8 9:00,9059.8,55.41,TRADE
NSW1,2012/11/8 9:30,9161.48,55.6,TRADE
NSW1,2012/11/8 10:00,9230.62,56.39,TRADE
NSW1,2012/11/8 10:30,9188.79,55.56,TRADE
NSW1,2012/11/8 11:00,9152.95,55.38,TRADE
NSW1,2012/11/8 11:30,9101.09,55.14,TRADE
NSW1,2012/11/8 12:00,9084.54,53.74,TRADE
NSW1,2012/11/8 12:30,9072.31,53.3,TRADE
NSW1,2012/11/8 13:00,9080.37,53.39,TRADE
NSW1,2012/11/8 13:30,9105.86,53.36,TRADE
NSW1,2012/11/8 14:00,9062.34,51.7,TRADE
NSW1,2012/11/8 14:30,9050.23,51.54,TRADE
NSW1,2012/11/8 15:00,9089.04,52.12,TRADE
NSW1,2012/11/8 15:30,9026.64,54.61,TRADE
NSW1,2012/11/8 16:00,8973.02,54.89,TRADE
NSW1,2012/11/8 16:30,8859.06,53.41,TRADE
NSW1,2012/11/8 17:00,8879.74,54.27,TRADE
NSW1,2012/11/8 17:30,8725.32,52.06,TRADE
NSW1,2012/11/8 18:00,8644.17,52.33,TRADE
NSW1,2012/11/8 18:30,8556.02,52,TRADE
NSW1,2012/11/8 19:00,8642.47,53.22,TRADE
NSW1,2012/11/8 19:30,8612.15,53.58,TRADE
NSW1,2012/11/8 20:00,8429.71,52.38,TRADE
NSW1,2012/11/8 20:30,8120.46,51.25,TRADE
NSW1,2012/11/8 21:00,7841.99,50.31,TRADE
NSW1,2012/11/8 21:30,7883.48,51.01,TRADE
NSW1,2012/11/8 22:00,7668.59,50.06,TRADE
NSW1,2012/11/8 22:30,7625.56,53.35,TRADE
NSW1,2012/11/8 23:00,7487.61,51.93,TRADE
NSW1,2012/11/8 23:30,7329.42,52.12,TRADE
NSW1,2012/11/9 0:00,7195.95,51.22,TRADE
NSW1,2012/11/9 0:30,6993.64,51.49,TRADE
NSW1,2012/11/9 1:00,6766.61,51.92,TRADE
NSW1,2012/11/9 1:30,6489.1,51.93,TRADE
NSW1,2012/11/9 2:00,6225.27,51.92,TRADE
NSW1,2012/11/9 2:30,6061.34,51.11,TRADE
NSW1,2012/11/9 3:00,5995.41,50.12,TRADE
NSW1,2012/11/9 3:30,6020.98,51.46,TRADE
NSW1,2012/11/9 4:00,6089.4,51.89,TRADE
NSW1,2012/11/9 4:30,6293.96,51.86,TRADE
NSW1,2012/11/9 5:00,6587.48,54.42,TRADE
NSW1,2012/11/9 5:30,7084.37,56.81,TRADE
NSW1,2012/11/9 6:00,7632.86,53.48,TRADE
NSW1,2012/11/9 6:30,7912.9,54.92,TRADE
NSW1,2012/11/9 7:00,8355.94,55.45,TRADE
NSW1,2012/11/9 7:30,8580.01,54.43,TRADE
NSW1,2012/11/9 8:00,8697.17,55.32,TRADE
NSW1,2012/11/9 8:30,8885.06,56.07,TRADE
NSW1,2012/11/9 9:00,9002.13,55.74,TRADE
NSW1,2012/11/9 9:30,9127.51,55.51,TRADE
NSW1,2012/11/9 10:00,9129.08,55.17,TRADE
NSW1,2012/11/9 10:30,9109.61,54.98,TRADE
NSW1,2012/11/9 11:00,9081.35,53.48,TRADE
NSW1,2012/11/9 11:30,9024.84,53.74,TRADE
NSW1,2012/11/9 12:00,8933.39,53.02,TRADE
NSW1,2012/11/9 12:30,8956.65,54.96,TRADE
NSW1,2012/11/9 13:00,8882.46,53.43,TRADE
NSW1,2012/11/9 13:30,8787.41,52.36,TRADE
NSW1,2012/11/9 14:00,8706.36,52.01,TRADE
NSW1,2012/11/9 14:30,8691.49,52.89,TRADE
NSW1,2012/11/9 15:00,8735.8,54.65,TRADE
NSW1,2012/11/9 15:30,8809.93,54.96,TRADE
NSW1,2012/11/9 16:00,8859.07,54.75,TRADE
NSW1,2012/11/9 16:30,8803.29,54.66,TRADE
NSW1,2012/11/9 17:00,8725.38,52.37,TRADE
NSW1,2012/11/9 17:30,8465.02,51.41,TRADE
NSW1,2012/11/9 18:00,8364.69,51.75,TRADE
NSW1,2012/11/9 18:30,8212.9,51.42,TRADE
NSW1,2012/11/9 19:00,8287.51,53.01,TRADE
NSW1,2012/11/9 19:30,8398.12,54.29,TRADE
NSW1,2012/11/9 20:00,8236.3,53.15,TRADE
NSW1,2012/11/9 20:30,8040.75,51.76,TRADE
NSW1,2012/11/9 21:00,7756.53,50.1,TRADE
NSW1,2012/11/9 21:30,7758.26,50.57,TRADE
NSW1,2012/11/9 22:00,7600.8,50.42,TRADE
NSW1,2012/11/9 22:30,7589.84,54.65,TRADE
NSW1,2012/11/9 23:00,7513.66,52.44,TRADE
NSW1,2012/11/9 23:30,7313.58,53.6,TRADE
NSW1,2012/11/10 0:00,7151.4,53.85,TRADE
NSW1,2012/11/10 0:30,6951.12,52.44,TRADE
NSW1,2012/11/10 1:00,6675.98,52.43,TRADE
NSW1,2012/11/10 1:30,6429.39,51.93,TRADE
NSW1,2012/11/10 2:00,6180.14,52.27,TRADE
NSW1,2012/11/10 2:30,6008.92,51.92,TRADE
NSW1,2012/11/10 3:00,5951.49,51.5,TRADE
NSW1,2012/11/10 3:30,5857.96,51.21,TRADE
NSW1,2012/11/10 4:00,5822.14,49.73,TRADE
NSW1,2012/11/10 4:30,5925.32,51.13,TRADE
NSW1,2012/11/10 5:00,6021.5,52.68,TRADE
NSW1,2012/11/10 5:30,6148.03,54.34,TRADE
NSW1,2012/11/10 6:00,6366.81,50.89,TRADE
NSW1,2012/11/10 6:30,6616.88,50.89,TRADE
NSW1,2012/11/10 7:00,6968.98,51.09,TRADE
NSW1,2012/11/10 7:30,7231.72,50.93,TRADE
NSW1,2012/11/10 8:00,7499.98,51.38,TRADE
NSW1,2012/11/10 8:30,7796.4,52.06,TRADE
NSW1,2012/11/10 9:00,7753.69,51.91,TRADE
NSW1,2012/11/10 9:30,7793.8,52.7,TRADE
NSW1,2012/11/10 10:00,7680.39,51.46,TRADE
NSW1,2012/11/10 10:30,7663.11,51.57,TRADE
NSW1,2012/11/10 11:00,7589.23,51.23,TRADE
NSW1,2012/11/10 11:30,7503.89,50.4,TRADE
NSW1,2012/11/10 12:00,7402.87,50.59,TRADE
NSW1,2012/11/10 12:30,7303.04,50.73,TRADE
NSW1,2012/11/10 13:00,7328.15,50.74,TRADE
NSW1,2012/11/10 13:30,7298.21,50.63,TRADE
NSW1,2012/11/10 14:00,7232.13,50.61,TRADE
NSW1,2012/11/10 14:30,7218.75,50.89,TRADE
NSW1,2012/11/10 15:00,7201.25,50.64,TRADE
NSW1,2012/11/10 15:30,7195.28,50.37,TRADE
NSW1,2012/11/10 16:00,7250.82,51.05,TRADE
NSW1,2012/11/10 16:30,7247.91,50.89,TRADE
NSW1,2012/11/10 17:00,7332.33,50.89,TRADE
NSW1,2012/11/10 17:30,7427.58,51.03,TRADE
NSW1,2012/11/10 18:00,7374.6,50.89,TRADE
NSW1,2012/11/10 18:30,7346.28,50.89,TRADE
NSW1,2012/11/10 19:00,7367.63,50.89,TRADE
NSW1,2012/11/10 19:30,7402.88,50.79,TRADE
NSW1,2012/11/10 20:00,7289.25,50.78,TRADE
NSW1,2012/11/10 20:30,7122.13,50.69,TRADE
NSW1,2012/11/10 21:00,7008.79,50.47,TRADE
NSW1,2012/11/10 21:30,7001.51,51.06,TRADE
NSW1,2012/11/10 22:00,6944.44,50.35,TRADE
NSW1,2012/11/10 22:30,6961.35,52.65,TRADE
NSW1,2012/11/10 23:00,6843.89,51.95,TRADE
NSW1,2012/11/10 23:30,6677.76,52.42,TRADE
NSW1,2012/11/11 0:00,6536.49,52.58,TRADE
NSW1,2012/11/11 0:30,6383.03,51.49,TRADE
NSW1,2012/11/11 1:00,6225.42,51.74,TRADE
NSW1,2012/11/11 1:30,5960.23,50.73,TRADE
NSW1,2012/11/11 2:00,5788.34,49.75,TRADE
NSW1,2012/11/11 2:30,5649.1,49.49,TRADE
NSW1,2012/11/11 3:00,5556.8,48.91,TRADE
NSW1,2012/11/11 3:30,5525.83,48.23,TRADE
NSW1,2012/11/11 4:00,5518.79,48.23,TRADE
NSW1,2012/11/11 4:30,5572.29,48.49,TRADE
NSW1,2012/11/11 5:00,5583.6,48.65,TRADE
NSW1,2012/11/11 5:30,5693.73,48.81,TRADE
NSW1,2012/11/11 6:00,5816.88,47.74,TRADE
NSW1,2012/11/11 6:30,6047.06,49.76,TRADE
NSW1,2012/11/11 7:00,6352.92,49.82,TRADE
NSW1,2012/11/11 7:30,6641.59,48.34,TRADE
NSW1,2012/11/11 8:00,6874.86,49.92,TRADE
NSW1,2012/11/11 8:30,7080.77,50.09,TRADE
NSW1,2012/11/11 9:00,7140.29,49.8,TRADE
NSW1,2012/11/11 9:30,7233.58,49.91,TRADE
NSW1,2012/11/11 10:00,7181.53,49.8,TRADE
NSW1,2012/11/11 10:30,7138.71,49.69,TRADE
NSW1,2012/11/11 11:00,7138.64,49.84,TRADE
NSW1,2012/11/11 11:30,7086.57,49.8,TRADE
NSW1,2012/11/11 12:00,7005.52,49.8,TRADE
NSW1,2012/11/11 12:30,6974.19,49.89,TRADE
NSW1,2012/11/11 13:00,6899.78,49.76,TRADE
NSW1,2012/11/11 13:30,6827.69,49.83,TRADE
NSW1,2012/11/11 14:00,6813.67,49.91,TRADE
NSW1,2012/11/11 14:30,6868.23,49.94,TRADE
NSW1,2012/11/11 15:00,6900.15,49.84,TRADE
NSW1,2012/11/11 15:30,6964.09,50.19,TRADE
NSW1,2012/11/11 16:00,7029.01,50.3,TRADE
NSW1,2012/11/11 16:30,7076.96,50.79,TRADE
NSW1,2012/11/11 17:00,7250.1,51.06,TRADE
NSW1,2012/11/11 17:30,7345.33,50.89,TRADE
NSW1,2012/11/11 18:00,7377.87,50.48,TRADE
NSW1,2012/11/11 18:30,7337.71,50.89,TRADE
NSW1,2012/11/11 19:00,7485.89,50.99,TRADE
NSW1,2012/11/11 19:30,7606.3,50.76,TRADE
NSW1,2012/11/11 20:00,7516.59,50.71,TRADE
NSW1,2012/11/11 20:30,7301.51,49.98,TRADE
NSW1,2012/11/11 21:00,7085.02,50.54,TRADE
NSW1,2012/11/11 21:30,7049.16,50.89,TRADE
NSW1,2012/11/11 22:00,6928.77,50.95,TRADE
NSW1,2012/11/11 22:30,6865.9,52.21,TRADE
NSW1,2012/11/11 23:00,6697.55,51.21,TRADE
NSW1,2012/11/11 23:30,6567.69,51.74,TRADE
NSW1,2012/11/12 0:00,6479.03,50.88,TRADE
NSW1,2012/11/12 0:30,6396.07,51.36,TRADE
NSW1,2012/11/12 1:00,6254.5,51.18,TRADE
NSW1,2012/11/12 1:30,6029.56,51.4,TRADE
NSW1,2012/11/12 2:00,5857.54,50.2,TRADE
NSW1,2012/11/12 2:30,5733.8,49.75,TRADE
NSW1,2012/11/12 3:00,5663.65,49.64,TRADE
NSW1,2012/11/12 3:30,5674.57,49.7,TRADE
NSW1,2012/11/12 4:00,5750.87,49.8,TRADE
NSW1,2012/11/12 4:30,5997.59,50.11,TRADE
NSW1,2012/11/12 5:00,6256.58,51.07,TRADE
NSW1,2012/11/12 5:30,6773.12,55.89,TRADE
NSW1,2012/11/12 6:00,7321.54,56.25,TRADE
NSW1,2012/11/12 6:30,7623.35,51.58,TRADE
NSW1,2012/11/12 7:00,7950.98,51.66,TRADE
NSW1,2012/11/12 7:30,8114.39,50.71,TRADE
NSW1,2012/11/12 8:00,8177.69,51.57,TRADE
NSW1,2012/11/12 8:30,8267.33,51.02,TRADE
NSW1,2012/11/12 9:00,8338.99,50.89,TRADE
NSW1,2012/11/12 9:30,8363.03,51.92,TRADE
NSW1,2012/11/12 10:00,8369.83,51.63,TRADE
NSW1,2012/11/12 10:30,8349.81,52.94,TRADE
NSW1,2012/11/12 11:00,8380.72,53.05,TRADE
NSW1,2012/11/12 11:30,8346.06,52.25,TRADE
NSW1,2012/11/12 12:00,8361.79,52.24,TRADE
NSW1,2012/11/12 12:30,8353.61,51.99,TRADE
NSW1,2012/11/12 13:00,8430.06,55.77,TRADE
NSW1,2012/11/12 13:30,8459.06,54.45,TRADE
NSW1,2012/11/12 14:00,8467.05,54.66,TRADE
NSW1,2012/11/12 14:30,8462.14,54.17,TRADE
NSW1,2012/11/12 15:00,8537.04,54.61,TRADE
NSW1,2012/11/12 15:30,8576.1,54.41,TRADE
NSW1,2012/11/12 16:00,8603.5,54.76,TRADE
NSW1,2012/11/12 16:30,8587.06,54.87,TRADE
NSW1,2012/11/12 17:00,8589.95,55.08,TRADE
NSW1,2012/11/12 17:30,8463.19,53.49,TRADE
NSW1,2012/11/12 18:00,8441.48,54.68,TRADE
NSW1,2012/11/12 18:30,8331.44,53.34,TRADE
NSW1,2012/11/12 19:00,8328.92,53.73,TRADE
NSW1,2012/11/12 19:30,8342.93,52.69,TRADE
NSW1,2012/11/12 20:00,8179.44,51.6,TRADE
NSW1,2012/11/12 20:30,7899.5,50.3,TRADE
NSW1,2012/11/12 21:00,7635.36,50.88,TRADE
NSW1,2012/11/12 21:30,7570.69,51.12,TRADE
NSW1,2012/11/12 22:00,7406.27,50.25,TRADE
NSW1,2012/11/12 22:30,7369.91,51.4,TRADE
NSW1,2012/11/12 23:00,7287.35,51.51,TRADE
NSW1,2012/11/12 23:30,7159.53,51.75,TRADE
NSW1,2012/11/13 0:00,7067.71,52.01,TRADE
NSW1,2012/11/13 0:30,6908.33,50.51,TRADE
NSW1,2012/11/13 1:00,6679.78,50.64,TRADE
NSW1,2012/11/13 1:30,6301.89,50.78,TRADE
NSW1,2012/11/13 2:00,6026.1,50.16,TRADE
NSW1,2012/11/13 2:30,5846.68,49.75,TRADE
NSW1,2012/11/13 3:00,5789.44,49.77,TRADE
NSW1,2012/11/13 3:30,5788.41,49.82,TRADE
NSW1,2012/11/13 4:00,5891.28,49.82,TRADE
NSW1,2012/11/13 4:30,6094.5,51.44,TRADE
NSW1,2012/11/13 5:00,6320.08,53.26,TRADE
NSW1,2012/11/13 5:30,6865.58,55.18,TRADE
NSW1,2012/11/13 6:00,7382.83,54.81,TRADE
NSW1,2012/11/13 6:30,7749.79,53.66,TRADE
NSW1,2012/11/13 7:00,8032.94,54.99,TRADE
NSW1,2012/11/13 7:30,8141.18,51.29,TRADE
NSW1,2012/11/13 8:00,8170.01,50.96,TRADE
NSW1,2012/11/13 8:30,8324.38,51.04,TRADE
NSW1,2012/11/13 9:00,8450.38,51.34,TRADE
NSW1,2012/11/13 9:30,8479.94,52.01,TRADE
NSW1,2012/11/13 10:00,8513.34,52.07,TRADE
NSW1,2012/11/13 10:30,8482.59,53.07,TRADE
NSW1,2012/11/13 11:00,8461.82,52.93,TRADE
NSW1,2012/11/13 11:30,8427.48,52.58,TRADE
NSW1,2012/11/13 12:00,8439.32,53.51,TRADE
NSW1,2012/11/13 12:30,8465.94,54.06,TRADE
NSW1,2012/11/13 13:00,8493.92,55.45,TRADE
NSW1,2012/11/13 13:30,8464.38,55.22,TRADE
NSW1,2012/11/13 14:00,8503.78,54.43,TRADE
NSW1,2012/11/13 14:30,8391.04,52.02,TRADE
NSW1,2012/11/13 15:00,8466.3,52.94,TRADE
NSW1,2012/11/13 15:30,8408.2,52.32,TRADE
NSW1,2012/11/13 16:00,8412.24,52.56,TRADE
NSW1,2012/11/13 16:30,8373.98,53.13,TRADE
NSW1,2012/11/13 17:00,8391.54,53.03,TRADE
NSW1,2012/11/13 17:30,8291.34,52.1,TRADE
NSW1,2012/11/13 18:00,8273.11,51.9,TRADE
NSW1,2012/11/13 18:30,8245.15,51.89,TRADE
NSW1,2012/11/13 19:00,8266.29,51.92,TRADE
NSW1,2012/11/13 19:30,8219.76,52.14,TRADE
NSW1,2012/11/13 20:00,8003.36,52.05,TRADE
NSW1,2012/11/13 20:30,7807.68,51.84,TRADE
NSW1,2012/11/13 21:00,7536.23,51.33,TRADE
NSW1,2012/11/13 21:30,7495.96,50.88,TRADE
NSW1,2012/11/13 22:00,7349.17,50.43,TRADE
NSW1,2012/11/13 22:30,7381.07,52.82,TRADE
NSW1,2012/11/13 23:00,7256.23,51.87,TRADE
NSW1,2012/11/13 23:30,7134.57,51.99,TRADE
NSW1,2012/11/14 0:00,7027.27,52.55,TRADE
NSW1,2012/11/14 0:30,6827.65,52.53,TRADE
NSW1,2012/11/14 1:00,6608.12,51.92,TRADE
NSW1,2012/11/14 1:30,6322.58,51.75,TRADE
NSW1,2012/11/14 2:00,6088.99,51.06,TRADE
NSW1,2012/11/14 2:30,5924.93,50.16,TRADE
NSW1,2012/11/14 3:00,5816.45,50.47,TRADE
NSW1,2012/11/14 3:30,5835.41,50.78,TRADE
NSW1,2012/11/14 4:00,5924.4,50.97,TRADE
NSW1,2012/11/14 4:30,6161.32,51.92,TRADE
NSW1,2012/11/14 5:00,6449.14,53.73,TRADE
NSW1,2012/11/14 5:30,6908.47,55.35,TRADE
NSW1,2012/11/14 6:00,7467.81,55.19,TRADE
NSW1,2012/11/14 6:30,7858.59,56.8,TRADE
NSW1,2012/11/14 7:00,8245.08,59.19,TRADE
NSW1,2012/11/14 7:30,8459.26,56.19,TRADE
NSW1,2012/11/14 8:00,8460.11,56.21,TRADE
NSW1,2012/11/14 8:30,8531.62,55.55,TRADE
NSW1,2012/11/14 9:00,8597.01,55.58,TRADE
NSW1,2012/11/14 9:30,8637.33,55.6,TRADE
NSW1,2012/11/14 10:00,8622.22,55.46,TRADE
NSW1,2012/11/14 10:30,8589.73,54.87,TRADE
NSW1,2012/11/14 11:00,8598.68,54.37,TRADE
NSW1,2012/11/14 11:30,8550.21,55.18,TRADE
NSW1,2012/11/14 12:00,8562.09,55.48,TRADE
NSW1,2012/11/14 12:30,8535.77,55.23,TRADE
NSW1,2012/11/14 13:00,8526.58,55.19,TRADE
NSW1,2012/11/14 13:30,8523.69,55.43,TRADE
NSW1,2012/11/14 14:00,8454.7,55.31,TRADE
NSW1,2012/11/14 14:30,8449.9,55.54,TRADE
NSW1,2012/11/14 15:00,8518.86,55.57,TRADE
NSW1,2012/11/14 15:30,8510.69,55.56,TRADE
NSW1,2012/11/14 16:00,8538.45,55.63,TRADE
NSW1,2012/11/14 16:30,8552.97,58.11,TRADE
NSW1,2012/11/14 17:00,8523.85,57.83,TRADE
NSW1,2012/11/14 17:30,8442.17,57.56,TRADE
NSW1,2012/11/14 18:00,8338.92,56.88,TRADE
NSW1,2012/11/14 18:30,8227.45,55.37,TRADE
NSW1,2012/11/14 19:00,8241.58,55.6,TRADE
NSW1,2012/11/14 19:30,8218.93,55.38,TRADE
NSW1,2012/11/14 20:00,8083.4,54.9,TRADE
NSW1,2012/11/14 20:30,7863.62,52.24,TRADE
NSW1,2012/11/14 21:00,7640.35,50.89,TRADE
NSW1,2012/11/14 21:30,7648.02,51.1,TRADE
NSW1,2012/11/14 22:00,7498.48,50.67,TRADE
NSW1,2012/11/14 22:30,7496.16,52.61,TRADE
NSW1,2012/11/14 23:00,7385.64,51.92,TRADE
NSW1,2012/11/14 23:30,7247.73,52.35,TRADE
NSW1,2012/11/15 0:00,7149.08,53.72,TRADE
NSW1,2012/11/15 0:30,6999.15,54.97,TRADE
NSW1,2012/11/15 1:00,6763.74,54.17,TRADE
NSW1,2012/11/15 1:30,6460.03,53.88,TRADE
NSW1,2012/11/15 2:00,6200.13,51.92,TRADE
NSW1,2012/11/15 2:30,5999.52,51.92,TRADE
NSW1,2012/11/15 3:00,5953.12,52.03,TRADE
NSW1,2012/11/15 3:30,5921.22,51.92,TRADE
NSW1,2012/11/15 4:00,5957.29,51.92,TRADE
NSW1,2012/11/15 4:30,6205.56,53.63,TRADE
NSW1,2012/11/15 5:00,6467.85,52.81,TRADE
NSW1,2012/11/15 5:30,6978.72,55.46,TRADE
NSW1,2012/11/15 6:00,7522.25,54.61,TRADE
NSW1,2012/11/15 6:30,7923.65,55.69,TRADE
NSW1,2012/11/15 7:00,8270.19,58.53,TRADE
NSW1,2012/11/15 7:30,8400.22,53.65,TRADE
NSW1,2012/11/15 8:00,8477.19,52.23,TRADE
NSW1,2012/11/15 8:30,8580.98,53.11,TRADE
NSW1,2012/11/15 9:00,8645.24,54.31,TRADE
NSW1,2012/11/15 9:30,8715.47,54.61,TRADE
NSW1,2012/11/15 10:00,8764.6,55,TRADE
NSW1,2012/11/15 10:30,8762.26,55.55,TRADE
NSW1,2012/11/15 11:00,8750.56,57.74,TRADE
NSW1,2012/11/15 11:30,8711.65,55.79,TRADE
NSW1,2012/11/15 12:00,8710.86,55.54,TRADE
NSW1,2012/11/15 12:30,8729.43,55.5,TRADE
NSW1,2012/11/15 13:00,8752.42,56.38,TRADE
NSW1,2012/11/15 13:30,8779.1,55.9,TRADE
NSW1,2012/11/15 14:00,8814.13,55.6,TRADE
NSW1,2012/11/15 14:30,8851.04,56,TRADE
NSW1,2012/11/15 15:00,8870.75,57.59,TRADE
NSW1,2012/11/15 15:30,8841.29,57.43,TRADE
NSW1,2012/11/15 16:00,8906.14,58.64,TRADE
NSW1,2012/11/15 16:30,8912.74,57.81,TRADE
NSW1,2012/11/15 17:00,8886.81,55.87,TRADE
NSW1,2012/11/15 17:30,8739.13,54.91,TRADE
NSW1,2012/11/15 18:00,8648.71,52.13,TRADE
NSW1,2012/11/15 18:30,8504.51,51.27,TRADE
NSW1,2012/11/15 19:00,8539.52,54.58,TRADE
NSW1,2012/11/15 19:30,8635.54,55.28,TRADE
NSW1,2012/11/15 20:00,8452.26,52.97,TRADE
NSW1,2012/11/15 20:30,8149.06,51.44,TRADE
NSW1,2012/11/15 21:00,7885.76,51.31,TRADE
NSW1,2012/11/15 21:30,7861.41,51.01,TRADE
NSW1,2012/11/15 22:00,7680.27,50.55,TRADE
NSW1,2012/11/15 22:30,7653.82,54.45,TRADE
NSW1,2012/11/15 23:00,7513.88,53.68,TRADE
NSW1,2012/11/15 23:30,7316.84,54.96,TRADE
NSW1,2012/11/16 0:00,7191.48,54.47,TRADE
NSW1,2012/11/16 0:30,7020.13,56.93,TRADE
NSW1,2012/11/16 1:00,6756.88,56.73,TRADE
NSW1,2012/11/16 1:30,6442.95,55.16,TRADE
NSW1,2012/11/16 2:00,6195.42,54.15,TRADE
NSW1,2012/11/16 2:30,6067.09,53.82,TRADE
NSW1,2012/11/16 3:00,5961.5,51.92,TRADE
NSW1,2012/11/16 3:30,5937.83,51.75,TRADE
NSW1,2012/11/16 4:00,5979.02,51.77,TRADE
NSW1,2012/11/16 4:30,6234.19,51.92,TRADE
NSW1,2012/11/16 5:00,6519.57,53.61,TRADE
NSW1,2012/11/16 5:30,7024.12,55.65,TRADE
NSW1,2012/11/16 6:00,7573.46,54.5,TRADE
NSW1,2012/11/16 6:30,7939.02,53.28,TRADE
NSW1,2012/11/16 7:00,8375.69,55.06,TRADE
NSW1,2012/11/16 7:30,8473.07,51.4,TRADE
NSW1,2012/11/16 8:00,8571.31,53.46,TRADE
NSW1,2012/11/16 8:30,8741.03,53.51,TRADE
NSW1,2012/11/16 9:00,8790.74,52.88,TRADE
NSW1,2012/11/16 9:30,8812.35,53.17,TRADE
NSW1,2012/11/16 10:00,8803.29,53.33,TRADE
NSW1,2012/11/16 10:30,8798.48,52.98,TRADE
NSW1,2012/11/16 11:00,8743.65,52.99,TRADE
NSW1,2012/11/16 11:30,8724.59,51.92,TRADE
NSW1,2012/11/16 12:00,8663.5,51.92,TRADE
NSW1,2012/11/16 12:30,8629.77,52.61,TRADE
NSW1,2012/11/16 13:00,8535.9,51.92,TRADE
NSW1,2012/11/16 13:30,8480.39,51.92,TRADE
NSW1,2012/11/16 14:00,8425.99,51.92,TRADE
NSW1,2012/11/16 14:30,8388.21,53.17,TRADE
NSW1,2012/11/16 15:00,8385.93,53.29,TRADE
NSW1,2012/11/16 15:30,8363.23,53.14,TRADE
NSW1,2012/11/16 16:00,8346.13,54.67,TRADE
NSW1,2012/11/16 16:30,8352.24,53.58,TRADE
NSW1,2012/11/16 17:00,8378.26,53.17,TRADE
NSW1,2012/11/16 17:30,8229.24,52.22,TRADE
NSW1,2012/11/16 18:00,8171.63,52.56,TRADE
NSW1,2012/11/16 18:30,8054.05,51.83,TRADE
NSW1,2012/11/16 19:00,8159.99,53.13,TRADE
NSW1,2012/11/16 19:30,8065.57,53.64,TRADE
NSW1,2012/11/16 20:00,7963.83,53.16,TRADE
NSW1,2012/11/16 20:30,7778.86,51.96,TRADE
NSW1,2012/11/16 21:00,7532.54,50.89,TRADE
NSW1,2012/11/16 21:30,7656.3,51.92,TRADE
NSW1,2012/11/16 22:00,7541.43,51.32,TRADE
NSW1,2012/11/16 22:30,7554.13,55.6,TRADE
NSW1,2012/11/16 23:00,7474.3,55.17,TRADE
NSW1,2012/11/16 23:30,7320.19,55.73,TRADE
NSW1,2012/11/17 0:00,7152.62,55.78,TRADE
NSW1,2012/11/17 0:30,6936.96,54.8,TRADE
NSW1,2012/11/17 1:00,6719.53,54.54,TRADE
NSW1,2012/11/17 1:30,6417.36,54.09,TRADE
NSW1,2012/11/17 2:00,6113.35,52.12,TRADE
NSW1,2012/11/17 2:30,5936.51,51.19,TRADE
NSW1,2012/11/17 3:00,5825.57,50.56,TRADE
NSW1,2012/11/17 3:30,5753.18,50.32,TRADE
NSW1,2012/11/17 4:00,5783.32,50.78,TRADE
NSW1,2012/11/17 4:30,5878.9,50.9,TRADE
NSW1,2012/11/17 5:00,5952.69,51.19,TRADE
NSW1,2012/11/17 5:30,6128.62,51.1,TRADE
NSW1,2012/11/17 6:00,6387.85,51.02,TRADE
NSW1,2012/11/17 6:30,6709.52,50.9,TRADE
NSW1,2012/11/17 7:00,6999.55,51.24,TRADE
NSW1,2012/11/17 7:30,7357.51,51.06,TRADE
NSW1,2012/11/17 8:00,7596.2,52.39,TRADE
NSW1,2012/11/17 8:30,7836.33,53.33,TRADE
NSW1,2012/11/17 9:00,7836.69,53.03,TRADE
NSW1,2012/11/17 9:30,7905.25,53.26,TRADE
NSW1,2012/11/17 10:00,7826.18,53.26,TRADE
NSW1,2012/11/17 10:30,7749.51,53.16,TRADE
NSW1,2012/11/17 11:00,7688.07,52.77,TRADE
NSW1,2012/11/17 11:30,7569.57,51.23,TRADE
NSW1,2012/11/17 12:00,7477.97,50.99,TRADE
NSW1,2012/11/17 12:30,7405.05,50.9,TRADE
NSW1,2012/11/17 13:00,7317.71,51.07,TRADE
NSW1,2012/11/17 13:30,7257.38,50.89,TRADE
NSW1,2012/11/17 14:00,7222.81,51.24,TRADE
NSW1,2012/11/17 14:30,7222.21,51.24,TRADE
NSW1,2012/11/17 15:00,7214.95,50.89,TRADE
NSW1,2012/11/17 15:30,7280.09,51.17,TRADE
NSW1,2012/11/17 16:00,7324.07,52.19,TRADE
NSW1,2012/11/17 16:30,7259.99,52.41,TRADE
NSW1,2012/11/17 17:00,7264.6,53.15,TRADE
NSW1,2012/11/17 17:30,7290.93,52.68,TRADE
NSW1,2012/11/17 18:00,7234.28,51.17,TRADE
NSW1,2012/11/17 18:30,7165.22,50.9,TRADE
NSW1,2012/11/17 19:00,7214.82,51.16,TRADE
NSW1,2012/11/17 19:30,7308.46,50.94,TRADE
NSW1,2012/11/17 20:00,7268.49,50.97,TRADE
NSW1,2012/11/17 20:30,7142.55,50.88,TRADE
NSW1,2012/11/17 21:00,6983.98,50.89,TRADE
NSW1,2012/11/17 21:30,6987.54,52.57,TRADE
NSW1,2012/11/17 22:00,6936.81,52.57,TRADE
NSW1,2012/11/17 22:30,6944.23,54.06,TRADE
NSW1,2012/11/17 23:00,6823.79,52.32,TRADE
NSW1,2012/11/17 23:30,6629.73,52.61,TRADE
NSW1,2012/11/18 0:00,6540.18,52.15,TRADE
NSW1,2012/11/18 0:30,6398.56,51.38,TRADE
NSW1,2012/11/18 1:00,6221.03,50.96,TRADE
NSW1,2012/11/18 1:30,5997.44,50.5,TRADE
NSW1,2012/11/18 2:00,5764.89,50.5,TRADE
NSW1,2012/11/18 2:30,5651.11,50.16,TRADE
NSW1,2012/11/18 3:00,5549.77,49.8,TRADE
NSW1,2012/11/18 3:30,5509.64,49.78,TRADE
NSW1,2012/11/18 4:00,5492.63,49.8,TRADE
NSW1,2012/11/18 4:30,5552.03,50.73,TRADE
NSW1,2012/11/18 5:00,5597.31,50.86,TRADE
NSW1,2012/11/18 5:30,5618.36,50.7,TRADE
NSW1,2012/11/18 6:00,5799.82,50.87,TRADE
NSW1,2012/11/18 6:30,6010.41,50.88,TRADE
NSW1,2012/11/18 7:00,6296.74,50.89,TRADE
NSW1,2012/11/18 7:30,6607.56,50.7,TRADE
NSW1,2012/11/18 8:00,6923.52,51.18,TRADE
NSW1,2012/11/18 8:30,7196.16,50.94,TRADE
NSW1,2012/11/18 9:00,7325.28,51.58,TRADE
NSW1,2012/11/18 9:30,7439.22,52.96,TRADE
NSW1,2012/11/18 10:00,7373.17,52.33,TRADE
NSW1,2012/11/18 10:30,7288.79,52.54,TRADE
NSW1,2012/11/18 11:00,7262,51.91,TRADE
NSW1,2012/11/18 11:30,7201.12,51.23,TRADE
NSW1,2012/11/18 12:00,7079.57,50.9,TRADE
NSW1,2012/11/18 12:30,7080.29,50.9,TRADE
NSW1,2012/11/18 13:00,6984.18,50.89,TRADE
NSW1,2012/11/18 13:30,6966.88,50.89,TRADE
NSW1,2012/11/18 14:00,6915.84,50.89,TRADE
NSW1,2012/11/18 14:30,6963.18,50.9,TRADE
NSW1,2012/11/18 15:00,6994.81,50.9,TRADE
NSW1,2012/11/18 15:30,7052.86,51.12,TRADE
NSW1,2012/11/18 16:00,7124.8,51.26,TRADE
NSW1,2012/11/18 16:30,7144.21,51.91,TRADE
NSW1,2012/11/18 17:00,7345.77,52.94,TRADE
NSW1,2012/11/18 17:30,7461.12,52.98,TRADE
NSW1,2012/11/18 18:00,7495.48,52.9,TRADE
NSW1,2012/11/18 18:30,7442.53,53.06,TRADE
NSW1,2012/11/18 19:00,7562.67,53.55,TRADE
NSW1,2012/11/18 19:30,7692.39,53.8,TRADE
NSW1,2012/11/18 20:00,7678.36,53.66,TRADE
NSW1,2012/11/18 20:30,7505.39,52.72,TRADE
NSW1,2012/11/18 21:00,7282.61,53.36,TRADE
NSW1,2012/11/18 21:30,7169.3,53.14,TRADE
NSW1,2012/11/18 22:00,7000.85,52.59,TRADE
NSW1,2012/11/18 22:30,6983.63,53.96,TRADE
NSW1,2012/11/18 23:00,6791.27,52.79,TRADE
NSW1,2012/11/18 23:30,6631.61,52.87,TRADE
NSW1,2012/11/19 0:00,6537.47,52.92,TRADE
NSW1,2012/11/19 0:30,6419.86,52.53,TRADE
NSW1,2012/11/19 1:00,6286.11,51.91,TRADE
NSW1,2012/11/19 1:30,6062.24,51.63,TRADE
NSW1,2012/11/19 2:00,5840.16,51.45,TRADE
NSW1,2012/11/19 2:30,5740.46,51.05,TRADE
NSW1,2012/11/19 3:00,5728.1,51.13,TRADE
NSW1,2012/11/19 3:30,5745.07,51.16,TRADE
NSW1,2012/11/19 4:00,5852.99,52.83,TRADE
NSW1,2012/11/19 4:30,6160.55,55.17,TRADE
NSW1,2012/11/19 5:00,6374.89,55.55,TRADE
NSW1,2012/11/19 5:30,6940.03,57.36,TRADE
NSW1,2012/11/19 6:00,7459.23,59.37,TRADE
NSW1,2012/11/19 6:30,7766.09,55.33,TRADE
NSW1,2012/11/19 7:00,8024.79,55.19,TRADE
NSW1,2012/11/19 7:30,8154.99,51.57,TRADE
NSW1,2012/11/19 8:00,8215.3,53.11,TRADE
NSW1,2012/11/19 8:30,8350.83,53.2,TRADE
NSW1,2012/11/19 9:00,8429.92,53.23,TRADE
NSW1,2012/11/19 9:30,8488.29,52.78,TRADE
NSW1,2012/11/19 10:00,8451.35,52.57,TRADE
NSW1,2012/11/19 10:30,8404.51,52.93,TRADE
NSW1,2012/11/19 11:00,8380.87,53.1,TRADE
NSW1,2012/11/19 11:30,8271.66,53.14,TRADE
NSW1,2012/11/19 12:00,8260.69,53.12,TRADE
NSW1,2012/11/19 12:30,8246.56,53.18,TRADE
NSW1,2012/11/19 13:00,8225.75,52.97,TRADE
NSW1,2012/11/19 13:30,8213.73,53.66,TRADE
NSW1,2012/11/19 14:00,8144.85,53.49,TRADE
NSW1,2012/11/19 14:30,8074.68,52.91,TRADE
NSW1,2012/11/19 15:00,8115.31,55.28,TRADE
NSW1,2012/11/19 15:30,8153.02,52.95,TRADE
NSW1,2012/11/19 16:00,8204.55,53.19,TRADE
NSW1,2012/11/19 16:30,8195.28,53.35,TRADE
NSW1,2012/11/19 17:00,8274.78,53.18,TRADE
NSW1,2012/11/19 17:30,8220.41,52.36,TRADE
NSW1,2012/11/19 18:00,8201.34,52.4,TRADE
NSW1,2012/11/19 18:30,8122.57,51.92,TRADE
NSW1,2012/11/19 19:00,8106.48,52.15,TRADE
NSW1,2012/11/19 19:30,8185.76,52.96,TRADE
NSW1,2012/11/19 20:00,8071.29,52.34,TRADE
NSW1,2012/11/19 20:30,7810.63,52.01,TRADE
NSW1,2012/11/19 21:00,7559.97,51.92,TRADE
NSW1,2012/11/19 21:30,7555.62,52.22,TRADE
NSW1,2012/11/19 22:00,7411.34,52.03,TRADE
NSW1,2012/11/19 22:30,7359.68,53.35,TRADE
NSW1,2012/11/19 23:00,7259.48,52.43,TRADE
NSW1,2012/11/19 23:30,7083.96,53,TRADE
NSW1,2012/11/20 0:00,6960.03,52.41,TRADE
NSW1,2012/11/20 0:30,6801.88,51.92,TRADE
NSW1,2012/11/20 1:00,6661.56,51.92,TRADE
NSW1,2012/11/20 1:30,6369.83,51.92,TRADE
NSW1,2012/11/20 2:00,6120.28,51.92,TRADE
NSW1,2012/11/20 2:30,5890.08,51.38,TRADE
NSW1,2012/11/20 3:00,5794.89,50.83,TRADE
NSW1,2012/11/20 3:30,5755.52,50.83,TRADE
NSW1,2012/11/20 4:00,5810.04,50.76,TRADE
NSW1,2012/11/20 4:30,6070.87,51.2,TRADE
NSW1,2012/11/20 5:00,6324.12,51.3,TRADE
NSW1,2012/11/20 5:30,6884.1,52.64,TRADE
NSW1,2012/11/20 6:00,7447.41,52.05,TRADE
NSW1,2012/11/20 6:30,7788.05,51.88,TRADE
NSW1,2012/11/20 7:00,8057.64,53,TRADE
NSW1,2012/11/20 7:30,8153.92,51.92,TRADE
NSW1,2012/11/20 8:00,8202.97,53.15,TRADE
NSW1,2012/11/20 8:30,8259.97,53.01,TRADE
NSW1,2012/11/20 9:00,8301.59,52.01,TRADE
NSW1,2012/11/20 9:30,8407,52.35,TRADE
NSW1,2012/11/20 10:00,8425.81,51.93,TRADE
NSW1,2012/11/20 10:30,8430.17,52.64,TRADE
NSW1,2012/11/20 11:00,8379.22,52.85,TRADE
NSW1,2012/11/20 11:30,8299.52,52.08,TRADE
NSW1,2012/11/20 12:00,8218.79,51.56,TRADE
NSW1,2012/11/20 12:30,8192.7,51.1,TRADE
NSW1,2012/11/20 13:00,8192.25,51.35,TRADE
NSW1,2012/11/20 13:30,8198.69,51.75,TRADE
NSW1,2012/11/20 14:00,8177.55,51.24,TRADE
NSW1,2012/11/20 14:30,8158.73,51.75,TRADE
NSW1,2012/11/20 15:00,8217.3,52.44,TRADE
NSW1,2012/11/20 15:30,8246.13,51.92,TRADE
NSW1,2012/11/20 16:00,8272.14,51.92,TRADE
NSW1,2012/11/20 16:30,8340.11,52.28,TRADE
NSW1,2012/11/20 17:00,8348.87,52.15,TRADE
NSW1,2012/11/20 17:30,8240.8,51.88,TRADE
NSW1,2012/11/20 18:00,8184.25,51.86,TRADE
NSW1,2012/11/20 18:30,8037.57,51.22,TRADE
NSW1,2012/11/20 19:00,8083.23,51.58,TRADE
NSW1,2012/11/20 19:30,8153.28,51.92,TRADE
NSW1,2012/11/20 20:00,7989.98,51.58,TRADE
NSW1,2012/11/20 20:30,7817.01,50.88,TRADE
NSW1,2012/11/20 21:00,7551.4,50.88,TRADE
NSW1,2012/11/20 21:30,7606.94,51.92,TRADE
NSW1,2012/11/20 22:00,7423.59,51.95,TRADE
NSW1,2012/11/20 22:30,7432.93,54.72,TRADE
NSW1,2012/11/20 23:00,7303.37,53.88,TRADE
NSW1,2012/11/20 23:30,7168.27,53.17,TRADE
NSW1,2012/11/21 0:00,7037.43,52.72,TRADE
NSW1,2012/11/21 0:30,6885.47,52.73,TRADE
NSW1,2012/11/21 1:00,6750.82,52.2,TRADE
NSW1,2012/11/21 1:30,6417.95,51.92,TRADE
NSW1,2012/11/21 2:00,6132.54,51.92,TRADE
NSW1,2012/11/21 2:30,5969.75,51.92,TRADE
NSW1,2012/11/21 3:00,5842.69,51.8,TRADE
NSW1,2012/11/21 3:30,5856.42,51.85,TRADE
NSW1,2012/11/21 4:00,5919.06,51.53,TRADE
NSW1,2012/11/21 4:30,6154.02,51.24,TRADE
NSW1,2012/11/21 5:00,6404.6,51.58,TRADE
NSW1,2012/11/21 5:30,6939.06,52.75,TRADE
NSW1,2012/11/21 6:00,7518,52.28,TRADE
NSW1,2012/11/21 6:30,7851.36,51.75,TRADE
NSW1,2012/11/21 7:00,8148.6,52.17,TRADE
NSW1,2012/11/21 7:30,8237.07,51.37,TRADE
NSW1,2012/11/21 8:00,8261.61,50.78,TRADE
NSW1,2012/11/21 8:30,8412.29,52.81,TRADE
NSW1,2012/11/21 9:00,8460.26,52.3,TRADE
NSW1,2012/11/21 9:30,8505.74,53.04,TRADE
NSW1,2012/11/21 10:00,8502.42,51.86,TRADE
NSW1,2012/11/21 10:30,8567.85,51.85,TRADE
NSW1,2012/11/21 11:00,8526.26,51.3,TRADE
NSW1,2012/11/21 11:30,8430.53,50.87,TRADE
NSW1,2012/11/21 12:00,8367.26,51.07,TRADE
NSW1,2012/11/21 12:30,8397.04,50.93,TRADE
NSW1,2012/11/21 13:00,8406.79,50.9,TRADE
NSW1,2012/11/21 13:30,8450.7,51.96,TRADE
NSW1,2012/11/21 14:00,8438.82,52.99,TRADE
NSW1,2012/11/21 14:30,8474.75,53,TRADE
NSW1,2012/11/21 15:00,8496.17,51.21,TRADE
NSW1,2012/11/21 15:30,8558.7,51.27,TRADE
NSW1,2012/11/21 16:00,8632.56,51.12,TRADE
NSW1,2012/11/21 16:30,8687.25,51.92,TRADE
NSW1,2012/11/21 17:00,8669.61,51.55,TRADE
NSW1,2012/11/21 17:30,8546.94,50.92,TRADE
NSW1,2012/11/21 18:00,8385.46,50.93,TRADE
NSW1,2012/11/21 18:30,8344.91,51.06,TRADE
NSW1,2012/11/21 19:00,8362.71,51.14,TRADE
NSW1,2012/11/21 19:30,8443.47,52.25,TRADE
NSW1,2012/11/21 20:00,8373.97,53.05,TRADE
NSW1,2012/11/21 20:30,8035.25,51.76,TRADE
NSW1,2012/11/21 21:00,7747.76,50.88,TRADE
NSW1,2012/11/21 21:30,7706.12,51.1,TRADE
NSW1,2012/11/21 22:00,7527.6,50.68,TRADE
NSW1,2012/11/21 22:30,7455.28,52.81,TRADE
NSW1,2012/11/21 23:00,7319.9,52.05,TRADE
NSW1,2012/11/21 23:30,7171.9,51.92,TRADE
NSW1,2012/11/22 0:00,7058.72,51.97,TRADE
NSW1,2012/11/22 0:30,6910.86,51.57,TRADE
NSW1,2012/11/22 1:00,6697.81,50.52,TRADE
NSW1,2012/11/22 1:30,6407.8,50.63,TRADE
NSW1,2012/11/22 2:00,6158.21,50.87,TRADE
NSW1,2012/11/22 2:30,5992.82,50.82,TRADE
NSW1,2012/11/22 3:00,5921.36,50.67,TRADE
NSW1,2012/11/22 3:30,5915.96,50.77,TRADE
NSW1,2012/11/22 4:00,5978.21,50.86,TRADE
NSW1,2012/11/22 4:30,6176.73,50.46,TRADE
NSW1,2012/11/22 5:00,6441.13,50.97,TRADE
NSW1,2012/11/22 5:30,6974.7,53.45,TRADE
NSW1,2012/11/22 6:00,7496.94,52.71,TRADE
NSW1,2012/11/22 6:30,7865.62,52.14,TRADE
NSW1,2012/11/22 7:00,8254.04,53.9,TRADE
NSW1,2012/11/22 7:30,8335.7,52.75,TRADE
NSW1,2012/11/22 8:00,8339.01,51.79,TRADE
NSW1,2012/11/22 8:30,8460.9,51.66,TRADE
NSW1,2012/11/22 9:00,8559.42,51.37,TRADE
NSW1,2012/11/22 9:30,8636.24,51.92,TRADE
NSW1,2012/11/22 10:00,8623.62,52.4,TRADE
NSW1,2012/11/22 10:30,8598.15,53.07,TRADE
NSW1,2012/11/22 11:00,8624.21,53.17,TRADE
NSW1,2012/11/22 11:30,8574.88,53.12,TRADE
NSW1,2012/11/22 12:00,8516.42,51.6,TRADE
NSW1,2012/11/22 12:30,8486.36,51.97,TRADE
NSW1,2012/11/22 13:00,8469.94,52.99,TRADE
NSW1,2012/11/22 13:30,8422.01,52.68,TRADE
NSW1,2012/11/22 14:00,8464.17,53.28,TRADE
NSW1,2012/11/22 14:30,8426.21,52.46,TRADE
NSW1,2012/11/22 15:00,8435.86,53.06,TRADE
NSW1,2012/11/22 15:30,8462.17,53.11,TRADE
NSW1,2012/11/22 16:00,8473.36,52.91,TRADE
NSW1,2012/11/22 16:30,8431.64,53.19,TRADE
NSW1,2012/11/22 17:00,8464.1,52.87,TRADE
NSW1,2012/11/22 17:30,8335.07,51.06,TRADE
NSW1,2012/11/22 18:00,8309.61,51,TRADE
NSW1,2012/11/22 18:30,8162.01,50.75,TRADE
NSW1,2012/11/22 19:00,8201.26,52.03,TRADE
NSW1,2012/11/22 19:30,8287.12,51.62,TRADE
NSW1,2012/11/22 20:00,8121.3,50.9,TRADE
NSW1,2012/11/22 20:30,7913.08,50.91,TRADE
NSW1,2012/11/22 21:00,7661.87,50.71,TRADE
NSW1,2012/11/22 21:30,7686.12,51.61,TRADE
NSW1,2012/11/22 22:00,7519.56,50.86,TRADE
NSW1,2012/11/22 22:30,7563.68,53.46,TRADE
NSW1,2012/11/22 23:00,7432.69,52.34,TRADE
NSW1,2012/11/22 23:30,7212.28,51.93,TRADE
NSW1,2012/11/23 0:00,7102.26,51.96,TRADE
NSW1,2012/11/23 0:30,6938.67,51.92,TRADE
NSW1,2012/11/23 1:00,6700.97,51.34,TRADE
NSW1,2012/11/23 1:30,6410.05,50.85,TRADE
NSW1,2012/11/23 2:00,6142.37,51.41,TRADE
NSW1,2012/11/23 2:30,5972.01,50.87,TRADE
NSW1,2012/11/23 3:00,5893.63,50.68,TRADE
NSW1,2012/11/23 3:30,5892.32,50.81,TRADE
NSW1,2012/11/23 4:00,5986.51,50.87,TRADE
NSW1,2012/11/23 4:30,6197.76,50.85,TRADE
NSW1,2012/11/23 5:00,6470.02,51.21,TRADE
NSW1,2012/11/23 5:30,6978.5,53.37,TRADE
NSW1,2012/11/23 6:00,7514.14,51.75,TRADE
NSW1,2012/11/23 6:30,7892.31,51.99,TRADE
NSW1,2012/11/23 7:00,8211.65,51.92,TRADE
NSW1,2012/11/23 7:30,8336.14,51.1,TRADE
NSW1,2012/11/23 8:00,8377.93,50.89,TRADE
NSW1,2012/11/23 8:30,8563.81,52.03,TRADE
NSW1,2012/11/23 9:00,8587.68,52.01,TRADE
NSW1,2012/11/23 9:30,8614.95,53.14,TRADE
NSW1,2012/11/23 10:00,8617.55,51.06,TRADE
NSW1,2012/11/23 10:30,8587.38,52.12,TRADE
NSW1,2012/11/23 11:00,8608.58,53.59,TRADE
NSW1,2012/11/23 11:30,8593.35,53.1,TRADE
NSW1,2012/11/23 12:00,8547.65,53.1,TRADE
NSW1,2012/11/23 12:30,8528.14,53.08,TRADE
NSW1,2012/11/23 13:00,8516.2,53.19,TRADE
NSW1,2012/11/23 13:30,8507.37,53.17,TRADE
NSW1,2012/11/23 14:00,8504.32,52.92,TRADE
NSW1,2012/11/23 14:30,8465.19,52.98,TRADE
NSW1,2012/11/23 15:00,8453.6,53.18,TRADE
NSW1,2012/11/23 15:30,8424.44,52.98,TRADE
NSW1,2012/11/23 16:00,8439.13,52.58,TRADE
NSW1,2012/11/23 16:30,8408.28,52.42,TRADE
NSW1,2012/11/23 17:00,8288.25,51.33,TRADE
NSW1,2012/11/23 17:30,8112.27,50.89,TRADE
NSW1,2012/11/23 18:00,8015.17,51.02,TRADE
NSW1,2012/11/23 18:30,7855.66,50.9,TRADE
NSW1,2012/11/23 19:00,7881.7,51.52,TRADE
NSW1,2012/11/23 19:30,7966.23,51.04,TRADE
NSW1,2012/11/23 20:00,7884.98,50.9,TRADE
NSW1,2012/11/23 20:30,7722.96,50.89,TRADE
NSW1,2012/11/23 21:00,7561.67,50.59,TRADE
NSW1,2012/11/23 21:30,7664.81,51.37,TRADE
NSW1,2012/11/23 22:00,7550.64,51.1,TRADE
NSW1,2012/11/23 22:30,7599.95,52.99,TRADE
NSW1,2012/11/23 23:00,7529.02,52.32,TRADE
NSW1,2012/11/23 23:30,7289.61,51.94,TRADE
NSW1,2012/11/24 0:00,7162.59,52.28,TRADE
NSW1,2012/11/24 0:30,6987.57,51.93,TRADE
NSW1,2012/11/24 1:00,6726.43,52,TRADE
NSW1,2012/11/24 1:30,6404.36,51.92,TRADE
NSW1,2012/11/24 2:00,6125.22,50.79,TRADE
NSW1,2012/11/24 2:30,5926.73,50.77,TRADE
NSW1,2012/11/24 3:00,5805.93,50.04,TRADE
NSW1,2012/11/24 3:30,5775.94,49.8,TRADE
NSW1,2012/11/24 4:00,5787.69,49.98,TRADE
NSW1,2012/11/24 4:30,5849.62,50.85,TRADE
NSW1,2012/11/24 5:00,5905.07,50.87,TRADE
NSW1,2012/11/24 5:30,6087.71,50.86,TRADE
NSW1,2012/11/24 6:00,6313.33,51.27,TRADE
NSW1,2012/11/24 6:30,6599.72,51.51,TRADE
NSW1,2012/11/24 7:00,6962.96,51.7,TRADE
NSW1,2012/11/24 7:30,7306.24,51.12,TRADE
NSW1,2012/11/24 8:00,7557.9,52.88,TRADE
NSW1,2012/11/24 8:30,7857.73,53.63,TRADE
NSW1,2012/11/24 9:00,7935.03,53.21,TRADE
NSW1,2012/11/24 9:30,8024.44,53.31,TRADE
NSW1,2012/11/24 10:00,8029.02,53.49,TRADE
NSW1,2012/11/24 10:30,7974.7,53.22,TRADE
NSW1,2012/11/24 11:00,7956.53,53.12,TRADE
NSW1,2012/11/24 11:30,7868.36,53.17,TRADE
NSW1,2012/11/24 12:00,7836.94,53.2,TRADE
NSW1,2012/11/24 12:30,7819.71,53.18,TRADE
NSW1,2012/11/24 13:00,7762.39,53.18,TRADE
NSW1,2012/11/24 13:30,7760.46,53.19,TRADE
NSW1,2012/11/24 14:00,7771.81,53.22,TRADE
NSW1,2012/11/24 14:30,7844.23,53.26,TRADE
NSW1,2012/11/24 15:00,7946.14,53.2,TRADE
NSW1,2012/11/24 15:30,8026.55,53.7,TRADE
NSW1,2012/11/24 16:00,8089.64,54.72,TRADE
NSW1,2012/11/24 16:30,7972.88,53.68,TRADE
NSW1,2012/11/24 17:00,8022.82,52.78,TRADE
NSW1,2012/11/24 17:30,7973.34,53.07,TRADE
NSW1,2012/11/24 18:00,7911.94,52.96,TRADE
NSW1,2012/11/24 18:30,7819.45,53.19,TRADE
NSW1,2012/11/24 19:00,7815.59,53.2,TRADE
NSW1,2012/11/24 19:30,7933.55,53.22,TRADE
NSW1,2012/11/24 20:00,7910.45,53.1,TRADE
NSW1,2012/11/24 20:30,7763.75,52.86,TRADE
NSW1,2012/11/24 21:00,7545.37,53.16,TRADE
NSW1,2012/11/24 21:30,7521.92,53.7,TRADE
NSW1,2012/11/24 22:00,7439.9,52.93,TRADE
NSW1,2012/11/24 22:30,7395.43,54.01,TRADE
NSW1,2012/11/24 23:00,7180.57,52.98,TRADE
NSW1,2012/11/24 23:30,6987.3,53.18,TRADE
NSW1,2012/11/25 0:00,6837.65,53.03,TRADE
NSW1,2012/11/25 0:30,6698.69,52.29,TRADE
NSW1,2012/11/25 1:00,6496.69,53.32,TRADE
NSW1,2012/11/25 1:30,6231.89,53.42,TRADE
NSW1,2012/11/25 2:00,6019.47,51.37,TRADE
NSW1,2012/11/25 2:30,5894.23,50.54,TRADE
NSW1,2012/11/25 3:00,5810.02,51.16,TRADE
NSW1,2012/11/25 3:30,5811.31,50.87,TRADE
NSW1,2012/11/25 4:00,5816.65,51.68,TRADE
NSW1,2012/11/25 4:30,5848.66,50.38,TRADE
NSW1,2012/11/25 5:00,5822.86,50.57,TRADE
NSW1,2012/11/25 5:30,5908.4,50.71,TRADE
NSW1,2012/11/25 6:00,6095.37,50.89,TRADE
NSW1,2012/11/25 6:30,6321.48,50.24,TRADE
NSW1,2012/11/25 7:00,6647.94,50.9,TRADE
NSW1,2012/11/25 7:30,6986.45,51.02,TRADE
NSW1,2012/11/25 8:00,7276.4,50.9,TRADE
NSW1,2012/11/25 8:30,7571.15,51.74,TRADE
NSW1,2012/11/25 9:00,7782.04,53.29,TRADE
NSW1,2012/11/25 9:30,7992.18,53.08,TRADE
NSW1,2012/11/25 10:00,8110.85,53.19,TRADE
NSW1,2012/11/25 10:30,8255.29,53.2,TRADE
NSW1,2012/11/25 11:00,8417.2,53.26,TRADE
NSW1,2012/11/25 11:30,8534.36,53.65,TRADE
NSW1,2012/11/25 12:00,8610.56,54.5,TRADE
NSW1,2012/11/25 12:30,8704.71,55.78,TRADE
NSW1,2012/11/25 13:00,8753.31,55.91,TRADE
NSW1,2012/11/25 13:30,8806.04,56.08,TRADE
NSW1,2012/11/25 14:00,8855.43,55.93,TRADE
NSW1,2012/11/25 14:30,8933.69,55.41,TRADE
NSW1,2012/11/25 15:00,9060.8,56.06,TRADE
NSW1,2012/11/25 15:30,9098.3,57.69,TRADE
NSW1,2012/11/25 16:00,9154.11,58.18,TRADE
NSW1,2012/11/25 16:30,9204.19,58.62,TRADE
NSW1,2012/11/25 17:00,9240.74,58.19,TRADE
NSW1,2012/11/25 17:30,9222.97,58.03,TRADE
NSW1,2012/11/25 18:00,9155.48,56.51,TRADE
NSW1,2012/11/25 18:30,8962.1,55.05,TRADE
NSW1,2012/11/25 19:00,8833.69,54.89,TRADE
NSW1,2012/11/25 19:30,8929.95,57.49,TRADE
NSW1,2012/11/25 20:00,8846.84,55.68,TRADE
NSW1,2012/11/25 20:30,8599.07,54.88,TRADE
NSW1,2012/11/25 21:00,8267.98,53.97,TRADE
NSW1,2012/11/25 21:30,8028.13,53.03,TRADE
NSW1,2012/11/25 22:00,7776.59,52.97,TRADE
NSW1,2012/11/25 22:30,7603.7,53.75,TRADE
NSW1,2012/11/25 23:00,7315.56,52.88,TRADE
NSW1,2012/11/25 23:30,7076.55,52.63,TRADE
NSW1,2012/11/26 0:00,6890.41,52.41,TRADE
NSW1,2012/11/26 0:30,6802.76,51.94,TRADE
NSW1,2012/11/26 1:00,6630.46,52.06,TRADE
NSW1,2012/11/26 1:30,6383.29,51.92,TRADE
NSW1,2012/11/26 2:00,6211.57,51.98,TRADE
NSW1,2012/11/26 2:30,6133.74,53,TRADE
NSW1,2012/11/26 3:00,6064.52,52.34,TRADE
NSW1,2012/11/26 3:30,6110.54,54.43,TRADE
NSW1,2012/11/26 4:00,6179.01,52.27,TRADE
NSW1,2012/11/26 4:30,6419.54,53.16,TRADE
NSW1,2012/11/26 5:00,6683.46,52.92,TRADE
NSW1,2012/11/26 5:30,7198.67,55.55,TRADE
NSW1,2012/11/26 6:00,7760.37,54.25,TRADE
NSW1,2012/11/26 6:30,8177.87,52.05,TRADE
NSW1,2012/11/26 7:00,8630.78,55.03,TRADE
NSW1,2012/11/26 7:30,8849.45,54.94,TRADE
NSW1,2012/11/26 8:00,9049.8,54.73,TRADE
NSW1,2012/11/26 8:30,9304.79,57.73,TRADE
NSW1,2012/11/26 9:00,9498.38,58.34,TRADE
NSW1,2012/11/26 9:30,9638.23,63.65,TRADE
NSW1,2012/11/26 10:00,9752.43,73.36,TRADE
NSW1,2012/11/26 10:30,9879.27,60.9,TRADE
NSW1,2012/11/26 11:00,9910.95,72.5,TRADE
NSW1,2012/11/26 11:30,9959.21,76.82,TRADE
NSW1,2012/11/26 12:00,9985.2,71.71,TRADE
NSW1,2012/11/26 12:30,10057.35,81.63,TRADE
NSW1,2012/11/26 13:00,10145.84,80.42,TRADE
NSW1,2012/11/26 13:30,10209.85,84.52,TRADE
NSW1,2012/11/26 14:00,10245.85,85.89,TRADE
NSW1,2012/11/26 14:30,10178.63,71.24,TRADE
NSW1,2012/11/26 15:00,10146.74,70.7,TRADE
NSW1,2012/11/26 15:30,10006.71,67.5,TRADE
NSW1,2012/11/26 16:00,9966.33,125.95,TRADE
NSW1,2012/11/26 16:30,9803.88,117.39,TRADE
NSW1,2012/11/26 17:00,9655.81,57.69,TRADE
NSW1,2012/11/26 17:30,9391.94,53.68,TRADE
NSW1,2012/11/26 18:00,9298.61,53.49,TRADE
NSW1,2012/11/26 18:30,9066.67,53.13,TRADE
NSW1,2012/11/26 19:00,9018.52,53.6,TRADE
NSW1,2012/11/26 19:30,8941.27,55.9,TRADE
NSW1,2012/11/26 20:00,8739.58,53.19,TRADE
NSW1,2012/11/26 20:30,8454.13,53.04,TRADE
NSW1,2012/11/26 21:00,8131.33,53.13,TRADE
NSW1,2012/11/26 21:30,8126.97,52.79,TRADE
NSW1,2012/11/26 22:00,7909.33,52.94,TRADE
NSW1,2012/11/26 22:30,7832.41,57.19,TRADE
NSW1,2012/11/26 23:00,7691.57,53.23,TRADE
NSW1,2012/11/26 23:30,7488.85,53.35,TRADE
NSW1,2012/11/27 0:00,7320.4,53.19,TRADE
NSW1,2012/11/27 0:30,7142.16,53.28,TRADE
NSW1,2012/11/27 1:00,6960.13,53.2,TRADE
NSW1,2012/11/27 1:30,6626.18,53.13,TRADE
NSW1,2012/11/27 2:00,6402.78,53.23,TRADE
NSW1,2012/11/27 2:30,6272.11,52.99,TRADE
NSW1,2012/11/27 3:00,6166.45,52.94,TRADE
NSW1,2012/11/27 3:30,6219.9,53.33,TRADE
NSW1,2012/11/27 4:00,6285.8,53.17,TRADE
NSW1,2012/11/27 4:30,6528.84,53.13,TRADE
NSW1,2012/11/27 5:00,6776.41,54.37,TRADE
NSW1,2012/11/27 5:30,7295.86,55.22,TRADE
NSW1,2012/11/27 6:00,7855.24,54.61,TRADE
NSW1,2012/11/27 6:30,8271.65,52.77,TRADE
NSW1,2012/11/27 7:00,8625.41,53.06,TRADE
NSW1,2012/11/27 7:30,8790.68,52.69,TRADE
NSW1,2012/11/27 8:00,9017.23,53.74,TRADE
NSW1,2012/11/27 8:30,9197.87,53.65,TRADE
NSW1,2012/11/27 9:00,9433.02,55.57,TRADE
NSW1,2012/11/27 9:30,9547.3,56.78,TRADE
NSW1,2012/11/27 10:00,9554.71,55.6,TRADE
NSW1,2012/11/27 10:30,9538.21,57.26,TRADE
NSW1,2012/11/27 11:00,9563.96,57.78,TRADE
NSW1,2012/11/27 11:30,9593.67,76.8,TRADE
NSW1,2012/11/27 12:00,9541.11,59.74,TRADE
NSW1,2012/11/27 12:30,9500.69,58.85,TRADE
NSW1,2012/11/27 13:00,9490.72,58.13,TRADE
NSW1,2012/11/27 13:30,9455.91,57.34,TRADE
NSW1,2012/11/27 14:00,9414.19,61.65,TRADE
NSW1,2012/11/27 14:30,9335.89,58.73,TRADE
NSW1,2012/11/27 15:00,9442.63,61.18,TRADE
NSW1,2012/11/27 15:30,9484.93,83.27,TRADE
NSW1,2012/11/27 16:00,9478.18,62.4,TRADE
NSW1,2012/11/27 16:30,9352.71,57.26,TRADE
NSW1,2012/11/27 17:00,9230.28,55.22,TRADE
NSW1,2012/11/27 17:30,9067.1,53.08,TRADE
NSW1,2012/11/27 18:00,8969.93,57.06,TRADE
NSW1,2012/11/27 18:30,8755.47,53.07,TRADE
NSW1,2012/11/27 19:00,8776.82,53.67,TRADE
NSW1,2012/11/27 19:30,8668.76,53.19,TRADE
NSW1,2012/11/27 20:00,8472.87,53.11,TRADE
NSW1,2012/11/27 20:30,8203.14,52.56,TRADE
NSW1,2012/11/27 21:00,7934.08,52.55,TRADE
NSW1,2012/11/27 21:30,7930.25,52.73,TRADE
NSW1,2012/11/27 22:00,7744.46,51.49,TRADE
NSW1,2012/11/27 22:30,7679.64,53.16,TRADE
NSW1,2012/11/27 23:00,7502.95,52.87,TRADE
NSW1,2012/11/27 23:30,7344.11,53.13,TRADE
NSW1,2012/11/28 0:00,7191.93,52.69,TRADE
NSW1,2012/11/28 0:30,7040.6,52,TRADE
NSW1,2012/11/28 1:00,6765.17,51.92,TRADE
NSW1,2012/11/28 1:30,6486.99,51.87,TRADE
NSW1,2012/11/28 2:00,6245.63,50.86,TRADE
NSW1,2012/11/28 2:30,6093.24,49.89,TRADE
NSW1,2012/11/28 3:00,6006.49,49.8,TRADE
NSW1,2012/11/28 3:30,6021.36,49.75,TRADE
NSW1,2012/11/28 4:00,6103.86,50.64,TRADE
NSW1,2012/11/28 4:30,6362.48,51.21,TRADE
NSW1,2012/11/28 5:00,6619.48,52.09,TRADE
NSW1,2012/11/28 5:30,7142.79,55.11,TRADE
NSW1,2012/11/28 6:00,7694.72,53.42,TRADE
NSW1,2012/11/28 6:30,8106.37,54.22,TRADE
NSW1,2012/11/28 7:00,8501.96,55.57,TRADE
NSW1,2012/11/28 7:30,8677.29,53.36,TRADE
NSW1,2012/11/28 8:00,8798.99,55.43,TRADE
NSW1,2012/11/28 8:30,8976.69,58.57,TRADE
NSW1,2012/11/28 9:00,9104.73,59.91,TRADE
NSW1,2012/11/28 9:30,9198.74,66.74,TRADE
NSW1,2012/11/28 10:00,9194.04,63.83,TRADE
NSW1,2012/11/28 10:30,9192.18,70.12,TRADE
NSW1,2012/11/28 11:00,9209.98,57.98,TRADE
NSW1,2012/11/28 11:30,9149.61,58.34,TRADE
NSW1,2012/11/28 12:00,9149.92,61.78,TRADE
NSW1,2012/11/28 12:30,9140.41,65.14,TRADE
NSW1,2012/11/28 13:00,9139.29,61.81,TRADE
NSW1,2012/11/28 13:30,9138.55,64.17,TRADE
NSW1,2012/11/28 14:00,9140.64,69.05,TRADE
NSW1,2012/11/28 14:30,9110.96,86.55,TRADE
NSW1,2012/11/28 15:00,9170.87,93.6,TRADE
NSW1,2012/11/28 15:30,9177.34,74.47,TRADE
NSW1,2012/11/28 16:00,9204.37,74.18,TRADE
NSW1,2012/11/28 16:30,9143.92,59.17,TRADE
NSW1,2012/11/28 17:00,9147.95,63.92,TRADE
NSW1,2012/11/28 17:30,9012.73,65,TRADE
NSW1,2012/11/28 18:00,9008.59,58.72,TRADE
NSW1,2012/11/28 18:30,8810.03,54.4,TRADE
NSW1,2012/11/28 19:00,8690.9,54.49,TRADE
NSW1,2012/11/28 19:30,8702.48,54.15,TRADE
NSW1,2012/11/28 20:00,8601.95,53.19,TRADE
NSW1,2012/11/28 20:30,8321.31,53.08,TRADE
NSW1,2012/11/28 21:00,8054.19,52.14,TRADE
NSW1,2012/11/28 21:30,7975.02,53.75,TRADE
NSW1,2012/11/28 22:00,7820.38,53.18,TRADE
NSW1,2012/11/28 22:30,7776.09,55.53,TRADE
NSW1,2012/11/28 23:00,7631.79,53.29,TRADE
NSW1,2012/11/28 23:30,7477.58,53.41,TRADE
NSW1,2012/11/29 0:00,7320.61,52.43,TRADE
NSW1,2012/11/29 0:30,7129.67,52.11,TRADE
NSW1,2012/11/29 1:00,6900.14,52.05,TRADE
NSW1,2012/11/29 1:30,6587.57,51.75,TRADE
NSW1,2012/11/29 2:00,6354.78,50.49,TRADE
NSW1,2012/11/29 2:30,6223.66,49.96,TRADE
NSW1,2012/11/29 3:00,6153.14,49.87,TRADE
NSW1,2012/11/29 3:30,6157.59,49.8,TRADE
NSW1,2012/11/29 4:00,6246.92,49.96,TRADE
NSW1,2012/11/29 4:30,6479.9,50.7,TRADE
NSW1,2012/11/29 5:00,6743.19,51.34,TRADE
NSW1,2012/11/29 5:30,7250.55,54.71,TRADE
NSW1,2012/11/29 6:00,7813.29,52.53,TRADE
NSW1,2012/11/29 6:30,8272.82,54.94,TRADE
NSW1,2012/11/29 7:00,8702.39,55.36,TRADE
NSW1,2012/11/29 7:30,8857.35,52.55,TRADE
NSW1,2012/11/29 8:00,9017.89,55.33,TRADE
NSW1,2012/11/29 8:30,9283.04,57.96,TRADE
NSW1,2012/11/29 9:00,9400.31,58.92,TRADE
NSW1,2012/11/29 9:30,9483.89,58.88,TRADE
NSW1,2012/11/29 10:00,9649.75,60.82,TRADE
NSW1,2012/11/29 10:30,9688.46,72.83,TRADE
NSW1,2012/11/29 11:00,9696.61,70.22,TRADE
NSW1,2012/11/29 11:30,9732.1,74.04,TRADE
NSW1,2012/11/29 12:00,9800.4,112.33,TRADE
NSW1,2012/11/29 12:30,9904.62,143.69,TRADE
NSW1,2012/11/29 13:00,9945.18,196.56,TRADE
NSW1,2012/11/29 13:30,10015.91,265.49,TRADE
NSW1,2012/11/29 14:00,10124.09,279,TRADE
NSW1,2012/11/29 14:30,10220.21,239.93,TRADE
NSW1,2012/11/29 15:00,10315.66,303.86,TRADE
NSW1,2012/11/29 15:30,10497.79,216.49,TRADE
NSW1,2012/11/29 16:00,10587.76,317.97,TRADE
NSW1,2012/11/29 16:30,10561.15,215.5,TRADE
NSW1,2012/11/29 17:00,10528.73,166.16,TRADE
NSW1,2012/11/29 17:30,10220.92,114.71,TRADE
NSW1,2012/11/29 18:00,10084.8,83.62,TRADE
NSW1,2012/11/29 18:30,9898.6,68,TRADE
NSW1,2012/11/29 19:00,9733.95,68.56,TRADE
NSW1,2012/11/29 19:30,9676.44,90.43,TRADE
NSW1,2012/11/29 20:00,9565.84,74.66,TRADE
NSW1,2012/11/29 20:30,9213.41,59.64,TRADE
NSW1,2012/11/29 21:00,8920.39,54.56,TRADE
NSW1,2012/11/29 21:30,8828.08,56.06,TRADE
NSW1,2012/11/29 22:00,8508.01,52.63,TRADE
NSW1,2012/11/29 22:30,8358.85,58.3,TRADE
NSW1,2012/11/29 23:00,8114.77,55.17,TRADE
NSW1,2012/11/29 23:30,7838.15,55.01,TRADE
NSW1,2012/11/30 0:00,7663.88,54.08,TRADE
NSW1,2012/11/30 0:30,7437.78,53.17,TRADE
NSW1,2012/11/30 1:00,7163.5,53.35,TRADE
NSW1,2012/11/30 1:30,6866.07,53.43,TRADE
NSW1,2012/11/30 2:00,6606.31,52.85,TRADE
NSW1,2012/11/30 2:30,6461.14,52.88,TRADE
NSW1,2012/11/30 3:00,6409.36,53.02,TRADE
NSW1,2012/11/30 3:30,6405,53.08,TRADE
NSW1,2012/11/30 4:00,6483.37,53.2,TRADE
NSW1,2012/11/30 4:30,6667.9,54.82,TRADE
NSW1,2012/11/30 5:00,6844.35,55.14,TRADE
NSW1,2012/11/30 5:30,7333.74,54.84,TRADE
NSW1,2012/11/30 6:00,7940.52,54.5,TRADE
NSW1,2012/11/30 6:30,8360.57,54.57,TRADE
NSW1,2012/11/30 7:00,8905.77,56.27,TRADE
NSW1,2012/11/30 7:30,9220.36,58.62,TRADE
NSW1,2012/11/30 8:00,9544.82,74.83,TRADE
NSW1,2012/11/30 8:30,9933.3,111.9,TRADE
NSW1,2012/11/30 9:00,10182.01,118.5,TRADE
NSW1,2012/11/30 9:30,10445.66,139.64,TRADE
NSW1,2012/11/30 10:00,10681.45,144.99,TRADE
NSW1,2012/11/30 10:30,10851.42,159.54,TRADE
NSW1,2012/11/30 11:00,11068.7,220.32,TRADE
NSW1,2012/11/30 11:30,11151.36,175.32,TRADE
NSW1,2012/11/30 12:00,11247.07,145.06,TRADE
NSW1,2012/11/30 12:30,11378.95,164.78,TRADE
NSW1,2012/11/30 13:00,11476.03,254.14,TRADE
NSW1,2012/11/30 13:30,11562.43,227.38,TRADE
NSW1,2012/11/30 14:00,11627.54,210.36,TRADE
NSW1,2012/11/30 14:30,11652.53,257.78,TRADE
NSW1,2012/11/30 15:00,11766.86,263.85,TRADE
NSW1,2012/11/30 15:30,11899.49,196.59,TRADE
NSW1,2012/11/30 16:00,11913.49,237.34,TRADE
NSW1,2012/11/30 16:30,11753.33,144.99,TRADE
NSW1,2012/11/30 17:00,11540.63,175.05,TRADE
NSW1,2012/11/30 17:30,11087.94,182.85,TRADE
NSW1,2012/11/30 18:00,10850.48,100.16,TRADE
NSW1,2012/11/30 18:30,10596.4,71.02,TRADE
NSW1,2012/11/30 19:00,10564.56,85.83,TRADE
NSW1,2012/11/30 19:30,10553.63,78.42,TRADE
NSW1,2012/11/30 20:00,10303.02,69.12,TRADE
NSW1,2012/11/30 20:30,9937.39,62.75,TRADE
NSW1,2012/11/30 21:00,9546.06,59.27,TRADE
NSW1,2012/11/30 21:30,9346.7,56.99,TRADE
NSW1,2012/11/30 22:00,9069.7,55.08,TRADE
NSW1,2012/11/30 22:30,8938,58.19,TRADE
NSW1,2012/11/30 23:00,8625.8,56.14,TRADE
NSW1,2012/11/30 23:30,8231.47,55.97,TRADE
NSW1,2012/12/1 0:00,8002,54.17,TRADE
?NSW1,2012/12/1 0:30,7747.17,55.25,TRADE
NSW1,2012/12/1 1:00,7417.82,55.02,TRADE
NSW1,2012/12/1 1:30,7103.65,55,TRADE
NSW1,2012/12/1 2:00,6818.53,55.01,TRADE
NSW1,2012/12/1 2:30,6645.94,55.01,TRADE
NSW1,2012/12/1 3:00,6544.02,54.7,TRADE
NSW1,2012/12/1 3:30,6551.82,53.96,TRADE
NSW1,2012/12/1 4:00,6557.77,52.21,TRADE
NSW1,2012/12/1 4:30,6619.04,52.76,TRADE
NSW1,2012/12/1 5:00,6667.53,53.36,TRADE
NSW1,2012/12/1 5:30,6811.89,52.63,TRADE
NSW1,2012/12/1 6:00,6965.35,50.91,TRADE
NSW1,2012/12/1 6:30,7295.21,50.72,TRADE
NSW1,2012/12/1 7:00,7778.52,53.08,TRADE
NSW1,2012/12/1 7:30,8142.37,52.15,TRADE
NSW1,2012/12/1 8:00,8466.15,53.28,TRADE
NSW1,2012/12/1 8:30,8723.92,53.41,TRADE
NSW1,2012/12/1 9:00,8850.08,53.51,TRADE
NSW1,2012/12/1 9:30,9024.02,53.49,TRADE
NSW1,2012/12/1 10:00,9046.16,53.48,TRADE
NSW1,2012/12/1 10:30,9153.22,53.97,TRADE
NSW1,2012/12/1 11:00,9345.98,56.03,TRADE
NSW1,2012/12/1 11:30,9500.37,55.48,TRADE
NSW1,2012/12/1 12:00,9656.29,55.62,TRADE
NSW1,2012/12/1 12:30,9821.34,56.86,TRADE
NSW1,2012/12/1 13:00,9954.9,55.22,TRADE
NSW1,2012/12/1 13:30,10122.39,57.86,TRADE
NSW1,2012/12/1 14:00,10293.49,58.88,TRADE
NSW1,2012/12/1 14:30,10399.74,62.16,TRADE
NSW1,2012/12/1 15:00,10451.33,58.06,TRADE
NSW1,2012/12/1 15:30,10530.54,57.8,TRADE
NSW1,2012/12/1 16:00,10641,58.15,TRADE
NSW1,2012/12/1 16:30,10603.41,58.04,TRADE
NSW1,2012/12/1 17:00,10659.26,59.95,TRADE
NSW1,2012/12/1 17:30,10473.36,57.67,TRADE
NSW1,2012/12/1 18:00,10272.46,56.61,TRADE
NSW1,2012/12/1 18:30,10062.74,55.34,TRADE
NSW1,2012/12/1 19:00,9939.82,55.46,TRADE
NSW1,2012/12/1 19:30,9952.43,57.27,TRADE
NSW1,2012/12/1 20:00,9773.03,56.2,TRADE
NSW1,2012/12/1 20:30,9501.56,54.2,TRADE
NSW1,2012/12/1 21:00,9198.35,54.06,TRADE
NSW1,2012/12/1 21:30,8995.56,53.4,TRADE
NSW1,2012/12/1 22:00,8785.42,53.09,TRADE
NSW1,2012/12/1 22:30,8549.9,55.09,TRADE
NSW1,2012/12/1 23:00,8161.29,53.97,TRADE
NSW1,2012/12/1 23:30,7792.35,53.24,TRADE
NSW1,2012/12/2 0:00,7565.22,53.66,TRADE
NSW1,2012/12/2 0:30,7314.03,52.96,TRADE
NSW1,2012/12/2 1:00,7019.09,52.29,TRADE
NSW1,2012/12/2 1:30,6730.96,52.08,TRADE
NSW1,2012/12/2 2:00,6545.05,51.86,TRADE
NSW1,2012/12/2 2:30,6479.12,51.46,TRADE
NSW1,2012/12/2 3:00,6395.44,50.92,TRADE
NSW1,2012/12/2 3:30,6356.65,49.87,TRADE
NSW1,2012/12/2 4:00,6340.91,49.83,TRADE
NSW1,2012/12/2 4:30,6353.51,50.88,TRADE
NSW1,2012/12/2 5:00,6335.35,50.66,TRADE
NSW1,2012/12/2 5:30,6438.71,49.97,TRADE
NSW1,2012/12/2 6:00,6537.73,50.71,TRADE
NSW1,2012/12/2 6:30,6760.45,50.72,TRADE
NSW1,2012/12/2 7:00,7036.94,52.91,TRADE
NSW1,2012/12/2 7:30,7286.69,51.37,TRADE
NSW1,2012/12/2 8:00,7513.1,51.32,TRADE
NSW1,2012/12/2 8:30,7814.93,52.43,TRADE
NSW1,2012/12/2 9:00,7944.72,53.07,TRADE
NSW1,2012/12/2 9:30,8058.25,53.37,TRADE
NSW1,2012/12/2 10:00,8098.2,53.2,TRADE
NSW1,2012/12/2 10:30,8100,53.26,TRADE
NSW1,2012/12/2 11:00,8067.53,53.24,TRADE
NSW1,2012/12/2 11:30,8057.75,53.17,TRADE
NSW1,2012/12/2 12:00,8073.19,53.2,TRADE
NSW1,2012/12/2 12:30,8052.17,52.48,TRADE
NSW1,2012/12/2 13:00,8018,51.91,TRADE
NSW1,2012/12/2 13:30,7949.54,51.3,TRADE
NSW1,2012/12/2 14:00,7966.69,51.55,TRADE
NSW1,2012/12/2 14:30,8050.33,51.97,TRADE
NSW1,2012/12/2 15:00,8122.79,52.37,TRADE
NSW1,2012/12/2 15:30,8082.37,52.43,TRADE
NSW1,2012/12/2 16:00,8084.74,53.12,TRADE
NSW1,2012/12/2 16:30,8034.08,52.96,TRADE
NSW1,2012/12/2 17:00,8085.75,53.18,TRADE
NSW1,2012/12/2 17:30,8109.35,53.14,TRADE
NSW1,2012/12/2 18:00,8096.81,53.17,TRADE
NSW1,2012/12/2 18:30,8020.96,52.68,TRADE
NSW1,2012/12/2 19:00,7985.76,53.16,TRADE
NSW1,2012/12/2 19:30,8027.63,53.49,TRADE
NSW1,2012/12/2 20:00,7967.33,53.23,TRADE
NSW1,2012/12/2 20:30,7746.67,52.27,TRADE
NSW1,2012/12/2 21:00,7518.94,51.08,TRADE
NSW1,2012/12/2 21:30,7405.29,51.79,TRADE
NSW1,2012/12/2 22:00,7269.01,52.53,TRADE
NSW1,2012/12/2 22:30,7192.01,53.91,TRADE
NSW1,2012/12/2 23:00,6944.43,52.93,TRADE
NSW1,2012/12/2 23:30,6793.25,52.89,TRADE
NSW1,2012/12/3 0:00,6705.11,54.01,TRADE
NSW1,2012/12/3 0:30,6567.41,52.19,TRADE
NSW1,2012/12/3 1:00,6474.46,51.87,TRADE
NSW1,2012/12/3 1:30,6229.46,51.7,TRADE
NSW1,2012/12/3 2:00,6079.06,51.82,TRADE
NSW1,2012/12/3 2:30,6002.71,52.24,TRADE
NSW1,2012/12/3 3:00,5988.03,51.89,TRADE
NSW1,2012/12/3 3:30,6000.13,52.75,TRADE
NSW1,2012/12/3 4:00,6102.36,53.09,TRADE
NSW1,2012/12/3 4:30,6351.5,51.08,TRADE
NSW1,2012/12/3 5:00,6585.71,52.66,TRADE
NSW1,2012/12/3 5:30,7122.7,55.2,TRADE
NSW1,2012/12/3 6:00,7663.44,53.68,TRADE
NSW1,2012/12/3 6:30,8100.45,52.87,TRADE
NSW1,2012/12/3 7:00,8536.21,55.9,TRADE
NSW1,2012/12/3 7:30,8748.9,52.16,TRADE
NSW1,2012/12/3 8:00,8795.34,53.22,TRADE
NSW1,2012/12/3 8:30,9059.4,53.69,TRADE
NSW1,2012/12/3 9:00,9090.76,53.67,TRADE
NSW1,2012/12/3 9:30,9119.23,53.77,TRADE
NSW1,2012/12/3 10:00,9180.14,53.99,TRADE
NSW1,2012/12/3 10:30,9170.36,54.23,TRADE
NSW1,2012/12/3 11:00,9112.82,53.26,TRADE
NSW1,2012/12/3 11:30,9073.23,54.52,TRADE
NSW1,2012/12/3 12:00,9002.79,53.2,TRADE
NSW1,2012/12/3 12:30,8981.61,54.78,TRADE
NSW1,2012/12/3 13:00,8969.69,54.16,TRADE
NSW1,2012/12/3 13:30,9059.11,54.85,TRADE
NSW1,2012/12/3 14:00,8992.91,52.48,TRADE
NSW1,2012/12/3 14:30,8967.64,55.46,TRADE
NSW1,2012/12/3 15:00,8959.73,53.32,TRADE
NSW1,2012/12/3 15:30,8986.97,52.12,TRADE
NSW1,2012/12/3 16:00,9009.57,53.62,TRADE
NSW1,2012/12/3 16:30,8952.55,53.22,TRADE
NSW1,2012/12/3 17:00,8915.61,53.35,TRADE
NSW1,2012/12/3 17:30,8718.28,53.11,TRADE
NSW1,2012/12/3 18:00,8616.33,52.72,TRADE
NSW1,2012/12/3 18:30,8427.57,53.37,TRADE
NSW1,2012/12/3 19:00,8384.98,53.2,TRADE
NSW1,2012/12/3 19:30,8445.55,53.56,TRADE
NSW1,2012/12/3 20:00,8388.27,53,TRADE
NSW1,2012/12/3 20:30,8172.75,52.75,TRADE
NSW1,2012/12/3 21:00,7911.16,51.43,TRADE
NSW1,2012/12/3 21:30,7940.79,51.79,TRADE
NSW1,2012/12/3 22:00,7719.62,50.15,TRADE
NSW1,2012/12/3 22:30,7659.96,51.92,TRADE
NSW1,2012/12/3 23:00,7503.22,51.26,TRADE
NSW1,2012/12/3 23:30,7381.67,51.93,TRADE
NSW1,2012/12/4 0:00,7202.3,51.42,TRADE
NSW1,2012/12/4 0:30,7006.87,51.21,TRADE
NSW1,2012/12/4 1:00,6739.96,50.21,TRADE
NSW1,2012/12/4 1:30,6434.84,49.55,TRADE
NSW1,2012/12/4 2:00,6189.88,46.18,TRADE
NSW1,2012/12/4 2:30,6039.94,47.37,TRADE
NSW1,2012/12/4 3:00,5992.45,46.68,TRADE
NSW1,2012/12/4 3:30,6007.21,45.32,TRADE
NSW1,2012/12/4 4:00,6029.54,45.17,TRADE
NSW1,2012/12/4 4:30,6230.14,43.77,TRADE
NSW1,2012/12/4 5:00,6435.06,46.95,TRADE
NSW1,2012/12/4 5:30,6949.88,50.32,TRADE
NSW1,2012/12/4 6:00,7512.22,51.51,TRADE
NSW1,2012/12/4 6:30,7893.01,51.91,TRADE
NSW1,2012/12/4 7:00,8134.29,53.12,TRADE
NSW1,2012/12/4 7:30,8314.06,50.26,TRADE
NSW1,2012/12/4 8:00,8390.1,51.36,TRADE
NSW1,2012/12/4 8:30,8519.04,50.65,TRADE
NSW1,2012/12/4 9:00,8568.44,51.09,TRADE
NSW1,2012/12/4 9:30,8606.63,51.7,TRADE
NSW1,2012/12/4 10:00,8618.64,52.83,TRADE
NSW1,2012/12/4 10:30,8628.05,51.09,TRADE
NSW1,2012/12/4 11:00,8670.45,51.79,TRADE
NSW1,2012/12/4 11:30,8708.71,53.26,TRADE
NSW1,2012/12/4 12:00,8747.3,53.28,TRADE
NSW1,2012/12/4 12:30,8814.95,54.08,TRADE
NSW1,2012/12/4 13:00,8857.36,52.71,TRADE
NSW1,2012/12/4 13:30,8891.71,52.99,TRADE
NSW1,2012/12/4 14:00,8943.38,52.85,TRADE
NSW1,2012/12/4 14:30,8967.06,52.64,TRADE
NSW1,2012/12/4 15:00,9054.63,53.24,TRADE
NSW1,2012/12/4 15:30,9037.65,53.05,TRADE
NSW1,2012/12/4 16:00,9084.81,53.22,TRADE
NSW1,2012/12/4 16:30,9028.46,53.02,TRADE
NSW1,2012/12/4 17:00,8953.05,52.22,TRADE
NSW1,2012/12/4 17:30,8708.22,51.18,TRADE
NSW1,2012/12/4 18:00,8569.72,53.01,TRADE
NSW1,2012/12/4 18:30,8350.95,52.11,TRADE
NSW1,2012/12/4 19:00,8280.27,52.16,TRADE
NSW1,2012/12/4 19:30,8340.03,52.46,TRADE
NSW1,2012/12/4 20:00,8345.05,51.33,TRADE
NSW1,2012/12/4 20:30,8132.71,52.11,TRADE
NSW1,2012/12/4 21:00,7884.9,51.23,TRADE
NSW1,2012/12/4 21:30,7816.24,52.38,TRADE
NSW1,2012/12/4 22:00,7658.38,50.97,TRADE
NSW1,2012/12/4 22:30,7529.66,53.36,TRADE
NSW1,2012/12/4 23:00,7368.63,53.02,TRADE
NSW1,2012/12/4 23:30,7203.31,52.7,TRADE
NSW1,2012/12/5 0:00,7048.56,53.57,TRADE
NSW1,2012/12/5 0:30,6862.63,53.28,TRADE
NSW1,2012/12/5 1:00,6675.62,53.04,TRADE
NSW1,2012/12/5 1:30,6374.58,52.34,TRADE
NSW1,2012/12/5 2:00,6136.99,50.68,TRADE
NSW1,2012/12/5 2:30,5988.57,48.98,TRADE
NSW1,2012/12/5 3:00,5911.46,49.14,TRADE
NSW1,2012/12/5 3:30,5883.65,48.42,TRADE
NSW1,2012/12/5 4:00,5954.61,49.15,TRADE
NSW1,2012/12/5 4:30,6168.48,47.82,TRADE
NSW1,2012/12/5 5:00,6407.97,50.67,TRADE
NSW1,2012/12/5 5:30,6943.53,51.48,TRADE
NSW1,2012/12/5 6:00,7462.87,51.66,TRADE
NSW1,2012/12/5 6:30,7762.34,51.64,TRADE
NSW1,2012/12/5 7:00,8114.74,52.9,TRADE
NSW1,2012/12/5 7:30,8206.99,50.79,TRADE
NSW1,2012/12/5 8:00,8236.19,50.73,TRADE
NSW1,2012/12/5 8:30,8383.1,51.54,TRADE
NSW1,2012/12/5 9:00,8414.98,51.81,TRADE
NSW1,2012/12/5 9:30,8490.48,51.42,TRADE
NSW1,2012/12/5 10:00,8492.63,51.05,TRADE
NSW1,2012/12/5 10:30,8412.09,51.14,TRADE
NSW1,2012/12/5 11:00,8432.61,51.06,TRADE
NSW1,2012/12/5 11:30,8425.83,51.05,TRADE
NSW1,2012/12/5 12:00,8324.93,51.11,TRADE
NSW1,2012/12/5 12:30,8372.88,51.89,TRADE
NSW1,2012/12/5 13:00,8377.92,50.99,TRADE
NSW1,2012/12/5 13:30,8383.92,51.04,TRADE
NSW1,2012/12/5 14:00,8353.39,50.93,TRADE
NSW1,2012/12/5 14:30,8346.76,50.83,TRADE
NSW1,2012/12/5 15:00,8415.27,52.84,TRADE
NSW1,2012/12/5 15:30,8505.66,53.24,TRADE
NSW1,2012/12/5 16:00,8551.15,52.69,TRADE
NSW1,2012/12/5 16:30,8507.8,52.08,TRADE
NSW1,2012/12/5 17:00,8471.47,52.04,TRADE
NSW1,2012/12/5 17:30,8259.1,52.85,TRADE
NSW1,2012/12/5 18:00,8141.36,51.04,TRADE
NSW1,2012/12/5 18:30,8011.1,50.97,TRADE
NSW1,2012/12/5 19:00,7983.66,51.41,TRADE
NSW1,2012/12/5 19:30,8127.5,52.38,TRADE
NSW1,2012/12/5 20:00,8193.99,52.18,TRADE
NSW1,2012/12/5 20:30,8005.65,52.61,TRADE
NSW1,2012/12/5 21:00,7728.71,50.15,TRADE
NSW1,2012/12/5 21:30,7673.2,51.07,TRADE
NSW1,2012/12/5 22:00,7551.24,50.66,TRADE
NSW1,2012/12/5 22:30,7499,52.02,TRADE
NSW1,2012/12/5 23:00,7343.36,52.15,TRADE
NSW1,2012/12/5 23:30,7210.26,52.05,TRADE
NSW1,2012/12/6 0:00,7122.81,52.35,TRADE
NSW1,2012/12/6 0:30,6959.78,51.93,TRADE
NSW1,2012/12/6 1:00,6759.95,52.98,TRADE
NSW1,2012/12/6 1:30,6487.77,52.24,TRADE
NSW1,2012/12/6 2:00,6221.4,51.6,TRADE
NSW1,2012/12/6 2:30,6068.34,50.78,TRADE
NSW1,2012/12/6 3:00,6025.47,49.8,TRADE
NSW1,2012/12/6 3:30,6059.96,50.73,TRADE
NSW1,2012/12/6 4:00,6117.7,51.3,TRADE
NSW1,2012/12/6 4:30,6350.77,51.09,TRADE
NSW1,2012/12/6 5:00,6538.44,51.23,TRADE
NSW1,2012/12/6 5:30,7019.45,52.99,TRADE
NSW1,2012/12/6 6:00,7534.09,52.32,TRADE
NSW1,2012/12/6 6:30,7878.88,52.16,TRADE
NSW1,2012/12/6 7:00,8188.76,53.44,TRADE
NSW1,2012/12/6 7:30,8269.63,50.34,TRADE
NSW1,2012/12/6 8:00,8357.85,51.88,TRADE
NSW1,2012/12/6 8:30,8467.56,51.94,TRADE
NSW1,2012/12/6 9:00,8538.94,51.17,TRADE
NSW1,2012/12/6 9:30,8580.19,52.4,TRADE
NSW1,2012/12/6 10:00,8598.37,51.92,TRADE
NSW1,2012/12/6 10:30,8572.76,52.81,TRADE
NSW1,2012/12/6 11:00,8564.14,53.71,TRADE
NSW1,2012/12/6 11:30,8526.91,52.88,TRADE
NSW1,2012/12/6 12:00,8493.93,51.94,TRADE
NSW1,2012/12/6 12:30,8480.35,52.25,TRADE
NSW1,2012/12/6 13:00,8526.82,52.32,TRADE
NSW1,2012/12/6 13:30,8546.26,52.11,TRADE
NSW1,2012/12/6 14:00,8546.41,53.07,TRADE
NSW1,2012/12/6 14:30,8523.13,55.46,TRADE
NSW1,2012/12/6 15:00,8591.36,55.44,TRADE
NSW1,2012/12/6 15:30,8596.82,54.78,TRADE
NSW1,2012/12/6 16:00,8611.1,54.47,TRADE
NSW1,2012/12/6 16:30,8578.43,52.6,TRADE
NSW1,2012/12/6 17:00,8594.83,53.13,TRADE
NSW1,2012/12/6 17:30,8392.55,51.46,TRADE
NSW1,2012/12/6 18:00,8232.34,51.03,TRADE
NSW1,2012/12/6 18:30,8134.72,51.45,TRADE
NSW1,2012/12/6 19:00,8118.17,52.2,TRADE
NSW1,2012/12/6 19:30,8284.71,52.27,TRADE
NSW1,2012/12/6 20:00,8288.71,51.79,TRADE
NSW1,2012/12/6 20:30,8055.18,51.37,TRADE
NSW1,2012/12/6 21:00,7819.39,50.99,TRADE
NSW1,2012/12/6 21:30,7806.31,51.47,TRADE
NSW1,2012/12/6 22:00,7632.63,50.68,TRADE
NSW1,2012/12/6 22:30,7588.34,52.86,TRADE
NSW1,2012/12/6 23:00,7442.35,53.75,TRADE
NSW1,2012/12/6 23:30,7279.95,53.91,TRADE
NSW1,2012/12/7 0:00,7141.05,53.78,TRADE
NSW1,2012/12/7 0:30,6958.17,52.62,TRADE
NSW1,2012/12/7 1:00,6751.38,52.97,TRADE
NSW1,2012/12/7 1:30,6462.03,52.85,TRADE
NSW1,2012/12/7 2:00,6244.9,52.06,TRADE
NSW1,2012/12/7 2:30,6095.25,51.07,TRADE
NSW1,2012/12/7 3:00,6032.43,49.81,TRADE
NSW1,2012/12/7 3:30,6053.03,49.74,TRADE
NSW1,2012/12/7 4:00,6126.01,50,TRADE
NSW1,2012/12/7 4:30,6354.17,50.77,TRADE
NSW1,2012/12/7 5:00,6575.75,51.1,TRADE
NSW1,2012/12/7 5:30,7082.58,52.88,TRADE
NSW1,2012/12/7 6:00,7587.41,52.65,TRADE
NSW1,2012/12/7 6:30,7913.59,51.79,TRADE
NSW1,2012/12/7 7:00,8332.02,52.75,TRADE
NSW1,2012/12/7 7:30,8509.11,50.46,TRADE
NSW1,2012/12/7 8:00,8595.67,51.78,TRADE
NSW1,2012/12/7 8:30,8745.26,52.1,TRADE
NSW1,2012/12/7 9:00,8806.1,52.98,TRADE
NSW1,2012/12/7 9:30,8885.1,52.2,TRADE
NSW1,2012/12/7 10:00,8906.26,51.7,TRADE
NSW1,2012/12/7 10:30,8858.38,51.77,TRADE
NSW1,2012/12/7 11:00,8918.6,51.26,TRADE
NSW1,2012/12/7 11:30,8817.4,51.1,TRADE
NSW1,2012/12/7 12:00,8763.21,51.29,TRADE
NSW1,2012/12/7 12:30,8729.38,51.19,TRADE
NSW1,2012/12/7 13:00,8719.13,50.97,TRADE
NSW1,2012/12/7 13:30,8725.84,51.11,TRADE
NSW1,2012/12/7 14:00,8739.99,52.93,TRADE
NSW1,2012/12/7 14:30,8665.56,51.1,TRADE
NSW1,2012/12/7 15:00,8651.68,51.6,TRADE
NSW1,2012/12/7 15:30,8653.76,51.1,TRADE
NSW1,2012/12/7 16:00,8630.75,51.11,TRADE
NSW1,2012/12/7 16:30,8572.54,51.11,TRADE
NSW1,2012/12/7 17:00,8467.82,51.09,TRADE
NSW1,2012/12/7 17:30,8294.18,51.08,TRADE
NSW1,2012/12/7 18:00,8139.72,51.09,TRADE
NSW1,2012/12/7 18:30,8067.96,51.09,TRADE
NSW1,2012/12/7 19:00,8045.34,51.1,TRADE
NSW1,2012/12/7 19:30,8174.02,51.18,TRADE
NSW1,2012/12/7 20:00,8140.02,51.13,TRADE
NSW1,2012/12/7 20:30,7986.17,51.05,TRADE
NSW1,2012/12/7 21:00,7787.88,51.09,TRADE
NSW1,2012/12/7 21:30,7796.89,52.35,TRADE
NSW1,2012/12/7 22:00,7710.43,51.44,TRADE
NSW1,2012/12/7 22:30,7703.37,54.16,TRADE
NSW1,2012/12/7 23:00,7555.4,53.13,TRADE
NSW1,2012/12/7 23:30,7428.13,53.02,TRADE
NSW1,2012/12/8 0:00,7279.02,53.49,TRADE
NSW1,2012/12/8 0:30,7066.84,52.4,TRADE
NSW1,2012/12/8 1:00,6828.65,51.94,TRADE
NSW1,2012/12/8 1:30,6524.93,51.84,TRADE
NSW1,2012/12/8 2:00,6243.01,51.37,TRADE
NSW1,2012/12/8 2:30,6119.27,51.04,TRADE
NSW1,2012/12/8 3:00,5976.85,49.68,TRADE
NSW1,2012/12/8 3:30,5974.41,49.61,TRADE
NSW1,2012/12/8 4:00,5965.72,49.62,TRADE
NSW1,2012/12/8 4:30,6063.95,49.87,TRADE
NSW1,2012/12/8 5:00,6116.09,49.8,TRADE
NSW1,2012/12/8 5:30,6243.49,49.83,TRADE
NSW1,2012/12/8 6:00,6480.65,50.74,TRADE
NSW1,2012/12/8 6:30,6810.07,50.84,TRADE
NSW1,2012/12/8 7:00,7126.41,51.38,TRADE
NSW1,2012/12/8 7:30,7438.67,51.06,TRADE
NSW1,2012/12/8 8:00,7732.12,51.76,TRADE
NSW1,2012/12/8 8:30,7951.25,51.56,TRADE
NSW1,2012/12/8 9:00,8039.44,52.11,TRADE
NSW1,2012/12/8 9:30,8146.57,51.39,TRADE
NSW1,2012/12/8 10:00,8170.11,51.08,TRADE
NSW1,2012/12/8 10:30,8259.87,53.49,TRADE
NSW1,2012/12/8 11:00,8238.85,51.64,TRADE
NSW1,2012/12/8 11:30,8211.71,51.15,TRADE
NSW1,2012/12/8 12:00,8256.02,51.24,TRADE
NSW1,2012/12/8 12:30,8399.47,52.12,TRADE
NSW1,2012/12/8 13:00,8381.19,51.75,TRADE
NSW1,2012/12/8 13:30,8480.66,53.65,TRADE
NSW1,2012/12/8 14:00,8526.46,53.15,TRADE
NSW1,2012/12/8 14:30,8529.87,52.91,TRADE
NSW1,2012/12/8 15:00,8632.36,53.67,TRADE
NSW1,2012/12/8 15:30,8674.4,52.93,TRADE
NSW1,2012/12/8 16:00,8745.96,53.61,TRADE
NSW1,2012/12/8 16:30,8584.48,51.97,TRADE
NSW1,2012/12/8 17:00,8593.29,51.1,TRADE
NSW1,2012/12/8 17:30,8472.71,51.1,TRADE
NSW1,2012/12/8 18:00,8353.12,51.05,TRADE
NSW1,2012/12/8 18:30,8179.75,51.2,TRADE
NSW1,2012/12/8 19:00,8112.26,51.29,TRADE
NSW1,2012/12/8 19:30,8147.07,51.12,TRADE
NSW1,2012/12/8 20:00,8156.31,51.1,TRADE
NSW1,2012/12/8 20:30,8027.51,51.1,TRADE
NSW1,2012/12/8 21:00,7862.58,51.09,TRADE
NSW1,2012/12/8 21:30,7832.9,50.25,TRADE
NSW1,2012/12/8 22:00,7701.57,49.28,TRADE
NSW1,2012/12/8 22:30,7646.7,51.89,TRADE
NSW1,2012/12/8 23:00,7402.29,50.6,TRADE
NSW1,2012/12/8 23:30,7186.93,50.21,TRADE
NSW1,2012/12/9 0:00,7005.87,48.63,TRADE
NSW1,2012/12/9 0:30,6775.48,50.01,TRADE
NSW1,2012/12/9 1:00,6643.51,50.31,TRADE
NSW1,2012/12/9 1:30,6395.28,50.33,TRADE
NSW1,2012/12/9 2:00,6193.63,49.9,TRADE
NSW1,2012/12/9 2:30,6060.11,48.08,TRADE
NSW1,2012/12/9 3:00,5966.85,48.41,TRADE
NSW1,2012/12/9 3:30,5969.29,45.71,TRADE
NSW1,2012/12/9 4:00,5921.88,46.3,TRADE
NSW1,2012/12/9 4:30,5952.82,46.1,TRADE
NSW1,2012/12/9 5:00,5962.29,46.05,TRADE
NSW1,2012/12/9 5:30,6012.88,44.42,TRADE
NSW1,2012/12/9 6:00,6111.17,45.5,TRADE
NSW1,2012/12/9 6:30,6374.46,45.23,TRADE
NSW1,2012/12/9 7:00,6677.66,46.46,TRADE
NSW1,2012/12/9 7:30,6980.62,45.9,TRADE
NSW1,2012/12/9 8:00,7339.09,47.3,TRADE
NSW1,2012/12/9 8:30,7608.57,49.35,TRADE
NSW1,2012/12/9 9:00,7866.11,49.89,TRADE
NSW1,2012/12/9 9:30,7952.73,49.57,TRADE
NSW1,2012/12/9 10:00,8042.71,49.87,TRADE
NSW1,2012/12/9 10:30,7993.44,49.59,TRADE
NSW1,2012/12/9 11:00,7976.72,49.78,TRADE
NSW1,2012/12/9 11:30,7978.51,49.57,TRADE
NSW1,2012/12/9 12:00,7927.22,49.42,TRADE
NSW1,2012/12/9 12:30,7871.44,48.71,TRADE
NSW1,2012/12/9 13:00,7787.72,47.68,TRADE
NSW1,2012/12/9 13:30,7695.7,46.18,TRADE
NSW1,2012/12/9 14:00,7573.67,46.67,TRADE
NSW1,2012/12/9 14:30,7579.87,46.89,TRADE
NSW1,2012/12/9 15:00,7564.35,47.57,TRADE
NSW1,2012/12/9 15:30,7557.75,47.03,TRADE
NSW1,2012/12/9 16:00,7593.78,47.95,TRADE
NSW1,2012/12/9 16:30,7569.44,47.84,TRADE
NSW1,2012/12/9 17:00,7744.55,50.51,TRADE
NSW1,2012/12/9 17:30,7685.02,48.92,TRADE
NSW1,2012/12/9 18:00,7720.8,49.6,TRADE
NSW1,2012/12/9 18:30,7676.61,48.55,TRADE
NSW1,2012/12/9 19:00,7680.6,48.99,TRADE
NSW1,2012/12/9 19:30,7722.01,49.48,TRADE
NSW1,2012/12/9 20:00,7677.75,48.64,TRADE
NSW1,2012/12/9 20:30,7534.69,48.92,TRADE
NSW1,2012/12/9 21:00,7278.28,46.76,TRADE
NSW1,2012/12/9 21:30,7217.2,48.38,TRADE
NSW1,2012/12/9 22:00,7043.74,46.95,TRADE
NSW1,2012/12/9 22:30,6928.51,48.73,TRADE
NSW1,2012/12/9 23:00,6770.05,46.86,TRADE
NSW1,2012/12/9 23:30,6613.86,46.84,TRADE
NSW1,2012/12/10 0:00,6557.69,47.1,TRADE
NSW1,2012/12/10 0:30,6451.53,46.26,TRADE
NSW1,2012/12/10 1:00,6327.5,44.35,TRADE
NSW1,2012/12/10 1:30,6086.39,45.03,TRADE
NSW1,2012/12/10 2:00,5934.51,46.09,TRADE
NSW1,2012/12/10 2:30,5881.41,44.43,TRADE
NSW1,2012/12/10 3:00,5778.41,44.64,TRADE
NSW1,2012/12/10 3:30,5832.89,46.06,TRADE
NSW1,2012/12/10 4:00,5928.69,46.48,TRADE
NSW1,2012/12/10 4:30,6170.84,47.72,TRADE
NSW1,2012/12/10 5:00,6501.68,49.84,TRADE
NSW1,2012/12/10 5:30,6964.36,50.68,TRADE
NSW1,2012/12/10 6:00,7466.39,51.35,TRADE
NSW1,2012/12/10 6:30,7890.21,50.61,TRADE
NSW1,2012/12/10 7:00,8295.11,51.92,TRADE
NSW1,2012/12/10 7:30,8431.89,48.38,TRADE
NSW1,2012/12/10 8:00,8478.72,49.8,TRADE
NSW1,2012/12/10 8:30,8658.84,50.7,TRADE
NSW1,2012/12/10 9:00,8695.17,51.1,TRADE
NSW1,2012/12/10 9:30,8698.16,51.19,TRADE
NSW1,2012/12/10 10:00,8776.49,51.07,TRADE
NSW1,2012/12/10 10:30,8713.18,51.44,TRADE
NSW1,2012/12/10 11:00,8751.34,50.81,TRADE
NSW1,2012/12/10 11:30,8690.1,50.75,TRADE
NSW1,2012/12/10 12:00,8585.28,50.73,TRADE
NSW1,2012/12/10 12:30,8639.74,51.1,TRADE
NSW1,2012/12/10 13:00,8620.94,50.82,TRADE
NSW1,2012/12/10 13:30,8602.11,50.85,TRADE
NSW1,2012/12/10 14:00,8508.4,51.84,TRADE
NSW1,2012/12/10 14:30,8472.21,51.47,TRADE
NSW1,2012/12/10 15:00,8482.31,51.42,TRADE
NSW1,2012/12/10 15:30,8476.52,51.33,TRADE
NSW1,2012/12/10 16:00,8551.35,51.5,TRADE
NSW1,2012/12/10 16:30,8494.52,50.96,TRADE
NSW1,2012/12/10 17:00,8548.91,51.1,TRADE
NSW1,2012/12/10 17:30,8445.32,51.02,TRADE
NSW1,2012/12/10 18:00,8364.07,50.94,TRADE
NSW1,2012/12/10 18:30,8271.46,49.34,TRADE
NSW1,2012/12/10 19:00,8281.68,50.73,TRADE
NSW1,2012/12/10 19:30,8354.97,50.04,TRADE
NSW1,2012/12/10 20:00,8263.39,50.03,TRADE
NSW1,2012/12/10 20:30,8040.15,49.78,TRADE
NSW1,2012/12/10 21:00,7760.34,48.54,TRADE
NSW1,2012/12/10 21:30,7747.7,50.01,TRADE
NSW1,2012/12/10 22:00,7574.92,48.28,TRADE
NSW1,2012/12/10 22:30,7551.96,51.34,TRADE
NSW1,2012/12/10 23:00,7448.72,51.07,TRADE
NSW1,2012/12/10 23:30,7323.56,51.07,TRADE
NSW1,2012/12/11 0:00,7179.71,50.77,TRADE
NSW1,2012/12/11 0:30,6980.56,49.6,TRADE
NSW1,2012/12/11 1:00,6736.8,48.51,TRADE
NSW1,2012/12/11 1:30,6441.12,47.09,TRADE
NSW1,2012/12/11 2:00,6207.35,45.82,TRADE
NSW1,2012/12/11 2:30,6014.18,42.43,TRADE
NSW1,2012/12/11 3:00,5918.22,42.58,TRADE
NSW1,2012/12/11 3:30,5955.36,44.59,TRADE
NSW1,2012/12/11 4:00,6029.41,45.77,TRADE
NSW1,2012/12/11 4:30,6265.3,46.5,TRADE
NSW1,2012/12/11 5:00,6455.75,48,TRADE
NSW1,2012/12/11 5:30,7009.09,50.12,TRADE
NSW1,2012/12/11 6:00,7565.09,50.7,TRADE
NSW1,2012/12/11 6:30,7916.01,50.72,TRADE
NSW1,2012/12/11 7:00,8232.09,50.23,TRADE
NSW1,2012/12/11 7:30,8275.09,47.55,TRADE
NSW1,2012/12/11 8:00,8332.35,49.34,TRADE
NSW1,2012/12/11 8:30,8505.38,50.99,TRADE
NSW1,2012/12/11 9:00,8613.1,51.78,TRADE
NSW1,2012/12/11 9:30,8620.1,51.24,TRADE
NSW1,2012/12/11 10:00,8653.31,51.31,TRADE
NSW1,2012/12/11 10:30,8596.93,51.09,TRADE
NSW1,2012/12/11 11:00,8602.47,51.05,TRADE
NSW1,2012/12/11 11:30,8537.34,51.07,TRADE
NSW1,2012/12/11 12:00,8496.61,51.1,TRADE
NSW1,2012/12/11 12:30,8500.34,51.14,TRADE
NSW1,2012/12/11 13:00,8504.48,51.54,TRADE
NSW1,2012/12/11 13:30,8501.07,51.06,TRADE
NSW1,2012/12/11 14:00,8486.38,51.24,TRADE
NSW1,2012/12/11 14:30,8468.38,51.12,TRADE
NSW1,2012/12/11 15:00,8481.46,51,TRADE
NSW1,2012/12/11 15:30,8531.75,51.14,TRADE
NSW1,2012/12/11 16:00,8543.59,51.1,TRADE
NSW1,2012/12/11 16:30,8530.94,51.1,TRADE
NSW1,2012/12/11 17:00,8566.46,51.03,TRADE
NSW1,2012/12/11 17:30,8368.64,50.79,TRADE
NSW1,2012/12/11 18:00,8305.25,51.06,TRADE
NSW1,2012/12/11 18:30,8198.38,50.88,TRADE
NSW1,2012/12/11 19:00,8167.59,50.48,TRADE
NSW1,2012/12/11 19:30,8203.1,50.25,TRADE
NSW1,2012/12/11 20:00,8246.41,50.99,TRADE
NSW1,2012/12/11 20:30,8076.78,49.6,TRADE
NSW1,2012/12/11 21:00,7783.66,47.82,TRADE
NSW1,2012/12/11 21:30,7798.64,49.68,TRADE
NSW1,2012/12/11 22:00,7621.69,47.45,TRADE
NSW1,2012/12/11 22:30,7582.39,48.95,TRADE
NSW1,2012/12/11 23:00,7452.75,49.03,TRADE
NSW1,2012/12/11 23:30,7288.74,50.06,TRADE
NSW1,2012/12/12 0:00,7145.24,48.72,TRADE
NSW1,2012/12/12 0:30,6988.05,48.94,TRADE
NSW1,2012/12/12 1:00,6706.31,47.27,TRADE
NSW1,2012/12/12 1:30,6434.55,46.04,TRADE
NSW1,2012/12/12 2:00,6167.76,46.04,TRADE
NSW1,2012/12/12 2:30,6030.55,46.04,TRADE
NSW1,2012/12/12 3:00,5964.43,45.95,TRADE
NSW1,2012/12/12 3:30,5989.46,46.04,TRADE
NSW1,2012/12/12 4:00,6054.27,46.05,TRADE
NSW1,2012/12/12 4:30,6305.74,46.36,TRADE
NSW1,2012/12/12 5:00,6554.17,48.77,TRADE
NSW1,2012/12/12 5:30,7087.68,49.96,TRADE
NSW1,2012/12/12 6:00,7600.99,50.03,TRADE
NSW1,2012/12/12 6:30,7950.87,50.6,TRADE
NSW1,2012/12/12 7:00,8298.2,50.59,TRADE
NSW1,2012/12/12 7:30,8496,49.89,TRADE
NSW1,2012/12/12 8:00,8588.73,50.68,TRADE
NSW1,2012/12/12 8:30,8783.93,51.35,TRADE
NSW1,2012/12/12 9:00,8832.88,50.91,TRADE
NSW1,2012/12/12 9:30,8909.5,51.6,TRADE
NSW1,2012/12/12 10:00,8938.42,50.95,TRADE
NSW1,2012/12/12 10:30,8896.27,51.49,TRADE
NSW1,2012/12/12 11:00,8919.16,50.89,TRADE
NSW1,2012/12/12 11:30,8868.56,51.52,TRADE
NSW1,2012/12/12 12:00,8854.69,51.02,TRADE
NSW1,2012/12/12 12:30,8875.78,51.02,TRADE
NSW1,2012/12/12 13:00,8901.67,51.5,TRADE
NSW1,2012/12/12 13:30,8860.42,49.49,TRADE
NSW1,2012/12/12 14:00,8886.8,50.56,TRADE
NSW1,2012/12/12 14:30,8869.11,59.67,TRADE
NSW1,2012/12/12 15:00,8979.59,52.35,TRADE
NSW1,2012/12/12 15:30,9016.57,51.25,TRADE
NSW1,2012/12/12 16:00,9047.87,53.06,TRADE
NSW1,2012/12/12 16:30,8966.46,51.7,TRADE
NSW1,2012/12/12 17:00,8880.66,51.33,TRADE
NSW1,2012/12/12 17:30,8663.38,51.1,TRADE
NSW1,2012/12/12 18:00,8547.26,51.1,TRADE
NSW1,2012/12/12 18:30,8429.07,53.49,TRADE
NSW1,2012/12/12 19:00,8284,50.31,TRADE
NSW1,2012/12/12 19:30,8341.75,52.27,TRADE
NSW1,2012/12/12 20:00,8421.25,53.14,TRADE
NSW1,2012/12/12 20:30,8268.85,51.87,TRADE
NSW1,2012/12/12 21:00,8010.77,50.36,TRADE
NSW1,2012/12/12 21:30,7958.29,50.48,TRADE
NSW1,2012/12/12 22:00,7758.93,49.25,TRADE
NSW1,2012/12/12 22:30,7690.64,49.96,TRADE
NSW1,2012/12/12 23:00,7544.01,50.72,TRADE
NSW1,2012/12/12 23:30,7320.26,50.25,TRADE
NSW1,2012/12/13 0:00,7204.69,50.51,TRADE
NSW1,2012/12/13 0:30,6978.97,48.23,TRADE
NSW1,2012/12/13 1:00,6738.93,47.97,TRADE
NSW1,2012/12/13 1:30,6438.1,46.24,TRADE
NSW1,2012/12/13 2:00,6203.74,43.87,TRADE
NSW1,2012/12/13 2:30,6077.34,45.83,TRADE
NSW1,2012/12/13 3:00,6010.15,45.75,TRADE
NSW1,2012/12/13 3:30,5989.99,45.47,TRADE
NSW1,2012/12/13 4:00,6066.05,45.96,TRADE
NSW1,2012/12/13 4:30,6282.31,46.05,TRADE
NSW1,2012/12/13 5:00,6528.06,47.33,TRADE
NSW1,2012/12/13 5:30,7044.11,48.76,TRADE
NSW1,2012/12/13 6:00,7530.99,49.56,TRADE
NSW1,2012/12/13 6:30,7892.35,50.27,TRADE
NSW1,2012/12/13 7:00,8293.24,50.97,TRADE
NSW1,2012/12/13 7:30,8455.6,50,TRADE
NSW1,2012/12/13 8:00,8611.1,52.03,TRADE
NSW1,2012/12/13 8:30,8836.05,52.16,TRADE
NSW1,2012/12/13 9:00,8934.87,52,TRADE
NSW1,2012/12/13 9:30,9018.35,51.25,TRADE
NSW1,2012/12/13 10:00,9058.46,50.79,TRADE
NSW1,2012/12/13 10:30,9018.47,51.04,TRADE
NSW1,2012/12/13 11:00,9066.8,49.98,TRADE
NSW1,2012/12/13 11:30,9095.09,51.9,TRADE
NSW1,2012/12/13 12:00,9135.06,51.86,TRADE
NSW1,2012/12/13 12:30,9181.92,53.32,TRADE
NSW1,2012/12/13 13:00,9250.66,54.18,TRADE
NSW1,2012/12/13 13:30,9308.74,61.22,TRADE
NSW1,2012/12/13 14:00,9362.22,87.74,TRADE
NSW1,2012/12/13 14:30,9351.3,115.45,TRADE
NSW1,2012/12/13 15:00,9399.3,44.07,TRADE
NSW1,2012/12/13 15:30,9483.75,59.38,TRADE
NSW1,2012/12/13 16:00,9524.34,57.48,TRADE
NSW1,2012/12/13 16:30,9467.66,56.49,TRADE
NSW1,2012/12/13 17:00,9438.61,53.08,TRADE
NSW1,2012/12/13 17:30,9215.09,51.25,TRADE
NSW1,2012/12/13 18:00,9132.77,50.85,TRADE
NSW1,2012/12/13 18:30,8963.3,51.5,TRADE
NSW1,2012/12/13 19:00,8812.42,51.87,TRADE
NSW1,2012/12/13 19:30,8872.07,51.94,TRADE
NSW1,2012/12/13 20:00,8885.67,51.94,TRADE
NSW1,2012/12/13 20:30,8674.06,51.47,TRADE
NSW1,2012/12/13 21:00,8352.61,50.22,TRADE
NSW1,2012/12/13 21:30,8347.16,51.25,TRADE
NSW1,2012/12/13 22:00,8096.81,48.78,TRADE
NSW1,2012/12/13 22:30,7979.35,51.83,TRADE
NSW1,2012/12/13 23:00,7802.32,52,TRADE
NSW1,2012/12/13 23:30,7543.89,51.7,TRADE
NSW1,2012/12/14 0:00,7358.47,51.95,TRADE
NSW1,2012/12/14 0:30,7141.3,52.35,TRADE
NSW1,2012/12/14 1:00,6914.85,51.7,TRADE
NSW1,2012/12/14 1:30,6612.66,51.51,TRADE
NSW1,2012/12/14 2:00,6394.98,50.14,TRADE
NSW1,2012/12/14 2:30,6222.75,48.69,TRADE
NSW1,2012/12/14 3:00,6188.53,49.81,TRADE
NSW1,2012/12/14 3:30,6161.16,49.73,TRADE
NSW1,2012/12/14 4:00,6263.75,49.82,TRADE
NSW1,2012/12/14 4:30,6454.56,49.91,TRADE
NSW1,2012/12/14 5:00,6638.3,50.26,TRADE
NSW1,2012/12/14 5:30,7120.37,49.3,TRADE
NSW1,2012/12/14 6:00,7608.28,49.59,TRADE
NSW1,2012/12/14 6:30,7985.42,51.13,TRADE
NSW1,2012/12/14 7:00,8394.47,51.19,TRADE
NSW1,2012/12/14 7:30,8605.17,49.98,TRADE
NSW1,2012/12/14 8:00,8785.5,49.9,TRADE
NSW1,2012/12/14 8:30,9047.1,50.73,TRADE
NSW1,2012/12/14 9:00,9151.3,50.75,TRADE
NSW1,2012/12/14 9:30,9273.9,52.05,TRADE
NSW1,2012/12/14 10:00,9366.14,52.93,TRADE
NSW1,2012/12/14 10:30,9418.41,53.01,TRADE
NSW1,2012/12/14 11:00,9448.17,52.81,TRADE
NSW1,2012/12/14 11:30,9372.85,51.93,TRADE
NSW1,2012/12/14 12:00,9327.17,51.98,TRADE
NSW1,2012/12/14 12:30,9284.76,50.32,TRADE
NSW1,2012/12/14 13:00,9258.86,49.62,TRADE
NSW1,2012/12/14 13:30,9289.09,49.86,TRADE
NSW1,2012/12/14 14:00,9365.82,50.37,TRADE
NSW1,2012/12/14 14:30,9390.42,50.39,TRADE
NSW1,2012/12/14 15:00,9537.56,51.08,TRADE
NSW1,2012/12/14 15:30,9667.45,54.46,TRADE
NSW1,2012/12/14 16:00,9688.49,57.35,TRADE
NSW1,2012/12/14 16:30,9540.76,57.02,TRADE
NSW1,2012/12/14 17:00,9375.51,58.53,TRADE
NSW1,2012/12/14 17:30,9090.12,53.06,TRADE
NSW1,2012/12/14 18:00,8847.95,51.77,TRADE
NSW1,2012/12/14 18:30,8636.99,50.91,TRADE
NSW1,2012/12/14 19:00,8612.46,51.77,TRADE
NSW1,2012/12/14 19:30,8683.85,53.71,TRADE
NSW1,2012/12/14 20:00,8601.74,52.35,TRADE
NSW1,2012/12/14 20:30,8446.4,50.69,TRADE
NSW1,2012/12/14 21:00,8182.2,50.14,TRADE
NSW1,2012/12/14 21:30,8189.12,51.36,TRADE
NSW1,2012/12/14 22:00,7988.25,49.52,TRADE
NSW1,2012/12/14 22:30,7943.7,54.76,TRADE
NSW1,2012/12/14 23:00,7786.7,52.67,TRADE
NSW1,2012/12/14 23:30,7582.79,52.59,TRADE
NSW1,2012/12/15 0:00,7397.12,51.41,TRADE
NSW1,2012/12/15 0:30,7179.39,51.19,TRADE
NSW1,2012/12/15 1:00,6903.59,51.82,TRADE
NSW1,2012/12/15 1:30,6547.86,50.94,TRADE
NSW1,2012/12/15 2:00,6342.91,50.19,TRADE
NSW1,2012/12/15 2:30,6144.81,48.93,TRADE
NSW1,2012/12/15 3:00,6076.85,49.52,TRADE
NSW1,2012/12/15 3:30,6002.91,48.97,TRADE
NSW1,2012/12/15 4:00,6019.71,49.8,TRADE
NSW1,2012/12/15 4:30,6063.16,47.98,TRADE
NSW1,2012/12/15 5:00,6123.86,49.3,TRADE
NSW1,2012/12/15 5:30,6356.08,50.11,TRADE
NSW1,2012/12/15 6:00,6543.3,50.14,TRADE
NSW1,2012/12/15 6:30,6882.24,50.26,TRADE
NSW1,2012/12/15 7:00,7192.16,49.88,TRADE
NSW1,2012/12/15 7:30,7602.03,49.86,TRADE
NSW1,2012/12/15 8:00,7910.06,50.2,TRADE
NSW1,2012/12/15 8:30,8102.32,50.38,TRADE
NSW1,2012/12/15 9:00,8182.21,50.26,TRADE
NSW1,2012/12/15 9:30,8335.01,50.77,TRADE
NSW1,2012/12/15 10:00,8281.3,49.82,TRADE
NSW1,2012/12/15 10:30,8249.23,49.82,TRADE
NSW1,2012/12/15 11:00,8231.47,49.82,TRADE
NSW1,2012/12/15 11:30,8148.11,49.83,TRADE
NSW1,2012/12/15 12:00,8132.22,49.97,TRADE
NSW1,2012/12/15 12:30,8122.63,49.98,TRADE
NSW1,2012/12/15 13:00,8023.99,49.64,TRADE
NSW1,2012/12/15 13:30,8040.01,50,TRADE
NSW1,2012/12/15 14:00,7974.44,49.83,TRADE
NSW1,2012/12/15 14:30,7933.3,49.64,TRADE
NSW1,2012/12/15 15:00,7962.57,48.94,TRADE
NSW1,2012/12/15 15:30,7966.3,49.21,TRADE
NSW1,2012/12/15 16:00,7985.94,49.81,TRADE
NSW1,2012/12/15 16:30,7943.78,49.86,TRADE
NSW1,2012/12/15 17:00,8024.74,49.84,TRADE
NSW1,2012/12/15 17:30,7948.02,49.83,TRADE
NSW1,2012/12/15 18:00,7897.58,49.6,TRADE
NSW1,2012/12/15 18:30,7856.25,50.51,TRADE
NSW1,2012/12/15 19:00,7854.58,50.52,TRADE
NSW1,2012/12/15 19:30,7877.16,51.6,TRADE
NSW1,2012/12/15 20:00,7911.99,52.33,TRADE
NSW1,2012/12/15 20:30,7822.04,51.57,TRADE
NSW1,2012/12/15 21:00,7641.51,50.66,TRADE
NSW1,2012/12/15 21:30,7607.42,50.54,TRADE
NSW1,2012/12/15 22:00,7498.21,49.97,TRADE
NSW1,2012/12/15 22:30,7421.08,49.53,TRADE
NSW1,2012/12/15 23:00,7207.01,49.73,TRADE
NSW1,2012/12/15 23:30,6964.68,49.23,TRADE
NSW1,2012/12/16 0:00,6774.38,48.13,TRADE
NSW1,2012/12/16 0:30,6596.82,48.68,TRADE
NSW1,2012/12/16 1:00,6423.07,48.79,TRADE
NSW1,2012/12/16 1:30,6133.11,47.45,TRADE
NSW1,2012/12/16 2:00,5948.75,46.64,TRADE
NSW1,2012/12/16 2:30,5833.09,44.52,TRADE
NSW1,2012/12/16 3:00,5780.15,45.08,TRADE
NSW1,2012/12/16 3:30,5758.18,45.9,TRADE
NSW1,2012/12/16 4:00,5746.38,45.83,TRADE
NSW1,2012/12/16 4:30,5834.62,46.16,TRADE
NSW1,2012/12/16 5:00,5785.87,46.12,TRADE
NSW1,2012/12/16 5:30,5902.74,46.16,TRADE
NSW1,2012/12/16 6:00,6045.74,46.69,TRADE
NSW1,2012/12/16 6:30,6346.99,47.69,TRADE
NSW1,2012/12/16 7:00,6646.47,47.17,TRADE
NSW1,2012/12/16 7:30,7017.15,48.96,TRADE
NSW1,2012/12/16 8:00,7306.14,49.82,TRADE
NSW1,2012/12/16 8:30,7598.9,50,TRADE
NSW1,2012/12/16 9:00,7867.09,50.29,TRADE
NSW1,2012/12/16 9:30,8053.39,49.31,TRADE
NSW1,2012/12/16 10:00,8153.54,49.82,TRADE
NSW1,2012/12/16 10:30,8275.87,50,TRADE
NSW1,2012/12/16 11:00,8449.95,50.44,TRADE
NSW1,2012/12/16 11:30,8580.16,50.18,TRADE
NSW1,2012/12/16 12:00,8690.77,50.05,TRADE
NSW1,2012/12/16 12:30,8772.14,49.82,TRADE
NSW1,2012/12/16 13:00,8856.33,49.84,TRADE
NSW1,2012/12/16 13:30,8901.6,49.83,TRADE
NSW1,2012/12/16 14:00,8943.17,49.83,TRADE
NSW1,2012/12/16 14:30,8991.62,49.78,TRADE
NSW1,2012/12/16 15:00,9053.77,49.86,TRADE
NSW1,2012/12/16 15:30,9114.92,49.83,TRADE
NSW1,2012/12/16 16:00,9160.25,49.85,TRADE
NSW1,2012/12/16 16:30,9169.01,49.87,TRADE
NSW1,2012/12/16 17:00,9269.43,50.4,TRADE
NSW1,2012/12/16 17:30,9164.66,50.17,TRADE
NSW1,2012/12/16 18:00,9092.94,49.83,TRADE
NSW1,2012/12/16 18:30,8911.46,49.99,TRADE
NSW1,2012/12/16 19:00,8877.63,50.79,TRADE
NSW1,2012/12/16 19:30,8973.33,52.54,TRADE
NSW1,2012/12/16 20:00,9011.85,52.4,TRADE
NSW1,2012/12/16 20:30,8863.96,51.74,TRADE
NSW1,2012/12/16 21:00,8487.44,50.06,TRADE
NSW1,2012/12/16 21:30,8166.72,49.29,TRADE
NSW1,2012/12/16 22:00,7784.91,49.45,TRADE
NSW1,2012/12/16 22:30,7553.97,50.84,TRADE
NSW1,2012/12/16 23:00,7252.39,49.23,TRADE
NSW1,2012/12/16 23:30,6982.92,49.81,TRADE
NSW1,2012/12/17 0:00,6821.69,49.47,TRADE
NSW1,2012/12/17 0:30,6672.67,49.59,TRADE
NSW1,2012/12/17 1:00,6543.46,48.69,TRADE
NSW1,2012/12/17 1:30,6237.93,47.3,TRADE
NSW1,2012/12/17 2:00,6096.24,46.05,TRADE
NSW1,2012/12/17 2:30,6019.72,46.06,TRADE
NSW1,2012/12/17 3:00,5958.21,46.05,TRADE
NSW1,2012/12/17 3:30,5961.8,46.05,TRADE
NSW1,2012/12/17 4:00,6075.77,46.76,TRADE
NSW1,2012/12/17 4:30,6296.38,49.95,TRADE
NSW1,2012/12/17 5:00,6523.33,50.55,TRADE
NSW1,2012/12/17 5:30,6991.24,52.61,TRADE
NSW1,2012/12/17 6:00,7457.11,50.99,TRADE
NSW1,2012/12/17 6:30,7884.22,49.89,TRADE
NSW1,2012/12/17 7:00,8306.03,49.87,TRADE
NSW1,2012/12/17 7:30,8562.53,49.89,TRADE
NSW1,2012/12/17 8:00,8667.28,50.23,TRADE
NSW1,2012/12/17 8:30,8828.6,49.92,TRADE
NSW1,2012/12/17 9:00,8973.81,49.88,TRADE
NSW1,2012/12/17 9:30,9027.78,49.83,TRADE
NSW1,2012/12/17 10:00,9019.12,49.83,TRADE
NSW1,2012/12/17 10:30,9014.77,49.87,TRADE
NSW1,2012/12/17 11:00,8991.75,49.68,TRADE
NSW1,2012/12/17 11:30,8960.45,49.82,TRADE
NSW1,2012/12/17 12:00,8930.7,49.83,TRADE
NSW1,2012/12/17 12:30,8925.79,49.83,TRADE
NSW1,2012/12/17 13:00,8977.4,49.83,TRADE
NSW1,2012/12/17 13:30,8928.91,49.83,TRADE
NSW1,2012/12/17 14:00,8860.5,49.83,TRADE
NSW1,2012/12/17 14:30,8870.92,49.86,TRADE
NSW1,2012/12/17 15:00,8882.28,49.82,TRADE
NSW1,2012/12/17 15:30,8883.33,49.83,TRADE
NSW1,2012/12/17 16:00,8894.11,49.82,TRADE
NSW1,2012/12/17 16:30,8864.36,49.83,TRADE
NSW1,2012/12/17 17:00,8883.3,49.91,TRADE
NSW1,2012/12/17 17:30,8656.85,49.73,TRADE
NSW1,2012/12/17 18:00,8562.46,49.82,TRADE
NSW1,2012/12/17 18:30,8337.87,49.56,TRADE
NSW1,2012/12/17 19:00,8327.27,49.99,TRADE
NSW1,2012/12/17 19:30,8416.75,50.66,TRADE
NSW1,2012/12/17 20:00,8388.86,51.94,TRADE
NSW1,2012/12/17 20:30,8208.89,51.83,TRADE
NSW1,2012/12/17 21:00,7963.92,50.45,TRADE
NSW1,2012/12/17 21:30,7964.43,50.24,TRADE
NSW1,2012/12/17 22:00,7823.34,48.81,TRADE
NSW1,2012/12/17 22:30,7721.15,50.68,TRADE
NSW1,2012/12/17 23:00,7594.23,49.96,TRADE
NSW1,2012/12/17 23:30,7363.66,49.78,TRADE
NSW1,2012/12/18 0:00,7212.05,49.33,TRADE
NSW1,2012/12/18 0:30,7010.82,50.68,TRADE
NSW1,2012/12/18 1:00,6768.46,50.61,TRADE
NSW1,2012/12/18 1:30,6526.16,49.92,TRADE
NSW1,2012/12/18 2:00,6254.49,47.34,TRADE
NSW1,2012/12/18 2:30,6114.64,49.07,TRADE
NSW1,2012/12/18 3:00,6068.84,48.71,TRADE
NSW1,2012/12/18 3:30,6081.57,48.34,TRADE
NSW1,2012/12/18 4:00,6169.97,49.08,TRADE
NSW1,2012/12/18 4:30,6408.69,49.89,TRADE
NSW1,2012/12/18 5:00,6596.18,50.26,TRADE
NSW1,2012/12/18 5:30,7040.6,50.4,TRADE
NSW1,2012/12/18 6:00,7507.61,50.01,TRADE
NSW1,2012/12/18 6:30,7867.05,49.51,TRADE
NSW1,2012/12/18 7:00,8289.06,50,TRADE
NSW1,2012/12/18 7:30,8481.07,49.35,TRADE
NSW1,2012/12/18 8:00,8585.35,49.85,TRADE
NSW1,2012/12/18 8:30,8807.98,49.94,TRADE
NSW1,2012/12/18 9:00,8927.1,50.01,TRADE
NSW1,2012/12/18 9:30,9024.14,49.88,TRADE
NSW1,2012/12/18 10:00,9098.91,49.83,TRADE
NSW1,2012/12/18 10:30,9110.57,50.4,TRADE
NSW1,2012/12/18 11:00,9180.91,50.03,TRADE
NSW1,2012/12/18 11:30,9194.22,50.6,TRADE
NSW1,2012/12/18 12:00,9236.91,49.95,TRADE
NSW1,2012/12/18 12:30,9335.16,50.34,TRADE
NSW1,2012/12/18 13:00,9427.49,50.33,TRADE
NSW1,2012/12/18 13:30,9561.74,50.15,TRADE
NSW1,2012/12/18 14:00,9659.81,50.5,TRADE
NSW1,2012/12/18 14:30,9727.16,50,TRADE
NSW1,2012/12/18 15:00,9833.93,51.33,TRADE
NSW1,2012/12/18 15:30,9932.92,52.56,TRADE
NSW1,2012/12/18 16:00,9988.96,54.92,TRADE
NSW1,2012/12/18 16:30,9911.33,53.79,TRADE
NSW1,2012/12/18 17:00,9835.34,52.53,TRADE
NSW1,2012/12/18 17:30,9491.7,49.96,TRADE
NSW1,2012/12/18 18:00,9299.2,49.81,TRADE
NSW1,2012/12/18 18:30,9056.38,50.51,TRADE
NSW1,2012/12/18 19:00,8870.44,51.04,TRADE
NSW1,2012/12/18 19:30,8820.92,51.94,TRADE
NSW1,2012/12/18 20:00,8866.1,52.05,TRADE
NSW1,2012/12/18 20:30,8687.83,51.23,TRADE
NSW1,2012/12/18 21:00,8447.65,50.72,TRADE
NSW1,2012/12/18 21:30,8396.28,50.17,TRADE
NSW1,2012/12/18 22:00,8137.98,48.87,TRADE
NSW1,2012/12/18 22:30,7983.46,53.2,TRADE
NSW1,2012/12/18 23:00,7761.45,50.8,TRADE
NSW1,2012/12/18 23:30,7537.17,50.37,TRADE
NSW1,2012/12/19 0:00,7345.68,49.99,TRADE
NSW1,2012/12/19 0:30,7148.36,50.55,TRADE
NSW1,2012/12/19 1:00,6909.48,50.7,TRADE
NSW1,2012/12/19 1:30,6585.29,49.07,TRADE
NSW1,2012/12/19 2:00,6394.15,47.1,TRADE
NSW1,2012/12/19 2:30,6271.03,48.54,TRADE
NSW1,2012/12/19 3:00,6185.6,47.84,TRADE
NSW1,2012/12/19 3:30,6211.39,48.2,TRADE
NSW1,2012/12/19 4:00,6272.01,49.02,TRADE
NSW1,2012/12/19 4:30,6507.23,49.69,TRADE
NSW1,2012/12/19 5:00,6715.19,50.07,TRADE
NSW1,2012/12/19 5:30,7233.73,50.99,TRADE
NSW1,2012/12/19 6:00,7724.83,50.17,TRADE
NSW1,2012/12/19 6:30,8178.54,49.94,TRADE
NSW1,2012/12/19 7:00,8620.26,50.96,TRADE
NSW1,2012/12/19 7:30,8939.07,49.32,TRADE
NSW1,2012/12/19 8:00,9126.22,51.44,TRADE
NSW1,2012/12/19 8:30,9396.57,51.25,TRADE
NSW1,2012/12/19 9:00,9483.09,52.37,TRADE
NSW1,2012/12/19 9:30,9571.45,51.31,TRADE
NSW1,2012/12/19 10:00,9604.39,50.04,TRADE
NSW1,2012/12/19 10:30,9664.61,49.71,TRADE
NSW1,2012/12/19 11:00,9713.06,50.17,TRADE
NSW1,2012/12/19 11:30,9742.95,50.03,TRADE
NSW1,2012/12/19 12:00,9797.29,50.17,TRADE
NSW1,2012/12/19 12:30,9809.99,49.88,TRADE
NSW1,2012/12/19 13:00,9888.59,50.2,TRADE
NSW1,2012/12/19 13:30,9920.64,49.94,TRADE
NSW1,2012/12/19 14:00,10018.44,51.5,TRADE
NSW1,2012/12/19 14:30,10062.44,51.95,TRADE
NSW1,2012/12/19 15:00,10200.52,52.56,TRADE
NSW1,2012/12/19 15:30,10324.51,53.15,TRADE
NSW1,2012/12/19 16:00,10437.47,54.17,TRADE
NSW1,2012/12/19 16:30,10341.18,53.08,TRADE
NSW1,2012/12/19 17:00,10300.86,53.85,TRADE
NSW1,2012/12/19 17:30,10047.7,51.13,TRADE
NSW1,2012/12/19 18:00,9843.58,50.12,TRADE
NSW1,2012/12/19 18:30,9586.4,49.61,TRADE
NSW1,2012/12/19 19:00,9448.73,51.33,TRADE
NSW1,2012/12/19 19:30,9484.79,51.94,TRADE
NSW1,2012/12/19 20:00,9488.41,51.87,TRADE
NSW1,2012/12/19 20:30,9317.54,51.67,TRADE
NSW1,2012/12/19 21:00,9004.19,50.72,TRADE
NSW1,2012/12/19 21:30,8941.43,51.42,TRADE
NSW1,2012/12/19 22:00,8613.72,49.36,TRADE
NSW1,2012/12/19 22:30,8399.53,52.07,TRADE
NSW1,2012/12/19 23:00,8103.12,51.32,TRADE
NSW1,2012/12/19 23:30,7799.19,50.19,TRADE
NSW1,2012/12/20 0:00,7608.06,50.89,TRADE
NSW1,2012/12/20 0:30,7327.04,50.75,TRADE
NSW1,2012/12/20 1:00,7075.89,50.9,TRADE
NSW1,2012/12/20 1:30,6703.76,49.88,TRADE
NSW1,2012/12/20 2:00,6461.24,49.13,TRADE
NSW1,2012/12/20 2:30,6310.89,49.78,TRADE
NSW1,2012/12/20 3:00,6274.79,49.56,TRADE
NSW1,2012/12/20 3:30,6295.2,49.74,TRADE
NSW1,2012/12/20 4:00,6403.95,49.98,TRADE
NSW1,2012/12/20 4:30,6558.36,49.89,TRADE
NSW1,2012/12/20 5:00,6815.43,50.17,TRADE
NSW1,2012/12/20 5:30,7331.71,50.95,TRADE
NSW1,2012/12/20 6:00,7822.61,50.47,TRADE
NSW1,2012/12/20 6:30,8242.68,49.48,TRADE
NSW1,2012/12/20 7:00,8749.65,50.32,TRADE
NSW1,2012/12/20 7:30,9192.51,48.63,TRADE
NSW1,2012/12/20 8:00,9616.81,50.18,TRADE
NSW1,2012/12/20 8:30,9904.44,50.07,TRADE
NSW1,2012/12/20 9:00,10073.73,51.11,TRADE
NSW1,2012/12/20 9:30,10223.01,51,TRADE
NSW1,2012/12/20 10:00,10209.04,51.01,TRADE
NSW1,2012/12/20 10:30,10192.99,50.47,TRADE
NSW1,2012/12/20 11:00,10086.4,50.17,TRADE
NSW1,2012/12/20 11:30,10054.6,49.82,TRADE
NSW1,2012/12/20 12:00,10062.59,49.83,TRADE
NSW1,2012/12/20 12:30,10118.13,50.59,TRADE
NSW1,2012/12/20 13:00,10202.41,52.12,TRADE
NSW1,2012/12/20 13:30,10225.79,52.13,TRADE
NSW1,2012/12/20 14:00,10132.77,50.99,TRADE
NSW1,2012/12/20 14:30,10092.36,50.37,TRADE
NSW1,2012/12/20 15:00,10023.59,50.26,TRADE
NSW1,2012/12/20 15:30,10040.62,50.34,TRADE
NSW1,2012/12/20 16:00,9953.07,49.82,TRADE
NSW1,2012/12/20 16:30,9851.22,49.82,TRADE
NSW1,2012/12/20 17:00,9701.37,49.93,TRADE
NSW1,2012/12/20 17:30,9301.59,49.68,TRADE
NSW1,2012/12/20 18:00,8989.67,49.81,TRADE
NSW1,2012/12/20 18:30,8796.54,50.4,TRADE
NSW1,2012/12/20 19:00,8673.53,50.78,TRADE
NSW1,2012/12/20 19:30,8675.62,51.48,TRADE
NSW1,2012/12/20 20:00,8636.15,51.52,TRADE
NSW1,2012/12/20 20:30,8439.72,49.63,TRADE
NSW1,2012/12/20 21:00,8184.17,49.5,TRADE
NSW1,2012/12/20 21:30,8195.28,49.73,TRADE
NSW1,2012/12/20 22:00,8008.16,48.63,TRADE
NSW1,2012/12/20 22:30,7913.92,55.93,TRADE
NSW1,2012/12/20 23:00,7734.56,51.19,TRADE
NSW1,2012/12/20 23:30,7503.51,51.75,TRADE
NSW1,2012/12/21 0:00,7307.99,51.43,TRADE
NSW1,2012/12/21 0:30,7124.59,51.16,TRADE
NSW1,2012/12/21 1:00,6815.89,50.49,TRADE
NSW1,2012/12/21 1:30,6501.54,49.77,TRADE
NSW1,2012/12/21 2:00,6297.97,48.43,TRADE
NSW1,2012/12/21 2:30,6122.72,49.45,TRADE
NSW1,2012/12/21 3:00,6083.04,49.27,TRADE
NSW1,2012/12/21 3:30,6116.85,49.52,TRADE
NSW1,2012/12/21 4:00,6155.51,49.59,TRADE
NSW1,2012/12/21 4:30,6375.8,49.71,TRADE
NSW1,2012/12/21 5:00,6564.36,49.92,TRADE
NSW1,2012/12/21 5:30,6988.3,49.95,TRADE
NSW1,2012/12/21 6:00,7428.97,49.87,TRADE
NSW1,2012/12/21 6:30,7736.36,49.51,TRADE
NSW1,2012/12/21 7:00,8143.44,50.23,TRADE
NSW1,2012/12/21 7:30,8403.46,49.07,TRADE
NSW1,2012/12/21 8:00,8642.03,49.84,TRADE
NSW1,2012/12/21 8:30,8826.66,49.84,TRADE
NSW1,2012/12/21 9:00,8857.76,49.72,TRADE
NSW1,2012/12/21 9:30,8906.24,49.93,TRADE
NSW1,2012/12/21 10:00,8954.61,49.83,TRADE
NSW1,2012/12/21 10:30,8922.55,49.81,TRADE
NSW1,2012/12/21 11:00,8917.93,49.81,TRADE
NSW1,2012/12/21 11:30,8851.69,49.79,TRADE
NSW1,2012/12/21 12:00,8768.26,49.79,TRADE
NSW1,2012/12/21 12:30,8754.62,49.8,TRADE
NSW1,2012/12/21 13:00,8675.14,49.79,TRADE
NSW1,2012/12/21 13:30,8653.76,49.54,TRADE
NSW1,2012/12/21 14:00,8674.21,49.78,TRADE
NSW1,2012/12/21 14:30,8632.76,49.77,TRADE
NSW1,2012/12/21 15:00,8601.71,49.76,TRADE
NSW1,2012/12/21 15:30,8633.4,49.8,TRADE
NSW1,2012/12/21 16:00,8653.03,49.82,TRADE
NSW1,2012/12/21 16:30,8553.38,48.68,TRADE
NSW1,2012/12/21 17:00,8479.99,49.5,TRADE
NSW1,2012/12/21 17:30,8242.26,48.84,TRADE
NSW1,2012/12/21 18:00,8060.85,48.03,TRADE
NSW1,2012/12/21 18:30,7910.38,48.09,TRADE
NSW1,2012/12/21 19:00,7896.83,49.02,TRADE
NSW1,2012/12/21 19:30,7938.23,49.81,TRADE
NSW1,2012/12/21 20:00,8012.27,49.83,TRADE
NSW1,2012/12/21 20:30,7923.34,49.5,TRADE
NSW1,2012/12/21 21:00,7772.22,49.7,TRADE
NSW1,2012/12/21 21:30,7827.86,49.67,TRADE
NSW1,2012/12/21 22:00,7725.85,49.29,TRADE
NSW1,2012/12/21 22:30,7740.41,50.8,TRADE
NSW1,2012/12/21 23:00,7628.46,50,TRADE
NSW1,2012/12/21 23:30,7443.34,50.5,TRADE
NSW1,2012/12/22 0:00,7251.03,51.01,TRADE
NSW1,2012/12/22 0:30,7029.16,50.74,TRADE
NSW1,2012/12/22 1:00,6769.66,50.47,TRADE
NSW1,2012/12/22 1:30,6476.64,49.72,TRADE
NSW1,2012/12/22 2:00,6227.45,47.35,TRADE
NSW1,2012/12/22 2:30,6048.48,48.58,TRADE
NSW1,2012/12/22 3:00,5985.04,49.4,TRADE
NSW1,2012/12/22 3:30,5943.44,48.99,TRADE
NSW1,2012/12/22 4:00,5962.77,49.39,TRADE
NSW1,2012/12/22 4:30,6032.08,47.59,TRADE
NSW1,2012/12/22 5:00,6065.4,48.1,TRADE
NSW1,2012/12/22 5:30,6195.81,48.49,TRADE
NSW1,2012/12/22 6:00,6370.91,49.37,TRADE
NSW1,2012/12/22 6:30,6631.54,48.38,TRADE
NSW1,2012/12/22 7:00,6989.96,49.77,TRADE
NSW1,2012/12/22 7:30,7382.68,49.56,TRADE
NSW1,2012/12/22 8:00,7649.07,49.82,TRADE
NSW1,2012/12/22 8:30,7924.64,49.82,TRADE
NSW1,2012/12/22 9:00,7978.73,49.78,TRADE
NSW1,2012/12/22 9:30,8102.56,49.85,TRADE
NSW1,2012/12/22 10:00,8108.66,49.83,TRADE
NSW1,2012/12/22 10:30,8112.9,49.83,TRADE
NSW1,2012/12/22 11:00,8155.54,49.83,TRADE
NSW1,2012/12/22 11:30,8126.82,49.83,TRADE
NSW1,2012/12/22 12:00,8101.46,49.83,TRADE
NSW1,2012/12/22 12:30,8093.68,49.83,TRADE
NSW1,2012/12/22 13:00,8111.68,49.83,TRADE
NSW1,2012/12/22 13:30,8110.72,49.83,TRADE
NSW1,2012/12/22 14:00,8094.71,49.83,TRADE
NSW1,2012/12/22 14:30,8213.33,50.06,TRADE
NSW1,2012/12/22 15:00,8299.5,50,TRADE
NSW1,2012/12/22 15:30,8444.46,50.61,TRADE
NSW1,2012/12/22 16:00,8566.73,51.4,TRADE
NSW1,2012/12/22 16:30,8601.77,52.19,TRADE
NSW1,2012/12/22 17:00,8625.01,51.64,TRADE
NSW1,2012/12/22 17:30,8554.97,51.15,TRADE
NSW1,2012/12/22 18:00,8498.71,51.88,TRADE
NSW1,2012/12/22 18:30,8339.03,50.03,TRADE
NSW1,2012/12/22 19:00,8214.44,49.83,TRADE
NSW1,2012/12/22 19:30,8201.98,49.95,TRADE
NSW1,2012/12/22 20:00,8288.42,49.96,TRADE
NSW1,2012/12/22 20:30,8151,49.83,TRADE
NSW1,2012/12/22 21:00,8071.17,49.82,TRADE
NSW1,2012/12/22 21:30,7977.15,49.82,TRADE
NSW1,2012/12/22 22:00,7835.54,49.78,TRADE
NSW1,2012/12/22 22:30,7735.06,51.55,TRADE
NSW1,2012/12/22 23:00,7516.6,49.74,TRADE
NSW1,2012/12/22 23:30,7250.1,49.51,TRADE
NSW1,2012/12/23 0:00,7039.55,48.54,TRADE
NSW1,2012/12/23 0:30,6854.5,48.73,TRADE
NSW1,2012/12/23 1:00,6656.7,48.67,TRADE
NSW1,2012/12/23 1:30,6384.47,46.84,TRADE
NSW1,2012/12/23 2:00,6228.3,46.71,TRADE
NSW1,2012/12/23 2:30,6051.97,47.64,TRADE
NSW1,2012/12/23 3:00,6028.08,48.01,TRADE
NSW1,2012/12/23 3:30,5944.04,48.01,TRADE
NSW1,2012/12/23 4:00,5929.45,47.92,TRADE
NSW1,2012/12/23 4:30,6021.27,47.97,TRADE
NSW1,2012/12/23 5:00,5968.12,45.98,TRADE
NSW1,2012/12/23 5:30,6099.6,46.81,TRADE
NSW1,2012/12/23 6:00,6262.64,47.99,TRADE
NSW1,2012/12/23 6:30,6565.33,46.95,TRADE
NSW1,2012/12/23 7:00,6842.23,47.92,TRADE
NSW1,2012/12/23 7:30,7188.41,46.52,TRADE
NSW1,2012/12/23 8:00,7538.69,48.69,TRADE
NSW1,2012/12/23 8:30,7854.53,49.73,TRADE
NSW1,2012/12/23 9:00,8102.31,49.92,TRADE
NSW1,2012/12/23 9:30,8330.73,49.82,TRADE
NSW1,2012/12/23 10:00,8539.82,50.21,TRADE
NSW1,2012/12/23 10:30,8697.98,49.9,TRADE
NSW1,2012/12/23 11:00,8848.6,50.29,TRADE
NSW1,2012/12/23 11:30,9045.37,50.25,TRADE
NSW1,2012/12/23 12:00,9172.37,50.04,TRADE
NSW1,2012/12/23 12:30,9216.86,49.83,TRADE
NSW1,2012/12/23 13:00,9362.6,50.52,TRADE
NSW1,2012/12/23 13:30,9493.37,50.77,TRADE
NSW1,2012/12/23 14:00,9530.81,51.41,TRADE
NSW1,2012/12/23 14:30,9626.44,51.03,TRADE
NSW1,2012/12/23 15:00,9679.33,49.99,TRADE
NSW1,2012/12/23 15:30,9659.06,49.82,TRADE
NSW1,2012/12/23 16:00,9501.7,49.83,TRADE
NSW1,2012/12/23 16:30,9265.24,49.82,TRADE
NSW1,2012/12/23 17:00,9235.88,52.5,TRADE
NSW1,2012/12/23 17:30,9115.91,51.22,TRADE
NSW1,2012/12/23 18:00,8959.47,50.51,TRADE
NSW1,2012/12/23 18:30,8746.97,49.77,TRADE
NSW1,2012/12/23 19:00,8756.39,50.75,TRADE
NSW1,2012/12/23 19:30,8836.13,54.52,TRADE
NSW1,2012/12/23 20:00,8813.84,53.69,TRADE
NSW1,2012/12/23 20:30,8601.83,51.89,TRADE
NSW1,2012/12/23 21:00,8297.03,49.33,TRADE
NSW1,2012/12/23 21:30,8198.5,49.96,TRADE
NSW1,2012/12/23 22:00,7961.01,49.67,TRADE
NSW1,2012/12/23 22:30,7786.6,52.16,TRADE
NSW1,2012/12/23 23:00,7467.83,49.68,TRADE
NSW1,2012/12/23 23:30,7179.88,50,TRADE
NSW1,2012/12/24 0:00,6953.44,50.71,TRADE
NSW1,2012/12/24 0:30,6718.72,49.58,TRADE
NSW1,2012/12/24 1:00,6532.24,49.52,TRADE
NSW1,2012/12/24 1:30,6259.65,47.64,TRADE
NSW1,2012/12/24 2:00,6110.99,47.19,TRADE
NSW1,2012/12/24 2:30,5978.36,47.95,TRADE
NSW1,2012/12/24 3:00,5937.69,47.9,TRADE
NSW1,2012/12/24 3:30,5888.03,47.68,TRADE
NSW1,2012/12/24 4:00,5843.55,47.35,TRADE
NSW1,2012/12/24 4:30,5996.09,47.73,TRADE
NSW1,2012/12/24 5:00,6118.7,48.01,TRADE
NSW1,2012/12/24 5:30,6416.34,50.71,TRADE
NSW1,2012/12/24 6:00,6788.71,50.27,TRADE
NSW1,2012/12/24 6:30,7140.7,48.9,TRADE
NSW1,2012/12/24 7:00,7640.08,49.85,TRADE
NSW1,2012/12/24 7:30,8009.13,49.77,TRADE
NSW1,2012/12/24 8:00,8424.72,51.37,TRADE
NSW1,2012/12/24 8:30,8776.08,51.94,TRADE
NSW1,2012/12/24 9:00,8994.89,52.25,TRADE
NSW1,2012/12/24 9:30,9246.18,51.94,TRADE
NSW1,2012/12/24 10:00,9427.16,52.1,TRADE
NSW1,2012/12/24 10:30,9540.68,51.95,TRADE
NSW1,2012/12/24 11:00,9732.02,51.97,TRADE
NSW1,2012/12/24 11:30,9890.29,51.94,TRADE
NSW1,2012/12/24 12:00,10075.46,52,TRADE
NSW1,2012/12/24 12:30,10259.01,52,TRADE
NSW1,2012/12/24 13:00,10379.49,51.94,TRADE
NSW1,2012/12/24 13:30,10444.6,51.94,TRADE
NSW1,2012/12/24 14:00,10501.92,51.94,TRADE
NSW1,2012/12/24 14:30,10543.27,51.94,TRADE
NSW1,2012/12/24 15:00,10477.48,51.74,TRADE
NSW1,2012/12/24 15:30,10288.08,51.94,TRADE
NSW1,2012/12/24 16:00,10113.03,51.94,TRADE
NSW1,2012/12/24 16:30,9941.84,51.91,TRADE
NSW1,2012/12/24 17:00,9736.13,51.38,TRADE
NSW1,2012/12/24 17:30,9292.18,49.84,TRADE
NSW1,2012/12/24 18:00,8992.37,49.68,TRADE
NSW1,2012/12/24 18:30,8612.68,49.68,TRADE
NSW1,2012/12/24 19:00,8497.74,49.74,TRADE
NSW1,2012/12/24 19:30,8521.76,49.81,TRADE
NSW1,2012/12/24 20:00,8451.07,49.43,TRADE
NSW1,2012/12/24 20:30,8263.37,49.3,TRADE
NSW1,2012/12/24 21:00,7986.47,48.46,TRADE
NSW1,2012/12/24 21:30,8034.17,49.62,TRADE
NSW1,2012/12/24 22:00,7847.35,48.59,TRADE
NSW1,2012/12/24 22:30,7782.98,49.85,TRADE
NSW1,2012/12/24 23:00,7519.82,48.19,TRADE
NSW1,2012/12/24 23:30,7236.47,47.43,TRADE
NSW1,2012/12/25 0:00,7006.52,46.35,TRADE
NSW1,2012/12/25 0:30,6725.12,46.36,TRADE
NSW1,2012/12/25 1:00,6430.86,45.98,TRADE
NSW1,2012/12/25 1:30,6072.75,45.3,TRADE
NSW1,2012/12/25 2:00,5843.65,41.26,TRADE
NSW1,2012/12/25 2:30,5683.34,42.47,TRADE
NSW1,2012/12/25 3:00,5577.03,41.76,TRADE
NSW1,2012/12/25 3:30,5516.59,42.59,TRADE
NSW1,2012/12/25 4:00,5493.49,26.99,TRADE
NSW1,2012/12/25 4:30,5521.47,31.41,TRADE
NSW1,2012/12/25 5:00,5546.16,32.42,TRADE
NSW1,2012/12/25 5:30,5668.38,43.65,TRADE
NSW1,2012/12/25 6:00,5836.3,45.37,TRADE
NSW1,2012/12/25 6:30,5992.16,43.59,TRADE
NSW1,2012/12/25 7:00,6201.39,45.3,TRADE
NSW1,2012/12/25 7:30,6423.72,45.49,TRADE
NSW1,2012/12/25 8:00,6572.09,45.52,TRADE
NSW1,2012/12/25 8:30,6771.5,46.03,TRADE
NSW1,2012/12/25 9:00,6937.01,46.17,TRADE
NSW1,2012/12/25 9:30,6961.29,46.05,TRADE
NSW1,2012/12/25 10:00,6961.7,46.11,TRADE
NSW1,2012/12/25 10:30,6970.13,46.05,TRADE
NSW1,2012/12/25 11:00,6930.78,46.05,TRADE
NSW1,2012/12/25 11:30,6816.88,46.05,TRADE
NSW1,2012/12/25 12:00,6637.15,46.04,TRADE
NSW1,2012/12/25 12:30,6371.05,45.86,TRADE
NSW1,2012/12/25 13:00,6284.93,45.5,TRADE
NSW1,2012/12/25 13:30,6221.06,45.47,TRADE
NSW1,2012/12/25 14:00,6176.92,45.49,TRADE
NSW1,2012/12/25 14:30,6201.83,43.73,TRADE
NSW1,2012/12/25 15:00,6188.32,43.49,TRADE
NSW1,2012/12/25 15:30,6165.49,45.17,TRADE
NSW1,2012/12/25 16:00,6155.96,45.27,TRADE
NSW1,2012/12/25 16:30,6137.66,45.4,TRADE
NSW1,2012/12/25 17:00,6218.97,45.49,TRADE
NSW1,2012/12/25 17:30,6196.4,45.46,TRADE
NSW1,2012/12/25 18:00,6194.45,45.33,TRADE
NSW1,2012/12/25 18:30,6164.61,44.96,TRADE
NSW1,2012/12/25 19:00,6181.36,45.77,TRADE
NSW1,2012/12/25 19:30,6284.7,45.86,TRADE
NSW1,2012/12/25 20:00,6386.79,46.04,TRADE
NSW1,2012/12/25 20:30,6365.95,46.04,TRADE
NSW1,2012/12/25 21:00,6313.42,46.16,TRADE
NSW1,2012/12/25 21:30,6412.21,46.58,TRADE
NSW1,2012/12/25 22:00,6471.56,46.04,TRADE
NSW1,2012/12/25 22:30,6549.91,47.72,TRADE
NSW1,2012/12/25 23:00,6470.16,46.54,TRADE
NSW1,2012/12/25 23:30,6323.14,46.38,TRADE
NSW1,2012/12/26 0:00,6188.43,46.05,TRADE
NSW1,2012/12/26 0:30,6024.86,44.37,TRADE
NSW1,2012/12/26 1:00,5835.48,45.8,TRADE
NSW1,2012/12/26 1:30,5580.29,45.53,TRADE
NSW1,2012/12/26 2:00,5361.63,43.15,TRADE
NSW1,2012/12/26 2:30,5217.08,40.58,TRADE
NSW1,2012/12/26 3:00,5141.31,39.03,TRADE
NSW1,2012/12/26 3:30,5088.73,29.6,TRADE
NSW1,2012/12/26 4:00,5074.63,28.09,TRADE
NSW1,2012/12/26 4:30,5147.59,42.71,TRADE
NSW1,2012/12/26 5:00,5196.5,42.11,TRADE
NSW1,2012/12/26 5:30,5261.3,42.67,TRADE
NSW1,2012/12/26 6:00,5325.09,42.98,TRADE
NSW1,2012/12/26 6:30,5476.95,45.19,TRADE
NSW1,2012/12/26 7:00,5663.88,45.67,TRADE
NSW1,2012/12/26 7:30,5904.84,42.67,TRADE
NSW1,2012/12/26 8:00,6137.26,45.97,TRADE
NSW1,2012/12/26 8:30,6335.58,46.08,TRADE
NSW1,2012/12/26 9:00,6491.48,46.05,TRADE
NSW1,2012/12/26 9:30,6585.7,46.06,TRADE
NSW1,2012/12/26 10:00,6637.59,46.06,TRADE
NSW1,2012/12/26 10:30,6608.61,46.07,TRADE
NSW1,2012/12/26 11:00,6582.42,46.09,TRADE
NSW1,2012/12/26 11:30,6507.54,46.06,TRADE
NSW1,2012/12/26 12:00,6464.84,46.04,TRADE
NSW1,2012/12/26 12:30,6427.63,45.99,TRADE
NSW1,2012/12/26 13:00,6364.13,46.05,TRADE
NSW1,2012/12/26 13:30,6338.07,46.04,TRADE
NSW1,2012/12/26 14:00,6317.45,46.01,TRADE
NSW1,2012/12/26 14:30,6322.55,46.06,TRADE
NSW1,2012/12/26 15:00,6284.98,46,TRADE
NSW1,2012/12/26 15:30,6326.39,46.05,TRADE
NSW1,2012/12/26 16:00,6383.57,46.05,TRADE
NSW1,2012/12/26 16:30,6425.36,46.05,TRADE
NSW1,2012/12/26 17:00,6472.98,46.05,TRADE
NSW1,2012/12/26 17:30,6478.86,46.05,TRADE
NSW1,2012/12/26 18:00,6505.01,46.05,TRADE
NSW1,2012/12/26 18:30,6557.94,46.05,TRADE
NSW1,2012/12/26 19:00,6551.55,46.05,TRADE
NSW1,2012/12/26 19:30,6605.16,46.06,TRADE
NSW1,2012/12/26 20:00,6746.09,46.1,TRADE
NSW1,2012/12/26 20:30,6690.07,46.07,TRADE
NSW1,2012/12/26 21:00,6574.91,46,TRADE
NSW1,2012/12/26 21:30,6649.48,46.65,TRADE
NSW1,2012/12/26 22:00,6641.61,46.1,TRADE
NSW1,2012/12/26 22:30,6646.6,47.85,TRADE
NSW1,2012/12/26 23:00,6627.87,46.9,TRADE
NSW1,2012/12/26 23:30,6476.49,46.27,TRADE
NSW1,2012/12/27 0:00,6363.27,46.2,TRADE
NSW1,2012/12/27 0:30,6204.18,46.14,TRADE
NSW1,2012/12/27 1:00,6042.4,46.05,TRADE
NSW1,2012/12/27 1:30,5768.12,46.04,TRADE
NSW1,2012/12/27 2:00,5586.08,46,TRADE
NSW1,2012/12/27 2:30,5445.83,45.88,TRADE
NSW1,2012/12/27 3:00,5392.68,45.61,TRADE
NSW1,2012/12/27 3:30,5359.67,45.53,TRADE
NSW1,2012/12/27 4:00,5380.69,45.62,TRADE
NSW1,2012/12/27 4:30,5503.93,46.04,TRADE
NSW1,2012/12/27 5:00,5567.08,46.05,TRADE
NSW1,2012/12/27 5:30,5796.35,46.07,TRADE
NSW1,2012/12/27 6:00,6058.81,46.44,TRADE
NSW1,2012/12/27 6:30,6282.2,46.17,TRADE
NSW1,2012/12/27 7:00,6538.16,46.25,TRADE
NSW1,2012/12/27 7:30,6773.17,46.1,TRADE
NSW1,2012/12/27 8:00,6978.67,46.89,TRADE
NSW1,2012/12/27 8:30,7195.32,47.26,TRADE
NSW1,2012/12/27 9:00,7323.05,47.82,TRADE
NSW1,2012/12/27 9:30,7438.71,46.71,TRADE
NSW1,2012/12/27 10:00,7474.71,46.92,TRADE
NSW1,2012/12/27 10:30,7442.1,46.41,TRADE
NSW1,2012/12/27 11:00,7406.22,46.83,TRADE
NSW1,2012/12/27 11:30,7363.75,46.76,TRADE
NSW1,2012/12/27 12:00,7398.55,47.48,TRADE
NSW1,2012/12/27 12:30,7388.11,46.79,TRADE
NSW1,2012/12/27 13:00,7397.06,46.85,TRADE
NSW1,2012/12/27 13:30,7373.32,47.08,TRADE
NSW1,2012/12/27 14:00,7404.92,47.01,TRADE
NSW1,2012/12/27 14:30,7437.48,47.1,TRADE
NSW1,2012/12/27 15:00,7511.4,47.38,TRADE
NSW1,2012/12/27 15:30,7557.49,47.77,TRADE
NSW1,2012/12/27 16:00,7663.23,48.1,TRADE
NSW1,2012/12/27 16:30,7729.2,48.52,TRADE
NSW1,2012/12/27 17:00,7790.37,48.89,TRADE
NSW1,2012/12/27 17:30,7716.35,47.52,TRADE
NSW1,2012/12/27 18:00,7695.68,47.99,TRADE
NSW1,2012/12/27 18:30,7555.51,46.78,TRADE
NSW1,2012/12/27 19:00,7479.34,47.47,TRADE
NSW1,2012/12/27 19:30,7538.11,48.39,TRADE
NSW1,2012/12/27 20:00,7631.21,48.54,TRADE
NSW1,2012/12/27 20:30,7473.29,47.35,TRADE
NSW1,2012/12/27 21:00,7246.34,46.92,TRADE
NSW1,2012/12/27 21:30,7309.9,48.3,TRADE
NSW1,2012/12/27 22:00,7212.91,47.25,TRADE
NSW1,2012/12/27 22:30,7197.95,49.45,TRADE
NSW1,2012/12/27 23:00,7052.67,49.53,TRADE
NSW1,2012/12/27 23:30,6907.83,49.66,TRADE
NSW1,2012/12/28 0:00,6784.73,49.66,TRADE
NSW1,2012/12/28 0:30,6586.08,47.66,TRADE
NSW1,2012/12/28 1:00,6384.37,47.09,TRADE
NSW1,2012/12/28 1:30,6093.62,46.68,TRADE
NSW1,2012/12/28 2:00,5845.5,46.05,TRADE
NSW1,2012/12/28 2:30,5660.55,46.57,TRADE
NSW1,2012/12/28 3:00,5596.71,46.33,TRADE
NSW1,2012/12/28 3:30,5549.37,46.14,TRADE
NSW1,2012/12/28 4:00,5549.62,46.11,TRADE
NSW1,2012/12/28 4:30,5648.86,46.64,TRADE
NSW1,2012/12/28 5:00,5706.14,46.68,TRADE
NSW1,2012/12/28 5:30,5932.98,46.8,TRADE
NSW1,2012/12/28 6:00,6131.32,47.29,TRADE
NSW1,2012/12/28 6:30,6369.94,46.28,TRADE
NSW1,2012/12/28 7:00,6701.84,47.01,TRADE
NSW1,2012/12/28 7:30,6985.35,46.32,TRADE
NSW1,2012/12/28 8:00,7223.49,48.44,TRADE
NSW1,2012/12/28 8:30,7500.78,48.74,TRADE
NSW1,2012/12/28 9:00,7651.22,47.92,TRADE
NSW1,2012/12/28 9:30,7763.54,48.41,TRADE
NSW1,2012/12/28 10:00,7835.26,48.98,TRADE
NSW1,2012/12/28 10:30,7934.6,49.12,TRADE
NSW1,2012/12/28 11:00,8000.95,49.77,TRADE
NSW1,2012/12/28 11:30,8094.54,49.73,TRADE
NSW1,2012/12/28 12:00,8235.98,49.8,TRADE
NSW1,2012/12/28 12:30,8173.66,49.8,TRADE
NSW1,2012/12/28 13:00,8153.74,49.8,TRADE
NSW1,2012/12/28 13:30,8178.05,49.75,TRADE
NSW1,2012/12/28 14:00,8052.22,49.78,TRADE
NSW1,2012/12/28 14:30,7960.63,49.68,TRADE
NSW1,2012/12/28 15:00,8052.09,49.76,TRADE
NSW1,2012/12/28 15:30,8037.45,49.72,TRADE
NSW1,2012/12/28 16:00,7931.59,49.63,TRADE
NSW1,2012/12/28 16:30,7916.17,49.72,TRADE
NSW1,2012/12/28 17:00,7855.78,49.8,TRADE
NSW1,2012/12/28 17:30,7659.49,48.6,TRADE
NSW1,2012/12/28 18:00,7516.55,47.68,TRADE
NSW1,2012/12/28 18:30,7359.5,46.09,TRADE
NSW1,2012/12/28 19:00,7273.25,46.86,TRADE
NSW1,2012/12/28 19:30,7280.63,47.94,TRADE
NSW1,2012/12/28 20:00,7370.99,47.59,TRADE
NSW1,2012/12/28 20:30,7238.87,46.86,TRADE
NSW1,2012/12/28 21:00,7077.92,46.21,TRADE
NSW1,2012/12/28 21:30,7170.01,46.52,TRADE
NSW1,2012/12/28 22:00,7134.95,46.23,TRADE
NSW1,2012/12/28 22:30,7176.64,48.53,TRADE
NSW1,2012/12/28 23:00,7069.83,48.4,TRADE
NSW1,2012/12/28 23:30,6902.92,48.84,TRADE
NSW1,2012/12/29 0:00,6775.33,50.25,TRADE
NSW1,2012/12/29 0:30,6565.09,47.17,TRADE
NSW1,2012/12/29 1:00,6336.95,46.55,TRADE
NSW1,2012/12/29 1:30,6037.75,46.05,TRADE
NSW1,2012/12/29 2:00,5803.7,46.04,TRADE
NSW1,2012/12/29 2:30,5621.21,46.47,TRADE
NSW1,2012/12/29 3:00,5548.42,46.12,TRADE
NSW1,2012/12/29 3:30,5515.87,46.2,TRADE
NSW1,2012/12/29 4:00,5531.22,46.23,TRADE
NSW1,2012/12/29 4:30,5576.44,46.11,TRADE
NSW1,2012/12/29 5:00,5601.79,45.8,TRADE
NSW1,2012/12/29 5:30,5692.53,46.04,TRADE
NSW1,2012/12/29 6:00,5820.13,45.66,TRADE
NSW1,2012/12/29 6:30,6027.61,45.94,TRADE
NSW1,2012/12/29 7:00,6316.77,46.04,TRADE
NSW1,2012/12/29 7:30,6645.58,46.11,TRADE
NSW1,2012/12/29 8:00,6911.8,46.08,TRADE
NSW1,2012/12/29 8:30,7142.3,46.2,TRADE
NSW1,2012/12/29 9:00,7201.29,46.69,TRADE
NSW1,2012/12/29 9:30,7281.4,46.53,TRADE
NSW1,2012/12/29 10:00,7258.04,46.37,TRADE
NSW1,2012/12/29 10:30,7242.25,46.1,TRADE
NSW1,2012/12/29 11:00,7242.55,46.1,TRADE
NSW1,2012/12/29 11:30,7172.07,46.1,TRADE
NSW1,2012/12/29 12:00,7142.04,46.1,TRADE
NSW1,2012/12/29 12:30,7108,46.09,TRADE
NSW1,2012/12/29 13:00,7111.04,46.1,TRADE
NSW1,2012/12/29 13:30,7117.45,46.1,TRADE
NSW1,2012/12/29 14:00,7130.24,46.09,TRADE
NSW1,2012/12/29 14:30,7209.78,46.1,TRADE
NSW1,2012/12/29 15:00,7279.35,46.58,TRADE
NSW1,2012/12/29 15:30,7335.61,47.44,TRADE
NSW1,2012/12/29 16:00,7426.61,48.68,TRADE
NSW1,2012/12/29 16:30,7375.85,47.39,TRADE
NSW1,2012/12/29 17:00,7421.8,48.56,TRADE
NSW1,2012/12/29 17:30,7413.53,47.94,TRADE
NSW1,2012/12/29 18:00,7421.09,48,TRADE
NSW1,2012/12/29 18:30,7294.74,47.08,TRADE
NSW1,2012/12/29 19:00,7190.25,46.9,TRADE
NSW1,2012/12/29 19:30,7221.17,47.06,TRADE
NSW1,2012/12/29 20:00,7362.72,47.66,TRADE
NSW1,2012/12/29 20:30,7248.86,47.43,TRADE
NSW1,2012/12/29 21:00,7123.96,46.94,TRADE
NSW1,2012/12/29 21:30,7091.42,48.32,TRADE
NSW1,2012/12/29 22:00,7021.59,47.54,TRADE
NSW1,2012/12/29 22:30,6958.25,49.13,TRADE
NSW1,2012/12/29 23:00,6761.85,48.7,TRADE
NSW1,2012/12/29 23:30,6536.18,49.37,TRADE
NSW1,2012/12/30 0:00,6458.18,48.65,TRADE
NSW1,2012/12/30 0:30,6252.63,46.04,TRADE
NSW1,2012/12/30 1:00,6107.69,46.05,TRADE
NSW1,2012/12/30 1:30,5850.42,46.05,TRADE
NSW1,2012/12/30 2:00,5659.58,46.05,TRADE
NSW1,2012/12/30 2:30,5513.47,46.32,TRADE
NSW1,2012/12/30 3:00,5455.24,46.24,TRADE
NSW1,2012/12/30 3:30,5450.93,45.72,TRADE
NSW1,2012/12/30 4:00,5432.02,46.04,TRADE
NSW1,2012/12/30 4:30,5488.66,46.05,TRADE
NSW1,2012/12/30 5:00,5527.79,46.05,TRADE
NSW1,2012/12/30 5:30,5561.42,46.05,TRADE
NSW1,2012/12/30 6:00,5679.77,45.79,TRADE
NSW1,2012/12/30 6:30,5871.86,46,TRADE
NSW1,2012/12/30 7:00,6137,46.04,TRADE
NSW1,2012/12/30 7:30,6381.15,45.9,TRADE
NSW1,2012/12/30 8:00,6607.75,45.8,TRADE
NSW1,2012/12/30 8:30,6854.38,46.05,TRADE
NSW1,2012/12/30 9:00,6976.94,46.05,TRADE
NSW1,2012/12/30 9:30,7091.12,46.05,TRADE
NSW1,2012/12/30 10:00,7091.01,46.05,TRADE
NSW1,2012/12/30 10:30,7117.18,46.05,TRADE
NSW1,2012/12/30 11:00,7124.13,46.05,TRADE
NSW1,2012/12/30 11:30,7142.38,46.21,TRADE
NSW1,2012/12/30 12:00,7129.08,46.05,TRADE
NSW1,2012/12/30 12:30,7114.34,46.05,TRADE
NSW1,2012/12/30 13:00,7109.84,46.05,TRADE
NSW1,2012/12/30 13:30,7039.68,46.05,TRADE
NSW1,2012/12/30 14:00,7045.48,46.05,TRADE
NSW1,2012/12/30 14:30,7055.08,46.05,TRADE
NSW1,2012/12/30 15:00,7161.09,46.11,TRADE
NSW1,2012/12/30 15:30,7175.27,46.1,TRADE
NSW1,2012/12/30 16:00,7215.76,46.59,TRADE
NSW1,2012/12/30 16:30,7199,46.39,TRADE
NSW1,2012/12/30 17:00,7288.07,46.85,TRADE
NSW1,2012/12/30 17:30,7293.5,46.68,TRADE
NSW1,2012/12/30 18:00,7294.4,46.44,TRADE
NSW1,2012/12/30 18:30,7208.44,46.1,TRADE
NSW1,2012/12/30 19:00,7160.07,46.11,TRADE
NSW1,2012/12/30 19:30,7249.4,47.44,TRADE
NSW1,2012/12/30 20:00,7324.85,46.87,TRADE
NSW1,2012/12/30 20:30,7246.49,46.43,TRADE
NSW1,2012/12/30 21:00,7104.51,46.07,TRADE
NSW1,2012/12/30 21:30,7062.08,46.7,TRADE
NSW1,2012/12/30 22:00,6949.53,46.3,TRADE
NSW1,2012/12/30 22:30,6915.32,47.65,TRADE
NSW1,2012/12/30 23:00,6723.12,46.78,TRADE
NSW1,2012/12/30 23:30,6533.21,46.05,TRADE
NSW1,2012/12/31 0:00,6350.48,46.04,TRADE
NSW1,2012/12/31 0:30,6249.35,46.04,TRADE
NSW1,2012/12/31 1:00,6086.47,46.04,TRADE
NSW1,2012/12/31 1:30,5834.27,46.04,TRADE
NSW1,2012/12/31 2:00,5664.29,46.04,TRADE
NSW1,2012/12/31 2:30,5569.3,45.8,TRADE
NSW1,2012/12/31 3:00,5552.48,46.03,TRADE
NSW1,2012/12/31 3:30,5549.13,45.96,TRADE
NSW1,2012/12/31 4:00,5530.52,46.04,TRADE
NSW1,2012/12/31 4:30,5690.94,45.93,TRADE
NSW1,2012/12/31 5:00,5740.43,46.04,TRADE
NSW1,2012/12/31 5:30,5966.32,46.06,TRADE
NSW1,2012/12/31 6:00,6180.4,46.21,TRADE
NSW1,2012/12/31 6:30,6455.2,45.83,TRADE
NSW1,2012/12/31 7:00,6827.02,46.1,TRADE
NSW1,2012/12/31 7:30,7146.17,46.11,TRADE
NSW1,2012/12/31 8:00,7420.08,46.5,TRADE
NSW1,2012/12/31 8:30,7652.19,47.04,TRADE
NSW1,2012/12/31 9:00,7771.42,46.77,TRADE
NSW1,2012/12/31 9:30,7827.55,46.85,TRADE
NSW1,2012/12/31 10:00,7878.39,46.88,TRADE
NSW1,2012/12/31 10:30,7906.3,47.16,TRADE
NSW1,2012/12/31 11:00,7999.69,46.97,TRADE
NSW1,2012/12/31 11:30,8064.39,47.16,TRADE
NSW1,2012/12/31 12:00,8181.58,47.52,TRADE
NSW1,2012/12/31 12:30,8251.36,47.87,TRADE
NSW1,2012/12/31 13:00,8325.67,48.07,TRADE
NSW1,2012/12/31 13:30,8396.93,48.68,TRADE
NSW1,2012/12/31 14:00,8589.39,49.8,TRADE
NSW1,2012/12/31 14:30,8749.01,49.81,TRADE
NSW1,2012/12/31 15:00,8875.07,49.81,TRADE
NSW1,2012/12/31 15:30,9053.66,49.74,TRADE
NSW1,2012/12/31 16:00,9190.87,49.82,TRADE
NSW1,2012/12/31 16:30,9205.53,49.92,TRADE
NSW1,2012/12/31 17:00,9128.42,49.77,TRADE
NSW1,2012/12/31 17:30,8773.7,49.03,TRADE
NSW1,2012/12/31 18:00,8540.04,49.19,TRADE
NSW1,2012/12/31 18:30,8257.19,47.39,TRADE
NSW1,2012/12/31 19:00,8030.79,46.5,TRADE
NSW1,2012/12/31 19:30,7899.65,47.02,TRADE
NSW1,2012/12/31 20:00,7859.08,46.79,TRADE
NSW1,2012/12/31 20:30,7710.79,46.34,TRADE
NSW1,2012/12/31 21:00,7607.7,46.1,TRADE
NSW1,2012/12/31 21:30,7786.19,48.01,TRADE
NSW1,2012/12/31 22:00,7760.85,46.9,TRADE
NSW1,2012/12/31 22:30,7794.36,49.5,TRADE
NSW1,2012/12/31 23:00,7684.05,49.16,TRADE
NSW1,2012/12/31 23:30,7450.3,49.97,TRADE
NSW1,2013/1/1 0:00,7359.19,49.44,TRADE
